13
ON743042_Megalocytivirus_pagrus1_RSIV                    0.0000000 0.0134222 0.0270327 0.0000010 0.0270327 1.3371085 0.0406713 0.4081283 1.3371085 0.0407109 0.0407109 0.0269363 0.0269363 
GQ273492_Megalocytivirus_pagrus1_TRBIV                   0.0134222 0.0000000 0.0134649 0.0134222 0.0134649 1.3233173 0.0270114 0.3889415 1.3233173 0.0270389 0.0270389 0.0134165 0.0134165 
MT128666_Megalocytivirus_pagrus1_ISKNV                   0.0270327 0.0134649 0.0000000 0.0270327 0.0000010 1.3109940 0.0134443 0.3692744 1.3109940 0.0134585 0.0134585 0.0270226 0.0270226 
ON740976_Megalocytivirus_pagrus1_RSIV                    0.0000010 0.0134222 0.0270327 0.0000000 0.0270327 1.3371085 0.0406713 0.4081283 1.3371085 0.0407109 0.0407109 0.0269363 0.0269363 
MW883600_Megalocytivirus_pagrus1_ISKNV                   0.0270327 0.0134649 0.0000010 0.0270327 0.0000000 1.3109940 0.0134443 0.3692744 1.3109940 0.0134585 0.0134585 0.0270226 0.0270226 
MN562489_Megalocytivirus_lates1_SDDV                     1.3371085 1.3233173 1.3109940 1.3371085 1.3109940 0.0000000 1.3495310 1.2079774 0.0000010 1.3220645 1.3220645 1.3262590 1.3262590 
MW273354_Megalocytivirus_pagrus1_ISKNV                   0.0406713 0.0270114 0.0134443 0.0406713 0.0134443 1.3495310 0.0000000 0.3883487 1.3495310 0.0269975 0.0269975 0.0406586 0.0406586 
PQ335173_PQ335174_Threespine_stickleback_iridovirus_TSIV 0.4081283 0.3889415 0.3692744 0.4081283 0.3692744 1.2079774 0.3883487 0.0000000 1.2079774 0.3881424 0.3881424 0.4089772 0.4089772 
MT521409_Megalocytivirus_lates1_SDDV                     1.3371085 1.3233173 1.3109940 1.3371085 1.3109940 0.0000010 1.3495310 1.2079774 0.0000000 1.3220645 1.3220645 1.3262590 1.3262590 
OP009387_Megalocytivirus_pagrus1_ISKNV                   0.0407109 0.0270389 0.0134585 0.0407109 0.0134585 1.3220645 0.0269975 0.3881424 1.3220645 0.0000000 0.0000010 0.0406982 0.0406982 
MN432490_Megalocytivirus_pagrus1_ISKNV                   0.0407109 0.0270389 0.0134585 0.0407109 0.0134585 1.3220645 0.0269975 0.3881424 1.3220645 0.0000010 0.0000000 0.0406982 0.0406982 
MG570132_Megalocytivirus_pagrus1_TRBIV                   0.0269363 0.0134165 0.0270226 0.0269363 0.0270226 1.3262590 0.0406586 0.4089772 1.3262590 0.0406982 0.0406982 0.0000000 0.0000010 
MG570131_Megalocytivirus_pagrus1_TRBIV                   0.0269363 0.0134165 0.0270226 0.0269363 0.0270226 1.3262590 0.0406586 0.4089772 1.3262590 0.0406982 0.0406982 0.0000010 0.0000000 
