14
MK637631_European_chub_iridovirus_ECIV                   0.0000000 1.5388701 1.5196349 1.5019322 1.5388701 1.5019322 0.5067821 1.5543699 1.5225598 0.5067821 1.4848755 1.4848755 1.5253807 1.5253807 
ON743042_Megalocytivirus_pagrus1_RSIV                    1.5388701 0.0000000 0.0138133 0.0278258 0.0000010 0.0278258 1.3915345 0.0418680 0.4242726 1.3915345 0.0419071 0.0419071 0.0277288 0.0277288 
GQ273492_Megalocytivirus_pagrus1_TRBIV                   1.5196349 0.0138133 0.0000000 0.0138587 0.0138133 0.0138587 1.3765424 0.0278048 0.4043680 1.3765424 0.0278320 0.0278320 0.0138098 0.0138098 
MT128666_Megalocytivirus_pagrus1_ISKNV                   1.5019322 0.0278258 0.0138587 0.0000000 0.0278258 0.0000010 1.3630316 0.0138364 0.3838708 1.3630316 0.0138506 0.0138506 0.0278204 0.0278204 
ON740976_Megalocytivirus_pagrus1_RSIV                    1.5388701 0.0000010 0.0138133 0.0278258 0.0000000 0.0278258 1.3915345 0.0418680 0.4242726 1.3915345 0.0419071 0.0419071 0.0277288 0.0277288 
MW883600_Megalocytivirus_pagrus1_ISKNV                   1.5019322 0.0278258 0.0138587 0.0000010 0.0278258 0.0000000 1.3630316 0.0138364 0.3838708 1.3630316 0.0138506 0.0138506 0.0278204 0.0278204 
MN562489_Megalocytivirus_lates1_SDDV                     0.5067821 1.3915345 1.3765424 1.3630316 1.3915345 1.3630316 0.0000000 1.4046059 1.2595853 0.0000010 1.3723028 1.3723028 1.3801233 1.3801233 
MW273354_Megalocytivirus_pagrus1_ISKNV                   1.5543699 0.0418680 0.0278048 0.0138364 0.0418680 0.0138364 1.4046059 0.0000000 0.4037141 1.4046059 0.0277875 0.0277875 0.0418627 0.0418627 
PQ335173_PQ335174_Threespine_stickleback_iridovirus_TSIV 1.5225598 0.4242726 0.4043680 0.3838708 0.4242726 0.3838708 1.2595853 0.4037141 0.0000000 1.2595853 0.4034109 0.4034109 0.4253754 0.4253754 
MT521409_Megalocytivirus_lates1_SDDV                     0.5067821 1.3915345 1.3765424 1.3630316 1.3915345 1.3630316 0.0000010 1.4046059 1.2595853 0.0000000 1.3723028 1.3723028 1.3801233 1.3801233 
OP009387_Megalocytivirus_pagrus1_ISKNV                   1.4848755 0.0419071 0.0278320 0.0138506 0.0419071 0.0138506 1.3723028 0.0277875 0.4034109 1.3723028 0.0000000 0.0000010 0.0419018 0.0419018 
MN432490_Megalocytivirus_pagrus1_ISKNV                   1.4848755 0.0419071 0.0278320 0.0138506 0.0419071 0.0138506 1.3723028 0.0277875 0.4034109 1.3723028 0.0000010 0.0000000 0.0419018 0.0419018 
MG570132_Megalocytivirus_pagrus1_TRBIV                   1.5253807 0.0277288 0.0138098 0.0278204 0.0277288 0.0278204 1.3801233 0.0418627 0.4253754 1.3801233 0.0419018 0.0419018 0.0000000 0.0000010 
MG570131_Megalocytivirus_pagrus1_TRBIV                   1.5253807 0.0277288 0.0138098 0.0278204 0.0277288 0.0278204 1.3801233 0.0418627 0.4253754 1.3801233 0.0419018 0.0419018 0.0000010 0.0000000 
