11
AF371960_AF371960.1_00108 0.0000000 0.1126292 0.1381150 0.0648090 0.1126292 0.0840758 0.0620458 0.1381150 0.0000010 0.0198596 0.0198596 
AY894343_MK689686.1_00106 0.1126292 0.0000000 0.0193978 0.0920988 0.0000010 0.0884172 0.0881638 0.0193978 0.1126292 0.0866999 0.0866999 
BD143114_MK689686.1_00106 0.1381150 0.0193978 0.0000000 0.1175835 0.0193978 0.1130124 0.1126941 0.0000010 0.1381150 0.1107832 0.1107832 
GQ273492_ORF100R_refgen   0.0648090 0.0920988 0.1175835 0.0000000 0.0920988 0.0642142 0.0421307 0.1175835 0.0648090 0.0414563 0.0414563 
KC244182_MK689686.1_00106 0.1126292 0.0000010 0.0193978 0.0920988 0.0000000 0.0884172 0.0881638 0.0193978 0.1126292 0.0866999 0.0866999 
MG570131_MG570131.1_00104 0.0840758 0.0884172 0.1130124 0.0642142 0.0884172 0.0000000 0.0197145 0.1130124 0.0840758 0.0605227 0.0605227 
MG570132_MG570132.1_00104 0.0620458 0.0881638 0.1126941 0.0421307 0.0881638 0.0197145 0.0000000 0.1126941 0.0620458 0.0396704 0.0396704 
MK098185_MK689686.1_00106 0.1381150 0.0193978 0.0000010 0.1175835 0.0193978 0.1130124 0.1126941 0.0000000 0.1381150 0.1107832 0.1107832 
MK689685_AF371960.1_00108 0.0000010 0.1126292 0.1381150 0.0648090 0.1126292 0.0840758 0.0620458 0.1381150 0.0000000 0.0198596 0.0198596 
MN432490_AF371960.1_00108 0.0198596 0.0866999 0.1107832 0.0414563 0.0866999 0.0605227 0.0396704 0.1107832 0.0198596 0.0000000 0.0000010 
MT986830_AF371960.1_00108 0.0198596 0.0866999 0.1107832 0.0414563 0.0866999 0.0605227 0.0396704 0.1107832 0.0198596 0.0000010 0.0000000 
