27
AF303741_AF303741.1_00081          0.0000000 3.1552727 2.8364884 3.1545102 3.1533036 3.1388357 1.8186086 0.8502417 3.1545102 2.0011535 3.0160697 4.3239762 2.3423861 3.1373423 3.1373423 3.1533036 3.1650741 3.1428454 2.8808954 3.0014013 2.8808954 3.1552727 3.1483841 2.7980428 3.1607949 3.1607949 3.1483841 
AF371960_AF371960.1_00107          3.1552727 0.0000000 1.8463807 0.0232852 0.0255344 0.0245071 3.0154944 2.8292934 0.0232852 2.8782798 1.7975322 4.5772819 2.1387677 0.0256180 0.0256180 0.0255344 0.0010914 0.0032799 0.9471296 1.8106523 0.9471296 0.0000010 0.0010911 1.8182510 0.0266910 0.0266910 0.0010911 
AY521625_AY521625.1_00047          2.8364884 1.8463807 0.0000000 1.8518186 1.8566778 1.8687586 2.7544669 2.7219056 1.8518186 2.3901123 1.5357204 4.5024588 2.0641454 1.8704733 1.8704733 1.8566778 1.8486750 1.8494520 1.9082733 1.4973533 1.9082733 1.8463807 1.8498859 0.3692158 1.8607286 1.8607286 1.8498859 
AY894343_MK689686.1_00105          3.1545102 0.0232852 1.8518186 0.0000000 0.0076464 0.0199240 3.0131007 2.8274795 0.0000010 2.8816706 1.7983283 4.5553225 2.1395632 0.0210285 0.0210285 0.0076464 0.0244086 0.0210507 0.9400778 1.8014715 0.9400778 0.0232852 0.0221653 1.8282189 0.0087540 0.0087540 0.0221653 
BD143114_MK689686.1_00105          3.1533036 0.0255344 1.8566778 0.0076464 0.0000000 0.0210061 3.0165268 2.8315050 0.0076464 2.8755611 1.7957892 4.5696458 2.1411576 0.0221092 0.0221092 0.0000010 0.0266606 0.0232954 0.9356490 1.7989142 0.9356490 0.0255344 0.0244121 1.8250456 0.0010885 0.0010885 0.0244121 
GQ273492_GQ273492.1_00103          3.1388357 0.0245071 1.8687586 0.0199240 0.0210061 0.0000000 3.0200400 2.8074104 0.0199240 2.8475349 1.7732131 4.5697173 2.1359759 0.0076774 0.0076774 0.0210061 0.0256365 0.0222615 0.9426090 1.7946389 0.9426090 0.0245071 0.0233816 1.8348603 0.0221502 0.0221502 0.0233816 
HF920633_HF920633.1_00003          1.8186086 3.0154944 2.7544669 3.0131007 3.0165268 3.0200400 0.0000000 1.6783793 3.0131007 0.5285713 2.6626577 4.4974151 2.0809179 3.0187825 3.0187825 3.0165268 3.0169209 3.0124775 2.5684215 2.7637353 2.5684215 3.0154944 3.0088697 2.6758732 3.0236205 3.0236205 3.0088697 
HF920637_HF920637.1_00111          0.8502417 2.8292934 2.7219056 2.8274795 2.8315050 2.8074104 1.6783793 0.0000000 2.8274795 1.8265837 2.6021169 4.4682352 2.1509500 2.8174969 2.8174969 2.8315050 2.8351994 2.8230218 2.6102671 2.6119724 2.6102671 2.8292934 2.8230218 2.6591967 2.8381279 2.8381279 2.8230218 
KC244182_MK689686.1_00105          3.1545102 0.0232852 1.8518186 0.0000010 0.0076464 0.0199240 3.0131007 2.8274795 0.0000000 2.8816706 1.7983283 4.5553225 2.1395632 0.0210285 0.0210285 0.0076464 0.0244086 0.0210507 0.9400778 1.8014715 0.9400778 0.0232852 0.0221653 1.8282189 0.0087540 0.0087540 0.0221653 
KF938901_KF938901.1_00025          2.0011535 2.8782798 2.3901123 2.8816706 2.8755611 2.8475349 0.5285713 1.8265837 2.8816706 0.0000000 2.4449199 4.7296793 2.2088023 2.8685244 2.8685244 2.8755611 2.8782798 2.8783870 2.4512828 2.4952430 2.4512828 2.8782798 2.8792045 2.3460625 2.8755611 2.8755611 2.8792045 
KX643370_Lymph_LDV3_KX643370_00095 3.0160697 1.7975322 1.5357204 1.7983283 1.7957892 1.7732131 2.6626577 2.6021169 1.7983283 2.4449199 0.0000000 4.4903441 1.7533983 1.7779614 1.7779614 1.7957892 1.7998280 1.7989589 1.7274702 0.1474205 1.7274702 1.7975322 1.7981577 1.5297069 1.7994431 1.7994431 1.7981577 
LS484712_LS484712.1_00053          4.3239762 4.5772819 4.5024588 4.5553225 4.5696458 4.5697173 4.4974151 4.4682352 4.5553225 4.7296793 4.4903441 0.0000000 4.6009507 4.5633680 4.5633680 4.5696458 4.5791006 4.5768686 4.7078970 4.6690188 4.7078970 4.5772819 4.5772819 4.4048109 4.5696458 4.5696458 4.5772819 
MF599468_MF599468.1_00117          2.3423861 2.1387677 2.0641454 2.1395632 2.1411576 2.1359759 2.0809179 2.1509500 2.1395632 2.2088023 1.7533983 4.6009507 0.0000000 2.1402454 2.1402454 2.1411576 2.1414425 2.1417869 2.0103537 1.7637798 2.0103537 2.1387677 2.1394251 1.9339664 2.1461866 2.1461866 2.1394251 
MG570131_MG570131.1_00103          3.1373423 0.0256180 1.8704733 0.0210285 0.0221092 0.0076774 3.0187825 2.8174969 0.0210285 2.8685244 1.7779614 4.5633680 2.1402454 0.0000000 0.0000010 0.0221092 0.0267478 0.0233717 0.9419711 1.7936953 0.9419711 0.0256180 0.0244920 1.8366615 0.0232551 0.0232551 0.0244920 
MG570132_MG570132.1_00103          3.1373423 0.0256180 1.8704733 0.0210285 0.0221092 0.0076774 3.0187825 2.8174969 0.0210285 2.8685244 1.7779614 4.5633680 2.1402454 0.0000010 0.0000000 0.0221092 0.0267478 0.0233717 0.9419711 1.7936953 0.9419711 0.0256180 0.0244920 1.8366615 0.0232551 0.0232551 0.0244920 
MK098185_MK689686.1_00105          3.1533036 0.0255344 1.8566778 0.0076464 0.0000010 0.0210061 3.0165268 2.8315050 0.0076464 2.8755611 1.7957892 4.5696458 2.1411576 0.0221092 0.0221092 0.0000000 0.0266606 0.0232954 0.9356490 1.7989142 0.9356490 0.0255344 0.0244121 1.8250456 0.0010885 0.0010885 0.0244121 
MK689685_AF371960.1_00107          3.1650741 0.0010914 1.8486750 0.0244086 0.0266606 0.0256365 3.0169209 2.8351994 0.0244086 2.8782798 1.7998280 4.5791006 2.1414425 0.0267478 0.0267478 0.0266606 0.0000000 0.0043758 0.9478331 1.8129706 0.9478331 0.0010914 0.0021835 1.8204949 0.0278198 0.0278198 0.0021835 
MN432490_AF371960.1_00107          3.1428454 0.0032799 1.8494520 0.0210507 0.0232954 0.0222615 3.0124775 2.8230218 0.0210507 2.8783870 1.7989589 4.5768686 2.1417869 0.0233717 0.0233717 0.0232954 0.0043758 0.0000000 0.9469317 1.8120923 0.9469317 0.0032799 0.0021855 1.8221238 0.0244472 0.0244472 0.0021855 
MN562489_OM037668.1_00073          2.8808954 0.9471296 1.9082733 0.9400778 0.9356490 0.9426090 2.5684215 2.6102671 0.9400778 2.4512828 1.7274702 4.7078970 2.0103537 0.9419711 0.9419711 0.9356490 0.9478331 0.9469317 0.0000000 1.7084715 0.0000010 0.9471296 0.9475806 1.8747305 0.9396847 0.9396847 0.9475806 
MN803438_MN803438.1_00051          3.0014013 1.8106523 1.4973533 1.8014715 1.7989142 1.7946389 2.7637353 2.6119724 1.8014715 2.4952430 0.1474205 4.6690188 1.7637798 1.7936953 1.7936953 1.7989142 1.8129706 1.8120923 1.7084715 0.0000000 1.7084715 1.8106523 1.8112814 1.4710732 1.8025913 1.8025913 1.8112814 
MT521409_OM037668.1_00073          2.8808954 0.9471296 1.9082733 0.9400778 0.9356490 0.9426090 2.5684215 2.6102671 0.9400778 2.4512828 1.7274702 4.7078970 2.0103537 0.9419711 0.9419711 0.9356490 0.9478331 0.9469317 0.0000010 1.7084715 0.0000000 0.9471296 0.9475806 1.8747305 0.9396847 0.9396847 0.9475806 
MT926123_AF371960.1_00107          3.1552727 0.0000010 1.8463807 0.0232852 0.0255344 0.0245071 3.0154944 2.8292934 0.0232852 2.8782798 1.7975322 4.5772819 2.1387677 0.0256180 0.0256180 0.0255344 0.0010914 0.0032799 0.9471296 1.8106523 0.9471296 0.0000000 0.0010911 1.8182510 0.0266910 0.0266910 0.0010911 
MT986830_AF371960.1_00107          3.1483841 0.0010911 1.8498859 0.0221653 0.0244121 0.0233816 3.0088697 2.8230218 0.0221653 2.8792045 1.7981577 4.5772819 2.1394251 0.0244920 0.0244920 0.0244121 0.0021835 0.0021855 0.9475806 1.8112814 0.9475806 0.0010911 0.0000000 1.8225470 0.0255662 0.0255662 0.0000010 
NC_005946_NC_005946.1_00023        2.7980428 1.8182510 0.3692158 1.8282189 1.8250456 1.8348603 2.6758732 2.6591967 1.8282189 2.3460625 1.5297069 4.4048109 1.9339664 1.8366615 1.8366615 1.8250456 1.8204949 1.8221238 1.8747305 1.4710732 1.8747305 1.8182510 1.8225470 0.0000000 1.8289933 1.8289933 1.8225470 
OL774653_MK689686.1_00105          3.1607949 0.0266910 1.8607286 0.0087540 0.0010885 0.0221502 3.0236205 2.8381279 0.0087540 2.8755611 1.7994431 4.5696458 2.1461866 0.0232551 0.0232551 0.0010885 0.0278198 0.0244472 0.9396847 1.8025913 0.9396847 0.0266910 0.0255662 1.8289933 0.0000000 0.0000010 0.0255662 
OL774654_MK689686.1_00105          3.1607949 0.0266910 1.8607286 0.0087540 0.0010885 0.0221502 3.0236205 2.8381279 0.0087540 2.8755611 1.7994431 4.5696458 2.1461866 0.0232551 0.0232551 0.0010885 0.0278198 0.0244472 0.9396847 1.8025913 0.9396847 0.0266910 0.0255662 1.8289933 0.0000010 0.0000000 0.0255662 
OP009387_AF371960.1_00107          3.1483841 0.0010911 1.8498859 0.0221653 0.0244121 0.0233816 3.0088697 2.8230218 0.0221653 2.8792045 1.7981577 4.5772819 2.1394251 0.0244920 0.0244920 0.0244121 0.0021835 0.0021855 0.9475806 1.8112814 0.9475806 0.0010911 0.0000010 1.8225470 0.0255662 0.0255662 0.0000000 
