22
MW883599_Megalocytivirus_pagrus1_ISKNV    0.0000000 0.0993191 0.1456671 0.0988126 0.0988126 0.0042643 0.0000010 0.0993191 0.1456671 0.1015319 0.0263945 0.0021299 0.0021296 0.1277198 0.0263945 0.0021296 0.1019999 0.0021348 0.0021309 0.0021348 0.0021305 0.0966541 
KC244182_Megalocytivirus_pagrus1_RSIV     0.0993191 0.0000000 0.1142553 0.0235366 0.0235366 0.1042696 0.0993191 0.0000010 0.1142553 0.0105852 0.1021783 0.1018268 0.0968536 0.1025502 0.1021783 0.0968536 0.0021044 0.1020820 0.1018947 0.1020820 0.1018739 0.0021055 
MG570131_Megalocytivirus_pagrus1_TRBIV    0.1456671 0.1142553 0.0000000 0.1190002 0.1190002 0.1509715 0.1456671 0.1142553 0.0000010 0.1116263 0.1465958 0.1483725 0.1452556 0.0652349 0.1465958 0.1452556 0.1170172 0.1460056 0.1484878 0.1460056 0.1484572 0.1115185 
BD143114_Megalocytivirus_pagrus1_RSIV     0.0988126 0.0235366 0.1190002 0.0000000 0.0000010 0.1037420 0.0988126 0.0235366 0.1190002 0.0127478 0.1050389 0.1013094 0.1012968 0.1079435 0.1050389 0.1012968 0.0257510 0.1015623 0.1013767 0.1015623 0.1013560 0.0213276 
OQ475017_Megalocytivirus_pagrus1_RSIV     0.0988126 0.0235366 0.1190002 0.0000010 0.0000000 0.1037420 0.0988126 0.0235366 0.1190002 0.0127478 0.1050389 0.1013094 0.1012968 0.1079435 0.1050389 0.1012968 0.0257510 0.1015623 0.1013767 0.1015623 0.1013560 0.0213276 
PP151097_Megalocytivirus_pagrus1_ISKNV    0.0042643 0.1042696 0.1509715 0.1037420 0.1037420 0.0000000 0.0042643 0.1042696 0.1509715 0.1064792 0.0263631 0.0064066 0.0064059 0.1275498 0.0263631 0.0064059 0.1069721 0.0064215 0.0064097 0.0064215 0.0064085 0.1015856 
NC_003494_Megalocytivirus_pagrus1_ISKNV   0.0000010 0.0993191 0.1456671 0.0988126 0.0988126 0.0042643 0.0000000 0.0993191 0.1456671 0.1015319 0.0263945 0.0021299 0.0021296 0.1277198 0.0263945 0.0021296 0.1019999 0.0021348 0.0021309 0.0021348 0.0021305 0.0966541 
AY894343_Megalocytivirus_pagrus1_RSIV     0.0993191 0.0000010 0.1142553 0.0235366 0.0235366 0.1042696 0.0993191 0.0000000 0.1142553 0.0105852 0.1021783 0.1018268 0.0968536 0.1025502 0.1021783 0.0968536 0.0021044 0.1020820 0.1018947 0.1020820 0.1018739 0.0021055 
MG570132_Megalocytivirus_pagrus1_TRBIV    0.1456671 0.1142553 0.0000010 0.1190002 0.1190002 0.1509715 0.1456671 0.1142553 0.0000000 0.1116263 0.1465958 0.1483725 0.1452556 0.0652349 0.1465958 0.1452556 0.1170172 0.1460056 0.1484878 0.1460056 0.1484572 0.1115185 
ON740976_Megalocytivirus_pagrus1_RSIV     0.1015319 0.0105852 0.1116263 0.0127478 0.0127478 0.1064792 0.1015319 0.0105852 0.1116263 0.0000000 0.1043985 0.1040389 0.0990677 0.1028875 0.1043985 0.0990677 0.0127386 0.1042992 0.1041086 0.1042992 0.1040873 0.0084406 
MT986830_Megalocytivirus_pagrus1_ISKNV    0.0263945 0.1021783 0.1465958 0.1050389 0.1050389 0.0263631 0.0263945 0.1021783 0.1465958 0.1043985 0.0000000 0.0286387 0.0286352 0.1232188 0.0000010 0.0286352 0.1048829 0.0287065 0.0286536 0.0287065 0.0286480 0.0994914 
MW883600_Megalocytivirus_pagrus1_ISKNV    0.0021299 0.1018268 0.1483725 0.1013094 0.1013094 0.0064066 0.0021299 0.1018268 0.1483725 0.1040389 0.0286387 0.0000000 0.0042661 0.1303136 0.0286387 0.0042661 0.1045196 0.0042764 0.0042686 0.0042764 0.0042678 0.0991512 
OP896201_Megalocytivirus_pagrus1_ISKNV    0.0021296 0.0968536 0.1452556 0.1012968 0.1012968 0.0064059 0.0021296 0.0968536 0.1452556 0.0990677 0.0286352 0.0042661 0.0000000 0.1273552 0.0286352 0.0000010 0.0995233 0.0042759 0.0042681 0.0042759 0.0042673 0.0941979 
GQ273492_Megalocytivirus_pagrus1_TRBIV    0.1277198 0.1025502 0.0652349 0.1079435 0.1079435 0.1275498 0.1277198 0.1025502 0.0652349 0.1028875 0.1232188 0.1303136 0.1273552 0.0000000 0.1232188 0.1273552 0.1052153 0.1280116 0.1304080 0.1280116 0.1303815 0.0999022 
MN432490_Megalocytivirus_pagrus1_ISKNV    0.0263945 0.1021783 0.1465958 0.1050389 0.1050389 0.0263631 0.0263945 0.1021783 0.1465958 0.1043985 0.0000010 0.0286387 0.0286352 0.1232188 0.0000000 0.0286352 0.1048829 0.0287065 0.0286536 0.0287065 0.0286480 0.0994914 
OR356116_Megalocytivirus_pagrus1_ISKNV    0.0021296 0.0968536 0.1452556 0.1012968 0.1012968 0.0064059 0.0021296 0.0968536 0.1452556 0.0990677 0.0286352 0.0042661 0.0000010 0.1273552 0.0286352 0.0000000 0.0995233 0.0042759 0.0042681 0.0042759 0.0042673 0.0941979 
AP017456_Megalocytivirus_pagrus1_RSIV     0.1019999 0.0021044 0.1170172 0.0257510 0.0257510 0.1069721 0.1019999 0.0021044 0.1170172 0.0127386 0.1048829 0.1045196 0.0995233 0.1052153 0.1048829 0.0995233 0.0000000 0.1047824 0.1045900 0.1047824 0.1045686 0.0042229 
OR670976_Megalocytivirus_pagrus1_ISKNV    0.0021348 0.1020820 0.1460056 0.1015623 0.1015623 0.0064215 0.0021348 0.1020820 0.1460056 0.1042992 0.0287065 0.0042764 0.0042759 0.1280116 0.0287065 0.0042759 0.1047824 0.0000000 0.0042784 0.0000010 0.0042776 0.0993990 
MK689685_Megalocytivirus_pagrus1_ISKNV    0.0021309 0.1018947 0.1484878 0.1013767 0.1013767 0.0064097 0.0021309 0.1018947 0.1484878 0.1041086 0.0286536 0.0042686 0.0042681 0.1304080 0.0286536 0.0042681 0.1045900 0.0042784 0.0000000 0.0042784 0.0042698 0.0992168 
OQ513807_Megalocytivirus_pagrus1_ISKNV    0.0021348 0.1020820 0.1460056 0.1015623 0.1015623 0.0064215 0.0021348 0.1020820 0.1460056 0.1042992 0.0287065 0.0042764 0.0042759 0.1280116 0.0287065 0.0042759 0.1047824 0.0000010 0.0042784 0.0000000 0.0042776 0.0993990 
23043610005_Megalocytivirus_pagrus1_ISKNV 0.0021305 0.1018739 0.1484572 0.1013560 0.1013560 0.0064085 0.0021305 0.1018739 0.1484572 0.1040873 0.0286480 0.0042678 0.0042673 0.1303815 0.0286480 0.0042673 0.1045686 0.0042776 0.0042698 0.0042776 0.0000000 0.0991965 
MW883598_Megalocytivirus_pagrus1_RSIV     0.0966541 0.0021055 0.1115185 0.0213276 0.0213276 0.1015856 0.0966541 0.0021055 0.1115185 0.0084406 0.0994914 0.0991512 0.0941979 0.0999022 0.0994914 0.0941979 0.0042229 0.0993990 0.0992168 0.0993990 0.0991965 0.0000000 
