19
MK637631_European_chub_iridovirus_ECIV                   0.0000000 2.6184389 2.5850162 2.5850162 2.6184389 2.5935479 1.1415398 2.5935479 2.6051404 2.7781168 1.1415398 2.5413202 2.5413202 2.5591664 2.5815506 2.6093604 2.6051404 2.5815506 2.6347278 
AB104413_Megalocytivirus_pagrus1_RSIV                    2.6184389 0.0000000 0.0735873 0.0735873 0.0000010 0.0256885 2.6769517 0.0256885 0.0766563 1.2670778 2.6769517 0.0777288 0.0777288 0.0795598 0.0765393 0.0028266 0.0766563 0.0765393 0.0773793 
MW883602_Megalocytivirus_pagrus1_ISKNV                   2.5850162 0.0735873 0.0000000 0.0000010 0.0735873 0.0583436 2.6884100 0.0583436 0.0028417 1.2399839 2.6884100 0.0921840 0.0921840 0.0317848 0.0288688 0.0704720 0.0028417 0.0288688 0.0947315 
MT128666_Megalocytivirus_pagrus1_ISKNV                   2.5850162 0.0735873 0.0000010 0.0000000 0.0735873 0.0583436 2.6884100 0.0583436 0.0028417 1.2399839 2.6884100 0.0921840 0.0921840 0.0317848 0.0288688 0.0704720 0.0028417 0.0288688 0.0947315 
BD143114_Megalocytivirus_pagrus1_RSIV                    2.6184389 0.0000010 0.0735873 0.0735873 0.0000000 0.0256885 2.6769517 0.0256885 0.0766563 1.2670778 2.6769517 0.0777288 0.0777288 0.0795598 0.0765393 0.0028266 0.0766563 0.0765393 0.0773793 
MK689686_Megalocytivirus_pagrus1_RSIV                    2.5935479 0.0256885 0.0583436 0.0583436 0.0256885 0.0000000 2.6301620 0.0000010 0.0613600 1.2539170 2.6301620 0.0705998 0.0705998 0.0671543 0.0641730 0.0227808 0.0613600 0.0641730 0.0675030 
MN562489_Megalocytivirus_lates1_SDDV                     1.1415398 2.6769517 2.6884100 2.6884100 2.6769517 2.6301620 0.0000000 2.6301620 2.6884222 2.8664809 0.0000010 2.6326612 2.6326612 2.7100764 2.7105194 2.6499642 2.6884222 2.7105194 2.6774970 
OK042109_Megalocytivirus_pagrus1_RSIV                    2.5935479 0.0256885 0.0583436 0.0583436 0.0256885 0.0000010 2.6301620 0.0000000 0.0613600 1.2539170 2.6301620 0.0705998 0.0705998 0.0671543 0.0641730 0.0227808 0.0613600 0.0641730 0.0675030 
OR670976_Megalocytivirus_pagrus1_ISKNV                   2.6051404 0.0766563 0.0028417 0.0028417 0.0766563 0.0613600 2.6884222 0.0613600 0.0000000 1.2400121 2.6884222 0.0953123 0.0953123 0.0347304 0.0318070 0.0735282 0.0000010 0.0318070 0.0978520 
PQ335173_PQ335174_Threespine_stickleback_iridovirus_TSIV 2.7781168 1.2670778 1.2399839 1.2399839 1.2670778 1.2539170 2.8664809 1.2539170 1.2400121 0.0000000 2.8664809 1.2112639 1.2112639 1.2125366 1.2107568 1.2558413 1.2400121 1.2107568 1.2444896 
MT521409_Megalocytivirus_lates1_SDDV                     1.1415398 2.6769517 2.6884100 2.6884100 2.6769517 2.6301620 0.0000010 2.6301620 2.6884222 2.8664809 0.0000000 2.6326612 2.6326612 2.7100764 2.7105194 2.6499642 2.6884222 2.7105194 2.6774970 
MG570131_Megalocytivirus_pagrus1_TRBIV                   2.5413202 0.0777288 0.0921840 0.0921840 0.0777288 0.0705998 2.6326612 0.0705998 0.0953123 1.2112639 2.6326612 0.0000000 0.0000010 0.0935468 0.0904682 0.0745676 0.0953123 0.0904682 0.0403545 
MG570132_Megalocytivirus_pagrus1_TRBIV                   2.5413202 0.0777288 0.0921840 0.0921840 0.0777288 0.0705998 2.6326612 0.0705998 0.0953123 1.2112639 2.6326612 0.0000010 0.0000000 0.0935468 0.0904682 0.0745676 0.0953123 0.0904682 0.0403545 
MW883595_Megalocytivirus_pagrus1_ISKNV                   2.5591664 0.0795598 0.0317848 0.0317848 0.0795598 0.0671543 2.7100764 0.0671543 0.0347304 1.2125366 2.7100764 0.0935468 0.0935468 0.0000000 0.0028228 0.0764258 0.0347304 0.0028228 0.1023072 
PP151097_Megalocytivirus_pagrus1_ISKNV                   2.5815506 0.0765393 0.0288688 0.0288688 0.0765393 0.0641730 2.7105194 0.0641730 0.0318070 1.2107568 2.7105194 0.0904682 0.0904682 0.0028228 0.0000000 0.0734159 0.0318070 0.0000010 0.0992261 
OQ475017_Megalocytivirus_pagrus1_RSIV                    2.6093604 0.0028266 0.0704720 0.0704720 0.0028266 0.0227808 2.6499642 0.0227808 0.0735282 1.2558413 2.6499642 0.0745676 0.0745676 0.0764258 0.0734159 0.0000000 0.0735282 0.0734159 0.0742303 
OQ513807_Megalocytivirus_pagrus1_ISKNV                   2.6051404 0.0766563 0.0028417 0.0028417 0.0766563 0.0613600 2.6884222 0.0613600 0.0000010 1.2400121 2.6884222 0.0953123 0.0953123 0.0347304 0.0318070 0.0735282 0.0000000 0.0318070 0.0978520 
PP974677_Megalocytivirus_pagrus1_ISKNV                   2.5815506 0.0765393 0.0288688 0.0288688 0.0765393 0.0641730 2.7105194 0.0641730 0.0318070 1.2107568 2.7105194 0.0904682 0.0904682 0.0028228 0.0000010 0.0734159 0.0318070 0.0000000 0.0992261 
GQ273492_Megalocytivirus_pagrus1_TRBIV                   2.6347278 0.0773793 0.0947315 0.0947315 0.0773793 0.0675030 2.6774970 0.0675030 0.0978520 1.2444896 2.6774970 0.0403545 0.0403545 0.1023072 0.0992261 0.0742303 0.0978520 0.0992261 0.0000000 
