16
MW139932_Megalocytivirus_pagrus1_RSIV                    0.0000000 0.0692670 0.0370717 0.0364805 0.0370717 0.0364805 0.0000010 0.0497053 1.4121063 0.0497053 1.4618245 0.0692670 1.4618245 0.7064131 0.0494112 0.0494112 
MG570132_Megalocytivirus_pagrus1_TRBIV                   0.0692670 0.0000000 0.0558997 0.0820987 0.0558997 0.0820987 0.0692670 0.0694075 1.4796052 0.0694075 1.5312910 0.0000010 1.5312910 0.7071770 0.0689528 0.0689528 
MW883597_Megalocytivirus_pagrus1_ISKNV                   0.0370717 0.0558997 0.0000000 0.0493282 0.0000010 0.0493282 0.0370717 0.0120378 1.4816211 0.0120378 1.5330217 0.0558997 1.5330217 0.7399987 0.0369111 0.0369111 
MT986830_Megalocytivirus_pagrus1_ISKNV                   0.0364805 0.0820987 0.0493282 0.0000000 0.0493282 0.0000010 0.0364805 0.0620164 1.4138834 0.0620164 1.4638701 0.0820987 1.4638701 0.6815155 0.0616383 0.0616383 
OR670976_Megalocytivirus_pagrus1_ISKNV                   0.0370717 0.0558997 0.0000010 0.0493282 0.0000000 0.0493282 0.0370717 0.0120378 1.4816211 0.0120378 1.5330217 0.0558997 1.5330217 0.7399987 0.0369111 0.0369111 
KC244182_Megalocytivirus_pagrus1_RSIV                    0.0364805 0.0820987 0.0493282 0.0000010 0.0493282 0.0000000 0.0364805 0.0620164 1.4138834 0.0620164 1.4638701 0.0820987 1.4638701 0.6815155 0.0616383 0.0616383 
MK098187_Megalocytivirus_pagrus1_RSIV                    0.0000010 0.0692670 0.0370717 0.0364805 0.0370717 0.0364805 0.0000000 0.0497053 1.4121063 0.0497053 1.4618245 0.0692670 1.4618245 0.7064131 0.0494112 0.0494112 
MN432490_Megalocytivirus_pagrus1_ISKNV                   0.0497053 0.0694075 0.0120378 0.0620164 0.0120378 0.0620164 0.0497053 0.0000000 1.4758664 0.0000010 1.5266356 0.0694075 1.5266356 0.7011275 0.0494894 0.0494894 
OM037668_Megalocytivirus_lates1_SDDV                     1.4121063 1.4796052 1.4816211 1.4138834 1.4816211 1.4138834 1.4121063 1.4758664 0.0000000 1.4758664 0.0121340 1.4796052 0.0121340 1.3087140 1.4808464 1.4808464 
MW883595_Megalocytivirus_pagrus1_ISKNV                   0.0497053 0.0694075 0.0120378 0.0620164 0.0120378 0.0620164 0.0497053 0.0000010 1.4758664 0.0000000 1.5266356 0.0694075 1.5266356 0.7011275 0.0494894 0.0494894 
MN562489_Megalocytivirus_lates1_SDDV                     1.4618245 1.5312910 1.5330217 1.4638701 1.5330217 1.4638701 1.4618245 1.5266356 0.0121340 1.5266356 0.0000000 1.5312910 0.0000010 1.3041047 1.5327745 1.5327745 
MG570131_Megalocytivirus_pagrus1_TRBIV                   0.0692670 0.0000010 0.0558997 0.0820987 0.0558997 0.0820987 0.0692670 0.0694075 1.4796052 0.0694075 1.5312910 0.0000000 1.5312910 0.7071770 0.0689528 0.0689528 
MT521409_Megalocytivirus_lates1_SDDV                     1.4618245 1.5312910 1.5330217 1.4638701 1.5330217 1.4638701 1.4618245 1.5266356 0.0121340 1.5266356 0.0000010 1.5312910 0.0000000 1.3041047 1.5327745 1.5327745 
PQ335173_PQ335174_Threespine_stickleback_iridovirus_TSIV 0.7064131 0.7071770 0.7399987 0.6815155 0.7399987 0.6815155 0.7064131 0.7011275 1.3087140 0.7011275 1.3041047 0.7071770 1.3041047 0.0000000 0.7391587 0.7391587 
OK042109_Megalocytivirus_pagrus1_RSIV                    0.0494112 0.0689528 0.0369111 0.0616383 0.0369111 0.0616383 0.0494112 0.0494894 1.4808464 0.0494894 1.5327745 0.0689528 1.5327745 0.7391587 0.0000000 0.0000010 
GQ273492_Megalocytivirus_pagrus1_TRBIV                   0.0494112 0.0689528 0.0369111 0.0616383 0.0369111 0.0616383 0.0494112 0.0494894 1.4808464 0.0494894 1.5327745 0.0689528 1.5327745 0.7391587 0.0000010 0.0000000 
