15
OK042108_Megalocytivirus_pagrus1_RSIV                    0.0000000 0.0164237 0.0164237 0.0000010 0.0408995 1.5752364 0.0248138 0.0081795 0.4242471 1.5752364 0.0241922 0.0081795 0.0248138 0.0248911 0.0408995 
MT128667_Megalocytivirus_pagrus1_ISKNV                   0.0164237 0.0000000 0.0000010 0.0164237 0.0503958 1.4678750 0.0082095 0.0081903 0.4384641 1.4678750 0.0252086 0.0081903 0.0082095 0.0082355 0.0503958 
MW883601_Megalocytivirus_pagrus1_ISKNV                   0.0164237 0.0000010 0.0000000 0.0164237 0.0503958 1.4678750 0.0082095 0.0081903 0.4384641 1.4678750 0.0252086 0.0081903 0.0082095 0.0082355 0.0503958 
MW883598_Megalocytivirus_pagrus1_RSIV                    0.0000010 0.0164237 0.0164237 0.0000000 0.0408995 1.5752364 0.0248138 0.0081795 0.4242471 1.5752364 0.0241922 0.0081795 0.0248138 0.0248911 0.0408995 
MG570132_Megalocytivirus_pagrus1_TRBIV                   0.0408995 0.0503958 0.0503958 0.0408995 0.0000000 1.5328334 0.0525977 0.0418345 0.3975540 1.5328334 0.0326116 0.0418345 0.0525977 0.0593969 0.0000010 
MN562489_Megalocytivirus_lates1_SDDV                     1.5752364 1.4678750 1.4678750 1.5752364 1.5328334 0.0000000 1.4807515 1.4826463 1.2542903 0.0000010 1.5578532 1.4826463 1.4807515 1.5001843 1.5328334 
OR670976_Megalocytivirus_pagrus1_ISKNV                   0.0248138 0.0082095 0.0082095 0.0248138 0.0525977 1.4807515 0.0000000 0.0164993 0.4436147 1.4807515 0.0264354 0.0164993 0.0000010 0.0165905 0.0525977 
MW883595_Megalocytivirus_pagrus1_ISKNV                   0.0081795 0.0081903 0.0081903 0.0081795 0.0418345 1.4826463 0.0164993 0.0000000 0.4404490 1.4826463 0.0167439 0.0000010 0.0164993 0.0165513 0.0418345 
PQ335173_PQ335174_Threespine_stickleback_iridovirus_TSIV 0.4242471 0.4384641 0.4384641 0.4242471 0.3975540 1.2542903 0.4436147 0.4404490 0.0000000 1.2542903 0.4300828 0.4404490 0.4436147 0.4559886 0.3975540 
MT521409_Megalocytivirus_lates1_SDDV                     1.5752364 1.4678750 1.4678750 1.5752364 1.5328334 0.0000010 1.4807515 1.4826463 1.2542903 0.0000000 1.5578532 1.4826463 1.4807515 1.5001843 1.5328334 
GQ273492_Megalocytivirus_pagrus1_TRBIV                   0.0241922 0.0252086 0.0252086 0.0241922 0.0326116 1.5578532 0.0264354 0.0167439 0.4300828 1.5578532 0.0000000 0.0167439 0.0264354 0.0339543 0.0326116 
MN432490_Megalocytivirus_pagrus1_ISKNV                   0.0081795 0.0081903 0.0081903 0.0081795 0.0418345 1.4826463 0.0164993 0.0000010 0.4404490 1.4826463 0.0167439 0.0000000 0.0164993 0.0165513 0.0418345 
OQ513807_Megalocytivirus_pagrus1_ISKNV                   0.0248138 0.0082095 0.0082095 0.0248138 0.0525977 1.4807515 0.0000010 0.0164993 0.4436147 1.4807515 0.0264354 0.0164993 0.0000000 0.0165905 0.0525977 
MK689685_Megalocytivirus_pagrus1_ISKNV                   0.0248911 0.0082355 0.0082355 0.0248911 0.0593969 1.5001843 0.0165905 0.0165513 0.4559886 1.5001843 0.0339543 0.0165513 0.0165905 0.0000000 0.0593969 
MG570131_Megalocytivirus_pagrus1_TRBIV                   0.0408995 0.0503958 0.0503958 0.0408995 0.0000010 1.5328334 0.0525977 0.0418345 0.3975540 1.5328334 0.0326116 0.0418345 0.0525977 0.0593969 0.0000000 
