17
PP151097_Megalocytivirus_pagrus1_ISKNV                   0.0000000 0.0377948 0.0377415 0.0000010 0.0061998 0.0377415 1.7688837 0.0061998 0.0124290 0.0377948 0.9544267 0.0575373 0.0575373 1.7688837 0.0509558 2.1544067 0.0509558 
MK689686_Megalocytivirus_pagrus1_RSIV                    0.0377948 0.0000000 0.0061905 0.0377948 0.0313075 0.0061905 1.7946883 0.0313075 0.0376583 0.0000010 0.9470171 0.0707864 0.0707864 1.7946883 0.0641125 2.1653459 0.0641125 
AB104413_Megalocytivirus_pagrus1_RSIV                    0.0377415 0.0061905 0.0000000 0.0377415 0.0312639 0.0000010 1.7902199 0.0312639 0.0376054 0.0061905 0.9439576 0.0706806 0.0706806 1.7902199 0.0640177 2.1521093 0.0640177 
PP974677_Megalocytivirus_pagrus1_ISKNV                   0.0000010 0.0377948 0.0377415 0.0000000 0.0061998 0.0377415 1.7688837 0.0061998 0.0124290 0.0377948 0.9544267 0.0575373 0.0575373 1.7688837 0.0509558 2.1544067 0.0509558 
MW883597_Megalocytivirus_pagrus1_ISKNV                   0.0061998 0.0313075 0.0312639 0.0061998 0.0000000 0.0312639 1.7708402 0.0000010 0.0061777 0.0313075 0.9705084 0.0508362 0.0508362 1.7708402 0.0443185 2.1568350 0.0443185 
MK098187_Megalocytivirus_pagrus1_RSIV                    0.0377415 0.0061905 0.0000010 0.0377415 0.0312639 0.0000000 1.7902199 0.0312639 0.0376054 0.0061905 0.9439576 0.0706806 0.0706806 1.7902199 0.0640177 2.1521093 0.0640177 
MN562489_Megalocytivirus_lates1_SDDV                     1.7688837 1.7946883 1.7902199 1.7688837 1.7708402 1.7902199 0.0000000 1.7708402 1.7810084 1.7946883 2.4063908 1.6627940 1.6627940 0.0000010 1.7239988 0.9811104 1.7239988 
MT128666_Megalocytivirus_pagrus1_ISKNV                   0.0061998 0.0313075 0.0312639 0.0061998 0.0000010 0.0312639 1.7708402 0.0000000 0.0061777 0.0313075 0.9705084 0.0508362 0.0508362 1.7708402 0.0443185 2.1568350 0.0443185 
MT926123_Megalocytivirus_pagrus1_ISKNV                   0.0124290 0.0376583 0.0376054 0.0124290 0.0061777 0.0376054 1.7810084 0.0061777 0.0000000 0.0376583 0.9840713 0.0573266 0.0573266 1.7810084 0.0507699 2.1568685 0.0507699 
ON075463_Megalocytivirus_pagrus1_RSIV                    0.0377948 0.0000010 0.0061905 0.0377948 0.0313075 0.0061905 1.7946883 0.0313075 0.0376583 0.0000000 0.9470171 0.0707864 0.0707864 1.7946883 0.0641125 2.1653459 0.0641125 
PQ335173_PQ335174_Threespine_stickleback_iridovirus_TSIV 0.9544267 0.9470171 0.9439576 0.9544267 0.9705084 0.9439576 2.4063908 0.9705084 0.9840713 0.9470171 0.0000000 0.9311449 0.9311449 2.4063908 0.9413352 2.7439246 0.9413352 
MG570132_Megalocytivirus_pagrus1_TRBIV                   0.0575373 0.0707864 0.0706806 0.0575373 0.0508362 0.0706806 1.6627940 0.0508362 0.0573266 0.0707864 0.9311449 0.0000000 0.0000010 1.6627940 0.0315605 2.1420758 0.0315605 
MG570131_Megalocytivirus_pagrus1_TRBIV                   0.0575373 0.0707864 0.0706806 0.0575373 0.0508362 0.0706806 1.6627940 0.0508362 0.0573266 0.0707864 0.9311449 0.0000010 0.0000000 1.6627940 0.0315605 2.1420758 0.0315605 
MT521409_Megalocytivirus_lates1_SDDV                     1.7688837 1.7946883 1.7902199 1.7688837 1.7708402 1.7902199 0.0000010 1.7708402 1.7810084 1.7946883 2.4063908 1.6627940 1.6627940 0.0000000 1.7239988 0.9811104 1.7239988 
OL774655_Megalocytivirus_pagrus1_RSIV                    0.0509558 0.0641125 0.0640177 0.0509558 0.0443185 0.0640177 1.7239988 0.0443185 0.0507699 0.0641125 0.9413352 0.0315605 0.0315605 1.7239988 0.0000000 2.1963840 0.0000010 
MK637631_European_chub_iridovirus_ECIV                   2.1544067 2.1653459 2.1521093 2.1544067 2.1568350 2.1521093 0.9811104 2.1568350 2.1568685 2.1653459 2.7439246 2.1420758 2.1420758 0.9811104 2.1963840 0.0000000 2.1963840 
OL774654_Megalocytivirus_pagrus1_RSIV                    0.0509558 0.0641125 0.0640177 0.0509558 0.0443185 0.0640177 1.7239988 0.0443185 0.0507699 0.0641125 0.9413352 0.0315605 0.0315605 1.7239988 0.0000010 2.1963840 0.0000000 
