16
PP151097_Megalocytivirus_pagrus1_ISKNV                   0.0000000 0.0376498 0.0376068 0.0000010 0.0061935 0.0376068 1.5439076 0.0061935 0.0124130 0.0376498 0.8775976 0.0571916 0.0571916 1.5439076 0.0507152 0.0507152 
MK689686_Megalocytivirus_pagrus1_RSIV                    0.0376498 0.0000000 0.0061833 0.0376498 0.0312190 0.0061833 1.5661987 0.0312190 0.0375421 0.0000010 0.8704873 0.0702585 0.0702585 1.5661987 0.0637173 0.0637173 
AB104413_Megalocytivirus_pagrus1_RSIV                    0.0376068 0.0061833 0.0000000 0.0376068 0.0311838 0.0000010 1.5624204 0.0311838 0.0374994 0.0061833 0.8676321 0.0701744 0.0701744 1.5624204 0.0636417 0.0636417 
PP974677_Megalocytivirus_pagrus1_ISKNV                   0.0000010 0.0376498 0.0376068 0.0000000 0.0061935 0.0376068 1.5439076 0.0061935 0.0124130 0.0376498 0.8775976 0.0571916 0.0571916 1.5439076 0.0507152 0.0507152 
MW883597_Megalocytivirus_pagrus1_ISKNV                   0.0061935 0.0312190 0.0311838 0.0061935 0.0000000 0.0311838 1.5453616 0.0000010 0.0061761 0.0312190 0.8918051 0.0505817 0.0505817 1.5453616 0.0441535 0.0441535 
MK098187_Megalocytivirus_pagrus1_RSIV                    0.0376068 0.0061833 0.0000010 0.0376068 0.0311838 0.0000000 1.5624204 0.0311838 0.0374994 0.0061833 0.8676321 0.0701744 0.0701744 1.5624204 0.0636417 0.0636417 
MN562489_Megalocytivirus_lates1_SDDV                     1.5439076 1.5661987 1.5624204 1.5439076 1.5453616 1.5624204 0.0000000 1.5453616 1.5548036 1.5661987 2.0699496 1.4554376 1.4554376 0.0000010 1.5081237 1.5081237 
MT128666_Megalocytivirus_pagrus1_ISKNV                   0.0061935 0.0312190 0.0311838 0.0061935 0.0000010 0.0311838 1.5453616 0.0000000 0.0061761 0.0312190 0.8918051 0.0505817 0.0505817 1.5453616 0.0441535 0.0441535 
MT926123_Megalocytivirus_pagrus1_ISKNV                   0.0124130 0.0375421 0.0374994 0.0124130 0.0061761 0.0374994 1.5548036 0.0061761 0.0000000 0.0375421 0.9040742 0.0570255 0.0570255 1.5548036 0.0505684 0.0505684 
ON075463_Megalocytivirus_pagrus1_RSIV                    0.0376498 0.0000010 0.0061833 0.0376498 0.0312190 0.0061833 1.5661987 0.0312190 0.0375421 0.0000000 0.8704873 0.0702585 0.0702585 1.5661987 0.0637173 0.0637173 
PQ335173_PQ335174_Threespine_stickleback_iridovirus_TSIV 0.8775976 0.8704873 0.8676321 0.8775976 0.8918051 0.8676321 2.0699496 0.8918051 0.9040742 0.8704873 0.0000000 0.8573700 0.8573700 2.0699496 0.8671657 0.8671657 
MG570132_Megalocytivirus_pagrus1_TRBIV                   0.0571916 0.0702585 0.0701744 0.0571916 0.0505817 0.0701744 1.4554376 0.0505817 0.0570255 0.0702585 0.8573700 0.0000000 0.0000010 1.4554376 0.0314718 0.0314718 
MG570131_Megalocytivirus_pagrus1_TRBIV                   0.0571916 0.0702585 0.0701744 0.0571916 0.0505817 0.0701744 1.4554376 0.0505817 0.0570255 0.0702585 0.8573700 0.0000010 0.0000000 1.4554376 0.0314718 0.0314718 
MT521409_Megalocytivirus_lates1_SDDV                     1.5439076 1.5661987 1.5624204 1.5439076 1.5453616 1.5624204 0.0000010 1.5453616 1.5548036 1.5661987 2.0699496 1.4554376 1.4554376 0.0000000 1.5081237 1.5081237 
OL774655_Megalocytivirus_pagrus1_RSIV                    0.0507152 0.0637173 0.0636417 0.0507152 0.0441535 0.0636417 1.5081237 0.0441535 0.0505684 0.0637173 0.8671657 0.0314718 0.0314718 1.5081237 0.0000000 0.0000010 
OL774654_Megalocytivirus_pagrus1_RSIV                    0.0507152 0.0637173 0.0636417 0.0507152 0.0441535 0.0636417 1.5081237 0.0441535 0.0505684 0.0637173 0.8671657 0.0314718 0.0314718 1.5081237 0.0000010 0.0000000 
