36
Chlor_AMIV_KF938901_1_Chlor_AMIV_KF938901.1_00053             0.0000000 0.3570777 1.6108042 2.1613839 1.5913120 1.2653763 1.4525187 1.7486226 1.7406129 1.7697414 1.7697414 1.7581799 1.7667845 1.7867456 1.8276681 1.8172866 1.8276681 1.8276681 1.7867456 1.8759008 1.8551747 1.8551747 1.8172866 2.2035022 1.8551747 1.8172866 1.8172866 1.8172866 1.8335269 1.8134617 1.8140729 1.8426317 1.7651613 1.7651613 1.7303315 1.5945342 
Chlor_IIV22_HF920633_1_Chlor_IIV22_HF920633.1_00091           0.3570777 0.0000000 1.5955898 2.3445951 1.5461969 1.2815068 1.4323090 1.6752270 1.6588992 1.6955227 1.7013966 1.6719214 1.6845046 1.6697089 1.7061649 1.6935519 1.7061649 1.7061649 1.6697089 1.7358888 1.7173910 1.7173910 1.6935519 2.1173249 1.7173910 1.6935519 1.6935519 1.6935519 1.6980511 1.6848600 1.6821500 1.7214365 1.6540118 1.6540118 1.6787263 1.5675546 
Daphi_LS484712_1_Daphi_LS484712.1_00050                       1.6108042 1.5955898 0.0000000 2.9504286 2.0368193 2.0554216 1.9632667 2.0854028 2.0059095 2.1949795 2.1949795 2.1949795 2.1949795 2.2936869 2.2687103 2.3113266 2.2687103 2.2687103 2.2936869 2.3008302 2.2668084 2.2668084 2.3113266 2.8688179 2.2668084 2.3113266 2.3113266 2.3113266 2.3113266 2.3113266 2.3052468 2.2547322 2.2742297 2.2742297 2.2212871 2.0776890 
Daphi_LS484712_1_Daphi_LS484712.1_00234                       2.1613839 2.3445951 2.9504286 0.0000000 2.6051384 2.2163700 2.2215925 2.8037111 2.8898914 2.7559871 2.7559871 2.7315247 2.7505454 3.0525549 3.0527872 3.1152770 2.9697191 2.9697191 3.0525549 3.1430849 3.0864211 3.0864211 3.1152770 3.4275361 2.9593729 2.9889800 2.9889800 2.9762739 2.9496907 3.0772481 3.0892277 3.1212724 3.0715823 3.0715823 2.4645405 2.2921775 
Decap_MF599468_1_Decap_MF599468.1_00174                       1.5913120 1.5461969 2.0368193 2.6051384 0.0000000 2.0197711 1.9032928 2.0236200 2.1175534 1.7789469 1.7789469 1.7789469 1.7789469 2.1257261 2.0885837 2.1483147 2.0885837 2.0885837 2.1257261 2.2054659 2.1768308 2.1768308 2.1483147 2.2817845 2.1768308 2.1483147 2.1483147 2.1278664 2.1366487 2.1366487 2.1309445 2.1493483 2.1924971 2.1924971 2.1304962 1.9374784 
Irido_IIV31_HF920637_1_Irido_IIV31_HF920637.1_00172           1.2653763 1.2815068 2.0554216 2.2163700 2.0197711 0.0000000 0.5614863 1.9299440 2.0156628 2.0572402 2.0512194 2.0559149 2.0676718 2.0340539 2.1075203 2.0875274 2.0421937 2.0421937 2.0340539 2.0811701 2.0560178 2.0560178 2.0875274 2.2944294 2.0109408 2.0423270 2.0423270 2.0423270 2.0188389 2.0748153 2.0622180 2.0695944 1.9615405 1.9615405 1.7206750 1.6496855 
Irido_IIV6_AF303741_1_Irido_IIV6_AF303741.1_00149             1.4525187 1.4323090 1.9632667 2.2215925 1.9032928 0.5614863 0.0000000 1.9384682 1.9322449 1.9464074 1.9574484 1.9462402 1.9644836 2.1946110 2.2972120 2.2966801 2.2157366 2.2157366 2.1946110 2.3110784 2.2818127 2.2818127 2.2966801 2.5661071 2.2043521 2.2193304 2.2193304 2.2193304 2.2157352 2.2640513 2.2930395 2.2500857 2.2363207 2.2363207 1.8048463 1.5837277 
Lymph_LCD4_MN803438_1_Lymph_LCD4_MN803438.1_00027             1.7486226 1.6752270 2.0854028 2.8037111 2.0236200 1.9299440 1.9384682 0.0000000 0.6857475 1.7471228 1.7471228 1.7262886 1.7651564 1.6522617 1.6254407 1.6436957 1.6254407 1.6254407 1.6522617 1.6653156 1.6459814 1.6459814 1.6436957 1.6762239 1.6459814 1.6436957 1.6436957 1.6436957 1.5946236 1.6012636 1.6238013 1.7058426 1.6207740 1.6207740 1.5327135 1.5917621 
Lymph_LDV1_L63545_1_Lymph_LDV1_L63545.1_00090                 1.7406129 1.6588992 2.0059095 2.8898914 2.1175534 2.0156628 1.9322449 0.6857475 0.0000000 1.7218886 1.7238596 1.6893180 1.7198841 1.6415694 1.6572318 1.6214794 1.6572318 1.6572318 1.6415694 1.6276450 1.6089107 1.6089107 1.6214794 1.6656235 1.6089107 1.6214794 1.6214794 1.6214794 1.6156663 1.5939260 1.5944388 1.7224216 1.6463134 1.6463134 1.5777993 1.6889120 
MCV_ML1_SDDV_MN562489_1_MCV_ML1_SDDV_MN562489.1_00052         1.7697414 1.6955227 2.1949795 2.7559871 1.7789469 2.0572402 1.9464074 1.7471228 1.7218886 0.0000000 0.0028627 0.0000010 0.0000010 0.9316682 0.9353504 0.9178932 0.9353504 0.9353504 0.9316682 0.9181316 0.9090807 0.9090807 0.9178932 1.1465764 0.9090807 0.9178932 0.9178932 0.9178932 0.9302204 0.9316158 0.9317440 0.9305733 0.9108672 0.9108672 1.4123070 1.4978629 
MCV_ML1_SDDV_MT521409_1_MCV_ML1_SDDV_MT521409.1_00053         1.7697414 1.7013966 2.1949795 2.7559871 1.7789469 2.0512194 1.9574484 1.7471228 1.7238596 0.0028627 0.0000000 0.0028627 0.0028627 0.9316682 0.9353504 0.9178932 0.9353504 0.9353504 0.9316682 0.9181316 0.9090807 0.9090807 0.9178932 1.1465764 0.9090807 0.9178932 0.9178932 0.9178932 0.9302204 0.9316158 0.9317440 0.9305733 0.9108672 0.9108672 1.4174895 1.5033394 
MCV_ML1_SDDV_NC_027778_1_MCV_ML1_SDDV_NC_027778.1_00032       1.7581799 1.6719214 2.1949795 2.7315247 1.7789469 2.0559149 1.9462402 1.7262886 1.6893180 0.0000010 0.0028627 0.0000000 0.0000010 0.9316682 0.9353504 0.9178932 0.9353504 0.9353504 0.9316682 0.9181316 0.9090807 0.9090807 0.9178932 1.1465764 0.9090807 0.9178932 0.9178932 0.9178932 0.9302204 0.9316158 0.9317440 0.9305733 0.9108672 0.9108672 1.4025071 1.4866980 
MCV_ML1_SDDV_OM037668_1_MCV_ML1_SDDV_OM037668.1_00084         1.7667845 1.6845046 2.1949795 2.7505454 1.7789469 2.0676718 1.9644836 1.7651564 1.7198841 0.0000010 0.0028627 0.0000010 0.0000000 0.9316682 0.9353504 0.9178932 0.9353504 0.9353504 0.9316682 0.9181316 0.9090807 0.9090807 0.9178932 1.1465764 0.9090807 0.9178932 0.9178932 0.9178932 0.9302204 0.9316158 0.9317440 0.9305733 0.9108672 0.9108672 1.4153414 1.4810792 
MCV_MP1_BCFI_MN432490_1_MCV_MP1_BCFI_MN432490.1_00092         1.7867456 1.6697089 2.2936869 3.0525549 2.1257261 2.0340539 2.1946110 1.6522617 1.6415694 0.9316682 0.9316682 0.9316682 0.9316682 0.0000000 0.0192762 0.0740290 0.0192762 0.0192762 0.0000010 0.0739698 0.0706275 0.0706275 0.0740290 0.1605480 0.0706275 0.0740290 0.0740290 0.0740290 0.0690718 0.0714639 0.0785887 0.0786344 0.0605912 0.0605912 1.4349109 1.3159031 
MCV_MP1_BCFI_MT926123_1_MCV_MP1_BCFI_MT926123.1_00093         1.8276681 1.7061649 2.2687103 3.0527872 2.0885837 2.1075203 2.2972120 1.6254407 1.6572318 0.9353504 0.9353504 0.9353504 0.9353504 0.0192762 0.0000000 0.0663939 0.0000010 0.0000010 0.0192762 0.0631023 0.0598418 0.0598418 0.0663939 0.1683377 0.0583757 0.0651170 0.0651170 0.0651170 0.0668421 0.0672366 0.0709106 0.0802542 0.0662468 0.0662468 1.4409647 1.3042708 
MCV_MP1_GSPI_KT804738_1_MCV_MP1_GSPI_KT804738.1_00086         1.8172866 1.6935519 2.3113266 3.1152770 2.1483147 2.0875274 2.2966801 1.6436957 1.6214794 0.9178932 0.9178932 0.9178932 0.9178932 0.0740290 0.0663939 0.0000000 0.0651170 0.0651170 0.0740290 0.0306010 0.0274950 0.0274950 0.0000010 0.1199776 0.0283508 0.0000010 0.0000010 0.0000010 0.0000010 0.0000010 0.0061457 0.0929272 0.0787253 0.0787253 1.4717545 1.3402229 
MCV_MP1_ISKNV_AF371960_1_MCV_MP1_ISKNV_AF371960.1_00092       1.8276681 1.7061649 2.2687103 2.9697191 2.0885837 2.0421937 2.2157366 1.6254407 1.6572318 0.9353504 0.9353504 0.9353504 0.9353504 0.0192762 0.0000010 0.0651170 0.0000000 0.0000010 0.0192762 0.0617302 0.0583757 0.0583757 0.0651170 0.1708439 0.0583757 0.0651170 0.0651170 0.0651170 0.0668421 0.0659681 0.0697449 0.0793751 0.0615512 0.0615512 1.4409647 1.3154199 
MCV_MP1_ISKNV_MK689685_1_MCV_MP1_ISKNV_MK689685.1_00089       1.8276681 1.7061649 2.2687103 2.9697191 2.0885837 2.0421937 2.2157366 1.6254407 1.6572318 0.9353504 0.9353504 0.9353504 0.9353504 0.0192762 0.0000010 0.0651170 0.0000010 0.0000000 0.0192762 0.0617302 0.0583757 0.0583757 0.0651170 0.1708439 0.0583757 0.0651170 0.0651170 0.0651170 0.0668421 0.0659681 0.0697449 0.0793751 0.0615512 0.0615512 1.4409647 1.3154199 
MCV_MP1_LBUSV_OP009387_1_MCV_MP1_LBUSV_OP009387.1_00091       1.7867456 1.6697089 2.2936869 3.0525549 2.1257261 2.0340539 2.1946110 1.6522617 1.6415694 0.9316682 0.9316682 0.9316682 0.9316682 0.0000010 0.0192762 0.0740290 0.0192762 0.0192762 0.0000000 0.0739698 0.0706275 0.0706275 0.0740290 0.1605480 0.0706275 0.0740290 0.0740290 0.0740290 0.0690718 0.0714639 0.0785887 0.0786344 0.0605912 0.0605912 1.4349109 1.3159031 
MCV_MP1_LYCI_AY779031_1_MCV_MP1_LYCI_AY779031.1_00098         1.8759008 1.7358888 2.3008302 3.1430849 2.2054659 2.0811701 2.3110784 1.6653156 1.6276450 0.9181316 0.9181316 0.9181316 0.9181316 0.0739698 0.0631023 0.0306010 0.0617302 0.0617302 0.0739698 0.0000000 0.0030148 0.0030148 0.0306010 0.1485505 0.0031074 0.0315550 0.0315550 0.0315550 0.0323608 0.0309749 0.0310914 0.0958755 0.0781075 0.0781075 1.4919036 1.3553561 
MCV_MP1_LYCI_MW139932_1_MCV_MP1_LYCI_MW139932.1_00091         1.8551747 1.7173910 2.2668084 3.0864211 2.1768308 2.0560178 2.2818127 1.6459814 1.6089107 0.9090807 0.9090807 0.9090807 0.9090807 0.0706275 0.0598418 0.0274950 0.0583757 0.0583757 0.0706275 0.0030148 0.0000000 0.0000010 0.0274950 0.1437102 0.0000010 0.0283508 0.0283508 0.0283508 0.0290732 0.0278302 0.0279349 0.0925213 0.0748564 0.0748564 1.4755259 1.3410759 
MCV_MP1_LYCI_OL774653_1_MCV_MP1_LYCI_OL774653.1_00108         1.8551747 1.7173910 2.2668084 3.0864211 2.1768308 2.0560178 2.2818127 1.6459814 1.6089107 0.9090807 0.9090807 0.9090807 0.9090807 0.0706275 0.0598418 0.0274950 0.0583757 0.0583757 0.0706275 0.0030148 0.0000010 0.0000000 0.0274950 0.1437102 0.0000010 0.0283508 0.0283508 0.0283508 0.0290732 0.0278302 0.0279349 0.0925213 0.0748564 0.0748564 1.4755259 1.3410759 
MCV_MP1_OSGI_AY894343_1_MCV_MP1_OSGI_AY894343.1_00090         1.8172866 1.6935519 2.3113266 3.1152770 2.1483147 2.0875274 2.2966801 1.6436957 1.6214794 0.9178932 0.9178932 0.9178932 0.9178932 0.0740290 0.0663939 0.0000010 0.0651170 0.0651170 0.0740290 0.0306010 0.0274950 0.0274950 0.0000000 0.1199776 0.0283508 0.0000010 0.0000010 0.0000010 0.0000010 0.0000010 0.0061457 0.0929272 0.0787253 0.0787253 1.4717545 1.3402229 
MCV_MP1_RBIV_AY532606_1_MCV_MP1_RBIV_AY532606.1_00093         2.2035022 2.1173249 2.8688179 3.4275361 2.2817845 2.2944294 2.5661071 1.6762239 1.6656235 1.1465764 1.1465764 1.1465764 1.1465764 0.1605480 0.1683377 0.1199776 0.1708439 0.1708439 0.1605480 0.1485505 0.1437102 0.1437102 0.1199776 0.0000000 0.1502836 0.1254154 0.1254154 0.1254154 0.1254154 0.1199776 0.1301913 0.1704267 0.1652020 0.1652020 1.7996511 1.6051720 
MCV_MP1_RSIV_BD143114_1_MCV_MP1_RSIV_BD143114.1_00109         1.8551747 1.7173910 2.2668084 2.9593729 2.1768308 2.0109408 2.2043521 1.6459814 1.6089107 0.9090807 0.9090807 0.9090807 0.9090807 0.0706275 0.0583757 0.0283508 0.0583757 0.0583757 0.0706275 0.0031074 0.0000010 0.0000010 0.0283508 0.1502836 0.0000000 0.0283508 0.0283508 0.0283508 0.0290732 0.0287074 0.0288187 0.0955131 0.0738154 0.0738154 1.4755259 1.3410759 
MCV_MP1_RSIV_MK689686_1_MCV_MP1_RSIV_MK689686.1_00088         1.8172866 1.6935519 2.3113266 2.9889800 2.1483147 2.0423270 2.2193304 1.6436957 1.6214794 0.9178932 0.9178932 0.9178932 0.9178932 0.0740290 0.0651170 0.0000010 0.0651170 0.0651170 0.0740290 0.0315550 0.0283508 0.0283508 0.0000010 0.1254154 0.0283508 0.0000000 0.0000010 0.0000010 0.0000010 0.0000010 0.0063383 0.0959458 0.0777870 0.0777870 1.4717545 1.3402229 
MCV_MP1_RSIV_MT798582_1_MCV_MP1_RSIV_MT798582.1_00116         1.8172866 1.6935519 2.3113266 2.9889800 2.1483147 2.0423270 2.2193304 1.6436957 1.6214794 0.9178932 0.9178932 0.9178932 0.9178932 0.0740290 0.0651170 0.0000010 0.0651170 0.0651170 0.0740290 0.0315550 0.0283508 0.0283508 0.0000010 0.1254154 0.0283508 0.0000010 0.0000000 0.0000010 0.0000010 0.0000010 0.0063383 0.0959458 0.0777870 0.0777870 1.4717545 1.3402229 
MCV_MP1_RSIV_OK042108_1_MCV_MP1_RSIV_OK042108.1_00109         1.8172866 1.6935519 2.3113266 2.9762739 2.1278664 2.0423270 2.2193304 1.6436957 1.6214794 0.9178932 0.9178932 0.9178932 0.9178932 0.0740290 0.0651170 0.0000010 0.0651170 0.0651170 0.0740290 0.0315550 0.0283508 0.0283508 0.0000010 0.1254154 0.0283508 0.0000010 0.0000010 0.0000000 0.0000010 0.0000010 0.0063383 0.0959458 0.0777870 0.0777870 1.4717545 1.3402229 
MCV_MP1_RSIV_OK042109_1_MCV_MP1_RSIV_OK042109.1_00110         1.8335269 1.6980511 2.3113266 2.9496907 2.1366487 2.0188389 2.2157352 1.5946236 1.6156663 0.9302204 0.9302204 0.9302204 0.9302204 0.0690718 0.0668421 0.0000010 0.0668421 0.0668421 0.0690718 0.0323608 0.0290732 0.0290732 0.0000010 0.1254154 0.0290732 0.0000010 0.0000010 0.0000010 0.0000000 0.0000010 0.0064183 0.0916642 0.0731418 0.0731418 1.5002180 1.3548721 
MCV_MP1_RSIV_ON740976_1_MCV_MP1_RSIV_ON740976.1_00089         1.8134617 1.6848600 2.3113266 3.0772481 2.1366487 2.0748153 2.2640513 1.6012636 1.5939260 0.9316158 0.9316158 0.9316158 0.9316158 0.0714639 0.0672366 0.0000010 0.0659681 0.0659681 0.0714639 0.0309749 0.0278302 0.0278302 0.0000010 0.1199776 0.0287074 0.0000010 0.0000010 0.0000010 0.0000010 0.0000000 0.0061457 0.0908440 0.0765196 0.0765196 1.4806116 1.3321881 
MCV_MP1_RSIV_ON743042_1_MCV_MP1_RSIV_ON743042.1_00091         1.8140729 1.6821500 2.3052468 3.0892277 2.1309445 2.0622180 2.2930395 1.6238013 1.5944388 0.9317440 0.9317440 0.9317440 0.9317440 0.0785887 0.0709106 0.0061457 0.0697449 0.0697449 0.0785887 0.0310914 0.0279349 0.0279349 0.0061457 0.1301913 0.0288187 0.0063383 0.0063383 0.0063383 0.0064183 0.0061457 0.0000000 0.0980903 0.0768061 0.0768061 1.4854747 1.3496803 
MCV_MP1_TRBIV_GQ273492_1_MCV_MP1_TRBIV_GQ273492.1_00087       1.8426317 1.7214365 2.2547322 3.1212724 2.1493483 2.0695944 2.2500857 1.7058426 1.7224216 0.9305733 0.9305733 0.9305733 0.9305733 0.0786344 0.0802542 0.0929272 0.0793751 0.0793751 0.0786344 0.0958755 0.0925213 0.0925213 0.0929272 0.1704267 0.0955131 0.0959458 0.0959458 0.0959458 0.0916642 0.0908440 0.0980903 0.0000000 0.0720767 0.0720767 1.4582983 1.3617990 
MCV_Unclassified_MG570131_1_MCV_Unclassified_MG570131.1_00087 1.7651613 1.6540118 2.2742297 3.0715823 2.1924971 1.9615405 2.2363207 1.6207740 1.6463134 0.9108672 0.9108672 0.9108672 0.9108672 0.0605912 0.0662468 0.0787253 0.0615512 0.0615512 0.0605912 0.0781075 0.0748564 0.0748564 0.0787253 0.1652020 0.0738154 0.0777870 0.0777870 0.0777870 0.0731418 0.0765196 0.0768061 0.0720767 0.0000000 0.0000010 1.4501200 1.3399296 
MCV_Unclassified_MG570132_1_MCV_Unclassified_MG570132.1_00087 1.7651613 1.6540118 2.2742297 3.0715823 2.1924971 1.9615405 2.2363207 1.6207740 1.6463134 0.9108672 0.9108672 0.9108672 0.9108672 0.0605912 0.0662468 0.0787253 0.0615512 0.0615512 0.0605912 0.0781075 0.0748564 0.0748564 0.0787253 0.1652020 0.0738154 0.0777870 0.0777870 0.0777870 0.0731418 0.0765196 0.0768061 0.0720767 0.0000010 0.0000000 1.4501200 1.3399296 
Rana_FV3_NC_005946_1_Rana_FV3_NC_005946.1_00002               1.7303315 1.6787263 2.2212871 2.4645405 2.1304962 1.7206750 1.8048463 1.5327135 1.5777993 1.4123070 1.4174895 1.4025071 1.4153414 1.4349109 1.4409647 1.4717545 1.4409647 1.4409647 1.4349109 1.4919036 1.4755259 1.4755259 1.4717545 1.7996511 1.4755259 1.4717545 1.4717545 1.4717545 1.5002180 1.4806116 1.4854747 1.4582983 1.4501200 1.4501200 0.0000000 0.4673785 
Rana_SGIV_AY521625_1_Rana_SGIV_AY521625.1_00016               1.5945342 1.5675546 2.0776890 2.2921775 1.9374784 1.6496855 1.5837277 1.5917621 1.6889120 1.4978629 1.5033394 1.4866980 1.4810792 1.3159031 1.3042708 1.3402229 1.3154199 1.3154199 1.3159031 1.3553561 1.3410759 1.3410759 1.3402229 1.6051720 1.3410759 1.3402229 1.3402229 1.3402229 1.3548721 1.3321881 1.3496803 1.3617990 1.3399296 1.3399296 0.4673785 0.0000000 
