16
AB104413_Megalocytivirus_pagrus1_RSIV                    0.0000000 0.1429052 0.1218037 0.1337362 0.1429052 0.0641058 0.0641058 0.0000010 0.1462490 0.0670680 0.1337362 0.1400652 0.1400652 1.9576339 0.0581330 0.1459872 
MW273354_Megalocytivirus_pagrus1_ISKNV                   0.1429052 0.0000000 0.1501371 0.0225723 0.0000010 0.1319090 0.1319090 0.1429052 0.0027927 0.1350928 0.0225723 0.1685171 0.1685171 1.8924029 0.1254317 0.0027879 
GQ273492_Megalocytivirus_pagrus1_TRBIV                   0.1218037 0.1501371 0.0000000 0.1407092 0.1501371 0.1304659 0.1304659 0.1218037 0.1535801 0.1336835 0.1407092 0.0760400 0.0760400 1.8051997 0.1239202 0.1532988 
MT986830_Megalocytivirus_pagrus1_ISKNV                   0.1337362 0.0225723 0.1407092 0.0000000 0.0225723 0.1227095 0.1227095 0.1337362 0.0254473 0.1258814 0.0000010 0.1525585 0.1525585 1.9093779 0.1162628 0.0254036 
MT128666_Megalocytivirus_pagrus1_ISKNV                   0.1429052 0.0000010 0.1501371 0.0225723 0.0000000 0.1319090 0.1319090 0.1429052 0.0027927 0.1350928 0.0225723 0.1685171 0.1685171 1.8924029 0.1254317 0.0027879 
KT804738_Megalocytivirus_pagrus1_RSIV                    0.0641058 0.1319090 0.1304659 0.1227095 0.1319090 0.0000000 0.0000010 0.0641058 0.1352453 0.0027652 0.1227095 0.1515799 0.1515799 1.8967181 0.0055467 0.1350014 
AY894343_Megalocytivirus_pagrus1_RSIV                    0.0641058 0.1319090 0.1304659 0.1227095 0.1319090 0.0000010 0.0000000 0.0641058 0.1352453 0.0027652 0.1227095 0.1515799 0.1515799 1.8967181 0.0055467 0.1350014 
MK098185_Megalocytivirus_pagrus1_RSIV                    0.0000010 0.1429052 0.1218037 0.1337362 0.1429052 0.0641058 0.0641058 0.0000000 0.1462490 0.0670680 0.1337362 0.1400652 0.1400652 1.9576339 0.0581330 0.1459872 
MW273353_Megalocytivirus_pagrus1_ISKNV                   0.1462490 0.0027927 0.1535801 0.0254473 0.0027927 0.1352453 0.1352453 0.1462490 0.0000000 0.1384387 0.0254473 0.1719976 0.1719976 1.8780915 0.1287462 0.0055875 
OK042109_Megalocytivirus_pagrus1_RSIV                    0.0670680 0.1350928 0.1336835 0.1258814 0.1350928 0.0027652 0.0027652 0.0670680 0.1384387 0.0000000 0.1258814 0.1548115 0.1548115 1.9003075 0.0083283 0.1381890 
PP151097_Megalocytivirus_pagrus1_ISKNV                   0.1337362 0.0225723 0.1407092 0.0000010 0.0225723 0.1227095 0.1227095 0.1337362 0.0254473 0.1258814 0.0000000 0.1525585 0.1525585 1.9093779 0.1162628 0.0254036 
MG570132_Megalocytivirus_pagrus1_TRBIV                   0.1400652 0.1685171 0.0760400 0.1525585 0.1685171 0.1515799 0.1515799 0.1400652 0.1719976 0.1548115 0.1525585 0.0000000 0.0000010 1.8766982 0.1449916 0.1716843 
MG570131_Megalocytivirus_pagrus1_TRBIV                   0.1400652 0.1685171 0.0760400 0.1525585 0.1685171 0.1515799 0.1515799 0.1400652 0.1719976 0.1548115 0.1525585 0.0000010 0.0000000 1.8766982 0.1449916 0.1716843 
PQ335173_PQ335174_Threespine_stickleback_iridovirus_TSIV 1.9576339 1.8924029 1.8051997 1.9093779 1.8924029 1.8967181 1.8967181 1.9576339 1.8780915 1.9003075 1.9093779 1.8766982 1.8766982 0.0000000 1.8933539 1.8845516 
MW883598_Megalocytivirus_pagrus1_RSIV                    0.0581330 0.1254317 0.1239202 0.1162628 0.1254317 0.0055467 0.0055467 0.0581330 0.1287462 0.0083283 0.1162628 0.1449916 0.1449916 1.8933539 0.0000000 0.1285143 
MT926123_Megalocytivirus_pagrus1_ISKNV                   0.1459872 0.0027879 0.1532988 0.0254036 0.0027879 0.1350014 0.1350014 0.1459872 0.0055875 0.1381890 0.0254036 0.1716843 0.1716843 1.8845516 0.1285143 0.0000000 
