28
AF303741_AF303741.1_00149          0.0000000 2.2178706 1.5877348 2.2278043 2.2263339 2.1831631 1.4689747 0.4779285 2.2278043 1.4269672 1.9453054 1.7825136 1.7942846 2.2153138 2.2153138 2.2263339 2.2178706 2.2109389 1.9093423 1.7231824 1.9093423 2.2109389 1.7397791 2.2440500 1.9278003 2.2065120 2.2331162 2.2603458 
AF371960_AF371960.1_00092          2.2178706 0.0000000 1.2383457 0.0650415 0.0582743 0.0790344 1.5990563 1.9589510 0.0650415 1.6959247 1.3563953 2.2042111 1.9752559 0.0614685 0.0614685 0.0582743 0.0000010 0.0192224 0.9028074 1.4860009 0.9028074 0.0192224 1.3142634 0.0667923 0.9088789 0.0659052 0.0696082 0.0582743 
AY521625_AY521625.1_00016          1.5877348 1.2383457 0.0000000 1.2410297 1.2583648 1.2431628 1.5585621 1.5656330 1.2410297 1.5269404 1.3766211 1.8501369 1.8217782 1.2555559 1.2555559 1.2583648 1.2383457 1.2354968 1.4224192 1.4524281 1.4224192 1.2354968 0.4514110 1.2690187 1.4120263 1.2463340 1.2622455 1.2551939 
AY894343_MK689686.1_00088          2.2278043 0.0650415 1.2410297 0.0000000 0.0283880 0.0952212 1.5650695 1.9944904 0.0000010 1.6931759 1.3820761 2.2315316 1.9882493 0.0742417 0.0742417 0.0283880 0.0650415 0.0741022 0.8771587 1.5119704 0.8771587 0.0741022 1.3291070 0.0000010 0.8780302 0.0000010 0.0063379 0.0283880 
BD143114_MK689686.1_00088          2.2263339 0.0582743 1.2583648 0.0283880 0.0000000 0.0948315 1.5811538 1.9562706 0.0283880 1.6936180 1.3542889 2.1998417 2.0272115 0.0704234 0.0704234 0.0000010 0.0582743 0.0706386 0.8679191 1.5098995 0.8679191 0.0706386 1.3258579 0.0291250 0.8689753 0.0287518 0.0288415 0.0000010 
GQ273492_GQ273492.1_00087          2.1831631 0.0790344 1.2431628 0.0952212 0.0948315 0.0000000 1.5810146 1.9269425 0.0952212 1.6701639 1.4097845 2.1680738 1.9931871 0.0688496 0.0688496 0.0948315 0.0790344 0.0782189 0.8980714 1.5618209 0.8980714 0.0782189 1.2986747 0.0909162 0.8958427 0.0930962 0.1004390 0.0921069 
HF920633_HF920633.1_00091          1.4689747 1.5990563 1.5585621 1.5650695 1.5811538 1.5810146 0.0000000 1.3350156 1.5650695 0.3153620 1.6048942 1.6271297 1.5058798 1.5207189 1.5207189 1.5811538 1.5990563 1.5383123 1.6187653 1.6080971 1.6187653 1.5383123 1.6936020 1.6054957 1.5992477 1.5925662 1.5920589 1.5684028 
HF920637_HF920637.1_00172          0.4779285 1.9589510 1.5656330 1.9944904 1.9562706 1.9269425 1.3350156 0.0000000 1.9944904 1.2707085 2.0221547 1.9769453 1.8434844 1.8685244 1.8685244 1.9562706 1.9589510 1.9630019 1.8863673 1.8747733 1.8863673 1.9630019 1.5480643 1.9892849 1.9001287 1.9970134 1.9840376 1.9476237 
KC244182_MK689686.1_00088          2.2278043 0.0650415 1.2410297 0.0000010 0.0283880 0.0952212 1.5650695 1.9944904 0.0000000 1.6931759 1.3820761 2.2315316 1.9882493 0.0742417 0.0742417 0.0283880 0.0650415 0.0741022 0.8771587 1.5119704 0.8771587 0.0741022 1.3291070 0.0000010 0.8780302 0.0000010 0.0063379 0.0283880 
KF938901_KF938901.1_00053          1.4269672 1.6959247 1.5269404 1.6931759 1.6936180 1.6701639 0.3153620 1.2707085 1.6931759 0.0000000 1.6421418 1.6441673 1.5543697 1.6218224 1.6218224 1.6936180 1.6959247 1.6615041 1.6774460 1.6602053 1.6774460 1.6615041 1.6613178 1.7523357 1.6498013 1.7317656 1.7309091 1.6794507 
KX643370_Lymph_LDV3_KX643370_00061 1.9453054 1.3563953 1.3766211 1.3820761 1.3542889 1.4097845 1.6048942 2.0221547 1.3820761 1.6421418 0.0000000 2.0596543 1.9337645 1.3405679 1.3405679 1.3542889 1.3563953 1.3567486 1.4380936 0.2577587 1.4380936 1.3567486 1.4032451 1.3221314 1.4336998 1.3616333 1.3804662 1.3542889 
LS484712_LS484712.1_00050          1.7825136 2.2042111 1.8501369 2.2315316 2.1998417 2.1680738 1.6271297 1.9769453 2.2315316 1.6441673 2.0596543 0.0000000 1.8894048 2.1765658 2.1765658 2.1998417 2.2042111 2.2069777 1.9547362 2.0908533 1.9547362 2.2069777 2.0599892 2.2408998 1.9547362 2.2408998 2.2292259 2.1998417 
MF599468_MF599468.1_00174          1.7942846 1.9752559 1.8217782 1.9882493 2.0272115 1.9931871 1.5058798 1.8434844 1.9882493 1.5543697 1.9337645 1.8894048 0.0000000 2.0457658 2.0457658 2.0272115 1.9752559 2.0025409 1.6238136 1.9117852 1.6238136 2.0025409 2.0092590 1.9505416 1.6238136 1.9505416 1.9488803 2.0272115 
MG570131_MG570131.1_00087          2.2153138 0.0614685 1.2555559 0.0742417 0.0704234 0.0688496 1.5207189 1.8685244 0.0742417 1.6218224 1.3405679 2.1765658 2.0457658 0.0000000 0.0000010 0.0704234 0.0614685 0.0574013 0.8771550 1.4818421 0.8771550 0.0574013 1.3145180 0.0694849 0.8747370 0.0718951 0.0721195 0.0717087 
MG570132_MG570132.1_00087          2.2153138 0.0614685 1.2555559 0.0742417 0.0704234 0.0688496 1.5207189 1.8685244 0.0742417 1.6218224 1.3405679 2.1765658 2.0457658 0.0000010 0.0000000 0.0704234 0.0614685 0.0574013 0.8771550 1.4818421 0.8771550 0.0574013 1.3145180 0.0694849 0.8747370 0.0718951 0.0721195 0.0717087 
MK098185_MK689686.1_00088          2.2263339 0.0582743 1.2583648 0.0283880 0.0000010 0.0948315 1.5811538 1.9562706 0.0283880 1.6936180 1.3542889 2.1998417 2.0272115 0.0704234 0.0704234 0.0000000 0.0582743 0.0706386 0.8679191 1.5098995 0.8679191 0.0706386 1.3258579 0.0291250 0.8689753 0.0287518 0.0288415 0.0000010 
MK689685_AF371960.1_00092          2.2178706 0.0000010 1.2383457 0.0650415 0.0582743 0.0790344 1.5990563 1.9589510 0.0650415 1.6959247 1.3563953 2.2042111 1.9752559 0.0614685 0.0614685 0.0582743 0.0000000 0.0192224 0.9028074 1.4860009 0.9028074 0.0192224 1.3142634 0.0667923 0.9088789 0.0659052 0.0696082 0.0582743 
MN432490_AF371960.1_00092          2.2109389 0.0192224 1.2354968 0.0741022 0.0706386 0.0782189 1.5383123 1.9630019 0.0741022 1.6615041 1.3567486 2.2069777 2.0025409 0.0574013 0.0574013 0.0706386 0.0192224 0.0000000 0.8969551 1.5094131 0.8969551 0.0000010 1.3111347 0.0691836 0.8947726 0.0715878 0.0786298 0.0706386 
MN562489_OM037668.1_00084          1.9093423 0.9028074 1.4224192 0.8771587 0.8679191 0.8980714 1.6187653 1.8863673 0.8771587 1.6774460 1.4380936 1.9547362 1.6238136 0.8771550 0.8771550 0.8679191 0.9028074 0.8969551 0.0000000 1.5691432 0.0000010 0.8969551 1.3825878 0.8779913 0.0000010 0.8777256 0.8773906 0.8679191 
MN803438_MN803438.1_00027          1.7231824 1.4860009 1.4524281 1.5119704 1.5098995 1.5618209 1.6080971 1.8747733 1.5119704 1.6602053 0.2577587 2.0908533 1.9117852 1.4818421 1.4818421 1.5098995 1.4860009 1.5094131 1.5691432 0.0000000 1.5691432 1.5094131 1.4852174 1.4674988 1.5862852 1.4737204 1.4939770 1.5098995 
MT521409_OM037668.1_00084          1.9093423 0.9028074 1.4224192 0.8771587 0.8679191 0.8980714 1.6187653 1.8863673 0.8771587 1.6774460 1.4380936 1.9547362 1.6238136 0.8771550 0.8771550 0.8679191 0.9028074 0.8969551 0.0000010 1.5691432 0.0000000 0.8969551 1.3825878 0.8779913 0.0000010 0.8777256 0.8773906 0.8679191 
MT986830_AF371960.1_00092          2.2109389 0.0192224 1.2354968 0.0741022 0.0706386 0.0782189 1.5383123 1.9630019 0.0741022 1.6615041 1.3567486 2.2069777 2.0025409 0.0574013 0.0574013 0.0706386 0.0192224 0.0000010 0.8969551 1.5094131 0.8969551 0.0000000 1.3111347 0.0691836 0.8947726 0.0715878 0.0786298 0.0706386 
NC_005946_NC_005946.1_00002        1.7397791 1.3142634 0.4514110 1.3291070 1.3258579 1.2986747 1.6936020 1.5480643 1.3291070 1.6613178 1.4032451 2.0599892 2.0092590 1.3145180 1.3145180 1.3258579 1.3142634 1.3111347 1.3825878 1.4852174 1.3825878 1.3111347 0.0000000 1.3621901 1.3875547 1.3363166 1.3399917 1.3258579 
OK042109_MK689686.1_00088          2.2440500 0.0667923 1.2690187 0.0000010 0.0291250 0.0909162 1.6054957 1.9892849 0.0000010 1.7523357 1.3221314 2.2408998 1.9505416 0.0694849 0.0694849 0.0291250 0.0667923 0.0691836 0.8779913 1.4674988 0.8779913 0.0691836 1.3621901 0.0000000 0.8788713 0.0000010 0.0064191 0.0291250 
OM037668_OM037668.1_00084          1.9278003 0.9088789 1.4120263 0.8780302 0.8689753 0.8958427 1.5992477 1.9001287 0.8780302 1.6498013 1.4336998 1.9547362 1.6238136 0.8747370 0.8747370 0.8689753 0.9088789 0.8947726 0.0000010 1.5862852 0.0000010 0.8947726 1.3875547 0.8788713 0.0000000 0.8785985 0.8782708 0.8689753 
ON740976_MK689686.1_00088          2.2065120 0.0659052 1.2463340 0.0000010 0.0287518 0.0930962 1.5925662 1.9970134 0.0000010 1.7317656 1.3616333 2.2408998 1.9505416 0.0718951 0.0718951 0.0287518 0.0659052 0.0715878 0.8777256 1.4737204 0.8777256 0.0715878 1.3363166 0.0000010 0.8785985 0.0000000 0.0063379 0.0287518 
ON743042_MK689686.1_00088          2.2331162 0.0696082 1.2622455 0.0063379 0.0288415 0.1004390 1.5920589 1.9840376 0.0063379 1.7309091 1.3804662 2.2292259 1.9488803 0.0721195 0.0721195 0.0288415 0.0696082 0.0786298 0.8773906 1.4939770 0.8773906 0.0786298 1.3399917 0.0064191 0.8782708 0.0063379 0.0000000 0.0288415 
OQ475017_OQ475017.1_00087          2.2603458 0.0582743 1.2551939 0.0283880 0.0000010 0.0921069 1.5684028 1.9476237 0.0283880 1.6794507 1.3542889 2.1998417 2.0272115 0.0717087 0.0717087 0.0000010 0.0582743 0.0706386 0.8679191 1.5098995 0.8679191 0.0706386 1.3258579 0.0291250 0.8689753 0.0287518 0.0288415 0.0000000 
