18
ON743042_Megalocytivirus_pagrus1_RSIV                    0.0000000 0.0000010 0.0394392 0.0394392 0.0636369 1.0929804 0.0457552 0.0166893 0.0166893 0.6003488 0.0458097 0.0395823 1.0929804 0.0457552 0.0000010 0.0636369 0.0451873 0.0452696 
BD143114_Megalocytivirus_pagrus1_RSIV                    0.0000010 0.0000000 0.0394392 0.0394392 0.0636369 1.0929804 0.0457552 0.0166893 0.0166893 0.6003488 0.0458097 0.0395823 1.0929804 0.0457552 0.0000010 0.0636369 0.0451873 0.0452696 
MT128666_Megalocytivirus_pagrus1_ISKNV                   0.0394392 0.0394392 0.0000000 0.0000010 0.0753822 1.0818582 0.0283167 0.0569583 0.0569583 0.5714383 0.0634830 0.0110968 1.0818582 0.0283167 0.0402729 0.0753822 0.0055081 0.0055171 
ON212400_Megalocytivirus_pagrus1_ISKNV                   0.0394392 0.0394392 0.0000010 0.0000000 0.0753822 1.0818582 0.0283167 0.0569583 0.0569583 0.5714383 0.0634830 0.0110968 1.0818582 0.0283167 0.0402729 0.0753822 0.0055081 0.0055171 
MG570132_Megalocytivirus_pagrus1_TRBIV                   0.0636369 0.0636369 0.0753822 0.0753822 0.0000000 1.1233514 0.0951372 0.0818996 0.0818996 0.5602078 0.0454466 0.0699759 1.1233514 0.0951372 0.0589379 0.0000010 0.0813860 0.0815504 
MN562489_Megalocytivirus_lates1_SDDV                     1.0929804 1.0929804 1.0818582 1.0818582 1.1233514 0.0000000 1.0469938 1.0943259 1.0943259 1.0743682 1.1779283 1.1250798 0.0000010 1.0469938 1.0989572 1.1233514 1.0847649 1.0845856 
MT986830_Megalocytivirus_pagrus1_ISKNV                   0.0457552 0.0457552 0.0283167 0.0283167 0.0951372 1.0469938 0.0000000 0.0636135 0.0636135 0.6156889 0.0828503 0.0400455 1.0469938 0.0000010 0.0406019 0.0951372 0.0340686 0.0341295 
MW883598_Megalocytivirus_pagrus1_RSIV                    0.0166893 0.0166893 0.0569583 0.0569583 0.0818996 1.0943259 0.0636135 0.0000000 0.0000010 0.6039303 0.0584749 0.0571696 1.0943259 0.0636135 0.0170376 0.0818996 0.0628110 0.0629311 
KC244182_Megalocytivirus_pagrus1_RSIV                    0.0166893 0.0166893 0.0569583 0.0569583 0.0818996 1.0943259 0.0636135 0.0000010 0.0000000 0.6039303 0.0584749 0.0571696 1.0943259 0.0636135 0.0170376 0.0818996 0.0628110 0.0629311 
PQ335173_PQ335174_Threespine_stickleback_iridovirus_TSIV 0.6003488 0.6003488 0.5714383 0.5714383 0.5602078 1.0743682 0.6156889 0.6039303 0.6039303 0.0000000 0.5991660 0.5675502 1.0743682 0.6156889 0.6037003 0.5602078 0.5684225 0.5838800 
GQ273492_Megalocytivirus_pagrus1_TRBIV                   0.0458097 0.0458097 0.0634830 0.0634830 0.0454466 1.1779283 0.0828503 0.0584749 0.0584749 0.5991660 0.0000000 0.0637243 1.1779283 0.0828503 0.0467945 0.0454466 0.0694324 0.0695688 
MW883600_Megalocytivirus_pagrus1_ISKNV                   0.0395823 0.0395823 0.0110968 0.0110968 0.0699759 1.1250798 0.0400455 0.0571696 0.0571696 0.5675502 0.0637243 0.0000000 1.1250798 0.0400455 0.0404222 0.0699759 0.0166890 0.0167170 
MT521409_Megalocytivirus_lates1_SDDV                     1.0929804 1.0929804 1.0818582 1.0818582 1.1233514 0.0000010 1.0469938 1.0943259 1.0943259 1.0743682 1.1779283 1.1250798 0.0000000 1.0469938 1.0989572 1.1233514 1.0847649 1.0845856 
OP009387_Megalocytivirus_pagrus1_ISKNV                   0.0457552 0.0457552 0.0283167 0.0283167 0.0951372 1.0469938 0.0000010 0.0636135 0.0636135 0.6156889 0.0828503 0.0400455 1.0469938 0.0000000 0.0406019 0.0951372 0.0340686 0.0341295 
ON740976_Megalocytivirus_pagrus1_RSIV                    0.0000010 0.0000010 0.0402729 0.0402729 0.0589379 1.0989572 0.0406019 0.0170376 0.0170376 0.6037003 0.0467945 0.0404222 1.0989572 0.0406019 0.0000000 0.0589379 0.0461449 0.0462309 
MG570131_Megalocytivirus_pagrus1_TRBIV                   0.0636369 0.0636369 0.0753822 0.0753822 0.0000010 1.1233514 0.0951372 0.0818996 0.0818996 0.5602078 0.0454466 0.0699759 1.1233514 0.0951372 0.0589379 0.0000000 0.0813860 0.0815504 
MW883594_Megalocytivirus_pagrus1_ISKNV                   0.0451873 0.0451873 0.0055081 0.0055081 0.0813860 1.0847649 0.0340686 0.0628110 0.0628110 0.5684225 0.0694324 0.0166890 1.0847649 0.0340686 0.0461449 0.0813860 0.0000000 0.0110641 
MW883601_Megalocytivirus_pagrus1_ISKNV                   0.0452696 0.0452696 0.0055171 0.0055171 0.0815504 1.0845856 0.0341295 0.0629311 0.0629311 0.5838800 0.0695688 0.0167170 1.0845856 0.0341295 0.0462309 0.0815504 0.0110641 0.0000000 
