23
GQ273492_Megalocytivirus_pagrus1_TRBIV    0.0000000 0.2680032 0.2507805 0.3181220 0.2781027 0.2924177 0.2790952 0.2429969 0.2781027 0.3181220 0.2429969 0.2574387 0.0420897 0.2794704 0.2923815 0.2924177 0.2752479 0.2507805 0.0420897 0.2794704 0.2914765 0.3305585 0.2923815 
ON740976_Megalocytivirus_pagrus1_RSIV     0.2680032 0.0000000 0.1573668 0.0331546 0.1554083 0.1683695 0.1559469 0.0209817 0.1554083 0.0331546 0.0209817 0.0220744 0.2580697 0.1935548 0.1683525 0.1683695 0.1815835 0.1573668 0.2580697 0.1935548 0.1678692 0.0671715 0.1683525 
MN432490_Megalocytivirus_pagrus1_ISKNV    0.2507805 0.1573668 0.0000000 0.2030118 0.0646729 0.0760388 0.0648805 0.1329217 0.0646729 0.2030118 0.1329217 0.1407639 0.2406301 0.0316043 0.0760327 0.0760388 0.0210258 0.0000010 0.2406301 0.0316043 0.0758351 0.1889940 0.0760327 
MK689686_Megalocytivirus_pagrus1_RSIV     0.3181220 0.0331546 0.2030118 0.0000000 0.2002878 0.2140642 0.2010061 0.0556279 0.2002878 0.0000010 0.0556279 0.0586980 0.3084314 0.2405313 0.2140404 0.2140642 0.2281668 0.2030118 0.3084314 0.2405313 0.2133947 0.0316654 0.2140404 
MW273354_Megalocytivirus_pagrus1_ISKNV    0.2781027 0.1554083 0.0646729 0.2002878 0.0000000 0.0105815 0.0000010 0.1313050 0.0000010 0.2002878 0.1313050 0.1262955 0.2681417 0.0537409 0.0105808 0.0105815 0.0429070 0.0646729 0.2681417 0.0537409 0.0105544 0.1865089 0.0105808 
23043610005_Megalocytivirus_pagrus1_ISKNV 0.2924177 0.1683695 0.0760388 0.2140642 0.0105815 0.0000000 0.0106144 0.1440670 0.0105815 0.2140642 0.1440670 0.1397523 0.2825456 0.0649929 0.0213274 0.0000010 0.0540556 0.0760388 0.2825456 0.0649929 0.0212736 0.2000635 0.0213274 
OQ513807_Megalocytivirus_pagrus1_ISKNV    0.2790952 0.1559469 0.0648805 0.2010061 0.0000010 0.0106144 0.0000000 0.1317593 0.0000010 0.2010061 0.1317593 0.1267577 0.2691100 0.0539129 0.0106137 0.0106144 0.0430439 0.0648805 0.2691100 0.0539129 0.0000010 0.1871729 0.0106137 
MK098187_Megalocytivirus_pagrus1_RSIV     0.2429969 0.0209817 0.1329217 0.0556279 0.1313050 0.1440670 0.1317593 0.0000000 0.1313050 0.0556279 0.0000010 0.0000010 0.2328223 0.1690055 0.1440530 0.1440670 0.1570511 0.1329217 0.2328223 0.1690055 0.1436430 0.0668896 0.1440530 
MW883606_Megalocytivirus_pagrus1_ISKNV    0.2781027 0.1554083 0.0646729 0.2002878 0.0000010 0.0105815 0.0000010 0.1313050 0.0000000 0.2002878 0.1313050 0.1262955 0.2681417 0.0537409 0.0105808 0.0105815 0.0429070 0.0646729 0.2681417 0.0537409 0.0105544 0.1865089 0.0105808 
ON075463_Megalocytivirus_pagrus1_RSIV     0.3181220 0.0331546 0.2030118 0.0000010 0.2002878 0.2140642 0.2010061 0.0556279 0.2002878 0.0000000 0.0556279 0.0586980 0.3084314 0.2405313 0.2140404 0.2140642 0.2281668 0.2030118 0.3084314 0.2405313 0.2133947 0.0316654 0.2140404 
OL774655_Megalocytivirus_pagrus1_RSIV     0.2429969 0.0209817 0.1329217 0.0556279 0.1313050 0.1440670 0.1317593 0.0000010 0.1313050 0.0556279 0.0000000 0.0000010 0.2328223 0.1690055 0.1440530 0.1440670 0.1570511 0.1329217 0.2328223 0.1690055 0.1436430 0.0668896 0.1440530 
OQ475017_Megalocytivirus_pagrus1_RSIV     0.2574387 0.0220744 0.1407639 0.0586980 0.1262955 0.1397523 0.1267577 0.0000010 0.1262955 0.0586980 0.0000010 0.0000000 0.2468143 0.1789572 0.1397381 0.1397523 0.1663105 0.1407639 0.2468143 0.1789572 0.1393181 0.0705873 0.1397381 
MG570131_Megalocytivirus_pagrus1_TRBIV    0.0420897 0.2580697 0.2406301 0.3084314 0.2681417 0.2825456 0.2691100 0.2328223 0.2681417 0.3084314 0.2328223 0.2468143 0.0000000 0.2774857 0.2825107 0.2825456 0.2653607 0.2406301 0.0000010 0.2774857 0.2816296 0.3210556 0.2825107 
PP151097_Megalocytivirus_pagrus1_ISKNV    0.2794704 0.1935548 0.0316043 0.2405313 0.0537409 0.0649929 0.0539129 0.1690055 0.0537409 0.2405313 0.1690055 0.1789572 0.2774857 0.0000000 0.0649878 0.0649929 0.0104810 0.0316043 0.2774857 0.0000010 0.0648197 0.2261761 0.0649878 
MW883596_Megalocytivirus_pagrus1_ISKNV    0.2923815 0.1683525 0.0760327 0.2140404 0.0105808 0.0213274 0.0106137 0.1440530 0.0105808 0.2140404 0.1440530 0.1397381 0.2825107 0.0649878 0.0000000 0.0213274 0.0540515 0.0760327 0.2825107 0.0649878 0.0212721 0.2000419 0.0000010 
MW883594_Megalocytivirus_pagrus1_ISKNV    0.2924177 0.1683695 0.0760388 0.2140642 0.0105815 0.0000010 0.0106144 0.1440670 0.0105815 0.2140642 0.1440670 0.1397523 0.2825456 0.0649929 0.0213274 0.0000000 0.0540556 0.0760388 0.2825456 0.0649929 0.0212736 0.2000635 0.0213274 
OP009387_Megalocytivirus_pagrus1_ISKNV    0.2752479 0.1815835 0.0210258 0.2281668 0.0429070 0.0540556 0.0430439 0.1570511 0.0429070 0.2281668 0.1570511 0.1663105 0.2653607 0.0104810 0.0540515 0.0540556 0.0000000 0.0210258 0.2653607 0.0104810 0.0539123 0.2139130 0.0540515 
MW883595_Megalocytivirus_pagrus1_ISKNV    0.2507805 0.1573668 0.0000010 0.2030118 0.0646729 0.0760388 0.0648805 0.1329217 0.0646729 0.2030118 0.1329217 0.1407639 0.2406301 0.0316043 0.0760327 0.0760388 0.0210258 0.0000000 0.2406301 0.0316043 0.0758351 0.1889940 0.0760327 
MG570132_Megalocytivirus_pagrus1_TRBIV    0.0420897 0.2580697 0.2406301 0.3084314 0.2681417 0.2825456 0.2691100 0.2328223 0.2681417 0.3084314 0.2328223 0.2468143 0.0000010 0.2774857 0.2825107 0.2825456 0.2653607 0.2406301 0.0000000 0.2774857 0.2816296 0.3210556 0.2825107 
MT986830_Megalocytivirus_pagrus1_ISKNV    0.2794704 0.1935548 0.0316043 0.2405313 0.0537409 0.0649929 0.0539129 0.1690055 0.0537409 0.2405313 0.1690055 0.1789572 0.2774857 0.0000010 0.0649878 0.0649929 0.0104810 0.0316043 0.2774857 0.0000000 0.0648197 0.2261761 0.0649878 
OR670976_Megalocytivirus_pagrus1_ISKNV    0.2914765 0.1678692 0.0758351 0.2133947 0.0105544 0.0212736 0.0000010 0.1436430 0.0105544 0.2133947 0.1436430 0.1393181 0.2816296 0.0648197 0.0212721 0.0212736 0.0539123 0.0758351 0.2816296 0.0648197 0.0000000 0.1994464 0.0212721 
MW883598_Megalocytivirus_pagrus1_RSIV     0.3305585 0.0671715 0.1889940 0.0316654 0.1865089 0.2000635 0.1871729 0.0668896 0.1865089 0.0316654 0.0668896 0.0705873 0.3210556 0.2261761 0.2000419 0.2000635 0.2139130 0.1889940 0.3210556 0.2261761 0.1994464 0.0000000 0.2000419 
MW883597_Megalocytivirus_pagrus1_ISKNV    0.2923815 0.1683525 0.0760327 0.2140404 0.0105808 0.0213274 0.0106137 0.1440530 0.0105808 0.2140404 0.1440530 0.1397381 0.2825107 0.0649878 0.0000010 0.0213274 0.0540515 0.0760327 0.2825107 0.0649878 0.0212721 0.2000419 0.0000000 
