13
MW883606_Megalocytivirus_pagrus1_ISKNV    0.0000000 0.0000010 0.0408151 0.0100732 0.0408091 0.0408091 0.0305022 0.0408151 0.0202308 0.0202308 0.0100732 0.0408661 0.0408661 
23043610003_Megalocytivirus_pagrus1_ISKNV 0.0000010 0.0000000 0.0408151 0.0100732 0.0408091 0.0408091 0.0305022 0.0408151 0.0202308 0.0202308 0.0100732 0.0408661 0.0408661 
AP017456_Megalocytivirus_pagrus1_RSIV     0.0408151 0.0408151 0.0000000 0.0304994 0.0202597 0.0202597 0.0100954 0.0000010 0.0408376 0.0408376 0.0304994 0.0202880 0.0202880 
PP151097_Megalocytivirus_pagrus1_ISKNV    0.0100732 0.0100732 0.0304994 0.0000000 0.0304953 0.0304953 0.0202611 0.0304994 0.0100787 0.0100787 0.0000010 0.0305379 0.0305379 
OQ475017_Megalocytivirus_pagrus1_RSIV     0.0408091 0.0408091 0.0202597 0.0304953 0.0000000 0.0000010 0.0100943 0.0202597 0.0408317 0.0408317 0.0304953 0.0202855 0.0202855 
BD143114_Megalocytivirus_pagrus1_RSIV     0.0408091 0.0408091 0.0202597 0.0304953 0.0000010 0.0000000 0.0100943 0.0202597 0.0408317 0.0408317 0.0304953 0.0202855 0.0202855 
GQ273492_Megalocytivirus_pagrus1_TRBIV    0.0305022 0.0305022 0.0100954 0.0202611 0.0100943 0.0100943 0.0000000 0.0100954 0.0305190 0.0305190 0.0202611 0.0101085 0.0101085 
MT798582_Megalocytivirus_pagrus1_RSIV     0.0408151 0.0408151 0.0000010 0.0304994 0.0202597 0.0202597 0.0100954 0.0000000 0.0408376 0.0408376 0.0304994 0.0202880 0.0202880 
MN432490_Megalocytivirus_pagrus1_ISKNV    0.0202308 0.0202308 0.0408376 0.0100787 0.0408317 0.0408317 0.0305190 0.0408376 0.0000000 0.0000010 0.0100787 0.0408888 0.0408888 
MW883595_Megalocytivirus_pagrus1_ISKNV    0.0202308 0.0202308 0.0408376 0.0100787 0.0408317 0.0408317 0.0305190 0.0408376 0.0000010 0.0000000 0.0100787 0.0408888 0.0408888 
OP009387_Megalocytivirus_pagrus1_ISKNV    0.0100732 0.0100732 0.0304994 0.0000010 0.0304953 0.0304953 0.0202611 0.0304994 0.0100787 0.0100787 0.0000000 0.0305379 0.0305379 
MG570132_Megalocytivirus_pagrus1_TRBIV    0.0408661 0.0408661 0.0202880 0.0305379 0.0202855 0.0202855 0.0101085 0.0202880 0.0408888 0.0408888 0.0305379 0.0000000 0.0000010 
MG570131_Megalocytivirus_pagrus1_TRBIV    0.0408661 0.0408661 0.0202880 0.0305379 0.0202855 0.0202855 0.0101085 0.0202880 0.0408888 0.0408888 0.0305379 0.0000010 0.0000000 
