15
MCV_ML1_SDDV_MN562489_1_MCV_ML1_SDDV_MN562489.1_00030         0.0000000 0.0000010 1.1479520 1.1524855 1.1243313 1.1479520 1.2912984 1.1541538 1.1541538 1.2602299 1.2602299 1.1243313 1.1785824 1.1945265 1.1945265 
MCV_ML1_SDDV_MT521409_1_MCV_ML1_SDDV_MT521409.1_00031         0.0000010 0.0000000 1.1479520 1.1524855 1.1243313 1.1479520 1.2912984 1.1541538 1.1541538 1.2602299 1.2602299 1.1243313 1.1785824 1.1945265 1.1945265 
MCV_MP1_BCFI_MN432490_1_MCV_MP1_BCFI_MN432490.1_00050         1.1479520 1.1479520 0.0000000 0.0117549 0.0237166 0.0000010 0.0000010 0.0118044 0.0118044 0.0310318 0.0310318 0.0237166 0.0469142 0.0472717 0.0472717 
MCV_MP1_BCFI_MT926123_1_MCV_MP1_BCFI_MT926123.1_00050         1.1524855 1.1524855 0.0117549 0.0000000 0.0238711 0.0117549 0.0153387 0.0239311 0.0239311 0.0312946 0.0312946 0.0238711 0.0594276 0.0598836 0.0598836 
MCV_MP1_GSPI_KT804738_1_MCV_MP1_GSPI_KT804738.1_00047         1.1243313 1.1243313 0.0237166 0.0238711 0.0000000 0.0237166 0.0310318 0.0117136 0.0117136 0.0000010 0.0000010 0.0000010 0.0594281 0.0598843 0.0598843 
MCV_MP1_ISKNV_AF371960_1_MCV_MP1_ISKNV_AF371960.1_00049       1.1479520 1.1479520 0.0000010 0.0117549 0.0237166 0.0000000 0.0000010 0.0118044 0.0118044 0.0310318 0.0310318 0.0237166 0.0469142 0.0472717 0.0472717 
MCV_MP1_LBUSV_OP009387_1_MCV_MP1_LBUSV_OP009387.1_00049       1.2912984 1.2912984 0.0000010 0.0153387 0.0310318 0.0000010 0.0000000 0.0154234 0.0154234 0.0310318 0.0310318 0.0310318 0.0611784 0.0617846 0.0617846 
MCV_MP1_LYCI_AY779031_1_MCV_MP1_LYCI_AY779031.1_00053         1.1541538 1.1541538 0.0118044 0.0239311 0.0117136 0.0118044 0.0154234 0.0000000 0.0000010 0.0152688 0.0152688 0.0117136 0.0473232 0.0476880 0.0476880 
MCV_MP1_LYCI_MW139932_1_MCV_MP1_LYCI_MW139932.1_00051         1.1541538 1.1541538 0.0118044 0.0239311 0.0117136 0.0118044 0.0154234 0.0000010 0.0000000 0.0152688 0.0152688 0.0117136 0.0473232 0.0476880 0.0476880 
MCV_MP1_OSGI_AY894343_1_MCV_MP1_OSGI_AY894343.1_00048         1.2602299 1.2602299 0.0310318 0.0312946 0.0000010 0.0310318 0.0310318 0.0152688 0.0152688 0.0000000 0.0000010 0.0000010 0.0778204 0.0785993 0.0785993 
MCV_MP1_RBIV_AY532606_1_MCV_MP1_RBIV_AY532606.1_00049         1.2602299 1.2602299 0.0310318 0.0312946 0.0000010 0.0310318 0.0310318 0.0152688 0.0152688 0.0000010 0.0000000 0.0000010 0.0778204 0.0785993 0.0785993 
MCV_MP1_SKIV_ON075463_1_MCV_MP1_SKIV_ON075463.1_00047         1.1243313 1.1243313 0.0237166 0.0238711 0.0000010 0.0237166 0.0310318 0.0117136 0.0117136 0.0000010 0.0000010 0.0000000 0.0594281 0.0598843 0.0598843 
MCV_MP1_TRBIV_GQ273492_1_MCV_MP1_TRBIV_GQ273492.1_00048       1.1785824 1.1785824 0.0469142 0.0594276 0.0594281 0.0469142 0.0611784 0.0473232 0.0473232 0.0778204 0.0778204 0.0594281 0.0000000 0.0233997 0.0233997 
MCV_Unclassified_MG570131_1_MCV_Unclassified_MG570131.1_00049 1.1945265 1.1945265 0.0472717 0.0598836 0.0598843 0.0472717 0.0617846 0.0476880 0.0476880 0.0785993 0.0785993 0.0598843 0.0233997 0.0000000 0.0000010 
MCV_Unclassified_MG570132_1_MCV_Unclassified_MG570132.1_00049 1.1945265 1.1945265 0.0472717 0.0598836 0.0598843 0.0472717 0.0617846 0.0476880 0.0476880 0.0785993 0.0785993 0.0598843 0.0233997 0.0000010 0.0000000 
