16
MK637631_European_chub_iridovirus_ECIV                   0.0000000 1.9450534 1.8355095 1.8355095 1.9450534 1.9249219 0.4780323 1.9104406 1.9733399 1.9733399 1.8607877 1.9249219 1.8749328 0.4780323 1.8749328 1.9104406 
MT798582_Megalocytivirus_pagrus1_RSIV                    1.9450534 0.0000000 0.0405315 0.0405315 0.0000010 0.0191030 2.0374222 0.0523048 0.0475767 0.0475767 0.5805764 0.0191030 0.0451787 2.0374222 0.0451787 0.0523048 
MW273353_Megalocytivirus_pagrus1_ISKNV                   1.8355095 0.0405315 0.0000000 0.0000010 0.0405315 0.0487263 1.9818777 0.0499910 0.0623148 0.0623148 0.5440908 0.0487263 0.0038415 1.9818777 0.0038415 0.0499910 
ON212400_Megalocytivirus_pagrus1_ISKNV                   1.8355095 0.0405315 0.0000010 0.0000000 0.0405315 0.0487263 1.9818777 0.0499910 0.0623148 0.0623148 0.5440908 0.0487263 0.0038415 1.9818777 0.0038415 0.0499910 
MK689686_Megalocytivirus_pagrus1_RSIV                    1.9450534 0.0000010 0.0405315 0.0405315 0.0000000 0.0191030 2.0374222 0.0523048 0.0475767 0.0475767 0.5805764 0.0191030 0.0451787 2.0374222 0.0451787 0.0523048 
MK098185_Megalocytivirus_pagrus1_RSIV                    1.9249219 0.0191030 0.0487263 0.0487263 0.0191030 0.0000000 2.0021497 0.0606280 0.0557744 0.0557744 0.5883535 0.0000010 0.0534871 2.0021497 0.0534871 0.0606280 
MN562489_Megalocytivirus_lates1_SDDV                     0.4780323 2.0374222 1.9818777 1.9818777 2.0374222 2.0021497 0.0000000 2.0485122 2.1052755 2.1052755 2.0247319 2.0021497 2.0237440 0.0000010 2.0237440 2.0485122 
MG570131_Megalocytivirus_pagrus1_TRBIV                   1.9104406 0.0523048 0.0499910 0.0499910 0.0523048 0.0606280 2.0485122 0.0000000 0.0230378 0.0230378 0.5722158 0.0606280 0.0548894 2.0485122 0.0548894 0.0000010 
GQ273492_Megalocytivirus_pagrus1_TRBIV                   1.9733399 0.0475767 0.0623148 0.0623148 0.0475767 0.0557744 2.1052755 0.0230378 0.0000000 0.0000010 0.5883074 0.0557744 0.0673689 2.1052755 0.0673689 0.0230378 
OK042109_Megalocytivirus_pagrus1_RSIV                    1.9733399 0.0475767 0.0623148 0.0623148 0.0475767 0.0557744 2.1052755 0.0230378 0.0000010 0.0000000 0.5883074 0.0557744 0.0673689 2.1052755 0.0673689 0.0230378 
PQ335173_PQ335174_Threespine_stickleback_iridovirus_TSIV 1.8607877 0.5805764 0.5440908 0.5440908 0.5805764 0.5883535 2.0247319 0.5722158 0.5883074 0.5883074 0.0000000 0.5883535 0.5566705 2.0247319 0.5566705 0.5722158 
MK098186_Megalocytivirus_pagrus1_RSIV                    1.9249219 0.0191030 0.0487263 0.0487263 0.0191030 0.0000010 2.0021497 0.0606280 0.0557744 0.0557744 0.5883535 0.0000000 0.0534871 2.0021497 0.0534871 0.0606280 
23043610005_Megalocytivirus_pagrus1_ISKNV                1.8749328 0.0451787 0.0038415 0.0038415 0.0451787 0.0534871 2.0237440 0.0548894 0.0673689 0.0673689 0.5566705 0.0534871 0.0000000 2.0237440 0.0000010 0.0548894 
MT521409_Megalocytivirus_lates1_SDDV                     0.4780323 2.0374222 1.9818777 1.9818777 2.0374222 2.0021497 0.0000010 2.0485122 2.1052755 2.1052755 2.0247319 2.0021497 2.0237440 0.0000000 2.0237440 2.0485122 
23043610003_Megalocytivirus_pagrus1_ISKNV                1.8749328 0.0451787 0.0038415 0.0038415 0.0451787 0.0534871 2.0237440 0.0548894 0.0673689 0.0673689 0.5566705 0.0534871 0.0000010 2.0237440 0.0000000 0.0548894 
MG570132_Megalocytivirus_pagrus1_TRBIV                   1.9104406 0.0523048 0.0499910 0.0499910 0.0523048 0.0606280 2.0485122 0.0000010 0.0230378 0.0230378 0.5722158 0.0606280 0.0548894 2.0485122 0.0548894 0.0000000 
