15
MT798582_Megalocytivirus_pagrus1_RSIV                    0.0000000 0.0402453 0.0402453 0.0000010 0.0190796 1.8576364 0.0519028 0.0472719 0.0472719 0.5571099 0.0190796 0.0447963 1.8576364 0.0447963 0.0519028 
MW273353_Megalocytivirus_pagrus1_ISKNV                   0.0402453 0.0000000 0.0000010 0.0402453 0.0483830 1.8252828 0.0494511 0.0616500 0.0616500 0.5206190 0.0483830 0.0038356 1.8252828 0.0038356 0.0494511 
ON212400_Megalocytivirus_pagrus1_ISKNV                   0.0402453 0.0000010 0.0000000 0.0402453 0.0483830 1.8252828 0.0494511 0.0616500 0.0616500 0.5206190 0.0483830 0.0038356 1.8252828 0.0038356 0.0494511 
MK689686_Megalocytivirus_pagrus1_RSIV                    0.0000010 0.0402453 0.0402453 0.0000000 0.0190796 1.8576364 0.0519028 0.0472719 0.0472719 0.5571099 0.0190796 0.0447963 1.8576364 0.0447963 0.0519028 
MK098185_Megalocytivirus_pagrus1_RSIV                    0.0190796 0.0483830 0.0483830 0.0190796 0.0000000 1.8241304 0.0601369 0.0553909 0.0553909 0.5640566 0.0000010 0.0530359 1.8241304 0.0530359 0.0601369 
MN562489_Megalocytivirus_lates1_SDDV                     1.8576364 1.8252828 1.8252828 1.8576364 1.8241304 0.0000000 1.8870176 1.9148435 1.9148435 1.8538024 1.8241304 1.8635844 0.0000010 1.8635844 1.8870176 
MG570131_Megalocytivirus_pagrus1_TRBIV                   0.0519028 0.0494511 0.0494511 0.0519028 0.0601369 1.8870176 0.0000000 0.0229785 0.0229785 0.5466073 0.0601369 0.0542167 1.8870176 0.0542167 0.0000010 
GQ273492_Megalocytivirus_pagrus1_TRBIV                   0.0472719 0.0616500 0.0616500 0.0472719 0.0553909 1.9148435 0.0229785 0.0000000 0.0000010 0.5609925 0.0553909 0.0665526 1.9148435 0.0665526 0.0229785 
OK042109_Megalocytivirus_pagrus1_RSIV                    0.0472719 0.0616500 0.0616500 0.0472719 0.0553909 1.9148435 0.0229785 0.0000010 0.0000000 0.5609925 0.0553909 0.0665526 1.9148435 0.0665526 0.0229785 
PQ335173_PQ335174_Threespine_stickleback_iridovirus_TSIV 0.5571099 0.5206190 0.5206190 0.5571099 0.5640566 1.8538024 0.5466073 0.5609925 0.5609925 0.0000000 0.5640566 0.5324244 1.8538024 0.5324244 0.5466073 
MK098186_Megalocytivirus_pagrus1_RSIV                    0.0190796 0.0483830 0.0483830 0.0190796 0.0000010 1.8241304 0.0601369 0.0553909 0.0553909 0.5640566 0.0000000 0.0530359 1.8241304 0.0530359 0.0601369 
23043610005_Megalocytivirus_pagrus1_ISKNV                0.0447963 0.0038356 0.0038356 0.0447963 0.0530359 1.8635844 0.0542167 0.0665526 0.0665526 0.5324244 0.0530359 0.0000000 1.8635844 0.0000010 0.0542167 
MT521409_Megalocytivirus_lates1_SDDV                     1.8576364 1.8252828 1.8252828 1.8576364 1.8241304 0.0000010 1.8870176 1.9148435 1.9148435 1.8538024 1.8241304 1.8635844 0.0000000 1.8635844 1.8870176 
23043610003_Megalocytivirus_pagrus1_ISKNV                0.0447963 0.0038356 0.0038356 0.0447963 0.0530359 1.8635844 0.0542167 0.0665526 0.0665526 0.5324244 0.0530359 0.0000010 1.8635844 0.0000000 0.0542167 
MG570132_Megalocytivirus_pagrus1_TRBIV                   0.0519028 0.0494511 0.0494511 0.0519028 0.0601369 1.8870176 0.0000010 0.0229785 0.0229785 0.5466073 0.0601369 0.0542167 1.8870176 0.0542167 0.0000000 
