15
ON740976_Megalocytivirus_pagrus1_RSIV  0.0000000 0.1395881 0.1359944 0.1266037 0.0027665 0.1359944 0.0000010 0.0649508 0.1351480 0.0649508 0.1266037 0.0055524 0.1392122 0.1563949 0.1563949 
MW273353_Megalocytivirus_pagrus1_ISKNV 0.1395881 0.0000000 0.0027957 0.0255706 0.1429345 0.0027957 0.1395881 0.1505565 0.1595847 0.1505565 0.0255706 0.1327820 0.0055954 0.1780275 0.1780275 
MW883602_Megalocytivirus_pagrus1_ISKNV 0.1359944 0.0027957 0.0000000 0.0226571 0.1393260 0.0000010 0.1359944 0.1469483 0.1558304 0.1469483 0.0226571 0.1292211 0.0027889 0.1742292 0.1742292 
PP151097_Megalocytivirus_pagrus1_ISKNV 0.1266037 0.0255706 0.0226571 0.0000000 0.1299209 0.0226571 0.1266037 0.1376021 0.1461044 0.1376021 0.0000010 0.1198655 0.0255071 0.1577469 0.1577469 
OK042109_Megalocytivirus_pagrus1_RSIV  0.0027665 0.1429345 0.1393260 0.1299209 0.0000000 0.1393260 0.0027665 0.0679744 0.1385267 0.0679744 0.1299209 0.0083407 0.1425495 0.1597801 0.1597801 
MW883600_Megalocytivirus_pagrus1_ISKNV 0.1359944 0.0027957 0.0000010 0.0226571 0.1393260 0.0000000 0.1359944 0.1469483 0.1558304 0.1469483 0.0226571 0.1292211 0.0027889 0.1742292 0.1742292 
MW139932_Megalocytivirus_pagrus1_RSIV  0.0000010 0.1395881 0.1359944 0.1266037 0.0027665 0.1359944 0.0000000 0.0649508 0.1351480 0.0649508 0.1266037 0.0055524 0.1392122 0.1563949 0.1563949 
MK098187_Megalocytivirus_pagrus1_RSIV  0.0649508 0.1505565 0.1469483 0.1376021 0.0679744 0.1469483 0.0649508 0.0000000 0.1253128 0.0000010 0.1376021 0.0588576 0.1501542 0.1437919 0.1437919 
GQ273492_Megalocytivirus_pagrus1_TRBIV 0.1351480 0.1595847 0.1558304 0.1461044 0.1385267 0.1558304 0.1351480 0.1253128 0.0000000 0.1253128 0.1461044 0.1282782 0.1591453 0.0772428 0.0772428 
MK098186_Megalocytivirus_pagrus1_RSIV  0.0649508 0.1505565 0.1469483 0.1376021 0.0679744 0.1469483 0.0649508 0.0000010 0.1253128 0.0000000 0.1376021 0.0588576 0.1501542 0.1437919 0.1437919 
MW883595_Megalocytivirus_pagrus1_ISKNV 0.1266037 0.0255706 0.0226571 0.0000010 0.1299209 0.0226571 0.1266037 0.1376021 0.1461044 0.1376021 0.0000000 0.1198655 0.0255071 0.1577469 0.1577469 
MW883598_Megalocytivirus_pagrus1_RSIV  0.0055524 0.1327820 0.1292211 0.1198655 0.0083407 0.1292211 0.0055524 0.0588576 0.1282782 0.0588576 0.1198655 0.0000000 0.1324251 0.1494981 0.1494981 
MT926123_Megalocytivirus_pagrus1_ISKNV 0.1392122 0.0055954 0.0027889 0.0255071 0.1425495 0.0027889 0.1392122 0.1501542 0.1591453 0.1501542 0.0255071 0.1324251 0.0000000 0.1775413 0.1775413 
MG570132_Megalocytivirus_pagrus1_TRBIV 0.1563949 0.1780275 0.1742292 0.1577469 0.1597801 0.1742292 0.1563949 0.1437919 0.0772428 0.1437919 0.1577469 0.1494981 0.1775413 0.0000000 0.0000010 
MG570131_Megalocytivirus_pagrus1_TRBIV 0.1563949 0.1780275 0.1742292 0.1577469 0.1597801 0.1742292 0.1563949 0.1437919 0.0772428 0.1437919 0.1577469 0.1494981 0.1775413 0.0000010 0.0000000 
