24
Chlor_AMIV_KF938901_1_Chlor_AMIV_KF938901.1_00125             0.0000000 0.5661754 2.7683911 2.4065153 1.6245349 1.7487027 2.7668010 2.8716308 2.7984991 2.7984991 2.8323635 2.8516098 2.8516098 2.7979814 2.8575850 3.3063960 2.7979814 3.1852928 3.5766693 2.8574950 2.8797539 2.8797539 3.0410786 3.0065795 
Chlor_IIV22_HF920633_1_Chlor_IIV22_HF920633.1_00085           0.5661754 0.0000000 2.6371178 2.3905744 1.6142744 1.7921223 2.4535739 2.4842110 2.3508917 2.3508917 2.3708793 2.6757623 2.6757623 2.6475235 2.6886674 3.2929143 2.6475235 3.2186187 3.2962357 2.6950667 2.7238444 2.7238444 2.9411394 2.9221125 
Daphi_LS484712_1_Daphi_LS484712.1_00256                       2.7683911 2.6371178 0.0000000 3.6056188 2.7829115 2.7181986 3.5401380 4.0629780 3.5706575 3.5706575 3.5887318 3.1315413 3.1315413 3.0617097 3.1762605 3.4877819 3.0617097 3.3395410 4.2133377 3.0895214 3.0670213 3.0670213 3.3655358 3.4035780 
Decap_MF599468_1_Decap_MF599468.1_00154                       2.4065153 2.3905744 3.6056188 0.0000000 2.4189376 2.6991545 2.2361640 2.0873739 2.3314195 2.3314195 2.3054675 2.3558628 2.3558628 2.3354137 2.3914173 2.7600225 2.3354137 2.7507749 3.6151352 2.3359320 2.3225115 2.3225115 2.3777108 2.3644072 
Irido_IIV31_HF920637_1_Irido_IIV31_HF920637.1_00221           1.6245349 1.6142744 2.7829115 2.4189376 0.0000000 0.6332567 2.4461060 2.7359143 2.3214738 2.3214738 2.3364325 2.5987112 2.5987112 2.5868882 2.6848743 3.8875005 2.5868882 3.7919398 3.3154630 2.5955454 2.6227101 2.6227101 3.0245953 2.8366680 
Irido_IIV6_AF303741_1_Irido_IIV6_AF303741.1_00129             1.7487027 1.7921223 2.7181986 2.6991545 0.6332567 0.0000000 2.7881506 3.0497656 2.5037195 2.5037195 2.5192300 2.5991381 2.5991381 2.5601153 2.6496822 3.3839772 2.5601153 3.3082152 3.0278399 2.5987226 2.6181360 2.6181360 3.0333400 2.9899041 
Lymph_LCD4_MN803438_1_Lymph_LCD4_MN803438.1_00071             2.7668010 2.4535739 3.5401380 2.2361640 2.4461060 2.7881506 0.0000000 0.5574623 2.6365897 2.6365897 2.6048904 2.6701057 2.6701057 2.6612379 2.7499296 3.3854971 2.6612379 3.3628905 4.3909430 2.7160729 2.7284432 2.7284432 1.7781193 1.7725658 
Lymph_LDV1_L63545_1_Lymph_LDV1_L63545.1_00056                 2.8716308 2.4842110 4.0629780 2.0873739 2.7359143 3.0497656 0.5574623 0.0000000 2.4667805 2.4667805 2.4378347 2.7126076 2.7126076 2.6887108 2.7570593 3.9508334 2.6887108 3.8606613 3.7657419 2.7098734 2.7365226 2.7365226 1.9947357 1.9588425 
MCV_ML1_SDDV_MN562489_1_MCV_ML1_SDDV_MN562489.1_00056         2.7984991 2.3508917 3.5706575 2.3314195 2.3214738 2.5037195 2.6365897 2.4667805 0.0000000 0.0000010 0.0037141 1.3522449 1.3522449 1.3414792 1.3580047 1.5694299 1.3414792 1.5343695 1.9377756 1.3556960 1.3477106 1.3477106 2.7917825 2.6557155 
MCV_ML1_SDDV_MT521409_1_MCV_ML1_SDDV_MT521409.1_00057         2.7984991 2.3508917 3.5706575 2.3314195 2.3214738 2.5037195 2.6365897 2.4667805 0.0000010 0.0000000 0.0037141 1.3522449 1.3522449 1.3414792 1.3580047 1.5694299 1.3414792 1.5343695 1.9377756 1.3556960 1.3477106 1.3477106 2.7917825 2.6557155 
MCV_ML1_SDDV_OM037668_1_MCV_ML1_SDDV_OM037668.1_00080         2.8323635 2.3708793 3.5887318 2.3054675 2.3364325 2.5192300 2.6048904 2.4378347 0.0037141 0.0037141 0.0000000 1.3534368 1.3534368 1.3426205 1.3592034 1.5694299 1.3426205 1.5343695 1.9496310 1.3568943 1.3488788 1.3488788 2.7550520 2.6219821 
MCV_MP1_BCFI_MN432490_1_MCV_MP1_BCFI_MN432490.1_00097         2.8516098 2.6757623 3.1315413 2.3558628 2.5987112 2.5991381 2.6701057 2.7126076 1.3522449 1.3522449 1.3534368 0.0000000 0.0000010 0.0205415 0.0000010 0.0000010 0.0205415 0.0255879 0.3274967 0.0248873 0.0248274 0.0248274 2.5190419 2.5460197 
MCV_MP1_BCFI_MT926123_1_MCV_MP1_BCFI_MT926123.1_00096         2.8516098 2.6757623 3.1315413 2.3558628 2.5987112 2.5991381 2.6701057 2.7126076 1.3522449 1.3522449 1.3534368 0.0000010 0.0000000 0.0205415 0.0000010 0.0000010 0.0205415 0.0255879 0.3274967 0.0248873 0.0248274 0.0248274 2.5190419 2.5460197 
MCV_MP1_GSPI_KT804738_1_MCV_MP1_GSPI_KT804738.1_00092         2.7979814 2.6475235 3.0617097 2.3354137 2.5868882 2.5601153 2.6612379 2.6887108 1.3414792 1.3414792 1.3426205 0.0205415 0.0205415 0.0000000 0.0205415 0.0255879 0.0000010 0.0000010 0.3301234 0.0290110 0.0289417 0.0289417 2.5339215 2.5661736 
MCV_MP1_LBUSV_OP009387_1_MCV_MP1_LBUSV_OP009387.1_00095       2.8575850 2.6886674 3.1762605 2.3914173 2.6848743 2.6496822 2.7499296 2.7570593 1.3580047 1.3580047 1.3592034 0.0000010 0.0000010 0.0205415 0.0000000 0.0000010 0.0205415 0.0255879 0.3274967 0.0248873 0.0248274 0.0248274 2.5388504 2.6348417 
MCV_MP1_LYCI_AY779031_1_MCV_MP1_LYCI_AY779031.1_00103         3.3063960 3.2929143 3.4877819 2.7600225 3.8875005 3.3839772 3.3854971 3.9508334 1.5694299 1.5694299 1.5694299 0.0000010 0.0000010 0.0255879 0.0000010 0.0000000 0.0255879 0.0255879 1.6578984 0.0258874 0.0257584 0.0257584 3.2242148 3.1234562 
MCV_MP1_LYCI_MW139932_1_MCV_MP1_LYCI_MW139932.1_00096         2.7979814 2.6475235 3.0617097 2.3354137 2.5868882 2.5601153 2.6612379 2.6887108 1.3414792 1.3414792 1.3426205 0.0205415 0.0205415 0.0000010 0.0205415 0.0255879 0.0000000 0.0000010 0.3301234 0.0290110 0.0289417 0.0289417 2.5339215 2.5661736 
MCV_MP1_RBIV_AY532606_1_MCV_MP1_RBIV_AY532606.1_00098         3.1852928 3.2186187 3.3395410 2.7507749 3.7919398 3.3082152 3.3628905 3.8606613 1.5343695 1.5343695 1.5343695 0.0255879 0.0255879 0.0000010 0.0255879 0.0255879 0.0000010 0.0000000 1.6578984 0.0344595 0.0342904 0.0342904 3.2964890 3.1934664 
MCV_MP1_RBIV_AY532606_1_MCV_MP1_RBIV_AY532606.1_00099         3.5766693 3.2962357 4.2133377 3.6151352 3.3154630 3.0278399 4.3909430 3.7657419 1.9377756 1.9377756 1.9496310 0.3274967 0.3274967 0.3301234 0.3274967 1.6578984 0.3301234 1.6578984 0.0000000 0.3621734 0.3621734 0.3621734 3.1590747 3.1965605 
MCV_MP1_TRBIV_GQ273492_1_MCV_MP1_TRBIV_GQ273492.1_00092       2.8574950 2.6950667 3.0895214 2.3359320 2.5955454 2.5987226 2.7160729 2.7098734 1.3556960 1.3556960 1.3568943 0.0248873 0.0248873 0.0290110 0.0248873 0.0258874 0.0290110 0.0344595 0.3621734 0.0000000 0.0040908 0.0040908 2.5333202 2.5725454 
MCV_Unclassified_MG570131_1_MCV_Unclassified_MG570131.1_00092 2.8797539 2.7238444 3.0670213 2.3225115 2.6227101 2.6181360 2.7284432 2.7365226 1.3477106 1.3477106 1.3488788 0.0248274 0.0248274 0.0289417 0.0248274 0.0257584 0.0289417 0.0342904 0.3621734 0.0040908 0.0000000 0.0000010 2.5231021 2.5728229 
MCV_Unclassified_MG570132_1_MCV_Unclassified_MG570132.1_00092 2.8797539 2.7238444 3.0670213 2.3225115 2.6227101 2.6181360 2.7284432 2.7365226 1.3477106 1.3477106 1.3488788 0.0248274 0.0248274 0.0289417 0.0248274 0.0257584 0.0289417 0.0342904 0.3621734 0.0040908 0.0000010 0.0000000 2.5231021 2.5728229 
Rana_FV3_NC_005946_1_Rana_FV3_NC_005946.1_00014               3.0410786 2.9411394 3.3655358 2.3777108 3.0245953 3.0333400 1.7781193 1.9947357 2.7917825 2.7917825 2.7550520 2.5190419 2.5190419 2.5339215 2.5388504 3.2242148 2.5339215 3.2964890 3.1590747 2.5333202 2.5231021 2.5231021 0.0000000 0.5866940 
Rana_SGIV_AY521625_1_Rana_SGIV_AY521625.1_00100               3.0065795 2.9221125 3.4035780 2.3644072 2.8366680 2.9899041 1.7725658 1.9588425 2.6557155 2.6557155 2.6219821 2.5460197 2.5460197 2.5661736 2.6348417 3.1234562 2.5661736 3.1934664 3.1965605 2.5725454 2.5728229 2.5728229 0.5866940 0.0000000 
