23
MK098187_Megalocytivirus_pagrus1_RSIV  0.0000000 0.0662657 0.0089849 0.0662657 0.0488196 0.0664065 0.0000010 0.0586365 0.0089849 0.0694875 0.0554805 0.0271438 0.0089866 0.0664065 0.0059803 0.0523931 0.0523931 0.0059868 0.0585911 0.0585911 0.0694903 0.0554805 0.0694875 
MW883593_Megalocytivirus_pagrus1_ISKNV 0.0662657 0.0000000 0.0722999 0.0000010 0.0789869 0.0000010 0.0662657 0.0186722 0.0722999 0.0030123 0.0155505 0.0657297 0.0723132 0.0000010 0.0690541 0.0124470 0.0124470 0.0727363 0.0858190 0.0858190 0.0030125 0.0155505 0.0030123 
ON743042_Megalocytivirus_pagrus1_RSIV  0.0089849 0.0722999 0.0000000 0.0722999 0.0519553 0.0724530 0.0089849 0.0646006 0.0000010 0.0755191 0.0614462 0.0302081 0.0059924 0.0724530 0.0029906 0.0583661 0.0583661 0.0029894 0.0617765 0.0617765 0.0755221 0.0614462 0.0755191 
OR670976_Megalocytivirus_pagrus1_ISKNV 0.0662657 0.0000010 0.0722999 0.0000000 0.0789869 0.0000010 0.0662657 0.0186722 0.0722999 0.0030123 0.0155505 0.0657297 0.0723132 0.0000010 0.0690541 0.0124470 0.0124470 0.0727363 0.0858190 0.0858190 0.0030125 0.0155505 0.0030123 
GQ273492_Megalocytivirus_pagrus1_TRBIV 0.0488196 0.0789869 0.0519553 0.0789869 0.0000000 0.0791550 0.0488196 0.0711501 0.0519553 0.0822303 0.0679699 0.0211005 0.0489005 0.0791550 0.0488145 0.0648720 0.0648720 0.0550758 0.0397880 0.0397880 0.0822336 0.0679699 0.0822303 
MW883597_Megalocytivirus_pagrus1_ISKNV 0.0664065 0.0000010 0.0724530 0.0000010 0.0791550 0.0000000 0.0664065 0.0187115 0.0724530 0.0030185 0.0155832 0.0658683 0.0724664 0.0000010 0.0692001 0.0124724 0.0124724 0.0728911 0.0860027 0.0860027 0.0030186 0.0155832 0.0030185 
OK042108_Megalocytivirus_pagrus1_RSIV  0.0000010 0.0662657 0.0089849 0.0662657 0.0488196 0.0664065 0.0000000 0.0586365 0.0089849 0.0694875 0.0554805 0.0271438 0.0089866 0.0664065 0.0059803 0.0523931 0.0523931 0.0059868 0.0585911 0.0585911 0.0694903 0.0554805 0.0694875 
MW883595_Megalocytivirus_pagrus1_ISKNV 0.0586365 0.0186722 0.0646006 0.0186722 0.0711501 0.0187115 0.0586365 0.0000000 0.0646006 0.0217987 0.0030160 0.0581663 0.0646125 0.0187115 0.0614164 0.0060404 0.0060404 0.0649889 0.0778379 0.0778379 0.0217997 0.0030160 0.0217987 
ON075463_Megalocytivirus_pagrus1_RSIV  0.0089849 0.0722999 0.0000010 0.0722999 0.0519553 0.0724530 0.0089849 0.0646006 0.0000000 0.0755191 0.0614462 0.0302081 0.0059924 0.0724530 0.0029906 0.0583661 0.0583661 0.0029894 0.0617765 0.0617765 0.0755221 0.0614462 0.0755191 
MW883602_Megalocytivirus_pagrus1_ISKNV 0.0694875 0.0030123 0.0755191 0.0030123 0.0822303 0.0030185 0.0694875 0.0217987 0.0755191 0.0000000 0.0186724 0.0689265 0.0755330 0.0030185 0.0722643 0.0155681 0.0155681 0.0759734 0.0890909 0.0890909 0.0060322 0.0186724 0.0000010 
MN432490_Megalocytivirus_pagrus1_ISKNV 0.0554805 0.0155505 0.0614462 0.0155505 0.0679699 0.0155832 0.0554805 0.0030160 0.0614462 0.0186724 0.0000000 0.0550357 0.0614576 0.0155832 0.0582718 0.0030165 0.0030165 0.0618167 0.0746287 0.0746287 0.0186732 0.0000010 0.0186724 
OQ475017_Megalocytivirus_pagrus1_RSIV  0.0271438 0.0657297 0.0302081 0.0657297 0.0211005 0.0658683 0.0271438 0.0581663 0.0302081 0.0689265 0.0550357 0.0000000 0.0271881 0.0658683 0.0271411 0.0519711 0.0519711 0.0332666 0.0428423 0.0428423 0.0689294 0.0550357 0.0689265 
OK042109_Megalocytivirus_pagrus1_RSIV  0.0089866 0.0723132 0.0059924 0.0723132 0.0489005 0.0724664 0.0089866 0.0646125 0.0059924 0.0755330 0.0614576 0.0271881 0.0000000 0.0724664 0.0029912 0.0583770 0.0583770 0.0089981 0.0617880 0.0617880 0.0755361 0.0614576 0.0755330 
MW883596_Megalocytivirus_pagrus1_ISKNV 0.0664065 0.0000010 0.0724530 0.0000010 0.0791550 0.0000010 0.0664065 0.0187115 0.0724530 0.0030185 0.0155832 0.0658683 0.0724664 0.0000000 0.0692001 0.0124724 0.0124724 0.0728911 0.0860027 0.0860027 0.0030186 0.0155832 0.0030185 
KC244182_Megalocytivirus_pagrus1_RSIV  0.0059803 0.0690541 0.0029906 0.0690541 0.0488145 0.0692001 0.0059803 0.0614164 0.0029906 0.0722643 0.0582718 0.0271411 0.0029912 0.0692001 0.0000000 0.0551967 0.0551967 0.0059878 0.0585848 0.0585848 0.0722672 0.0582718 0.0722643 
MT986830_Megalocytivirus_pagrus1_ISKNV 0.0523931 0.0124470 0.0583661 0.0124470 0.0648720 0.0124724 0.0523931 0.0060404 0.0583661 0.0155681 0.0030165 0.0519711 0.0583770 0.0124724 0.0551967 0.0000000 0.0000010 0.0587195 0.0715102 0.0715102 0.0155688 0.0030165 0.0155681 
PP151097_Megalocytivirus_pagrus1_ISKNV 0.0523931 0.0124470 0.0583661 0.0124470 0.0648720 0.0124724 0.0523931 0.0060404 0.0583661 0.0155681 0.0030165 0.0519711 0.0583770 0.0124724 0.0551967 0.0000010 0.0000000 0.0587195 0.0715102 0.0715102 0.0155688 0.0030165 0.0155681 
ON740976_Megalocytivirus_pagrus1_RSIV  0.0059868 0.0727363 0.0029894 0.0727363 0.0550758 0.0728911 0.0059868 0.0649889 0.0029894 0.0759734 0.0618167 0.0332666 0.0089981 0.0728911 0.0059878 0.0587195 0.0587195 0.0000000 0.0649412 0.0649412 0.0759765 0.0618167 0.0759734 
MG570132_Megalocytivirus_pagrus1_TRBIV 0.0585911 0.0858190 0.0617765 0.0858190 0.0397880 0.0860027 0.0585911 0.0778379 0.0617765 0.0890909 0.0746287 0.0428423 0.0617880 0.0860027 0.0585848 0.0715102 0.0715102 0.0649412 0.0000000 0.0000010 0.0890945 0.0746287 0.0890909 
MG570131_Megalocytivirus_pagrus1_TRBIV 0.0585911 0.0858190 0.0617765 0.0858190 0.0397880 0.0860027 0.0585911 0.0778379 0.0617765 0.0890909 0.0746287 0.0428423 0.0617880 0.0860027 0.0585848 0.0715102 0.0715102 0.0649412 0.0000010 0.0000000 0.0890945 0.0746287 0.0890909 
MW883603_Megalocytivirus_pagrus1_ISKNV 0.0694903 0.0030125 0.0755221 0.0030125 0.0822336 0.0030186 0.0694903 0.0217997 0.0755221 0.0060322 0.0186732 0.0689294 0.0755361 0.0030186 0.0722672 0.0155688 0.0155688 0.0759765 0.0890945 0.0890945 0.0000000 0.0186732 0.0060322 
OP009387_Megalocytivirus_pagrus1_ISKNV 0.0554805 0.0155505 0.0614462 0.0155505 0.0679699 0.0155832 0.0554805 0.0030160 0.0614462 0.0186724 0.0000010 0.0550357 0.0614576 0.0155832 0.0582718 0.0030165 0.0030165 0.0618167 0.0746287 0.0746287 0.0186732 0.0000000 0.0186724 
MW273354_Megalocytivirus_pagrus1_ISKNV 0.0694875 0.0030123 0.0755191 0.0030123 0.0822303 0.0030185 0.0694875 0.0217987 0.0755191 0.0000010 0.0186724 0.0689265 0.0755330 0.0030185 0.0722643 0.0155681 0.0155681 0.0759734 0.0890909 0.0890909 0.0060322 0.0186724 0.0000000 
