24
ON743042_Megalocytivirus_pagrus1_RSIV                    0.0000000 0.5888551 0.0392695 0.0324816 0.0324816 1.0514973 0.0000010 2.5178082 2.7683412 2.2203612 0.0104614 2.9829358 0.0460675 0.0104614 2.1296793 0.0216864 0.0216864 3.3697784 0.0392695 2.4208254 1.0514973 3.1661381 2.8405929 2.5606301 
PQ335173_PQ335174_Threespine_stickleback_iridovirus_TSIV 0.5888551 0.0000000 0.5468712 0.6011667 0.6011667 1.0049069 0.5888551 2.9060881 2.7713361 2.3821164 0.5800106 3.0495689 0.5574404 0.5800106 2.5805040 0.6124080 0.6124080 3.4008694 0.5468712 2.7665996 1.0049069 3.6663836 3.1352393 2.7607291 
MG570132_Megalocytivirus_pagrus1_TRBIV                   0.0392695 0.5468712 0.0000000 0.0568455 0.0568455 0.9805895 0.0392695 2.5569612 2.6528834 2.2288494 0.0448771 2.7976269 0.0220334 0.0448771 2.1150307 0.0400166 0.0400166 3.4063602 0.0000010 2.4489943 0.9805895 3.1669156 3.0593854 2.5809658 
MK689685_Megalocytivirus_pagrus1_ISKNV                   0.0324816 0.6011667 0.0568455 0.0000000 0.0000010 1.0782998 0.0324816 2.5501111 2.7599559 2.2970162 0.0274997 2.9927226 0.0640146 0.0274997 2.1851624 0.0216697 0.0216697 3.6225232 0.0568455 2.4883272 1.0782998 3.2457237 2.9196168 2.6235472 
MT986830_Megalocytivirus_pagrus1_ISKNV                   0.0324816 0.6011667 0.0568455 0.0000010 0.0000000 1.0782998 0.0324816 2.5501111 2.7599559 2.2970162 0.0274997 2.9927226 0.0640146 0.0274997 2.1851624 0.0216697 0.0216697 3.6225232 0.0568455 2.4883272 1.0782998 3.2457237 2.9196168 2.6235472 
OM037668_Megalocytivirus_lates1_SDDV                     1.0514973 1.0049069 0.9805895 1.0782998 1.0782998 0.0000000 1.0514973 2.6554154 3.1407879 2.1444924 1.0393138 2.7785558 1.0221370 1.0393138 2.2744559 1.0707220 1.0707220 3.0050546 0.9805895 2.3137451 0.0000010 3.3745705 2.9163199 2.4551022 
AY894343_Megalocytivirus_pagrus1_RSIV                    0.0000010 0.5888551 0.0392695 0.0324816 0.0324816 1.0514973 0.0000000 2.5178082 2.7683412 2.2203612 0.0104614 2.9829358 0.0460675 0.0104614 2.1296793 0.0216864 0.0216864 3.3697784 0.0392695 2.4208254 1.0514973 3.1661381 2.8405929 2.5606301 
AY521625_Ranavirus_epinephelus1_n/a                      2.5178082 2.9060881 2.5569612 2.5501111 2.5501111 2.6554154 2.5178082 0.0000000 1.1212224 2.8198501 2.5078159 3.5692472 2.5093297 2.5078159 2.9912128 2.5704339 2.5704339 4.1718399 2.5569612 3.5170487 2.6554154 4.7348902 4.7310948 3.6644601 
NC_005946_Ranavirus_rana1_n/a                            2.7683412 2.7713361 2.6528834 2.7599559 2.7599559 3.1407879 2.7683412 1.1212224 0.0000000 2.0443563 2.7546925 3.2347371 2.5496151 2.7546925 2.3371616 2.8457090 2.8457090 4.2192455 2.6528834 3.2745537 3.1407879 3.7856057 4.2054844 3.4500189 
MN803438_Lymphocystivirus_micropogonias1_n/a             2.2203612 2.3821164 2.2288494 2.2970162 2.2970162 2.1444924 2.2203612 2.8198501 2.0443563 0.0000000 2.2365276 2.3051952 2.3056392 2.2365276 0.2560830 2.3054697 2.3054697 2.5507604 2.2288494 2.1918556 2.1444924 2.7363109 2.7478783 2.1565741 
MW139932_Megalocytivirus_pagrus1_RSIV                    0.0104614 0.5800106 0.0448771 0.0274997 0.0274997 1.0393138 0.0104614 2.5078159 2.7546925 2.2365276 0.0000000 2.9674537 0.0517698 0.0000010 2.1448598 0.0276153 0.0276153 3.4298325 0.0448771 2.4229337 1.0393138 3.1829079 2.8342069 2.5627759 
MF599468_Decapodiridovirus_litopenaeus1_n/a              2.9829358 3.0495689 2.7976269 2.9927226 2.9927226 2.7785558 2.9829358 3.5692472 3.2347371 2.3051952 2.9674537 0.0000000 2.8553695 2.9674537 2.4354635 2.9843207 2.9843207 1.8573673 2.7976269 1.4426676 2.7785558 2.2243104 2.1396525 1.3644764 
GQ273492_Megalocytivirus_pagrus1_TRBIV                   0.0460675 0.5574404 0.0220334 0.0640146 0.0640146 1.0221370 0.0460675 2.5093297 2.5496151 2.3056392 0.0517698 2.8553695 0.0000000 0.0517698 2.1953305 0.0469584 0.0469584 3.3231128 0.0220334 2.5078582 1.0221370 3.3208097 2.9899887 2.6274293 
OQ475017_Megalocytivirus_pagrus1_RSIV                    0.0104614 0.5800106 0.0448771 0.0274997 0.0274997 1.0393138 0.0104614 2.5078159 2.7546925 2.2365276 0.0000010 2.9674537 0.0517698 0.0000000 2.1448598 0.0276153 0.0276153 3.4298325 0.0448771 2.4229337 1.0393138 3.1829079 2.8342069 2.5627759 
KX643370_Lymphocystivirus_sparus1_n/a                    2.1296793 2.5805040 2.1150307 2.1851624 2.1851624 2.2744559 2.1296793 2.9912128 2.3371616 0.2560830 2.1448598 2.4354635 2.1953305 2.1448598 0.0000000 2.1934185 2.1934185 2.6394394 2.1150307 2.2590602 2.2744559 2.7480497 2.8497907 2.2000963 
MW883595_Megalocytivirus_pagrus1_ISKNV                   0.0216864 0.6124080 0.0400166 0.0216697 0.0216697 1.0707220 0.0216864 2.5704339 2.8457090 2.3054697 0.0276153 2.9843207 0.0469584 0.0276153 2.1934185 0.0000000 0.0000010 3.5166923 0.0400166 2.4645289 1.0707220 3.3089257 2.8677950 2.6065691 
OP009387_Megalocytivirus_pagrus1_ISKNV                   0.0216864 0.6124080 0.0400166 0.0216697 0.0216697 1.0707220 0.0216864 2.5704339 2.8457090 2.3054697 0.0276153 2.9843207 0.0469584 0.0276153 2.1934185 0.0000010 0.0000000 3.5166923 0.0400166 2.4645289 1.0707220 3.3089257 2.8677950 2.6065691 
HF920633_Chloriridovirus_simulium1_n/a                   3.3697784 3.4008694 3.4063602 3.6225232 3.6225232 3.0050546 3.3697784 4.1718399 4.2192455 2.5507604 3.4298325 1.8573673 3.3231128 3.4298325 2.6394394 3.5166923 3.5166923 0.0000000 3.4063602 1.4466841 3.0050546 2.0159032 0.5091163 1.5187185 
MG570131_Megalocytivirus_pagrus1_TRBIV                   0.0392695 0.5468712 0.0000010 0.0568455 0.0568455 0.9805895 0.0392695 2.5569612 2.6528834 2.2288494 0.0448771 2.7976269 0.0220334 0.0448771 2.1150307 0.0400166 0.0400166 3.4063602 0.0000000 2.4489943 0.9805895 3.1669156 3.0593854 2.5809658 
HF920637_Iridovirus_armadillidium1_n/a                   2.4208254 2.7665996 2.4489943 2.4883272 2.4883272 2.3137451 2.4208254 3.5170487 3.2745537 2.1918556 2.4229337 1.4426676 2.5078582 2.4229337 2.2590602 2.4645289 2.4645289 1.4466841 2.4489943 0.0000000 2.3137451 2.7220928 1.4469775 0.4116717 
MT521409_Megalocytivirus_lates1_SDDV                     1.0514973 1.0049069 0.9805895 1.0782998 1.0782998 0.0000010 1.0514973 2.6554154 3.1407879 2.1444924 1.0393138 2.7785558 1.0221370 1.0393138 2.2744559 1.0707220 1.0707220 3.0050546 0.9805895 2.3137451 0.0000000 3.3745705 2.9163199 2.4551022 
LS484712_Daphniairidovirus_daphnia1_n/a                  3.1661381 3.6663836 3.1669156 3.2457237 3.2457237 3.3745705 3.1661381 4.7348902 3.7856057 2.7363109 3.1829079 2.2243104 3.3208097 3.1829079 2.7480497 3.3089257 3.3089257 2.0159032 3.1669156 2.7220928 3.3745705 0.0000000 2.2857357 3.0136727 
KF938901_Chloriridovirus_anopheles1_n/a                  2.8405929 3.1352393 3.0593854 2.9196168 2.9196168 2.9163199 2.8405929 4.7310948 4.2054844 2.7478783 2.8342069 2.1396525 2.9899887 2.8342069 2.8497907 2.8677950 2.8677950 0.5091163 3.0593854 1.4469775 2.9163199 2.2857357 0.0000000 1.5080515 
AF303741_Iridovirus_chilo1_n/a                           2.5606301 2.7607291 2.5809658 2.6235472 2.6235472 2.4551022 2.5606301 3.6644601 3.4500189 2.1565741 2.5627759 1.3644764 2.6274293 2.5627759 2.2000963 2.6065691 2.6065691 1.5187185 2.5809658 0.4116717 2.4551022 3.0136727 1.5080515 0.0000000 
