25
MK637631_European_chub_iridovirus_ECIV                   0.0000000 1.1380195 1.1878448 1.1488669 1.1479174 1.1479174 0.5721771 1.1380195 2.6849602 2.9392431 2.3471692 1.1227895 2.8115148 1.1287014 1.1227895 2.6611802 1.1618926 1.1618926 3.6364954 1.1488669 2.6079574 0.5721771 4.0103955 3.7345918 2.5260867 
ON743042_Megalocytivirus_pagrus1_RSIV                    1.1380195 0.0000000 0.5918260 0.0392877 0.0324909 0.0324909 1.0609921 0.0000010 2.5622069 2.8222159 2.2558480 0.0104618 3.0390249 0.0461006 0.0104618 2.1632212 0.0216925 0.0216925 3.4397925 0.0392877 2.4580062 1.0609921 3.2280990 2.8934926 2.6021790 
PQ335173_PQ335174_Threespine_stickleback_iridovirus_TSIV 1.1878448 0.5918260 0.0000000 0.5494600 0.6043370 0.6043370 1.0138088 0.5918260 2.9622358 2.8254136 2.4217431 0.5829502 3.1075944 0.5601594 0.5829502 2.6259006 0.6156606 0.6156606 3.4729386 0.5494600 2.8143103 1.0138088 3.7472208 3.1969743 2.8076597 
MG570132_Megalocytivirus_pagrus1_TRBIV                   1.1488669 0.0392877 0.5494600 0.0000000 0.0568796 0.0568796 0.9893544 0.0392877 2.6026864 2.7028619 2.2643944 0.0448968 2.8473835 0.0220407 0.0448968 2.1478175 0.0400441 0.0400441 3.4780248 0.0000010 2.4868075 0.9893544 3.2285210 3.1191586 2.6227713 
MK689685_Megalocytivirus_pagrus1_ISKNV                   1.1479174 0.0324909 0.6043370 0.0568796 0.0000000 0.0000010 1.0882529 0.0324909 2.5952711 2.8135366 2.3341960 0.0275136 3.0488704 0.0640665 0.0275136 2.2197095 0.0216748 0.0216748 3.7016154 0.0568796 2.5268695 1.0882529 3.3096731 2.9747685 2.6664167 
MT986830_Megalocytivirus_pagrus1_ISKNV                   1.1479174 0.0324909 0.6043370 0.0568796 0.0000010 0.0000000 1.0882529 0.0324909 2.5952711 2.8135366 2.3341960 0.0275136 3.0488704 0.0640665 0.0275136 2.2197095 0.0216748 0.0216748 3.7016154 0.0568796 2.5268695 1.0882529 3.3096731 2.9747685 2.6664167 
OM037668_Megalocytivirus_lates1_SDDV                     0.5721771 1.0609921 1.0138088 0.9893544 1.0882529 1.0882529 0.0000000 1.0609921 2.7037486 3.2061104 2.1781942 1.0486970 2.8263468 1.0315244 1.0486970 2.3111066 1.0806300 1.0806300 3.0612452 0.9893544 2.3492614 0.0000010 3.4429125 2.9703531 2.4932608 
AY894343_Megalocytivirus_pagrus1_RSIV                    1.1380195 0.0000010 0.5918260 0.0392877 0.0324909 0.0324909 1.0609921 0.0000000 2.5622069 2.8222159 2.2558480 0.0104618 3.0390249 0.0461006 0.0104618 2.1632212 0.0216925 0.0216925 3.4397925 0.0392877 2.4580062 1.0609921 3.2280990 2.8934926 2.6021790 
AY521625_Ranavirus_epinephelus1_n/a                      2.6849602 2.5622069 2.9622358 2.6026864 2.5952711 2.5952711 2.7037486 2.5622069 0.0000000 1.1326052 2.8708912 2.5519699 3.6466712 2.5536110 2.5519699 3.0495106 2.6160708 2.6160708 4.2675679 2.6026864 3.5902163 2.7037486 4.8529166 4.8529235 3.7435716 
NC_005946_Ranavirus_rana1_n/a                            2.9392431 2.8222159 2.8254136 2.7028619 2.8135366 2.8135366 3.2061104 2.8222159 1.1326052 0.0000000 2.0753399 2.8082635 3.3022538 2.5963885 2.8082635 2.3762635 2.9017885 2.9017885 4.3221635 2.7028619 3.3406636 3.2061104 3.8720293 4.3110548 3.5219125 
MN803438_Lymphocystivirus_micropogonias1_n/a             2.3471692 2.2558480 2.4217431 2.2643944 2.3341960 2.3341960 2.1781942 2.2558480 2.8708912 2.0753399 0.0000000 2.2725158 2.3408450 2.3434611 2.2725158 0.2567655 2.3429056 2.3429056 2.5940267 2.2643944 2.2253420 2.1781942 2.7852618 2.7959069 2.1890456 
MW139932_Megalocytivirus_pagrus1_RSIV                    1.1227895 0.0104618 0.5829502 0.0448968 0.0275136 0.0275136 1.0486970 0.0104618 2.5519699 2.8082635 2.2725158 0.0000000 3.0232032 0.0518046 0.0000010 2.1788523 0.0276291 0.0276291 3.5022375 0.0448968 2.4601347 1.0486970 3.2453359 2.8869585 2.6043505 
MF599468_Decapodiridovirus_litopenaeus1_n/a              2.8115148 3.0390249 3.1075944 2.8473835 3.0488704 3.0488704 2.8263468 3.0390249 3.6466712 3.3022538 2.3408450 3.0232032 0.0000000 2.9070463 3.0232032 2.4745195 3.0403262 3.0403262 1.8824981 2.8473835 1.4609663 2.8263468 2.2580439 2.1709068 1.3818983 
GQ273492_Megalocytivirus_pagrus1_TRBIV                   1.1287014 0.0461006 0.5601594 0.0220407 0.0640665 0.0640665 1.0315244 0.0461006 2.5536110 2.5963885 2.3434611 0.0518046 2.9070463 0.0000000 0.0518046 2.2302874 0.0470026 0.0470026 3.3915170 0.0220407 2.5474400 1.0315244 3.3872308 3.0471835 2.6708615 
OQ475017_Megalocytivirus_pagrus1_RSIV                    1.1227895 0.0104618 0.5829502 0.0448968 0.0275136 0.0275136 1.0486970 0.0104618 2.5519699 2.8082635 2.2725158 0.0000010 3.0232032 0.0518046 0.0000000 2.1788523 0.0276291 0.0276291 3.5022375 0.0448968 2.4601347 1.0486970 3.2453359 2.8869585 2.6043505 
KX643370_Lymphocystivirus_sparus1_n/a                    2.6611802 2.1632212 2.6259006 2.1478175 2.2197095 2.2197095 2.3111066 2.1632212 3.0495106 2.3762635 0.2567655 2.1788523 2.4745195 2.2302874 2.1788523 0.0000000 2.2282562 2.2282562 2.6859437 2.1478175 2.2939273 2.3111066 2.7975875 2.9022477 2.2339179 
MW883595_Megalocytivirus_pagrus1_ISKNV                   1.1618926 0.0216925 0.6156606 0.0400441 0.0216748 0.0216748 1.0806300 0.0216925 2.6160708 2.9017885 2.3429056 0.0276291 3.0403262 0.0470026 0.0276291 2.2282562 0.0000000 0.0000010 3.5919198 0.0400441 2.5026408 1.0806300 3.3752151 2.9214817 2.6491584 
OP009387_Megalocytivirus_pagrus1_ISKNV                   1.1618926 0.0216925 0.6156606 0.0400441 0.0216748 0.0216748 1.0806300 0.0216925 2.6160708 2.9017885 2.3429056 0.0276291 3.0403262 0.0470026 0.0276291 2.2282562 0.0000010 0.0000000 3.5919198 0.0400441 2.5026408 1.0806300 3.3752151 2.9214817 2.6491584 
HF920633_Chloriridovirus_simulium1_n/a                   3.6364954 3.4397925 3.4729386 3.4780248 3.7016154 3.7016154 3.0612452 3.4397925 4.2675679 4.3221635 2.5940267 3.5022375 1.8824981 3.3915170 3.5022375 2.6859437 3.5919198 3.5919198 0.0000000 3.4780248 1.4631282 3.0612452 2.0451367 0.5118412 1.5370449 
MG570131_Megalocytivirus_pagrus1_TRBIV                   1.1488669 0.0392877 0.5494600 0.0000010 0.0568796 0.0568796 0.9893544 0.0392877 2.6026864 2.7028619 2.2643944 0.0448968 2.8473835 0.0220407 0.0448968 2.1478175 0.0400441 0.0400441 3.4780248 0.0000000 2.4868075 0.9893544 3.2285210 3.1191586 2.6227713 
HF920637_Iridovirus_armadillidium1_n/a                   2.6079574 2.4580062 2.8143103 2.4868075 2.5268695 2.5268695 2.3492614 2.4580062 3.5902163 3.3406636 2.2253420 2.4601347 1.4609663 2.5474400 2.4601347 2.2939273 2.5026408 2.5026408 1.4631282 2.4868075 0.0000000 2.3492614 2.7697310 1.4629169 0.4139683 
MT521409_Megalocytivirus_lates1_SDDV                     0.5721771 1.0609921 1.0138088 0.9893544 1.0882529 1.0882529 0.0000010 1.0609921 2.7037486 3.2061104 2.1781942 1.0486970 2.8263468 1.0315244 1.0486970 2.3111066 1.0806300 1.0806300 3.0612452 0.9893544 2.3492614 0.0000000 3.4429125 2.9703531 2.4932608 
LS484712_Daphniairidovirus_daphnia1_n/a                  4.0103955 3.2280990 3.7472208 3.2285210 3.3096731 3.3096731 3.4429125 3.2280990 4.8529166 3.8720293 2.7852618 3.2453359 2.2580439 3.3872308 3.2453359 2.7975875 3.3752151 3.3752151 2.0451367 3.2285210 2.7697310 3.4429125 0.0000000 2.3223396 3.0706399 
KF938901_Chloriridovirus_anopheles1_n/a                  3.7345918 2.8934926 3.1969743 3.1191586 2.9747685 2.9747685 2.9703531 2.8934926 4.8529235 4.3110548 2.7959069 2.8869585 2.1709068 3.0471835 2.8869585 2.9022477 2.9214817 2.9214817 0.5118412 3.1191586 1.4629169 2.9703531 2.3223396 0.0000000 1.5246606 
AF303741_Iridovirus_chilo1_n/a                           2.5260867 2.6021790 2.8076597 2.6227713 2.6664167 2.6664167 2.4932608 2.6021790 3.7435716 3.5219125 2.1890456 2.6043505 1.3818983 2.6708615 2.6043505 2.2339179 2.6491584 2.6491584 1.5370449 2.6227713 0.4139683 2.4932608 3.0706399 1.5246606 0.0000000 
