17
NC_003494_Megalocytivirus_pagrus1_ISKNV                  0.0000000 0.0785425 0.1024255 0.0000010 0.0728488 1.4736439 0.1024255 0.0728488 0.0149859 0.0785425 0.8590801 0.0964088 0.1056064 1.4736439 0.0149859 0.1056064 0.0049501 
MK098187_Megalocytivirus_pagrus1_RSIV                    0.0785425 0.0000000 0.1452996 0.0785425 0.0105605 1.3932863 0.1452996 0.0105605 0.0724596 0.0000010 0.9002142 0.1391676 0.1579039 1.3932863 0.0724596 0.1579039 0.0844702 
OL774653_Megalocytivirus_pagrus1_RSIV                    0.1024255 0.1452996 0.0000000 0.1024255 0.1391350 1.4157696 0.0000010 0.1391350 0.0873256 0.1452996 0.8224756 0.0053353 0.1037385 1.4157696 0.0873256 0.1037385 0.1087687 
MW883606_Megalocytivirus_pagrus1_ISKNV                   0.0000010 0.0785425 0.1024255 0.0000000 0.0728488 1.4736439 0.1024255 0.0728488 0.0149859 0.0785425 0.8590801 0.0964088 0.1056064 1.4736439 0.0149859 0.1056064 0.0049501 
AY894343_Megalocytivirus_pagrus1_RSIV                    0.0728488 0.0105605 0.1391350 0.0728488 0.0000000 1.4045646 0.1391350 0.0000010 0.0668109 0.0105605 0.9086931 0.1330098 0.1516946 1.4045646 0.0668109 0.1516946 0.0787481 
MN562489_Megalocytivirus_lates1_SDDV                     1.4736439 1.3932863 1.4157696 1.4736439 1.4045646 0.0000000 1.4157696 1.4045646 1.4611925 1.3932863 1.5739669 1.4315697 1.5664060 0.0000010 1.4611925 1.5664060 1.4972707 
OL774654_Megalocytivirus_pagrus1_RSIV                    0.1024255 0.1452996 0.0000010 0.1024255 0.1391350 1.4157696 0.0000000 0.1391350 0.0873256 0.1452996 0.8224756 0.0053353 0.1037385 1.4157696 0.0873256 0.1037385 0.1087687 
ON075463_Megalocytivirus_pagrus1_RSIV                    0.0728488 0.0105605 0.1391350 0.0728488 0.0000010 1.4045646 0.1391350 0.0000000 0.0668109 0.0105605 0.9086931 0.1330098 0.1516946 1.4045646 0.0668109 0.1516946 0.0787481 
MN432490_Megalocytivirus_pagrus1_ISKNV                   0.0149859 0.0724596 0.0873256 0.0149859 0.0668109 1.4611925 0.0873256 0.0668109 0.0000000 0.0724596 0.8353647 0.0814476 0.0920040 1.4611925 0.0000010 0.0920040 0.0200478 
MK098185_Megalocytivirus_pagrus1_RSIV                    0.0785425 0.0000010 0.1452996 0.0785425 0.0105605 1.3932863 0.1452996 0.0105605 0.0724596 0.0000000 0.9002142 0.1391676 0.1579039 1.3932863 0.0724596 0.1579039 0.0844702 
PQ335173_PQ335174_Threespine_stickleback_iridovirus_TSIV 0.8590801 0.9002142 0.8224756 0.8590801 0.9086931 1.5739669 0.8224756 0.9086931 0.8353647 0.9002142 0.0000000 0.8254025 0.8813170 1.5739669 0.8353647 0.8813170 0.8740044 
GQ273492_Megalocytivirus_pagrus1_TRBIV                   0.0964088 0.1391676 0.0053353 0.0964088 0.1330098 1.4315697 0.0053353 0.1330098 0.0814476 0.1391676 0.8254025 0.0000000 0.0978773 1.4315697 0.0814476 0.0978773 0.1027303 
MG570131_Megalocytivirus_pagrus1_TRBIV                   0.1056064 0.1579039 0.1037385 0.1056064 0.1516946 1.5664060 0.1037385 0.1516946 0.0920040 0.1579039 0.8813170 0.0978773 0.0000000 1.5664060 0.0920040 0.0000010 0.1118946 
MT521409_Megalocytivirus_lates1_SDDV                     1.4736439 1.3932863 1.4157696 1.4736439 1.4045646 0.0000010 1.4157696 1.4045646 1.4611925 1.3932863 1.5739669 1.4315697 1.5664060 0.0000000 1.4611925 1.5664060 1.4972707 
OP009387_Megalocytivirus_pagrus1_ISKNV                   0.0149859 0.0724596 0.0873256 0.0149859 0.0668109 1.4611925 0.0873256 0.0668109 0.0000010 0.0724596 0.8353647 0.0814476 0.0920040 1.4611925 0.0000000 0.0920040 0.0200478 
MG570132_Megalocytivirus_pagrus1_TRBIV                   0.1056064 0.1579039 0.1037385 0.1056064 0.1516946 1.5664060 0.1037385 0.1516946 0.0920040 0.1579039 0.8813170 0.0978773 0.0000010 1.5664060 0.0920040 0.0000000 0.1118946 
MT926123_Megalocytivirus_pagrus1_ISKNV                   0.0049501 0.0844702 0.1087687 0.0049501 0.0787481 1.4972707 0.1087687 0.0787481 0.0200478 0.0844702 0.8740044 0.1027303 0.1118946 1.4972707 0.0200478 0.1118946 0.0000000 
