17
NC_003494_Megalocytivirus_pagrus1_ISKNV                  0.0000000 0.0785706 0.1024995 0.0000010 0.0728738 1.4821470 0.1024995 0.0728738 0.0149873 0.0785706 0.8626359 0.0964791 0.1056730 1.4821470 0.0149873 0.1056730 0.0049502 
MK098187_Megalocytivirus_pagrus1_RSIV                    0.0785706 0.0000000 0.1454187 0.0785706 0.0105610 1.4009433 0.1454187 0.0105610 0.0724792 0.0000010 0.9039185 0.1392822 0.1580354 1.4009433 0.0724792 0.1580354 0.0845026 
OL774653_Megalocytivirus_pagrus1_RSIV                    0.1024995 0.1454187 0.0000000 0.1024995 0.1392477 1.4236539 0.0000010 0.1392477 0.0873744 0.1454187 0.8258689 0.0053353 0.1037948 1.4236539 0.0873744 0.1037948 0.1088494 
MW883606_Megalocytivirus_pagrus1_ISKNV                   0.0000010 0.0785706 0.1024995 0.0000000 0.0728738 1.4821470 0.1024995 0.0728738 0.0149873 0.0785706 0.8626359 0.0964791 0.1056730 1.4821470 0.0149873 0.1056730 0.0049502 
AY894343_Megalocytivirus_pagrus1_RSIV                    0.0728738 0.0105610 0.1392477 0.0728738 0.0000000 1.4122740 0.1392477 0.0000010 0.0668280 0.0105610 0.9124519 0.1331180 0.1518195 1.4122740 0.0668280 0.1518195 0.0787772 
MN562489_Megalocytivirus_lates1_SDDV                     1.4821470 1.4009433 1.4236539 1.4821470 1.4122740 0.0000000 1.4236539 1.4122740 1.4695728 1.4009433 1.5840456 1.4395836 1.5758971 0.0000010 1.4695728 1.5758971 1.5059820 
OL774654_Megalocytivirus_pagrus1_RSIV                    0.1024995 0.1454187 0.0000010 0.1024995 0.1392477 1.4236539 0.0000000 0.1392477 0.0873744 0.1454187 0.8258689 0.0053353 0.1037948 1.4236539 0.0873744 0.1037948 0.1088494 
ON075463_Megalocytivirus_pagrus1_RSIV                    0.0728738 0.0105610 0.1392477 0.0728738 0.0000010 1.4122740 0.1392477 0.0000000 0.0668280 0.0105610 0.9124519 0.1331180 0.1518195 1.4122740 0.0668280 0.1518195 0.0787772 
MN432490_Megalocytivirus_pagrus1_ISKNV                   0.0149873 0.0724792 0.0873744 0.0149873 0.0668280 1.4695728 0.0873744 0.0668280 0.0000000 0.0724792 0.8387520 0.0814931 0.0920471 1.4695728 0.0000010 0.0920471 0.0200501 
MK098185_Megalocytivirus_pagrus1_RSIV                    0.0785706 0.0000010 0.1454187 0.0785706 0.0105610 1.4009433 0.1454187 0.0105610 0.0724792 0.0000000 0.9039185 0.1392822 0.1580354 1.4009433 0.0724792 0.1580354 0.0845026 
PQ335173_PQ335174_Threespine_stickleback_iridovirus_TSIV 0.8626359 0.9039185 0.8258689 0.8626359 0.9124519 1.5840456 0.8258689 0.9124519 0.8387520 0.9039185 0.0000000 0.8287912 0.8851671 1.5840456 0.8387520 0.8851671 0.8776548 
GQ273492_Megalocytivirus_pagrus1_TRBIV                   0.0964791 0.1392822 0.0053353 0.0964791 0.1331180 1.4395836 0.0053353 0.1331180 0.0814931 0.1392822 0.8287912 0.0000000 0.0979302 1.4395836 0.0814931 0.0979302 0.1028072 
MG570131_Megalocytivirus_pagrus1_TRBIV                   0.1056730 0.1580354 0.1037948 0.1056730 0.1518195 1.5758971 0.1037948 0.1518195 0.0920471 0.1580354 0.8851671 0.0979302 0.0000000 1.5758971 0.0920471 0.0000010 0.1119681 
MT521409_Megalocytivirus_lates1_SDDV                     1.4821470 1.4009433 1.4236539 1.4821470 1.4122740 0.0000010 1.4236539 1.4122740 1.4695728 1.4009433 1.5840456 1.4395836 1.5758971 0.0000000 1.4695728 1.5758971 1.5059820 
OP009387_Megalocytivirus_pagrus1_ISKNV                   0.0149873 0.0724792 0.0873744 0.0149873 0.0668280 1.4695728 0.0873744 0.0668280 0.0000010 0.0724792 0.8387520 0.0814931 0.0920471 1.4695728 0.0000000 0.0920471 0.0200501 
MG570132_Megalocytivirus_pagrus1_TRBIV                   0.1056730 0.1580354 0.1037948 0.1056730 0.1518195 1.5758971 0.1037948 0.1518195 0.0920471 0.1580354 0.8851671 0.0979302 0.0000010 1.5758971 0.0920471 0.0000000 0.1119681 
MT926123_Megalocytivirus_pagrus1_ISKNV                   0.0049502 0.0845026 0.1088494 0.0049502 0.0787772 1.5059820 0.1088494 0.0787772 0.0200501 0.0845026 0.8776548 0.1028072 0.1119681 1.5059820 0.0200501 0.1119681 0.0000000 
