13
MW883596_Megalocytivirus_pagrus1_ISKNV  0.0000000 0.1450931 0.2130344 0.1283542 0.1450931 0.0000010 0.2114947 0.1283542 0.0465933 0.1957557 0.0465933 0.1429956 0.1429956 
OK042109_Megalocytivirus_pagrus1_RSIV   0.1450931 0.0000000 0.2635394 0.0152108 0.0000010 0.1450931 0.2792742 0.0152108 0.1632511 0.2638402 0.1632511 0.0615146 0.0615146 
MG570131_Megalocytivirus_pagrus1_TRBIV  0.2130344 0.2635394 0.0000000 0.2462645 0.2635394 0.2130344 0.0937941 0.2462645 0.2297383 0.0152654 0.2297383 0.2592442 0.2592442 
AB104413_Megalocytivirus_pagrus1_RSIV   0.1283542 0.0152108 0.2462645 0.0000000 0.0152108 0.1283542 0.2620645 0.0000010 0.1462318 0.2465445 0.1462318 0.0459024 0.0459024 
MW883598_Megalocytivirus_pagrus1_RSIV   0.1450931 0.0000010 0.2635394 0.0152108 0.0000000 0.1450931 0.2792742 0.0152108 0.1632511 0.2638402 0.1632511 0.0615146 0.0615146 
NC_003494_Megalocytivirus_pagrus1_ISKNV 0.0000010 0.1450931 0.2130344 0.1283542 0.1450931 0.0000000 0.2114947 0.1283542 0.0465933 0.1957557 0.0465933 0.1429956 0.1429956 
GQ273492_Megalocytivirus_pagrus1_TRBIV  0.2114947 0.2792742 0.0937941 0.2620645 0.2792742 0.2114947 0.0000000 0.2620645 0.2280706 0.0777414 0.2280706 0.2432420 0.2432420 
OQ475017_Megalocytivirus_pagrus1_RSIV   0.1283542 0.0152108 0.2462645 0.0000010 0.0152108 0.1283542 0.2620645 0.0000000 0.1462318 0.2465445 0.1462318 0.0459024 0.0459024 
MN432490_Megalocytivirus_pagrus1_ISKNV  0.0465933 0.1632511 0.2297383 0.1462318 0.1632511 0.0465933 0.2280706 0.1462318 0.0000000 0.2124285 0.0000010 0.1608199 0.1608199 
MG570132_Megalocytivirus_pagrus1_TRBIV  0.1957557 0.2638402 0.0152654 0.2465445 0.2638402 0.1957557 0.0777414 0.2465445 0.2124285 0.0000000 0.2124285 0.2595340 0.2595340 
MW883595_Megalocytivirus_pagrus1_ISKNV  0.0465933 0.1632511 0.2297383 0.1462318 0.1632511 0.0465933 0.2280706 0.1462318 0.0000010 0.2124285 0.0000000 0.1608199 0.1608199 
MW139932_Megalocytivirus_pagrus1_RSIV   0.1429956 0.0615146 0.2592442 0.0459024 0.0615146 0.1429956 0.2432420 0.0459024 0.1608199 0.2595340 0.1608199 0.0000000 0.0000010 
OL774653_Megalocytivirus_pagrus1_RSIV   0.1429956 0.0615146 0.2592442 0.0459024 0.0615146 0.1429956 0.2432420 0.0459024 0.1608199 0.2595340 0.1608199 0.0000010 0.0000000 
