16
OK042108_Megalocytivirus_pagrus1_RSIV                    0.0000000 0.0366896 0.0372082 0.0366896 0.0000010 4.9192829 0.0444353 0.0444353 2.0144192 0.0822688 4.9192829 3.2611329 0.0948490 0.0372082 0.0318267 0.0560459 
AF371960_Megalocytivirus_pagrus1_ISKNV                   0.0366896 0.0000000 0.0206908 0.0000010 0.0366896 4.7584525 0.0418038 0.0418038 1.9611115 0.0775012 4.7584525 3.1750983 0.0894318 0.0206908 0.0483400 0.0527757 
MW883595_Megalocytivirus_pagrus1_ISKNV                   0.0372082 0.0206908 0.0000000 0.0206908 0.0372082 4.8125152 0.0423357 0.0423357 1.9117294 0.0785840 4.8125152 3.1947976 0.0907059 0.0000010 0.0490232 0.0534625 
MW273354_Megalocytivirus_pagrus1_ISKNV                   0.0366896 0.0000010 0.0206908 0.0000000 0.0366896 4.7584525 0.0418038 0.0418038 1.9611115 0.0775012 4.7584525 3.1750983 0.0894318 0.0206908 0.0483400 0.0527757 
KC244182_Megalocytivirus_pagrus1_RSIV                    0.0000010 0.0366896 0.0372082 0.0366896 0.0000000 4.9192829 0.0444353 0.0444353 2.0144192 0.0822688 4.9192829 3.2611329 0.0948490 0.0372082 0.0318267 0.0560459 
MN562489_Megalocytivirus_lates1_SDDV                     4.9192829 4.7584525 4.8125152 4.7584525 4.9192829 0.0000000 4.5967641 4.5967641 5.5900944 5.2781232 0.0000010 4.2141930 5.2954259 4.8125152 4.5835197 5.0137917 
BD143114_Megalocytivirus_pagrus1_RSIV                    0.0444353 0.0418038 0.0423357 0.0418038 0.0444353 4.5967641 0.0000000 0.0000010 1.9538112 0.0782517 4.5967641 3.2181568 0.0903146 0.0423357 0.0107019 0.0532506 
MK098186_Megalocytivirus_pagrus1_RSIV                    0.0444353 0.0418038 0.0423357 0.0418038 0.0444353 4.5967641 0.0000010 0.0000000 1.9538112 0.0782517 4.5967641 3.2181568 0.0903146 0.0423357 0.0107019 0.0532506 
PQ335173_PQ335174_Threespine_stickleback_iridovirus_TSIV 2.0144192 1.9611115 1.9117294 1.9611115 2.0144192 5.5900944 1.9538112 1.9538112 0.0000000 2.1356194 5.5900944 3.6924608 2.1143092 1.9117294 1.9433954 1.9941600 
MG570131_Megalocytivirus_pagrus1_TRBIV                   0.0822688 0.0775012 0.0785840 0.0775012 0.0822688 5.2781232 0.0782517 0.0782517 2.1356194 0.0000000 5.2781232 3.1253677 0.0101950 0.0785840 0.0940149 0.0211403 
MT521409_Megalocytivirus_lates1_SDDV                     4.9192829 4.7584525 4.8125152 4.7584525 4.9192829 0.0000010 4.5967641 4.5967641 5.5900944 5.2781232 0.0000000 4.2141930 5.2954259 4.8125152 4.5835197 5.0137917 
ECIV_ORF26_refgen                                        3.2611329 3.1750983 3.1947976 3.1750983 3.2611329 4.2141930 3.2181568 3.2181568 3.6924608 3.1253677 4.2141930 0.0000000 3.0902780 3.1947976 3.2204758 3.1391470 
MG570132_Megalocytivirus_pagrus1_TRBIV                   0.0948490 0.0894318 0.0907059 0.0894318 0.0948490 5.2954259 0.0903146 0.0903146 2.1143092 0.0101950 5.2954259 3.0902780 0.0000000 0.0907059 0.1066994 0.0320268 
OP009387_Megalocytivirus_pagrus1_ISKNV                   0.0372082 0.0206908 0.0000010 0.0206908 0.0372082 4.8125152 0.0423357 0.0423357 1.9117294 0.0785840 4.8125152 3.1947976 0.0907059 0.0000000 0.0490232 0.0534625 
ON743042_Megalocytivirus_pagrus1_RSIV                    0.0318267 0.0483400 0.0490232 0.0483400 0.0318267 4.5835197 0.0107019 0.0107019 1.9433954 0.0940149 4.5835197 3.2204758 0.1066994 0.0490232 0.0000000 0.0672626 
GQ273492_Megalocytivirus_pagrus1_TRBIV                   0.0560459 0.0527757 0.0534625 0.0527757 0.0560459 5.0137917 0.0532506 0.0532506 1.9941600 0.0211403 5.0137917 3.1391470 0.0320268 0.0534625 0.0672626 0.0000000 
