23
AY894343_Megalocytivirus_pagrus1_RSIV                    0.0000000 0.0823864 0.0823864 0.0000010 0.0159697 1.6166218 0.0869485 0.0159697 0.0869485 0.4809120 0.0824087 1.6166218 0.0224785 0.0745335 0.0852994 0.0852994 0.0224785 0.0860270 0.0859506 0.0961087 0.0031528 0.0961087 0.0824087 
MT128666_Megalocytivirus_pagrus1_ISKNV                   0.0823864 0.0000000 0.0000010 0.0823864 0.0804985 1.5162194 0.0032119 0.0804985 0.0032119 0.5015556 0.0031755 1.5162194 0.0841793 0.0878929 0.0031755 0.0031755 0.0841793 0.0031783 0.0031759 0.1184173 0.0787537 0.1184173 0.0031755 
MW883603_Megalocytivirus_pagrus1_ISKNV                   0.0823864 0.0000010 0.0000000 0.0823864 0.0804985 1.5162194 0.0032119 0.0804985 0.0032119 0.5015556 0.0031755 1.5162194 0.0841793 0.0878929 0.0031755 0.0031755 0.0841793 0.0031783 0.0031759 0.1184173 0.0787537 0.1184173 0.0031755 
KC244182_Megalocytivirus_pagrus1_RSIV                    0.0000010 0.0823864 0.0823864 0.0000000 0.0159697 1.6166218 0.0869485 0.0159697 0.0869485 0.4809120 0.0824087 1.6166218 0.0224785 0.0745335 0.0852994 0.0852994 0.0224785 0.0860270 0.0859506 0.0961087 0.0031528 0.0961087 0.0824087 
MW139932_Megalocytivirus_pagrus1_RSIV                    0.0159697 0.0804985 0.0804985 0.0159697 0.0000000 1.5975655 0.0850543 0.0000010 0.0850543 0.4833541 0.0805204 1.5975655 0.0063380 0.0675874 0.0802951 0.0802951 0.0063380 0.0841486 0.0840738 0.0925240 0.0127452 0.0925240 0.0805204 
MN562489_Megalocytivirus_lates1_SDDV                     1.6166218 1.5162194 1.5162194 1.6166218 1.5975655 0.0000000 1.5491407 1.5975655 1.5491407 1.5650303 1.5162194 0.0000010 1.6155307 1.6086930 1.5269986 1.5269986 1.6155307 1.5184784 1.5187368 1.6622089 1.6166218 1.6622089 1.5162194 
23043610005_Megalocytivirus_pagrus1_ISKNV                0.0869485 0.0032119 0.0032119 0.0869485 0.0850543 1.5491407 0.0000000 0.0850543 0.0000010 0.5115871 0.0064332 1.5491407 0.0887926 0.0925975 0.0064331 0.0064331 0.0887926 0.0064389 0.0064340 0.1236025 0.0832582 0.1236025 0.0064332 
OQ475017_Megalocytivirus_pagrus1_RSIV                    0.0159697 0.0804985 0.0804985 0.0159697 0.0000010 1.5975655 0.0850543 0.0000000 0.0850543 0.4833541 0.0805204 1.5975655 0.0063380 0.0675874 0.0802951 0.0802951 0.0063380 0.0841486 0.0840738 0.0925240 0.0127452 0.0925240 0.0805204 
23043610003_Megalocytivirus_pagrus1_ISKNV                0.0869485 0.0032119 0.0032119 0.0869485 0.0850543 1.5491407 0.0000010 0.0850543 0.0000000 0.5115871 0.0064332 1.5491407 0.0887926 0.0925975 0.0064331 0.0064331 0.0887926 0.0064389 0.0064340 0.1236025 0.0832582 0.1236025 0.0064332 
PQ335173_PQ335174_Threespine_stickleback_iridovirus_TSIV 0.4809120 0.5015556 0.5015556 0.4809120 0.4833541 1.5650303 0.5115871 0.4833541 0.5115871 0.0000000 0.5015556 1.5650303 0.4884685 0.5088213 0.4993803 0.4993803 0.4884685 0.5079541 0.5073297 0.5077471 0.4809120 0.5077471 0.5015556 
OQ513807_Megalocytivirus_pagrus1_ISKNV                   0.0824087 0.0031755 0.0031755 0.0824087 0.0805204 1.5162194 0.0064332 0.0805204 0.0064332 0.5015556 0.0000000 1.5162194 0.0842022 0.0879170 0.0063604 0.0063604 0.0842022 0.0063660 0.0063612 0.1184503 0.0787750 0.1184503 0.0000010 
MT521409_Megalocytivirus_lates1_SDDV                     1.6166218 1.5162194 1.5162194 1.6166218 1.5975655 0.0000010 1.5491407 1.5975655 1.5491407 1.5650303 1.5162194 0.0000000 1.6155307 1.6086930 1.5269986 1.5269986 1.6155307 1.5184784 1.5187368 1.6622089 1.6166218 1.6622089 1.5162194 
MK098187_Megalocytivirus_pagrus1_RSIV                    0.0224785 0.0841793 0.0841793 0.0224785 0.0063380 1.6155307 0.0887926 0.0063380 0.0887926 0.4884685 0.0842022 1.6155307 0.0000000 0.0640309 0.0839661 0.0839661 0.0000010 0.0878473 0.0877687 0.0885121 0.0192207 0.0885121 0.0842022 
GQ273492_Megalocytivirus_pagrus1_TRBIV                   0.0745335 0.0878929 0.0878929 0.0745335 0.0675874 1.6086930 0.0925975 0.0675874 0.0925975 0.5088213 0.0879170 1.6086930 0.0640309 0.0000000 0.0843261 0.0843261 0.0640309 0.0916048 0.0915219 0.0298334 0.0709615 0.0298334 0.0879170 
OP009387_Megalocytivirus_pagrus1_ISKNV                   0.0852994 0.0031755 0.0031755 0.0852994 0.0802951 1.5269986 0.0064331 0.0802951 0.0064331 0.4993803 0.0063604 1.5269986 0.0839661 0.0843261 0.0000000 0.0000010 0.0839661 0.0063660 0.0063612 0.1181089 0.0816787 0.1181089 0.0063604 
MN432490_Megalocytivirus_pagrus1_ISKNV                   0.0852994 0.0031755 0.0031755 0.0852994 0.0802951 1.5269986 0.0064331 0.0802951 0.0064331 0.4993803 0.0063604 1.5269986 0.0839661 0.0843261 0.0000010 0.0000000 0.0839661 0.0063660 0.0063612 0.1181089 0.0816787 0.1181089 0.0063604 
MK098186_Megalocytivirus_pagrus1_RSIV                    0.0224785 0.0841793 0.0841793 0.0224785 0.0063380 1.6155307 0.0887926 0.0063380 0.0887926 0.4884685 0.0842022 1.6155307 0.0000010 0.0640309 0.0839661 0.0839661 0.0000000 0.0878473 0.0877687 0.0885121 0.0192207 0.0885121 0.0842022 
OR536350_Megalocytivirus_pagrus1_ISKNV                   0.0860270 0.0031783 0.0031783 0.0860270 0.0841486 1.5184784 0.0064389 0.0841486 0.0064389 0.5079541 0.0063660 1.5184784 0.0878473 0.0916048 0.0063660 0.0063660 0.0878473 0.0000000 0.0063668 0.1222797 0.0823758 0.1222797 0.0063660 
MW883593_Megalocytivirus_pagrus1_ISKNV                   0.0859506 0.0031759 0.0031759 0.0859506 0.0840738 1.5187368 0.0064340 0.0840738 0.0064340 0.5073297 0.0063612 1.5187368 0.0877687 0.0915219 0.0063612 0.0063612 0.0877687 0.0063668 0.0000000 0.1221642 0.0823031 0.1221642 0.0063612 
MG570132_Megalocytivirus_pagrus1_TRBIV                   0.0961087 0.1184173 0.1184173 0.0961087 0.0925240 1.6622089 0.1236025 0.0925240 0.1236025 0.5077471 0.1184503 1.6622089 0.0885121 0.0298334 0.1181089 0.1181089 0.0885121 0.1222797 0.1221642 0.0000000 0.0924383 0.0000010 0.1184503 
MW883598_Megalocytivirus_pagrus1_RSIV                    0.0031528 0.0787537 0.0787537 0.0031528 0.0127452 1.6166218 0.0832582 0.0127452 0.0832582 0.4809120 0.0787750 1.6166218 0.0192207 0.0709615 0.0816787 0.0816787 0.0192207 0.0823758 0.0823031 0.0924383 0.0000000 0.0924383 0.0787750 
MG570131_Megalocytivirus_pagrus1_TRBIV                   0.0961087 0.1184173 0.1184173 0.0961087 0.0925240 1.6622089 0.1236025 0.0925240 0.1236025 0.5077471 0.1184503 1.6622089 0.0885121 0.0298334 0.1181089 0.1181089 0.0885121 0.1222797 0.1221642 0.0000010 0.0924383 0.0000000 0.1184503 
OR670976_Megalocytivirus_pagrus1_ISKNV                   0.0824087 0.0031755 0.0031755 0.0824087 0.0805204 1.5162194 0.0064332 0.0805204 0.0064332 0.5015556 0.0000010 1.5162194 0.0842022 0.0879170 0.0063604 0.0063604 0.0842022 0.0063660 0.0063612 0.1184503 0.0787750 0.1184503 0.0000000 
