24
MK637631_European_chub_iridovirus_ECIV                   0.0000000 2.1371194 2.0452171 2.0452171 2.1371194 2.1196235 1.2336628 2.0505401 2.1196235 2.0505401 2.1269824 2.0612508 1.2336628 2.1142202 2.1633719 2.0470373 2.0470373 2.1142202 2.0453790 2.0433737 2.2422053 2.1509173 2.2422053 2.0612508 
AY894343_Megalocytivirus_pagrus1_RSIV                    2.1371194 0.0000000 0.0823977 0.0823977 0.0000010 0.0159701 1.6193222 0.0869616 0.0159701 0.0869616 0.4812713 0.0824200 1.6193222 0.0224793 0.0745418 0.0853108 0.0853108 0.0224793 0.0860392 0.0859625 0.0961223 0.0031528 0.0961223 0.0824200 
MT128666_Megalocytivirus_pagrus1_ISKNV                   2.0452171 0.0823977 0.0000000 0.0000010 0.0823977 0.0805102 1.5186365 0.0032119 0.0805102 0.0032119 0.5019283 0.0031755 1.5186365 0.0841917 0.0879066 0.0031755 0.0031755 0.0841917 0.0031783 0.0031759 0.1184415 0.0787642 0.1184415 0.0031755 
MW883603_Megalocytivirus_pagrus1_ISKNV                   2.0452171 0.0823977 0.0000010 0.0000000 0.0823977 0.0805102 1.5186365 0.0032119 0.0805102 0.0032119 0.5019283 0.0031755 1.5186365 0.0841917 0.0879066 0.0031755 0.0031755 0.0841917 0.0031783 0.0031759 0.1184415 0.0787642 0.1184415 0.0031755 
KC244182_Megalocytivirus_pagrus1_RSIV                    2.1371194 0.0000010 0.0823977 0.0823977 0.0000000 0.0159701 1.6193222 0.0869616 0.0159701 0.0869616 0.4812713 0.0824200 1.6193222 0.0224793 0.0745418 0.0853108 0.0853108 0.0224793 0.0860392 0.0859625 0.0961223 0.0031528 0.0961223 0.0824200 
MW139932_Megalocytivirus_pagrus1_RSIV                    2.1196235 0.0159701 0.0805102 0.0805102 0.0159701 0.0000000 1.6001975 0.0850677 0.0000010 0.0850677 0.4837175 0.0805321 1.6001975 0.0063380 0.0675942 0.0803069 0.0803069 0.0063380 0.0841610 0.0840859 0.0925364 0.0127454 0.0925364 0.0805321 
MN562489_Megalocytivirus_lates1_SDDV                     1.2336628 1.6193222 1.5186365 1.5186365 1.6193222 1.6001975 0.0000000 1.5516585 1.6001975 1.5516585 1.5676046 1.5186365 0.0000010 1.6182079 1.6113521 1.5294503 1.5294503 1.6182079 1.5208991 1.5211525 1.6650321 1.6193222 1.6650321 1.5186365 
23043610005_Megalocytivirus_pagrus1_ISKNV                2.0505401 0.0869616 0.0032119 0.0032119 0.0869616 0.0850677 1.5516585 0.0000000 0.0850677 0.0000010 0.5119761 0.0064333 1.5516585 0.0888068 0.0926132 0.0064332 0.0064332 0.0888068 0.0064390 0.0064341 0.1236293 0.0832704 0.1236293 0.0064333 
OQ475017_Megalocytivirus_pagrus1_RSIV                    2.1196235 0.0159701 0.0805102 0.0805102 0.0159701 0.0000010 1.6001975 0.0850677 0.0000000 0.0850677 0.4837175 0.0805321 1.6001975 0.0063380 0.0675942 0.0803069 0.0803069 0.0063380 0.0841610 0.0840859 0.0925364 0.0127454 0.0925364 0.0805321 
23043610003_Megalocytivirus_pagrus1_ISKNV                2.0505401 0.0869616 0.0032119 0.0032119 0.0869616 0.0850677 1.5516585 0.0000010 0.0850677 0.0000000 0.5119761 0.0064333 1.5516585 0.0888068 0.0926132 0.0064332 0.0064332 0.0888068 0.0064390 0.0064341 0.1236293 0.0832704 0.1236293 0.0064333 
PQ335173_PQ335174_Threespine_stickleback_iridovirus_TSIV 2.1269824 0.4812713 0.5019283 0.5019283 0.4812713 0.4837175 1.5676046 0.5119761 0.4837175 0.5119761 0.0000000 0.5019283 1.5676046 0.4888314 0.5092265 0.4997493 0.4997493 0.4888314 0.5083321 0.5077054 0.5081415 0.4812713 0.5081415 0.5019283 
OQ513807_Megalocytivirus_pagrus1_ISKNV                   2.0612508 0.0824200 0.0031755 0.0031755 0.0824200 0.0805321 1.5186365 0.0064333 0.0805321 0.0064333 0.5019283 0.0000000 1.5186365 0.0842146 0.0879308 0.0063604 0.0063604 0.0842146 0.0063660 0.0063612 0.1184745 0.0787855 0.1184745 0.0000010 
MT521409_Megalocytivirus_lates1_SDDV                     1.2336628 1.6193222 1.5186365 1.5186365 1.6193222 1.6001975 0.0000010 1.5516585 1.6001975 1.5516585 1.5676046 1.5186365 0.0000000 1.6182079 1.6113521 1.5294503 1.5294503 1.6182079 1.5208991 1.5211525 1.6650321 1.6193222 1.6650321 1.5186365 
MK098187_Megalocytivirus_pagrus1_RSIV                    2.1142202 0.0224793 0.0841917 0.0841917 0.0224793 0.0063380 1.6182079 0.0888068 0.0063380 0.0888068 0.4888314 0.0842146 1.6182079 0.0000000 0.0640368 0.0839786 0.0839786 0.0000010 0.0878605 0.0877816 0.0885227 0.0192213 0.0885227 0.0842146 
GQ273492_Megalocytivirus_pagrus1_TRBIV                   2.1633719 0.0745418 0.0879066 0.0879066 0.0745418 0.0675942 1.6113521 0.0926132 0.0675942 0.0926132 0.5092265 0.0879308 1.6113521 0.0640368 0.0000000 0.0843392 0.0843392 0.0640368 0.0916195 0.0915362 0.0298352 0.0709690 0.0298352 0.0879308 
OP009387_Megalocytivirus_pagrus1_ISKNV                   2.0470373 0.0853108 0.0031755 0.0031755 0.0853108 0.0803069 1.5294503 0.0064332 0.0803069 0.0064332 0.4997493 0.0063604 1.5294503 0.0839786 0.0843392 0.0000000 0.0000010 0.0839786 0.0063660 0.0063612 0.1181331 0.0816894 0.1181331 0.0063604 
MN432490_Megalocytivirus_pagrus1_ISKNV                   2.0470373 0.0853108 0.0031755 0.0031755 0.0853108 0.0803069 1.5294503 0.0064332 0.0803069 0.0064332 0.4997493 0.0063604 1.5294503 0.0839786 0.0843392 0.0000010 0.0000000 0.0839786 0.0063660 0.0063612 0.1181331 0.0816894 0.1181331 0.0063604 
MK098186_Megalocytivirus_pagrus1_RSIV                    2.1142202 0.0224793 0.0841917 0.0841917 0.0224793 0.0063380 1.6182079 0.0888068 0.0063380 0.0888068 0.4888314 0.0842146 1.6182079 0.0000010 0.0640368 0.0839786 0.0839786 0.0000000 0.0878605 0.0877816 0.0885227 0.0192213 0.0885227 0.0842146 
OR536350_Megalocytivirus_pagrus1_ISKNV                   2.0453790 0.0860392 0.0031783 0.0031783 0.0860392 0.0841610 1.5208991 0.0064390 0.0841610 0.0064390 0.5083321 0.0063660 1.5208991 0.0878605 0.0916195 0.0063660 0.0063660 0.0878605 0.0000000 0.0063668 0.1223051 0.0823872 0.1223051 0.0063660 
MW883593_Megalocytivirus_pagrus1_ISKNV                   2.0433737 0.0859625 0.0031759 0.0031759 0.0859625 0.0840859 1.5211525 0.0064341 0.0840859 0.0064341 0.5077054 0.0063612 1.5211525 0.0877816 0.0915362 0.0063612 0.0063612 0.0877816 0.0063668 0.0000000 0.1221891 0.0823142 0.1221891 0.0063612 
MG570132_Megalocytivirus_pagrus1_TRBIV                   2.2422053 0.0961223 0.1184415 0.1184415 0.0961223 0.0925364 1.6650321 0.1236293 0.0925364 0.1236293 0.5081415 0.1184745 1.6650321 0.0885227 0.0298352 0.1181331 0.1181331 0.0885227 0.1223051 0.1221891 0.0000000 0.0924509 0.0000010 0.1184745 
MW883598_Megalocytivirus_pagrus1_RSIV                    2.1509173 0.0031528 0.0787642 0.0787642 0.0031528 0.0127454 1.6193222 0.0832704 0.0127454 0.0832704 0.4812713 0.0787855 1.6193222 0.0192213 0.0709690 0.0816894 0.0816894 0.0192213 0.0823872 0.0823142 0.0924509 0.0000000 0.0924509 0.0787855 
MG570131_Megalocytivirus_pagrus1_TRBIV                   2.2422053 0.0961223 0.1184415 0.1184415 0.0961223 0.0925364 1.6650321 0.1236293 0.0925364 0.1236293 0.5081415 0.1184745 1.6650321 0.0885227 0.0298352 0.1181331 0.1181331 0.0885227 0.1223051 0.1221891 0.0000010 0.0924509 0.0000000 0.1184745 
OR670976_Megalocytivirus_pagrus1_ISKNV                   2.0612508 0.0824200 0.0031755 0.0031755 0.0824200 0.0805321 1.5186365 0.0064333 0.0805321 0.0064333 0.5019283 0.0000010 1.5186365 0.0842146 0.0879308 0.0063604 0.0063604 0.0842146 0.0063660 0.0063612 0.1184745 0.0787855 0.1184745 0.0000000 
