28
MW883597_Megalocytivirus_pagrus1_ISKNV    0.0000000 0.4510691 0.0263519 0.3449500 0.3396212 0.0000010 0.4510691 0.0263519 0.3449500 0.3322904 0.2606527 0.0052272 0.2639912 0.3322904 0.0000010 0.3396212 0.2606527 0.0104748 0.0052354 0.0104753 0.0052272 0.4272614 0.2671241 0.2705375 0.2703543 0.2639912 0.0052272 0.0052272 
MG570131_Megalocytivirus_pagrus1_TRBIV    0.4510691 0.0000000 0.4870414 0.3758847 0.3703454 0.4510691 0.0000010 0.4870414 0.3758847 0.3624949 0.3330429 0.4576921 0.3337119 0.3624949 0.4525619 0.3703454 0.3330429 0.4647249 0.4587127 0.4660120 0.4576921 0.1629909 0.3401712 0.3410955 0.3407941 0.3337119 0.4576921 0.4576921 
MN432490_Megalocytivirus_pagrus1_ISKNV    0.0263519 0.4870414 0.0000000 0.3641188 0.3588436 0.0263519 0.4870414 0.0000010 0.3641188 0.3514488 0.2791955 0.0316476 0.2824169 0.3514488 0.0264205 0.3588436 0.2791955 0.0369864 0.0316971 0.0369882 0.0316476 0.4493178 0.2857141 0.2890350 0.2888290 0.2824169 0.0316476 0.0316476 
MK098187_Megalocytivirus_pagrus1_RSIV     0.3449500 0.3758847 0.3641188 0.0000000 0.0157185 0.3449500 0.3758847 0.3641188 0.0000010 0.0104388 0.1672205 0.3510837 0.1550377 0.0104388 0.3459943 0.0157185 0.1672205 0.3447182 0.3517810 0.3575883 0.3510837 0.3733200 0.1739641 0.1612739 0.1611952 0.1550377 0.3510837 0.3510837 
BD143114_Megalocytivirus_pagrus1_RSIV     0.3396212 0.3703454 0.3588436 0.0157185 0.0000000 0.3396212 0.3703454 0.3588436 0.0157185 0.0052251 0.1616369 0.3457760 0.1494405 0.0052251 0.3406525 0.0000010 0.1616369 0.3393917 0.3464638 0.3522973 0.3457760 0.3678065 0.1683636 0.1556753 0.1556006 0.1494405 0.3457760 0.3457760 
OP009387_Megalocytivirus_pagrus1_ISKNV    0.0000010 0.4510691 0.0263519 0.3449500 0.3396212 0.0000000 0.4510691 0.0263519 0.3449500 0.3322904 0.2606527 0.0052272 0.2639912 0.3322904 0.0000010 0.3396212 0.2606527 0.0104748 0.0052354 0.0104753 0.0052272 0.4272614 0.2671241 0.2705375 0.2703543 0.2639912 0.0052272 0.0052272 
MG570132_Megalocytivirus_pagrus1_TRBIV    0.4510691 0.0000010 0.4870414 0.3758847 0.3703454 0.4510691 0.0000000 0.4870414 0.3758847 0.3624949 0.3330429 0.4576921 0.3337119 0.3624949 0.4525619 0.3703454 0.3330429 0.4647249 0.4587127 0.4660120 0.4576921 0.1629909 0.3401712 0.3410955 0.3407941 0.3337119 0.4576921 0.4576921 
MW883595_Megalocytivirus_pagrus1_ISKNV    0.0263519 0.4870414 0.0000010 0.3641188 0.3588436 0.0263519 0.4870414 0.0000000 0.3641188 0.3514488 0.2791955 0.0316476 0.2824169 0.3514488 0.0264205 0.3588436 0.2791955 0.0369864 0.0316971 0.0369882 0.0316476 0.4493178 0.2857141 0.2890350 0.2888290 0.2824169 0.0316476 0.0316476 
MK098186_Megalocytivirus_pagrus1_RSIV     0.3449500 0.3758847 0.3641188 0.0000010 0.0157185 0.3449500 0.3758847 0.3641188 0.0000000 0.0104388 0.1672205 0.3510837 0.1550377 0.0104388 0.3459943 0.0157185 0.1672205 0.3447182 0.3517810 0.3575883 0.3510837 0.3733200 0.1739641 0.1612739 0.1611952 0.1550377 0.3510837 0.3510837 
ON743042_Megalocytivirus_pagrus1_RSIV     0.3322904 0.3624949 0.3514488 0.0104388 0.0052251 0.3322904 0.3624949 0.3514488 0.0104388 0.0000000 0.1551372 0.3384285 0.1429990 0.0000010 0.3332963 0.0052251 0.1551372 0.3320657 0.3390985 0.3449273 0.3384285 0.3600110 0.1618047 0.1491952 0.1491254 0.1429990 0.3384285 0.3384285 
AY894343_Megalocytivirus_pagrus1_RSIV     0.2606527 0.3330429 0.2791955 0.1672205 0.1616369 0.2606527 0.3330429 0.2791955 0.1672205 0.1551372 0.0000000 0.2666396 0.0104819 0.1551372 0.2614196 0.1616369 0.0000010 0.2604757 0.2671427 0.2729110 0.2666396 0.3327273 0.0052302 0.0157538 0.0157500 0.0104819 0.2666396 0.2666396 
23043610005_Megalocytivirus_pagrus1_ISKNV 0.0052272 0.4576921 0.0316476 0.3510837 0.3457760 0.0052272 0.4576921 0.0316476 0.3510837 0.3384285 0.2666396 0.0000000 0.2699380 0.3384285 0.0052411 0.3457760 0.2666396 0.0052263 0.0104809 0.0052266 0.0104649 0.4321582 0.2731222 0.2765030 0.2763128 0.2699380 0.0000010 0.0104649 
MT798582_Megalocytivirus_pagrus1_RSIV     0.2639912 0.3337119 0.2824169 0.1550377 0.1494405 0.2639912 0.3337119 0.2824169 0.1550377 0.1429990 0.0104819 0.2699380 0.0000000 0.1429990 0.2647628 0.1494405 0.0104819 0.2638135 0.2704444 0.2761706 0.2699380 0.3333838 0.0157579 0.0052344 0.0052331 0.0000010 0.2699380 0.2699380 
ON740976_Megalocytivirus_pagrus1_RSIV     0.3322904 0.3624949 0.3514488 0.0104388 0.0052251 0.3322904 0.3624949 0.3514488 0.0104388 0.0000010 0.1551372 0.3384285 0.1429990 0.0000000 0.3332963 0.0052251 0.1551372 0.3320657 0.3390985 0.3449273 0.3384285 0.3600110 0.1618047 0.1491952 0.1491254 0.1429990 0.3384285 0.3384285 
KT781098_Megalocytivirus_pagrus1_ISKNV    0.0000010 0.4525619 0.0264205 0.3459943 0.3406525 0.0000010 0.4525619 0.0264205 0.3459943 0.3332963 0.2614196 0.0052411 0.2647628 0.3332963 0.0000000 0.3406525 0.2614196 0.0105021 0.0052493 0.0105026 0.0052411 0.4286391 0.2679116 0.2713308 0.2711462 0.2647628 0.0052411 0.0052411 
AB104413_Megalocytivirus_pagrus1_RSIV     0.3396212 0.3703454 0.3588436 0.0157185 0.0000010 0.3396212 0.3703454 0.3588436 0.0157185 0.0052251 0.1616369 0.3457760 0.1494405 0.0052251 0.3406525 0.0000000 0.1616369 0.3393917 0.3464638 0.3522973 0.3457760 0.3678065 0.1683636 0.1556753 0.1556006 0.1494405 0.3457760 0.3457760 
KT804738_Megalocytivirus_pagrus1_RSIV     0.2606527 0.3330429 0.2791955 0.1672205 0.1616369 0.2606527 0.3330429 0.2791955 0.1672205 0.1551372 0.0000010 0.2666396 0.0104819 0.1551372 0.2614196 0.1616369 0.0000000 0.2604757 0.2671427 0.2729110 0.2666396 0.3327273 0.0052302 0.0157538 0.0157500 0.0104819 0.2666396 0.2666396 
MW883594_Megalocytivirus_pagrus1_ISKNV    0.0104748 0.4647249 0.0369864 0.3447182 0.3393917 0.0104748 0.4647249 0.0369864 0.3447182 0.3320657 0.2604757 0.0052263 0.2638135 0.3320657 0.0105021 0.3393917 0.2604757 0.0000000 0.0157493 0.0104735 0.0157250 0.4390873 0.2669429 0.2703552 0.2701724 0.2638135 0.0052263 0.0157250 
MK689685_Megalocytivirus_pagrus1_ISKNV    0.0052354 0.4587127 0.0316971 0.3517810 0.3464638 0.0052354 0.4587127 0.0316971 0.3517810 0.3390985 0.2671427 0.0104809 0.2704444 0.3390985 0.0052493 0.3464638 0.2671427 0.0157493 0.0000000 0.0157501 0.0104809 0.4346737 0.2736395 0.2770244 0.2768332 0.2704444 0.0104809 0.0104809 
MW883599_Megalocytivirus_pagrus1_ISKNV    0.0104753 0.4660120 0.0369882 0.3575883 0.3522973 0.0104753 0.4660120 0.0369882 0.3575883 0.3449273 0.2729110 0.0052266 0.2761706 0.3449273 0.0105026 0.3522973 0.2729110 0.0104735 0.0157501 0.0000000 0.0157258 0.4400708 0.2794112 0.2827616 0.2825637 0.2761706 0.0052266 0.0157258 
PP974677_Megalocytivirus_pagrus1_ISKNV    0.0052272 0.4576921 0.0316476 0.3510837 0.3457760 0.0052272 0.4576921 0.0316476 0.3510837 0.3384285 0.2666396 0.0104649 0.2699380 0.3384285 0.0052411 0.3457760 0.2666396 0.0157250 0.0104809 0.0157258 0.0000000 0.4337368 0.2731222 0.2765030 0.2763128 0.2699380 0.0104649 0.0000010 
GQ273492_Megalocytivirus_pagrus1_TRBIV    0.4272614 0.1629909 0.4493178 0.3733200 0.3678065 0.4272614 0.1629909 0.4493178 0.3733200 0.3600110 0.3327273 0.4321582 0.3333838 0.3600110 0.4286391 0.3678065 0.3327273 0.4390873 0.4346737 0.4400708 0.4337368 0.0000000 0.3397285 0.3406346 0.3403393 0.3333838 0.4321582 0.4337368 
AP017456_Megalocytivirus_pagrus1_RSIV     0.2671241 0.3401712 0.2857141 0.1739641 0.1683636 0.2671241 0.3401712 0.2857141 0.1739641 0.1618047 0.0052302 0.2731222 0.0157579 0.1618047 0.2679116 0.1683636 0.0052302 0.2669429 0.2736395 0.2794112 0.2731222 0.3397285 0.0000000 0.0210522 0.0210469 0.0157579 0.2731222 0.2731222 
KC244182_Megalocytivirus_pagrus1_RSIV     0.2705375 0.3410955 0.2890350 0.1612739 0.1556753 0.2705375 0.3410955 0.2890350 0.1612739 0.1491952 0.0157538 0.2765030 0.0052344 0.1491952 0.2713308 0.1556753 0.0157538 0.2703552 0.2770244 0.2827616 0.2765030 0.3406346 0.0210522 0.0000000 0.0104883 0.0052344 0.2765030 0.2765030 
OK042109_Megalocytivirus_pagrus1_RSIV     0.2703543 0.3407941 0.2888290 0.1611952 0.1556006 0.2703543 0.3407941 0.2888290 0.1611952 0.1491254 0.0157500 0.2763128 0.0052331 0.1491254 0.2711462 0.1556006 0.0157500 0.2701724 0.2768332 0.2825637 0.2763128 0.3403393 0.0210469 0.0104883 0.0000000 0.0052331 0.2763128 0.2763128 
ON075463_Megalocytivirus_pagrus1_RSIV     0.2639912 0.3337119 0.2824169 0.1550377 0.1494405 0.2639912 0.3337119 0.2824169 0.1550377 0.1429990 0.0104819 0.2699380 0.0000010 0.1429990 0.2647628 0.1494405 0.0104819 0.2638135 0.2704444 0.2761706 0.2699380 0.3333838 0.0157579 0.0052344 0.0052331 0.0000000 0.2699380 0.2699380 
23043610003_Megalocytivirus_pagrus1_ISKNV 0.0052272 0.4576921 0.0316476 0.3510837 0.3457760 0.0052272 0.4576921 0.0316476 0.3510837 0.3384285 0.2666396 0.0000010 0.2699380 0.3384285 0.0052411 0.3457760 0.2666396 0.0052263 0.0104809 0.0052266 0.0104649 0.4321582 0.2731222 0.2765030 0.2763128 0.2699380 0.0000000 0.0104649 
MT986830_Megalocytivirus_pagrus1_ISKNV    0.0052272 0.4576921 0.0316476 0.3510837 0.3457760 0.0052272 0.4576921 0.0316476 0.3510837 0.3384285 0.2666396 0.0104649 0.2699380 0.3384285 0.0052411 0.3457760 0.2666396 0.0157250 0.0104809 0.0157258 0.0000010 0.4337368 0.2731222 0.2765030 0.2763128 0.2699380 0.0104649 0.0000000 
