20
OK042108_Megalocytivirus_pagrus1_RSIV                    0.0000000 1.8364844 0.0873933 0.0807475 0.0870399 0.0000010 1.8364844 0.0358371 0.0873933 0.0807475 0.0358371 0.0807475 0.1178160 0.9924162 0.1525424 1.8344056 0.1178160 0.0870399 0.0872782 0.1460933 
MT521409_Megalocytivirus_lates1_SDDV                     1.8364844 0.0000000 1.7731565 1.7361780 1.7550557 1.8364844 0.0000010 1.8267238 1.7731565 1.7361780 1.8267238 1.7361780 1.8250626 2.4144945 2.0336741 0.0061554 1.8250626 1.7550557 1.7605341 2.0134882 
ON212400_Megalocytivirus_pagrus1_ISKNV                   0.0873933 1.7731565 0.0000000 0.0043752 0.0224432 0.0873933 1.7731565 0.0887962 0.0000010 0.0043752 0.0887962 0.0088230 0.1201708 0.9929987 0.1557307 1.7783201 0.1201708 0.0224432 0.0087729 0.1491344 
MT926123_Megalocytivirus_pagrus1_ISKNV                   0.0807475 1.7361780 0.0043752 0.0000000 0.0178906 0.0807475 1.7361780 0.0820417 0.0043752 0.0000010 0.0820417 0.0043961 0.1132645 0.9966280 0.1484538 1.7412312 0.1132645 0.0178906 0.0043713 0.1418990 
MW883595_Megalocytivirus_pagrus1_ISKNV                   0.0870399 1.7550557 0.0224432 0.0178906 0.0000000 0.0870399 1.7550557 0.0884314 0.0224432 0.0178906 0.0884314 0.0225534 0.1196711 0.9888432 0.1520731 1.7601534 0.1196711 0.0000010 0.0224227 0.1454683 
KT804738_Megalocytivirus_pagrus1_RSIV                    0.0000010 1.8364844 0.0873933 0.0807475 0.0870399 0.0000000 1.8364844 0.0358371 0.0873933 0.0807475 0.0358371 0.0807475 0.1178160 0.9924162 0.1525424 1.8344056 0.1178160 0.0870399 0.0872782 0.1460933 
MN562489_Megalocytivirus_lates1_SDDV                     1.8364844 0.0000010 1.7731565 1.7361780 1.7550557 1.8364844 0.0000000 1.8267238 1.7731565 1.7361780 1.8267238 1.7361780 1.8250626 2.4144945 2.0336741 0.0061554 1.8250626 1.7550557 1.7605341 2.0134882 
OL774653_Megalocytivirus_pagrus1_RSIV                    0.0358371 1.8267238 0.0887962 0.0820417 0.0884314 0.0358371 1.8267238 0.0000000 0.0887962 0.0820417 0.0000010 0.0820417 0.1063915 1.0229269 0.1411234 1.8509005 0.1063915 0.0884314 0.0886774 0.1346287 
OR670976_Megalocytivirus_pagrus1_ISKNV                   0.0873933 1.7731565 0.0000010 0.0043752 0.0224432 0.0873933 1.7731565 0.0887962 0.0000000 0.0043752 0.0887962 0.0088230 0.1201708 0.9929987 0.1557307 1.7783201 0.1201708 0.0224432 0.0087729 0.1491344 
MW273354_Megalocytivirus_pagrus1_ISKNV                   0.0807475 1.7361780 0.0043752 0.0000010 0.0178906 0.0807475 1.7361780 0.0820417 0.0043752 0.0000000 0.0820417 0.0043961 0.1132645 0.9966280 0.1484538 1.7412312 0.1132645 0.0178906 0.0043713 0.1418990 
MK098187_Megalocytivirus_pagrus1_RSIV                    0.0358371 1.8267238 0.0887962 0.0820417 0.0884314 0.0358371 1.8267238 0.0000010 0.0887962 0.0820417 0.0000000 0.0820417 0.1063915 1.0229269 0.1411234 1.8509005 0.1063915 0.0884314 0.0886774 0.1346287 
PP974677_Megalocytivirus_pagrus1_ISKNV                   0.0807475 1.7361780 0.0088230 0.0043961 0.0225534 0.0807475 1.7361780 0.0820417 0.0088230 0.0043961 0.0820417 0.0000000 0.1132645 0.9966280 0.1484538 1.7412312 0.1132645 0.0225534 0.0088151 0.1418990 
MG570131_Megalocytivirus_pagrus1_TRBIV                   0.1178160 1.8250626 0.1201708 0.1132645 0.1196711 0.1178160 1.8250626 0.1063915 0.1201708 0.1132645 0.1063915 0.1132645 0.0000000 1.0040732 0.0858695 1.8303088 0.0000010 0.1196711 0.1200077 0.0796826 
PQ335173_PQ335174_Threespine_stickleback_iridovirus_TSIV 0.9924162 2.4144945 0.9929987 0.9966280 0.9888432 0.9924162 2.4144945 1.0229269 0.9929987 0.9966280 1.0229269 0.9966280 1.0040732 0.0000000 1.0515417 2.3746694 1.0040732 0.9888432 1.0126513 1.0393606 
GQ273492_Megalocytivirus_pagrus1_TRBIV                   0.1525424 2.0336741 0.1557307 0.1484538 0.1520731 0.1525424 2.0336741 0.1411234 0.1557307 0.1484538 0.1411234 0.1484538 0.0858695 1.0515417 0.0000000 2.0394316 0.0858695 0.1520731 0.1555101 0.0058433 
OM037668_Megalocytivirus_lates1_SDDV                     1.8344056 0.0061554 1.7783201 1.7412312 1.7601534 1.8344056 0.0061554 1.8509005 1.7783201 1.7412312 1.8509005 1.7412312 1.8303088 2.3746694 2.0394316 0.0000000 1.8303088 1.7601534 1.7656373 2.0191950 
MG570132_Megalocytivirus_pagrus1_TRBIV                   0.1178160 1.8250626 0.1201708 0.1132645 0.1196711 0.1178160 1.8250626 0.1063915 0.1201708 0.1132645 0.1063915 0.1132645 0.0000010 1.0040732 0.0858695 1.8303088 0.0000000 0.1196711 0.1200077 0.0796826 
MN432490_Megalocytivirus_pagrus1_ISKNV                   0.0870399 1.7550557 0.0224432 0.0178906 0.0000010 0.0870399 1.7550557 0.0884314 0.0224432 0.0178906 0.0884314 0.0225534 0.1196711 0.9888432 0.1520731 1.7601534 0.1196711 0.0000000 0.0224227 0.1454683 
MW883606_Megalocytivirus_pagrus1_ISKNV                   0.0872782 1.7605341 0.0087729 0.0043713 0.0224227 0.0872782 1.7605341 0.0886774 0.0087729 0.0043713 0.0886774 0.0088151 0.1200077 1.0126513 0.1555101 1.7656373 0.1200077 0.0224227 0.0000000 0.1489240 
OK042109_Megalocytivirus_pagrus1_RSIV                    0.1460933 2.0134882 0.1491344 0.1418990 0.1454683 0.1460933 2.0134882 0.1346287 0.1491344 0.1418990 0.1346287 0.1418990 0.0796826 1.0393606 0.0058433 2.0191950 0.0796826 0.1454683 0.1489240 0.0000000 
