21
OK042108_Megalocytivirus_pagrus1_RSIV                    0.0000000 2.3746427 2.2637349 0.0904011 0.0831794 0.0897715 0.0000010 2.2637349 0.0362040 0.0904011 0.0831794 0.0362040 0.0831794 0.1222772 1.1922856 0.1600105 2.2646142 0.1222772 0.0897715 0.0900941 0.1529540 
MK637631_European_chub_iridovirus_ECIV                   2.3746427 0.0000000 1.0783429 2.4833613 2.4366693 2.4668390 2.3746427 1.0783429 2.4381079 2.4833613 2.4366693 2.4381079 2.4366693 2.5796808 3.1515649 2.6759767 1.0781620 2.5796808 2.4668390 2.4842825 2.6458717 
MT521409_Megalocytivirus_lates1_SDDV                     2.2637349 1.0783429 0.0000000 2.2070729 2.1642244 2.1930756 2.2637349 0.0000010 2.2508040 2.2070729 2.1642244 2.2508040 2.1642244 2.2345147 2.9337049 2.5080445 0.0061619 2.2345147 2.1930756 2.1888958 2.4786812 
ON212400_Megalocytivirus_pagrus1_ISKNV                   0.0904011 2.4833613 2.2070729 0.0000000 0.0043874 0.0226413 0.0904011 2.2070729 0.0920878 0.0000010 0.0043874 0.0920878 0.0088815 0.1257389 1.2216732 0.1648168 2.2130834 0.1257389 0.0226413 0.0088104 0.1575202 
MT926123_Megalocytivirus_pagrus1_ISKNV                   0.0831794 2.4366693 2.1642244 0.0043874 0.0000000 0.0179958 0.0831794 2.1642244 0.0847306 0.0043874 0.0000010 0.0847306 0.0044127 0.1180068 1.2265627 0.1564273 2.1700706 0.1180068 0.0179958 0.0043776 0.1492222 
MW883595_Megalocytivirus_pagrus1_ISKNV                   0.0897715 2.4668390 2.1930756 0.0226413 0.0179958 0.0000000 0.0897715 2.1930756 0.0914357 0.0226413 0.0179958 0.0914357 0.0227760 0.1248383 1.2208792 0.1604414 2.1990076 0.1248383 0.0000010 0.0225883 0.1532144 
KT804738_Megalocytivirus_pagrus1_RSIV                    0.0000010 2.3746427 2.2637349 0.0904011 0.0831794 0.0897715 0.0000000 2.2637349 0.0362040 0.0904011 0.0831794 0.0362040 0.0831794 0.1222772 1.1922856 0.1600105 2.2646142 0.1222772 0.0897715 0.0900941 0.1529540 
MN562489_Megalocytivirus_lates1_SDDV                     2.2637349 1.0783429 0.0000010 2.2070729 2.1642244 2.1930756 2.2637349 0.0000000 2.2508040 2.2070729 2.1642244 2.2508040 2.1642244 2.2345147 2.9337049 2.5080445 0.0061619 2.2345147 2.1930756 2.1888958 2.4786812 
OL774653_Megalocytivirus_pagrus1_RSIV                    0.0362040 2.4381079 2.2508040 0.0920878 0.0847306 0.0914357 0.0362040 2.2508040 0.0000000 0.0920878 0.0847306 0.0000010 0.0847306 0.1102832 1.2369755 0.1478028 2.2874747 0.1102832 0.0914357 0.0917699 0.1407406 
OR670976_Megalocytivirus_pagrus1_ISKNV                   0.0904011 2.4833613 2.2070729 0.0000010 0.0043874 0.0226413 0.0904011 2.2070729 0.0920878 0.0000000 0.0043874 0.0920878 0.0088815 0.1257389 1.2216732 0.1648168 2.2130834 0.1257389 0.0226413 0.0088104 0.1575202 
MW273354_Megalocytivirus_pagrus1_ISKNV                   0.0831794 2.4366693 2.1642244 0.0043874 0.0000010 0.0179958 0.0831794 2.1642244 0.0847306 0.0043874 0.0000000 0.0847306 0.0044127 0.1180068 1.2265627 0.1564273 2.1700706 0.1180068 0.0179958 0.0043776 0.1492222 
MK098187_Megalocytivirus_pagrus1_RSIV                    0.0362040 2.4381079 2.2508040 0.0920878 0.0847306 0.0914357 0.0362040 2.2508040 0.0000010 0.0920878 0.0847306 0.0000000 0.0847306 0.1102832 1.2369755 0.1478028 2.2874747 0.1102832 0.0914357 0.0917699 0.1407406 
PP974677_Megalocytivirus_pagrus1_ISKNV                   0.0831794 2.4366693 2.1642244 0.0088815 0.0044127 0.0227760 0.0831794 2.1642244 0.0847306 0.0088815 0.0044127 0.0847306 0.0000000 0.1180068 1.2265627 0.1564273 2.1700706 0.1180068 0.0227760 0.0088613 0.1492222 
MG570131_Megalocytivirus_pagrus1_TRBIV                   0.1222772 2.5796808 2.2345147 0.1257389 0.1180068 0.1248383 0.1222772 2.2345147 0.1102832 0.1257389 0.1180068 0.1102832 0.1180068 0.0000000 1.2196765 0.0887946 2.2405478 0.0000010 0.1248383 0.1253009 0.0822400 
PQ335173_PQ335174_Threespine_stickleback_iridovirus_TSIV 1.1922856 3.1515649 2.9337049 1.2216732 1.2265627 1.2208792 1.1922856 2.9337049 1.2369755 1.2216732 1.2265627 1.2369755 1.2265627 1.2196765 0.0000000 1.2784505 2.8761152 1.2196765 1.2208792 1.2385167 1.2600313 
GQ273492_Megalocytivirus_pagrus1_TRBIV                   0.1600105 2.6759767 2.5080445 0.1648168 0.1564273 0.1604414 0.1600105 2.5080445 0.1478028 0.1648168 0.1564273 0.1478028 0.1564273 0.0887946 1.2784505 0.0000000 2.5152444 0.0887946 0.1604414 0.1642254 0.0058553 
OM037668_Megalocytivirus_lates1_SDDV                     2.2646142 1.0781620 0.0061619 2.2130834 2.1700706 2.1990076 2.2646142 0.0061619 2.2874747 2.2130834 2.1700706 2.2874747 2.1700706 2.2405478 2.8761152 2.5152444 0.0000000 2.2405478 2.1990076 2.1948779 2.4857892 
MG570132_Megalocytivirus_pagrus1_TRBIV                   0.1222772 2.5796808 2.2345147 0.1257389 0.1180068 0.1248383 0.1222772 2.2345147 0.1102832 0.1257389 0.1180068 0.1102832 0.1180068 0.0000010 1.2196765 0.0887946 2.2405478 0.0000000 0.1248383 0.1253009 0.0822400 
MN432490_Megalocytivirus_pagrus1_ISKNV                   0.0897715 2.4668390 2.1930756 0.0226413 0.0179958 0.0000010 0.0897715 2.1930756 0.0914357 0.0226413 0.0179958 0.0914357 0.0227760 0.1248383 1.2208792 0.1604414 2.1990076 0.1248383 0.0000000 0.0225883 0.1532144 
MW883606_Megalocytivirus_pagrus1_ISKNV                   0.0900941 2.4842825 2.1888958 0.0088104 0.0043776 0.0225883 0.0900941 2.1888958 0.0917699 0.0088104 0.0043776 0.0917699 0.0088613 0.1253009 1.2385167 0.1642254 2.1948779 0.1253009 0.0225883 0.0000000 0.1569555 
OK042109_Megalocytivirus_pagrus1_RSIV                    0.1529540 2.6458717 2.4786812 0.1575202 0.1492222 0.1532144 0.1529540 2.4786812 0.1407406 0.1575202 0.1492222 0.1407406 0.1492222 0.0822400 1.2600313 0.0058553 2.4857892 0.0822400 0.1532144 0.1569555 0.0000000 
