13
AF371960_AF371960.1_00101 0.0000000 0.0960122 0.0954377 0.1233177 0.0960122 0.1386077 0.1386077 0.0954377 0.0020743 0.0256190 0.0000010 0.0256190 0.0981173 
AY894343_MK689686.1_00098 0.0960122 0.0000000 0.0229614 0.1000407 0.0000010 0.1109803 0.1109803 0.0229614 0.0985488 0.0986965 0.0960122 0.0986965 0.0103137 
BD143114_MK689686.1_00098 0.0954377 0.0229614 0.0000000 0.1051107 0.0229614 0.1155597 0.1155597 0.0000010 0.0979600 0.1013572 0.0954377 0.1013572 0.0124357 
GQ273492_GQ273492.1_00097 0.1233177 0.1000407 0.1051107 0.0000000 0.1000407 0.0635116 0.0635116 0.1051107 0.1259769 0.1186386 0.1233177 0.1186386 0.1002066 
KC244182_MK689686.1_00098 0.0960122 0.0000010 0.0229614 0.1000407 0.0000000 0.1109803 0.1109803 0.0229614 0.0985488 0.0986965 0.0960122 0.0986965 0.0103137 
MG570131_MG570131.1_00097 0.1386077 0.1109803 0.1155597 0.0635116 0.1109803 0.0000000 0.0000010 0.1155597 0.1413799 0.1392110 0.1386077 0.1392110 0.1084148 
MG570132_MG570132.1_00097 0.1386077 0.1109803 0.1155597 0.0635116 0.1109803 0.0000010 0.0000000 0.1155597 0.1413799 0.1392110 0.1386077 0.1392110 0.1084148 
MK098185_MK689686.1_00098 0.0954377 0.0229614 0.0000010 0.1051107 0.0229614 0.1155597 0.1155597 0.0000000 0.0979600 0.1013572 0.0954377 0.1013572 0.0124357 
MK689685_AF371960.1_00101 0.0020743 0.0985488 0.0979600 0.1259769 0.0985488 0.1413799 0.1413799 0.0979600 0.0000000 0.0278209 0.0020743 0.0278209 0.1006554 
MN432490_AF371960.1_00101 0.0256190 0.0986965 0.1013572 0.1186386 0.0986965 0.1392110 0.1392110 0.1013572 0.0278209 0.0000000 0.0256190 0.0000010 0.1008056 
MT926123_AF371960.1_00101 0.0000010 0.0960122 0.0954377 0.1233177 0.0960122 0.1386077 0.1386077 0.0954377 0.0020743 0.0256190 0.0000000 0.0256190 0.0981173 
MT986830_AF371960.1_00101 0.0256190 0.0986965 0.1013572 0.1186386 0.0986965 0.1392110 0.1392110 0.1013572 0.0278209 0.0000010 0.0256190 0.0000000 0.1008056 
ON740976_MK689686.1_00098 0.0981173 0.0103137 0.0124357 0.1002066 0.0103137 0.1084148 0.1084148 0.0124357 0.1006554 0.1008056 0.0981173 0.1008056 0.0000000 
