11
AF371960_AF371960.1_00009 0.0000000 0.2293021 0.2369941 0.3340515 0.2293021 0.3234416 0.3097434 0.2369941 0.0000010 0.0185367 0.0185367 
AY894343_MK689686.1_00009 0.2293021 0.0000000 0.0878116 0.2641958 0.0000010 0.2270010 0.2169934 0.0878116 0.2293021 0.2435827 0.2435827 
BD143114_MK689686.1_00009 0.2369941 0.0878116 0.0000000 0.2732263 0.0878116 0.2389390 0.2261284 0.0000010 0.2369941 0.2513394 0.2513394 
GQ273492_GQ273492.1_00009 0.3340515 0.2641958 0.2732263 0.0000000 0.2641958 0.1048223 0.0931159 0.2732263 0.3340515 0.3381251 0.3381251 
KC244182_MK689686.1_00009 0.2293021 0.0000010 0.0878116 0.2641958 0.0000000 0.2270010 0.2169934 0.0878116 0.2293021 0.2435827 0.2435827 
MG570131_MG570131.1_00010 0.3234416 0.2270010 0.2389390 0.1048223 0.2270010 0.0000000 0.0108898 0.2389390 0.3234416 0.3286817 0.3286817 
MG570132_MG570132.1_00010 0.3097434 0.2169934 0.2261284 0.0931159 0.2169934 0.0108898 0.0000000 0.2261284 0.3097434 0.3149365 0.3149365 
MK098185_MK689686.1_00009 0.2369941 0.0878116 0.0000010 0.2732263 0.0878116 0.2389390 0.2261284 0.0000000 0.2369941 0.2513394 0.2513394 
MK689685_AF371960.1_00009 0.0000010 0.2293021 0.2369941 0.3340515 0.2293021 0.3234416 0.3097434 0.2369941 0.0000000 0.0185367 0.0185367 
MN432490_AF371960.1_00009 0.0185367 0.2435827 0.2513394 0.3381251 0.2435827 0.3286817 0.3149365 0.2513394 0.0185367 0.0000000 0.0000010 
MT986830_AF371960.1_00009 0.0185367 0.2435827 0.2513394 0.3381251 0.2435827 0.3286817 0.3149365 0.2513394 0.0185367 0.0000010 0.0000000 
