69
23043610003_Megalocytivirus_pagrus1_ISKNV                0.0000000 0.0001127 0.0321374 2.7181194 0.0002255 0.0315313 2.0065163 0.0316552 0.0321374 0.0389162 2.6199233 2.7368535 0.0337353 2.4922302 0.0025974 0.0315313 2.0317311 2.7990046 2.3701761 0.0390716 0.0393164 0.0322567 0.0322567 1.0133884 0.0005639 0.0067067 0.9908701 2.0406578 0.0004510 0.0004510 0.9909181 0.0316481 0.0004510 0.0050961 0.0328422 0.0003383 0.0004510 0.0002255 0.0001127 0.0067067 0.0003382 0.0003382 0.0310499 0.0006766 0.0006768 0.0005640 0.0004511 0.0004510 2.0106961 0.0325192 0.0321437 0.0330838 0.0330838 0.0328422 0.9906992 0.0316481 0.0003382 0.0327621 0.0327284 0.0062479 0.0004513 0.0326996 0.0010268 0.0003384 0.0005639 0.0009024 0.0038472 0.0039631 0.3837989 
23043610005_Megalocytivirus_pagrus1_ISKNV                0.0001127 0.0000000 0.0322549 2.7186203 0.0003382 0.0316486 2.0065163 0.0317726 0.0322549 0.0390352 2.6195933 2.7365007 0.0338532 2.4914964 0.0027105 0.0316486 2.0317311 2.7984198 2.3706083 0.0391904 0.0394352 0.0323742 0.0323742 1.0136699 0.0006767 0.0068207 0.9911413 2.0406578 0.0005638 0.0005638 0.9911893 0.0317655 0.0005638 0.0052096 0.0329598 0.0004510 0.0005638 0.0003382 0.0002254 0.0068207 0.0004510 0.0004510 0.0311672 0.0007894 0.0007896 0.0006768 0.0005639 0.0005638 2.0106961 0.0326368 0.0322613 0.0332014 0.0332014 0.0329598 0.9909704 0.0317655 0.0004510 0.0328797 0.0328460 0.0063618 0.0005642 0.0328171 0.0010268 0.0004513 0.0006768 0.0010153 0.0039605 0.0040765 0.3839742 
AB104413_Megalocytivirus_pagrus1_RSIV                    0.0321374 0.0322549 0.0000000 2.7303145 0.0318921 0.0091822 2.0221082 0.0092979 0.0000010 0.0388407 2.5984701 2.7505925 0.0112696 2.4777913 0.0301097 0.0091822 2.0319867 2.8137502 2.3701254 0.0395285 0.0396549 0.0001125 0.0001125 1.0182239 0.0322536 0.0317790 0.9865777 2.0377048 0.0321323 0.0321323 0.9866254 0.0092958 0.0321297 0.0312764 0.0070223 0.0320146 0.0321319 0.0318921 0.0320165 0.0317790 0.0320122 0.0320122 0.0088412 0.0326161 0.0323751 0.0322604 0.0321353 0.0321317 2.0170961 0.0086202 0.0105713 0.0072510 0.0072510 0.0070223 0.9864070 0.0092958 0.0320112 0.0088531 0.0057719 0.0322510 0.0321504 0.0030446 0.0322766 0.0320284 0.0322563 0.0323636 0.0328156 0.0327166 0.3881212 
AF303741_Iridovirus_chilo1_n/a                           2.7181194 2.7186203 2.7303145 0.0000000 2.7176210 2.7304174 2.7312223 2.7297440 2.7303145 2.7157498 1.8181440 0.6178869 2.7439778 1.7744001 2.7192473 2.7304174 2.6322435 2.1545773 2.2477035 2.7248296 2.7253450 2.7311382 2.7311382 2.8378668 2.7192690 2.7212094 2.8178204 2.5983507 2.7177906 2.7177906 2.8185988 2.7304722 2.7176054 2.7181254 2.7259715 2.7190023 2.7174529 2.7176210 2.7177688 2.7212094 2.7190464 2.7190464 2.7309964 2.7193593 2.7173862 2.7167837 2.7181569 2.7172378 2.7394760 2.7288098 2.7278854 2.7266777 2.7266777 2.7259715 2.8174772 2.7304722 2.7169189 2.7305297 2.7332418 2.7209508 2.7178582 2.7256438 2.5744956 2.7181419 2.7186202 2.7177740 2.7173521 2.7174920 2.8385935 
AF371960_Megalocytivirus_pagrus1_ISKNV                   0.0002255 0.0003382 0.0318921 2.7176210 0.0000000 0.0312864 2.0063507 0.0314102 0.0318921 0.0386658 2.6197786 2.7358162 0.0334887 2.4917419 0.0023706 0.0312864 2.0313884 2.7986604 2.3700425 0.0388216 0.0390661 0.0320114 0.0320114 1.0127434 0.0003382 0.0064767 0.9903975 2.0403143 0.0002254 0.0002254 0.9904455 0.0314032 0.0002254 0.0048675 0.0325966 0.0001127 0.0002254 0.0000010 0.0001127 0.0064767 0.0001127 0.0001127 0.0308054 0.0006767 0.0004510 0.0003383 0.0002254 0.0002254 2.0104778 0.0322735 0.0318984 0.0328380 0.0328380 0.0325966 0.9902266 0.0314032 0.0001127 0.0325162 0.0324828 0.0060182 0.0002256 0.0324542 0.0008800 0.0001128 0.0003382 0.0006765 0.0036194 0.0037351 0.3835023 
AP017456_Megalocytivirus_pagrus1_RSIV                    0.0315313 0.0316486 0.0091822 2.7304174 0.0312864 0.0000000 2.0133818 0.0001125 0.0091822 0.0376115 2.6007262 2.7472261 0.0021460 2.4794166 0.0287950 0.0000010 2.0392367 2.8173650 2.3668516 0.0386730 0.0390374 0.0092965 0.0092965 1.0170979 0.0316474 0.0306977 0.9886400 2.0439160 0.0315263 0.0315263 0.9886878 0.0001125 0.0315237 0.0301943 0.0123978 0.0314086 0.0315258 0.0312864 0.0314105 0.0306977 0.0314063 0.0314063 0.0007876 0.0320093 0.0317686 0.0316540 0.0315292 0.0315256 2.0107259 0.0073645 0.0018051 0.0123989 0.0123989 0.0123978 0.9883312 0.0001125 0.0314053 0.0073683 0.0038407 0.0311688 0.0315441 0.0102072 0.0313163 0.0314223 0.0316500 0.0320026 0.0319667 0.0318675 0.3892247 
AY521625_Ranavirus_epinephelus1_n/a                      2.0065163 2.0065163 2.0221082 2.7312223 2.0063507 2.0133818 0.0000000 2.0134035 2.0221082 2.0278641 2.7781864 2.7253507 2.0178870 2.7124799 2.0068869 2.0133818 1.6503735 2.9877395 2.1719496 2.0225598 2.0233737 2.0229562 2.0229562 2.1164689 2.0067338 2.0102063 2.1139387 1.6551971 2.0057165 2.0057165 2.1147227 2.0135276 2.0071443 2.0048672 2.0192285 2.0057057 2.0061602 2.0063507 2.0062682 2.0102063 2.0073433 2.0073433 2.0123380 2.0055202 2.0061973 2.0068781 2.0067652 2.0069993 0.5775238 2.0156581 2.0139939 2.0196709 2.0196709 2.0192285 2.1131118 2.0135276 2.0062044 2.0153808 2.0182908 2.0086059 2.0076380 2.0211407 1.9419746 2.0077485 2.0062447 2.0062396 2.0029350 2.0053453 2.0727445 
AY894343_Megalocytivirus_pagrus1_RSIV                    0.0316552 0.0317726 0.0092979 2.7297440 0.0314102 0.0001125 2.0134035 0.0000000 0.0092979 0.0377377 2.6007262 2.7463026 0.0022596 2.4794166 0.0289180 0.0001125 2.0392571 2.8173650 2.3668649 0.0387995 0.0391641 0.0094123 0.0094123 1.0171319 0.0317713 0.0308212 0.9886732 2.0439363 0.0316502 0.0316502 0.9887209 0.0002250 0.0316476 0.0303176 0.0125147 0.0315325 0.0316497 0.0314102 0.0315344 0.0308212 0.0315301 0.0315301 0.0009004 0.0321334 0.0318926 0.0317780 0.0316531 0.0316495 2.0107470 0.0074797 0.0019184 0.0125158 0.0125158 0.0125147 0.9883643 0.0002250 0.0315291 0.0074836 0.0039547 0.0312925 0.0316680 0.0103233 0.0314772 0.0315462 0.0317740 0.0321266 0.0320906 0.0319914 0.3894776 
BD143114_Megalocytivirus_pagrus1_RSIV                    0.0321374 0.0322549 0.0000010 2.7303145 0.0318921 0.0091822 2.0221082 0.0092979 0.0000000 0.0388407 2.5984701 2.7505925 0.0112696 2.4777913 0.0301097 0.0091822 2.0319867 2.8137502 2.3701254 0.0395285 0.0396549 0.0001125 0.0001125 1.0182239 0.0322536 0.0317790 0.9865777 2.0377048 0.0321323 0.0321323 0.9866254 0.0092958 0.0321297 0.0312764 0.0070223 0.0320146 0.0321319 0.0318921 0.0320165 0.0317790 0.0320122 0.0320122 0.0088412 0.0326161 0.0323751 0.0322604 0.0321353 0.0321317 2.0170961 0.0086202 0.0105713 0.0072510 0.0072510 0.0070223 0.9864070 0.0092958 0.0320112 0.0088531 0.0057719 0.0322510 0.0321504 0.0030446 0.0322766 0.0320284 0.0322563 0.0323636 0.0328156 0.0327166 0.3881212 
GQ273492_Megalocytivirus_pagrus1_TRBIV                   0.0389162 0.0390352 0.0388407 2.7157498 0.0386658 0.0376115 2.0278641 0.0377377 0.0388407 0.0000000 2.6241045 2.7415215 0.0399933 2.4933667 0.0382929 0.0376115 2.0396043 2.7949668 2.3713247 0.0217652 0.0217687 0.0389616 0.0389616 1.0210283 0.0390336 0.0364267 1.0003894 2.0483924 0.0389100 0.0389100 1.0006190 0.0377293 0.0389069 0.0374493 0.0331572 0.0387908 0.0387758 0.0386658 0.0387931 0.0364267 0.0387878 0.0387878 0.0371237 0.0394027 0.0390235 0.0390419 0.0387800 0.0389093 2.0230108 0.0348469 0.0356807 0.0331603 0.0331603 0.0331572 1.0002182 0.0377293 0.0387866 0.0349850 0.0385242 0.0369064 0.0389316 0.0367819 0.0387745 0.0388071 0.0390369 0.0392896 0.0378187 0.0377209 0.3871024 
HF920633_Chloriridovirus_simulium1_n/a                   2.6199233 2.6195933 2.5984701 1.8181440 2.6197786 2.6007262 2.7781864 2.6007262 2.5984701 2.6241045 0.0000000 1.8062488 2.6100566 0.4710113 2.6153209 2.6007262 2.6785931 1.8779052 2.3436665 2.6215882 2.6202280 2.5983480 2.5983480 2.7909579 2.6204898 2.6195052 2.6991993 2.6808452 2.6199351 2.6199351 2.7002753 2.6008431 2.6200474 2.6112156 2.5989835 2.6204684 2.6211459 2.6197786 2.6195895 2.6195052 2.6211551 2.6211551 2.6031659 2.6199111 2.6216555 2.6176290 2.6217544 2.6199157 2.7883790 2.6017135 2.6110204 2.5996564 2.5996564 2.5989835 2.6975694 2.6008431 2.6190943 2.6045999 2.5996502 2.6179690 2.6194942 2.5983739 2.4782826 2.6190259 2.6216555 2.6195239 2.6117624 2.6111205 2.7491206 
HF920637_Iridovirus_armadillidium1_n/a                   2.7368535 2.7365007 2.7505925 0.6178869 2.7358162 2.7472261 2.7253507 2.7463026 2.7505925 2.7415215 1.8062488 0.0000000 2.7622111 1.7850585 2.7407428 2.7472261 2.6609116 2.2454150 2.3100671 2.7390102 2.7355073 2.7504603 2.7504603 2.8908146 2.7377336 2.7367140 2.8498774 2.6242184 2.7356550 2.7356550 2.8503309 2.7473549 2.7345490 2.7367817 2.7455305 2.7347688 2.7356402 2.7358162 2.7360026 2.7367140 2.7373120 2.7373120 2.7486490 2.7364968 2.7356804 2.7363104 2.7363789 2.7371480 2.7642695 2.7511474 2.7433737 2.7462724 2.7462724 2.7455305 2.8495150 2.7473549 2.7347345 2.7513041 2.7484933 2.7368330 2.7360636 2.7445271 2.6093768 2.7363633 2.7364485 2.7369397 2.7358984 2.7361493 2.8448872 
KC244182_Megalocytivirus_pagrus1_RSIV                    0.0337353 0.0338532 0.0112696 2.7439778 0.0334887 0.0021460 2.0178870 0.0022596 0.0112696 0.0399933 2.6100566 2.7622111 0.0000000 2.4907307 0.0309846 0.0021460 2.0481085 2.8405685 2.3764748 0.0410601 0.0414267 0.0113846 0.0113846 1.0228684 0.0338518 0.0330350 0.9957750 2.0535497 0.0337299 0.0337299 0.9958233 0.0020330 0.0337272 0.0323894 0.0145050 0.0336118 0.0337295 0.0334887 0.0336138 0.0330350 0.0336093 0.0336093 0.0029385 0.0342159 0.0339738 0.0338589 0.0337331 0.0337292 2.0143591 0.0094434 0.0037392 0.0145063 0.0145063 0.0145050 0.9954641 0.0020330 0.0336082 0.0094483 0.0058989 0.0335085 0.0337489 0.0122997 0.0314681 0.0336262 0.0338546 0.0342087 0.0341703 0.0340716 0.3930347 
KF938901_Chloriridovirus_anopheles1_n/a                  2.4922302 2.4914964 2.4777913 1.7744001 2.4917419 2.4794166 2.7124799 2.4794166 2.4777913 2.4933667 0.4710113 1.7850585 2.4907307 0.0000000 2.4882916 2.4794166 2.5952685 1.8418407 2.3093345 2.4952178 2.4933814 2.4776674 2.4776674 2.6847997 2.4914695 2.4915085 2.6136507 2.5825687 2.4918866 2.4918866 2.6139553 2.4795328 2.4920017 2.4850972 2.4775317 2.4900831 2.4921970 2.4917419 2.4919059 2.4915085 2.4931052 2.4931052 2.4806170 2.4919888 2.4929524 2.4902379 2.4928712 2.4918776 2.6733566 2.4793768 2.4897336 2.4775317 2.4775317 2.4775317 2.6144646 2.4795328 2.4910557 2.4824281 2.4795751 2.4889996 2.4914875 2.4729728 2.3685533 2.4910146 2.4937869 2.4915132 2.4850648 2.4852094 2.6161739 
KT781098_Megalocytivirus_pagrus1_ISKNV                   0.0025974 0.0027105 0.0301097 2.7192473 0.0023706 0.0287950 2.0068869 0.0289180 0.0301097 0.0382929 2.6153209 2.7407428 0.0309846 2.4882916 0.0000000 0.0287950 2.0340368 2.7986644 2.3722286 0.0385677 0.0388121 0.0302286 0.0302286 1.0124155 0.0027104 0.0088784 0.9892281 2.0429707 0.0025970 0.0025970 0.9892760 0.0289115 0.0025968 0.0072576 0.0303379 0.0024839 0.0025970 0.0023706 0.0024841 0.0088784 0.0024837 0.0024837 0.0283163 0.0030505 0.0028238 0.0027109 0.0025972 0.0025969 2.0108666 0.0300139 0.0294033 0.0305783 0.0305783 0.0303379 0.9890572 0.0289115 0.0024837 0.0302555 0.0302244 0.0084175 0.0025987 0.0306719 0.0030860 0.0024852 0.0027106 0.0030499 0.0060052 0.0061227 0.3843251 
KT804738_Megalocytivirus_pagrus1_RSIV                    0.0315313 0.0316486 0.0091822 2.7304174 0.0312864 0.0000010 2.0133818 0.0001125 0.0091822 0.0376115 2.6007262 2.7472261 0.0021460 2.4794166 0.0287950 0.0000000 2.0392367 2.8173650 2.3668516 0.0386730 0.0390374 0.0092965 0.0092965 1.0170979 0.0316474 0.0306977 0.9886400 2.0439160 0.0315263 0.0315263 0.9886878 0.0001125 0.0315237 0.0301943 0.0123978 0.0314086 0.0315258 0.0312864 0.0314105 0.0306977 0.0314063 0.0314063 0.0007876 0.0320093 0.0317686 0.0316540 0.0315292 0.0315256 2.0107259 0.0073645 0.0018051 0.0123989 0.0123989 0.0123978 0.9883312 0.0001125 0.0314053 0.0073683 0.0038407 0.0311688 0.0315441 0.0102072 0.0313163 0.0314223 0.0316500 0.0320026 0.0319667 0.0318675 0.3892247 
KX643370_Lymphocystivirus_sparus1_n/a                    2.0317311 2.0317311 2.0319867 2.6322435 2.0313884 2.0392367 1.6503735 2.0392571 2.0319867 2.0396043 2.6785931 2.6609116 2.0481085 2.5952685 2.0340368 2.0392367 0.0000000 2.9304615 1.9838611 2.0371059 2.0374068 2.0328149 2.0328149 2.0743172 2.0317249 2.0356835 2.0783511 0.1535592 2.0317317 2.0317317 2.0783791 2.0393208 2.0311504 2.0342367 2.0295376 2.0315612 2.0314443 2.0313884 2.0315472 2.0356835 2.0314515 2.0314515 2.0383166 2.0317595 2.0328368 2.0315058 2.0317664 2.0329811 1.6995829 2.0338239 2.0411470 2.0295733 2.0295733 2.0295376 2.0778861 2.0393208 2.0320473 2.0340656 2.0376015 2.0335539 2.0331307 2.0323526 1.9865386 2.0327629 2.0324403 2.0310740 2.0313161 2.0329273 2.1343188 
LS484712_Daphniairidovirus_daphnia1_n/a                  2.7990046 2.7984198 2.8137502 2.1545773 2.7986604 2.8173650 2.9877395 2.8173650 2.8137502 2.7949668 1.8779052 2.2454150 2.8405685 1.8418407 2.7986644 2.8173650 2.9304615 0.0000000 2.5912624 2.7873160 2.7882716 2.8137502 2.8137502 3.0089883 2.7976142 2.8203078 2.9324520 2.9027461 2.7982917 2.7982917 2.9324520 2.8173650 2.7992794 2.8006453 2.7984480 2.7986604 2.7965494 2.7986604 2.7990046 2.8203078 2.7986604 2.7986604 2.8174219 2.7994939 2.7977401 2.8042109 2.7963312 2.7986604 2.8982792 2.8003030 2.8173650 2.7984480 2.7984480 2.7984480 2.9324520 2.8173650 2.7986604 2.8003030 2.8118456 2.8166680 2.7966885 2.8121718 2.9064468 2.7966885 2.8000709 2.7995440 2.7990970 2.7971244 2.9425148 
MF599468_Decapodiridovirus_litopenaeus1_n/a              2.3701761 2.3706083 2.3701254 2.2477035 2.3700425 2.3668516 2.1719496 2.3668649 2.3701254 2.3713247 2.3436665 2.3100671 2.3764748 2.3093345 2.3722286 2.3668516 1.9838611 2.5912624 0.0000000 2.3667158 2.3663539 2.3699198 2.3699198 2.4085370 2.3707709 2.3712834 2.3886413 1.9816554 2.3702906 2.3702906 2.3894493 2.3669578 2.3710235 2.3641955 2.3657517 2.3685462 2.3692229 2.3700425 2.3699145 2.3712834 2.3712792 2.3712792 2.3668047 2.3703247 2.3694687 2.3710651 2.3698342 2.3722608 2.2078384 2.3710662 2.3680281 2.3663523 2.3663523 2.3657517 2.3880396 2.3669578 2.3703073 2.3702342 2.3685874 2.3711993 2.3696977 2.3643672 2.3124881 2.3693995 2.3695043 2.3709531 2.3641910 2.3644853 2.4839465 
MG570131_Megalocytivirus_pagrus1_TRBIV                   0.0390716 0.0391904 0.0395285 2.7248296 0.0388216 0.0386730 2.0225598 0.0387995 0.0395285 0.0217652 2.6215882 2.7390102 0.0410601 2.4952178 0.0385677 0.0386730 2.0371059 2.7873160 2.3667158 0.0000000 0.0009025 0.0396495 0.0396495 1.0159267 0.0390701 0.0371942 0.9948973 2.0474906 0.0390654 0.0390654 0.9949456 0.0387909 0.0390623 0.0380947 0.0367230 0.0389464 0.0389314 0.0388216 0.0389487 0.0371942 0.0389434 0.0389434 0.0381844 0.0394345 0.0391786 0.0390744 0.0389355 0.0390646 2.0252987 0.0376065 0.0366170 0.0367264 0.0367264 0.0367230 0.9947265 0.0387909 0.0388145 0.0376152 0.0392081 0.0376736 0.0390870 0.0384276 0.0386717 0.0389627 0.0391921 0.0394444 0.0385793 0.0384820 0.3865006 
MG570132_Megalocytivirus_pagrus1_TRBIV                   0.0393164 0.0394352 0.0396549 2.7253450 0.0390661 0.0390374 2.0233737 0.0391641 0.0396549 0.0217687 2.6202280 2.7355073 0.0414267 2.4933814 0.0388121 0.0390374 2.0374068 2.7882716 2.3663539 0.0009025 0.0000000 0.0397759 0.0397759 1.0147863 0.0393148 0.0374384 0.9939844 2.0483922 0.0393101 0.0393101 0.9940326 0.0391553 0.0393070 0.0383390 0.0368483 0.0391910 0.0391760 0.0390661 0.0391934 0.0374384 0.0391881 0.0391881 0.0385484 0.0396795 0.0394234 0.0393192 0.0391801 0.0393093 2.0266297 0.0377322 0.0369800 0.0368517 0.0368517 0.0368483 0.9938136 0.0391553 0.0390590 0.0377409 0.0393345 0.0379180 0.0393318 0.0385535 0.0389901 0.0392074 0.0394369 0.0396894 0.0388238 0.0387265 0.3865688 
MK098186_Megalocytivirus_pagrus1_RSIV                    0.0322567 0.0323742 0.0001125 2.7311382 0.0320114 0.0092965 2.0229562 0.0094123 0.0001125 0.0389616 2.5983480 2.7504603 0.0113846 2.4776674 0.0302286 0.0092965 2.0328149 2.8137502 2.3699198 0.0396495 0.0397759 0.0000000 0.0000010 1.0186255 0.0323730 0.0318983 0.9869597 2.0385344 0.0322516 0.0322516 0.9870074 0.0094102 0.0322490 0.0313955 0.0071363 0.0321338 0.0322512 0.0320114 0.0321358 0.0318983 0.0321314 0.0321314 0.0089554 0.0327356 0.0324944 0.0323797 0.0322546 0.0322510 2.0179164 0.0087345 0.0106861 0.0073650 0.0073650 0.0071363 0.9867890 0.0094102 0.0321304 0.0089675 0.0058856 0.0323703 0.0322698 0.0031577 0.0324317 0.0321477 0.0323757 0.0324830 0.0329349 0.0328360 0.3883271 
MK098187_Megalocytivirus_pagrus1_RSIV                    0.0322567 0.0323742 0.0001125 2.7311382 0.0320114 0.0092965 2.0229562 0.0094123 0.0001125 0.0389616 2.5983480 2.7504603 0.0113846 2.4776674 0.0302286 0.0092965 2.0328149 2.8137502 2.3699198 0.0396495 0.0397759 0.0000010 0.0000000 1.0186255 0.0323730 0.0318983 0.9869597 2.0385344 0.0322516 0.0322516 0.9870074 0.0094102 0.0322490 0.0313955 0.0071363 0.0321338 0.0322512 0.0320114 0.0321358 0.0318983 0.0321314 0.0321314 0.0089554 0.0327356 0.0324944 0.0323797 0.0322546 0.0322510 2.0179164 0.0087345 0.0106861 0.0073650 0.0073650 0.0071363 0.9867890 0.0094102 0.0321304 0.0089675 0.0058856 0.0323703 0.0322698 0.0031577 0.0324317 0.0321477 0.0323757 0.0324830 0.0329349 0.0328360 0.3883271 
MK637631_European_chub_iridovirus_ECIV                   1.0133884 1.0136699 1.0182239 2.8378668 1.0127434 1.0170979 2.1164689 1.0171319 1.0182239 1.0210283 2.7909579 2.8908146 1.0228684 2.6847997 1.0124155 1.0170979 2.0743172 3.0089883 2.4085370 1.0159267 1.0147863 1.0186255 1.0186255 0.0000000 1.0131904 1.0132334 0.4743464 2.0905652 1.0130562 1.0130562 0.4743628 1.0170373 1.0126174 1.0137485 1.0175153 1.0130665 1.0130058 1.0127434 1.0132748 1.0132334 1.0132006 1.0132006 1.0175811 1.0140926 1.0130956 1.0135037 1.0130168 1.0128584 2.1710568 1.0168033 1.0180233 1.0178483 1.0178483 1.0175153 0.4739133 1.0170373 1.0124731 1.0174018 1.0185739 1.0142359 1.0135106 1.0176159 0.9894334 1.0133893 1.0125060 1.0129875 1.0133316 1.0142470 1.0491349 
MK689685_Megalocytivirus_pagrus1_ISKNV                   0.0005639 0.0006767 0.0322536 2.7192690 0.0003382 0.0316474 2.0067338 0.0317713 0.0322536 0.0390336 2.6204898 2.7377336 0.0338518 2.4914695 0.0027104 0.0316474 2.0317249 2.7976142 2.3707709 0.0390701 0.0393148 0.0323730 0.0323730 1.0131904 0.0000000 0.0068204 0.9908180 2.0413605 0.0005638 0.0005638 0.9908660 0.0317642 0.0005638 0.0052094 0.0329585 0.0004510 0.0005638 0.0003382 0.0004510 0.0068204 0.0004510 0.0004510 0.0311660 0.0010155 0.0007896 0.0006768 0.0005639 0.0005638 2.0111739 0.0326355 0.0322600 0.0332001 0.0332001 0.0329585 0.9906471 0.0317642 0.0004510 0.0328785 0.0328447 0.0063615 0.0005642 0.0328158 0.0013207 0.0004513 0.0006767 0.0010153 0.0039604 0.0040763 0.3836985 
MN432490_Megalocytivirus_pagrus1_ISKNV                   0.0067067 0.0068207 0.0317790 2.7212094 0.0064767 0.0306977 2.0102063 0.0308212 0.0317790 0.0364267 2.6195052 2.7367140 0.0330350 2.4915085 0.0088784 0.0306977 2.0356835 2.8203078 2.3712834 0.0371942 0.0374384 0.0318983 0.0318983 1.0132334 0.0068204 0.0000000 0.9903436 2.0415847 0.0067057 0.0067057 0.9903915 0.0308144 0.0067051 0.0041895 0.0322512 0.0065916 0.0067056 0.0064767 0.0065921 0.0000010 0.0065911 0.0065911 0.0302171 0.0071646 0.0069353 0.0068218 0.0067063 0.0067055 2.0141395 0.0318099 0.0308590 0.0324925 0.0324925 0.0322512 0.9900340 0.0308144 0.0065909 0.0319457 0.0317908 0.0011276 0.0067098 0.0321031 0.0064996 0.0065949 0.0068210 0.0071631 0.0035080 0.0033969 0.3836740 
MN562489_Megalocytivirus_lates1_SDDV                     0.9908701 0.9911413 0.9865777 2.8178204 0.9903975 0.9886400 2.1139387 0.9886732 0.9865777 1.0003894 2.6991993 2.8498774 0.9957750 2.6136507 0.9892281 0.9886400 2.0783511 2.9324520 2.3886413 0.9948973 0.9939844 0.9869597 0.9869597 0.4743464 0.9908180 0.9903436 0.0000000 2.0688497 0.9910673 0.9910673 0.0001154 0.9885795 0.9906563 0.9903526 0.9864360 0.9907036 0.9910144 0.9903975 0.9909058 0.9903436 0.9908345 0.9908345 0.9891203 0.9911755 0.9913903 0.9904672 0.9910256 0.9904457 2.1282388 0.9885485 0.9886116 0.9871954 0.9871954 0.9864360 0.0002309 0.9885795 0.9903975 0.9886913 0.9893812 0.9909131 0.9905524 0.9873465 0.9751507 0.9903283 0.9904210 0.9911026 0.9899128 0.9900219 1.0146719 
MN803438_Lymphocystivirus_micropogonias1_n/a             2.0406578 2.0406578 2.0377048 2.5983507 2.0403143 2.0439160 1.6551971 2.0439363 2.0377048 2.0483924 2.6808452 2.6242184 2.0535497 2.5825687 2.0429707 2.0439160 0.1535592 2.9027461 1.9816554 2.0474906 2.0483922 2.0385344 2.0385344 2.0905652 2.0413605 2.0415847 2.0688497 0.0000000 2.0406572 2.0406572 2.0691149 2.0440001 2.0398099 2.0406761 2.0326908 2.0411930 2.0409479 2.0403143 2.0404727 2.0415847 2.0403781 2.0403781 2.0429962 2.0404256 2.0423442 2.0400932 2.0412703 2.0419115 1.6915119 2.0363167 2.0474651 2.0329449 2.0329449 2.0326908 2.0686170 2.0440001 2.0409748 2.0365584 2.0411331 2.0402890 2.0420612 2.0363396 1.9985221 2.0416930 2.0413698 2.0404529 2.0376415 2.0392553 2.1431196 
MT128666_Megalocytivirus_pagrus1_ISKNV                   0.0004510 0.0005638 0.0321323 2.7177906 0.0002254 0.0315263 2.0057165 0.0316502 0.0321323 0.0389100 2.6199351 2.7356550 0.0337299 2.4918866 0.0025970 0.0315263 2.0317317 2.7982917 2.3702906 0.0390654 0.0393101 0.0322516 0.0322516 1.0130562 0.0005638 0.0067057 0.9910673 2.0406572 0.0000000 0.0000010 0.9911153 0.0316431 0.0004509 0.0050953 0.0328370 0.0003382 0.0004510 0.0002254 0.0003382 0.0067057 0.0003382 0.0003382 0.0310450 0.0009025 0.0006767 0.0005639 0.0004510 0.0004510 2.0098849 0.0325140 0.0321387 0.0330785 0.0330785 0.0328370 0.9908963 0.0316431 0.0003382 0.0327569 0.0327232 0.0062469 0.0004513 0.0326944 0.0011737 0.0003384 0.0005639 0.0009023 0.0038466 0.0039624 0.3839156 
MT128667_Megalocytivirus_pagrus1_ISKNV                   0.0004510 0.0005638 0.0321323 2.7177906 0.0002254 0.0315263 2.0057165 0.0316502 0.0321323 0.0389100 2.6199351 2.7356550 0.0337299 2.4918866 0.0025970 0.0315263 2.0317317 2.7982917 2.3702906 0.0390654 0.0393101 0.0322516 0.0322516 1.0130562 0.0005638 0.0067057 0.9910673 2.0406572 0.0000010 0.0000000 0.9911153 0.0316431 0.0004509 0.0050953 0.0328370 0.0003382 0.0004510 0.0002254 0.0003382 0.0067057 0.0003382 0.0003382 0.0310450 0.0009025 0.0006767 0.0005639 0.0004510 0.0004510 2.0098849 0.0325140 0.0321387 0.0330785 0.0330785 0.0328370 0.9908963 0.0316431 0.0003382 0.0327569 0.0327232 0.0062469 0.0004513 0.0326944 0.0011737 0.0003384 0.0005639 0.0009023 0.0038466 0.0039624 0.3839156 
MT521409_Megalocytivirus_lates1_SDDV                     0.9909181 0.9911893 0.9866254 2.8185988 0.9904455 0.9886878 2.1147227 0.9887209 0.9866254 1.0006190 2.7002753 2.8503309 0.9958233 2.6139553 0.9892760 0.9886878 2.0783791 2.9324520 2.3894493 0.9949456 0.9940326 0.9870074 0.9870074 0.4743628 0.9908660 0.9903915 0.0001154 2.0691149 0.9911153 0.9911153 0.0000000 0.9886272 0.9907042 0.9904006 0.9864836 0.9907516 0.9910624 0.9904455 0.9909538 0.9903915 0.9908825 0.9908825 0.9891681 0.9912236 0.9914383 0.9905151 0.9910736 0.9904936 2.1290070 0.9885962 0.9886594 0.9872431 0.9872431 0.9864836 0.0003463 0.9886272 0.9904455 0.9887391 0.9894290 0.9909610 0.9906003 0.9873942 0.9752115 0.9903762 0.9904690 0.9911506 0.9899607 0.9900698 1.0147146 
MT798582_Megalocytivirus_pagrus1_RSIV                    0.0316481 0.0317655 0.0092958 2.7304722 0.0314032 0.0001125 2.0135276 0.0002250 0.0092958 0.0377293 2.6008431 2.7473549 0.0020330 2.4795328 0.0289115 0.0001125 2.0393208 2.8173650 2.3669578 0.0387909 0.0391553 0.0094102 0.0094102 1.0170373 0.0317642 0.0308144 0.9885795 2.0440001 0.0316431 0.0316431 0.9886272 0.0000000 0.0316405 0.0303109 0.0125119 0.0315254 0.0316426 0.0314032 0.0315274 0.0308144 0.0315231 0.0315231 0.0009002 0.0321262 0.0318855 0.0317709 0.0316460 0.0316424 2.0109737 0.0074780 0.0016922 0.0125130 0.0125130 0.0125119 0.9882706 0.0000010 0.0315221 0.0074819 0.0039538 0.0312856 0.0316609 0.0103209 0.0314681 0.0315391 0.0317669 0.0321194 0.0320834 0.0319843 0.3893911 
MT926123_Megalocytivirus_pagrus1_ISKNV                   0.0004510 0.0005638 0.0321297 2.7176054 0.0002254 0.0315237 2.0071443 0.0316476 0.0321297 0.0389069 2.6200474 2.7345490 0.0337272 2.4920017 0.0025968 0.0315237 2.0311504 2.7992794 2.3710235 0.0390623 0.0393070 0.0322490 0.0322490 1.0126174 0.0005638 0.0067051 0.9906563 2.0398099 0.0004509 0.0004509 0.9907042 0.0316405 0.0000000 0.0050948 0.0328344 0.0003382 0.0004509 0.0002254 0.0003382 0.0067051 0.0003382 0.0003382 0.0310425 0.0009024 0.0006766 0.0005639 0.0004510 0.0004509 2.0106766 0.0325114 0.0321361 0.0330759 0.0330759 0.0328344 0.9904854 0.0316405 0.0003381 0.0327542 0.0327206 0.0062463 0.0004512 0.0326918 0.0011736 0.0003384 0.0005638 0.0009022 0.0038462 0.0039621 0.3835657 
MT986830_Megalocytivirus_pagrus1_ISKNV                   0.0050961 0.0052096 0.0312764 2.7181254 0.0048675 0.0301943 2.0048672 0.0303176 0.0312764 0.0374493 2.6112156 2.7367817 0.0323894 2.4850972 0.0072576 0.0301943 2.0342367 2.8006453 2.3641955 0.0380947 0.0383390 0.0313955 0.0313955 1.0137485 0.0052094 0.0041895 0.9903526 2.0406761 0.0050953 0.0050953 0.9904006 0.0303109 0.0050948 0.0000000 0.0317419 0.0049817 0.0050952 0.0048675 0.0049821 0.0041895 0.0049814 0.0049814 0.0299503 0.0055515 0.0053235 0.0052104 0.0050957 0.0050951 2.0132677 0.0313009 0.0303548 0.0319828 0.0319828 0.0317419 0.9900430 0.0303109 0.0049812 0.0314362 0.0312854 0.0035064 0.0050984 0.0316004 0.0060429 0.0049842 0.0052098 0.0055504 0.0016908 0.0015790 0.3849851 
MW139932_Megalocytivirus_pagrus1_RSIV                    0.0328422 0.0329598 0.0070223 2.7259715 0.0325966 0.0123978 2.0192285 0.0125147 0.0070223 0.0331572 2.5989835 2.7455305 0.0145050 2.4775317 0.0303379 0.0123978 2.0295376 2.7984480 2.3657517 0.0367230 0.0368483 0.0071363 0.0071363 1.0175153 0.0329585 0.0322512 0.9864360 2.0326908 0.0328370 0.0328370 0.9864836 0.0125119 0.0328344 0.0317419 0.0000000 0.0327192 0.0328365 0.0325966 0.0327211 0.0322512 0.0327167 0.0327167 0.0120552 0.0333214 0.0330800 0.0329654 0.0328401 0.0328363 2.0126430 0.0049696 0.0138003 0.0002250 0.0002250 0.0000010 0.9862653 0.0125119 0.0327157 0.0051990 0.0094272 0.0327234 0.0328555 0.0057685 0.0327692 0.0327333 0.0329612 0.0333143 0.0332818 0.0331830 0.3880609 
MW273353_Megalocytivirus_pagrus1_ISKNV                   0.0003383 0.0004510 0.0320146 2.7190023 0.0001127 0.0314086 2.0057057 0.0315325 0.0320146 0.0387908 2.6204684 2.7347688 0.0336118 2.4900831 0.0024839 0.0314086 2.0315612 2.7986604 2.3685462 0.0389464 0.0391910 0.0321338 0.0321338 1.0130665 0.0004510 0.0065916 0.9907036 2.0411930 0.0003382 0.0003382 0.9907516 0.0315254 0.0003382 0.0049817 0.0327192 0.0000000 0.0003382 0.0001127 0.0002255 0.0065916 0.0002254 0.0002254 0.0309275 0.0007896 0.0005639 0.0004511 0.0003382 0.0003382 2.0113399 0.0323961 0.0320209 0.0329606 0.0329606 0.0327192 0.9905327 0.0315254 0.0002254 0.0326389 0.0326054 0.0061329 0.0003384 0.0325767 0.0010269 0.0002256 0.0004511 0.0007895 0.0037332 0.0038490 0.3835345 
MW273354_Megalocytivirus_pagrus1_ISKNV                   0.0004510 0.0005638 0.0321319 2.7174529 0.0002254 0.0315258 2.0061602 0.0316497 0.0321319 0.0387758 2.6211459 2.7356402 0.0337295 2.4921970 0.0025970 0.0315258 2.0314443 2.7965494 2.3692229 0.0389314 0.0391760 0.0322512 0.0322512 1.0130058 0.0005638 0.0067056 0.9910144 2.0409479 0.0004510 0.0004510 0.9910624 0.0316426 0.0004509 0.0050952 0.0328365 0.0003382 0.0000000 0.0002254 0.0003382 0.0067056 0.0003382 0.0003382 0.0310446 0.0009025 0.0004510 0.0005639 0.0002254 0.0004510 2.0114653 0.0325136 0.0321382 0.0330781 0.0330781 0.0328365 0.9908435 0.0316426 0.0003382 0.0327564 0.0327228 0.0062468 0.0004513 0.0326940 0.0011737 0.0003384 0.0005638 0.0009023 0.0038465 0.0039624 0.3837555 
MW883593_Megalocytivirus_pagrus1_ISKNV                   0.0002255 0.0003382 0.0318921 2.7176210 0.0000010 0.0312864 2.0063507 0.0314102 0.0318921 0.0386658 2.6197786 2.7358162 0.0334887 2.4917419 0.0023706 0.0312864 2.0313884 2.7986604 2.3700425 0.0388216 0.0390661 0.0320114 0.0320114 1.0127434 0.0003382 0.0064767 0.9903975 2.0403143 0.0002254 0.0002254 0.9904455 0.0314032 0.0002254 0.0048675 0.0325966 0.0001127 0.0002254 0.0000000 0.0001127 0.0064767 0.0001127 0.0001127 0.0308054 0.0006767 0.0004510 0.0003383 0.0002254 0.0002254 2.0104778 0.0322735 0.0318984 0.0328380 0.0328380 0.0325966 0.9902266 0.0314032 0.0001127 0.0325162 0.0324828 0.0060182 0.0002256 0.0324542 0.0008800 0.0001128 0.0003382 0.0006765 0.0036194 0.0037351 0.3835023 
MW883594_Megalocytivirus_pagrus1_ISKNV                   0.0001127 0.0002254 0.0320165 2.7177688 0.0001127 0.0314105 2.0062682 0.0315344 0.0320165 0.0387931 2.6195895 2.7360026 0.0336138 2.4919059 0.0024841 0.0314105 2.0315472 2.7990046 2.3699145 0.0389487 0.0391934 0.0321358 0.0321358 1.0132748 0.0004510 0.0065921 0.9909058 2.0404727 0.0003382 0.0003382 0.9909538 0.0315274 0.0003382 0.0049821 0.0327211 0.0002255 0.0003382 0.0001127 0.0000000 0.0065921 0.0002255 0.0002255 0.0309293 0.0005637 0.0005639 0.0004511 0.0003383 0.0003382 2.0103707 0.0323981 0.0320228 0.0329626 0.0329626 0.0327211 0.9907349 0.0315274 0.0002255 0.0326409 0.0326074 0.0061334 0.0003384 0.0325787 0.0008800 0.0002256 0.0004511 0.0007895 0.0037335 0.0038493 0.3837563 
MW883595_Megalocytivirus_pagrus1_ISKNV                   0.0067067 0.0068207 0.0317790 2.7212094 0.0064767 0.0306977 2.0102063 0.0308212 0.0317790 0.0364267 2.6195052 2.7367140 0.0330350 2.4915085 0.0088784 0.0306977 2.0356835 2.8203078 2.3712834 0.0371942 0.0374384 0.0318983 0.0318983 1.0132334 0.0068204 0.0000010 0.9903436 2.0415847 0.0067057 0.0067057 0.9903915 0.0308144 0.0067051 0.0041895 0.0322512 0.0065916 0.0067056 0.0064767 0.0065921 0.0000000 0.0065911 0.0065911 0.0302171 0.0071646 0.0069353 0.0068218 0.0067063 0.0067055 2.0141395 0.0318099 0.0308590 0.0324925 0.0324925 0.0322512 0.9900340 0.0308144 0.0065909 0.0319457 0.0317908 0.0011276 0.0067098 0.0321031 0.0064996 0.0065949 0.0068210 0.0071631 0.0035080 0.0033969 0.3836740 
MW883596_Megalocytivirus_pagrus1_ISKNV                   0.0003382 0.0004510 0.0320122 2.7190464 0.0001127 0.0314063 2.0073433 0.0315301 0.0320122 0.0387878 2.6211551 2.7373120 0.0336093 2.4931052 0.0024837 0.0314063 2.0314515 2.7986604 2.3712792 0.0389434 0.0391881 0.0321314 0.0321314 1.0132006 0.0004510 0.0065911 0.9908345 2.0403781 0.0003382 0.0003382 0.9908825 0.0315231 0.0003382 0.0049814 0.0327167 0.0002254 0.0003382 0.0001127 0.0002255 0.0065911 0.0000000 0.0000010 0.0309251 0.0007896 0.0005638 0.0004511 0.0003382 0.0003382 2.0109424 0.0323937 0.0320185 0.0329582 0.0329582 0.0327167 0.9906636 0.0315231 0.0002254 0.0326365 0.0326030 0.0061325 0.0003384 0.0325742 0.0010268 0.0002256 0.0004510 0.0007894 0.0037329 0.0038487 0.3837182 
MW883597_Megalocytivirus_pagrus1_ISKNV                   0.0003382 0.0004510 0.0320122 2.7190464 0.0001127 0.0314063 2.0073433 0.0315301 0.0320122 0.0387878 2.6211551 2.7373120 0.0336093 2.4931052 0.0024837 0.0314063 2.0314515 2.7986604 2.3712792 0.0389434 0.0391881 0.0321314 0.0321314 1.0132006 0.0004510 0.0065911 0.9908345 2.0403781 0.0003382 0.0003382 0.9908825 0.0315231 0.0003382 0.0049814 0.0327167 0.0002254 0.0003382 0.0001127 0.0002255 0.0065911 0.0000010 0.0000000 0.0309251 0.0007896 0.0005638 0.0004511 0.0003382 0.0003382 2.0109424 0.0323937 0.0320185 0.0329582 0.0329582 0.0327167 0.9906636 0.0315231 0.0002254 0.0326365 0.0326030 0.0061325 0.0003384 0.0325742 0.0010268 0.0002256 0.0004510 0.0007894 0.0037329 0.0038487 0.3837182 
MW883598_Megalocytivirus_pagrus1_RSIV                    0.0310499 0.0311672 0.0088412 2.7309964 0.0308054 0.0007876 2.0123380 0.0009004 0.0088412 0.0371237 2.6031659 2.7486490 0.0029385 2.4806170 0.0283163 0.0007876 2.0383166 2.8174219 2.3668047 0.0381844 0.0385484 0.0089554 0.0089554 1.0175811 0.0311660 0.0302171 0.9891203 2.0429962 0.0310450 0.0310450 0.9891681 0.0009002 0.0310425 0.0299503 0.0120552 0.0309275 0.0310446 0.0308054 0.0309293 0.0302171 0.0309251 0.0309251 0.0000000 0.0315275 0.0312871 0.0311725 0.0310479 0.0310444 2.0103332 0.0074794 0.0023702 0.0120563 0.0120563 0.0120552 0.9888113 0.0009002 0.0309242 0.0074833 0.0041811 0.0306879 0.0310626 0.0098659 0.0308621 0.0309409 0.0311686 0.0315209 0.0314856 0.0313862 0.3890321 
MW883599_Megalocytivirus_pagrus1_ISKNV                   0.0006766 0.0007894 0.0326161 2.7193593 0.0006767 0.0320093 2.0055202 0.0321334 0.0326161 0.0394027 2.6199111 2.7364968 0.0342159 2.4919888 0.0030505 0.0320093 2.0317595 2.7994939 2.3703247 0.0394345 0.0396795 0.0327356 0.0327356 1.0140926 0.0010155 0.0071646 0.9911755 2.0404256 0.0009025 0.0009025 0.9912236 0.0321262 0.0009024 0.0055515 0.0333214 0.0007896 0.0009025 0.0006767 0.0005637 0.0071646 0.0007896 0.0007896 0.0315275 0.0000000 0.0011285 0.0005638 0.0009026 0.0009025 2.0094844 0.0329986 0.0326226 0.0335632 0.0335632 0.0333214 0.9910046 0.0321262 0.0007895 0.0332417 0.0332076 0.0067053 0.0009031 0.0331783 0.0014672 0.0007900 0.0010156 0.0013543 0.0043017 0.0044180 0.3842511 
MW883600_Megalocytivirus_pagrus1_ISKNV                   0.0006768 0.0007896 0.0323751 2.7173862 0.0004510 0.0317686 2.0061973 0.0318926 0.0323751 0.0390235 2.6216555 2.7356804 0.0339738 2.4929524 0.0028238 0.0317686 2.0328368 2.7977401 2.3694687 0.0391786 0.0394234 0.0324944 0.0324944 1.0130956 0.0007896 0.0069353 0.9913903 2.0423442 0.0006767 0.0006767 0.9914383 0.0318855 0.0006766 0.0053235 0.0330800 0.0005639 0.0004510 0.0004510 0.0005639 0.0069353 0.0005638 0.0005638 0.0312871 0.0011285 0.0000000 0.0007898 0.0004510 0.0006767 2.0125221 0.0327571 0.0323814 0.0333217 0.0333217 0.0330800 0.9912193 0.0318855 0.0005638 0.0330001 0.0329662 0.0064762 0.0006771 0.0329372 0.0014678 0.0005642 0.0005639 0.0011283 0.0040742 0.0041903 0.3838501 
MW883601_Megalocytivirus_pagrus1_ISKNV                   0.0005640 0.0006768 0.0322604 2.7167837 0.0003383 0.0316540 2.0068781 0.0317780 0.0322604 0.0390419 2.6176290 2.7363104 0.0338589 2.4902379 0.0027109 0.0316540 2.0315058 2.8042109 2.3710651 0.0390744 0.0393192 0.0323797 0.0323797 1.0135037 0.0006768 0.0068218 0.9904672 2.0400932 0.0005639 0.0005639 0.9905151 0.0317709 0.0005639 0.0052104 0.0329654 0.0004511 0.0005639 0.0003383 0.0004511 0.0068218 0.0004511 0.0004511 0.0311725 0.0005638 0.0007898 0.0000000 0.0005640 0.0005639 2.0108486 0.0326424 0.0322667 0.0332070 0.0332070 0.0329654 0.9902962 0.0317709 0.0004511 0.0328853 0.0328516 0.0063628 0.0005643 0.0328226 0.0011738 0.0004513 0.0006769 0.0010155 0.0039612 0.0040772 0.3841022 
MW883602_Megalocytivirus_pagrus1_ISKNV                   0.0004511 0.0005639 0.0321353 2.7181569 0.0002254 0.0315292 2.0067652 0.0316531 0.0321353 0.0387800 2.6217544 2.7363789 0.0337331 2.4928712 0.0025972 0.0315292 2.0317664 2.7963312 2.3698342 0.0389355 0.0391801 0.0322546 0.0322546 1.0130168 0.0005639 0.0067063 0.9910256 2.0412703 0.0004510 0.0004510 0.9910736 0.0316460 0.0004510 0.0050957 0.0328401 0.0003382 0.0002254 0.0002254 0.0003383 0.0067063 0.0003382 0.0003382 0.0310479 0.0009026 0.0004510 0.0005640 0.0000000 0.0004510 2.0118324 0.0325171 0.0321417 0.0330816 0.0330816 0.0328401 0.9908546 0.0316460 0.0003382 0.0327600 0.0327263 0.0062475 0.0004513 0.0326975 0.0011738 0.0003384 0.0005639 0.0009024 0.0038469 0.0039628 0.3836177 
MW883603_Megalocytivirus_pagrus1_ISKNV                   0.0004510 0.0005638 0.0321317 2.7172378 0.0002254 0.0315256 2.0069993 0.0316495 0.0321317 0.0389093 2.6199157 2.7371480 0.0337292 2.4918776 0.0025969 0.0315256 2.0329811 2.7986604 2.3722608 0.0390646 0.0393093 0.0322510 0.0322510 1.0128584 0.0005638 0.0067055 0.9904457 2.0419115 0.0004510 0.0004510 0.9904936 0.0316424 0.0004509 0.0050951 0.0328363 0.0003382 0.0004510 0.0002254 0.0003382 0.0067055 0.0003382 0.0003382 0.0310444 0.0009025 0.0006767 0.0005639 0.0004510 0.0000000 2.0106540 0.0325134 0.0321380 0.0330778 0.0330778 0.0328363 0.9902748 0.0316424 0.0003382 0.0327562 0.0327226 0.0062467 0.0004512 0.0326937 0.0011736 0.0003384 0.0005638 0.0009023 0.0038465 0.0039623 0.3836061 
NC_005946_Ranavirus_rana1_n/a                            2.0106961 2.0106961 2.0170961 2.7394760 2.0104778 2.0107259 0.5775238 2.0107470 2.0170961 2.0230108 2.7883790 2.7642695 2.0143591 2.6733566 2.0108666 2.0107259 1.6995829 2.8982792 2.2078384 2.0252987 2.0266297 2.0179164 2.0179164 2.1710568 2.0111739 2.0141395 2.1282388 1.6915119 2.0098849 2.0098849 2.1290070 2.0109737 2.0106766 2.0132677 2.0126430 2.0113399 2.0114653 2.0104778 2.0103707 2.0141395 2.0109424 2.0109424 2.0103332 2.0094844 2.0125221 2.0108486 2.0118324 2.0106540 0.0000000 2.0110456 2.0126992 2.0134603 2.0134603 2.0126430 2.1279933 2.0109737 2.0111295 2.0110580 2.0139132 2.0124464 2.0107126 2.0153069 1.9432403 2.0108200 2.0115723 2.0109511 2.0096142 2.0109896 2.0790064 
OK042108_Megalocytivirus_pagrus1_RSIV                    0.0325192 0.0326368 0.0086202 2.7288098 0.0322735 0.0073645 2.0156581 0.0074797 0.0086202 0.0348469 2.6017135 2.7511474 0.0094434 2.4793768 0.0300139 0.0073645 2.0338239 2.8003030 2.3710662 0.0376065 0.0377322 0.0087345 0.0087345 1.0168033 0.0326355 0.0318099 0.9885485 2.0363167 0.0325140 0.0325140 0.9885962 0.0074780 0.0325114 0.0313009 0.0049696 0.0323961 0.0325136 0.0322735 0.0323981 0.0318099 0.0323937 0.0323937 0.0074794 0.0329986 0.0327571 0.0326424 0.0325171 0.0325134 2.0110456 0.0000000 0.0092060 0.0049700 0.0049700 0.0049696 0.9883777 0.0074780 0.0323927 0.0002251 0.0046399 0.0322823 0.0325324 0.0096456 0.0329373 0.0324101 0.0326382 0.0329916 0.0328413 0.0327422 0.3878300 
OK042109_Megalocytivirus_pagrus1_RSIV                    0.0321437 0.0322613 0.0105713 2.7278854 0.0318984 0.0018051 2.0139939 0.0019184 0.0105713 0.0356807 2.6110204 2.7433737 0.0037392 2.4897336 0.0294033 0.0018051 2.0411470 2.8173650 2.3680281 0.0366170 0.0369800 0.0106861 0.0106861 1.0180233 0.0322600 0.0308590 0.9886116 2.0474651 0.0321387 0.0321387 0.9886594 0.0016922 0.0321361 0.0303548 0.0138003 0.0320209 0.0321382 0.0318984 0.0320228 0.0308590 0.0320185 0.0320185 0.0023702 0.0326226 0.0323814 0.0322667 0.0321417 0.0321380 2.0126992 0.0092060 0.0000000 0.0138015 0.0138015 0.0138003 0.9884408 0.0016922 0.0320175 0.0092075 0.0056637 0.0313309 0.0321568 0.0115998 0.0321120 0.0320347 0.0322627 0.0326157 0.0321300 0.0320306 0.3890101 
OL774653_Megalocytivirus_pagrus1_RSIV                    0.0330838 0.0332014 0.0072510 2.7266777 0.0328380 0.0123989 2.0196709 0.0125158 0.0072510 0.0331603 2.5996564 2.7462724 0.0145063 2.4775317 0.0305783 0.0123989 2.0295733 2.7984480 2.3663523 0.0367264 0.0368517 0.0073650 0.0073650 1.0178483 0.0332001 0.0324925 0.9871954 2.0329449 0.0330785 0.0330785 0.9872431 0.0125130 0.0330759 0.0319828 0.0002250 0.0329606 0.0330781 0.0328380 0.0329626 0.0324925 0.0329582 0.0329582 0.0120563 0.0335632 0.0333217 0.0332070 0.0330816 0.0330778 2.0134603 0.0049700 0.0138015 0.0000000 0.0000010 0.0002250 0.9870247 0.0125130 0.0329571 0.0051995 0.0094281 0.0329649 0.0330971 0.0059964 0.0330835 0.0329748 0.0332028 0.0335561 0.0335233 0.0334246 0.3883132 
OL774654_Megalocytivirus_pagrus1_RSIV                    0.0330838 0.0332014 0.0072510 2.7266777 0.0328380 0.0123989 2.0196709 0.0125158 0.0072510 0.0331603 2.5996564 2.7462724 0.0145063 2.4775317 0.0305783 0.0123989 2.0295733 2.7984480 2.3663523 0.0367264 0.0368517 0.0073650 0.0073650 1.0178483 0.0332001 0.0324925 0.9871954 2.0329449 0.0330785 0.0330785 0.9872431 0.0125130 0.0330759 0.0319828 0.0002250 0.0329606 0.0330781 0.0328380 0.0329626 0.0324925 0.0329582 0.0329582 0.0120563 0.0335632 0.0333217 0.0332070 0.0330816 0.0330778 2.0134603 0.0049700 0.0138015 0.0000010 0.0000000 0.0002250 0.9870247 0.0125130 0.0329571 0.0051995 0.0094281 0.0329649 0.0330971 0.0059964 0.0330835 0.0329748 0.0332028 0.0335561 0.0335233 0.0334246 0.3883132 
