72
23043610003_Megalocytivirus_pagrus1_ISKNV                0.0000000 0.0000931 0.0364919 2.8930857 0.0002795 0.0367882 2.2256987 0.0408119 0.0364919 0.0435261 2.8411703 2.8920478 0.0387551 2.7874659 2.8497477 1.6856249 0.0022395 0.0366959 2.2486995 2.9664204 2.5365724 0.0459285 0.0457442 0.0365904 0.0368977 0.0368977 0.0006524 0.0367882 0.0066735 1.1389451 2.2600677 0.0005592 0.0005592 1.1389911 0.0369881 0.0004659 0.0056210 0.0374999 0.0003727 0.0004659 0.0002795 0.0000931 0.0066735 0.0004659 0.0004659 0.0357822 0.0006523 0.0008391 0.0005593 0.0004659 0.0004659 2.2517161 0.0375297 0.0373131 0.0377033 0.0376054 0.0374999 1.1384244 0.0369881 0.0006523 0.0377349 0.0375703 0.0062936 0.0004662 0.0371357 0.0010370 0.0003729 0.0007458 0.0009323 0.0037406 0.0043065 0.4580897 
23043610005_Megalocytivirus_pagrus1_ISKNV                0.0000931 0.0000000 0.0365903 2.8935350 0.0003726 0.0368866 2.2256987 0.0409113 0.0365903 0.0436268 2.8408745 2.8917404 0.0388539 2.7874659 2.8497477 1.6771107 0.0023329 0.0367951 2.2486995 2.9658752 2.5369685 0.0460283 0.0458440 0.0366888 0.0369963 0.0369963 0.0007456 0.0368866 0.0067678 1.1391899 2.2600677 0.0006524 0.0006524 1.1392359 0.0370865 0.0005590 0.0057150 0.0375985 0.0004659 0.0005591 0.0003726 0.0001863 0.0067678 0.0005591 0.0005591 0.0358805 0.0007455 0.0009323 0.0006525 0.0005591 0.0005591 2.2517161 0.0376284 0.0374117 0.0378019 0.0377040 0.0375985 1.1386691 0.0370865 0.0007455 0.0378336 0.0376688 0.0063878 0.0005594 0.0372341 0.0010370 0.0004661 0.0008390 0.0010255 0.0038343 0.0044003 0.4582476 
AB104413_Megalocytivirus_pagrus1_RSIV                    0.0364919 0.0365903 0.0000000 2.9045426 0.0363830 0.0108984 2.2382450 0.0146899 0.0000010 0.0417927 2.8180236 2.9100568 0.0125414 2.7780927 2.8411437 1.6643654 0.0348857 0.0107018 2.2485011 2.9724676 2.5374179 0.0436085 0.0435131 0.0000930 0.0003721 0.0003721 0.0367875 0.0108984 0.0363875 1.1343762 2.2551557 0.0366903 0.0366903 1.1344220 0.0108968 0.0365825 0.0358481 0.0074985 0.0364866 0.0365849 0.0363830 0.0363897 0.0363875 0.0365844 0.0365844 0.0104264 0.0369933 0.0369915 0.0366948 0.0365882 0.0365845 2.2599573 0.0101491 0.0120566 0.0076880 0.0075941 0.0074985 1.1338566 0.0108968 0.0367804 0.0103432 0.0067456 0.0367829 0.0366033 0.0026100 0.0378578 0.0365004 0.0367885 0.0368810 0.0370451 0.0370697 0.4623778 
AF303741_Iridovirus_chilo1_n/a                           2.8930857 2.8935350 2.9045426 0.0000000 2.8919025 2.9036587 2.8990638 2.9075270 2.9045426 2.8921189 1.8346612 0.6539470 2.9157427 1.8676042 1.5627987 1.0827681 2.8933710 2.9036587 2.7848953 2.2732344 2.3103990 2.9051853 2.9053781 2.9042541 2.9056297 2.9056297 2.8931522 2.9036587 2.8970550 3.0780451 2.7485052 2.8920555 2.8920555 3.0787606 2.9037107 2.8918930 2.8943471 2.8983138 2.8931376 2.8917557 2.8919025 2.8927745 2.8970550 2.8929450 2.8929450 2.9047340 2.8934333 2.8931145 2.8911503 2.8923768 2.8915435 2.9358534 2.9023112 2.9015560 2.8989370 2.8986601 2.8983138 3.0777332 2.9037107 2.8906462 2.9039051 2.9072496 2.8968256 2.8921064 2.8981049 2.8196477 2.8923628 2.8926093 2.8927846 2.8939672 2.8937948 3.0373632 
AF371960_Megalocytivirus_pagrus1_ISKNV                   0.0002795 0.0003726 0.0363830 2.8919025 0.0000000 0.0366793 2.2253376 0.0407009 0.0363830 0.0432108 2.8406261 2.8902332 0.0386452 2.7862732 2.8497477 1.6826980 0.0019587 0.0365861 2.2480405 2.9661074 2.5364478 0.0456152 0.0454309 0.0364815 0.0367887 0.0367887 0.0003726 0.0366793 0.0063886 1.1384350 2.2594067 0.0002795 0.0002795 1.1384810 0.0368791 0.0001863 0.0053375 0.0373907 0.0000931 0.0001863 0.0000010 0.0001863 0.0063886 0.0001863 0.0001863 0.0356737 0.0005591 0.0005591 0.0002795 0.0001863 0.0001863 2.2508568 0.0374204 0.0372039 0.0375940 0.0374961 0.0373907 1.1379145 0.0368791 0.0003726 0.0376255 0.0374610 0.0060091 0.0001864 0.0370267 0.0008063 0.0000932 0.0004659 0.0006523 0.0034585 0.0040238 0.4579895 
AP017456_Megalocytivirus_pagrus1_RSIV                    0.0367882 0.0368866 0.0108984 2.9036587 0.0366793 0.0000000 2.2322755 0.0036576 0.0108984 0.0411552 2.8196196 2.9102422 0.0018671 2.7768408 2.8605056 1.6673826 0.0345833 0.0000010 2.2564498 2.9736112 2.5343831 0.0435961 0.0437007 0.0109929 0.0111975 0.0111975 0.0370839 0.0000010 0.0362840 1.1358893 2.2608536 0.0369866 0.0369866 1.1359350 0.0001859 0.0368788 0.0353505 0.0123323 0.0367829 0.0368812 0.0366793 0.0366860 0.0362840 0.0368807 0.0368807 0.0012098 0.0372897 0.0372879 0.0369912 0.0368845 0.0368808 2.2535871 0.0063667 0.0020522 0.0123334 0.0122389 0.0123323 1.1352302 0.0001859 0.0370767 0.0063696 0.0046738 0.0366792 0.0368998 0.0118438 0.0380829 0.0367968 0.0370848 0.0373847 0.0371369 0.0371616 0.4631628 
AY521625_Ranavirus_epinephelus1_n/a                      2.2256987 2.2256987 2.2382450 2.8990638 2.2253376 2.2322755 0.0000000 2.2355060 2.2382450 2.2448873 2.9482962 2.8798020 2.2365745 3.0408494 2.7586754 1.6912688 2.2258610 2.2322755 1.7752817 3.2311651 2.2942723 2.2426739 2.2400289 2.2382450 2.2387972 2.2387972 2.2258841 2.2322755 2.2283243 2.4071179 1.7844269 2.2247517 2.2247517 2.4078773 2.2324104 2.2260805 2.2239392 2.2363507 2.2247303 2.2251535 2.2253376 2.2254622 2.2283243 2.2262652 2.2262652 2.2318711 2.2245645 2.2253607 2.2258505 2.2257144 2.2259463 0.6738100 2.2344352 2.2332019 2.2367615 2.2365683 2.2363507 2.4062852 2.2324104 2.2255343 2.2343029 2.2365450 2.2268336 2.2265434 2.2385630 2.2278175 2.2266485 2.2252948 2.2252323 2.2215780 2.2244010 2.3304479 
AY894343_Megalocytivirus_pagrus1_RSIV                    0.0408119 0.0409113 0.0146899 2.9075270 0.0407009 0.0036576 2.2355060 0.0000000 0.0146899 0.0452711 2.8166413 2.9214852 0.0055568 2.7725410 2.8605056 1.6673826 0.0385810 0.0036879 2.2608357 2.9736112 2.5470270 0.0476952 0.0478011 0.0147854 0.0149964 0.0149964 0.0411105 0.0036576 0.0402007 1.1393985 2.2644756 0.0409054 0.0409054 1.1394446 0.0038458 0.0409027 0.0391661 0.0161435 0.0408060 0.0409053 0.0407009 0.0407083 0.0402007 0.0409048 0.0409048 0.0048823 0.0413193 0.0413172 0.0410176 0.0409090 0.0409049 2.2553358 0.0101065 0.0057420 0.0161449 0.0160495 0.0161435 1.1387372 0.0038458 0.0411026 0.0101111 0.0083927 0.0405998 0.0409256 0.0156452 0.0430831 0.0408211 0.0411116 0.0414149 0.0411595 0.0409988 0.4687076 
BD143114_Megalocytivirus_pagrus1_RSIV                    0.0364919 0.0365903 0.0000010 2.9045426 0.0363830 0.0108984 2.2382450 0.0146899 0.0000000 0.0417927 2.8180236 2.9100568 0.0125414 2.7780927 2.8411437 1.6643654 0.0348857 0.0107018 2.2485011 2.9724676 2.5374179 0.0436085 0.0435131 0.0000930 0.0003721 0.0003721 0.0367875 0.0108984 0.0363875 1.1343762 2.2551557 0.0366903 0.0366903 1.1344220 0.0108968 0.0365825 0.0358481 0.0074985 0.0364866 0.0365849 0.0363830 0.0363897 0.0363875 0.0365844 0.0365844 0.0104264 0.0369933 0.0369915 0.0366948 0.0365882 0.0365845 2.2599573 0.0101491 0.0120566 0.0076880 0.0075941 0.0074985 1.1338566 0.0108968 0.0367804 0.0103432 0.0067456 0.0367829 0.0366033 0.0026100 0.0378578 0.0365004 0.0367885 0.0368810 0.0370451 0.0370697 0.4623778 
GQ273492_Megalocytivirus_pagrus1_TRBIV                   0.0435261 0.0436268 0.0417927 2.8921189 0.0432108 0.0411552 2.2448873 0.0452711 0.0417927 0.0000000 2.8457247 2.8977733 0.0431834 2.7873720 2.8726438 1.6776740 0.0428931 0.0409982 2.2636278 2.9605527 2.5411731 0.0229526 0.0227593 0.0418931 0.0422079 0.0422079 0.0436261 0.0411552 0.0413219 1.1446220 2.2712950 0.0435269 0.0435269 1.1448264 0.0412547 0.0434153 0.0423714 0.0371762 0.0433176 0.0433030 0.0432108 0.0434210 0.0413219 0.0434175 0.0434175 0.0404474 0.0438380 0.0437205 0.0435325 0.0433069 0.0434177 2.2619308 0.0388099 0.0390127 0.0371793 0.0370803 0.0371762 1.1440943 0.0412547 0.0436177 0.0389292 0.0417231 0.0417279 0.0434396 0.0401480 0.0444926 0.0433336 0.0437335 0.0438480 0.0424958 0.0424110 0.4593949 
HF920633_Chloriridovirus_simulium1_n/a                   2.8411703 2.8408745 2.8180236 1.8346612 2.8406261 2.8196196 2.9482962 2.8166413 2.8180236 2.8457247 0.0000000 1.8369363 2.8281852 0.5398495 0.3332788 0.2280619 2.8365895 2.8196196 2.8302069 2.0243332 2.3896602 2.8434918 2.8385245 2.8179642 2.8174925 2.8174925 2.8408119 2.8196196 2.8412295 3.0094255 2.8197160 2.8407738 2.8407738 3.0104355 2.8197246 2.8408744 2.8337212 2.8189933 2.8412537 2.8418700 2.8406261 2.8408658 2.8412295 2.8416533 2.8416533 2.8216577 2.8407365 2.8430490 2.8386639 2.8424210 2.8407492 2.9655235 2.8205702 2.8293573 2.8196004 2.8199537 2.8189933 3.0078531 2.8197246 2.8394398 2.8233563 2.8185637 2.8398287 2.8403515 2.8192559 2.7777197 2.8399371 2.8426434 2.8411145 2.8341359 2.8336323 3.0018039 
HF920637_Iridovirus_armadillidium1_n/a                   2.8920478 2.8917404 2.9100568 0.6539470 2.8902332 2.9102422 2.8798020 2.9214852 2.9100568 2.8977733 1.8369363 0.0000000 2.9233662 1.8912148 1.6445414 1.1245879 2.8945426 2.9102422 2.8034520 2.3700027 2.3767264 2.8987586 2.8940957 2.9097583 2.9103013 2.9103013 2.8914419 2.9102422 2.8920591 3.1083666 2.7560472 2.8900951 2.8900951 3.1087809 2.9103540 2.8891206 2.8918203 2.9081485 2.8893212 2.8900817 2.8902332 2.8913118 2.8920591 2.8914683 2.8914683 2.9110571 2.8908252 2.8915520 2.8906624 2.8907224 2.8913953 2.9659139 2.9136807 2.9069094 2.9087946 2.9086153 2.9081485 3.1080405 2.9103540 2.8902435 2.9138161 2.9098557 2.8921726 2.8904436 2.9035943 2.8310797 2.8907080 2.8922193 2.8919897 2.8922795 2.8912762 3.0642614 
KC244182_Megalocytivirus_pagrus1_RSIV                    0.0387551 0.0388539 0.0125414 2.9157427 0.0386452 0.0018671 2.2365745 0.0055568 0.0125414 0.0431834 2.8281852 2.9233662 0.0000000 2.7764432 3.0684457 1.6673826 0.0365393 0.0018825 2.2650842 2.9954227 2.5432019 0.0455090 0.0456142 0.0126363 0.0128437 0.0128437 0.0390520 0.0018671 0.0383660 1.1424384 2.2701741 0.0389544 0.0389544 1.1424847 0.0016801 0.0388457 0.0373085 0.0139835 0.0387495 0.0388483 0.0386452 0.0386523 0.0383660 0.0388477 0.0388477 0.0030842 0.0392591 0.0392572 0.0389593 0.0388517 0.0388479 2.2571310 0.0079881 0.0035586 0.0139847 0.0138899 0.0139835 1.1417760 0.0016801 0.0390444 0.0079917 0.0064761 0.0387630 0.0388676 0.0134909 0.0383304 0.0387640 0.0390530 0.0393543 0.0391030 0.0391288 0.4666927 
KF938901_Chloriridovirus_anopheles1_n/a                  2.7874659 2.7874659 2.7780927 1.8676042 2.7862732 2.7768408 3.0408494 2.7725410 2.7780927 2.7873720 0.5398495 1.8912148 2.7764432 0.0000000 0.0000010 0.0000010 2.7812894 2.7768408 2.8189605 2.0763385 2.4532627 2.7947129 2.7875029 2.7778730 2.7774210 2.7774210 2.7857411 2.7768408 2.7827198 3.0183494 2.7939871 2.7864385 2.7864385 3.0186994 2.7769617 2.7865549 2.7789090 2.7751243 2.7845252 2.7867483 2.7862732 2.7871194 2.7827198 2.7874973 2.7874973 2.7755440 2.7863622 2.7883643 2.7846683 2.7874507 2.7864142 2.9704372 2.7761155 2.7883575 2.7751243 2.7755340 2.7751243 3.0191008 2.7769617 2.7854160 2.7795852 2.7786907 2.7818246 2.7859694 2.7756997 2.6706241 2.7854910 2.7892404 2.7868365 2.7787274 2.7789976 2.9514658 
KF938901_Chloriridovirus_anopheles1_n/a_1                2.8497477 2.8497477 2.8411437 1.5627987 2.8497477 2.8605056 2.7586754 2.8605056 2.8411437 2.8726438 0.3332788 1.6445414 3.0684457 0.0000010 0.0000000 0.0000010 2.8715590 2.8605056 2.8787500 2.1121741 2.2388177 2.8759440 2.8759440 2.8411437 2.8411437 2.8411437 2.8497477 2.8605056 2.9114292 3.1604493 2.9038540 2.8497477 2.8497477 3.1604493 2.8605056 2.8497477 2.8497477 2.8785725 2.8497477 2.8497477 2.8497477 2.8497477 2.9114292 2.8497477 2.8497477 2.8605056 2.8497477 2.8497477 2.8497477 2.8497477 2.8497477 2.9336894 2.8785725 2.8605056 2.8785725 2.8785725 2.8785725 3.1604493 2.8605056 2.8497477 2.8785725 2.8411437 2.8834256 2.8497477 2.8411437 0.0000010 2.8497477 2.8497477 2.8497477 2.8497477 2.8497477 3.1447807 
KF938901_Chloriridovirus_anopheles1_n/a_2                1.6856249 1.6771107 1.6643654 1.0827681 1.6826980 1.6673826 1.6912688 1.6673826 1.6643654 1.6776740 0.2280619 1.1245879 1.6673826 0.0000010 0.0000010 0.0000000 1.6826980 1.6673826 1.7094757 1.3965821 1.4180679 1.6547800 1.6547800 1.6643654 1.6643654 1.6643654 1.6826980 1.6673826 1.6740686 1.6776734 1.7369460 1.6826980 1.6826980 1.6776734 1.6673826 1.6826980 1.6826980 1.6643654 1.6826980 1.6826980 1.6826980 1.6856249 1.6740686 1.6826980 1.6826980 1.6780762 1.6856249 1.6826980 1.6826980 1.6826980 1.6826980 1.7516229 1.6643654 1.6673826 1.6643654 1.6643654 1.6643654 1.6776734 1.6673826 1.6826980 1.6643654 1.6643654 1.6740686 1.6826980 1.6609141 0.0000010 1.6826980 1.6826980 1.6826980 1.6826980 1.6826980 1.6199553 
KT781098_Megalocytivirus_pagrus1_ISKNV                   0.0022395 0.0023329 0.0348857 2.8933710 0.0019587 0.0345833 2.2258610 0.0385810 0.0348857 0.0428931 2.8365895 2.8945426 0.0365393 2.7812894 2.8715590 1.6826980 0.0000000 0.0344734 2.2505079 2.9661236 2.5384355 0.0453988 0.0452146 0.0349840 0.0352902 0.0352902 0.0023329 0.0345833 0.0083755 1.1373634 2.2618814 0.0022396 0.0022396 1.1374093 0.0347824 0.0021456 0.0073162 0.0354919 0.0020523 0.0021457 0.0019587 0.0021459 0.0083755 0.0021457 0.0021457 0.0335816 0.0025204 0.0025203 0.0022398 0.0021459 0.0021457 2.2512612 0.0355203 0.0351048 0.0356944 0.0355967 0.0354919 1.1368430 0.0347824 0.0023324 0.0357245 0.0355629 0.0079941 0.0021470 0.0355298 0.0025378 0.0020533 0.0024267 0.0026135 0.0054318 0.0060002 0.4587395 
KT804738_Megalocytivirus_pagrus1_RSIV                    0.0366959 0.0367951 0.0107018 2.9036587 0.0365861 0.0000010 2.2322755 0.0036879 0.0107018 0.0409982 2.8196196 2.9102422 0.0018825 2.7768408 2.8605056 1.6673826 0.0344734 0.0000000 2.2564498 2.9736112 2.5330284 0.0433492 0.0434545 0.0107971 0.0110031 0.0110031 0.0369939 0.0000010 0.0360841 1.1327523 2.2608536 0.0368959 0.0368959 1.1327982 0.0001875 0.0367872 0.0356514 0.0121469 0.0366905 0.0367897 0.0365861 0.0365929 0.0360841 0.0367892 0.0367892 0.0012197 0.0372014 0.0371996 0.0369005 0.0367930 0.0367893 2.2535871 0.0064193 0.0015982 0.0121479 0.0120527 0.0121469 1.1324608 0.0001875 0.0369867 0.0064223 0.0047123 0.0364824 0.0368083 0.0116547 0.0379814 0.0367045 0.0369949 0.0372972 0.0370475 0.0370723 0.4614692 
KX643370_Lymphocystivirus_sparus1_n/a                    2.2486995 2.2486995 2.2485011 2.7848953 2.2480405 2.2564498 1.7752817 2.2608357 2.2485011 2.2636278 2.8302069 2.8034520 2.2650842 2.8189605 2.8787500 1.7094757 2.2505079 2.2564498 0.0000000 3.2090387 2.0348478 2.2618418 2.2576302 2.2485011 2.2490381 2.2490381 2.2485498 2.2564498 2.2519109 2.3335583 0.1601771 2.2483414 2.2483414 2.3335734 2.2568339 2.2478166 2.2502553 2.2477252 2.2481958 2.2480964 2.2480405 2.2485236 2.2519109 2.2481042 2.2481042 2.2544089 2.2483791 2.2495615 2.2481606 2.2483863 2.2495191 1.8293747 2.2512516 2.2586028 2.2477670 2.2475794 2.2477252 2.3331288 2.2568339 2.2484839 2.2514757 2.2531287 2.2499595 2.2496518 2.2507727 2.2651338 2.2493211 2.2490680 2.2482437 2.2477357 2.2490453 2.3887189 
LS484712_Daphniairidovirus_daphnia1_n/a                  2.9664204 2.9658752 2.9724676 2.2732344 2.9661074 2.9736112 3.2311651 2.9736112 2.9724676 2.9605527 2.0243332 2.3700027 2.9954227 2.0763385 2.1121741 1.3965821 2.9661236 2.9736112 3.2090387 0.0000000 2.6489901 2.9434577 2.9445384 2.9720539 2.9720539 2.9720539 2.9661740 2.9736112 2.9878313 3.1528212 3.1872862 2.9657677 2.9657677 3.1528212 2.9736112 2.9666830 2.9693599 2.9564805 2.9661074 2.9641097 2.9661074 2.9664204 2.9878313 2.9661074 2.9661074 2.9755863 2.9668739 2.9652313 2.9713444 2.9639076 2.9661074 3.1580056 2.9578056 2.9736112 2.9564805 2.9560351 2.9564805 3.1528212 2.9736112 2.9663555 2.9578056 2.9703165 2.9844050 2.9642529 2.9655287 3.1341779 2.9642529 2.9677667 2.9669381 2.9679136 2.9660574 3.1243184 
MF599468_Decapodiridovirus_litopenaeus1_n/a              2.5365724 2.5369685 2.5374179 2.3103990 2.5364478 2.5343831 2.2942723 2.5470270 2.5374179 2.5411731 2.3896602 2.3767264 2.5432019 2.4532627 2.2388177 1.4180679 2.5384355 2.5330284 2.0348478 2.6489901 0.0000000 2.5409682 2.5367815 2.5374179 2.5371247 2.5371247 2.5367846 2.5343831 2.5379960 2.5962141 2.0366559 2.5366752 2.5366752 2.5969645 2.5344788 2.5373414 2.5310507 2.5329896 2.5350877 2.5357007 2.5364478 2.5363332 2.5379960 2.5375721 2.5375721 2.5343517 2.5367054 2.5360480 2.5373783 2.5362529 2.5384662 2.3518600 2.5382178 2.5360081 2.5335332 2.5335332 2.5329896 2.5948897 2.5344788 2.5366437 2.5374609 2.5359985 2.5372441 2.5361312 2.5338047 2.5368393 2.5358620 2.5360741 2.5383667 2.5312010 2.5322670 2.6812016 
MG570131_Megalocytivirus_pagrus1_TRBIV                   0.0459285 0.0460283 0.0436085 2.9051853 0.0456152 0.0435961 2.2426739 0.0476952 0.0436085 0.0229526 2.8434918 2.8987586 0.0455090 2.7947129 2.8759440 1.6547800 0.0453988 0.0433492 2.2618418 2.9434577 2.5409682 0.0000000 0.0009325 0.0437081 0.0440207 0.0440207 0.0459277 0.0435961 0.0443499 1.1431201 2.2734672 0.0459293 0.0459293 1.1431663 0.0435899 0.0458181 0.0451850 0.0414502 0.0457214 0.0457063 0.0456152 0.0458241 0.0443499 0.0458204 0.0458204 0.0429851 0.0461343 0.0461209 0.0458313 0.0457103 0.0458206 2.2681140 0.0423971 0.0416631 0.0414535 0.0413551 0.0414502 1.1425987 0.0435899 0.0458086 0.0424053 0.0438408 0.0447530 0.0458432 0.0428649 0.0472141 0.0457378 0.0461344 0.0462485 0.0454060 0.0453226 0.4618005 
MG570132_Megalocytivirus_pagrus1_TRBIV                   0.0457442 0.0458440 0.0435131 2.9053781 0.0454309 0.0437007 2.2400289 0.0478011 0.0435131 0.0227593 2.8385245 2.8940957 0.0456142 2.7875029 2.8759440 1.6547800 0.0452146 0.0434545 2.2576302 2.9445384 2.5367815 0.0009325 0.0000000 0.0436126 0.0439252 0.0439252 0.0457434 0.0437007 0.0441653 1.1407410 2.2698891 0.0457450 0.0457450 1.1407872 0.0436944 0.0456338 0.0450008 0.0413549 0.0455371 0.0455220 0.0454309 0.0456398 0.0441653 0.0456361 0.0456361 0.0430895 0.0459500 0.0459367 0.0456469 0.0455260 0.0456363 2.2648976 0.0423017 0.0417672 0.0413582 0.0412598 0.0413549 1.1402201 0.0436944 0.0456244 0.0423099 0.0437453 0.0445685 0.0456588 0.0426859 0.0469862 0.0455534 0.0459501 0.0460642 0.0452217 0.0451383 0.4612104 
MK098185_Megalocytivirus_pagrus1_RSIV                    0.0365904 0.0366888 0.0000930 2.9042541 0.0364815 0.0109929 2.2382450 0.0147854 0.0000930 0.0418931 2.8179642 2.9097583 0.0126363 2.7778730 2.8411437 1.6643654 0.0349840 0.0107971 2.2485011 2.9720539 2.5374179 0.0437081 0.0436126 0.0000000 0.0002791 0.0002791 0.0368861 0.0109929 0.0364860 1.1343639 2.2551557 0.0367888 0.0367888 1.1344096 0.0109912 0.0366810 0.0359464 0.0075926 0.0365851 0.0366834 0.0364815 0.0364882 0.0364860 0.0366829 0.0366829 0.0105208 0.0370919 0.0370901 0.0367934 0.0366867 0.0366830 2.2599573 0.0102435 0.0121514 0.0077822 0.0076882 0.0075926 1.1338444 0.0109912 0.0368789 0.0104377 0.0066514 0.0368815 0.0367019 0.0025165 0.0379798 0.0365989 0.0368870 0.0369796 0.0371436 0.0371683 0.4622875 
MK098186_Megalocytivirus_pagrus1_RSIV                    0.0368977 0.0369963 0.0003721 2.9056297 0.0367887 0.0111975 2.2387972 0.0149964 0.0003721 0.0422079 2.8174925 2.9103013 0.0128437 2.7774210 2.8411437 1.6643654 0.0352902 0.0110031 2.2490381 2.9720539 2.5371247 0.0440207 0.0439252 0.0002791 0.0000000 0.0000010 0.0371936 0.0111975 0.0367933 1.1344151 2.2556937 0.0370963 0.0370963 1.1344608 0.0111958 0.0369884 0.0362530 0.0078776 0.0368924 0.0369908 0.0367887 0.0367955 0.0367933 0.0369903 0.0369903 0.0107248 0.0373996 0.0373978 0.0371009 0.0369942 0.0369904 2.2606317 0.0104473 0.0123580 0.0080673 0.0079732 0.0078776 1.1338955 0.0111958 0.0371864 0.0106418 0.0068496 0.0371890 0.0370094 0.0027975 0.0383611 0.0369064 0.0371946 0.0372871 0.0374510 0.0374759 0.4625511 
MK098187_Megalocytivirus_pagrus1_RSIV                    0.0368977 0.0369963 0.0003721 2.9056297 0.0367887 0.0111975 2.2387972 0.0149964 0.0003721 0.0422079 2.8174925 2.9103013 0.0128437 2.7774210 2.8411437 1.6643654 0.0352902 0.0110031 2.2490381 2.9720539 2.5371247 0.0440207 0.0439252 0.0002791 0.0000010 0.0000000 0.0371936 0.0111975 0.0367933 1.1344151 2.2556937 0.0370963 0.0370963 1.1344608 0.0111958 0.0369884 0.0362530 0.0078776 0.0368924 0.0369908 0.0367887 0.0367955 0.0367933 0.0369903 0.0369903 0.0107248 0.0373996 0.0373978 0.0371009 0.0369942 0.0369904 2.2606317 0.0104473 0.0123580 0.0080673 0.0079732 0.0078776 1.1338955 0.0111958 0.0371864 0.0106418 0.0068496 0.0371890 0.0370094 0.0027975 0.0383611 0.0369064 0.0371946 0.0372871 0.0374510 0.0374759 0.4625511 
MK689685_Megalocytivirus_pagrus1_ISKNV                   0.0006524 0.0007456 0.0367875 2.8931522 0.0003726 0.0370839 2.2258841 0.0411105 0.0367875 0.0436261 2.8408119 2.8914419 0.0390520 2.7857411 2.8497477 1.6826980 0.0023329 0.0369939 2.2485498 2.9661740 2.5367846 0.0459277 0.0457434 0.0368861 0.0371936 0.0371936 0.0000000 0.0370839 0.0067677 1.1387860 2.2605472 0.0006524 0.0006524 1.1388320 0.0372838 0.0005590 0.0057149 0.0377960 0.0004659 0.0005591 0.0003726 0.0005591 0.0067677 0.0005591 0.0005591 0.0360774 0.0009324 0.0009323 0.0006525 0.0005591 0.0005591 2.2508235 0.0378260 0.0376092 0.0379995 0.0379015 0.0377960 1.1382654 0.0372838 0.0007455 0.0380313 0.0378662 0.0063877 0.0005594 0.0374312 0.0012679 0.0004661 0.0008390 0.0010255 0.0038343 0.0044003 0.4583460 
MK689686_Megalocytivirus_pagrus1_RSIV                    0.0367882 0.0368866 0.0108984 2.9036587 0.0366793 0.0000010 2.2322755 0.0036576 0.0108984 0.0411552 2.8196196 2.9102422 0.0018671 2.7768408 2.8605056 1.6673826 0.0345833 0.0000010 2.2564498 2.9736112 2.5343831 0.0435961 0.0437007 0.0109929 0.0111975 0.0111975 0.0370839 0.0000000 0.0362840 1.1358893 2.2608536 0.0369866 0.0369866 1.1359350 0.0001859 0.0368788 0.0353505 0.0123323 0.0367829 0.0368812 0.0366793 0.0366860 0.0362840 0.0368807 0.0368807 0.0012098 0.0372897 0.0372879 0.0369912 0.0368845 0.0368808 2.2535871 0.0063667 0.0020522 0.0123334 0.0122389 0.0123323 1.1352302 0.0001859 0.0370767 0.0063696 0.0046738 0.0366792 0.0368998 0.0118438 0.0380829 0.0367968 0.0370848 0.0373847 0.0371369 0.0371616 0.4631628 
MN432490_Megalocytivirus_pagrus1_ISKNV                   0.0066735 0.0067678 0.0363875 2.8970550 0.0063886 0.0362840 2.2283243 0.0402007 0.0363875 0.0413219 2.8412295 2.8920591 0.0383660 2.7827198 2.9114292 1.6740686 0.0083755 0.0360841 2.2519109 2.9878313 2.5379960 0.0443499 0.0441653 0.0364860 0.0367933 0.0367933 0.0067677 0.0362840 0.0000000 1.1373727 2.2600101 0.0066737 0.0066737 1.1374186 0.0364837 0.0065776 0.0041167 0.0372014 0.0064838 0.0065781 0.0063886 0.0065785 0.0000010 0.0065780 0.0065780 0.0352792 0.0069580 0.0069578 0.0066745 0.0065787 0.0065780 2.2521611 0.0371321 0.0364337 0.0374047 0.0373068 0.0372014 1.1367129 0.0364837 0.0067664 0.0372490 0.0369817 0.0009315 0.0065819 0.0368315 0.0065018 0.0064868 0.0068631 0.0070516 0.0034610 0.0030873 0.4575701 
MN562489_Megalocytivirus_lates1_SDDV                     1.1389451 1.1391899 1.1343762 3.0780451 1.1384350 1.1358893 2.4071179 1.1393985 1.1343762 1.1446220 3.0094255 3.1083666 1.1424384 3.0183494 3.1604493 1.6776734 1.1373634 1.1327523 2.3335583 3.1528212 2.5962141 1.1431201 1.1407410 1.1343639 1.1344151 1.1344151 1.1387860 1.1358893 1.1373727 0.0000000 2.3194244 1.1395057 1.1395057 0.0000952 1.1357599 1.1386681 1.1370909 1.1335461 1.1387261 1.1390117 1.1384350 1.1389760 1.1373727 1.1391671 1.1391671 1.1372403 1.1391444 1.1397868 1.1384934 1.1390146 1.1384804 2.4309720 1.1357538 1.1363293 1.1342443 1.1344424 1.1335461 0.0002859 1.1357599 1.1379571 1.1359327 1.1370878 1.1378890 1.1385689 1.1362568 1.1601815 1.1383714 1.1384990 1.1395710 1.1372556 1.1370288 1.1814349 
MN803438_Lymphocystivirus_micropogonias1_n/a             2.2600677 2.2600677 2.2551557 2.7485052 2.2594067 2.2608536 1.7844269 2.2644756 2.2551557 2.2712950 2.8197160 2.7560472 2.2701741 2.7939871 2.9038540 1.7369460 2.2618814 2.2608536 0.1601771 3.1872862 2.0366559 2.2734672 2.2698891 2.2551557 2.2556937 2.2556937 2.2605472 2.2608536 2.2600101 2.3194244 0.0000000 2.2597069 2.2597069 2.3196777 2.2612378 2.2589460 2.2588631 2.2522774 2.2602366 2.2600049 2.2594067 2.2598906 2.2600101 2.2594712 2.2594712 2.2589658 2.2595011 2.2614738 2.2592075 2.2602948 2.2608894 1.8258085 2.2536483 2.2645145 2.2525163 2.2523288 2.2522774 2.3192069 2.2612378 2.2594977 2.2538722 2.2568523 2.2588252 2.2610223 2.2557293 2.2800618 2.2606914 2.2604375 2.2600167 2.2563043 2.2575489 2.4023263 
MT128666_Megalocytivirus_pagrus1_ISKNV                   0.0005592 0.0006524 0.0366903 2.8920555 0.0002795 0.0369866 2.2247517 0.0409054 0.0366903 0.0435269 2.8407738 2.8900951 0.0389544 2.7864385 2.8497477 1.6826980 0.0022396 0.0368959 2.2483414 2.9657677 2.5366752 0.0459293 0.0457450 0.0367888 0.0370963 0.0370963 0.0006524 0.0369866 0.0066737 1.1395057 2.2597069 0.0000000 0.0000010 1.1395517 0.0371866 0.0004659 0.0056212 0.0376987 0.0003727 0.0004659 0.0002795 0.0004659 0.0066737 0.0004659 0.0004659 0.0359803 0.0008391 0.0008391 0.0005593 0.0004659 0.0004659 2.2502989 0.0377286 0.0375118 0.0379021 0.0378042 0.0376987 1.1389849 0.0371866 0.0006523 0.0379338 0.0377689 0.0062938 0.0004662 0.0373340 0.0011526 0.0003729 0.0007458 0.0009323 0.0037407 0.0043066 0.4584363 
MT128667_Megalocytivirus_pagrus1_ISKNV                   0.0005592 0.0006524 0.0366903 2.8920555 0.0002795 0.0369866 2.2247517 0.0409054 0.0366903 0.0435269 2.8407738 2.8900951 0.0389544 2.7864385 2.8497477 1.6826980 0.0022396 0.0368959 2.2483414 2.9657677 2.5366752 0.0459293 0.0457450 0.0367888 0.0370963 0.0370963 0.0006524 0.0369866 0.0066737 1.1395057 2.2597069 0.0000010 0.0000000 1.1395517 0.0371866 0.0004659 0.0056212 0.0376987 0.0003727 0.0004659 0.0002795 0.0004659 0.0066737 0.0004659 0.0004659 0.0359803 0.0008391 0.0008391 0.0005593 0.0004659 0.0004659 2.2502989 0.0377286 0.0375118 0.0379021 0.0378042 0.0376987 1.1389849 0.0371866 0.0006523 0.0379338 0.0377689 0.0062938 0.0004662 0.0373340 0.0011526 0.0003729 0.0007458 0.0009323 0.0037407 0.0043066 0.4584363 
MT521409_Megalocytivirus_lates1_SDDV                     1.1389911 1.1392359 1.1344220 3.0787606 1.1384810 1.1359350 2.4078773 1.1394446 1.1344220 1.1448264 3.0104355 3.1087809 1.1424847 3.0186994 3.1604493 1.6776734 1.1374093 1.1327982 2.3335734 3.1528212 2.5969645 1.1431663 1.1407872 1.1344096 1.1344608 1.1344608 1.1388320 1.1359350 1.1374186 0.0000952 2.3196777 1.1395517 1.1395517 0.0000000 1.1358057 1.1387141 1.1371367 1.1335917 1.1387721 1.1390577 1.1384810 1.1390221 1.1374186 1.1392131 1.1392131 1.1372862 1.1391904 1.1398329 1.1385393 1.1390606 1.1385264 2.4317228 1.1357996 1.1363751 1.1342900 1.1344881 1.1335917 0.0003812 1.1358057 1.1380030 1.1359786 1.1371336 1.1379349 1.1386149 1.1363027 1.1602402 1.1384174 1.1385450 1.1396171 1.1373015 1.1370746 1.1814758 
MT798582_Megalocytivirus_pagrus1_RSIV                    0.0369881 0.0370865 0.0108968 2.9037107 0.0368791 0.0001859 2.2324104 0.0038458 0.0108968 0.0412547 2.8197246 2.9103540 0.0016801 2.7769617 2.8605056 1.6673826 0.0347824 0.0001875 2.2568339 2.9736112 2.5344788 0.0435899 0.0436944 0.0109912 0.0111958 0.0111958 0.0372838 0.0001859 0.0364837 1.1357599 2.2612378 0.0371866 0.0371866 1.1358057 0.0000000 0.0370787 0.0355497 0.0123304 0.0369827 0.0370811 0.0368791 0.0368859 0.0364837 0.0370806 0.0370806 0.0013962 0.0374898 0.0374880 0.0371912 0.0370844 0.0370807 2.2538139 0.0063657 0.0018653 0.0123315 0.0122370 0.0123304 1.1351009 0.0000010 0.0372766 0.0063686 0.0048616 0.0368790 0.0370997 0.0118420 0.0383304 0.0369967 0.0372848 0.0375848 0.0373366 0.0373614 0.4633609 
MT926123_Megalocytivirus_pagrus1_ISKNV                   0.0004659 0.0005590 0.0365825 2.8918930 0.0001863 0.0368788 2.2260805 0.0409027 0.0365825 0.0434153 2.8408744 2.8891206 0.0388457 2.7865549 2.8497477 1.6826980 0.0021456 0.0367872 2.2478166 2.9666830 2.5373414 0.0458181 0.0456338 0.0366810 0.0369884 0.0369884 0.0005590 0.0368788 0.0065776 1.1386681 2.2589460 0.0004659 0.0004659 1.1387141 0.0370787 0.0000000 0.0055257 0.0375905 0.0002794 0.0003726 0.0001863 0.0003726 0.0065776 0.0003726 0.0003726 0.0358728 0.0007456 0.0007456 0.0004659 0.0003726 0.0003726 2.2510393 0.0376204 0.0374037 0.0377939 0.0376960 0.0375905 1.1381476 0.0370787 0.0005589 0.0378255 0.0376608 0.0061978 0.0003728 0.0372262 0.0010369 0.0002796 0.0006523 0.0008388 0.0036460 0.0042116 0.4580548 
MT986830_Megalocytivirus_pagrus1_ISKNV                   0.0056210 0.0057150 0.0358481 2.8943471 0.0053375 0.0353505 2.2239392 0.0391661 0.0358481 0.0423714 2.8337212 2.8918203 0.0373085 2.7789090 2.8497477 1.6826980 0.0073162 0.0356514 2.2502553 2.9693599 2.5310507 0.0451850 0.0450008 0.0359464 0.0362530 0.0362530 0.0057149 0.0353505 0.0041167 1.1370909 2.2588631 0.0056212 0.0056212 1.1371367 0.0355497 0.0055257 0.0000000 0.0366541 0.0054322 0.0055261 0.0053375 0.0055265 0.0041167 0.0055260 0.0055260 0.0345459 0.0059042 0.0059040 0.0056218 0.0055267 0.0055260 2.2518753 0.0361921 0.0360930 0.0368569 0.0367592 0.0366541 1.1364312 0.0355497 0.0057137 0.0363083 0.0360462 0.0035527 0.0055294 0.0362919 0.0064904 0.0054347 0.0058097 0.0059976 0.0022372 0.0016779 0.4586239 
MW139932_Megalocytivirus_pagrus1_RSIV                    0.0374999 0.0375985 0.0074985 2.8983138 0.0373907 0.0123323 2.2363507 0.0161435 0.0074985 0.0371762 2.8189933 2.9081485 0.0139835 2.7751243 2.8785725 1.6643654 0.0354919 0.0121469 2.2477252 2.9564805 2.5329896 0.0414502 0.0413549 0.0075926 0.0078776 0.0078776 0.0377960 0.0123323 0.0372014 1.1335461 2.2522774 0.0376987 0.0376987 1.1335917 0.0123304 0.0375905 0.0366541 0.0000000 0.0374945 0.0375930 0.0373907 0.0373976 0.0372014 0.0375925 0.0375925 0.0124300 0.0380023 0.0380004 0.0377033 0.0375964 0.0375926 2.2567824 0.0058906 0.0134965 0.0001860 0.0002790 0.0000010 1.1330266 0.0123304 0.0377887 0.0060812 0.0113914 0.0375973 0.0376118 0.0065531 0.0387752 0.0375086 0.0377970 0.0380974 0.0378527 0.0378778 0.4623390 
MW273353_Megalocytivirus_pagrus1_ISKNV                   0.0003727 0.0004659 0.0364866 2.8931376 0.0000931 0.0367829 2.2247303 0.0408060 0.0364866 0.0433176 2.8412537 2.8893212 0.0387495 2.7845252 2.8497477 1.6826980 0.0020523 0.0366905 2.2481958 2.9661074 2.5350877 0.0457214 0.0455371 0.0365851 0.0368924 0.0368924 0.0004659 0.0367829 0.0064838 1.1387261 2.2602366 0.0003727 0.0003727 1.1387721 0.0369827 0.0002794 0.0054322 0.0374945 0.0000000 0.0002795 0.0000931 0.0002795 0.0064838 0.0002795 0.0002795 0.0357770 0.0006525 0.0006524 0.0003727 0.0002795 0.0002795 2.2516923 0.0375243 0.0373077 0.0376979 0.0375999 0.0374945 1.1382055 0.0369827 0.0004658 0.0377294 0.0375648 0.0061041 0.0002796 0.0371303 0.0009217 0.0001864 0.0005592 0.0007456 0.0035527 0.0041181 0.4580201 
MW273354_Megalocytivirus_pagrus1_ISKNV                   0.0004659 0.0005591 0.0365849 2.8917557 0.0001863 0.0368812 2.2251535 0.0409053 0.0365849 0.0433030 2.8418700 2.8900817 0.0388483 2.7867483 2.8497477 1.6826980 0.0021457 0.0367897 2.2480964 2.9641097 2.5357007 0.0457063 0.0455220 0.0366834 0.0369908 0.0369908 0.0005591 0.0368812 0.0065781 1.1390117 2.2600049 0.0004659 0.0004659 1.1390577 0.0370811 0.0003726 0.0055261 0.0375930 0.0002795 0.0000000 0.0001863 0.0003727 0.0065781 0.0003726 0.0003726 0.0358752 0.0007457 0.0005591 0.0004660 0.0001863 0.0003726 2.2517981 0.0376229 0.0374062 0.0377964 0.0376984 0.0375930 1.1384909 0.0370811 0.0005590 0.0378280 0.0376633 0.0061983 0.0003729 0.0372286 0.0010370 0.0002796 0.0006524 0.0008389 0.0036463 0.0042119 0.4582210 
MW883593_Megalocytivirus_pagrus1_ISKNV                   0.0002795 0.0003726 0.0363830 2.8919025 0.0000010 0.0366793 2.2253376 0.0407009 0.0363830 0.0432108 2.8406261 2.8902332 0.0386452 2.7862732 2.8497477 1.6826980 0.0019587 0.0365861 2.2480405 2.9661074 2.5364478 0.0456152 0.0454309 0.0364815 0.0367887 0.0367887 0.0003726 0.0366793 0.0063886 1.1384350 2.2594067 0.0002795 0.0002795 1.1384810 0.0368791 0.0001863 0.0053375 0.0373907 0.0000931 0.0001863 0.0000000 0.0001863 0.0063886 0.0001863 0.0001863 0.0356737 0.0005591 0.0005591 0.0002795 0.0001863 0.0001863 2.2508568 0.0374204 0.0372039 0.0375940 0.0374961 0.0373907 1.1379145 0.0368791 0.0003726 0.0376255 0.0374610 0.0060091 0.0001864 0.0370267 0.0008063 0.0000932 0.0004659 0.0006523 0.0034585 0.0040238 0.4579895 
MW883594_Megalocytivirus_pagrus1_ISKNV                   0.0000931 0.0001863 0.0363897 2.8927745 0.0001863 0.0366860 2.2254622 0.0407083 0.0363897 0.0434210 2.8408658 2.8913118 0.0386523 2.7871194 2.8497477 1.6856249 0.0021459 0.0365929 2.2485236 2.9664204 2.5363332 0.0458241 0.0456398 0.0364882 0.0367955 0.0367955 0.0005591 0.0366860 0.0065785 1.1389760 2.2598906 0.0004659 0.0004659 1.1390221 0.0368859 0.0003726 0.0055265 0.0373976 0.0002795 0.0003727 0.0001863 0.0000000 0.0065785 0.0003727 0.0003727 0.0356803 0.0005590 0.0007457 0.0004660 0.0003727 0.0003727 2.2514033 0.0374273 0.0372108 0.0376009 0.0375030 0.0373976 1.1384553 0.0368859 0.0005590 0.0376324 0.0374679 0.0061987 0.0003729 0.0370335 0.0009216 0.0002796 0.0006524 0.0008389 0.0036466 0.0042122 0.4580524 
MW883595_Megalocytivirus_pagrus1_ISKNV                   0.0066735 0.0067678 0.0363875 2.8970550 0.0063886 0.0362840 2.2283243 0.0402007 0.0363875 0.0413219 2.8412295 2.8920591 0.0383660 2.7827198 2.9114292 1.6740686 0.0083755 0.0360841 2.2519109 2.9878313 2.5379960 0.0443499 0.0441653 0.0364860 0.0367933 0.0367933 0.0067677 0.0362840 0.0000010 1.1373727 2.2600101 0.0066737 0.0066737 1.1374186 0.0364837 0.0065776 0.0041167 0.0372014 0.0064838 0.0065781 0.0063886 0.0065785 0.0000000 0.0065780 0.0065780 0.0352792 0.0069580 0.0069578 0.0066745 0.0065787 0.0065780 2.2521611 0.0371321 0.0364337 0.0374047 0.0373068 0.0372014 1.1367129 0.0364837 0.0067664 0.0372490 0.0369817 0.0009315 0.0065819 0.0368315 0.0065018 0.0064868 0.0068631 0.0070516 0.0034610 0.0030873 0.4575701 
MW883596_Megalocytivirus_pagrus1_ISKNV                   0.0004659 0.0005591 0.0365844 2.8929450 0.0001863 0.0368807 2.2262652 0.0409048 0.0365844 0.0434175 2.8416533 2.8914683 0.0388477 2.7874973 2.8497477 1.6826980 0.0021457 0.0367892 2.2481042 2.9661074 2.5375721 0.0458204 0.0456361 0.0366829 0.0369903 0.0369903 0.0005591 0.0368807 0.0065780 1.1391671 2.2594712 0.0004659 0.0004659 1.1392131 0.0370806 0.0003726 0.0055260 0.0375925 0.0002795 0.0003726 0.0001863 0.0003727 0.0065780 0.0000000 0.0000010 0.0358747 0.0007457 0.0007457 0.0004659 0.0003727 0.0003726 2.2512940 0.0376224 0.0374057 0.0377959 0.0376979 0.0375925 1.1386463 0.0370806 0.0005590 0.0378275 0.0376628 0.0061982 0.0003729 0.0372281 0.0010370 0.0002796 0.0006524 0.0008388 0.0036463 0.0042119 0.4583693 
MW883597_Megalocytivirus_pagrus1_ISKNV                   0.0004659 0.0005591 0.0365844 2.8929450 0.0001863 0.0368807 2.2262652 0.0409048 0.0365844 0.0434175 2.8416533 2.8914683 0.0388477 2.7874973 2.8497477 1.6826980 0.0021457 0.0367892 2.2481042 2.9661074 2.5375721 0.0458204 0.0456361 0.0366829 0.0369903 0.0369903 0.0005591 0.0368807 0.0065780 1.1391671 2.2594712 0.0004659 0.0004659 1.1392131 0.0370806 0.0003726 0.0055260 0.0375925 0.0002795 0.0003726 0.0001863 0.0003727 0.0065780 0.0000010 0.0000000 0.0358747 0.0007457 0.0007457 0.0004659 0.0003727 0.0003726 2.2512940 0.0376224 0.0374057 0.0377959 0.0376979 0.0375925 1.1386463 0.0370806 0.0005590 0.0378275 0.0376628 0.0061982 0.0003729 0.0372281 0.0010370 0.0002796 0.0006524 0.0008388 0.0036463 0.0042119 0.4583693 
MW883598_Megalocytivirus_pagrus1_RSIV                    0.0357822 0.0358805 0.0104264 2.9047340 0.0356737 0.0012098 2.2318711 0.0048823 0.0104264 0.0404474 2.8216577 2.9110571 0.0030842 2.7755440 2.8605056 1.6780762 0.0335816 0.0012197 2.2544089 2.9755863 2.5343517 0.0429851 0.0430895 0.0105208 0.0107248 0.0107248 0.0360774 0.0012098 0.0352792 1.1372403 2.2589658 0.0359803 0.0359803 1.1372862 0.0013962 0.0358728 0.0345459 0.0124300 0.0357770 0.0358752 0.0356737 0.0356803 0.0352792 0.0358747 0.0358747 0.0000000 0.0362828 0.0362810 0.0359848 0.0358784 0.0358748 2.2536496 0.0068389 0.0030813 0.0124311 0.0123366 0.0124300 1.1365805 0.0013962 0.0360704 0.0068420 0.0049560 0.0356737 0.0358933 0.0113714 0.0369770 0.0357906 0.0360784 0.0363777 0.0361315 0.0361556 0.4632169 
MW883599_Megalocytivirus_pagrus1_ISKNV                   0.0006523 0.0007455 0.0369933 2.8934333 0.0005591 0.0372897 2.2245645 0.0413193 0.0369933 0.0438380 2.8407365 2.8908252 0.0392591 2.7863622 2.8497477 1.6856249 0.0025204 0.0372014 2.2483791 2.9668739 2.5367054 0.0461343 0.0459500 0.0370919 0.0373996 0.0373996 0.0009324 0.0372897 0.0069580 1.1391444 2.2595011 0.0008391 0.0008391 1.1391904 0.0374898 0.0007456 0.0059042 0.0380023 0.0006525 0.0007457 0.0005591 0.0005590 0.0069580 0.0007457 0.0007457 0.0362828 0.0000000 0.0011192 0.0004659 0.0007458 0.0007457 2.2499154 0.0380324 0.0378154 0.0382059 0.0381079 0.0380023 1.1386237 0.0374898 0.0009322 0.0382378 0.0380724 0.0065778 0.0007462 0.0376370 0.0012676 0.0006528 0.0010258 0.0012124 0.0040227 0.0045890 0.4586735 
MW883600_Megalocytivirus_pagrus1_ISKNV                   0.0008391 0.0009323 0.0369915 2.8931145 0.0005591 0.0372879 2.2253607 0.0413172 0.0369915 0.0437205 2.8430490 2.8915520 0.0392572 2.7883643 2.8497477 1.6826980 0.0025203 0.0371996 2.2495615 2.9652313 2.5360480 0.0461209 0.0459367 0.0370901 0.0373978 0.0373978 0.0009323 0.0372879 0.0069578 1.1397868 2.2614738 0.0008391 0.0008391 1.1398329 0.0374880 0.0007456 0.0059040 0.0380004 0.0006524 0.0005591 0.0005591 0.0007457 0.0069578 0.0007457 0.0007457 0.0362810 0.0011192 0.0000000 0.0008392 0.0005591 0.0007457 2.2529834 0.0380306 0.0378136 0.0382040 0.0381060 0.0380004 1.1392659 0.0374880 0.0009321 0.0382359 0.0380706 0.0065776 0.0007461 0.0376352 0.0014990 0.0006528 0.0006525 0.0012123 0.0040225 0.0045889 0.4584192 
MW883601_Megalocytivirus_pagrus1_ISKNV                   0.0005593 0.0006525 0.0366948 2.8911503 0.0002795 0.0369912 2.2258505 0.0410176 0.0366948 0.0435325 2.8386639 2.8906624 0.0389593 2.7846683 2.8497477 1.6826980 0.0022398 0.0369005 2.2481606 2.9713444 2.5373783 0.0458313 0.0456469 0.0367934 0.0371009 0.0371009 0.0006525 0.0369912 0.0066745 1.1384934 2.2592075 0.0005593 0.0005593 1.1385393 0.0371912 0.0004659 0.0056218 0.0377033 0.0003727 0.0004660 0.0002795 0.0004660 0.0066745 0.0004659 0.0004659 0.0359848 0.0004659 0.0008392 0.0000000 0.0004660 0.0004659 2.2512282 0.0377333 0.0375165 0.0379068 0.0378089 0.0377033 1.1379728 0.0371912 0.0006524 0.0379385 0.0377736 0.0062945 0.0004662 0.0373387 0.0010371 0.0003729 0.0007459 0.0009324 0.0037412 0.0043071 0.4585432 
MW883602_Megalocytivirus_pagrus1_ISKNV                   0.0004659 0.0005591 0.0365882 2.8923768 0.0001863 0.0368845 2.2257144 0.0409090 0.0365882 0.0433069 2.8424210 2.8907224 0.0388517 2.7874507 2.8497477 1.6826980 0.0021459 0.0367930 2.2483863 2.9639076 2.5362529 0.0457103 0.0455260 0.0366867 0.0369942 0.0369942 0.0005591 0.0368845 0.0065787 1.1390146 2.2602948 0.0004659 0.0004659 1.1390606 0.0370844 0.0003726 0.0055267 0.0375964 0.0002795 0.0001863 0.0001863 0.0003727 0.0065787 0.0003727 0.0003727 0.0358784 0.0007458 0.0005591 0.0004660 0.0000000 0.0003727 2.2521483 0.0376262 0.0374095 0.0377998 0.0377018 0.0375964 1.1384939 0.0370844 0.0005590 0.0378314 0.0376667 0.0061989 0.0003729 0.0372320 0.0010372 0.0002796 0.0006525 0.0008389 0.0036467 0.0042124 0.4580945 
MW883603_Megalocytivirus_pagrus1_ISKNV                   0.0004659 0.0005591 0.0365845 2.8915435 0.0001863 0.0368808 2.2259463 0.0409049 0.0365845 0.0434177 2.8407492 2.8913953 0.0388479 2.7864142 2.8497477 1.6826980 0.0021457 0.0367893 2.2495191 2.9661074 2.5384662 0.0458206 0.0456363 0.0366830 0.0369904 0.0369904 0.0005591 0.0368808 0.0065780 1.1384804 2.2608894 0.0004659 0.0004659 1.1385264 0.0370807 0.0003726 0.0055260 0.0375926 0.0002795 0.0003726 0.0001863 0.0003727 0.0065780 0.0003726 0.0003726 0.0358748 0.0007457 0.0007457 0.0004659 0.0003727 0.0000000 2.2510258 0.0376225 0.0374058 0.0377960 0.0376981 0.0375926 1.1379598 0.0370807 0.0005590 0.0378276 0.0376629 0.0061982 0.0003729 0.0372282 0.0010370 0.0002796 0.0006524 0.0008388 0.0036463 0.0042119 0.4580823 
