70
23043610003_Megalocytivirus_pagrus1_ISKNV                0.0000000 0.0001069 0.0351762 2.7654908 0.0003208 0.0349649 2.0732502 0.0350832 0.0351762 0.0425361 2.6896683 2.8073555 0.0370674 2.5566044 0.0025704 0.0349649 2.1020797 2.9640198 2.3605299 0.0435829 0.0437010 0.0352879 0.0354015 0.0354015 1.0670674 0.0006418 0.0066824 1.0466659 2.1140474 0.0005348 0.0005348 1.0467169 0.0350761 0.0005347 0.0051557 0.0363253 0.0004278 0.0005348 0.0003208 0.0001069 0.0066824 0.0004278 0.0004278 0.0340530 0.0007487 0.0008560 0.0006419 0.0005348 0.0005348 2.0729667 0.0359085 0.0355496 0.0365557 0.0364443 0.0363253 1.0464981 0.0350761 0.0006417 0.0361400 0.0358500 0.0062475 0.0005351 0.0358212 0.0010961 0.0004280 0.0007489 0.0009629 0.0039712 0.0040811 0.4135774 
23043610005_Megalocytivirus_pagrus1_ISKNV                0.0001069 0.0000000 0.0352879 2.7659806 0.0004277 0.0350766 2.0732502 0.0351949 0.0352879 0.0426491 2.6893455 2.8070115 0.0371795 2.5558856 0.0026776 0.0350766 2.1020797 2.9634611 2.3609633 0.0436958 0.0438139 0.0353997 0.0355132 0.0355132 1.0673441 0.0007488 0.0067904 1.0469333 2.1140474 0.0006417 0.0006417 1.0469843 0.0351878 0.0006417 0.0052634 0.0364372 0.0005348 0.0006417 0.0004277 0.0002138 0.0067904 0.0005347 0.0005347 0.0341646 0.0008557 0.0009630 0.0007490 0.0006418 0.0006417 2.0729667 0.0360204 0.0356614 0.0366676 0.0365562 0.0364372 1.0467655 0.0351878 0.0007487 0.0362520 0.0359617 0.0063555 0.0006421 0.0359329 0.0010961 0.0005350 0.0008560 0.0010700 0.0040787 0.0041887 0.4137470 
AB104413_Megalocytivirus_pagrus1_RSIV                    0.0351762 0.0352879 0.0000000 2.7759539 0.0350548 0.0103228 2.0841137 0.0104327 0.0000010 0.0413896 2.6662704 2.8220357 0.0123047 2.5415501 0.0333581 0.0103228 2.1001947 2.9685578 2.3604516 0.0425505 0.0425558 0.0001066 0.0002133 0.0002133 1.0736145 0.0353991 0.0347120 1.0427364 2.1074727 0.0352836 0.0352836 1.0427870 0.0104306 0.0352809 0.0342324 0.0083810 0.0351715 0.0352830 0.0350548 0.0350611 0.0347120 0.0351691 0.0351691 0.0097826 0.0357442 0.0356291 0.0354058 0.0352866 0.0352828 2.0795887 0.0097901 0.0116422 0.0085981 0.0084904 0.0083810 1.0425689 0.0104306 0.0353937 0.0100116 0.0055766 0.0351608 0.0353016 0.0029928 0.0363181 0.0351853 0.0353998 0.0355034 0.0356962 0.0356028 0.4186760 
AF303741_Iridovirus_chilo1_n/a                           2.7654908 2.7659806 2.7759539 0.0000000 2.7641909 2.7746276 2.8389138 2.7739880 2.7759539 2.7599976 1.8419947 0.6273489 2.7878363 1.7910836 2.7657851 2.7746276 2.7325160 2.2471509 2.2369303 2.7717284 2.7717399 2.7756374 2.7764422 2.7764422 2.9301328 2.7657910 2.7685668 2.9039290 2.6982389 2.7643545 2.7643545 2.9046937 2.7746810 2.7641808 2.7655590 2.7706192 2.7655331 2.7640297 2.7641909 2.7651540 2.7685668 2.7655769 2.7655769 2.7758078 2.7658821 2.7653749 2.7633848 2.7647079 2.7638128 2.8596242 2.7730561 2.7722274 2.7712988 2.7709919 2.7706192 2.9035970 2.7746810 2.7635334 2.7747588 2.7785229 2.7683080 2.7644190 2.7711307 2.6443068 2.7646947 2.7648213 2.7643362 2.7648113 2.7649423 2.8916024 
AF371960_Megalocytivirus_pagrus1_ISKNV                   0.0003208 0.0004277 0.0350548 2.7641909 0.0000000 0.0348436 2.0728745 0.0349618 0.0350548 0.0421841 2.6890809 2.8053208 0.0369451 2.5553330 0.0022481 0.0348436 2.1013737 2.9637008 2.3604018 0.0432309 0.0433489 0.0351665 0.0352800 0.0352800 1.0662341 0.0003208 0.0063564 1.0461101 2.1133384 0.0002138 0.0002138 1.0461611 0.0349547 0.0002138 0.0048315 0.0362035 0.0001069 0.0002138 0.0000010 0.0002138 0.0063564 0.0001069 0.0001069 0.0339321 0.0006418 0.0005348 0.0003208 0.0002138 0.0002138 2.0720773 0.0357867 0.0354280 0.0364337 0.0363224 0.0362035 1.0459423 0.0349547 0.0003207 0.0360181 0.0357283 0.0059219 0.0002139 0.0356996 0.0008219 0.0001070 0.0004278 0.0006417 0.0036468 0.0037564 0.4134620 
AP017456_Megalocytivirus_pagrus1_RSIV                    0.0349649 0.0350766 0.0103228 2.7746276 0.0348436 0.0000000 2.0760488 0.0001066 0.0103228 0.0405695 2.6687341 2.8200526 0.0020335 2.5431630 0.0324691 0.0000010 2.1093222 2.9697365 2.3572276 0.0420871 0.0423190 0.0104307 0.0105392 0.0105392 1.0728743 0.0351878 0.0340475 1.0442517 2.1151489 0.0350723 0.0350723 1.0443024 0.0001066 0.0350697 0.0335662 0.0118487 0.0349603 0.0350717 0.0348436 0.0348499 0.0340475 0.0349578 0.0349578 0.0011736 0.0355328 0.0354177 0.0351944 0.0350753 0.0350716 2.0742620 0.0069767 0.0017107 0.0118497 0.0117417 0.0118487 1.0439399 0.0001066 0.0351824 0.0069800 0.0053595 0.0344960 0.0350903 0.0114033 0.0358837 0.0349740 0.0351885 0.0355263 0.0352536 0.0351600 0.4196579 
AY521625_Ranavirus_epinephelus1_n/a                      2.0732502 2.0732502 2.0841137 2.8389138 2.0728745 2.0760488 0.0000000 2.0760706 2.0841137 2.0908662 2.8954534 2.8446136 2.0805204 2.8405819 2.0734054 2.0760488 1.6926285 3.2740332 2.1617921 2.0837447 2.0842245 2.0841137 2.0849506 2.0849506 2.2146842 2.0732535 2.0762250 2.2071609 1.7048151 2.0722482 2.0722482 2.2079478 2.0761919 2.0736595 2.0709662 2.0820376 2.0722385 2.0726819 2.0728745 2.0730036 2.0762250 2.0738480 2.0738480 2.0756183 2.0720557 2.0728181 2.0733980 2.0732698 2.0735110 0.6143883 2.0783055 2.0767914 2.0824691 2.0822627 2.0820376 2.2063196 2.0761919 2.0731217 2.0780808 2.0803875 2.0746429 2.0741433 2.0831634 2.0335897 2.0742526 2.0727421 2.0727664 2.0690759 2.0714415 2.1588737 
AY894343_Megalocytivirus_pagrus1_RSIV                    0.0350832 0.0351949 0.0104327 2.7739880 0.0349618 0.0001066 2.0760706 0.0000000 0.0104327 0.0406898 2.6687341 2.8191426 0.0021411 2.5431630 0.0325866 0.0001066 2.1093428 2.9697365 2.3572442 0.0422078 0.0424397 0.0105407 0.0106492 0.0106492 1.0729057 0.0353061 0.0341655 1.0442824 2.1151693 0.0351906 0.0351906 1.0443331 0.0002133 0.0351880 0.0336840 0.0119592 0.0350785 0.0351900 0.0349618 0.0349681 0.0341655 0.0350761 0.0350761 0.0012806 0.0356513 0.0355361 0.0353128 0.0351936 0.0351899 2.0742833 0.0070856 0.0018180 0.0119602 0.0118521 0.0119592 1.0439705 0.0002133 0.0353008 0.0070890 0.0054680 0.0346141 0.0352086 0.0115135 0.0360355 0.0350923 0.0353069 0.0356447 0.0353718 0.0352783 0.4199093 
BD143114_Megalocytivirus_pagrus1_RSIV                    0.0351762 0.0352879 0.0000010 2.7759539 0.0350548 0.0103228 2.0841137 0.0104327 0.0000000 0.0413896 2.6662704 2.8220357 0.0123047 2.5415501 0.0333581 0.0103228 2.1001947 2.9685578 2.3604516 0.0425505 0.0425558 0.0001066 0.0002133 0.0002133 1.0736145 0.0353991 0.0347120 1.0427364 2.1074727 0.0352836 0.0352836 1.0427870 0.0104306 0.0352809 0.0342324 0.0083810 0.0351715 0.0352830 0.0350548 0.0350611 0.0347120 0.0351691 0.0351691 0.0097826 0.0357442 0.0356291 0.0354058 0.0352866 0.0352828 2.0795887 0.0097901 0.0116422 0.0085981 0.0084904 0.0083810 1.0425689 0.0104306 0.0353937 0.0100116 0.0055766 0.0351608 0.0353016 0.0029928 0.0363181 0.0351853 0.0353998 0.0355034 0.0356962 0.0356028 0.4186760 
GQ273492_Megalocytivirus_pagrus1_TRBIV                   0.0425361 0.0426491 0.0413896 2.7599976 0.0421841 0.0405695 2.0908662 0.0406898 0.0413896 0.0000000 2.6952572 2.8123629 0.0428393 2.5556388 0.0418286 0.0405695 2.1117411 2.9554490 2.3617637 0.0228206 0.0227126 0.0415025 0.0416175 0.0416175 1.0771289 0.0425343 0.0399445 1.0567088 2.1226024 0.0424166 0.0424166 1.0569352 0.0406815 0.0424135 0.0409143 0.0364381 0.0423032 0.0422883 0.0421841 0.0424189 0.0399445 0.0423003 0.0423003 0.0397735 0.0428854 0.0426403 0.0425424 0.0422925 0.0424158 2.0867914 0.0379368 0.0387319 0.0364412 0.0363297 0.0364381 1.0565407 0.0406815 0.0425278 0.0380697 0.0412030 0.0404008 0.0424380 0.0395432 0.0432990 0.0423193 0.0426538 0.0427786 0.0412661 0.0411739 0.4177378 
HF920633_Chloriridovirus_simulium1_n/a                   2.6896683 2.6893455 2.6662704 1.8419947 2.6890809 2.6687341 2.8954534 2.6687341 2.6662704 2.6952572 0.0000000 1.8230629 2.6779678 0.4897321 2.6847071 2.6687341 2.8113156 1.9992658 2.3318974 2.6917226 2.6897555 2.6662086 2.6660879 2.6660879 2.8951245 2.6897561 2.6891392 2.8171513 2.8114997 2.6892352 2.6892352 2.8182365 2.6688471 2.6893456 2.6809851 2.6666551 2.6897534 2.6904307 2.6890809 2.6893426 2.6891392 2.6904338 2.6904338 2.6709376 2.6892015 2.6915682 2.6869651 2.6910251 2.6892152 2.9090806 2.6696982 2.6790302 2.6673103 2.6677118 2.6666551 2.8154912 2.6688471 2.6881087 2.6726020 2.6674228 2.6876225 2.6888046 2.6661405 2.5753893 2.6883511 2.6911183 2.6888204 2.6815381 2.6809073 2.8355910 
HF920637_Iridovirus_armadillidium1_n/a                   2.8073555 2.8070115 2.8220357 0.6273489 2.8053208 2.8200526 2.8446136 2.8191426 2.8220357 2.8123629 1.8230629 0.0000000 2.8348262 1.8105582 2.8101594 2.8200526 2.7709567 2.3442846 2.2993465 2.8109620 2.8068391 2.8217014 2.8215714 2.8215714 2.9884020 2.8071833 2.8066547 2.9429841 2.7289991 2.8051661 2.8051661 2.9434298 2.8201770 2.8040737 2.8067369 2.8186185 2.8042975 2.8051512 2.8053208 2.8065382 2.8066547 2.8067874 2.8067874 2.8209622 2.8059847 2.8066563 2.8058021 2.8058686 2.8066310 2.8984001 2.8239185 2.8163001 2.8193401 2.8191385 2.8186185 2.9426330 2.8201770 2.8046122 2.8240694 2.8196367 2.8067777 2.8055586 2.8157953 2.7086441 2.8058550 2.8074023 2.8064183 2.8058697 2.8061099 2.9225887 
KC244182_Megalocytivirus_pagrus1_RSIV                    0.0370674 0.0371795 0.0123047 2.7878363 0.0369451 0.0020335 2.0805204 0.0021411 0.0123047 0.0428393 2.6779678 2.8348262 0.0000000 2.5543015 0.0345595 0.0020335 2.1181358 2.9924460 2.3668311 0.0443616 0.0445948 0.0124132 0.0125223 0.0125223 1.0786433 0.0372911 0.0362770 1.0513707 2.1247194 0.0371750 0.0371750 1.0514220 0.0019265 0.0371722 0.0356598 0.0138397 0.0370625 0.0371744 0.0369451 0.0369517 0.0362770 0.0370599 0.0370599 0.0032137 0.0376380 0.0375223 0.0372981 0.0371781 0.0371742 2.0778886 0.0089427 0.0035423 0.0138409 0.0137324 0.0138397 1.0510568 0.0019265 0.0372854 0.0089470 0.0073169 0.0367275 0.0371939 0.0133901 0.0360262 0.0370769 0.0372919 0.0376311 0.0373545 0.0372615 0.4234336 
KF938901_Chloriridovirus_anopheles1_n/a                  2.5566044 2.5558856 2.5415501 1.7910836 2.5553330 2.5431630 2.8405819 2.5431630 2.5415501 2.5556388 0.4897321 1.8105582 2.5543015 0.0000000 2.5519633 2.5431630 2.7224665 1.9497521 2.2981989 2.5578754 2.5553070 2.5413462 2.5412237 2.5412237 2.7873081 2.5550636 2.5550799 2.7250198 2.7146288 2.5554752 2.5554752 2.7253269 2.5432751 2.5555883 2.5487907 2.5409532 2.5537054 2.5557787 2.5553330 2.5562880 2.5550799 2.5566687 2.5566687 2.5429482 2.5555717 2.5571486 2.5538602 2.5564337 2.5554656 2.7853730 2.5431349 2.5534431 2.5409532 2.5413603 2.5409532 2.7257999 2.5432751 2.5544332 2.5461866 2.5431412 2.5526210 2.5550849 2.5366274 2.4588539 2.5546281 2.5579677 2.5550999 2.5487703 2.5489097 2.7028319 
KT781098_Megalocytivirus_pagrus1_ISKNV                   0.0025704 0.0026776 0.0333581 2.7657851 0.0022481 0.0324691 2.0734054 0.0325866 0.0333581 0.0418286 2.6847071 2.8101594 0.0345595 2.5519633 0.0000000 0.0324691 2.1039982 2.9637316 2.3625686 0.0429881 0.0431060 0.0334696 0.0335828 0.0335828 1.0659216 0.0025703 0.0086325 1.0449614 2.1159741 0.0024628 0.0024628 1.0450122 0.0325800 0.0024626 0.0070975 0.0340512 0.0023556 0.0024628 0.0022481 0.0024629 0.0086325 0.0023554 0.0023554 0.0315612 0.0028927 0.0027852 0.0025707 0.0024630 0.0024628 2.0724575 0.0336337 0.0330503 0.0342805 0.0341695 0.0340512 1.0447936 0.0325800 0.0025699 0.0338642 0.0335783 0.0081959 0.0024642 0.0340028 0.0028817 0.0023567 0.0026779 0.0028922 0.0059101 0.0060213 0.4142612 
KT804738_Megalocytivirus_pagrus1_RSIV                    0.0349649 0.0350766 0.0103228 2.7746276 0.0348436 0.0000010 2.0760488 0.0001066 0.0103228 0.0405695 2.6687341 2.8200526 0.0020335 2.5431630 0.0324691 0.0000000 2.1093222 2.9697365 2.3572276 0.0420871 0.0423190 0.0104307 0.0105392 0.0105392 1.0728743 0.0351878 0.0340475 1.0442517 2.1151489 0.0350723 0.0350723 1.0443024 0.0001066 0.0350697 0.0335662 0.0118487 0.0349603 0.0350717 0.0348436 0.0348499 0.0340475 0.0349578 0.0349578 0.0011736 0.0355328 0.0354177 0.0351944 0.0350753 0.0350716 2.0742620 0.0069767 0.0017107 0.0118497 0.0117417 0.0118487 1.0439399 0.0001066 0.0351824 0.0069800 0.0053595 0.0344960 0.0350903 0.0114033 0.0358837 0.0349740 0.0351885 0.0355263 0.0352536 0.0351600 0.4196579 
KX643370_Lymphocystivirus_sparus1_n/a                    2.1020797 2.1020797 2.1001947 2.7325160 2.1013737 2.1093222 1.6926285 2.1093428 2.1001947 2.1117411 2.8113156 2.7709567 2.1181358 2.7224665 2.1039982 2.1093222 0.0000000 3.2042264 1.9743789 2.1095612 2.1091961 2.1001947 2.1010173 2.1010173 2.1599249 2.1017152 2.1053387 2.1571841 0.1587479 2.1017099 2.1017099 2.1572075 2.1094044 2.1011376 2.1038934 2.0999210 2.1015432 2.1014331 2.1013737 2.1018953 2.1053387 2.1014387 2.1014387 2.1077792 2.1017342 2.1029005 2.1014900 2.1017391 2.1029447 1.7380639 2.1039708 2.1112605 2.0999583 2.0997560 2.0999210 2.1567261 2.1094044 2.1023885 2.1042079 2.1057671 2.1032343 2.1030917 2.1005685 2.0808436 2.1027354 2.1023665 2.1010595 2.1009978 2.1025930 2.2241660 
LS484712_Daphniairidovirus_daphnia1_n/a                  2.9640198 2.9634611 2.9685578 2.2471509 2.9637008 2.9697365 3.2740332 2.9697365 2.9685578 2.9554490 1.9992658 2.3442846 2.9924460 1.9497521 2.9637316 2.9697365 3.2042264 0.0000000 2.5793975 2.9394197 2.9403553 2.9681387 2.9681387 2.9681387 3.2412166 2.9627184 2.9862455 3.1634622 3.1832039 2.9633603 2.9633603 3.1634622 2.9697365 2.9642888 2.9670545 2.9517896 2.9637008 2.9616104 2.9637008 2.9640198 2.9862455 2.9637008 2.9637008 2.9718025 2.9644916 2.9627896 2.9691549 2.9614139 2.9637008 3.1705446 2.9531712 2.9697365 2.9517896 2.9513298 2.9517896 3.1634622 2.9697365 2.9639491 2.9531712 2.9663228 2.9826823 2.9617812 2.9666189 3.1377162 2.9617812 2.9654323 2.9645548 2.9655580 2.9636364 3.1295835 
MF599468_Decapodiridovirus_litopenaeus1_n/a              2.3605299 2.3609633 2.3604516 2.2369303 2.3604018 2.3572276 2.1617921 2.3572442 2.3604516 2.3617637 2.3318974 2.2993465 2.3668311 2.2981989 2.3625686 2.3572276 1.9743789 2.5793975 0.0000000 2.3571518 2.3567840 2.3604516 2.3602463 2.3602463 2.3978859 2.3611240 2.3616589 2.3781065 1.9720058 2.3606478 2.3606478 2.3789114 2.3573318 2.3613847 2.3545891 2.3561027 2.3589141 2.3595869 2.3604018 2.3602752 2.3616589 2.3616314 2.3616314 2.3571691 2.3606804 2.3598280 2.3614122 2.3601906 2.3626150 2.1977816 2.3614042 2.3584121 2.3566928 2.3566928 2.3561027 2.3775127 2.3573318 2.3606661 2.3605717 2.3589488 2.3615883 2.3600716 2.3547408 2.3032694 2.3597752 2.3598662 2.3613168 2.3545853 2.3548975 2.4738396 
MG570131_Megalocytivirus_pagrus1_TRBIV                   0.0435829 0.0436958 0.0425505 2.7717284 0.0432309 0.0420871 2.0837447 0.0422078 0.0425505 0.0228206 2.6917226 2.8109620 0.0443616 2.5578754 0.0429881 0.0420871 2.1095612 2.9394197 2.3571518 0.0000000 0.0009628 0.0426633 0.0427783 0.0427783 1.0715682 0.0434682 0.0415648 1.0511366 2.1223630 0.0434634 0.0434634 1.0511878 0.0421992 0.0434602 0.0424180 0.0403416 0.0433501 0.0433348 0.0432309 0.0434657 0.0415648 0.0433471 0.0433471 0.0413935 0.0438152 0.0436869 0.0434724 0.0433392 0.0434625 2.0888324 0.0410729 0.0401310 0.0403450 0.0402332 0.0403416 1.0509688 0.0421992 0.0433378 0.0410820 0.0423606 0.0420211 0.0434851 0.0416156 0.0443542 0.0433665 0.0437006 0.0438255 0.0428796 0.0427881 0.4175031 
MG570132_Megalocytivirus_pagrus1_TRBIV                   0.0437010 0.0438139 0.0425558 2.7717399 0.0433489 0.0423190 2.0842245 0.0424397 0.0425558 0.0227126 2.6897555 2.8068391 0.0445948 2.5553070 0.0431060 0.0423190 2.1091961 2.9403553 2.3567840 0.0009628 0.0000000 0.0426687 0.0427837 0.0427837 1.0707013 0.0435863 0.0416825 1.0504798 2.1225864 0.0435815 0.0435815 1.0505310 0.0424311 0.0435782 0.0425358 0.0403467 0.0434681 0.0434528 0.0433489 0.0435838 0.0416825 0.0434651 0.0434651 0.0416251 0.0439333 0.0438050 0.0435905 0.0434572 0.0435806 2.0896787 0.0410781 0.0403621 0.0403501 0.0402383 0.0403467 1.0503121 0.0424311 0.0434558 0.0410872 0.0423660 0.0421389 0.0436033 0.0416208 0.0445059 0.0434845 0.0438188 0.0439437 0.0429974 0.0429060 0.4173738 
MK098185_Megalocytivirus_pagrus1_RSIV                    0.0352879 0.0353997 0.0001066 2.7756374 0.0351665 0.0104307 2.0841137 0.0105407 0.0001066 0.0415025 2.6662086 2.8217014 0.0124132 2.5413462 0.0334696 0.0104307 2.1001947 2.9681387 2.3604516 0.0426633 0.0426687 0.0000000 0.0001066 0.0001066 1.0736217 0.0355109 0.0348237 1.0427127 2.1074727 0.0353953 0.0353953 1.0427633 0.0105385 0.0353927 0.0343440 0.0084888 0.0352833 0.0353948 0.0351665 0.0351729 0.0348237 0.0352808 0.0352808 0.0098905 0.0358560 0.0357409 0.0355176 0.0353983 0.0353946 2.0795887 0.0098981 0.0117505 0.0087060 0.0085983 0.0084888 1.0425452 0.0105385 0.0355055 0.0101197 0.0054689 0.0352725 0.0354134 0.0028857 0.0364614 0.0352971 0.0355116 0.0356152 0.0358079 0.0357145 0.4185742 
MK098186_Megalocytivirus_pagrus1_RSIV                    0.0354015 0.0355132 0.0002133 2.7764422 0.0352800 0.0105392 2.0849506 0.0106492 0.0002133 0.0416175 2.6660879 2.8215714 0.0125223 2.5412237 0.0335828 0.0105392 2.1010173 2.9681387 2.3602463 0.0427783 0.0427837 0.0001066 0.0000000 0.0000010 1.0740204 0.0356244 0.0349371 1.0430930 2.1082973 0.0355089 0.0355089 1.0431437 0.0106470 0.0355062 0.0344572 0.0085970 0.0353968 0.0355083 0.0352800 0.0352864 0.0349371 0.0353943 0.0353943 0.0099989 0.0359697 0.0358545 0.0356311 0.0355119 0.0355081 2.0804015 0.0100066 0.0118594 0.0088143 0.0087065 0.0085970 1.0429255 0.0106470 0.0356190 0.0102283 0.0055767 0.0353860 0.0355270 0.0029928 0.0366071 0.0354106 0.0356252 0.0357287 0.0359214 0.0358280 0.4187765 
MK098187_Megalocytivirus_pagrus1_RSIV                    0.0354015 0.0355132 0.0002133 2.7764422 0.0352800 0.0105392 2.0849506 0.0106492 0.0002133 0.0416175 2.6660879 2.8215714 0.0125223 2.5412237 0.0335828 0.0105392 2.1010173 2.9681387 2.3602463 0.0427783 0.0427837 0.0001066 0.0000010 0.0000000 1.0740204 0.0356244 0.0349371 1.0430930 2.1082973 0.0355089 0.0355089 1.0431437 0.0106470 0.0355062 0.0344572 0.0085970 0.0353968 0.0355083 0.0352800 0.0352864 0.0349371 0.0353943 0.0353943 0.0099989 0.0359697 0.0358545 0.0356311 0.0355119 0.0355081 2.0804015 0.0100066 0.0118594 0.0088143 0.0087065 0.0085970 1.0429255 0.0106470 0.0356190 0.0102283 0.0055767 0.0353860 0.0355270 0.0029928 0.0366071 0.0354106 0.0356252 0.0357287 0.0359214 0.0358280 0.4187765 
MK637631_European_chub_iridovirus_ECIV                   1.0670674 1.0673441 1.0736145 2.9301328 1.0662341 1.0728743 2.2146842 1.0729057 1.0736145 1.0771289 2.8951245 2.9884020 1.0786433 2.7873081 1.0659216 1.0728743 2.1599249 3.2412166 2.3978859 1.0715682 1.0707013 1.0736217 1.0740204 1.0740204 0.0000000 1.0666811 1.0664982 0.5076904 2.1768860 1.0665458 1.0665458 0.5077077 1.0728217 1.0661076 1.0669972 1.0735442 1.0665624 1.0664955 1.0662341 1.0669453 1.0664982 1.0666845 1.0666845 1.0734909 1.0675740 1.0670261 1.0670022 1.0665072 1.0663487 2.2674806 1.0726149 1.0738949 1.0738764 1.0736488 1.0735442 0.5072629 1.0728217 1.0658645 1.0732477 1.0739906 1.0674694 1.0669933 1.0730014 1.0605873 1.0668753 1.0664591 1.0664745 1.0665637 1.0674733 1.1078501 
MK689685_Megalocytivirus_pagrus1_ISKNV                   0.0006418 0.0007488 0.0353991 2.7657910 0.0003208 0.0351878 2.0732535 0.0353061 0.0353991 0.0425343 2.6897561 2.8071833 0.0372911 2.5550636 0.0025703 0.0351878 2.1017152 2.9627184 2.3611240 0.0434682 0.0435863 0.0355109 0.0356244 0.0356244 1.0666811 0.0000000 0.0066821 1.0465211 2.1143626 0.0005347 0.0005347 1.0465720 0.0352990 0.0005347 0.0051555 0.0365485 0.0004278 0.0005347 0.0003208 0.0005348 0.0066821 0.0004277 0.0004277 0.0342756 0.0009631 0.0008560 0.0006419 0.0005348 0.0005347 2.0727631 0.0361318 0.0357728 0.0367790 0.0366676 0.0365485 1.0463533 0.0352990 0.0006417 0.0363634 0.0360730 0.0062473 0.0005351 0.0360440 0.0012335 0.0004280 0.0007489 0.0009629 0.0039711 0.0040810 0.4136504 
MN432490_Megalocytivirus_pagrus1_ISKNV                   0.0066824 0.0067904 0.0347120 2.7685668 0.0063564 0.0340475 2.0762250 0.0341655 0.0347120 0.0399445 2.6891392 2.8066547 0.0362770 2.5550799 0.0086325 0.0340475 2.1053387 2.9862455 2.3616589 0.0415648 0.0416825 0.0348237 0.0349371 0.0349371 1.0664982 0.0066821 0.0000000 1.0456273 2.1138809 0.0065734 0.0065734 1.0456781 0.0341585 0.0065729 0.0039707 0.0356388 0.0064653 0.0065733 0.0063564 0.0065737 0.0000010 0.0064648 0.0064648 0.0331374 0.0070082 0.0068995 0.0066833 0.0065739 0.0065732 2.0745294 0.0351095 0.0342049 0.0358688 0.0357576 0.0356388 1.0453148 0.0341585 0.0066811 0.0352402 0.0348357 0.0010694 0.0065771 0.0351302 0.0063447 0.0064682 0.0067912 0.0070070 0.0033259 0.0032203 0.4135747 
MN562489_Megalocytivirus_lates1_SDDV                     1.0466659 1.0469333 1.0427364 2.9039290 1.0461101 1.0442517 2.2071609 1.0442824 1.0427364 1.0567088 2.8171513 2.9429841 1.0513707 2.7250198 1.0449614 1.0442517 2.1571841 3.1634622 2.3781065 1.0511366 1.0504798 1.0427127 1.0430930 1.0430930 0.5076904 1.0465211 1.0456273 0.0000000 2.1490740 1.0467700 1.0467700 0.0001094 1.0441989 1.0463648 1.0456239 1.0418986 1.0464232 1.0467241 1.0461101 1.0466964 1.0456273 1.0465428 1.0465428 1.0453411 1.0468814 1.0475112 1.0461917 1.0467361 1.0461591 2.2204717 1.0442084 1.0443099 1.0426530 1.0428724 1.0418986 0.0002188 1.0441989 1.0459083 1.0443844 1.0454923 1.0461733 1.0462598 1.0434643 1.0485313 1.0460431 1.0461248 1.0468100 1.0451680 1.0452786 1.0752279 
MN803438_Lymphocystivirus_micropogonias1_n/a             2.1140474 2.1140474 2.1074727 2.6982389 2.1133384 2.1151489 1.7048151 2.1151693 2.1074727 2.1226024 2.8114997 2.7289991 2.1247194 2.7146288 2.1159741 2.1151489 0.1587479 3.1832039 1.9720058 2.1223630 2.1225864 2.1074727 2.1082973 2.1082973 2.1768860 2.1143626 2.1138809 2.1490740 0.0000000 2.1136741 2.1136741 2.1493369 2.1152311 2.1128449 2.1129793 2.1042470 2.1142137 2.1139743 2.1133384 2.1138615 2.1138809 2.1134043 2.1134043 2.1137707 2.1134438 2.1154473 2.1131126 2.1142808 2.1149158 1.7356542 2.1076417 2.1187120 2.1044988 2.1042965 2.1042470 2.1488458 2.1152311 2.1139814 2.1078790 2.1108812 2.1125997 2.1150630 2.1061335 2.0967260 2.1147061 2.1143356 2.1134692 2.1099677 2.1115673 2.2316059 
MT128666_Megalocytivirus_pagrus1_ISKNV                   0.0005348 0.0006417 0.0352836 2.7643545 0.0002138 0.0350723 2.0722482 0.0351906 0.0352836 0.0424166 2.6892352 2.8051661 0.0371750 2.5554752 0.0024628 0.0350723 2.1017099 2.9633603 2.3606478 0.0434634 0.0435815 0.0353953 0.0355089 0.0355089 1.0665458 0.0005347 0.0065734 1.0467700 2.1136741 0.0000000 0.0000010 1.0468210 0.0351835 0.0004277 0.0050474 0.0364327 0.0003208 0.0004277 0.0002138 0.0004278 0.0065734 0.0003208 0.0003208 0.0341604 0.0008559 0.0007488 0.0005348 0.0004278 0.0004277 2.0714907 0.0360160 0.0356571 0.0366631 0.0365518 0.0364327 1.0466022 0.0351835 0.0005347 0.0362475 0.0359573 0.0061387 0.0004280 0.0359285 0.0010962 0.0003209 0.0006418 0.0008558 0.0038622 0.0039720 0.4138661 
MT128667_Megalocytivirus_pagrus1_ISKNV                   0.0005348 0.0006417 0.0352836 2.7643545 0.0002138 0.0350723 2.0722482 0.0351906 0.0352836 0.0424166 2.6892352 2.8051661 0.0371750 2.5554752 0.0024628 0.0350723 2.1017099 2.9633603 2.3606478 0.0434634 0.0435815 0.0353953 0.0355089 0.0355089 1.0665458 0.0005347 0.0065734 1.0467700 2.1136741 0.0000010 0.0000000 1.0468210 0.0351835 0.0004277 0.0050474 0.0364327 0.0003208 0.0004277 0.0002138 0.0004278 0.0065734 0.0003208 0.0003208 0.0341604 0.0008559 0.0007488 0.0005348 0.0004278 0.0004277 2.0714907 0.0360160 0.0356571 0.0366631 0.0365518 0.0364327 1.0466022 0.0351835 0.0005347 0.0362475 0.0359573 0.0061387 0.0004280 0.0359285 0.0010962 0.0003209 0.0006418 0.0008558 0.0038622 0.0039720 0.4138661 
MT521409_Megalocytivirus_lates1_SDDV                     1.0467169 1.0469843 1.0427870 2.9046937 1.0461611 1.0443024 2.2079478 1.0443331 1.0427870 1.0569352 2.8182365 2.9434298 1.0514220 2.7253269 1.0450122 1.0443024 2.1572075 3.1634622 2.3789114 1.0511878 1.0505310 1.0427633 1.0431437 1.0431437 0.5077077 1.0465720 1.0456781 0.0001094 2.1493369 1.0468210 1.0468210 0.0000000 1.0442496 1.0464158 1.0456748 1.0419492 1.0464741 1.0467751 1.0461611 1.0467474 1.0456781 1.0465938 1.0465938 1.0453919 1.0469324 1.0475623 1.0462426 1.0467871 1.0462100 2.2212439 1.0442592 1.0443607 1.0427036 1.0429231 1.0419492 0.0003282 1.0442496 1.0459592 1.0444352 1.0455431 1.0462242 1.0463108 1.0435150 1.0485968 1.0460940 1.0461758 1.0468610 1.0452188 1.0453294 1.0752735 
MT798582_Megalocytivirus_pagrus1_RSIV                    0.0350761 0.0351878 0.0104306 2.7746810 0.0349547 0.0001066 2.0761919 0.0002133 0.0104306 0.0406815 2.6688471 2.8201770 0.0019265 2.5432751 0.0325800 0.0001066 2.1094044 2.9697365 2.3573318 0.0421992 0.0424311 0.0105385 0.0106470 0.0106470 1.0728217 0.0352990 0.0341585 1.0441989 2.1152311 0.0351835 0.0351835 1.0442496 0.0000000 0.0351808 0.0336771 0.0119568 0.0350714 0.0351829 0.0349547 0.0349610 0.0341585 0.0350690 0.0350690 0.0012804 0.0356440 0.0355289 0.0353056 0.0351864 0.0351827 2.0745023 0.0070842 0.0016037 0.0119578 0.0118497 0.0119568 1.0438870 0.0000010 0.0352936 0.0070876 0.0054668 0.0346070 0.0352015 0.0115112 0.0360262 0.0350851 0.0352997 0.0356375 0.0353646 0.0352711 0.4198180 
MT926123_Megalocytivirus_pagrus1_ISKNV                   0.0005347 0.0006417 0.0352809 2.7641808 0.0002138 0.0350697 2.0736595 0.0351880 0.0352809 0.0424135 2.6893456 2.8040737 0.0371722 2.5555883 0.0024626 0.0350697 2.1011376 2.9642888 2.3613847 0.0434602 0.0435782 0.0353927 0.0355062 0.0355062 1.0661076 0.0005347 0.0065729 1.0463648 2.1128449 0.0004277 0.0004277 1.0464158 0.0351808 0.0000000 0.0050470 0.0364300 0.0003208 0.0004277 0.0002138 0.0004277 0.0065729 0.0003207 0.0003207 0.0341578 0.0008559 0.0007488 0.0005348 0.0004277 0.0004277 2.0722715 0.0360133 0.0356544 0.0366604 0.0365490 0.0364300 1.0461970 0.0351808 0.0005346 0.0362448 0.0359547 0.0061382 0.0004280 0.0359258 0.0010961 0.0003209 0.0006418 0.0008557 0.0038619 0.0039717 0.4135237 
MT986830_Megalocytivirus_pagrus1_ISKNV                   0.0051557 0.0052634 0.0342324 2.7655590 0.0048315 0.0335662 2.0709662 0.0336840 0.0342324 0.0409143 2.6809851 2.8067369 0.0356598 2.5487907 0.0070975 0.0335662 2.1038934 2.9670545 2.3545891 0.0424180 0.0425358 0.0343440 0.0344572 0.0344572 1.0669972 0.0051555 0.0039707 1.0456239 2.1129793 0.0050474 0.0050474 1.0456748 0.0336771 0.0050470 0.0000000 0.0351519 0.0049397 0.0050473 0.0048315 0.0050477 0.0039707 0.0049394 0.0049394 0.0328817 0.0054799 0.0053718 0.0051565 0.0050478 0.0050473 2.0736667 0.0346230 0.0337228 0.0353816 0.0352705 0.0351519 1.0453114 0.0336771 0.0051548 0.0347533 0.0343532 0.0033245 0.0050502 0.0346504 0.0059190 0.0049420 0.0052639 0.0054790 0.0016036 0.0014975 0.4148464 
MW139932_Megalocytivirus_pagrus1_RSIV                    0.0363253 0.0364372 0.0083810 2.7706192 0.0362035 0.0118487 2.0820376 0.0119592 0.0083810 0.0364381 2.6666551 2.8186185 0.0138397 2.5409532 0.0340512 0.0118487 2.0999210 2.9517896 2.3561027 0.0403416 0.0403467 0.0084888 0.0085970 0.0085970 1.0735442 0.0365485 0.0356388 1.0418986 2.1042470 0.0364327 0.0364327 1.0419492 0.0119568 0.0364300 0.0351519 0.0000000 0.0363205 0.0364321 0.0362035 0.0362100 0.0356388 0.0363180 0.0363180 0.0119591 0.0368944 0.0367790 0.0365554 0.0364358 0.0364320 2.0763902 0.0048164 0.0131743 0.0002133 0.0003199 0.0000010 1.0417310 0.0119568 0.0365430 0.0050336 0.0107728 0.0360882 0.0364513 0.0072977 0.0373978 0.0363346 0.0365493 0.0368877 0.0366178 0.0365246 0.4187100 
MW273353_Megalocytivirus_pagrus1_ISKNV                   0.0004278 0.0005348 0.0351715 2.7655331 0.0001069 0.0349603 2.0722385 0.0350785 0.0351715 0.0423032 2.6897534 2.8042975 0.0370625 2.5537054 0.0023556 0.0349603 2.1015432 2.9637008 2.3589141 0.0433501 0.0434681 0.0352833 0.0353968 0.0353968 1.0665624 0.0004278 0.0064653 1.0464232 2.1142137 0.0003208 0.0003208 1.0464741 0.0350714 0.0003208 0.0049397 0.0363205 0.0000000 0.0003208 0.0001069 0.0003208 0.0064653 0.0002138 0.0002138 0.0340485 0.0007489 0.0006418 0.0004279 0.0003208 0.0003208 2.0729310 0.0359037 0.0355449 0.0365508 0.0364395 0.0363205 1.0462553 0.0350714 0.0004277 0.0361352 0.0358452 0.0060306 0.0003210 0.0358164 0.0009591 0.0002139 0.0005348 0.0007488 0.0037547 0.0038644 0.4134970 
MW273354_Megalocytivirus_pagrus1_ISKNV                   0.0005348 0.0006417 0.0352830 2.7640297 0.0002138 0.0350717 2.0726819 0.0351900 0.0352830 0.0422883 2.6904307 2.8051512 0.0371744 2.5557787 0.0024628 0.0350717 2.1014331 2.9616104 2.3595869 0.0433348 0.0434528 0.0353948 0.0355083 0.0355083 1.0664955 0.0005347 0.0065733 1.0467241 2.1139743 0.0004277 0.0004277 1.0467751 0.0351829 0.0004277 0.0050473 0.0364321 0.0003208 0.0000000 0.0002138 0.0004277 0.0065733 0.0003208 0.0003208 0.0341598 0.0008559 0.0005347 0.0005348 0.0002138 0.0004277 2.0730513 0.0360154 0.0356565 0.0366625 0.0365512 0.0364321 1.0465563 0.0351829 0.0005347 0.0362469 0.0359568 0.0061385 0.0004280 0.0359279 0.0010962 0.0003209 0.0006418 0.0008558 0.0038621 0.0039719 0.4137140 
MW883593_Megalocytivirus_pagrus1_ISKNV                   0.0003208 0.0004277 0.0350548 2.7641909 0.0000010 0.0348436 2.0728745 0.0349618 0.0350548 0.0421841 2.6890809 2.8053208 0.0369451 2.5553330 0.0022481 0.0348436 2.1013737 2.9637008 2.3604018 0.0432309 0.0433489 0.0351665 0.0352800 0.0352800 1.0662341 0.0003208 0.0063564 1.0461101 2.1133384 0.0002138 0.0002138 1.0461611 0.0349547 0.0002138 0.0048315 0.0362035 0.0001069 0.0002138 0.0000000 0.0002138 0.0063564 0.0001069 0.0001069 0.0339321 0.0006418 0.0005348 0.0003208 0.0002138 0.0002138 2.0720773 0.0357867 0.0354280 0.0364337 0.0363224 0.0362035 1.0459423 0.0349547 0.0003207 0.0360181 0.0357283 0.0059219 0.0002139 0.0356996 0.0008219 0.0001070 0.0004278 0.0006417 0.0036468 0.0037564 0.4134620 
MW883594_Megalocytivirus_pagrus1_ISKNV                   0.0001069 0.0002138 0.0350611 2.7651540 0.0002138 0.0348499 2.0730036 0.0349681 0.0350611 0.0424189 2.6893426 2.8065382 0.0369517 2.5562880 0.0024629 0.0348499 2.1018953 2.9640198 2.3602752 0.0434657 0.0435838 0.0351729 0.0352864 0.0352864 1.0669453 0.0005348 0.0065737 1.0466964 2.1138615 0.0004278 0.0004278 1.0467474 0.0349610 0.0004277 0.0050477 0.0362100 0.0003208 0.0004277 0.0002138 0.0000000 0.0065737 0.0003208 0.0003208 0.0339382 0.0006416 0.0007489 0.0005349 0.0004278 0.0004277 2.0726459 0.0357931 0.0354344 0.0364403 0.0363290 0.0362100 1.0465286 0.0349610 0.0005347 0.0360246 0.0357348 0.0061390 0.0004280 0.0357061 0.0009589 0.0003210 0.0006419 0.0008558 0.0038624 0.0039722 0.4135352 
MW883595_Megalocytivirus_pagrus1_ISKNV                   0.0066824 0.0067904 0.0347120 2.7685668 0.0063564 0.0340475 2.0762250 0.0341655 0.0347120 0.0399445 2.6891392 2.8066547 0.0362770 2.5550799 0.0086325 0.0340475 2.1053387 2.9862455 2.3616589 0.0415648 0.0416825 0.0348237 0.0349371 0.0349371 1.0664982 0.0066821 0.0000010 1.0456273 2.1138809 0.0065734 0.0065734 1.0456781 0.0341585 0.0065729 0.0039707 0.0356388 0.0064653 0.0065733 0.0063564 0.0065737 0.0000000 0.0064648 0.0064648 0.0331374 0.0070082 0.0068995 0.0066833 0.0065739 0.0065732 2.0745294 0.0351095 0.0342049 0.0358688 0.0357576 0.0356388 1.0453148 0.0341585 0.0066811 0.0352402 0.0348357 0.0010694 0.0065771 0.0351302 0.0063447 0.0064682 0.0067912 0.0070070 0.0033259 0.0032203 0.4135747 
MW883596_Megalocytivirus_pagrus1_ISKNV                   0.0004278 0.0005347 0.0351691 2.7655769 0.0001069 0.0349578 2.0738480 0.0350761 0.0351691 0.0423003 2.6904338 2.8067874 0.0370599 2.5566687 0.0023554 0.0349578 2.1014387 2.9637008 2.3616314 0.0433471 0.0434651 0.0352808 0.0353943 0.0353943 1.0666845 0.0004277 0.0064648 1.0465428 2.1134043 0.0003208 0.0003208 1.0465938 0.0350690 0.0003207 0.0049394 0.0363180 0.0002138 0.0003208 0.0001069 0.0003208 0.0064648 0.0000000 0.0000010 0.0340461 0.0007489 0.0006418 0.0004278 0.0003208 0.0003208 2.0725254 0.0359012 0.0355424 0.0365483 0.0364370 0.0363180 1.0463750 0.0350690 0.0004277 0.0361327 0.0358427 0.0060302 0.0003209 0.0358140 0.0009590 0.0002139 0.0005348 0.0007487 0.0037545 0.0038642 0.4136747 
MW883597_Megalocytivirus_pagrus1_ISKNV                   0.0004278 0.0005347 0.0351691 2.7655769 0.0001069 0.0349578 2.0738480 0.0350761 0.0351691 0.0423003 2.6904338 2.8067874 0.0370599 2.5566687 0.0023554 0.0349578 2.1014387 2.9637008 2.3616314 0.0433471 0.0434651 0.0352808 0.0353943 0.0353943 1.0666845 0.0004277 0.0064648 1.0465428 2.1134043 0.0003208 0.0003208 1.0465938 0.0350690 0.0003207 0.0049394 0.0363180 0.0002138 0.0003208 0.0001069 0.0003208 0.0064648 0.0000010 0.0000000 0.0340461 0.0007489 0.0006418 0.0004278 0.0003208 0.0003208 2.0725254 0.0359012 0.0355424 0.0365483 0.0364370 0.0363180 1.0463750 0.0350690 0.0004277 0.0361327 0.0358427 0.0060302 0.0003209 0.0358140 0.0009590 0.0002139 0.0005348 0.0007487 0.0037545 0.0038642 0.4136747 
MW883598_Megalocytivirus_pagrus1_RSIV                    0.0340530 0.0341646 0.0097826 2.7758078 0.0339321 0.0011736 2.0756183 0.0012806 0.0097826 0.0397735 2.6709376 2.8209622 0.0032137 2.5429482 0.0315612 0.0011736 2.1077792 2.9718025 2.3571691 0.0413935 0.0416251 0.0098905 0.0099989 0.0099989 1.0734909 0.0342756 0.0331374 1.0453411 2.1137707 0.0341604 0.0341604 1.0453919 0.0012804 0.0341578 0.0328817 0.0119591 0.0340485 0.0341598 0.0339321 0.0339382 0.0331374 0.0340461 0.0340461 0.0000000 0.0346200 0.0345051 0.0342821 0.0341633 0.0341597 2.0743443 0.0075173 0.0026749 0.0119601 0.0118521 0.0119591 1.0450290 0.0012804 0.0342704 0.0075209 0.0054676 0.0335853 0.0341779 0.0108626 0.0348766 0.0340619 0.0342764 0.0346137 0.0343425 0.0342487 0.4195854 
MW883599_Megalocytivirus_pagrus1_ISKNV                   0.0007487 0.0008557 0.0357442 2.7658821 0.0006418 0.0355328 2.0720557 0.0356513 0.0357442 0.0428854 2.6892015 2.8059847 0.0376380 2.5555717 0.0028927 0.0355328 2.1017342 2.9644916 2.3606804 0.0438152 0.0439333 0.0358560 0.0359697 0.0359697 1.0675740 0.0009631 0.0070082 1.0468814 2.1134438 0.0008559 0.0008559 1.0469324 0.0356440 0.0008559 0.0054799 0.0368944 0.0007489 0.0008559 0.0006418 0.0006416 0.0070082 0.0007489 0.0007489 0.0346200 0.0000000 0.0011774 0.0005347 0.0008560 0.0008559 2.0711002 0.0364777 0.0361183 0.0371251 0.0370137 0.0368944 1.0467136 0.0356440 0.0009629 0.0367096 0.0364185 0.0065730 0.0008564 0.0363893 0.0013703 0.0007493 0.0010703 0.0012844 0.0042948 0.0044049 0.4142066 
MW883600_Megalocytivirus_pagrus1_ISKNV                   0.0008560 0.0009630 0.0356291 2.7653749 0.0005348 0.0354177 2.0728181 0.0355361 0.0356291 0.0426403 2.6915682 2.8066563 0.0375223 2.5571486 0.0027852 0.0354177 2.1029005 2.9627896 2.3598280 0.0436869 0.0438050 0.0357409 0.0358545 0.0358545 1.0670261 0.0008560 0.0068995 1.0475112 2.1154473 0.0007488 0.0007488 1.0475623 0.0355289 0.0007488 0.0053718 0.0367790 0.0006418 0.0005347 0.0005348 0.0007489 0.0068995 0.0006418 0.0006418 0.0345051 0.0011774 0.0000000 0.0008561 0.0005348 0.0007488 2.0741886 0.0363623 0.0360030 0.0370096 0.0368982 0.0367790 1.0473434 0.0355289 0.0008558 0.0365941 0.0363032 0.0064644 0.0007493 0.0362741 0.0015081 0.0006421 0.0007489 0.0011772 0.0041868 0.0042969 0.4140295 
MW883601_Megalocytivirus_pagrus1_ISKNV                   0.0006419 0.0007490 0.0354058 2.7633848 0.0003208 0.0351944 2.0733980 0.0353128 0.0354058 0.0425424 2.6869651 2.8058021 0.0372981 2.5538602 0.0025707 0.0351944 2.1014900 2.9691549 2.3614122 0.0434724 0.0435905 0.0355176 0.0356311 0.0356311 1.0670022 0.0006419 0.0066833 1.0461917 2.1131126 0.0005348 0.0005348 1.0462426 0.0353056 0.0005348 0.0051565 0.0365554 0.0004279 0.0005348 0.0003208 0.0005349 0.0066833 0.0004278 0.0004278 0.0342821 0.0005347 0.0008561 0.0000000 0.0005349 0.0005348 2.0724466 0.0361386 0.0357795 0.0367859 0.0366745 0.0365554 1.0460239 0.0353056 0.0006418 0.0363703 0.0360798 0.0062484 0.0005352 0.0360508 0.0010963 0.0004281 0.0007490 0.0009631 0.0039718 0.0040817 0.4140647 
MW883602_Megalocytivirus_pagrus1_ISKNV                   0.0005348 0.0006418 0.0352866 2.7647079 0.0002138 0.0350753 2.0732698 0.0351936 0.0352866 0.0422925 2.6910251 2.8058686 0.0371781 2.5564337 0.0024630 0.0350753 2.1017391 2.9614139 2.3601906 0.0433392 0.0434572 0.0353983 0.0355119 0.0355119 1.0665072 0.0005348 0.0065739 1.0467361 2.1142808 0.0004278 0.0004278 1.0467871 0.0351864 0.0004277 0.0050478 0.0364358 0.0003208 0.0002138 0.0002138 0.0004278 0.0065739 0.0003208 0.0003208 0.0341633 0.0008560 0.0005348 0.0005349 0.0000000 0.0004278 2.0734125 0.0360190 0.0356601 0.0366662 0.0365549 0.0364358 1.0465683 0.0351864 0.0005347 0.0362506 0.0359604 0.0061392 0.0004280 0.0359315 0.0010963 0.0003210 0.0006419 0.0008559 0.0038625 0.0039723 0.4135823 
MW883603_Megalocytivirus_pagrus1_ISKNV                   0.0005348 0.0006417 0.0352828 2.7638128 0.0002138 0.0350716 2.0735110 0.0351899 0.0352828 0.0424158 2.6892152 2.8066310 0.0371742 2.5554656 0.0024628 0.0350716 2.1029447 2.9637008 2.3626150 0.0434625 0.0435806 0.0353946 0.0355081 0.0355081 1.0663487 0.0005347 0.0065732 1.0461591 2.1149158 0.0004277 0.0004277 1.0462100 0.0351827 0.0004277 0.0050473 0.0364320 0.0003208 0.0004277 0.0002138 0.0004277 0.0065732 0.0003208 0.0003208 0.0341597 0.0008559 0.0007488 0.0005348 0.0004278 0.0000000 2.0722485 0.0360152 0.0356563 0.0366624 0.0365510 0.0364320 1.0459913 0.0351827 0.0005347 0.0362468 0.0359566 0.0061385 0.0004280 0.0359277 0.0010962 0.0003209 0.0006418 0.0008558 0.0038621 0.0039719 0.4135687 
NC_005946_Ranavirus_rana1_n/a                            2.0729667 2.0729667 2.0795887 2.8596242 2.0720773 2.0742620 0.6143883 2.0742833 2.0795887 2.0867914 2.9090806 2.8984001 2.0778886 2.7853730 2.0724575 2.0742620 1.7380639 3.1705446 2.1977816 2.0888324 2.0896787 2.0795887 2.0804015 2.0804015 2.2674806 2.0727631 2.0745294 2.2204717 1.7356542 2.0714907 2.0714907 2.2212439 2.0745023 2.0722715 2.0736667 2.0763902 2.0729310 2.0730513 2.0720773 2.0726459 2.0745294 2.0725254 2.0725254 2.0743443 2.0711002 2.0741886 2.0724466 2.0734125 2.0722485 0.0000000 2.0745819 2.0763126 2.0771920 2.0769913 2.0763902 2.2202284 2.0745023 2.0724398 2.0746434 2.0764680 2.0728510 2.0723082 2.0778369 2.0277195 2.0724143 2.0731025 2.0725408 2.0700712 2.0714209 2.1498605 
OK042108_Megalocytivirus_pagrus1_RSIV                    0.0359085 0.0360204 0.0097901 2.7730561 0.0357867 0.0069767 2.0783055 0.0070856 0.0097901 0.0379368 2.6696982 2.8239185 0.0089427 2.5431349 0.0336337 0.0069767 2.1039708 2.9531712 2.3614042 0.0410729 0.0410781 0.0098981 0.0100066 0.0100066 1.0726149 0.0361318 0.0351095 1.0442084 2.1076417 0.0360160 0.0360160 1.0442592 0.0070842 0.0360133 0.0346230 0.0048164 0.0359037 0.0360154 0.0357867 0.0357931 0.0351095 0.0359012 0.0359012 0.0075173 0.0364777 0.0363623 0.0361386 0.0360190 0.0360152 2.0745819 0.0000000 0.0087190 0.0048168 0.0047096 0.0048164 1.0440409 0.0070842 0.0361263 0.0002134 0.0061200 0.0355591 0.0360344 0.0108710 0.0374142 0.0359177 0.0361326 0.0364710 0.0360892 0.0359958 0.4183209 
OK042109_Megalocytivirus_pagrus1_RSIV                    0.0355496 0.0356614 0.0116422 2.7722274 0.0354280 0.0017107 2.0767914 0.0018180 0.0116422 0.0387319 2.6790302 2.8163001 0.0035423 2.5534431 0.0330503 0.0017107 2.1112605 2.9697365 2.3584121 0.0401310 0.0403621 0.0117505 0.0118594 0.0118594 1.0738949 0.0357728 0.0342049 1.0443099 2.1187120 0.0356571 0.0356571 1.0443607 0.0016037 0.0356544 0.0337228 0.0131743 0.0355449 0.0356565 0.0354280 0.0354344 0.0342049 0.0355424 0.0355424 0.0026749 0.0361183 0.0360030 0.0357795 0.0356601 0.0356563 2.0763126 0.0087190 0.0000000 0.0131754 0.0130671 0.0131743 1.0441422 0.0016037 0.0357673 0.0087202 0.0070925 0.0346541 0.0356753 0.0127261 0.0366340 0.0355588 0.0357735 0.0361117 0.0354127 0.0353190 0.4194504 
