70
23043610003       0.0000000 0.0000931 0.0365657 2.9203524 0.0002795 0.0368619 2.2464506 0.0409086 0.0365657 0.0436307 2.8679427 2.9191597 0.0388388 2.7338431 0.0022398 0.0367693 2.2696849 2.9943643 2.5603430 0.0460413 0.0458558 0.0366645 0.0369733 0.0369733 0.0006525 0.0368619 0.0066769 1.1493555 2.2811759 0.0005592 0.0005592 1.1494017 0.0370626 0.0004659 0.0056229 0.0375768 0.0003727 0.0004659 0.0002795 0.0000931 0.0066769 0.0004659 0.0004659 0.0358520 0.0006523 0.0008391 0.0005593 0.0004660 0.0004659 2.2726867 0.0376074 0.0373896 0.0377810 0.0376827 0.0375768 1.1488297 0.0370626 0.0006523 0.0378136 0.0376474 0.0062966 0.0004662 0.0372108 0.0010370 0.0003729 0.0007458 0.0009323 0.0037416 0.0043078 0.4619358 
23043610005       0.0000931 0.0000000 0.0366645 2.9208052 0.0003727 0.0369607 2.2464506 0.0410084 0.0366645 0.0437318 2.8676447 2.9188499 0.0389380 2.7331430 0.0023333 0.0368689 2.2696849 2.9938142 2.5607421 0.0461415 0.0459560 0.0367633 0.0370722 0.0370722 0.0007457 0.0369607 0.0067713 1.1496027 2.2811759 0.0006525 0.0006525 1.1496489 0.0371614 0.0005591 0.0057169 0.0376757 0.0004659 0.0005591 0.0003727 0.0001863 0.0067713 0.0005591 0.0005591 0.0359507 0.0007455 0.0009324 0.0006526 0.0005592 0.0005591 2.2726867 0.0377064 0.0374885 0.0378799 0.0377817 0.0376757 1.1490769 0.0371614 0.0007455 0.0379126 0.0377462 0.0063909 0.0005595 0.0373096 0.0010370 0.0004662 0.0008391 0.0010256 0.0038353 0.0044017 0.4620957 
AB104413          0.0365657 0.0366645 0.0000000 2.9319293 0.0364559 0.0109046 2.2591292 0.0147050 0.0000010 0.0418920 2.8445737 2.9373693 0.0125510 2.7234084 0.0349532 0.0107079 2.2694901 3.0004564 2.5611928 0.0437117 0.0436160 0.0000930 0.0003721 0.0003721 0.0368621 0.0109046 0.0364609 1.1447393 2.2762272 0.0367646 0.0367646 1.1447852 0.0109029 0.0366561 0.0359182 0.0075018 0.0365600 0.0366588 0.0364559 0.0364630 0.0364609 0.0366582 0.0366582 0.0104322 0.0370691 0.0370671 0.0367696 0.0366621 0.0366583 2.2810116 0.0101549 0.0120648 0.0076915 0.0075975 0.0075018 1.1442147 0.0109029 0.0368547 0.0103493 0.0067482 0.0368575 0.0366778 0.0026103 0.0379364 0.0365744 0.0368630 0.0369558 0.0371195 0.0371453 0.4662836 
AF303741          2.9203524 2.9208052 2.9319293 0.0000000 2.9191590 2.9310366 2.9262722 2.9349425 2.9319293 2.9193897 1.8516304 0.6593983 2.9432358 1.8282327 2.9206418 2.9310366 2.8109492 2.2943492 2.3319506 2.9325897 2.9327827 2.9316385 2.9330253 2.9330253 2.9204233 2.9310366 2.9243663 3.1070470 2.7741334 2.9193137 2.9193137 3.1077688 2.9310891 2.9191496 2.9216265 2.9256324 2.9204049 2.9190109 2.9191590 2.9200377 2.9243663 2.9202096 2.9202096 2.9321244 2.9207034 2.9203840 2.9183986 2.9196378 2.9187968 2.9634236 2.9296704 2.9289149 2.9262613 2.9259823 2.9256324 3.1067321 2.9310891 2.9178904 2.9312812 2.9346699 2.9241322 2.9193647 2.9254342 2.8462212 2.9196237 2.9198726 2.9200500 2.9212446 2.9210692 3.0660555 
AF371960          0.0002795 0.0003727 0.0364559 2.9191590 0.0000000 0.0367520 2.2460857 0.0407966 0.0364559 0.0433136 2.8673928 2.9173259 0.0387279 2.7326005 0.0019589 0.0366586 2.2690201 2.9940503 2.5602166 0.0457260 0.0455406 0.0365547 0.0368633 0.0368633 0.0003726 0.0367520 0.0063917 1.1488413 2.2805091 0.0002795 0.0002795 1.1488874 0.0369526 0.0001863 0.0053392 0.0374666 0.0000931 0.0001863 0.0000010 0.0001863 0.0063917 0.0001863 0.0001863 0.0357426 0.0005592 0.0005592 0.0002795 0.0001863 0.0001863 2.2718184 0.0374972 0.0372795 0.0376707 0.0375725 0.0374666 1.1483157 0.0369526 0.0003726 0.0377032 0.0375372 0.0060117 0.0001864 0.0371009 0.0008064 0.0000932 0.0004659 0.0006523 0.0034593 0.0040249 0.4618360 
AP017456          0.0368619 0.0369607 0.0109046 2.9310366 0.0367520 0.0000000 2.2531047 0.0036594 0.0109046 0.0412511 2.8461899 2.9375435 0.0018676 2.7226027 0.0346486 0.0000010 2.2775159 3.0016107 2.5581313 0.0436990 0.0438040 0.0109992 0.0112047 0.0112047 0.0371583 0.0000010 0.0363561 1.1462657 2.2819766 0.0370608 0.0370608 1.1463116 0.0001859 0.0369523 0.0354181 0.0123407 0.0368562 0.0369549 0.0367520 0.0367592 0.0363561 0.0369544 0.0369544 0.0012099 0.0373654 0.0373634 0.0370658 0.0369583 0.0369545 2.2745850 0.0063692 0.0020525 0.0123418 0.0122472 0.0123407 1.1456002 0.0001859 0.0371509 0.0063721 0.0046751 0.0367524 0.0369741 0.0118510 0.0381603 0.0368707 0.0371593 0.0374602 0.0372105 0.0372363 0.4670786 
AY521625          2.2464506 2.2464506 2.2591292 2.9262722 2.2460857 2.2531047 0.0000000 2.2563670 2.2591292 2.2658262 2.9759944 2.9067810 2.2574451 2.9596654 2.2466148 2.2531047 1.7917219 3.2615107 2.3156297 2.2636076 2.2609379 2.2591292 2.2596872 2.2596872 2.2466365 2.2531047 2.2490987 2.4296006 1.8009375 2.2454938 2.2454938 2.4303681 2.2532407 2.2468356 2.2446738 2.2572175 2.2454727 2.2459004 2.2460857 2.2462117 2.2490987 2.2470213 2.2470213 2.2526960 2.2453050 2.2461093 2.2466037 2.2464669 2.2466999 0.6796392 2.2552856 2.2540383 2.2576323 2.2574372 2.2572175 2.4287588 2.2532407 2.2462840 2.2551523 2.2574125 2.2475934 2.2473027 2.2594504 2.2486031 2.2474089 2.2460421 2.2459799 2.2422884 2.2451374 2.3521834 
AY894343          0.0409086 0.0410084 0.0147050 2.9349425 0.0407966 0.0036594 2.2563670 0.0000000 0.0147050 0.0453920 2.8431840 2.9488928 0.0055609 2.7185738 0.0386682 0.0036898 2.2819420 3.0016107 2.5708945 0.0478238 0.0479303 0.0148006 0.0150127 0.0150127 0.0412081 0.0036594 0.0402951 1.1498072 2.2856320 0.0410020 0.0410020 1.1498533 0.0038478 0.0409992 0.0392557 0.0161617 0.0409023 0.0410021 0.0407966 0.0408045 0.0402951 0.0410014 0.0410014 0.0048851 0.0414182 0.0414159 0.0411153 0.0410058 0.0410016 2.2763499 0.0101151 0.0057457 0.0161631 0.0160676 0.0161617 1.1491394 0.0038478 0.0411999 0.0101198 0.0083991 0.0406956 0.0410230 0.0156618 0.0431901 0.0409180 0.0412091 0.0415137 0.0412562 0.0410963 0.4726671 
BD143114          0.0365657 0.0366645 0.0000010 2.9319293 0.0364559 0.0109046 2.2591292 0.0147050 0.0000000 0.0418920 2.8445737 2.9373693 0.0125510 2.7234084 0.0349532 0.0107079 2.2694901 3.0004564 2.5611928 0.0437117 0.0436160 0.0000930 0.0003721 0.0003721 0.0368621 0.0109046 0.0364609 1.1447393 2.2762272 0.0367646 0.0367646 1.1447852 0.0109029 0.0366561 0.0359182 0.0075018 0.0365600 0.0366588 0.0364559 0.0364630 0.0364609 0.0366582 0.0366582 0.0104322 0.0370691 0.0370671 0.0367696 0.0366621 0.0366583 2.2810116 0.0101549 0.0120648 0.0076915 0.0075975 0.0075018 1.1442147 0.0109029 0.0368547 0.0103493 0.0067482 0.0368575 0.0366778 0.0026103 0.0379364 0.0365744 0.0368630 0.0369558 0.0371195 0.0371453 0.4662836 
GQ273492          0.0436307 0.0437318 0.0418920 2.9193897 0.0433136 0.0412511 2.2658262 0.0453920 0.0418920 0.0000000 2.8725338 2.9249522 0.0432903 2.7333844 0.0429943 0.0410936 2.2847672 2.9884400 2.5649780 0.0229832 0.0227895 0.0419928 0.0423092 0.0423092 0.0437309 0.0412511 0.0414189 1.1550917 2.2925146 0.0436313 0.0436313 1.1552973 0.0413509 0.0435189 0.0424705 0.0372562 0.0434210 0.0434059 0.0433136 0.0435250 0.0414189 0.0435213 0.0435213 0.0405408 0.0439441 0.0438254 0.0436373 0.0434098 0.0435214 2.2829913 0.0388960 0.0390989 0.0372593 0.0371600 0.0372562 1.1545590 0.0413509 0.0437221 0.0390159 0.0418227 0.0418264 0.0435441 0.0402403 0.0446031 0.0434375 0.0438388 0.0439540 0.0425959 0.0425116 0.4632710 
HF920633          2.8679427 2.8676447 2.8445737 1.8516304 2.8673928 2.8461899 2.9759944 2.8431840 2.8445737 2.8725338 0.0000000 1.8539228 2.8548360 0.5230962 2.8633168 2.8461899 2.8567157 2.0431724 2.4119752 2.8703000 2.8652851 2.8445136 2.8440387 2.8440387 2.8675825 2.8461899 2.8680057 3.0377017 2.8460727 2.8675422 2.8675422 3.0387230 2.8462960 2.8676434 2.8604220 2.8455478 2.8680266 2.8686480 2.8673928 2.8676347 2.8680057 2.8684281 2.8684281 2.8482482 2.8675047 2.8698377 2.8654112 2.8692042 2.8675171 2.9933671 2.8471462 2.8560248 2.8461605 2.8465189 2.8455478 3.0361130 2.8462960 2.8661971 2.8499599 2.8451174 2.8665933 2.8671136 2.8458200 2.8038815 2.8666956 2.8694278 2.8678874 2.8608428 2.8603315 3.0301383 
HF920637          2.9191597 2.9188499 2.9373693 0.6593983 2.9173259 2.9375435 2.9067810 2.9488928 2.9373693 2.9249522 1.8539228 0.0000000 2.9507974 1.8516650 2.9216757 2.9375435 2.8296182 2.3919940 2.3988526 2.9259602 2.9212506 2.9370684 2.9376157 2.9376157 2.9185465 2.9375435 2.9191715 3.1376062 2.7817366 2.9171868 2.9171868 3.1380244 2.9376565 2.9162042 2.9189358 2.9354385 2.9164051 2.9171731 2.9173259 2.9184160 2.9191715 2.9185705 2.9185705 2.9383669 2.9179231 2.9186550 2.9177590 2.9178197 2.9184995 2.9936549 2.9410242 2.9341809 2.9360905 2.9359097 2.9354385 3.1372769 2.9376565 2.9173358 2.9411610 2.9371627 2.9192844 2.9175383 2.9308447 2.8575645 2.9178052 2.9193285 2.9191019 2.9194006 2.9183844 3.0931223 
KC244182          0.0388388 0.0389380 0.0125510 2.9432358 0.0387279 0.0018676 2.2574451 0.0055609 0.0125510 0.0432903 2.8548360 2.9507974 0.0000000 2.7222216 0.0366140 0.0018830 2.2862304 3.0236290 2.5670302 0.0456227 0.0457283 0.0126460 0.0128544 0.0128544 0.0391365 0.0018676 0.0384486 1.1528804 2.2913824 0.0390386 0.0390386 1.1529267 0.0016805 0.0389292 0.0373857 0.0139956 0.0388328 0.0389319 0.0387279 0.0387354 0.0384486 0.0389313 0.0389313 0.0030852 0.0393448 0.0393427 0.0390439 0.0389355 0.0389314 2.2781631 0.0079928 0.0035600 0.0139968 0.0139019 0.0139956 1.1522114 0.0016805 0.0391286 0.0079965 0.0064794 0.0388468 0.0389520 0.0135016 0.0384089 0.0388479 0.0391374 0.0394399 0.0391866 0.0392135 0.4706383 
KF938901          2.7338431 2.7331430 2.7234084 1.8282327 2.7326005 2.7226027 2.9596654 2.7185738 2.7234084 2.7333844 0.5230962 1.8516650 2.7222216 0.0000000 2.7279986 2.7226027 2.7621799 1.9748327 2.3960523 2.7377862 2.7310887 2.7232054 2.7227835 2.7227835 2.7321080 2.7226027 2.7286752 2.9464707 2.7418763 2.7327476 2.7327476 2.9467865 2.7227142 2.7328563 2.7259648 2.7206403 2.7309943 2.7330386 2.7326005 2.7335270 2.7286752 2.7337241 2.7337241 2.7223823 2.7328264 2.7345265 2.7311341 2.7336860 2.7327301 2.9018174 2.7215609 2.7330245 2.7206403 2.7210253 2.7206403 2.9471950 2.7227142 2.7318130 2.7246868 2.7238753 2.7278559 2.7323337 2.7209638 2.6957010 2.7318883 2.7353358 2.7331259 2.7258017 2.7260598 2.8786343 
KT781098          0.0022398 0.0023333 0.0349532 2.9206418 0.0019589 0.0346486 2.2466148 0.0386682 0.0349532 0.0429943 2.8633168 2.9216757 0.0366140 2.7279986 0.0000000 0.0345383 2.2715133 2.9940682 2.5622254 0.0455084 0.0453229 0.0350518 0.0353593 0.0353593 0.0023332 0.0346486 0.0083804 1.1477584 2.2830097 0.0022399 0.0022399 1.1478045 0.0348485 0.0021458 0.0073193 0.0355609 0.0020526 0.0021460 0.0019589 0.0021461 0.0083804 0.0021460 0.0021460 0.0336432 0.0025208 0.0025207 0.0022402 0.0021462 0.0021460 2.2722281 0.0355901 0.0351727 0.0357641 0.0356662 0.0355609 1.1472330 0.0348485 0.0023327 0.0357953 0.0356321 0.0079984 0.0021474 0.0355985 0.0025382 0.0020536 0.0024271 0.0026139 0.0054335 0.0060025 0.4625951 
KT804738          0.0367693 0.0368689 0.0107079 2.9310366 0.0366586 0.0000010 2.2531047 0.0036898 0.0107079 0.0410936 2.8461899 2.9375435 0.0018830 2.7226027 0.0345383 0.0000000 2.2775159 3.0016107 2.5567633 0.0434507 0.0435565 0.0108032 0.0110101 0.0110101 0.0370681 0.0000010 0.0361553 1.1430945 2.2819766 0.0369698 0.0369698 1.1431406 0.0001875 0.0368604 0.0357201 0.0121550 0.0367635 0.0368631 0.0366586 0.0366658 0.0361553 0.0368625 0.0368625 0.0012198 0.0372768 0.0372748 0.0369748 0.0368665 0.0368626 2.2745850 0.0064218 0.0015984 0.0121561 0.0120608 0.0121550 1.1428002 0.0001875 0.0370606 0.0064248 0.0047137 0.0365547 0.0368824 0.0116618 0.0380585 0.0367781 0.0370690 0.0373724 0.0371208 0.0371468 0.4653712 
KX643370          2.2696849 2.2696849 2.2694901 2.8109492 2.2690201 2.2775159 1.7917219 2.2819420 2.2694901 2.2847672 2.8567157 2.8296182 2.2862304 2.7621799 2.2715133 2.2775159 0.0000000 3.2392010 2.0537158 2.2829654 2.2787146 2.2694901 2.2700329 2.2700329 2.2695341 2.2775159 2.2729252 2.3553265 0.1611866 2.2693241 2.2693241 2.3553414 2.2779034 2.2687941 2.2712582 2.2687134 2.2691767 2.2690764 2.2690201 2.2695070 2.2729252 2.2690846 2.2690846 2.2754563 2.2693595 2.2705550 2.2691406 2.2693690 2.2705112 1.8463200 2.2722723 2.2796902 2.2687561 2.2685668 2.2687134 2.3548936 2.2779034 2.2694672 2.2724985 2.2741601 2.2709553 2.2706464 2.2717861 2.2862951 2.2703128 2.2700581 2.2692251 2.2687145 2.2700368 2.4110129 
LS484712          2.9943643 2.9938142 3.0004564 2.2943492 2.9940503 3.0016107 3.2615107 3.0016107 3.0004564 2.9884400 2.0431724 2.3919940 3.0236290 1.9748327 2.9940682 3.0016107 3.2392010 0.0000000 2.6737458 2.9712024 2.9722971 3.0000397 3.0000397 3.0000397 2.9941170 3.0016107 3.0159776 3.1825031 3.2172179 2.9937081 2.9937081 3.1825031 3.0016107 2.9946305 2.9973339 2.9842843 2.9940503 2.9920376 2.9940503 2.9943643 3.0159776 2.9940503 2.9940503 3.0036108 2.9948222 2.9931695 2.9993402 2.9918339 2.9940503 3.1876026 2.9856190 3.0016107 2.9842843 2.9838350 2.9842843 3.1825031 3.0016107 2.9943005 2.9856190 2.9982740 3.0125227 2.9921744 2.9934477 3.1637660 2.9921744 2.9957251 2.9948879 2.9958708 2.9939931 3.1538209 
MF599468          2.5603430 2.5607421 2.5611928 2.3319506 2.5602166 2.5581313 2.3156297 2.5708945 2.5611928 2.5649780 2.4119752 2.3988526 2.5670302 2.3960523 2.5622254 2.5567633 2.0537158 2.6737458 0.0000000 2.5647794 2.5605551 2.5611928 2.5608977 2.5608977 2.5605576 2.5581313 2.5617824 2.6204707 2.0555563 2.5604459 2.5604459 2.6212273 2.5582280 2.5611189 2.5547709 2.5567251 2.5588431 2.5594634 2.5602166 2.5601010 2.5617824 2.5613504 2.5613504 2.5581012 2.5604767 2.5598150 2.5611562 2.5600209 2.5622531 2.3737747 2.5620047 2.5597693 2.5572742 2.5572742 2.5567251 2.6191338 2.5582280 2.5604142 2.5612395 2.5597597 2.5610216 2.5598958 2.5575463 2.5606117 2.5596239 2.5598390 2.5621539 2.5549196 2.5559966 2.7063133 
MG570131          0.0460413 0.0461415 0.0437117 2.9325897 0.0457260 0.0436990 2.2636076 0.0478238 0.0437117 0.0229832 2.8703000 2.9259602 0.0456227 2.7377862 0.0455084 0.0434507 2.2829654 2.9712024 2.5647794 0.0000000 0.0009325 0.0438117 0.0441259 0.0441259 0.0460401 0.0436990 0.0444573 1.1535799 2.2947140 0.0460418 0.0460418 1.1536263 0.0436925 0.0459298 0.0452938 0.0415434 0.0458329 0.0458173 0.0457260 0.0459361 0.0444573 0.0459323 0.0459323 0.0430854 0.0462481 0.0462341 0.0459438 0.0458214 0.0459324 2.2892507 0.0424950 0.0417565 0.0415468 0.0414481 0.0415434 1.1530535 0.0436925 0.0459201 0.0425032 0.0439454 0.0448620 0.0459558 0.0429648 0.0473345 0.0458498 0.0462479 0.0463627 0.0455162 0.0454332 0.4656926 
MG570132          0.0458558 0.0459560 0.0436160 2.9327827 0.0455406 0.0438040 2.2609379 0.0479303 0.0436160 0.0227895 2.8652851 2.9212506 0.0457283 2.7310887 0.0453229 0.0435565 2.2787146 2.9722971 2.5605551 0.0009325 0.0000000 0.0437159 0.0440301 0.0440301 0.0458546 0.0438040 0.0442716 1.1511804 2.2911026 0.0458564 0.0458564 1.1512266 0.0437975 0.0457444 0.0451084 0.0414479 0.0456474 0.0456319 0.0455406 0.0457507 0.0442716 0.0457468 0.0457468 0.0431903 0.0460626 0.0460487 0.0457583 0.0456360 0.0457470 2.2860050 0.0423994 0.0418610 0.0414513 0.0413525 0.0414479 1.1506544 0.0437975 0.0457347 0.0424075 0.0438496 0.0446763 0.0457703 0.0427849 0.0471052 0.0456643 0.0460624 0.0461772 0.0453308 0.0452477 0.4650989 
MK098185          0.0366645 0.0367633 0.0000930 2.9316385 0.0365547 0.0109992 2.2591292 0.0148006 0.0000930 0.0419928 2.8445136 2.9370684 0.0126460 2.7232054 0.0350518 0.0108032 2.2694901 3.0000397 2.5611928 0.0438117 0.0437159 0.0000000 0.0002791 0.0002791 0.0369610 0.0109992 0.0365597 1.1447287 2.2762272 0.0368635 0.0368635 1.1447745 0.0109974 0.0367550 0.0360168 0.0075960 0.0366588 0.0367576 0.0365547 0.0365618 0.0365597 0.0367570 0.0367570 0.0105267 0.0371680 0.0371660 0.0368684 0.0367609 0.0367571 2.2810116 0.0102494 0.0121597 0.0077857 0.0076917 0.0075960 1.1442041 0.0109974 0.0369536 0.0104439 0.0066539 0.0369563 0.0367767 0.0025169 0.0380589 0.0366732 0.0369619 0.0370546 0.0372183 0.0372441 0.4661932 
MK098186          0.0369733 0.0370722 0.0003721 2.9330253 0.0368633 0.0112047 2.2596872 0.0150127 0.0003721 0.0423092 2.8440387 2.9376157 0.0128544 2.7227835 0.0353593 0.0110101 2.2700329 3.0000397 2.5608977 0.0441259 0.0440301 0.0002791 0.0000000 0.0000010 0.0372700 0.0112047 0.0368683 1.1447803 2.2767711 0.0371724 0.0371724 1.1448262 0.0112029 0.0370637 0.0363248 0.0078812 0.0369676 0.0370664 0.0368633 0.0368705 0.0368683 0.0370658 0.0370658 0.0107316 0.0374772 0.0374751 0.0371774 0.0370697 0.0370659 2.2816929 0.0104540 0.0123673 0.0080711 0.0079770 0.0078812 1.1442558 0.0112029 0.0372625 0.0106489 0.0068527 0.0372652 0.0370856 0.0027980 0.0384419 0.0369821 0.0372709 0.0373636 0.0375271 0.0375531 0.4664557 
MK098187          0.0369733 0.0370722 0.0003721 2.9330253 0.0368633 0.0112047 2.2596872 0.0150127 0.0003721 0.0423092 2.8440387 2.9376157 0.0128544 2.7227835 0.0353593 0.0110101 2.2700329 3.0000397 2.5608977 0.0441259 0.0440301 0.0002791 0.0000010 0.0000000 0.0372700 0.0112047 0.0368683 1.1447803 2.2767711 0.0371724 0.0371724 1.1448262 0.0112029 0.0370637 0.0363248 0.0078812 0.0369676 0.0370664 0.0368633 0.0368705 0.0368683 0.0370658 0.0370658 0.0107316 0.0374772 0.0374751 0.0371774 0.0370697 0.0370659 2.2816929 0.0104540 0.0123673 0.0080711 0.0079770 0.0078812 1.1442558 0.0112029 0.0372625 0.0106489 0.0068527 0.0372652 0.0370856 0.0027980 0.0384419 0.0369821 0.0372709 0.0373636 0.0375271 0.0375531 0.4664557 
MK689685          0.0006525 0.0007457 0.0368621 2.9204233 0.0003726 0.0371583 2.2466365 0.0412081 0.0368621 0.0437309 2.8675825 2.9185465 0.0391365 2.7321080 0.0023332 0.0370681 2.2695341 2.9941170 2.5605576 0.0460401 0.0458546 0.0369610 0.0372700 0.0372700 0.0000000 0.0371583 0.0067712 1.1491961 2.2816598 0.0006525 0.0006525 1.1492422 0.0373591 0.0005591 0.0057168 0.0378736 0.0004659 0.0005591 0.0003726 0.0005592 0.0067712 0.0005591 0.0005591 0.0361480 0.0009324 0.0009324 0.0006526 0.0005592 0.0005591 2.2717836 0.0379045 0.0376865 0.0380779 0.0379796 0.0378736 1.1486704 0.0373591 0.0007455 0.0381107 0.0379441 0.0063908 0.0005595 0.0375071 0.0012680 0.0004661 0.0008391 0.0010256 0.0038352 0.0044016 0.4621977 
MK689686          0.0368619 0.0369607 0.0109046 2.9310366 0.0367520 0.0000010 2.2531047 0.0036594 0.0109046 0.0412511 2.8461899 2.9375435 0.0018676 2.7226027 0.0346486 0.0000010 2.2775159 3.0016107 2.5581313 0.0436990 0.0438040 0.0109992 0.0112047 0.0112047 0.0371583 0.0000000 0.0363561 1.1462657 2.2819766 0.0370608 0.0370608 1.1463116 0.0001859 0.0369523 0.0354181 0.0123407 0.0368562 0.0369549 0.0367520 0.0367592 0.0363561 0.0369544 0.0369544 0.0012099 0.0373654 0.0373634 0.0370658 0.0369583 0.0369545 2.2745850 0.0063692 0.0020525 0.0123418 0.0122472 0.0123407 1.1456002 0.0001859 0.0371509 0.0063721 0.0046751 0.0367524 0.0369741 0.0118510 0.0381603 0.0368707 0.0371593 0.0374602 0.0372105 0.0372363 0.4670786 
MN432490          0.0066769 0.0067713 0.0364609 2.9243663 0.0063917 0.0363561 2.2490987 0.0402951 0.0364609 0.0414189 2.8680057 2.9191715 0.0384486 2.7286752 0.0083804 0.0361553 2.2729252 3.0159776 2.5617824 0.0444573 0.0442716 0.0365597 0.0368683 0.0368683 0.0067712 0.0363561 0.0000000 1.1477679 2.2811184 0.0066771 0.0066771 1.1478139 0.0365565 0.0065808 0.0041180 0.0372775 0.0064870 0.0065814 0.0063917 0.0065818 0.0000010 0.0065813 0.0065813 0.0353474 0.0069618 0.0069615 0.0066779 0.0065820 0.0065813 2.2731339 0.0372086 0.0365073 0.0374815 0.0373833 0.0372775 1.1471016 0.0365565 0.0067697 0.0373262 0.0370567 0.0009316 0.0065854 0.0369054 0.0065049 0.0064902 0.0068666 0.0070552 0.0034620 0.0030882 0.4614196 
MN562489          1.1493555 1.1496027 1.1447393 3.1070470 1.1488413 1.1462657 2.4296006 1.1498072 1.1447393 1.1550917 3.0377017 3.1376062 1.1528804 2.9464707 1.1477584 1.1430945 2.3553265 3.1825031 2.6204707 1.1535799 1.1511804 1.1447287 1.1447803 1.1447803 1.1491961 1.1462657 1.1477679 0.0000000 2.3410549 1.1499229 1.1499229 0.0000952 1.1461348 1.1490769 1.1474855 1.1438969 1.1491347 1.1494245 1.1488413 1.1493875 1.1477679 1.1495811 1.1495811 1.1476289 1.1495575 1.1502071 1.1488974 1.1494267 1.1488871 2.4536746 1.1461258 1.1467091 1.1446018 1.1448019 1.1438969 0.0002859 1.1461348 1.1483587 1.1463051 1.1474785 1.1482913 1.1489764 1.1466388 1.1708109 1.1487771 1.1489057 1.1499880 1.1476528 1.1474235 1.1922515 
MN803438          2.2811759 2.2811759 2.2762272 2.7741334 2.2805091 2.2819766 1.8009375 2.2856320 2.2762272 2.2925146 2.8460727 2.7817366 2.2913824 2.7418763 2.2830097 2.2819766 0.1611866 3.2172179 2.0555563 2.2947140 2.2911026 2.2762272 2.2767711 2.2767711 2.2816598 2.2819766 2.2811184 2.3410549 0.0000000 2.2808124 2.2808124 2.3413107 2.2823642 2.2800440 2.2799635 2.2733211 2.2813466 2.2811129 2.2805091 2.2809968 2.2811184 2.2805744 2.2805744 2.2800721 2.2806025 2.2825953 2.2803085 2.2814055 2.2820043 1.8427040 2.2747029 2.2856726 2.2735624 2.2733733 2.2733211 2.3408353 2.2823642 2.2806009 2.2749289 2.2779359 2.2799232 2.2821398 2.2768070 2.3013787 2.2818060 2.2815505 2.2811255 2.2773801 2.2786368 2.4247546 
MT128666          0.0005592 0.0006525 0.0367646 2.9193137 0.0002795 0.0370608 2.2454938 0.0410020 0.0367646 0.0436313 2.8675422 2.9171868 0.0390386 2.7327476 0.0022399 0.0369698 2.2693241 2.9937081 2.5604459 0.0460418 0.0458564 0.0368635 0.0371724 0.0371724 0.0006525 0.0370608 0.0066771 1.1499229 2.2808124 0.0000000 0.0000010 1.1499691 0.0372616 0.0004659 0.0056231 0.0377760 0.0003727 0.0004659 0.0002795 0.0004660 0.0066771 0.0004659 0.0004659 0.0360506 0.0008392 0.0008392 0.0005593 0.0004660 0.0004659 2.2712546 0.0378068 0.0375888 0.0379803 0.0378820 0.0377760 1.1493971 0.0372616 0.0006523 0.0380130 0.0378465 0.0062967 0.0004662 0.0374096 0.0011527 0.0003729 0.0007458 0.0009324 0.0037417 0.0043080 0.4622865 
MT128667          0.0005592 0.0006525 0.0367646 2.9193137 0.0002795 0.0370608 2.2454938 0.0410020 0.0367646 0.0436313 2.8675422 2.9171868 0.0390386 2.7327476 0.0022399 0.0369698 2.2693241 2.9937081 2.5604459 0.0460418 0.0458564 0.0368635 0.0371724 0.0371724 0.0006525 0.0370608 0.0066771 1.1499229 2.2808124 0.0000010 0.0000000 1.1499691 0.0372616 0.0004659 0.0056231 0.0377760 0.0003727 0.0004659 0.0002795 0.0004660 0.0066771 0.0004659 0.0004659 0.0360506 0.0008392 0.0008392 0.0005593 0.0004660 0.0004659 2.2712546 0.0378068 0.0375888 0.0379803 0.0378820 0.0377760 1.1493971 0.0372616 0.0006523 0.0380130 0.0378465 0.0062967 0.0004662 0.0374096 0.0011527 0.0003729 0.0007458 0.0009324 0.0037417 0.0043080 0.4622865 
MT521409          1.1494017 1.1496489 1.1447852 3.1077688 1.1488874 1.1463116 2.4303681 1.1498533 1.1447852 1.1552973 3.0387230 3.1380244 1.1529267 2.9467865 1.1478045 1.1431406 2.3553414 3.1825031 2.6212273 1.1536263 1.1512266 1.1447745 1.1448262 1.1448262 1.1492422 1.1463116 1.1478139 0.0000952 2.3413107 1.1499691 1.1499691 0.0000000 1.1461807 1.1491230 1.1475315 1.1439427 1.1491808 1.1494706 1.1488874 1.1494336 1.1478139 1.1496272 1.1496272 1.1476749 1.1496036 1.1502533 1.1489435 1.1494729 1.1489332 2.4544335 1.1461717 1.1467551 1.1446476 1.1448477 1.1439427 0.0003812 1.1461807 1.1484048 1.1463510 1.1475245 1.1483373 1.1490225 1.1466848 1.1708697 1.1488232 1.1489518 1.1500341 1.1476987 1.1474695 1.1922925 
MT798582          0.0370626 0.0371614 0.0109029 2.9310891 0.0369526 0.0001859 2.2532407 0.0038478 0.0109029 0.0413509 2.8462960 2.9376565 0.0016805 2.7227142 0.0348485 0.0001875 2.2779034 3.0016107 2.5582280 0.0436925 0.0437975 0.0109974 0.0112029 0.0112029 0.0373591 0.0001859 0.0365565 1.1461348 2.2823642 0.0372616 0.0372616 1.1461807 0.0000000 0.0371530 0.0356181 0.0123387 0.0370568 0.0371556 0.0369526 0.0369598 0.0365565 0.0371550 0.0371550 0.0013963 0.0375663 0.0375642 0.0372666 0.0371590 0.0371551 2.2748136 0.0063681 0.0018655 0.0123398 0.0122453 0.0123387 1.1454694 0.0000010 0.0373516 0.0063711 0.0048630 0.0369530 0.0371749 0.0118491 0.0384089 0.0370714 0.0373600 0.0376611 0.0374111 0.0374370 0.4672774 
MT926123          0.0004659 0.0005591 0.0366561 2.9191496 0.0001863 0.0369523 2.2468356 0.0409992 0.0366561 0.0435189 2.8676434 2.9162042 0.0389292 2.7328563 0.0021458 0.0368604 2.2687941 2.9946305 2.5611189 0.0459298 0.0457444 0.0367550 0.0370637 0.0370637 0.0005591 0.0369523 0.0065808 1.1490769 2.2800440 0.0004659 0.0004659 1.1491230 0.0371530 0.0000000 0.0055275 0.0376672 0.0002794 0.0003726 0.0001863 0.0003726 0.0065808 0.0003726 0.0003726 0.0359425 0.0007457 0.0007457 0.0004659 0.0003726 0.0003726 2.2720023 0.0376979 0.0374800 0.0378713 0.0377731 0.0376672 1.1485512 0.0371530 0.0005589 0.0379040 0.0377377 0.0062007 0.0003729 0.0373011 0.0010370 0.0002796 0.0006524 0.0008388 0.0036469 0.0042129 0.4619036 
MT986830          0.0056229 0.0057169 0.0359182 2.9216265 0.0053392 0.0354181 2.2446738 0.0392557 0.0359182 0.0424705 2.8604220 2.9189358 0.0373857 2.7259648 0.0073193 0.0357201 2.2712582 2.9973339 2.5547709 0.0452938 0.0451084 0.0360168 0.0363248 0.0363248 0.0057168 0.0354181 0.0041180 1.1474855 2.2799635 0.0056231 0.0056231 1.1475315 0.0356181 0.0055275 0.0000000 0.0367265 0.0054339 0.0055279 0.0053392 0.0055283 0.0041180 0.0055278 0.0055278 0.0346105 0.0059064 0.0059061 0.0056238 0.0055285 0.0055278 2.2728503 0.0362639 0.0361641 0.0369301 0.0368321 0.0367265 1.1468194 0.0356181 0.0057156 0.0363808 0.0361167 0.0035537 0.0055313 0.0363626 0.0064930 0.0054366 0.0058118 0.0059996 0.0022375 0.0016781 0.4624862 
MW139932          0.0375768 0.0376757 0.0075018 2.9256324 0.0374666 0.0123407 2.2572175 0.0161617 0.0075018 0.0372562 2.8455478 2.9354385 0.0139956 2.7206403 0.0355609 0.0121550 2.2687134 2.9842843 2.5567251 0.0415434 0.0414479 0.0075960 0.0078812 0.0078812 0.0378736 0.0123407 0.0372775 1.1438969 2.2733211 0.0377760 0.0377760 1.1439427 0.0123387 0.0376672 0.0367265 0.0000000 0.0375710 0.0376698 0.0374666 0.0374739 0.0372775 0.0376693 0.0376693 0.0124387 0.0380811 0.0380790 0.0377811 0.0376732 0.0376694 2.2778060 0.0058924 0.0135070 0.0001860 0.0002790 0.0000010 1.1433724 0.0123387 0.0378660 0.0060832 0.0113989 0.0376745 0.0376893 0.0065556 0.0388577 0.0375856 0.0378746 0.0381760 0.0379294 0.0379557 0.4662399 
MW273353          0.0003727 0.0004659 0.0365600 2.9204049 0.0000931 0.0368562 2.2454727 0.0409023 0.0365600 0.0434210 2.8680266 2.9164051 0.0388328 2.7309943 0.0020526 0.0367635 2.2691767 2.9940503 2.5588431 0.0458329 0.0456474 0.0366588 0.0369676 0.0369676 0.0004659 0.0368562 0.0064870 1.1491347 2.2813466 0.0003727 0.0003727 1.1491808 0.0370568 0.0002794 0.0054339 0.0375710 0.0000000 0.0002795 0.0000931 0.0002795 0.0064870 0.0002795 0.0002795 0.0358464 0.0006525 0.0006525 0.0003728 0.0002795 0.0002795 2.2726615 0.0376016 0.0373838 0.0377751 0.0376769 0.0375710 1.1486090 0.0370568 0.0004658 0.0378077 0.0376415 0.0061069 0.0002796 0.0372050 0.0009218 0.0001864 0.0005592 0.0007456 0.0035535 0.0041194 0.4618662 
MW273354          0.0004659 0.0005591 0.0366588 2.9190109 0.0001863 0.0369549 2.2459004 0.0410021 0.0366588 0.0434059 2.8686480 2.9171731 0.0389319 2.7330386 0.0021460 0.0368631 2.2690764 2.9920376 2.5594634 0.0458173 0.0456319 0.0367576 0.0370664 0.0370664 0.0005591 0.0369549 0.0065814 1.1494245 2.2811129 0.0004659 0.0004659 1.1494706 0.0371556 0.0003726 0.0055279 0.0376698 0.0002795 0.0000000 0.0001863 0.0003727 0.0065814 0.0003726 0.0003726 0.0359450 0.0007458 0.0005591 0.0004660 0.0001863 0.0003726 2.2727683 0.0377005 0.0374827 0.0378740 0.0377758 0.0376698 1.1488987 0.0371556 0.0005590 0.0379067 0.0377404 0.0062012 0.0003729 0.0373037 0.0010371 0.0002796 0.0006524 0.0008389 0.0036472 0.0042132 0.4620693 
MW883593          0.0002795 0.0003727 0.0364559 2.9191590 0.0000010 0.0367520 2.2460857 0.0407966 0.0364559 0.0433136 2.8673928 2.9173259 0.0387279 2.7326005 0.0019589 0.0366586 2.2690201 2.9940503 2.5602166 0.0457260 0.0455406 0.0365547 0.0368633 0.0368633 0.0003726 0.0367520 0.0063917 1.1488413 2.2805091 0.0002795 0.0002795 1.1488874 0.0369526 0.0001863 0.0053392 0.0374666 0.0000931 0.0001863 0.0000000 0.0001863 0.0063917 0.0001863 0.0001863 0.0357426 0.0005592 0.0005592 0.0002795 0.0001863 0.0001863 2.2718184 0.0374972 0.0372795 0.0376707 0.0375725 0.0374666 1.1483157 0.0369526 0.0003726 0.0377032 0.0375372 0.0060117 0.0001864 0.0371009 0.0008064 0.0000932 0.0004659 0.0006523 0.0034593 0.0040249 0.4618360 
MW883594          0.0000931 0.0001863 0.0364630 2.9200377 0.0001863 0.0367592 2.2462117 0.0408045 0.0364630 0.0435250 2.8676347 2.9184160 0.0387354 2.7335270 0.0021461 0.0366658 2.2695070 2.9943643 2.5601010 0.0459361 0.0457507 0.0365618 0.0368705 0.0368705 0.0005592 0.0367592 0.0065818 1.1493875 2.2809968 0.0004660 0.0004660 1.1494336 0.0369598 0.0003726 0.0055283 0.0374739 0.0002795 0.0003727 0.0001863 0.0000000 0.0065818 0.0003727 0.0003727 0.0357496 0.0005590 0.0007458 0.0004660 0.0003727 0.0003727 2.2723706 0.0375044 0.0372867 0.0376780 0.0375798 0.0374739 1.1488617 0.0369598 0.0005590 0.0377105 0.0375444 0.0062016 0.0003729 0.0371081 0.0009216 0.0002796 0.0006525 0.0008390 0.0036475 0.0042135 0.4618984 
MW883595          0.0066769 0.0067713 0.0364609 2.9243663 0.0063917 0.0363561 2.2490987 0.0402951 0.0364609 0.0414189 2.8680057 2.9191715 0.0384486 2.7286752 0.0083804 0.0361553 2.2729252 3.0159776 2.5617824 0.0444573 0.0442716 0.0365597 0.0368683 0.0368683 0.0067712 0.0363561 0.0000010 1.1477679 2.2811184 0.0066771 0.0066771 1.1478139 0.0365565 0.0065808 0.0041180 0.0372775 0.0064870 0.0065814 0.0063917 0.0065818 0.0000000 0.0065813 0.0065813 0.0353474 0.0069618 0.0069615 0.0066779 0.0065820 0.0065813 2.2731339 0.0372086 0.0365073 0.0374815 0.0373833 0.0372775 1.1471016 0.0365565 0.0067697 0.0373262 0.0370567 0.0009316 0.0065854 0.0369054 0.0065049 0.0064902 0.0068666 0.0070552 0.0034620 0.0030882 0.4614196 
MW883596          0.0004659 0.0005591 0.0366582 2.9202096 0.0001863 0.0369544 2.2470213 0.0410014 0.0366582 0.0435213 2.8684281 2.9185705 0.0389313 2.7337241 0.0021460 0.0368625 2.2690846 2.9940503 2.5613504 0.0459323 0.0457468 0.0367570 0.0370658 0.0370658 0.0005591 0.0369544 0.0065813 1.1495811 2.2805744 0.0004659 0.0004659 1.1496272 0.0371550 0.0003726 0.0055278 0.0376693 0.0002795 0.0003726 0.0001863 0.0003727 0.0065813 0.0000000 0.0000010 0.0359445 0.0007457 0.0007457 0.0004660 0.0003727 0.0003726 2.2722599 0.0377000 0.0374821 0.0378734 0.0377752 0.0376693 1.1490552 0.0371550 0.0005590 0.0379061 0.0377398 0.0062011 0.0003729 0.0373032 0.0010371 0.0002796 0.0006524 0.0008389 0.0036471 0.0042131 0.4622200 
MW883597          0.0004659 0.0005591 0.0366582 2.9202096 0.0001863 0.0369544 2.2470213 0.0410014 0.0366582 0.0435213 2.8684281 2.9185705 0.0389313 2.7337241 0.0021460 0.0368625 2.2690846 2.9940503 2.5613504 0.0459323 0.0457468 0.0367570 0.0370658 0.0370658 0.0005591 0.0369544 0.0065813 1.1495811 2.2805744 0.0004659 0.0004659 1.1496272 0.0371550 0.0003726 0.0055278 0.0376693 0.0002795 0.0003726 0.0001863 0.0003727 0.0065813 0.0000010 0.0000000 0.0359445 0.0007457 0.0007457 0.0004660 0.0003727 0.0003726 2.2722599 0.0377000 0.0374821 0.0378734 0.0377752 0.0376693 1.1490552 0.0371550 0.0005590 0.0379061 0.0377398 0.0062011 0.0003729 0.0373032 0.0010371 0.0002796 0.0006524 0.0008389 0.0036471 0.0042131 0.4622200 
MW883598          0.0358520 0.0359507 0.0104322 2.9321244 0.0357426 0.0012099 2.2526960 0.0048851 0.0104322 0.0405408 2.8482482 2.9383669 0.0030852 2.7223823 0.0336432 0.0012198 2.2754563 3.0036108 2.5581012 0.0430854 0.0431903 0.0105267 0.0107316 0.0107316 0.0361480 0.0012099 0.0353474 1.1476289 2.2800721 0.0360506 0.0360506 1.1476749 0.0013963 0.0359425 0.0346105 0.0124387 0.0358464 0.0359450 0.0357426 0.0357496 0.0353474 0.0359445 0.0359445 0.0000000 0.0363545 0.0363525 0.0360555 0.0359483 0.0359446 2.2746486 0.0068418 0.0030820 0.0124398 0.0123452 0.0124387 1.1469627 0.0013963 0.0361407 0.0068450 0.0049576 0.0357431 0.0359638 0.0113781 0.0370505 0.0358606 0.0361489 0.0364492 0.0362012 0.0362265 0.4671328 
MW883599          0.0006523 0.0007455 0.0370691 2.9207034 0.0005592 0.0373654 2.2453050 0.0414182 0.0370691 0.0439441 2.8675047 2.9179231 0.0393448 2.7328264 0.0025208 0.0372768 2.2693595 2.9948222 2.5604767 0.0462481 0.0460626 0.0371680 0.0374772 0.0374772 0.0009324 0.0373654 0.0069618 1.1495575 2.2806025 0.0008392 0.0008392 1.1496036 0.0375663 0.0007457 0.0059064 0.0380811 0.0006525 0.0007458 0.0005592 0.0005590 0.0069618 0.0007457 0.0007457 0.0363545 0.0000000 0.0011193 0.0004659 0.0007458 0.0007457 2.2708674 0.0381121 0.0378939 0.0382855 0.0381872 0.0380811 1.1490317 0.0375663 0.0009322 0.0383185 0.0381515 0.0065811 0.0007462 0.0377141 0.0012677 0.0006528 0.0010259 0.0012125 0.0040238 0.0045906 0.4625252 
MW883600          0.0008391 0.0009324 0.0370671 2.9203840 0.0005592 0.0373634 2.2461093 0.0414159 0.0370671 0.0438254 2.8698377 2.9186550 0.0393427 2.7345265 0.0025207 0.0372748 2.2705550 2.9931695 2.5598150 0.0462341 0.0460487 0.0371660 0.0374751 0.0374751 0.0009324 0.0373634 0.0069615 1.1502071 2.2825953 0.0008392 0.0008392 1.1502533 0.0375642 0.0007457 0.0059061 0.0380790 0.0006525 0.0005591 0.0005592 0.0007458 0.0069615 0.0007457 0.0007457 0.0363525 0.0011193 0.0000000 0.0008393 0.0005592 0.0007457 2.2739641 0.0381100 0.0378918 0.0382834 0.0381851 0.0380790 1.1496811 0.0375642 0.0009322 0.0383164 0.0381494 0.0065808 0.0007462 0.0377121 0.0014991 0.0006528 0.0006525 0.0012125 0.0040236 0.0045904 0.4622666 
MW883601          0.0005593 0.0006526 0.0367696 2.9183986 0.0002795 0.0370658 2.2466037 0.0411153 0.0367696 0.0436373 2.8654112 2.9177590 0.0390439 2.7311341 0.0022402 0.0369748 2.2691406 2.9993402 2.5611562 0.0459438 0.0457583 0.0368684 0.0371774 0.0371774 0.0006526 0.0370658 0.0066779 1.1488974 2.2803085 0.0005593 0.0005593 1.1489435 0.0372666 0.0004659 0.0056238 0.0377811 0.0003728 0.0004660 0.0002795 0.0004660 0.0066779 0.0004660 0.0004660 0.0360555 0.0004659 0.0008393 0.0000000 0.0004660 0.0004660 2.2721934 0.0378119 0.0375939 0.0379854 0.0378871 0.0377811 1.1483718 0.0372666 0.0006524 0.0380181 0.0378516 0.0062975 0.0004663 0.0374147 0.0010372 0.0003730 0.0007459 0.0009325 0.0037421 0.0043085 0.4623931 
MW883602          0.0004660 0.0005592 0.0366621 2.9196378 0.0001863 0.0369583 2.2464669 0.0410058 0.0366621 0.0434098 2.8692042 2.9178197 0.0389355 2.7336860 0.0021462 0.0368665 2.2693690 2.9918339 2.5600209 0.0458214 0.0456360 0.0367609 0.0370697 0.0370697 0.0005592 0.0369583 0.0065820 1.1494267 2.2814055 0.0004660 0.0004660 1.1494729 0.0371590 0.0003726 0.0055285 0.0376732 0.0002795 0.0001863 0.0001863 0.0003727 0.0065820 0.0003727 0.0003727 0.0359483 0.0007458 0.0005592 0.0004660 0.0000000 0.0003727 2.2731220 0.0377040 0.0374861 0.0378775 0.0377792 0.0376732 1.1489009 0.0371590 0.0005590 0.0379101 0.0377438 0.0062018 0.0003729 0.0373071 0.0010372 0.0002796 0.0006525 0.0008390 0.0036476 0.0042136 0.4619401 
MW883603          0.0004659 0.0005591 0.0366583 2.9187968 0.0001863 0.0369545 2.2466999 0.0410016 0.0366583 0.0435214 2.8675171 2.9184995 0.0389314 2.7327301 0.0021460 0.0368626 2.2705112 2.9940503 2.5622531 0.0459324 0.0457470 0.0367571 0.0370659 0.0370659 0.0005591 0.0369545 0.0065813 1.1488871 2.2820043 0.0004659 0.0004659 1.1489332 0.0371551 0.0003726 0.0055278 0.0376694 0.0002795 0.0003726 0.0001863 0.0003727 0.0065813 0.0003726 0.0003726 0.0359446 0.0007457 0.0007457 0.0004660 0.0003727 0.0000000 2.2719894 0.0377001 0.0374822 0.0378735 0.0377753 0.0376694 1.1483615 0.0371551 0.0005590 0.0379062 0.0377399 0.0062011 0.0003729 0.0373033 0.0010371 0.0002796 0.0006524 0.0008389 0.0036471 0.0042131 0.4619285 
NC_005946         2.2726867 2.2726867 2.2810116 2.9634236 2.2718184 2.2745850 0.6796392 2.2763499 2.2810116 2.2829913 2.9933671 2.9936549 2.2781631 2.9018174 2.2722281 2.2745850 1.8463200 3.1876026 2.3737747 2.2892507 2.2860050 2.2810116 2.2816929 2.2816929 2.2717836 2.2745850 2.2731339 2.4536746 1.8427040 2.2712546 2.2712546 2.4544335 2.2748136 2.2720023 2.2728503 2.2778060 2.2726615 2.2727683 2.2718184 2.2723706 2.2731339 2.2722599 2.2722599 2.2746486 2.2708674 2.2739641 2.2721934 2.2731220 2.2719894 0.0000000 2.2749077 2.2767540 2.2785838 2.2783924 2.2778060 2.4534464 2.2748136 2.2722499 2.2750560 2.2768345 2.2715135 2.2720407 2.2815376 2.2753716 2.2721461 2.2729181 2.2722556 2.2695899 2.2706894 2.3531696 
OK042108          0.0376074 0.0377064 0.0101549 2.9296704 0.0374972 0.0063692 2.2552856 0.0101151 0.0101549 0.0388960 2.8471462 2.9410242 0.0079928 2.7215609 0.0355901 0.0064218 2.2722723 2.9856190 2.5620047 0.0424950 0.0423994 0.0102494 0.0104540 0.0104540 0.0379045 0.0063692 0.0372086 1.1461258 2.2747029 0.0378068 0.0378068 1.1461717 0.0063681 0.0376979 0.0362639 0.0058924 0.0376016 0.0377005 0.0374972 0.0375044 0.0372086 0.0377000 0.0377000 0.0068418 0.0381121 0.0381100 0.0378119 0.0377040 0.0377001 2.2749077 0.0000000 0.0082688 0.0058929 0.0057992 0.0058924 1.1456009 0.0063681 0.0378968 0.0001861 0.0056215 0.0376059 0.0377200 0.0111011 0.0393632 0.0376163 0.0379054 0.0382071 0.0378610 0.0378872 0.4659541 
OK042109          0.0373896 0.0374885 0.0120648 2.9289149 0.0372795 0.0020525 2.2540383 0.0057457 0.0120648 0.0390989 2.8560248 2.9341809 0.0035600 2.7330245 0.0351727 0.0015984 2.2796902 3.0016107 2.5597693 0.0417565 0.0418610 0.0121597 0.0123673 0.0123673 0.0376865 0.0020525 0.0365073 1.1467091 2.2856726 0.0375888 0.0375888 1.1467551 0.0018655 0.0374800 0.0361641 0.0135070 0.0373838 0.0374827 0.0372795 0.0372867 0.0365073 0.0374821 0.0374821 0.0030820 0.0378939 0.0378918 0.0375939 0.0374861 0.0374822 2.2767540 0.0082688 0.0000000 0.0135083 0.0134134 0.0135070 1.1461838 0.0018655 0.0376789 0.0082702 0.0067540 0.0369042 0.0375021 0.0130143 0.0388151 0.0373984 0.0376874 0.0379888 0.0373629 0.0373888 0.4672950 
OL774653          0.0377810 0.0378799 0.0076915 2.9262613 0.0376707 0.0123418 2.2576323 0.0161631 0.0076915 0.0372593 2.8461605 2.9360905 0.0139968 2.7206403 0.0357641 0.0121561 2.2687561 2.9842843 2.5572742 0.0415468 0.0414513 0.0077857 0.0080711 0.0080711 0.0380779 0.0123418 0.0374815 1.1446018 2.2735624 0.0379803 0.0379803 1.1446476 0.0123398 0.0378713 0.0369301 0.0001860 0.0377751 0.0378740 0.0376707 0.0376780 0.0374815 0.0378734 0.0378734 0.0124398 0.0382855 0.0382834 0.0379854 0.0378775 0.0378735 2.2785838 0.0058929 0.0135083 0.0000000 0.0000930 0.0001860 1.1440771 0.0123398 0.0380703 0.0060837 0.0114000 0.0378787 0.0378936 0.0067447 0.0391111 0.0377899 0.0380789 0.0383804 0.0381335 0.0381599 0.4664754 
OL774654          0.0376827 0.0377817 0.0075975 2.9259823 0.0375725 0.0122472 2.2574372 0.0160676 0.0075975 0.0371600 2.8465189 2.9359097 0.0139019 2.7210253 0.0356662 0.0120608 2.2685668 2.9838350 2.5572742 0.0414481 0.0413525 0.0076917 0.0079770 0.0079770 0.0379796 0.0122472 0.0373833 1.1448019 2.2733733 0.0378820 0.0378820 1.1448477 0.0122453 0.0377731 0.0368321 0.0002790 0.0376769 0.0377758 0.0375725 0.0375798 0.0373833 0.0377752 0.0377752 0.0123452 0.0381872 0.0381851 0.0378871 0.0377792 0.0377753 2.2783924 0.0057992 0.0134134 0.0000930 0.0000000 0.0002790 1.1442771 0.0122453 0.0379720 0.0059900 0.0113055 0.0377805 0.0377953 0.0066509 0.0389893 0.0376916 0.0379806 0.0382821 0.0380354 0.0380617 0.4663247 
OL774655          0.0375768 0.0376757 0.0075018 2.9256324 0.0374666 0.0123407 2.2572175 0.0161617 0.0075018 0.0372562 2.8455478 2.9354385 0.0139956 2.7206403 0.0355609 0.0121550 2.2687134 2.9842843 2.5567251 0.0415434 0.0414479 0.0075960 0.0078812 0.0078812 0.0378736 0.0123407 0.0372775 1.1438969 2.2733211 0.0377760 0.0377760 1.1439427 0.0123387 0.0376672 0.0367265 0.0000010 0.0375710 0.0376698 0.0374666 0.0374739 0.0372775 0.0376693 0.0376693 0.0124387 0.0380811 0.0380790 0.0377811 0.0376732 0.0376694 2.2778060 0.0058924 0.0135070 0.0001860 0.0002790 0.0000000 1.1433724 0.0123387 0.0378660 0.0060832 0.0113989 0.0376745 0.0376893 0.0065556 0.0388577 0.0375856 0.0378746 0.0381760 0.0379294 0.0379557 0.4662399 
