70
23043610003_Megalocytivirus_pagrus1_ISKNV                0.0000000 0.0001006 0.0353585 2.8367988 0.0003020 0.0352664 2.1625089 0.0355936 0.0353585 0.0424689 2.7643586 2.8702926 0.0373799 2.6272966 0.0024201 0.0353738 2.1887597 3.0956832 2.4304194 0.0436857 0.0436898 0.0354646 0.0357954 0.0357954 0.0006042 0.0352664 0.0067056 1.0592723 2.2006963 0.0005034 0.0005034 1.0593175 0.0353718 0.0005033 0.0050587 0.0365557 0.0004028 0.0005034 0.0003020 0.0001006 0.0067056 0.0004027 0.0004027 0.0343995 0.0007048 0.0008058 0.0006043 0.0005034 0.0005034 2.1658102 0.0360556 0.0358239 0.0367747 0.0366692 0.0365557 1.0591114 0.0353718 0.0006041 0.0362763 0.0359980 0.0063991 0.0005037 0.0359678 0.0010150 0.0004029 0.0007050 0.0009065 0.0039425 0.0040464 0.4211952 
23043610005_Megalocytivirus_pagrus1_ISKNV                0.0001006 0.0000000 0.0354645 2.8372663 0.0004026 0.0353725 2.1625089 0.0356997 0.0354645 0.0425764 2.7640489 2.8699643 0.0374864 2.6266089 0.0025210 0.0354799 2.1887597 3.0951489 2.4308406 0.0437931 0.0437972 0.0355707 0.0359016 0.0359016 0.0007049 0.0353725 0.0068075 1.0595278 2.2006963 0.0006041 0.0006041 1.0595730 0.0354778 0.0006040 0.0051602 0.0366619 0.0005035 0.0006041 0.0004026 0.0002012 0.0068075 0.0005034 0.0005034 0.0345054 0.0008055 0.0009066 0.0007051 0.0006042 0.0006041 2.1658102 0.0361619 0.0359301 0.0368810 0.0367754 0.0366619 1.0593668 0.0354778 0.0007048 0.0363826 0.0361041 0.0065010 0.0006045 0.0360738 0.0010150 0.0005037 0.0008058 0.0010072 0.0040438 0.0041478 0.4213612 
AB104413_Megalocytivirus_pagrus1_RSIV                    0.0353585 0.0354645 0.0000000 2.8461787 0.0352415 0.0101376 2.1741992 0.0104459 0.0000010 0.0405180 2.7410077 2.8836904 0.0121150 2.6145379 0.0336295 0.0102398 2.1889152 3.0960279 2.4321248 0.0420513 0.0419484 0.0001004 0.0004018 0.0004018 0.0355692 0.0101376 0.0350284 1.0544566 2.1962882 0.0354589 0.0354589 1.0545015 0.0102392 0.0354563 0.0344573 0.0082023 0.0353590 0.0354589 0.0352415 0.0352486 0.0350284 0.0353502 0.0353502 0.0096279 0.0358984 0.0357885 0.0355769 0.0354623 0.0354585 2.1740001 0.0094307 0.0113843 0.0084072 0.0083057 0.0082023 1.0542959 0.0102392 0.0355634 0.0096397 0.0054563 0.0355724 0.0354783 0.0028185 0.0364222 0.0353675 0.0355699 0.0356670 0.0358474 0.0357611 0.4264283 
AF303741_Iridovirus_chilo1_n/a                           2.8367988 2.8372663 2.8461787 0.0000000 2.8355583 2.8454642 2.8198155 2.8462762 2.8461787 2.8297428 1.8353303 0.6187546 2.8588940 1.7843792 2.8370814 2.8463071 2.7374822 2.1665420 2.3151868 2.8412490 2.8412877 2.8458774 2.8472942 2.8472942 2.8370889 2.8454642 2.8405774 2.9981002 2.7013460 2.8357140 2.8357140 2.9988366 2.8455143 2.8355460 2.8376723 2.8411945 2.8375627 2.8354042 2.8355583 2.8364750 2.8405774 2.8368758 2.8368758 2.8465932 2.8371680 2.8366885 2.8347817 2.8360520 2.8351981 2.8431787 2.8430251 2.8431878 2.8418435 2.8415522 2.8411945 2.9977789 2.8455143 2.8349313 2.8446525 2.8482123 2.8411448 2.8357803 2.8415718 2.7310354 2.8360393 2.8361623 2.8356974 2.8369599 2.8370896 2.9820145 
AF371960_Megalocytivirus_pagrus1_ISKNV                   0.0003020 0.0004026 0.0352415 2.8355583 0.0000000 0.0351494 2.1621416 0.0354765 0.0352415 0.0421327 2.7637936 2.8683564 0.0372619 2.6260892 0.0021165 0.0352568 2.1880775 3.0953937 2.4302944 0.0433491 0.0433532 0.0353475 0.0356782 0.0356782 0.0003019 0.0351494 0.0063977 1.0587547 2.2000116 0.0002013 0.0002013 1.0587998 0.0352548 0.0002012 0.0047529 0.0364381 0.0001006 0.0002013 0.0000010 0.0002013 0.0063977 0.0001006 0.0001006 0.0342829 0.0006042 0.0005034 0.0003020 0.0002013 0.0002013 2.1649409 0.0359382 0.0357067 0.0366571 0.0365516 0.0364381 1.0585937 0.0352548 0.0003019 0.0361588 0.0358807 0.0060914 0.0002014 0.0358506 0.0007611 0.0001007 0.0004027 0.0006040 0.0036365 0.0037401 0.4210921 
AP017456_Megalocytivirus_pagrus1_RSIV                    0.0352664 0.0353725 0.0101376 2.8454642 0.0351494 0.0000000 2.1665023 0.0003012 0.0101376 0.0398498 2.7447869 2.8833098 0.0020167 2.6158136 0.0328935 0.0001004 2.1977049 3.0957776 2.4287410 0.0417225 0.0418349 0.0102395 0.0104593 0.0104593 0.0354772 0.0000010 0.0345063 1.0558390 2.2039071 0.0353669 0.0353669 1.0558840 0.0001004 0.0353642 0.0339331 0.0118861 0.0352669 0.0353668 0.0351494 0.0351565 0.0345063 0.0352582 0.0352582 0.0011052 0.0358063 0.0356964 0.0354848 0.0353703 0.0353664 2.1681874 0.0067770 0.0016111 0.0118872 0.0117853 0.0118861 1.0555435 0.0001004 0.0354713 0.0067803 0.0052519 0.0350498 0.0353862 0.0111573 0.0361517 0.0352754 0.0354779 0.0357979 0.0355358 0.0354494 0.4272272 
AY521625_Ranavirus_epinephelus1_n/a                      2.1625089 2.1625089 2.1741992 2.8198155 2.1621416 2.1665023 0.0000000 2.1661487 2.1741992 2.1798582 2.8730627 2.8255616 2.1711250 2.8263609 2.1626660 2.1667508 1.6680486 3.1682708 2.2143789 2.1725492 2.1725217 2.1741992 2.1747647 2.1747647 2.1625053 2.1665023 2.1656924 2.2887833 1.6788826 2.1615329 2.1615329 2.2895453 2.1666412 2.1629063 2.1602474 2.1725161 2.1610017 2.1619557 2.1621416 2.1622682 2.1656924 2.1630888 2.1630888 2.1660783 2.1613424 2.1620801 2.1626546 2.1625300 2.1627626 0.6198106 2.1683769 2.1672933 2.1729360 2.1727359 2.1725161 2.2879624 2.1666412 2.1623819 2.1681849 2.1704419 2.1650889 2.1633765 2.1732689 2.1393773 2.1634844 2.1620026 2.1620369 2.1584018 2.1607037 2.2541088 
AY894343_Megalocytivirus_pagrus1_RSIV                    0.0355936 0.0356997 0.0104459 2.8462762 0.0354765 0.0003012 2.1661487 0.0000000 0.0104459 0.0401809 2.7447869 2.8839502 0.0021181 2.6158136 0.0332190 0.0002008 2.1971064 3.0978412 2.4290779 0.0420544 0.0421669 0.0105479 0.0107682 0.0107682 0.0358045 0.0003012 0.0348329 1.0557863 2.2033076 0.0356941 0.0356941 1.0558312 0.0004017 0.0356914 0.0342591 0.0121958 0.0355941 0.0356940 0.0354765 0.0354836 0.0348329 0.0355853 0.0355853 0.0014072 0.0361339 0.0360239 0.0358122 0.0356975 0.0356936 2.1688438 0.0070833 0.0019140 0.0121969 0.0120949 0.0121958 1.0554908 0.0004017 0.0357986 0.0070868 0.0055571 0.0353768 0.0357135 0.0114663 0.0365645 0.0356027 0.0358052 0.0361254 0.0358627 0.0357764 0.4274505 
BD143114_Megalocytivirus_pagrus1_RSIV                    0.0353585 0.0354645 0.0000010 2.8461787 0.0352415 0.0101376 2.1741992 0.0104459 0.0000000 0.0405180 2.7410077 2.8836904 0.0121150 2.6145379 0.0336295 0.0102398 2.1889152 3.0960279 2.4321248 0.0420513 0.0419484 0.0001004 0.0004018 0.0004018 0.0355692 0.0101376 0.0350284 1.0544566 2.1962882 0.0354589 0.0354589 1.0545015 0.0102392 0.0354563 0.0344573 0.0082023 0.0353590 0.0354589 0.0352415 0.0352486 0.0350284 0.0353502 0.0353502 0.0096279 0.0358984 0.0357885 0.0355769 0.0354623 0.0354585 2.1740001 0.0094307 0.0113843 0.0084072 0.0083057 0.0082023 1.0542959 0.0102392 0.0355634 0.0096397 0.0054563 0.0355724 0.0354783 0.0028185 0.0364222 0.0353675 0.0355699 0.0356670 0.0358474 0.0357611 0.4264283 
GQ273492_Megalocytivirus_pagrus1_TRBIV                   0.0424689 0.0425764 0.0405180 2.8297428 0.0421327 0.0398498 2.1798582 0.0401809 0.0405180 0.0000000 2.7688182 2.8756666 0.0421215 2.6252992 0.0417940 0.0399583 2.1997785 3.0835121 2.4332726 0.0224750 0.0222683 0.0406252 0.0409608 0.0409608 0.0424663 0.0398498 0.0402359 1.0676938 2.2104312 0.0423539 0.0423539 1.0679043 0.0399560 0.0423508 0.0409249 0.0354906 0.0422539 0.0422311 0.0421327 0.0423569 0.0402359 0.0422433 0.0422433 0.0390946 0.0428016 0.0425667 0.0424756 0.0422352 0.0423533 2.1785426 0.0372375 0.0381008 0.0354938 0.0353882 0.0354906 1.0675327 0.0399560 0.0424594 0.0373639 0.0403425 0.0407906 0.0423764 0.0387641 0.0430980 0.0422633 0.0425804 0.0426989 0.0412605 0.0411754 0.4253933 
HF920633_Chloriridovirus_simulium1_n/a                   2.7643586 2.7640489 2.7410077 1.8353303 2.7637936 2.7447869 2.8730627 2.7447869 2.7410077 2.7688182 0.0000000 1.8229555 2.7536175 0.4784343 2.7595987 2.7447869 2.7891218 1.9452460 2.4061128 2.7648459 2.7629783 2.7409486 2.7404566 2.7404566 2.7644444 2.7447869 2.7649954 2.9121852 2.7848737 2.7639414 2.7639414 2.9132258 2.7448955 2.7640470 2.7567028 2.7426210 2.7641631 2.7650822 2.7637936 2.7640449 2.7649954 2.7650822 2.7650822 2.7468895 2.7639127 2.7661661 2.7617675 2.7656499 2.7639211 2.8878543 2.7452648 2.7546710 2.7432487 2.7436283 2.7426210 2.9105875 2.7448955 2.7628606 2.7480577 2.7430820 2.7648809 2.7635203 2.7408964 2.6654790 2.7630874 2.7657506 2.7635500 2.7572361 2.7566287 2.9185782 
HF920637_Iridovirus_armadillidium1_n/a                   2.8702926 2.8699643 2.8836904 0.6187546 2.8683564 2.8833098 2.8255616 2.8839502 2.8836904 2.8756666 1.8229555 0.0000000 2.8981724 1.8073135 2.8729475 2.8841976 2.7672983 2.2489480 2.3780886 2.8742740 2.8704027 2.8833741 2.8839428 2.8839428 2.8701316 2.8833098 2.8705126 3.0230449 2.7221429 2.8682084 2.8682084 3.0234694 2.8834282 2.8671772 2.8705414 2.8805832 2.8681583 2.8681952 2.8683564 2.8695107 2.8705126 2.8697416 2.8697416 2.8841652 2.8689834 2.8696158 2.8688107 2.8688760 2.8695976 2.8703865 2.8865594 2.8797549 2.8812676 2.8810764 2.8805832 3.0227080 2.8834282 2.8676819 2.8867041 2.8824771 2.8714882 2.8685874 2.8777857 2.7843072 2.8688628 2.8703228 2.8694093 2.8697243 2.8699557 3.0019005 
KC244182_Megalocytivirus_pagrus1_RSIV                    0.0373799 0.0374864 0.0121150 2.8588940 0.0372619 0.0020167 2.1711250 0.0021181 0.0121150 0.0421215 2.7536175 2.8981724 0.0000000 2.6264291 0.0349943 0.0019157 2.2063128 3.1196124 2.4381044 0.0440018 0.0441149 0.0122174 0.0124409 0.0124409 0.0375915 0.0020167 0.0367418 1.0624617 2.2132424 0.0374805 0.0374805 1.0625071 0.0019158 0.0374777 0.0360373 0.0138748 0.0373805 0.0374804 0.0372619 0.0372693 0.0367418 0.0373712 0.0373712 0.0031290 0.0379226 0.0378121 0.0375997 0.0374841 0.0374800 2.1723582 0.0087363 0.0034391 0.0138760 0.0137736 0.0138748 1.0621644 0.0019158 0.0375853 0.0087406 0.0072019 0.0372887 0.0375008 0.0131400 0.0364200 0.0373893 0.0375922 0.0379137 0.0376478 0.0375619 0.4307938 
KF938901_Chloriridovirus_anopheles1_n/a                  2.6272966 2.6266089 2.6145379 1.7843792 2.6260892 2.6158136 2.8263609 2.6158136 2.6145379 2.6252992 0.4784343 1.8073135 2.6264291 0.0000000 2.6228753 2.6158136 2.7052556 1.8983951 2.3784095 2.6266713 2.6243962 2.6143420 2.6139281 2.6139281 2.6258312 2.6158136 2.6272296 2.8204705 2.6975499 2.6262253 2.6262253 2.8207675 2.6159210 2.6263323 2.6197542 2.6140619 2.6251824 2.6265123 2.6260892 2.6269938 2.6272296 2.6273565 2.6273565 2.6156061 2.6263122 2.6278156 2.6246877 2.6271370 2.6262143 2.7666316 2.6152072 2.6256458 2.6140619 2.6144461 2.6140619 2.8212109 2.6159210 2.6252319 2.6181333 2.6152169 2.6261892 2.6258455 2.6098472 2.5439143 2.6254110 2.6286006 2.6258726 2.6197370 2.6198647 2.7836539 
KT781098_Megalocytivirus_pagrus1_ISKNV                   0.0024201 0.0025210 0.0336295 2.8370814 0.0021165 0.0328935 2.1626660 0.0332190 0.0336295 0.0417940 2.7595987 2.8729475 0.0349943 2.6228753 0.0000000 0.0330004 2.1906457 3.0954310 2.4324217 0.0431171 0.0431211 0.0337353 0.0340648 0.0340648 0.0024199 0.0328935 0.0085455 1.0576475 2.2025888 0.0023187 0.0023187 1.0576927 0.0329986 0.0023185 0.0068890 0.0343931 0.0022181 0.0023187 0.0021165 0.0023188 0.0085455 0.0022176 0.0022176 0.0320306 0.0027237 0.0026224 0.0024204 0.0023189 0.0023186 2.1653272 0.0338930 0.0334474 0.0346111 0.0345058 0.0343931 1.0574866 0.0329986 0.0024195 0.0341126 0.0338380 0.0082381 0.0023202 0.0342384 0.0026680 0.0022189 0.0025213 0.0027230 0.0057698 0.0058751 0.4218775 
KT804738_Megalocytivirus_pagrus1_RSIV                    0.0353738 0.0354799 0.0102398 2.8463071 0.0352568 0.0001004 2.1667508 0.0002008 0.0102398 0.0399583 2.7447869 2.8841976 0.0019157 2.6158136 0.0330004 0.0000000 2.1977049 3.0978412 2.4287410 0.0418312 0.0419436 0.0103417 0.0105617 0.0105617 0.0355846 0.0001004 0.0346135 1.0557047 2.2039071 0.0354743 0.0354743 1.0557496 0.0002008 0.0354716 0.0340402 0.0119887 0.0353743 0.0354742 0.0352568 0.0352639 0.0346135 0.0353655 0.0353655 0.0012058 0.0359138 0.0358039 0.0355923 0.0354777 0.0354738 2.1688006 0.0068787 0.0017120 0.0119898 0.0118879 0.0119887 1.0554092 0.0002008 0.0355787 0.0068821 0.0053533 0.0351572 0.0354936 0.0112597 0.0362871 0.0353828 0.0355853 0.0359053 0.0356431 0.0355567 0.4271829 
KX643370_Lymphocystivirus_sparus1_n/a                    2.1887597 2.1887597 2.1889152 2.7374822 2.1880775 2.1977049 1.6680486 2.1971064 2.1889152 2.1997785 2.7891218 2.7672983 2.2063128 2.7052556 2.1906457 2.1977049 0.0000000 3.1012311 2.0378489 2.1974900 2.1965208 2.1889152 2.1894724 2.1894724 2.1884079 2.1977049 2.1912494 2.2541952 0.1582219 2.1884029 2.1884029 2.2542159 2.1977852 2.1878465 2.1905827 2.1886637 2.1874390 2.1881350 2.1880775 2.1885795 2.1912494 2.1881413 2.1881413 2.1962120 2.1884194 2.1895606 2.1881895 2.1884365 2.1896048 1.7188454 2.1922901 2.1996043 2.1887021 2.1885056 2.1886637 2.2537511 2.1977852 2.1890664 2.1925208 2.1940303 2.1895070 2.1897505 2.1892772 2.1818392 2.1894047 2.1890462 2.1877741 2.1877684 2.1893238 2.3218938 
LS484712_Daphniairidovirus_daphnia1_n/a                  3.0956832 3.0951489 3.0960279 2.1665420 3.0953937 3.0957776 3.1682708 3.0978412 3.0960279 3.0835121 1.9452460 2.2489480 3.1196124 1.8983951 3.0954310 3.0978412 3.1012311 0.0000000 2.6752996 3.0679163 3.0688212 3.0956283 3.0956283 3.0956283 3.0944583 3.0957776 3.1180358 3.3064705 3.0792854 3.0950694 3.0950694 3.3064705 3.0957776 3.0959566 3.0986103 3.0799771 3.0935539 3.0934090 3.0953937 3.0956832 3.1180358 3.0953937 3.0953937 3.0977436 3.0961330 3.0945321 3.1006661 3.0932141 3.0953937 3.0804152 3.0813732 3.0957776 3.0799771 3.0795377 3.0799771 3.3064705 3.0957776 3.0956299 3.0813732 3.0938601 3.1195916 3.0935155 3.0941711 3.2892677 3.0935155 3.0970592 3.0962169 3.0971761 3.0952962 3.2481440 
MF599468_Decapodiridovirus_litopenaeus1_n/a              2.4304194 2.4308406 2.4321248 2.3151868 2.4302944 2.4287410 2.2143789 2.4290779 2.4321248 2.4332726 2.4061128 2.3780886 2.4381044 2.3784095 2.4324217 2.4287410 2.0378489 2.6752996 0.0000000 2.4287583 2.4277716 2.4321248 2.4318021 2.4318021 2.4310880 2.4287410 2.4323145 2.4528329 2.0372217 2.4305332 2.4305332 2.4536220 2.4288432 2.4312541 2.4246846 2.4278737 2.4288427 2.4295024 2.4302944 2.4301700 2.4323145 2.4314907 2.4314907 2.4286882 2.4305664 2.4297318 2.4312794 2.4300923 2.4324510 2.2560555 2.4328276 2.4298977 2.4284525 2.4284525 2.4278737 2.4522483 2.4288432 2.4305513 2.4320122 2.4304213 2.4315189 2.4299642 2.4265377 2.3854691 2.4296792 2.4297714 2.4315428 2.4246825 2.4249829 2.5539708 
MG570131_Megalocytivirus_pagrus1_TRBIV                   0.0436857 0.0437931 0.0420513 2.8412490 0.0433491 0.0417225 2.1725492 0.0420544 0.0420513 0.0224750 2.7648459 2.8742740 0.0440018 2.6266713 0.0431171 0.0418312 2.1974900 3.0679163 2.4287583 0.0000000 0.0010070 0.0421585 0.0424948 0.0424948 0.0435755 0.0417225 0.0418767 1.0621505 2.2101231 0.0435704 0.0435704 1.0621959 0.0418288 0.0435673 0.0425751 0.0397295 0.0434707 0.0434474 0.0433491 0.0435735 0.0418767 0.0434598 0.0434598 0.0410628 0.0439070 0.0437833 0.0435810 0.0434516 0.0435699 2.1798535 0.0406472 0.0398588 0.0397330 0.0396270 0.0397295 1.0619897 0.0418288 0.0434502 0.0406556 0.0418722 0.0424321 0.0435935 0.0411615 0.0443665 0.0434803 0.0437973 0.0439160 0.0430150 0.0429306 0.4245371 
MG570132_Megalocytivirus_pagrus1_TRBIV                   0.0436898 0.0437972 0.0419484 2.8412877 0.0433532 0.0418349 2.1725217 0.0421669 0.0419484 0.0222683 2.7629783 2.8704027 0.0441149 2.6243962 0.0431211 0.0419436 2.1965208 3.0688212 2.4277716 0.0010070 0.0000000 0.0420556 0.0423919 0.0423919 0.0435796 0.0418349 0.0418806 1.0615715 2.2097199 0.0435745 0.0435745 1.0616168 0.0419412 0.0435714 0.0425791 0.0396268 0.0434748 0.0434515 0.0433532 0.0435776 0.0418806 0.0434639 0.0434639 0.0411750 0.0439111 0.0437874 0.0435851 0.0434557 0.0435740 2.1801966 0.0405444 0.0399706 0.0396303 0.0395243 0.0396268 1.0614106 0.0419412 0.0434543 0.0405527 0.0417693 0.0424361 0.0435975 0.0410587 0.0443717 0.0434843 0.0438014 0.0439201 0.0430191 0.0429346 0.4246004 
MK098185_Megalocytivirus_pagrus1_RSIV                    0.0354646 0.0355707 0.0001004 2.8458774 0.0353475 0.0102395 2.1741992 0.0105479 0.0001004 0.0406252 2.7409486 2.8833741 0.0122174 2.6143420 0.0337353 0.0103417 2.1889152 3.0956283 2.4321248 0.0421585 0.0420556 0.0000000 0.0003013 0.0003013 0.0356754 0.0102395 0.0351344 1.0544489 2.1962882 0.0355650 0.0355650 1.0544937 0.0103411 0.0355624 0.0345631 0.0083040 0.0354651 0.0355650 0.0353475 0.0353547 0.0351344 0.0354563 0.0354563 0.0097297 0.0360046 0.0358947 0.0356831 0.0355684 0.0355646 2.1740001 0.0095326 0.0114865 0.0085089 0.0084074 0.0083040 1.0542881 0.0103411 0.0356695 0.0097417 0.0053548 0.0356786 0.0355844 0.0027176 0.0365561 0.0354736 0.0356761 0.0357731 0.0359535 0.0358672 0.4263359 
MK098186_Megalocytivirus_pagrus1_RSIV                    0.0357954 0.0359016 0.0004018 2.8472942 0.0356782 0.0104593 2.1747647 0.0107682 0.0004018 0.0409608 2.7404566 2.8839428 0.0124409 2.6139281 0.0340648 0.0105617 2.1894724 3.0956283 2.4318021 0.0424948 0.0423919 0.0003013 0.0000000 0.0000010 0.0360063 0.0104593 0.0354649 1.0545107 2.1968468 0.0358959 0.0358959 1.0545556 0.0105611 0.0358932 0.0348929 0.0086122 0.0357959 0.0358958 0.0356782 0.0356854 0.0354649 0.0357871 0.0357871 0.0099488 0.0363359 0.0362258 0.0360141 0.0358993 0.0358954 2.1746795 0.0097515 0.0117087 0.0088173 0.0087157 0.0086122 1.0543500 0.0105611 0.0360004 0.0099611 0.0055666 0.0360095 0.0359154 0.0030211 0.0369739 0.0358045 0.0360070 0.0361040 0.0362843 0.0361981 0.4266101 
MK098187_Megalocytivirus_pagrus1_RSIV                    0.0357954 0.0359016 0.0004018 2.8472942 0.0356782 0.0104593 2.1747647 0.0107682 0.0004018 0.0409608 2.7404566 2.8839428 0.0124409 2.6139281 0.0340648 0.0105617 2.1894724 3.0956283 2.4318021 0.0424948 0.0423919 0.0003013 0.0000010 0.0000000 0.0360063 0.0104593 0.0354649 1.0545107 2.1968468 0.0358959 0.0358959 1.0545556 0.0105611 0.0358932 0.0348929 0.0086122 0.0357959 0.0358958 0.0356782 0.0356854 0.0354649 0.0357871 0.0357871 0.0099488 0.0363359 0.0362258 0.0360141 0.0358993 0.0358954 2.1746795 0.0097515 0.0117087 0.0088173 0.0087157 0.0086122 1.0543500 0.0105611 0.0360004 0.0099611 0.0055666 0.0360095 0.0359154 0.0030211 0.0369739 0.0358045 0.0360070 0.0361040 0.0362843 0.0361981 0.4266101 
MK689685_Megalocytivirus_pagrus1_ISKNV                   0.0006042 0.0007049 0.0355692 2.8370889 0.0003019 0.0354772 2.1625053 0.0358045 0.0355692 0.0424663 2.7644444 2.8701316 0.0375915 2.6258312 0.0024199 0.0355846 2.1884079 3.0944583 2.4310880 0.0435755 0.0435796 0.0356754 0.0360063 0.0360063 0.0000000 0.0354772 0.0067052 1.0591494 2.2010049 0.0005034 0.0005034 1.0591946 0.0355825 0.0005033 0.0050584 0.0367667 0.0004027 0.0005034 0.0003019 0.0005034 0.0067052 0.0004026 0.0004026 0.0346100 0.0009066 0.0008058 0.0006043 0.0005034 0.0005034 2.1656044 0.0362667 0.0360349 0.0369858 0.0368803 0.0367667 1.0589885 0.0355825 0.0006040 0.0364875 0.0362089 0.0063987 0.0005037 0.0361785 0.0011422 0.0004029 0.0007050 0.0009064 0.0039423 0.0040462 0.4212780 
MK689686_Megalocytivirus_pagrus1_RSIV                    0.0352664 0.0353725 0.0101376 2.8454642 0.0351494 0.0000010 2.1665023 0.0003012 0.0101376 0.0398498 2.7447869 2.8833098 0.0020167 2.6158136 0.0328935 0.0001004 2.1977049 3.0957776 2.4287410 0.0417225 0.0418349 0.0102395 0.0104593 0.0104593 0.0354772 0.0000000 0.0345063 1.0558390 2.2039071 0.0353669 0.0353669 1.0558840 0.0001004 0.0353642 0.0339331 0.0118861 0.0352669 0.0353668 0.0351494 0.0351565 0.0345063 0.0352582 0.0352582 0.0011052 0.0358063 0.0356964 0.0354848 0.0353703 0.0353664 2.1681874 0.0067770 0.0016111 0.0118872 0.0117853 0.0118861 1.0555435 0.0001004 0.0354713 0.0067803 0.0052519 0.0350498 0.0353862 0.0111573 0.0361517 0.0352754 0.0354779 0.0357979 0.0355358 0.0354494 0.4272272 
MN432490_Megalocytivirus_pagrus1_ISKNV                   0.0067056 0.0068075 0.0350284 2.8405774 0.0063977 0.0345063 2.1656924 0.0348329 0.0350284 0.0402359 2.7649954 2.8705126 0.0367418 2.6272296 0.0085455 0.0346135 2.1912494 3.1180358 2.4323145 0.0418767 0.0418806 0.0351344 0.0354649 0.0354649 0.0067052 0.0345063 0.0000000 1.0578740 2.1999360 0.0066025 0.0066025 1.0579190 0.0346116 0.0066019 0.0039443 0.0361258 0.0065016 0.0066024 0.0063977 0.0066029 0.0000010 0.0065000 0.0065000 0.0336409 0.0070132 0.0069105 0.0067066 0.0066031 0.0066023 2.1673793 0.0354093 0.0346585 0.0363446 0.0362391 0.0361258 1.0575777 0.0346116 0.0067040 0.0355343 0.0351460 0.0011077 0.0066066 0.0354223 0.0063953 0.0065038 0.0068082 0.0070114 0.0033355 0.0032365 0.4209174 
MN562489_Megalocytivirus_lates1_SDDV                     1.0592723 1.0595278 1.0544566 2.9981002 1.0587547 1.0558390 2.2887833 1.0557863 1.0544566 1.0676938 2.9121852 3.0230449 1.0624617 2.8204705 1.0576475 1.0557047 2.2541952 3.3064705 2.4528329 1.0621505 1.0615715 1.0544489 1.0545107 1.0545107 1.0591494 1.0558390 1.0578740 0.0000000 2.2402197 1.0593855 1.0593855 0.0001030 1.0557847 1.0589985 1.0580043 1.0531672 1.0589244 1.0593404 1.0587547 1.0593060 1.0578740 1.0591650 1.0591650 1.0568744 1.0594872 1.0600928 1.0588114 1.0593460 1.0588000 2.3119506 1.0557532 1.0558629 1.0538863 1.0540970 1.0531672 0.0002061 1.0557847 1.0585632 1.0559034 1.0570155 1.0584530 1.0588957 1.0551755 1.0583112 1.0586894 1.0587657 1.0594192 1.0575870 1.0576915 1.0893051 
MN803438_Lymphocystivirus_micropogonias1_n/a             2.2006963 2.2006963 2.1962882 2.7013460 2.2000116 2.2039071 1.6788826 2.2033076 2.1962882 2.2104312 2.7848737 2.7221429 2.2132424 2.6975499 2.2025888 2.2039071 0.1582219 3.0792854 2.0372217 2.2101231 2.2097199 2.1962882 2.1968468 2.1968468 2.2010049 2.2039071 2.1999360 2.2402197 0.0000000 2.2003364 2.2003364 2.2404772 2.2039874 2.1995308 2.1997174 2.1930555 2.2000635 2.2006321 2.2000116 2.2005146 2.1999360 2.2000761 2.2000761 2.2025777 2.2001048 2.2020622 2.1997950 2.2009336 2.2015440 1.7170472 2.1961467 2.2073830 2.1933021 2.1931056 2.1930555 2.2399966 2.2039874 2.2006383 2.1963774 2.1992937 2.1989225 2.2016900 2.1949761 2.1975512 2.2013438 2.2009841 2.2001383 2.1967926 2.1983515 2.3303582 
MT128666_Megalocytivirus_pagrus1_ISKNV                   0.0005034 0.0006041 0.0354589 2.8357140 0.0002013 0.0353669 2.1615329 0.0356941 0.0354589 0.0423539 2.7639414 2.8682084 0.0374805 2.6262253 0.0023187 0.0354743 2.1884029 3.0950694 2.4305332 0.0435704 0.0435745 0.0355650 0.0358959 0.0358959 0.0005034 0.0353669 0.0066025 1.0593855 2.2003364 0.0000000 0.0000010 1.0594307 0.0354722 0.0004026 0.0049564 0.0366561 0.0003020 0.0004026 0.0002013 0.0004026 0.0066025 0.0003019 0.0003019 0.0344999 0.0008058 0.0007049 0.0005035 0.0004027 0.0004026 2.1643700 0.0361561 0.0359244 0.0368752 0.0367696 0.0366561 1.0592246 0.0354722 0.0005033 0.0363768 0.0360984 0.0062960 0.0004029 0.0360682 0.0010151 0.0003021 0.0006042 0.0008056 0.0038405 0.0039444 0.4214855 
MT128667_Megalocytivirus_pagrus1_ISKNV                   0.0005034 0.0006041 0.0354589 2.8357140 0.0002013 0.0353669 2.1615329 0.0356941 0.0354589 0.0423539 2.7639414 2.8682084 0.0374805 2.6262253 0.0023187 0.0354743 2.1884029 3.0950694 2.4305332 0.0435704 0.0435745 0.0355650 0.0358959 0.0358959 0.0005034 0.0353669 0.0066025 1.0593855 2.2003364 0.0000010 0.0000000 1.0594307 0.0354722 0.0004026 0.0049564 0.0366561 0.0003020 0.0004026 0.0002013 0.0004026 0.0066025 0.0003019 0.0003019 0.0344999 0.0008058 0.0007049 0.0005035 0.0004027 0.0004026 2.1643700 0.0361561 0.0359244 0.0368752 0.0367696 0.0366561 1.0592246 0.0354722 0.0005033 0.0363768 0.0360984 0.0062960 0.0004029 0.0360682 0.0010151 0.0003021 0.0006042 0.0008056 0.0038405 0.0039444 0.4214855 
MT521409_Megalocytivirus_lates1_SDDV                     1.0593175 1.0595730 1.0545015 2.9988366 1.0587998 1.0558840 2.2895453 1.0558312 1.0545015 1.0679043 2.9132258 3.0234694 1.0625071 2.8207675 1.0576927 1.0557496 2.2542159 3.3064705 2.4536220 1.0621959 1.0616168 1.0544937 1.0545556 1.0545556 1.0591946 1.0558840 1.0579190 0.0001030 2.2404772 1.0594307 1.0594307 0.0000000 1.0558297 1.0590437 1.0580494 1.0532120 1.0589696 1.0593856 1.0587998 1.0593512 1.0579190 1.0592102 1.0592102 1.0569194 1.0595324 1.0601381 1.0588566 1.0593912 1.0588452 2.3127018 1.0557982 1.0559079 1.0539312 1.0541418 1.0532120 0.0003092 1.0558297 1.0586084 1.0559484 1.0570605 1.0584982 1.0589409 1.0552204 1.0583681 1.0587345 1.0588109 1.0594644 1.0576320 1.0577365 1.0893451 
MT798582_Megalocytivirus_pagrus1_RSIV                    0.0353718 0.0354778 0.0102392 2.8455143 0.0352548 0.0001004 2.1666412 0.0004017 0.0102392 0.0399560 2.7448955 2.8834282 0.0019158 2.6159210 0.0329986 0.0002008 2.1977852 3.0957776 2.4288432 0.0418288 0.0419412 0.0103411 0.0105611 0.0105611 0.0355825 0.0001004 0.0346116 1.0557847 2.2039874 0.0354722 0.0354722 1.0558297 0.0000000 0.0354696 0.0340382 0.0119880 0.0353723 0.0354722 0.0352548 0.0352619 0.0346116 0.0353635 0.0353635 0.0012057 0.0359117 0.0358018 0.0355903 0.0354756 0.0354718 2.1684203 0.0068783 0.0015104 0.0119891 0.0118872 0.0119880 1.0554892 0.0000010 0.0355767 0.0068817 0.0053530 0.0351552 0.0354916 0.0112591 0.0362845 0.0353808 0.0355832 0.0359033 0.0356411 0.0355547 0.4273844 
MT926123_Megalocytivirus_pagrus1_ISKNV                   0.0005033 0.0006040 0.0354563 2.8355460 0.0002012 0.0353642 2.1629063 0.0356914 0.0354563 0.0423508 2.7640470 2.8671772 0.0374777 2.6263323 0.0023185 0.0354716 2.1878465 3.0959566 2.4312541 0.0435673 0.0435714 0.0355624 0.0358932 0.0358932 0.0005033 0.0353642 0.0066019 1.0589985 2.1995308 0.0004026 0.0004026 1.0590437 0.0354696 0.0000000 0.0049560 0.0366534 0.0003020 0.0004026 0.0002012 0.0004026 0.0066019 0.0003019 0.0003019 0.0344974 0.0008057 0.0007049 0.0005034 0.0004026 0.0004026 2.1651283 0.0361535 0.0359218 0.0368724 0.0367669 0.0366534 1.0588376 0.0354696 0.0005032 0.0363742 0.0360957 0.0062955 0.0004028 0.0360655 0.0010150 0.0003021 0.0006041 0.0008055 0.0038402 0.0039440 0.4211587 
MT986830_Megalocytivirus_pagrus1_ISKNV                   0.0050587 0.0051602 0.0344573 2.8376723 0.0047529 0.0339331 2.1602474 0.0342591 0.0344573 0.0409249 2.7567028 2.8705414 0.0360373 2.6197542 0.0068890 0.0340402 2.1905827 3.0986103 2.4246846 0.0425751 0.0425791 0.0345631 0.0348929 0.0348929 0.0050584 0.0339331 0.0039443 1.0580043 2.1997174 0.0049564 0.0049564 1.0580494 0.0340382 0.0049560 0.0000000 0.0354361 0.0048558 0.0049564 0.0047529 0.0049568 0.0039443 0.0048546 0.0048546 0.0332823 0.0053644 0.0052624 0.0050595 0.0049569 0.0049563 2.1663275 0.0348302 0.0340843 0.0356544 0.0355491 0.0354361 1.0577080 0.0340382 0.0050576 0.0349547 0.0345715 0.0034364 0.0049596 0.0348510 0.0057402 0.0048575 0.0051607 0.0053631 0.0015095 0.0014098 0.4224330 
MW139932_Megalocytivirus_pagrus1_RSIV                    0.0365557 0.0366619 0.0082023 2.8411945 0.0364381 0.0118861 2.1725161 0.0121958 0.0082023 0.0354906 2.7426210 2.8805832 0.0138748 2.6140619 0.0343931 0.0119887 2.1886637 3.0799771 2.4278737 0.0397295 0.0396268 0.0083040 0.0086122 0.0086122 0.0367667 0.0118861 0.0361258 1.0531672 2.1930555 0.0366561 0.0366561 1.0532120 0.0119880 0.0366534 0.0354361 0.0000000 0.0365562 0.0366560 0.0364381 0.0364455 0.0361258 0.0365472 0.0365472 0.0119907 0.0370968 0.0369866 0.0367747 0.0366596 0.0366556 2.1709297 0.0050425 0.0131401 0.0002008 0.0003012 0.0000010 1.0530065 0.0119880 0.0367607 0.0052476 0.0106649 0.0366711 0.0366760 0.0071801 0.0375685 0.0365649 0.0367674 0.0370881 0.0368285 0.0367425 0.4263810 
MW273353_Megalocytivirus_pagrus1_ISKNV                   0.0004028 0.0005035 0.0353590 2.8375627 0.0001006 0.0352669 2.1610017 0.0355941 0.0353590 0.0422539 2.7641631 2.8681583 0.0373805 2.6251824 0.0022181 0.0353743 2.1874390 3.0935539 2.4288427 0.0434707 0.0434748 0.0354651 0.0357959 0.0357959 0.0004027 0.0352669 0.0065016 1.0589244 2.2000635 0.0003020 0.0003020 1.0589696 0.0353723 0.0003020 0.0048558 0.0365562 0.0000000 0.0003020 0.0001006 0.0003020 0.0065016 0.0002013 0.0002013 0.0343999 0.0007051 0.0006043 0.0004028 0.0003020 0.0003020 2.1655722 0.0360561 0.0358244 0.0367753 0.0366697 0.0365562 1.0587634 0.0353723 0.0004027 0.0362768 0.0359985 0.0061952 0.0003022 0.0359683 0.0008883 0.0002014 0.0005035 0.0007049 0.0037399 0.0038437 0.4209774 
MW273354_Megalocytivirus_pagrus1_ISKNV                   0.0005034 0.0006041 0.0354589 2.8354042 0.0002013 0.0353668 2.1619557 0.0356940 0.0354589 0.0422311 2.7650822 2.8681952 0.0374804 2.6265123 0.0023187 0.0354742 2.1881350 3.0934090 2.4295024 0.0434474 0.0434515 0.0355650 0.0358958 0.0358958 0.0005034 0.0353668 0.0066024 1.0593404 2.2006321 0.0004026 0.0004026 1.0593856 0.0354722 0.0004026 0.0049564 0.0366560 0.0003020 0.0000000 0.0002013 0.0004026 0.0066024 0.0003019 0.0003019 0.0344999 0.0008058 0.0005033 0.0005035 0.0002013 0.0004026 2.1658925 0.0361561 0.0359244 0.0368751 0.0367695 0.0366560 1.0591794 0.0354722 0.0005033 0.0363768 0.0360983 0.0062960 0.0004029 0.0360681 0.0010151 0.0003021 0.0006042 0.0008055 0.0038405 0.0039444 0.4213320 
MW883593_Megalocytivirus_pagrus1_ISKNV                   0.0003020 0.0004026 0.0352415 2.8355583 0.0000010 0.0351494 2.1621416 0.0354765 0.0352415 0.0421327 2.7637936 2.8683564 0.0372619 2.6260892 0.0021165 0.0352568 2.1880775 3.0953937 2.4302944 0.0433491 0.0433532 0.0353475 0.0356782 0.0356782 0.0003019 0.0351494 0.0063977 1.0587547 2.2000116 0.0002013 0.0002013 1.0587998 0.0352548 0.0002012 0.0047529 0.0364381 0.0001006 0.0002013 0.0000000 0.0002013 0.0063977 0.0001006 0.0001006 0.0342829 0.0006042 0.0005034 0.0003020 0.0002013 0.0002013 2.1649409 0.0359382 0.0357067 0.0366571 0.0365516 0.0364381 1.0585937 0.0352548 0.0003019 0.0361588 0.0358807 0.0060914 0.0002014 0.0358506 0.0007611 0.0001007 0.0004027 0.0006040 0.0036365 0.0037401 0.4210921 
MW883594_Megalocytivirus_pagrus1_ISKNV                   0.0001006 0.0002012 0.0352486 2.8364750 0.0002013 0.0351565 2.1622682 0.0354836 0.0352486 0.0423569 2.7640449 2.8695107 0.0372693 2.6269938 0.0023188 0.0352639 2.1885795 3.0956832 2.4301700 0.0435735 0.0435776 0.0353547 0.0356854 0.0356854 0.0005034 0.0351565 0.0066029 1.0593060 2.2005146 0.0004026 0.0004026 1.0593512 0.0352619 0.0004026 0.0049568 0.0364455 0.0003020 0.0004026 0.0002013 0.0000000 0.0066029 0.0003019 0.0003019 0.0342898 0.0006040 0.0007050 0.0005035 0.0004027 0.0004026 2.1654967 0.0359454 0.0357138 0.0366644 0.0365589 0.0364455 1.0591450 0.0352619 0.0005033 0.0361660 0.0358879 0.0062965 0.0004029 0.0358578 0.0008880 0.0003021 0.0006042 0.0008056 0.0038408 0.0039447 0.4211562 
MW883595_Megalocytivirus_pagrus1_ISKNV                   0.0067056 0.0068075 0.0350284 2.8405774 0.0063977 0.0345063 2.1656924 0.0348329 0.0350284 0.0402359 2.7649954 2.8705126 0.0367418 2.6272296 0.0085455 0.0346135 2.1912494 3.1180358 2.4323145 0.0418767 0.0418806 0.0351344 0.0354649 0.0354649 0.0067052 0.0345063 0.0000010 1.0578740 2.1999360 0.0066025 0.0066025 1.0579190 0.0346116 0.0066019 0.0039443 0.0361258 0.0065016 0.0066024 0.0063977 0.0066029 0.0000000 0.0065000 0.0065000 0.0336409 0.0070132 0.0069105 0.0067066 0.0066031 0.0066023 2.1673793 0.0354093 0.0346585 0.0363446 0.0362391 0.0361258 1.0575777 0.0346116 0.0067040 0.0355343 0.0351460 0.0011077 0.0066066 0.0354223 0.0063953 0.0065038 0.0068082 0.0070114 0.0033355 0.0032365 0.4209174 
MW883596_Megalocytivirus_pagrus1_ISKNV                   0.0004027 0.0005034 0.0353502 2.8368758 0.0001006 0.0352582 2.1630888 0.0355853 0.0353502 0.0422433 2.7650822 2.8697416 0.0373712 2.6273565 0.0022176 0.0353655 2.1881413 3.0953937 2.4314907 0.0434598 0.0434639 0.0354563 0.0357871 0.0357871 0.0004026 0.0352582 0.0065000 1.0591650 2.2000761 0.0003019 0.0003019 1.0592102 0.0353635 0.0003019 0.0048546 0.0365472 0.0002013 0.0003019 0.0001006 0.0003019 0.0065000 0.0000000 0.0000010 0.0343914 0.0007049 0.0006041 0.0004027 0.0003020 0.0003019 2.1653823 0.0360472 0.0358156 0.0367661 0.0366606 0.0365472 1.0590040 0.0353635 0.0004026 0.0362678 0.0359896 0.0061937 0.0003021 0.0359594 0.0008881 0.0002014 0.0005034 0.0007048 0.0037390 0.0038427 0.4212980 
MW883597_Megalocytivirus_pagrus1_ISKNV                   0.0004027 0.0005034 0.0353502 2.8368758 0.0001006 0.0352582 2.1630888 0.0355853 0.0353502 0.0422433 2.7650822 2.8697416 0.0373712 2.6273565 0.0022176 0.0353655 2.1881413 3.0953937 2.4314907 0.0434598 0.0434639 0.0354563 0.0357871 0.0357871 0.0004026 0.0352582 0.0065000 1.0591650 2.2000761 0.0003019 0.0003019 1.0592102 0.0353635 0.0003019 0.0048546 0.0365472 0.0002013 0.0003019 0.0001006 0.0003019 0.0065000 0.0000010 0.0000000 0.0343914 0.0007049 0.0006041 0.0004027 0.0003020 0.0003019 2.1653823 0.0360472 0.0358156 0.0367661 0.0366606 0.0365472 1.0590040 0.0353635 0.0004026 0.0362678 0.0359896 0.0061937 0.0003021 0.0359594 0.0008881 0.0002014 0.0005034 0.0007048 0.0037390 0.0038427 0.4212980 
MW883598_Megalocytivirus_pagrus1_RSIV                    0.0343995 0.0345054 0.0096279 2.8465932 0.0342829 0.0011052 2.1660783 0.0014072 0.0096279 0.0390946 2.7468895 2.8841652 0.0031290 2.6156061 0.0320306 0.0012058 2.1962120 3.0977436 2.4286882 0.0410628 0.0411750 0.0097297 0.0099488 0.0099488 0.0346100 0.0011052 0.0336409 1.0568744 2.2025777 0.0344999 0.0344999 1.0569194 0.0012057 0.0344974 0.0332823 0.0119907 0.0343999 0.0344999 0.0342829 0.0342898 0.0336409 0.0343914 0.0343914 0.0000000 0.0349385 0.0348288 0.0346175 0.0345032 0.0344995 2.1682649 0.0072870 0.0025195 0.0119918 0.0118899 0.0119907 1.0565786 0.0012057 0.0346043 0.0072905 0.0053539 0.0341834 0.0345188 0.0106471 0.0352114 0.0344083 0.0346107 0.0349302 0.0346696 0.0345830 0.4271547 
MW883599_Megalocytivirus_pagrus1_ISKNV                   0.0007048 0.0008055 0.0358984 2.8371680 0.0006042 0.0358063 2.1613424 0.0361339 0.0358984 0.0428016 2.7639127 2.8689834 0.0379226 2.6263122 0.0027237 0.0359138 2.1884194 3.0961330 2.4305664 0.0439070 0.0439111 0.0360046 0.0363359 0.0363359 0.0009066 0.0358063 0.0070132 1.0594872 2.2001048 0.0008058 0.0008058 1.0595324 0.0359117 0.0008057 0.0053644 0.0370968 0.0007051 0.0008058 0.0006042 0.0006040 0.0070132 0.0007049 0.0007049 0.0349385 0.0000000 0.0011085 0.0005034 0.0008058 0.0008057 2.1639820 0.0365967 0.0363646 0.0373161 0.0372104 0.0370968 1.0593262 0.0359117 0.0009065 0.0368177 0.0365384 0.0067065 0.0008063 0.0365079 0.0012690 0.0007054 0.0010076 0.0012091 0.0042475 0.0043517 0.4218014 
MW883600_Megalocytivirus_pagrus1_ISKNV                   0.0008058 0.0009066 0.0357885 2.8366885 0.0005034 0.0356964 2.1620801 0.0360239 0.0357885 0.0425667 2.7661661 2.8696158 0.0378121 2.6278156 0.0026224 0.0358039 2.1895606 3.0945321 2.4297318 0.0437833 0.0437874 0.0358947 0.0362258 0.0362258 0.0008058 0.0356964 0.0069105 1.0600928 2.2020622 0.0007049 0.0007049 1.0601381 0.0358018 0.0007049 0.0052624 0.0369866 0.0006043 0.0005033 0.0005034 0.0007050 0.0069105 0.0006041 0.0006041 0.0348288 0.0011085 0.0000000 0.0008059 0.0005034 0.0007049 2.1669980 0.0364865 0.0362545 0.0372058 0.0371002 0.0369866 1.0599318 0.0358018 0.0008056 0.0367074 0.0364284 0.0066039 0.0007054 0.0363979 0.0013966 0.0006045 0.0007050 0.0011082 0.0041458 0.0042498 0.4216159 
MW883601_Megalocytivirus_pagrus1_ISKNV                   0.0006043 0.0007051 0.0355769 2.8347817 0.0003020 0.0354848 2.1626546 0.0358122 0.0355769 0.0424756 2.7617675 2.8688107 0.0375997 2.6246877 0.0024204 0.0355923 2.1881895 3.1006661 2.4312794 0.0435810 0.0435851 0.0356831 0.0360141 0.0360141 0.0006043 0.0354848 0.0067066 1.0588114 2.1997950 0.0005035 0.0005035 1.0588566 0.0355903 0.0005034 0.0050595 0.0367747 0.0004028 0.0005035 0.0003020 0.0005035 0.0067066 0.0004027 0.0004027 0.0346175 0.0005034 0.0008059 0.0000000 0.0005035 0.0005035 2.1653025 0.0362746 0.0360427 0.0369939 0.0368883 0.0367747 1.0586505 0.0355903 0.0006042 0.0364954 0.0362167 0.0064001 0.0005038 0.0361864 0.0010152 0.0004030 0.0007051 0.0009066 0.0039431 0.0040471 0.4216631 
MW883602_Megalocytivirus_pagrus1_ISKNV                   0.0005034 0.0006042 0.0354623 2.8360520 0.0002013 0.0353703 2.1625300 0.0356975 0.0354623 0.0422352 2.7656499 2.8688760 0.0374841 2.6271370 0.0023189 0.0354777 2.1884365 3.0932141 2.4300923 0.0434516 0.0434557 0.0355684 0.0358993 0.0358993 0.0005034 0.0353703 0.0066031 1.0593460 2.2009336 0.0004027 0.0004027 1.0593912 0.0354756 0.0004026 0.0049569 0.0366596 0.0003020 0.0002013 0.0002013 0.0004027 0.0066031 0.0003020 0.0003020 0.0345032 0.0008058 0.0005034 0.0005035 0.0000000 0.0004027 2.1662458 0.0361596 0.0359279 0.0368787 0.0367731 0.0366596 1.0591850 0.0354756 0.0005033 0.0363803 0.0361019 0.0062967 0.0004029 0.0360716 0.0010152 0.0003021 0.0006042 0.0008056 0.0038409 0.0039448 0.4211995 
MW883603_Megalocytivirus_pagrus1_ISKNV                   0.0005034 0.0006041 0.0354585 2.8351981 0.0002013 0.0353664 2.1627626 0.0356936 0.0354585 0.0423533 2.7639211 2.8695976 0.0374800 2.6262143 0.0023186 0.0354738 2.1896048 3.0953937 2.4324510 0.0435699 0.0435740 0.0355646 0.0358954 0.0358954 0.0005034 0.0353664 0.0066023 1.0588000 2.2015440 0.0004026 0.0004026 1.0588452 0.0354718 0.0004026 0.0049563 0.0366556 0.0003020 0.0004026 0.0002013 0.0004026 0.0066023 0.0003019 0.0003019 0.0344995 0.0008057 0.0007049 0.0005035 0.0004027 0.0000000 2.1651116 0.0361557 0.0359239 0.0368747 0.0367691 0.0366556 1.0586391 0.0354718 0.0005033 0.0363764 0.0360979 0.0062959 0.0004029 0.0360677 0.0010151 0.0003021 0.0006042 0.0008055 0.0038405 0.0039443 0.4211872 
NC_005946_Ranavirus_rana1_n/a                            2.1658102 2.1658102 2.1740001 2.8431787 2.1649409 2.1681874 0.6198106 2.1688438 2.1740001 2.1785426 2.8878543 2.8703865 2.1723582 2.7666316 2.1653272 2.1688006 1.7188454 3.0804152 2.2560555 2.1798535 2.1801966 2.1740001 2.1746795 2.1746795 2.1656044 2.1681874 2.1673793 2.3119506 1.7170472 2.1643700 2.1643700 2.3127018 2.1684203 2.1651283 2.1663275 2.1709297 2.1655722 2.1658925 2.1649409 2.1654967 2.1673793 2.1653823 2.1653823 2.1682649 2.1639820 2.1669980 2.1653025 2.1662458 2.1651116 0.0000000 2.1688066 2.1702385 2.1717109 2.1715161 2.1709297 2.3117140 2.1684203 2.1652975 2.1688933 2.1706737 2.1666576 2.1651652 2.1722904 2.1378074 2.1652702 2.1659420 2.1653929 2.1628212 2.1641401 2.2517163 
OK042108_Megalocytivirus_pagrus1_RSIV                    0.0360556 0.0361619 0.0094307 2.8430251 0.0359382 0.0067770 2.1683769 0.0070833 0.0094307 0.0372375 2.7452648 2.8865594 0.0087363 2.6152072 0.0338930 0.0068787 2.1922901 3.0813732 2.4328276 0.0406472 0.0405444 0.0095326 0.0097515 0.0097515 0.0362667 0.0067770 0.0354093 1.0557532 2.1961467 0.0361561 0.0361561 1.0557982 0.0068783 0.0361535 0.0348302 0.0050425 0.0360561 0.0361561 0.0359382 0.0359454 0.0354093 0.0360472 0.0360472 0.0072870 0.0365967 0.0364865 0.0362746 0.0361596 0.0361557 2.1688066 0.0000000 0.0084210 0.0050430 0.0049420 0.0050425 1.0555925 0.0068783 0.0362608 0.0002009 0.0057659 0.0359543 0.0361758 0.0104504 0.0374495 0.0360648 0.0362674 0.0365881 0.0362225 0.0361363 0.4259575 
OK042109_Megalocytivirus_pagrus1_RSIV                    0.0358239 0.0359301 0.0113843 2.8431878 0.0357067 0.0016111 2.1672933 0.0019140 0.0113843 0.0381008 2.7546710 2.8797549 0.0034391 2.6256458 0.0334474 0.0017120 2.1996043 3.0957776 2.4298977 0.0398588 0.0399706 0.0114865 0.0117087 0.0117087 0.0360349 0.0016111 0.0346585 1.0558629 2.2073830 0.0359244 0.0359244 1.0559079 0.0015104 0.0359218 0.0340843 0.0131401 0.0358244 0.0359244 0.0357067 0.0357138 0.0346585 0.0358156 0.0358156 0.0025195 0.0363646 0.0362545 0.0360427 0.0359279 0.0359239 2.1702385 0.0084210 0.0000000 0.0131413 0.0130390 0.0131401 1.0557021 0.0015104 0.0360290 0.0084225 0.0068866 0.0352029 0.0359440 0.0124074 0.0368555 0.0358330 0.0360356 0.0363561 0.0356894 0.0356029 0.4270333 
