70
23043610003_Megalocytivirus_pagrus1_ISKNV                0.0000000 0.0001094 0.0353449 2.7529804 0.0003284 0.0350134 2.0653283 0.0351345 0.0353449 0.0427585 2.6777739 2.7945172 0.0371663 2.5455838 0.0026318 0.0350134 2.1185082 2.9495671 2.3510000 0.0438273 0.0438293 0.0354594 0.0355757 0.0355757 1.0728629 0.0006571 0.0067312 1.0542148 2.1282055 0.0005475 0.0005475 1.0542673 0.0351272 0.0005475 0.0045059 0.0365219 0.0004380 0.0005475 0.0003284 0.0001094 0.0067312 0.0004380 0.0004380 0.0341947 0.0006570 0.0008764 0.0006573 0.0005476 0.0005475 2.0920151 0.0360950 0.0356121 0.0367578 0.0366438 0.0365219 1.0540425 0.0351272 0.0006570 0.0363322 0.0359197 0.0062859 0.0005479 0.0360054 0.0011299 0.0004382 0.0007668 0.0009859 0.0039551 0.0040676 0.4152316 
23043610005_Megalocytivirus_pagrus1_ISKNV                0.0001094 0.0000000 0.0354593 2.7534662 0.0004379 0.0351277 2.0653283 0.0352489 0.0354593 0.0428742 2.6774531 2.7941754 0.0372811 2.5448682 0.0027416 0.0351277 2.1185082 2.9490121 2.3514303 0.0439430 0.0439449 0.0355738 0.0356901 0.0356901 1.0731473 0.0007667 0.0068418 1.0544896 2.1282055 0.0006571 0.0006571 1.0545421 0.0352416 0.0006570 0.0046170 0.0366364 0.0005475 0.0006570 0.0004379 0.0002189 0.0068418 0.0005475 0.0005475 0.0343089 0.0007665 0.0009860 0.0007668 0.0006571 0.0006570 2.0920151 0.0362096 0.0357266 0.0368724 0.0367584 0.0366364 1.0543173 0.0352416 0.0007666 0.0364468 0.0360341 0.0063965 0.0006575 0.0361198 0.0011299 0.0005478 0.0008764 0.0010955 0.0040652 0.0041777 0.4154054 
AB104413_Megalocytivirus_pagrus1_RSIV                    0.0353449 0.0354593 0.0000000 2.7633706 0.0352206 0.0104598 2.0761329 0.0105724 0.0000010 0.0415934 2.6545502 2.8090830 0.0124898 2.5306443 0.0334830 0.0104598 2.1157368 2.9540556 2.3509058 0.0428916 0.0427784 0.0001092 0.0002184 0.0002184 1.0794926 0.0355732 0.0349901 1.0503157 2.1204954 0.0354549 0.0354549 1.0503679 0.0105702 0.0354522 0.0349576 0.0085820 0.0353402 0.0354543 0.0352206 0.0352271 0.0349901 0.0353377 0.0353377 0.0100174 0.0358118 0.0358088 0.0355801 0.0354580 0.0354542 2.0967841 0.0100253 0.0118112 0.0088045 0.0086942 0.0085820 1.0501438 0.0105702 0.0355677 0.0102522 0.0056000 0.0354498 0.0354734 0.0030644 0.0365722 0.0353543 0.0355740 0.0356801 0.0357625 0.0356668 0.4204676 
AF303741_Iridovirus_chilo1_n/a                           2.7529804 2.7534662 2.7633706 0.0000000 2.7516905 2.7620622 2.8257670 2.7614269 2.7633706 2.7475254 1.8353816 0.6262507 2.7751702 1.7847987 2.7532763 2.7620622 2.7202861 2.2379087 2.2280598 2.7591682 2.7591811 2.7630560 2.7638536 2.7638536 2.9163781 2.7532791 2.7560357 2.8903200 2.6862489 2.7518518 2.7518518 2.8910781 2.7621150 2.7516790 2.7530503 2.7580804 2.7530207 2.7515303 2.7516905 2.7526471 2.7560357 2.7530658 2.7530658 2.7632333 2.7533717 2.7528636 2.7508936 2.7522031 2.7513169 2.8464159 2.7604965 2.7596770 2.7587546 2.7584495 2.7580804 2.8899904 2.7621150 2.7510372 2.7621857 2.7659269 2.7557782 2.7519169 2.7585842 2.6327613 2.7521895 2.7523149 2.7518377 2.7523101 2.7524367 2.8781607 
AF371960_Megalocytivirus_pagrus1_ISKNV                   0.0003284 0.0004379 0.0352206 2.7516905 0.0000000 0.0348892 2.0649564 0.0350103 0.0352206 0.0423981 2.6771921 2.7924972 0.0370411 2.5443216 0.0023018 0.0348892 2.1177791 2.9492478 2.3508742 0.0434669 0.0434689 0.0353351 0.0354513 0.0354513 1.0720069 0.0003284 0.0063974 1.0536432 2.1274744 0.0002189 0.0002189 1.0536957 0.0350030 0.0002189 0.0041744 0.0363971 0.0001095 0.0002189 0.0000010 0.0002189 0.0063974 0.0001094 0.0001094 0.0340708 0.0005476 0.0005475 0.0003285 0.0002189 0.0002189 2.0910937 0.0359703 0.0354876 0.0366329 0.0365189 0.0363971 1.0534710 0.0350030 0.0003284 0.0362073 0.0357952 0.0059525 0.0002190 0.0358810 0.0008472 0.0001095 0.0004380 0.0006570 0.0036240 0.0037362 0.4151136 
AP017456_Megalocytivirus_pagrus1_RSIV                    0.0350134 0.0351277 0.0104598 2.7620622 0.0348892 0.0000000 2.0681214 0.0001092 0.0104598 0.0406370 2.6569923 2.8071066 0.0020822 2.5322425 0.0324579 0.0000010 2.1247844 2.9552233 2.3477108 0.0423006 0.0424194 0.0105703 0.0106814 0.0106814 1.0789024 0.0352416 0.0341943 1.0515725 2.1280329 0.0351234 0.0351234 1.0516247 0.0001091 0.0351207 0.0343898 0.0120226 0.0350087 0.0351228 0.0348892 0.0348956 0.0341943 0.0350062 0.0350062 0.0010923 0.0354801 0.0354770 0.0352484 0.0351264 0.0351226 2.0918085 0.0070335 0.0017516 0.0120236 0.0119130 0.0120226 1.0512514 0.0001091 0.0352362 0.0070370 0.0054878 0.0346536 0.0351417 0.0115663 0.0359757 0.0350227 0.0352424 0.0355883 0.0351942 0.0350983 0.4212900 
AY521625_Ranavirus_epinephelus1_n/a                      2.0653283 2.0653283 2.0761329 2.8257670 2.0649564 2.0681214 0.0000000 2.0681433 2.0761329 2.0828502 2.8818140 2.8313887 2.0725596 2.8273425 2.0654795 2.0681214 1.6870585 3.2570188 2.1533907 2.0757779 2.0762554 2.0761329 2.0769644 2.0769644 2.2058525 2.0653329 2.0683010 2.1984131 1.6991818 2.0643338 2.0643338 2.1991956 2.0682636 2.0657369 2.0630729 2.0740693 2.0643259 2.0647651 2.0649564 2.0650841 2.0683010 2.0659233 2.0659233 2.0676914 2.0641414 2.0649017 2.0654728 2.0653490 2.0655883 0.6134059 2.0703601 2.0688507 2.0744975 2.0742922 2.0740693 2.1975776 2.0682636 2.0652021 2.0701350 2.0724243 2.0667292 2.0662167 2.0751901 2.0259347 2.0663247 2.0648256 2.0648501 2.0611926 2.0635422 2.1503817 
AY894343_Megalocytivirus_pagrus1_RSIV                    0.0351345 0.0352489 0.0105724 2.7614269 0.0350103 0.0001092 2.0681433 0.0000000 0.0105724 0.0407602 2.6569923 2.8062040 0.0021923 2.5322425 0.0325782 0.0001092 2.1248050 2.9552233 2.3477274 0.0424241 0.0425430 0.0106830 0.0107941 0.0107941 1.0789347 0.0353628 0.0343151 1.0516039 2.1280535 0.0352445 0.0352445 1.0516561 0.0002183 0.0352418 0.0345106 0.0121357 0.0351298 0.0352439 0.0350103 0.0350167 0.0343151 0.0351273 0.0351273 0.0012019 0.0356014 0.0355983 0.0353696 0.0352476 0.0352438 2.0918299 0.0071451 0.0018616 0.0121367 0.0120261 0.0121357 1.0512829 0.0002183 0.0353573 0.0071486 0.0055989 0.0347746 0.0352629 0.0116791 0.0361322 0.0351438 0.0353636 0.0357096 0.0353152 0.0352193 0.4215474 
BD143114_Megalocytivirus_pagrus1_RSIV                    0.0353449 0.0354593 0.0000010 2.7633706 0.0352206 0.0104598 2.0761329 0.0105724 0.0000000 0.0415934 2.6545502 2.8090830 0.0124898 2.5306443 0.0334830 0.0104598 2.1157368 2.9540556 2.3509058 0.0428916 0.0427784 0.0001092 0.0002184 0.0002184 1.0794926 0.0355732 0.0349901 1.0503157 2.1204954 0.0354549 0.0354549 1.0503679 0.0105702 0.0354522 0.0349576 0.0085820 0.0353402 0.0354543 0.0352206 0.0352271 0.0349901 0.0353377 0.0353377 0.0100174 0.0358118 0.0358088 0.0355801 0.0354580 0.0354542 2.0967841 0.0100253 0.0118112 0.0088045 0.0086942 0.0085820 1.0501438 0.0105702 0.0355677 0.0102522 0.0056000 0.0354498 0.0354734 0.0030644 0.0365722 0.0353543 0.0355740 0.0356801 0.0357625 0.0356668 0.4204676 
GQ273492_Megalocytivirus_pagrus1_TRBIV                   0.0427585 0.0428742 0.0415934 2.7475254 0.0423981 0.0406370 2.0828502 0.0407602 0.0415934 0.0000000 2.6833194 2.7994718 0.0429616 2.5446028 0.0420340 0.0406370 2.1286213 2.9410329 2.3522166 0.0226889 0.0224639 0.0417090 0.0418268 0.0418268 1.0823299 0.0427566 0.0402273 1.0641007 2.1371490 0.0426362 0.0426362 1.0643330 0.0407518 0.0426330 0.0409905 0.0365222 0.0425200 0.0425047 0.0423981 0.0426385 0.0402273 0.0425170 0.0425170 0.0399381 0.0429999 0.0428652 0.0427650 0.0425090 0.0426353 2.1044205 0.0380570 0.0387554 0.0365254 0.0364111 0.0365222 1.0639283 0.0407518 0.0427500 0.0381931 0.0412858 0.0406947 0.0426580 0.0397022 0.0436111 0.0425365 0.0428791 0.0430069 0.0413416 0.0412472 0.4190465 
HF920633_Chloriridovirus_simulium1_n/a                   2.6777739 2.6774531 2.6545502 1.8353816 2.6771921 2.6569923 2.8818140 2.6569923 2.6545502 2.6833194 0.0000000 1.8166106 2.6661526 0.4890704 2.6728489 2.6569923 2.7984237 1.9916730 2.3223391 2.6798181 2.6778638 2.6544893 2.6543693 2.6543693 2.8815896 2.6778628 2.6772619 2.8042028 2.7985832 2.6773442 2.6773442 2.8052811 2.6571045 2.6774541 2.6691603 2.6549292 2.6778586 2.6785323 2.6771921 2.6774516 2.6772619 2.6785348 2.6785348 2.6591765 2.6773122 2.6796606 2.6750940 2.6791217 2.6773253 2.8954547 2.6579499 2.6672023 2.6555792 2.6559791 2.6549292 2.8025558 2.6571045 2.6762261 2.6608279 2.6556850 2.6757588 2.6769208 2.6544205 2.5643986 2.6764700 2.6792128 2.6769362 2.6697127 2.6690874 2.8226227 
HF920637_Iridovirus_armadillidium1_n/a                   2.7945172 2.7941754 2.8090830 0.6262507 2.7924972 2.8071066 2.8313887 2.8062040 2.8090830 2.7994718 1.8166106 0.0000000 2.8217703 1.8042344 2.7973005 2.8071066 2.7584487 2.3343316 2.2901411 2.7980814 2.7939891 2.8087508 2.8086217 2.8086217 2.9741489 2.7943451 2.7938142 2.9290349 2.7168159 2.7923430 2.7923430 2.9294765 2.8072300 2.7912609 2.7939030 2.8057012 2.7914835 2.7923286 2.7924972 2.7937063 2.7938142 2.7939522 2.7939522 2.8080039 2.7931554 2.7938224 2.7929742 2.7930402 2.7937981 2.8849116 2.8109566 2.8033831 2.8064169 2.8062169 2.8057012 2.9286864 2.8072300 2.7917918 2.8111062 2.8066983 2.7939364 2.7927332 2.8028899 2.6965689 2.7930261 2.7945622 2.7935911 2.7930429 2.7932780 2.9089145 
KC244182_Megalocytivirus_pagrus1_RSIV                    0.0371663 0.0372811 0.0124898 2.7751702 0.0370411 0.0020822 2.0725596 0.0021923 0.0124898 0.0429616 2.6661526 2.8217703 0.0000000 2.5432965 0.0345982 0.0020822 2.1338956 2.9777392 2.3572445 0.0446302 0.0447497 0.0126009 0.0127126 0.0127126 1.0848369 0.0373954 0.0364781 1.0588964 2.1379062 0.0372765 0.0372765 1.0589492 0.0019726 0.0372737 0.0365372 0.0140620 0.0371613 0.0372759 0.0370411 0.0370479 0.0364781 0.0371587 0.0371587 0.0031808 0.0376354 0.0376321 0.0374026 0.0372797 0.0372757 2.0955666 0.0090468 0.0036274 0.0140632 0.0139521 0.0140620 1.0585731 0.0019726 0.0373896 0.0090513 0.0074926 0.0369396 0.0372959 0.0136013 0.0361225 0.0371760 0.0373962 0.0377436 0.0373450 0.0372497 0.4251589 
KF938901_Chloriridovirus_anopheles1_n/a                  2.5455838 2.5448682 2.5306443 1.7847987 2.5443216 2.5322425 2.8273425 2.5322425 2.5306443 2.5446028 0.4890704 1.8042344 2.5432965 0.0000000 2.5409772 2.5322425 2.7102038 1.9424624 2.2888968 2.5468333 2.5442820 2.5304419 2.5303201 2.5303201 2.7745751 2.5440539 2.5440873 2.7127407 2.7024363 2.5444616 2.5444616 2.7130444 2.5323538 2.5445743 2.5378408 2.5300460 2.5427072 2.5447641 2.5443216 2.5452707 2.5440873 2.5456474 2.5456474 2.5320296 2.5445592 2.5461233 2.5428623 2.5454141 2.5444531 2.7726393 2.5322122 2.5424350 2.5300460 2.5304514 2.5300460 2.7135179 2.5323538 2.5434286 2.5352380 2.5322188 2.5416486 2.5440783 2.5257546 2.4486135 2.5436242 2.5469366 2.5440929 2.5378217 2.5379626 2.6907527 
KT781098_Megalocytivirus_pagrus1_ISKNV                   0.0026318 0.0027416 0.0334830 2.7532763 0.0023018 0.0324579 2.0654795 0.0325782 0.0334830 0.0420340 2.6728489 2.7973005 0.0345982 2.5409772 0.0000000 0.0324579 2.1204936 2.9492793 2.3530250 0.0432183 0.0432202 0.0335972 0.0337131 0.0337131 1.0716861 0.0026317 0.0087278 1.0524613 2.1301964 0.0025217 0.0025217 1.0525137 0.0325715 0.0025214 0.0064933 0.0341928 0.0024119 0.0025216 0.0023018 0.0025218 0.0087278 0.0024117 0.0024117 0.0316430 0.0028520 0.0028518 0.0026322 0.0025219 0.0025216 2.0914914 0.0337653 0.0330529 0.0344277 0.0343140 0.0341928 1.0522891 0.0325715 0.0026313 0.0340013 0.0335936 0.0082808 0.0025231 0.0341433 0.0029695 0.0024130 0.0027419 0.0029613 0.0059411 0.0060550 0.4159329 
KT804738_Megalocytivirus_pagrus1_RSIV                    0.0350134 0.0351277 0.0104598 2.7620622 0.0348892 0.0000010 2.0681214 0.0001092 0.0104598 0.0406370 2.6569923 2.8071066 0.0020822 2.5322425 0.0324579 0.0000000 2.1247844 2.9552233 2.3477108 0.0423006 0.0424194 0.0105703 0.0106814 0.0106814 1.0789024 0.0352416 0.0341943 1.0515725 2.1280329 0.0351234 0.0351234 1.0516247 0.0001091 0.0351207 0.0343898 0.0120226 0.0350087 0.0351228 0.0348892 0.0348956 0.0341943 0.0350062 0.0350062 0.0010923 0.0354801 0.0354770 0.0352484 0.0351264 0.0351226 2.0918085 0.0070335 0.0017516 0.0120236 0.0119130 0.0120226 1.0512514 0.0001091 0.0352362 0.0070370 0.0054878 0.0346536 0.0351417 0.0115663 0.0359757 0.0350227 0.0352424 0.0355883 0.0351942 0.0350983 0.4212900 
KX643370_Lymphocystivirus_sparus1_n/a                    2.1185082 2.1185082 2.1157368 2.7202861 2.1177791 2.1247844 1.6870585 2.1248050 2.1157368 2.1286213 2.7984237 2.7584487 2.1338956 2.7102038 2.1204936 2.1247844 0.0000000 3.1880246 1.9672744 2.1248945 2.1235367 2.1157368 2.1165866 2.1165866 2.1682026 2.1181323 2.1216711 2.1686769 0.1588877 2.1181243 2.1181243 2.1687003 2.1248691 2.1175350 2.1191882 2.1154529 2.1179535 2.1178405 2.1177791 2.1183171 2.1216711 2.1178469 2.1178469 2.1235676 2.1178395 2.1193549 2.1179000 2.1181561 2.1194022 1.7579125 2.1196337 2.1267956 2.1154928 2.1152846 2.1154529 2.1682055 2.1248691 2.1188281 2.1198788 2.1211153 2.1194999 2.1195531 2.1161228 2.1037760 2.1191862 2.1188053 2.1174560 2.1180375 2.1196863 2.2409185 
LS484712_Daphniairidovirus_daphnia1_n/a                  2.9495671 2.9490121 2.9540556 2.2379087 2.9492478 2.9552233 3.2570188 2.9552233 2.9540556 2.9410329 1.9916730 2.3343316 2.9777392 1.9424624 2.9492793 2.9552233 3.1880246 0.0000000 2.5680847 2.9251653 2.9260908 2.9536388 2.9536388 2.9536388 3.2245150 2.9482706 2.9716165 3.1473597 3.1672282 2.9489084 2.9489084 3.1473597 2.9552233 2.9498318 2.9525812 2.9373937 2.9492478 2.9471750 2.9492478 2.9495671 2.9716165 2.9492478 2.9492478 2.9572812 2.9500348 2.9483432 2.9546504 2.9469795 2.9492478 3.1542847 2.9387611 2.9552233 2.9373937 2.9369379 2.9373937 3.1473597 2.9552233 2.9494953 2.9387611 2.9518379 2.9680877 2.9473489 2.9521306 3.1218280 2.9473489 2.9509625 2.9500945 2.9510908 2.9491901 3.1136167 
MF599468_Decapodiridovirus_litopenaeus1_n/a              2.3510000 2.3514303 2.3509058 2.2280598 2.3508742 2.3477108 2.1533907 2.3477274 2.3509058 2.3522166 2.3223391 2.2901411 2.3572445 2.2888968 2.3530250 2.3477108 1.9672744 2.5680847 0.0000000 2.3476308 2.3472642 2.3509058 2.3507018 2.3507018 2.3880207 2.3515902 2.3521235 2.3683620 1.9648964 2.3511183 2.3511183 2.3691609 2.3478142 2.3518512 2.3450999 2.3465841 2.3493980 2.3500650 2.3508742 2.3507482 2.3521235 2.3520952 2.3520952 2.3476490 2.3511502 2.3503005 2.3518757 2.3506642 2.3530729 2.1892206 2.3518563 2.3488859 2.3471694 2.3471694 2.3465841 2.3677726 2.3478142 2.3511363 2.3510283 2.3494190 2.3520545 2.3505477 2.3452313 2.2942008 2.3502543 2.3503414 2.3517859 2.3450959 2.3454097 2.4634901 
MG570131_Megalocytivirus_pagrus1_TRBIV                   0.0438273 0.0439430 0.0428916 2.7591682 0.0434669 0.0423006 2.0757779 0.0424241 0.0428916 0.0226889 2.6798181 2.7980814 0.0446302 2.5468333 0.0432183 0.0423006 2.1248945 2.9251653 2.3476308 0.0000000 0.0008762 0.0430072 0.0431250 0.0431250 1.0773370 0.0437099 0.0418839 1.0587447 2.1356053 0.0437050 0.0437050 1.0587975 0.0424154 0.0437017 0.0426398 0.0406291 0.0435890 0.0435733 0.0434669 0.0437074 0.0418839 0.0435859 0.0435859 0.0417066 0.0439490 0.0439338 0.0437142 0.0435777 0.0437041 2.1053369 0.0413783 0.0402976 0.0406326 0.0405182 0.0406291 1.0585725 0.0424154 0.0435764 0.0413877 0.0425808 0.0423513 0.0437273 0.0419340 0.0446948 0.0436057 0.0439479 0.0440759 0.0429908 0.0428972 0.4187606 
MG570132_Megalocytivirus_pagrus1_TRBIV                   0.0438293 0.0439449 0.0427784 2.7591811 0.0434689 0.0424194 2.0762554 0.0425430 0.0427784 0.0224639 2.6778638 2.7939891 0.0447497 2.5442820 0.0432202 0.0424194 2.1235367 2.9260908 2.3472642 0.0008762 0.0000000 0.0428939 0.0430117 0.0430117 1.0765887 0.0437118 0.0418857 1.0580713 2.1348486 0.0437069 0.0437069 1.0581240 0.0425342 0.0437036 0.0426416 0.0405161 0.0435909 0.0435752 0.0434689 0.0437093 0.0418857 0.0435878 0.0435878 0.0418253 0.0439509 0.0439357 0.0437162 0.0435797 0.0437060 2.1057430 0.0412651 0.0404160 0.0405196 0.0404052 0.0405161 1.0578991 0.0425342 0.0435783 0.0412745 0.0424675 0.0423532 0.0437292 0.0418208 0.0446974 0.0436077 0.0439499 0.0440778 0.0429927 0.0428991 0.4184095 
MK098185_Megalocytivirus_pagrus1_RSIV                    0.0354594 0.0355738 0.0001092 2.7630560 0.0353351 0.0105703 2.0761329 0.0106830 0.0001092 0.0417090 2.6544893 2.8087508 0.0126009 2.5304419 0.0335972 0.0105703 2.1157368 2.9536388 2.3509058 0.0430072 0.0428939 0.0000000 0.0001092 0.0001092 1.0795000 0.0356877 0.0351045 1.0502912 2.1204954 0.0355694 0.0355694 1.0503433 0.0106807 0.0355667 0.0350718 0.0086924 0.0354546 0.0355688 0.0353351 0.0353415 0.0351045 0.0354521 0.0354521 0.0101279 0.0359264 0.0359233 0.0356946 0.0355725 0.0355686 2.0967841 0.0101359 0.0119221 0.0089149 0.0088046 0.0086924 1.0501193 0.0106807 0.0356822 0.0103629 0.0054897 0.0355642 0.0355879 0.0029547 0.0367200 0.0354688 0.0356885 0.0357945 0.0358769 0.0357812 0.4203634 
MK098186_Megalocytivirus_pagrus1_RSIV                    0.0355757 0.0356901 0.0002184 2.7638536 0.0354513 0.0106814 2.0769644 0.0107941 0.0002184 0.0418268 2.6543693 2.8086217 0.0127126 2.5303201 0.0337131 0.0106814 2.1165866 2.9536388 2.3507018 0.0431250 0.0430117 0.0001092 0.0000000 0.0000010 1.0799100 0.0358040 0.0352206 1.0506824 2.1213458 0.0356857 0.0356857 1.0507345 0.0107919 0.0356829 0.0351879 0.0088033 0.0355709 0.0356851 0.0354513 0.0354578 0.0352206 0.0355684 0.0355684 0.0102390 0.0360427 0.0360396 0.0358109 0.0356887 0.0356849 2.0976246 0.0102470 0.0120336 0.0090258 0.0089155 0.0088033 1.0505105 0.0107919 0.0357985 0.0104741 0.0056000 0.0356805 0.0357043 0.0030644 0.0368702 0.0355851 0.0358048 0.0359108 0.0359931 0.0358975 0.4205707 
MK098187_Megalocytivirus_pagrus1_RSIV                    0.0355757 0.0356901 0.0002184 2.7638536 0.0354513 0.0106814 2.0769644 0.0107941 0.0002184 0.0418268 2.6543693 2.8086217 0.0127126 2.5303201 0.0337131 0.0106814 2.1165866 2.9536388 2.3507018 0.0431250 0.0430117 0.0001092 0.0000010 0.0000000 1.0799100 0.0358040 0.0352206 1.0506824 2.1213458 0.0356857 0.0356857 1.0507345 0.0107919 0.0356829 0.0351879 0.0088033 0.0355709 0.0356851 0.0354513 0.0354578 0.0352206 0.0355684 0.0355684 0.0102390 0.0360427 0.0360396 0.0358109 0.0356887 0.0356849 2.0976246 0.0102470 0.0120336 0.0090258 0.0089155 0.0088033 1.0505105 0.0107919 0.0357985 0.0104741 0.0056000 0.0356805 0.0357043 0.0030644 0.0368702 0.0355851 0.0358048 0.0359108 0.0359931 0.0358975 0.4205707 
MK637631_European_chub_iridovirus_ECIV                   1.0728629 1.0731473 1.0794926 2.9163781 1.0720069 1.0789024 2.2058525 1.0789347 1.0794926 1.0823299 2.8815896 2.9741489 1.0848369 2.7745751 1.0716861 1.0789024 2.1682026 3.2245150 2.3880207 1.0773370 1.0765887 1.0795000 1.0799100 1.0799100 0.0000000 1.0724663 1.0719889 0.5040097 2.1856934 1.0723276 1.0723276 0.5040272 1.0788485 1.0718766 1.0728718 1.0794182 1.0723446 1.0722760 1.0720069 1.0727377 1.0719889 1.0724700 1.0724700 1.0793625 1.0730315 1.0728217 1.0727965 1.0722876 1.0721248 2.2795217 1.0784650 1.0799614 1.0797601 1.0795265 1.0794182 0.5035741 1.0788485 1.0716265 1.0791195 1.0800567 1.0729874 1.0727872 1.0788613 1.0686494 1.0726659 1.0722389 1.0722544 1.0723849 1.0733199 1.1114662 
MK689685_Megalocytivirus_pagrus1_ISKNV                   0.0006571 0.0007667 0.0355732 2.7532791 0.0003284 0.0352416 2.0653329 0.0353628 0.0355732 0.0427566 2.6778628 2.7943451 0.0373954 2.5440539 0.0026317 0.0352416 2.1181323 2.9482706 2.3515902 0.0437099 0.0437118 0.0356877 0.0358040 0.0358040 1.0724663 0.0000000 0.0067309 1.0540654 2.1285285 0.0005475 0.0005475 1.0541179 0.0353555 0.0005475 0.0045057 0.0367505 0.0004380 0.0005475 0.0003284 0.0005475 0.0067309 0.0004380 0.0004380 0.0344227 0.0008765 0.0008764 0.0006572 0.0005476 0.0005475 2.0918020 0.0363237 0.0358406 0.0369865 0.0368725 0.0367505 1.0538932 0.0353555 0.0006570 0.0365610 0.0361481 0.0062857 0.0005478 0.0362337 0.0012714 0.0004382 0.0007668 0.0009859 0.0039550 0.0040675 0.4153068 
MN432490_Megalocytivirus_pagrus1_ISKNV                   0.0067312 0.0068418 0.0349901 2.7560357 0.0063974 0.0341943 2.0683010 0.0343151 0.0349901 0.0402273 2.6772619 2.7938142 0.0364781 2.5440873 0.0087278 0.0341943 2.1216711 2.9716165 2.3521235 0.0418839 0.0418857 0.0351045 0.0352206 0.0352206 1.0719889 0.0067309 0.0000000 1.0526153 2.1278304 0.0066196 0.0066196 1.0526676 0.0343080 0.0066190 0.0034055 0.0359396 0.0065089 0.0066194 0.0063974 0.0066199 0.0000010 0.0065084 0.0065084 0.0333770 0.0069541 0.0069535 0.0067322 0.0066201 0.0066194 2.0934020 0.0353975 0.0343557 0.0361752 0.0360613 0.0359396 1.0522935 0.0343080 0.0067299 0.0355315 0.0350017 0.0010949 0.0066234 0.0354183 0.0063973 0.0065119 0.0068426 0.0070635 0.0031850 0.0030769 0.4153761 
MN562489_Megalocytivirus_lates1_SDDV                     1.0542148 1.0544896 1.0503157 2.8903200 1.0536432 1.0515725 2.1984131 1.0516039 1.0503157 1.0641007 2.8042028 2.9290349 1.0588964 2.7127407 1.0524613 1.0515725 2.1686769 3.1473597 2.3683620 1.0587447 1.0580713 1.0502912 1.0506824 1.0506824 0.5040097 1.0540654 1.0526153 0.0000000 2.1608780 1.0543218 1.0543218 0.0001120 1.0515185 1.0539049 1.0529968 1.0494551 1.0539656 1.0542750 1.0536432 1.0542460 1.0526153 1.0540882 1.0540882 1.0529882 1.0540956 1.0550845 1.0537265 1.0542869 1.0536935 2.2384812 1.0518281 1.0516425 1.0502312 1.0504563 1.0494551 0.0002241 1.0515185 1.0534353 1.0520128 1.0528536 1.0531765 1.0537966 1.0510637 1.0590712 1.0535741 1.0536587 1.0543632 1.0527113 1.0528253 1.0805756 
MN803438_Lymphocystivirus_micropogonias1_n/a             2.1282055 2.1282055 2.1204954 2.6862489 2.1274744 2.1280329 1.6991818 2.1280535 2.1204954 2.1371490 2.7985832 2.7168159 2.1379062 2.7024363 2.1301964 2.1280329 0.1588877 3.1672282 1.9648964 2.1356053 2.1348486 2.1204954 2.1213458 2.1213458 2.1856934 2.1285285 2.1278304 2.1608780 0.0000000 2.1278189 2.1278189 2.1611491 2.1281177 2.1269662 2.1257964 2.1171688 2.1283785 2.1281310 2.1274744 2.1280133 2.1278304 2.1275429 2.1275429 2.1269880 2.1274066 2.1296491 2.1272416 2.1284469 2.1291017 1.7562754 2.1206671 2.1317135 2.1174285 2.1172206 2.1171688 2.1606430 2.1281177 2.1281381 2.1209119 2.1236335 2.1265102 2.1292527 2.1191151 2.1169239 2.1288856 2.1285036 2.1276095 2.1246442 2.1262950 2.2473292 
MT128666_Megalocytivirus_pagrus1_ISKNV                   0.0005475 0.0006571 0.0354549 2.7518518 0.0002189 0.0351234 2.0643338 0.0352445 0.0354549 0.0426362 2.6773442 2.7923430 0.0372765 2.5444616 0.0025217 0.0351234 2.1181243 2.9489084 2.3511183 0.0437050 0.0437069 0.0355694 0.0356857 0.0356857 1.0723276 0.0005475 0.0066196 1.0543218 2.1278189 0.0000000 0.0000010 1.0543743 0.0352372 0.0004379 0.0043952 0.0366319 0.0003284 0.0004379 0.0002189 0.0004380 0.0066196 0.0003284 0.0003284 0.0343047 0.0007668 0.0007667 0.0005476 0.0004380 0.0004379 2.0904871 0.0362051 0.0357222 0.0368679 0.0367538 0.0366319 1.0541496 0.0352372 0.0005474 0.0364423 0.0360297 0.0061745 0.0004382 0.0361153 0.0011299 0.0003286 0.0006571 0.0008762 0.0038446 0.0039569 0.4155279 
MT128667_Megalocytivirus_pagrus1_ISKNV                   0.0005475 0.0006571 0.0354549 2.7518518 0.0002189 0.0351234 2.0643338 0.0352445 0.0354549 0.0426362 2.6773442 2.7923430 0.0372765 2.5444616 0.0025217 0.0351234 2.1181243 2.9489084 2.3511183 0.0437050 0.0437069 0.0355694 0.0356857 0.0356857 1.0723276 0.0005475 0.0066196 1.0543218 2.1278189 0.0000010 0.0000000 1.0543743 0.0352372 0.0004379 0.0043952 0.0366319 0.0003284 0.0004379 0.0002189 0.0004380 0.0066196 0.0003284 0.0003284 0.0343047 0.0007668 0.0007667 0.0005476 0.0004380 0.0004379 2.0904871 0.0362051 0.0357222 0.0368679 0.0367538 0.0366319 1.0541496 0.0352372 0.0005474 0.0364423 0.0360297 0.0061745 0.0004382 0.0361153 0.0011299 0.0003286 0.0006571 0.0008762 0.0038446 0.0039569 0.4155279 
MT521409_Megalocytivirus_lates1_SDDV                     1.0542673 1.0545421 1.0503679 2.8910781 1.0536957 1.0516247 2.1991956 1.0516561 1.0503679 1.0643330 2.8052811 2.9294765 1.0589492 2.7130444 1.0525137 1.0516247 2.1687003 3.1473597 2.3691609 1.0587975 1.0581240 1.0503433 1.0507345 1.0507345 0.5040272 1.0541179 1.0526676 0.0001120 2.1611491 1.0543743 1.0543743 0.0000000 1.0515707 1.0539573 1.0530492 1.0495072 1.0540181 1.0543275 1.0536957 1.0542986 1.0526676 1.0541407 1.0541407 1.0530405 1.0541481 1.0551371 1.0537790 1.0543394 1.0537460 2.2392809 1.0518804 1.0516948 1.0502834 1.0505084 1.0495072 0.0003362 1.0515707 1.0534877 1.0520651 1.0529059 1.0532288 1.0538491 1.0511159 1.0591394 1.0536266 1.0537112 1.0544157 1.0527636 1.0528776 1.0806224 
MT798582_Megalocytivirus_pagrus1_RSIV                    0.0351272 0.0352416 0.0105702 2.7621150 0.0350030 0.0001091 2.0682636 0.0002183 0.0105702 0.0407518 2.6571045 2.8072300 0.0019726 2.5323538 0.0325715 0.0001091 2.1248691 2.9552233 2.3478142 0.0424154 0.0425342 0.0106807 0.0107919 0.0107919 1.0788485 0.0353555 0.0343080 1.0515185 2.1281177 0.0352372 0.0352372 1.0515707 0.0000000 0.0352345 0.0345035 0.0121332 0.0351225 0.0352366 0.0350030 0.0350094 0.0343080 0.0351200 0.0351200 0.0012016 0.0355940 0.0355909 0.0353623 0.0352403 0.0352365 2.0920560 0.0071436 0.0016421 0.0121342 0.0120236 0.0121332 1.0511974 0.0000010 0.0353500 0.0071471 0.0055977 0.0347674 0.0352556 0.0116767 0.0361225 0.0351365 0.0353563 0.0357022 0.0353079 0.0352121 0.4214540 
MT926123_Megalocytivirus_pagrus1_ISKNV                   0.0005475 0.0006570 0.0354522 2.7516790 0.0002189 0.0351207 2.0657369 0.0352418 0.0354522 0.0426330 2.6774541 2.7912609 0.0372737 2.5445743 0.0025214 0.0351207 2.1175350 2.9498318 2.3518512 0.0437017 0.0437036 0.0355667 0.0356829 0.0356829 1.0718766 0.0005475 0.0066190 1.0539049 2.1269662 0.0004379 0.0004379 1.0539573 0.0352345 0.0000000 0.0043948 0.0366291 0.0003284 0.0004379 0.0002189 0.0004379 0.0066190 0.0003284 0.0003284 0.0343020 0.0007667 0.0007667 0.0005476 0.0004379 0.0004379 2.0912937 0.0362024 0.0357195 0.0368650 0.0367510 0.0366291 1.0537327 0.0352345 0.0005474 0.0364395 0.0360269 0.0061740 0.0004382 0.0361126 0.0011298 0.0003286 0.0006571 0.0008761 0.0038442 0.0039566 0.4151771 
MT986830_Megalocytivirus_pagrus1_ISKNV                   0.0045059 0.0046170 0.0349576 2.7530503 0.0041744 0.0343898 2.0630729 0.0345106 0.0349576 0.0409905 2.6691603 2.7939030 0.0365372 2.5378408 0.0064933 0.0343898 2.1191882 2.9525812 2.3450999 0.0426398 0.0426416 0.0350718 0.0351879 0.0351879 1.0728718 0.0045057 0.0034055 1.0529968 2.1257964 0.0043952 0.0043952 1.0530492 0.0345035 0.0043948 0.0000000 0.0359002 0.0042851 0.0043951 0.0041744 0.0043954 0.0034055 0.0042848 0.0042848 0.0335730 0.0047282 0.0047279 0.0045066 0.0043956 0.0043951 2.0911908 0.0353586 0.0345514 0.0361356 0.0360218 0.0359002 1.0526750 0.0345035 0.0045050 0.0354925 0.0351968 0.0027444 0.0043977 0.0353854 0.0051050 0.0042871 0.0046175 0.0048376 0.0007657 0.0006567 0.4163587 
MW139932_Megalocytivirus_pagrus1_RSIV                    0.0365219 0.0366364 0.0085820 2.7580804 0.0363971 0.0120226 2.0740693 0.0121357 0.0085820 0.0365222 2.6549292 2.8057012 0.0140620 2.5300460 0.0341928 0.0120226 2.1154529 2.9373937 2.3465841 0.0406291 0.0405161 0.0086924 0.0088033 0.0088033 1.0794182 0.0367505 0.0359396 1.0494551 2.1171688 0.0366319 0.0366319 1.0495072 0.0121332 0.0366291 0.0359002 0.0000000 0.0365169 0.0366313 0.0363971 0.0364037 0.0359396 0.0365144 0.0365144 0.0122468 0.0369897 0.0369866 0.0367576 0.0366350 0.0366311 2.0934773 0.0049315 0.0133804 0.0002184 0.0003276 0.0000010 1.0492832 0.0121332 0.0367448 0.0051540 0.0109208 0.0364000 0.0366509 0.0074725 0.0376859 0.0365314 0.0367513 0.0370978 0.0367062 0.0366108 0.4205020 
MW273353_Megalocytivirus_pagrus1_ISKNV                   0.0004380 0.0005475 0.0353402 2.7530207 0.0001095 0.0350087 2.0643259 0.0351298 0.0353402 0.0425200 2.6778586 2.7914835 0.0371613 2.5427072 0.0024119 0.0350087 2.1179535 2.9492478 2.3493980 0.0435890 0.0435909 0.0354546 0.0355709 0.0355709 1.0723446 0.0004380 0.0065089 1.0539656 2.1283785 0.0003284 0.0003284 1.0540181 0.0351225 0.0003284 0.0042851 0.0365169 0.0000000 0.0003284 0.0001095 0.0003285 0.0065089 0.0002189 0.0002189 0.0341900 0.0006572 0.0006571 0.0004381 0.0003285 0.0003284 2.0919785 0.0360901 0.0356073 0.0367529 0.0366389 0.0365169 1.0537934 0.0351225 0.0004379 0.0363273 0.0359148 0.0060639 0.0003286 0.0360006 0.0009886 0.0002190 0.0005476 0.0007666 0.0037345 0.0038468 0.4151495 
MW273354_Megalocytivirus_pagrus1_ISKNV                   0.0005475 0.0006570 0.0354543 2.7515303 0.0002189 0.0351228 2.0647651 0.0352439 0.0354543 0.0425047 2.6785323 2.7923286 0.0372759 2.5447641 0.0025216 0.0351228 2.1178405 2.9471750 2.3500650 0.0435733 0.0435752 0.0355688 0.0356851 0.0356851 1.0722760 0.0005475 0.0066194 1.0542750 2.1281310 0.0004379 0.0004379 1.0543275 0.0352366 0.0004379 0.0043951 0.0366313 0.0003284 0.0000000 0.0002189 0.0004380 0.0066194 0.0003284 0.0003284 0.0343041 0.0007668 0.0005475 0.0005476 0.0002189 0.0004379 2.0921018 0.0362045 0.0357216 0.0368672 0.0367532 0.0366313 1.0541028 0.0352366 0.0005474 0.0364417 0.0360291 0.0061744 0.0004382 0.0361147 0.0011299 0.0003286 0.0006571 0.0008762 0.0038445 0.0039569 0.4153718 
MW883593_Megalocytivirus_pagrus1_ISKNV                   0.0003284 0.0004379 0.0352206 2.7516905 0.0000010 0.0348892 2.0649564 0.0350103 0.0352206 0.0423981 2.6771921 2.7924972 0.0370411 2.5443216 0.0023018 0.0348892 2.1177791 2.9492478 2.3508742 0.0434669 0.0434689 0.0353351 0.0354513 0.0354513 1.0720069 0.0003284 0.0063974 1.0536432 2.1274744 0.0002189 0.0002189 1.0536957 0.0350030 0.0002189 0.0041744 0.0363971 0.0001095 0.0002189 0.0000000 0.0002189 0.0063974 0.0001094 0.0001094 0.0340708 0.0005476 0.0005475 0.0003285 0.0002189 0.0002189 2.0910937 0.0359703 0.0354876 0.0366329 0.0365189 0.0363971 1.0534710 0.0350030 0.0003284 0.0362073 0.0357952 0.0059525 0.0002190 0.0358810 0.0008472 0.0001095 0.0004380 0.0006570 0.0036240 0.0037362 0.4151136 
MW883594_Megalocytivirus_pagrus1_ISKNV                   0.0001094 0.0002189 0.0352271 2.7526471 0.0002189 0.0348956 2.0650841 0.0350167 0.0352271 0.0426385 2.6774516 2.7937063 0.0370479 2.5452707 0.0025218 0.0348956 2.1183171 2.9495671 2.3507482 0.0437074 0.0437093 0.0353415 0.0354578 0.0354578 1.0727377 0.0005475 0.0066199 1.0542460 2.1280133 0.0004380 0.0004380 1.0542986 0.0350094 0.0004379 0.0043954 0.0364037 0.0003285 0.0004380 0.0002189 0.0000000 0.0066199 0.0003284 0.0003284 0.0340771 0.0005474 0.0007668 0.0005476 0.0004380 0.0004380 2.0916828 0.0359769 0.0354941 0.0366396 0.0365256 0.0364037 1.0540738 0.0350094 0.0005475 0.0362140 0.0358017 0.0061748 0.0004382 0.0358876 0.0009885 0.0003286 0.0006572 0.0008763 0.0038448 0.0039572 0.4151885 
MW883595_Megalocytivirus_pagrus1_ISKNV                   0.0067312 0.0068418 0.0349901 2.7560357 0.0063974 0.0341943 2.0683010 0.0343151 0.0349901 0.0402273 2.6772619 2.7938142 0.0364781 2.5440873 0.0087278 0.0341943 2.1216711 2.9716165 2.3521235 0.0418839 0.0418857 0.0351045 0.0352206 0.0352206 1.0719889 0.0067309 0.0000010 1.0526153 2.1278304 0.0066196 0.0066196 1.0526676 0.0343080 0.0066190 0.0034055 0.0359396 0.0065089 0.0066194 0.0063974 0.0066199 0.0000000 0.0065084 0.0065084 0.0333770 0.0069541 0.0069535 0.0067322 0.0066201 0.0066194 2.0934020 0.0353975 0.0343557 0.0361752 0.0360613 0.0359396 1.0522935 0.0343080 0.0067299 0.0355315 0.0350017 0.0010949 0.0066234 0.0354183 0.0063973 0.0065119 0.0068426 0.0070635 0.0031850 0.0030769 0.4153761 
MW883596_Megalocytivirus_pagrus1_ISKNV                   0.0004380 0.0005475 0.0353377 2.7530658 0.0001094 0.0350062 2.0659233 0.0351273 0.0353377 0.0425170 2.6785348 2.7939522 0.0371587 2.5456474 0.0024117 0.0350062 2.1178469 2.9492478 2.3520952 0.0435859 0.0435878 0.0354521 0.0355684 0.0355684 1.0724700 0.0004380 0.0065084 1.0540882 2.1275429 0.0003284 0.0003284 1.0541407 0.0351200 0.0003284 0.0042848 0.0365144 0.0002189 0.0003284 0.0001094 0.0003284 0.0065084 0.0000000 0.0000010 0.0341876 0.0006572 0.0006571 0.0004380 0.0003284 0.0003284 2.0915573 0.0360876 0.0356048 0.0367503 0.0366363 0.0365144 1.0539160 0.0351200 0.0004379 0.0363247 0.0359123 0.0060635 0.0003286 0.0359981 0.0009885 0.0002190 0.0005475 0.0007666 0.0037342 0.0038465 0.4153316 
MW883597_Megalocytivirus_pagrus1_ISKNV                   0.0004380 0.0005475 0.0353377 2.7530658 0.0001094 0.0350062 2.0659233 0.0351273 0.0353377 0.0425170 2.6785348 2.7939522 0.0371587 2.5456474 0.0024117 0.0350062 2.1178469 2.9492478 2.3520952 0.0435859 0.0435878 0.0354521 0.0355684 0.0355684 1.0724700 0.0004380 0.0065084 1.0540882 2.1275429 0.0003284 0.0003284 1.0541407 0.0351200 0.0003284 0.0042848 0.0365144 0.0002189 0.0003284 0.0001094 0.0003284 0.0065084 0.0000010 0.0000000 0.0341876 0.0006572 0.0006571 0.0004380 0.0003284 0.0003284 2.0915573 0.0360876 0.0356048 0.0367503 0.0366363 0.0365144 1.0539160 0.0351200 0.0004379 0.0363247 0.0359123 0.0060635 0.0003286 0.0359981 0.0009885 0.0002190 0.0005475 0.0007666 0.0037342 0.0038465 0.4153316 
MW883598_Megalocytivirus_pagrus1_RSIV                    0.0341947 0.0343089 0.0100174 2.7632333 0.0340708 0.0010923 2.0676914 0.0012019 0.0100174 0.0399381 2.6591765 2.8080039 0.0031808 2.5320296 0.0316430 0.0010923 2.1235676 2.9572812 2.3476490 0.0417066 0.0418253 0.0101279 0.0102390 0.0102390 1.0793625 0.0344227 0.0333770 1.0529882 2.1269880 0.0343047 0.0343047 1.0530405 0.0012016 0.0343020 0.0335730 0.0122468 0.0341900 0.0343041 0.0340708 0.0340771 0.0333770 0.0341876 0.0341876 0.0000000 0.0346607 0.0346577 0.0344293 0.0343076 0.0343039 2.0913574 0.0076975 0.0026292 0.0122478 0.0121371 0.0122468 1.0526667 0.0012016 0.0344173 0.0077013 0.0054884 0.0338358 0.0343226 0.0111235 0.0350858 0.0342038 0.0344234 0.0347689 0.0343764 0.0342802 0.4213996 
MW883599_Megalocytivirus_pagrus1_ISKNV                   0.0006570 0.0007665 0.0358118 2.7533717 0.0005476 0.0354801 2.0641414 0.0356014 0.0358118 0.0429999 2.6773122 2.7931554 0.0376354 2.5445592 0.0028520 0.0354801 2.1178395 2.9500348 2.3511502 0.0439490 0.0439509 0.0359264 0.0360427 0.0360427 1.0730315 0.0008765 0.0069541 1.0540956 2.1274066 0.0007668 0.0007668 1.0541481 0.0355940 0.0007667 0.0047282 0.0369897 0.0006572 0.0007668 0.0005476 0.0005474 0.0069541 0.0006572 0.0006572 0.0346607 0.0000000 0.0010959 0.0004380 0.0007668 0.0007668 2.0898943 0.0365630 0.0360795 0.0372259 0.0371118 0.0369897 1.0539234 0.0355940 0.0008763 0.0368004 0.0363869 0.0065085 0.0007672 0.0364724 0.0012712 0.0006575 0.0009862 0.0012054 0.0041762 0.0042889 0.4156874 
MW883600_Megalocytivirus_pagrus1_ISKNV                   0.0008764 0.0009860 0.0358088 2.7528636 0.0005475 0.0354770 2.0649017 0.0355983 0.0358088 0.0428652 2.6796606 2.7938224 0.0376321 2.5461233 0.0028518 0.0354770 2.1193549 2.9483432 2.3503005 0.0439338 0.0439357 0.0359233 0.0360396 0.0360396 1.0728217 0.0008764 0.0069535 1.0550845 2.1296491 0.0007667 0.0007667 1.0551371 0.0355909 0.0007667 0.0047279 0.0369866 0.0006571 0.0005475 0.0005475 0.0007668 0.0069535 0.0006571 0.0006571 0.0346577 0.0010959 0.0000000 0.0008765 0.0005475 0.0007667 2.0932775 0.0365598 0.0360764 0.0372227 0.0371086 0.0369866 1.0549122 0.0355909 0.0008762 0.0367972 0.0363838 0.0065080 0.0007672 0.0364693 0.0015545 0.0006575 0.0007668 0.0012053 0.0041759 0.0042885 0.4156947 
MW883601_Megalocytivirus_pagrus1_ISKNV                   0.0006573 0.0007668 0.0355801 2.7508936 0.0003285 0.0352484 2.0654728 0.0353696 0.0355801 0.0427650 2.6750940 2.7929742 0.0374026 2.5428623 0.0026322 0.0352484 2.1179000 2.9546504 2.3518757 0.0437142 0.0437162 0.0356946 0.0358109 0.0358109 1.0727965 0.0006572 0.0067322 1.0537265 2.1272416 0.0005476 0.0005476 1.0537790 0.0353623 0.0005476 0.0045066 0.0367576 0.0004381 0.0005476 0.0003285 0.0005476 0.0067322 0.0004380 0.0004380 0.0344293 0.0004380 0.0008765 0.0000000 0.0005477 0.0005476 2.0914771 0.0363307 0.0358475 0.0369936 0.0368796 0.0367576 1.0535543 0.0353623 0.0006571 0.0365680 0.0361550 0.0062868 0.0005479 0.0362407 0.0011300 0.0004383 0.0007669 0.0009861 0.0039557 0.0040682 0.4157309 
MW883602_Megalocytivirus_pagrus1_ISKNV                   0.0005476 0.0006571 0.0354580 2.7522031 0.0002189 0.0351264 2.0653490 0.0352476 0.0354580 0.0425090 2.6791217 2.7930402 0.0372797 2.5454141 0.0025219 0.0351264 2.1181561 2.9469795 2.3506642 0.0435777 0.0435797 0.0355725 0.0356887 0.0356887 1.0722876 0.0005476 0.0066201 1.0542869 2.1284469 0.0004380 0.0004380 1.0543394 0.0352403 0.0004379 0.0043956 0.0366350 0.0003285 0.0002189 0.0002189 0.0004380 0.0066201 0.0003284 0.0003284 0.0343076 0.0007668 0.0005475 0.0005477 0.0000000 0.0004380 2.0924754 0.0362082 0.0357253 0.0368710 0.0367570 0.0366350 1.0541146 0.0352403 0.0005475 0.0364454 0.0360328 0.0061750 0.0004382 0.0361184 0.0011301 0.0003286 0.0006572 0.0008763 0.0038449 0.0039573 0.4152367 
MW883603_Megalocytivirus_pagrus1_ISKNV                   0.0005475 0.0006570 0.0354542 2.7513169 0.0002189 0.0351226 2.0655883 0.0352438 0.0354542 0.0426353 2.6773253 2.7937981 0.0372757 2.5444531 0.0025216 0.0351226 2.1194022 2.9492478 2.3530729 0.0437041 0.0437060 0.0355686 0.0356849 0.0356849 1.0721248 0.0005475 0.0066194 1.0536935 2.1291017 0.0004379 0.0004379 1.0537460 0.0352365 0.0004379 0.0043951 0.0366311 0.0003284 0.0004379 0.0002189 0.0004380 0.0066194 0.0003284 0.0003284 0.0343039 0.0007668 0.0007667 0.0005476 0.0004380 0.0000000 2.0912707 0.0362044 0.0357214 0.0368671 0.0367531 0.0366311 1.0535213 0.0352365 0.0005474 0.0364415 0.0360289 0.0061743 0.0004382 0.0361146 0.0011299 0.0003286 0.0006571 0.0008762 0.0038445 0.0039568 0.4152229 
NC_005946_Ranavirus_rana1_n/a                            2.0920151 2.0920151 2.0967841 2.8464159 2.0910937 2.0918085 0.6134059 2.0918299 2.0967841 2.1044205 2.8954547 2.8849116 2.0955666 2.7726393 2.0914914 2.0918085 1.7579125 3.1542847 2.1892206 2.1053369 2.1057430 2.0967841 2.0976246 2.0976246 2.2795217 2.0918020 2.0934020 2.2384812 1.7562754 2.0904871 2.0904871 2.2392809 2.0920560 2.0912937 2.0911908 2.0934773 2.0919785 2.0921018 2.0910937 2.0916828 2.0934020 2.0915573 2.0915573 2.0913574 2.0898943 2.0932775 2.0914771 2.0924754 2.0912707 0.0000000 2.0916052 2.0939584 2.0943050 2.0940984 2.0934773 2.2382302 2.0920560 2.0914688 2.0916829 2.0941059 2.0916657 2.0913320 2.0949774 2.0530886 2.0914418 2.0921542 2.0915716 2.0890986 2.0904941 2.1634605 
OK042108_Megalocytivirus_pagrus1_RSIV                    0.0360950 0.0362096 0.0100253 2.7604965 0.0359703 0.0070335 2.0703601 0.0071451 0.0100253 0.0380570 2.6579499 2.8109566 0.0090468 2.5322122 0.0337653 0.0070335 2.1196337 2.9387611 2.3518563 0.0413783 0.0412651 0.0101359 0.0102470 0.0102470 1.0784650 0.0363237 0.0353975 1.0518281 2.1206671 0.0362051 0.0362051 1.0518804 0.0071436 0.0362024 0.0353586 0.0049315 0.0360901 0.0362045 0.0359703 0.0359769 0.0353975 0.0360876 0.0360876 0.0076975 0.0365630 0.0365598 0.0363307 0.0362082 0.0362044 2.0916052 0.0000000 0.0088177 0.0049319 0.0048222 0.0049315 1.0516562 0.0071436 0.0363181 0.0002185 0.0061564 0.0358581 0.0362240 0.0111322 0.0377029 0.0361045 0.0363245 0.0366712 0.0361649 0.0360692 0.4201032 
OK042109_Megalocytivirus_pagrus1_RSIV                    0.0356121 0.0357266 0.0118112 2.7596770 0.0354876 0.0017516 2.0688507 0.0018616 0.0118112 0.0387554 2.6672023 2.8033831 0.0036274 2.5424350 0.0330529 0.0017516 2.1267956 2.9552233 2.3488859 0.0402976 0.0404160 0.0119221 0.0120336 0.0120336 1.0799614 0.0358406 0.0343557 1.0516425 2.1317135 0.0357222 0.0357222 1.0516948 0.0016421 0.0357195 0.0345514 0.0133804 0.0356073 0.0357216 0.0354876 0.0354941 0.0343557 0.0356048 0.0356048 0.0026292 0.0360795 0.0360764 0.0358475 0.0357253 0.0357214 2.0939584 0.0088177 0.0000000 0.0133815 0.0132706 0.0133804 1.0514705 0.0016421 0.0358351 0.0088190 0.0072626 0.0348157 0.0357408 0.0129212 0.0367492 0.0356215 0.0358414 0.0361877 0.0353570 0.0352610 0.4210781 
