20
MCV_ML1_SDDV_MN562489_1_MCV_ML1_SDDV_MN562489.1_00134         0.0000000 0.0000010 0.0056707 1.0720223 1.0720223 1.1102594 1.1643293 1.1692734 1.1692734 1.1300189 1.1642398 1.1642398 1.1217491 1.1217491 1.5358219 1.1628399 1.1717568 1.1622289 1.1622289 1.1957116 
MCV_ML1_SDDV_MT521409_1_MCV_ML1_SDDV_MT521409.1_00135         0.0000010 0.0000000 0.0056707 1.0720223 1.0720223 1.1102594 1.1643293 1.1692734 1.1692734 1.1300189 1.1642398 1.1642398 1.1217491 1.1217491 1.5358219 1.1628399 1.1717568 1.1622289 1.1622289 1.1957116 
MCV_ML1_SDDV_NC_027778_1_MCV_ML1_SDDV_NC_027778.1_00117       0.0056707 0.0056707 0.0000000 1.0804813 1.0804813 1.1188628 1.1733711 1.1783250 1.1783250 1.1387560 1.1731306 1.1731306 1.1304340 1.1304340 1.5516435 1.1717635 1.1808494 1.1729831 1.1729831 1.2083188 
MCV_MP1_BCFI_MN432490_1_MCV_MP1_BCFI_MN432490.1_00034         1.0720223 1.0720223 1.0804813 0.0000000 0.0000010 0.1878139 0.0435045 0.1037232 0.1037232 0.1887522 0.1867982 0.1867982 0.1807363 0.1807363 0.4527401 0.1394171 0.0896354 0.1186433 0.1186433 0.1797934 
MCV_MP1_BCFI_MT926123_1_MCV_MP1_BCFI_MT926123.1_00034         1.0720223 1.0720223 1.0804813 0.0000010 0.0000000 0.1878139 0.0435045 0.1037232 0.1037232 0.1887522 0.1867982 0.1867982 0.1807363 0.1807363 0.4527401 0.1394171 0.0896354 0.1186433 0.1186433 0.1797934 
MCV_MP1_GSPI_KT804738_1_MCV_MP1_GSPI_KT804738.1_00031         1.1102594 1.1102594 1.1188628 0.1878139 0.1878139 0.0000000 0.2144010 0.1654072 0.1654072 0.0107287 0.0793776 0.0793776 0.0053190 0.0053190 0.2946253 0.1130332 0.1733574 0.1718485 0.1718485 0.2188350 
MCV_MP1_LYCI_AY779031_1_MCV_MP1_LYCI_AY779031.1_00036         1.1643293 1.1643293 1.1733711 0.0435045 0.0435045 0.2144010 0.0000000 0.1511442 0.1511442 0.2232488 0.2285980 0.2285980 0.2145738 0.2145738 0.4929292 0.1748500 0.1356633 0.1674497 0.1674497 0.2199618 
MCV_MP1_LYCI_MW139932_1_MCV_MP1_LYCI_MW139932.1_00035         1.1692734 1.1692734 1.1783250 0.1037232 0.1037232 0.1654072 0.1511442 0.0000000 0.0000010 0.1663187 0.1476284 0.1476284 0.1577328 0.1577328 0.4503071 0.1036741 0.0181861 0.0690867 0.0690867 0.0609937 
MCV_MP1_LYCI_OL774653_1_MCV_MP1_LYCI_OL774653.1_00053         1.1692734 1.1692734 1.1783250 0.1037232 0.1037232 0.1654072 0.1511442 0.0000010 0.0000000 0.1663187 0.1476284 0.1476284 0.1577328 0.1577328 0.4503071 0.1036741 0.0181861 0.0690867 0.0690867 0.0609937 
MCV_MP1_OSGI_AY894343_1_MCV_MP1_OSGI_AY894343.1_00031         1.1300189 1.1300189 1.1387560 0.1887522 0.1887522 0.0107287 0.2232488 0.1663187 0.1663187 0.0000000 0.0797413 0.0797413 0.0053421 0.0053421 0.2967640 0.1136370 0.1743176 0.1727922 0.1727922 0.2320901 
MCV_MP1_PI_MK098185_1_MCV_MP1_PI_MK098185.1_00035             1.1642398 1.1642398 1.1731306 0.1867982 0.1867982 0.0793776 0.2285980 0.1476284 0.1476284 0.0797413 0.0000000 0.0000010 0.0734001 0.0734001 0.2100374 0.0365986 0.1705199 0.1688273 0.1688273 0.2023592 
MCV_MP1_PI_MK098186_1_MCV_MP1_PI_MK098186.1_00032             1.1642398 1.1642398 1.1731306 0.1867982 0.1867982 0.0793776 0.2285980 0.1476284 0.1476284 0.0797413 0.0000010 0.0000000 0.0734001 0.0734001 0.2100374 0.0365986 0.1705199 0.1688273 0.1688273 0.2023592 
MCV_MP1_RBIV_AY532606_1_MCV_MP1_RBIV_AY532606.1_00032         1.1217491 1.1217491 1.1304340 0.1807363 0.1807363 0.0053190 0.2145738 0.1577328 0.1577328 0.0053421 0.0734001 0.0734001 0.0000000 0.0000010 0.2836062 0.1058811 0.1655999 0.1641565 0.1641565 0.2188350 
MCV_MP1_RBIV_KC244182_1_MCV_MP1_RBIV_KC244182.1_00031         1.1217491 1.1217491 1.1304340 0.1807363 0.1807363 0.0053190 0.2145738 0.1577328 0.1577328 0.0053421 0.0734001 0.0734001 0.0000010 0.0000000 0.2836062 0.1058811 0.1655999 0.1641565 0.1641565 0.2188350 
MCV_MP1_RSIV_BD143114_1_MCV_MP1_RSIV_BD143114.1_00043         1.5358219 1.5358219 1.5516435 0.4527401 0.4527401 0.2946253 0.4929292 0.4503071 0.4503071 0.2967640 0.2100374 0.2100374 0.2836062 0.2836062 0.0000000 0.3409602 0.4508428 0.4681387 0.4681387 0.9338738 
MCV_MP1_RSIV_OK042108_1_MCV_MP1_RSIV_OK042108.1_00045         1.1628399 1.1628399 1.1717635 0.1394171 0.1394171 0.1130332 0.1748500 0.1036741 0.1036741 0.1136370 0.0365986 0.0365986 0.1058811 0.1058811 0.3409602 0.0000000 0.1251139 0.1466940 0.1466940 0.1915434 
MCV_MP1_TRBIV_GQ273492_1_MCV_MP1_TRBIV_GQ273492.1_00032       1.1717568 1.1717568 1.1808494 0.0896354 0.0896354 0.1733574 0.1356633 0.0181861 0.0181861 0.1743176 0.1705199 0.1705199 0.1655999 0.1655999 0.4508428 0.1251139 0.0000000 0.0624074 0.0624074 0.0891591 
MCV_Unclassified_MG570131_1_MCV_Unclassified_MG570131.1_00033 1.1622289 1.1622289 1.1729831 0.1186433 0.1186433 0.1718485 0.1674497 0.0690867 0.0690867 0.1727922 0.1688273 0.1688273 0.1641565 0.1641565 0.4681387 0.1466940 0.0624074 0.0000000 0.0000010 0.1278495 
MCV_Unclassified_MG570132_1_MCV_Unclassified_MG570132.1_00033 1.1622289 1.1622289 1.1729831 0.1186433 0.1186433 0.1718485 0.1674497 0.0690867 0.0690867 0.1727922 0.1688273 0.1688273 0.1641565 0.1641565 0.4681387 0.1466940 0.0624074 0.0000010 0.0000000 0.1278495 
MCV_Unlassified_OL310752_1_MCV_Unlassified_OL310752.1_00115   1.1957116 1.1957116 1.2083188 0.1797934 0.1797934 0.2188350 0.2199618 0.0609937 0.0609937 0.2320901 0.2023592 0.2023592 0.2188350 0.2188350 0.9338738 0.1915434 0.0891591 0.1278495 0.1278495 0.0000000 
