15
MK689685_Megalocytivirus_pagrus1_ISKNV 0.0000000 0.0756412 0.0000010 0.0293187 0.0756412 0.0597045 0.0323007 0.0597045 0.0950842 0.0293187 0.0974821 0.0950842 0.0722002 0.0028446 0.0028446 
MW139932_Megalocytivirus_pagrus1_RSIV  0.0756412 0.0000000 0.0756412 0.0787968 0.0000010 0.0259041 0.0819470 0.0259041 0.0806893 0.0787968 0.0800042 0.0806893 0.0028352 0.0788576 0.0788576 
OR356116_Megalocytivirus_pagrus1_ISKNV 0.0000010 0.0756412 0.0000000 0.0293187 0.0756412 0.0597045 0.0323007 0.0597045 0.0950842 0.0293187 0.0974821 0.0950842 0.0722002 0.0028446 0.0028446 
PP151097_Megalocytivirus_pagrus1_ISKNV 0.0293187 0.0787968 0.0293187 0.0000000 0.0787968 0.0656221 0.0028246 0.0656221 0.0938768 0.0000010 0.1026232 0.0938768 0.0753314 0.0323342 0.0323342 
MK098186_Megalocytivirus_pagrus1_RSIV  0.0756412 0.0000010 0.0756412 0.0787968 0.0000000 0.0259041 0.0819470 0.0259041 0.0806893 0.0787968 0.0800042 0.0806893 0.0028352 0.0788576 0.0788576 
ON743042_Megalocytivirus_pagrus1_RSIV  0.0597045 0.0259041 0.0597045 0.0656221 0.0259041 0.0000000 0.0687037 0.0000010 0.0722660 0.0656221 0.0689724 0.0722660 0.0229018 0.0628432 0.0628432 
MW883595_Megalocytivirus_pagrus1_ISKNV 0.0323007 0.0819470 0.0323007 0.0028246 0.0819470 0.0687037 0.0000000 0.0687037 0.0970967 0.0028246 0.1058376 0.0970967 0.0784579 0.0353282 0.0353282 
OK042109_Megalocytivirus_pagrus1_RSIV  0.0597045 0.0259041 0.0597045 0.0656221 0.0259041 0.0000010 0.0687037 0.0000000 0.0722660 0.0656221 0.0689724 0.0722660 0.0229018 0.0628432 0.0628432 
MG570132_Megalocytivirus_pagrus1_TRBIV 0.0950842 0.0806893 0.0950842 0.0938768 0.0806893 0.0722660 0.0970967 0.0722660 0.0000000 0.0938768 0.0408397 0.0000010 0.0771616 0.0983747 0.0983747 
MN432490_Megalocytivirus_pagrus1_ISKNV 0.0293187 0.0787968 0.0293187 0.0000010 0.0787968 0.0656221 0.0028246 0.0656221 0.0938768 0.0000000 0.1026232 0.0938768 0.0753314 0.0323342 0.0323342 
GQ273492_Megalocytivirus_pagrus1_TRBIV 0.0974821 0.0800042 0.0974821 0.1026232 0.0800042 0.0689724 0.1058376 0.0689724 0.0408397 0.1026232 0.0000000 0.0408397 0.0765043 0.1007581 0.1007581 
MG570131_Megalocytivirus_pagrus1_TRBIV 0.0950842 0.0806893 0.0950842 0.0938768 0.0806893 0.0722660 0.0970967 0.0722660 0.0000010 0.0938768 0.0408397 0.0000000 0.0771616 0.0983747 0.0983747 
OQ475017_Megalocytivirus_pagrus1_RSIV  0.0722002 0.0028352 0.0722002 0.0753314 0.0028352 0.0229018 0.0784579 0.0229018 0.0771616 0.0753314 0.0765043 0.0771616 0.0000000 0.0753899 0.0753899 
OR670976_Megalocytivirus_pagrus1_ISKNV 0.0028446 0.0788576 0.0028446 0.0323342 0.0788576 0.0628432 0.0353282 0.0628432 0.0983747 0.0323342 0.1007581 0.0983747 0.0753899 0.0000000 0.0000010 
OQ513807_Megalocytivirus_pagrus1_ISKNV 0.0028446 0.0788576 0.0028446 0.0323342 0.0788576 0.0628432 0.0353282 0.0628432 0.0983747 0.0323342 0.1007581 0.0983747 0.0753899 0.0000010 0.0000000 
