18
PP151097_Megalocytivirus_pagrus1_ISKNV 0.0000000 0.0000010 0.1468618 0.1983905 0.1900836 0.1823709 0.1900836 0.0052595 0.1961301 0.1961301 0.1468618 0.1233355 1.1723713 0.0900628 1.1723713 0.9666810 0.1968856 0.1233355 
MN432490_Megalocytivirus_pagrus1_ISKNV 0.0000010 0.0000000 0.1468618 0.1983905 0.1900836 0.1823709 0.1900836 0.0052595 0.1961301 0.1961301 0.1468618 0.1233355 1.1723713 0.0900628 1.1723713 0.9666810 0.1968856 0.1233355 
ON740976_Megalocytivirus_pagrus1_RSIV  0.1468618 0.1468618 0.0000000 0.1971011 0.1886882 0.0921920 0.1886882 0.1536316 0.1781494 0.1781494 0.0000010 0.0695293 1.3496858 0.0184262 1.3496858 0.9675851 0.1955837 0.0695293 
AY894343_Megalocytivirus_pagrus1_RSIV  0.1983905 0.1983905 0.1971011 0.0000000 0.0054168 0.1485436 0.0054168 0.2057115 0.0811632 0.0811632 0.1971011 0.1752960 1.2915990 0.1774880 1.2915990 0.7659235 0.0108596 0.1752960 
MT798582_Megalocytivirus_pagrus1_RSIV  0.1900836 0.1900836 0.1886882 0.0054168 0.0000000 0.1407862 0.0000010 0.1972955 0.0746862 0.0746862 0.1886882 0.1664647 1.2780421 0.1685363 1.2780421 0.7454409 0.0053800 0.1664647 
OK042108_Megalocytivirus_pagrus1_RSIV  0.1823709 0.1823709 0.0921920 0.1485436 0.1407862 0.0000000 0.1407862 0.1894571 0.0710303 0.0710303 0.0921920 0.1480252 1.3324403 0.1254533 1.3324403 0.8557920 0.1474137 0.1480252 
MW883598_Megalocytivirus_pagrus1_RSIV  0.1900836 0.1900836 0.1886882 0.0054168 0.0000010 0.1407862 0.0000000 0.1972955 0.0746862 0.0746862 0.1886882 0.1664647 1.2780421 0.1685363 1.2780421 0.7454409 0.0053800 0.1664647 
MW883602_Megalocytivirus_pagrus1_ISKNV 0.0052595 0.0052595 0.1536316 0.2057115 0.1972955 0.1894571 0.1972955 0.0000000 0.2033325 0.2033325 0.1536316 0.1304333 1.1939370 0.0969392 1.1939370 0.9666810 0.2041454 0.1304333 
MK098185_Megalocytivirus_pagrus1_RSIV  0.1961301 0.1961301 0.1781494 0.0811632 0.0746862 0.0710303 0.0746862 0.2033325 0.0000000 0.0000010 0.1781494 0.1705048 1.3022271 0.1720570 1.3022271 0.6283087 0.0805897 0.1705048 
ON743042_Megalocytivirus_pagrus1_RSIV  0.1961301 0.1961301 0.1781494 0.0811632 0.0746862 0.0710303 0.0746862 0.2033325 0.0000010 0.0000000 0.1781494 0.1705048 1.3022271 0.1720570 1.3022271 0.6283087 0.0805897 0.1705048 
MW139932_Megalocytivirus_pagrus1_RSIV  0.1468618 0.1468618 0.0000010 0.1971011 0.1886882 0.0921920 0.1886882 0.1536316 0.1781494 0.1781494 0.0000000 0.0695293 1.3496858 0.0184262 1.3496858 0.9675851 0.1955837 0.0695293 
MG570132_Megalocytivirus_pagrus1_TRBIV 0.1233355 0.1233355 0.0695293 0.1752960 0.1664647 0.1480252 0.1664647 0.1304333 0.1705048 0.1705048 0.0695293 0.0000000 1.2700387 0.0622770 1.2700387 1.0188141 0.1738349 0.0000010 
MN562489_Megalocytivirus_lates1_SDDV   1.1723713 1.1723713 1.3496858 1.2915990 1.2780421 1.3324403 1.2780421 1.1939370 1.3022271 1.3022271 1.3496858 1.2700387 0.0000000 1.2926061 0.0000010 2.9512914 1.2659514 1.2700387 
GQ273492_Megalocytivirus_pagrus1_TRBIV 0.0900628 0.0900628 0.0184262 0.1774880 0.1685363 0.1254533 0.1685363 0.0969392 0.1720570 0.1720570 0.0184262 0.0622770 1.2926061 0.0000000 1.2926061 1.0344112 0.1759933 0.0622770 
MT521409_Megalocytivirus_lates1_SDDV   1.1723713 1.1723713 1.3496858 1.2915990 1.2780421 1.3324403 1.2780421 1.1939370 1.3022271 1.3022271 1.3496858 1.2700387 0.0000010 1.2926061 0.0000000 2.9512914 1.2659514 1.2700387 
BD143114_Megalocytivirus_pagrus1_RSIV  0.9666810 0.9666810 0.9675851 0.7659235 0.7454409 0.8557920 0.7454409 0.9666810 0.6283087 0.6283087 0.9675851 1.0188141 2.9512914 1.0344112 2.9512914 0.0000000 0.7579931 1.0188141 
KT804738_Megalocytivirus_pagrus1_RSIV  0.1968856 0.1968856 0.1955837 0.0108596 0.0053800 0.1474137 0.0053800 0.2041454 0.0805897 0.0805897 0.1955837 0.1738349 1.2659514 0.1759933 1.2659514 0.7579931 0.0000000 0.1738349 
MG570131_Megalocytivirus_pagrus1_TRBIV 0.1233355 0.1233355 0.0695293 0.1752960 0.1664647 0.1480252 0.1664647 0.1304333 0.1705048 0.1705048 0.0695293 0.0000010 1.2700387 0.0622770 1.2700387 1.0188141 0.1738349 0.0000000 
