27
AF303741_AF303741.1_00189          0.0000000 2.5329139 2.2156112 2.5286199 2.5442325 2.5462937 1.3700165 0.4839247 2.6161254 1.0123916 2.5286199 2.1315298 2.0827689 1.8234270 2.5287807 2.5287807 2.5442325 2.5329139 2.5460146 2.4038607 2.1399771 2.4038607 2.5542425 2.2990609 2.5542425 2.5384599 2.5432157 
AF371960_AF371960.1_00036          2.5329139 0.0000000 1.5218975 0.0284669 0.0292967 0.0305080 2.7512322 2.5584839 0.0399786 1.8507148 0.0284669 1.4030015 2.6665239 1.8169763 0.0284689 0.0284689 0.0292967 0.0000010 0.0107120 0.6685917 1.4159810 0.6685917 0.0273493 1.6293174 0.0273493 0.0097175 0.0303087 
AY521625_AY521625.1_00065          2.2156112 1.5218975 0.0000000 1.5422666 1.5450079 1.5472779 2.5257540 2.1825183 1.5648449 1.7303203 1.5422666 0.9654886 2.9130347 1.4581250 1.5169284 1.5169284 1.5450079 1.5218975 1.5351599 1.4171058 0.9661806 1.4171058 1.5431864 0.4310209 1.5431864 1.5275689 1.5493293 
AY894343_MK689686.1_00034          2.5286199 0.0284669 1.5422666 0.0000000 0.0075907 0.0273198 2.7281770 2.5357961 0.0116549 1.8288735 0.0000010 1.4133407 2.7080012 1.8527615 0.0244952 0.0244952 0.0075907 0.0284669 0.0265502 0.6768701 1.4366530 0.6768701 0.0133769 1.6452477 0.0133769 0.0255110 0.0085495 
BD143114_MK689686.1_00034          2.5442325 0.0292967 1.5450079 0.0075907 0.0000000 0.0281695 2.7169528 2.5563537 0.0185372 1.8264491 0.0075907 1.4089381 2.7084083 1.8386742 0.0253431 0.0253431 0.0000010 0.0292967 0.0273909 0.6829475 1.4322230 0.6829475 0.0076034 1.6517951 0.0076034 0.0263549 0.0009435 
GQ273492_DNA-directed              2.5462937 0.0305080 1.5472779 0.0273198 0.0281695 0.0000000 2.7191022 2.5830574 0.0400905 1.8452812 0.0273198 1.4166727 2.6891011 1.8578152 0.0125639 0.0125639 0.0281695 0.0305080 0.0297246 0.6866265 1.4365797 0.6866265 0.0212539 1.6441070 0.0212539 0.0286714 0.0291750 
HF920633_HF920633.1_00175          1.3700165 2.7512322 2.5257540 2.7281770 2.7169528 2.7191022 0.0000000 1.4400889 2.8205853 0.2113034 2.7281770 2.4123633 1.8663082 1.9799379 2.6963837 2.6963837 2.7169528 2.7512322 2.7754921 2.6680811 2.4052151 2.6680811 2.7150569 2.6719732 2.7150569 2.7613739 2.7151278 
HF920637_HF920637.1_00213          0.4839247 2.5584839 2.1825183 2.5357961 2.5563537 2.5830574 1.4400889 0.0000000 2.6312571 1.0582872 2.5357961 2.3489029 2.1533823 1.9128070 2.5306254 2.5306254 2.5563537 2.5584839 2.5490723 2.4081721 2.3454933 2.4081721 2.5706265 2.3524791 2.5706265 2.5415214 2.5546106 
KC244182_MK689686.1_00034          2.6161254 0.0399786 1.5648449 0.0116549 0.0185372 0.0400905 2.8205853 2.6312571 0.0000000 1.8288735 0.0116549 1.4548537 2.7804121 1.8991405 0.0372548 0.0372548 0.0185372 0.0399786 0.0394039 0.7061821 1.4807696 0.7061821 0.0245459 1.6709908 0.0245459 0.0383113 0.0195333 
KF938901_KF938901.1_00023          1.0123916 1.8507148 1.7303203 1.8288735 1.8264491 1.8452812 0.2113034 1.0582872 1.8288735 0.0000000 1.8288735 1.7474083 1.4048313 1.4305745 1.8203573 1.8203573 1.8264491 1.8507148 1.8397208 1.7459952 1.7811963 1.7459952 1.8264491 1.8436979 1.8264491 1.8397208 1.8235660 
KT804738_MK689686.1_00034          2.5286199 0.0284669 1.5422666 0.0000010 0.0075907 0.0273198 2.7281770 2.5357961 0.0116549 1.8288735 0.0000000 1.4133407 2.7080012 1.8527615 0.0244952 0.0244952 0.0075907 0.0284669 0.0265502 0.6768701 1.4366530 0.6768701 0.0133769 1.6452477 0.0133769 0.0255110 0.0085495 
KX643370_Lymph_LDV3_KX643370_00049 2.1315298 1.4030015 0.9654886 1.4133407 1.4089381 1.4166727 2.4123633 2.3489029 1.4548537 1.7474083 1.4133407 0.0000000 3.0710950 1.4721878 1.4127531 1.4127531 1.4089381 1.4030015 1.4083415 1.3591067 0.1160531 1.3591067 1.4136037 1.0768489 1.4136037 1.4011066 1.4130484 
LS484712_LS484712.1_00194          2.0827689 2.6665239 2.9130347 2.7080012 2.7084083 2.6891011 1.8663082 2.1533823 2.7804121 1.4048313 2.7080012 3.0710950 0.0000000 2.4444074 2.6601665 2.6601665 2.7084083 2.6665239 2.7136208 2.7807770 3.0276931 2.7807770 2.6954912 2.8429465 2.6954912 2.6995208 2.7080029 
MF599468_MF599468.1_00071          1.8234270 1.8169763 1.4581250 1.8527615 1.8386742 1.8578152 1.9799379 1.9128070 1.8991405 1.4305745 1.8527615 1.4721878 2.4444074 0.0000000 1.8187377 1.8187377 1.8386742 1.8169763 1.8324214 1.7445823 1.4973160 1.7445823 1.8510639 1.6378594 1.8510639 1.8234503 1.8373858 
MG570131_MG570131.1_00036          2.5287807 0.0284689 1.5169284 0.0244952 0.0253431 0.0125639 2.6963837 2.5306254 0.0372548 1.8203573 0.0244952 1.4127531 2.6601665 1.8187377 0.0000000 0.0000010 0.0253431 0.0284689 0.0276757 0.6691201 1.4224816 0.6691201 0.0193875 1.6165167 0.0193875 0.0266295 0.0263488 
MG570132_MG570132.1_00036          2.5287807 0.0284689 1.5169284 0.0244952 0.0253431 0.0125639 2.6963837 2.5306254 0.0372548 1.8203573 0.0244952 1.4127531 2.6601665 1.8187377 0.0000010 0.0000000 0.0253431 0.0284689 0.0276757 0.6691201 1.4224816 0.6691201 0.0193875 1.6165167 0.0193875 0.0266295 0.0263488 
MK098185_MK689686.1_00034          2.5442325 0.0292967 1.5450079 0.0075907 0.0000010 0.0281695 2.7169528 2.5563537 0.0185372 1.8264491 0.0075907 1.4089381 2.7084083 1.8386742 0.0253431 0.0253431 0.0000000 0.0292967 0.0273909 0.6829475 1.4322230 0.6829475 0.0076034 1.6517951 0.0076034 0.0263549 0.0009435 
MK689685_AF371960.1_00036          2.5329139 0.0000010 1.5218975 0.0284669 0.0292967 0.0305080 2.7512322 2.5584839 0.0399786 1.8507148 0.0284669 1.4030015 2.6665239 1.8169763 0.0284689 0.0284689 0.0292967 0.0000000 0.0107120 0.6685917 1.4159810 0.6685917 0.0273493 1.6293174 0.0273493 0.0097175 0.0303087 
MN432490_AF371960.1_00036          2.5460146 0.0107120 1.5351599 0.0265502 0.0273909 0.0297246 2.7754921 2.5490723 0.0394039 1.8397208 0.0265502 1.4083415 2.7136208 1.8324214 0.0276757 0.0276757 0.0273909 0.0107120 0.0000000 0.6697485 1.4224113 0.6697485 0.0265535 1.6199469 0.0265535 0.0009548 0.0284025 
MN562489_OM037668.1_00127          2.4038607 0.6685917 1.4171058 0.6768701 0.6829475 0.6866265 2.6680811 2.4081721 0.7061821 1.7459952 0.6768701 1.3591067 2.7807770 1.7445823 0.6691201 0.6691201 0.6829475 0.6685917 0.6697485 0.0000000 1.3463069 0.0000010 0.6883654 1.4937038 0.6883654 0.6689539 0.6852930 
MN803438_MN803438.1_00013          2.1399771 1.4159810 0.9661806 1.4366530 1.4322230 1.4365797 2.4052151 2.3454933 1.4807696 1.7811963 1.4366530 0.1160531 3.0276931 1.4973160 1.4224816 1.4224816 1.4322230 1.4159810 1.4224113 1.3463069 0.0000000 1.3463069 1.4384976 1.0842375 1.4384976 1.4151633 1.4363580 
MT521409_OM037668.1_00127          2.4038607 0.6685917 1.4171058 0.6768701 0.6829475 0.6866265 2.6680811 2.4081721 0.7061821 1.7459952 0.6768701 1.3591067 2.7807770 1.7445823 0.6691201 0.6691201 0.6829475 0.6685917 0.6697485 0.0000010 1.3463069 0.0000000 0.6883654 1.4937038 0.6883654 0.6689539 0.6852930 
MW139932_MK689686.1_00034          2.5542425 0.0273493 1.5431864 0.0133769 0.0076034 0.0212539 2.7150569 2.5706265 0.0245459 1.8264491 0.0133769 1.4136037 2.6954912 1.8510639 0.0193875 0.0193875 0.0076034 0.0273493 0.0265535 0.6883654 1.4384976 0.6883654 0.0000000 1.6472722 0.0000010 0.0255149 0.0085638 
NC_005946_FV3gorf62L               2.2990609 1.6293174 0.4310209 1.6452477 1.6517951 1.6441070 2.6719732 2.3524791 1.6709908 1.8436979 1.6452477 1.0768489 2.8429465 1.6378594 1.6165167 1.6165167 1.6517951 1.6293174 1.6199469 1.4937038 1.0842375 1.4937038 1.6472722 0.0000000 1.6472722 1.6120315 1.6563236 
OK042108_MK689686.1_00034          2.5542425 0.0273493 1.5431864 0.0133769 0.0076034 0.0212539 2.7150569 2.5706265 0.0245459 1.8264491 0.0133769 1.4136037 2.6954912 1.8510639 0.0193875 0.0193875 0.0076034 0.0273493 0.0265535 0.6883654 1.4384976 0.6883654 0.0000010 1.6472722 0.0000000 0.0255149 0.0085638 
OP009387_AF371960.1_00036          2.5384599 0.0097175 1.5275689 0.0255110 0.0263549 0.0286714 2.7613739 2.5415214 0.0383113 1.8397208 0.0255110 1.4011066 2.6995208 1.8234503 0.0266295 0.0266295 0.0263549 0.0097175 0.0009548 0.6689539 1.4151633 0.6689539 0.0255149 1.6120315 0.0255149 0.0000000 0.0273632 
OQ475017_OQ475017.1_00035          2.5432157 0.0303087 1.5493293 0.0085495 0.0009435 0.0291750 2.7151278 2.5546106 0.0195333 1.8235660 0.0085495 1.4130484 2.7080029 1.8373858 0.0263488 0.0263488 0.0009435 0.0303087 0.0284025 0.6852930 1.4363580 0.6852930 0.0085638 1.6563236 0.0085638 0.0273632 0.0000000 
