21
MW883593_Megalocytivirus_pagrus1_ISKNV                   0.0000000 0.0000010 0.0138016 0.0232971 0.0138016 0.0047033 0.6204061 2.9366002 0.0094442 0.6204061 2.1528767 2.1098551 1.9025297 2.4773571 0.0047033 0.0184495 0.3628753 0.0232971 0.0046185 2.8372926 2.6488477 
23043610005_Megalocytivirus_pagrus1_ISKNV                0.0000010 0.0000000 0.0138016 0.0232971 0.0138016 0.0047033 0.6204061 2.9366002 0.0094442 0.6204061 2.1528767 2.1098551 1.9025297 2.4773571 0.0047033 0.0184495 0.3628753 0.0232971 0.0046185 2.8372926 2.6488477 
AY894343_Megalocytivirus_pagrus1_RSIV                    0.0138016 0.0138016 0.0000000 0.0185897 0.0000010 0.0142196 0.6197591 2.9488581 0.0190318 0.6197591 2.1963169 2.1057477 1.8740020 2.4428023 0.0142196 0.0138013 0.3782177 0.0185897 0.0186269 2.8554361 2.6480815 
MG570132_Megalocytivirus_pagrus1_TRBIV                   0.0232971 0.0232971 0.0185897 0.0000000 0.0185897 0.0239842 0.5859478 2.9469487 0.0288922 0.5859478 2.1552630 2.0322945 1.8770937 2.4527207 0.0239842 0.0138554 0.3622835 0.0000010 0.0282998 2.8270985 2.6635789 
MK689686_Megalocytivirus_pagrus1_RSIV                    0.0138016 0.0138016 0.0000010 0.0185897 0.0000000 0.0142196 0.6197591 2.9488581 0.0190318 0.6197591 2.1963169 2.1057477 1.8740020 2.4428023 0.0142196 0.0138013 0.3782177 0.0185897 0.0186269 2.8554361 2.6480815 
MN432490_Megalocytivirus_pagrus1_ISKNV                   0.0047033 0.0047033 0.0142196 0.0239842 0.0142196 0.0000000 0.6204061 2.9703774 0.0045802 0.6204061 2.2125531 2.1472947 1.9358081 2.4773571 0.0000010 0.0189989 0.3680261 0.0239842 0.0095200 2.8609738 2.7243779 
MT521409_Megalocytivirus_lates1_SDDV                     0.6204061 0.6204061 0.6197591 0.5859478 0.6197591 0.6204061 0.0000000 2.9847190 0.6210707 0.0000010 2.1404663 1.9371205 1.8510016 2.6663724 0.6204061 0.5986587 0.6146067 0.5859478 0.6260607 2.6001879 2.9212200 
HF920637_Iridovirus_armadillidium1_n/a                   2.9366002 2.9366002 2.9488581 2.9469487 2.9488581 2.9703774 2.9847190 0.0000000 2.9849508 2.9847190 3.4298747 3.5434713 2.0705051 1.4761217 2.9703774 2.9108352 2.9988688 2.9469487 2.9467108 0.3763702 1.4650581 
OP009387_Megalocytivirus_pagrus1_ISKNV                   0.0094442 0.0094442 0.0190318 0.0288922 0.0190318 0.0045802 0.6210707 2.9849508 0.0000000 0.6210707 2.2189739 2.1454834 1.9462945 2.4814867 0.0045802 0.0238403 0.3758385 0.0288922 0.0143365 2.8654373 2.7286793 
MN562489_Megalocytivirus_lates1_SDDV                     0.6204061 0.6204061 0.6197591 0.5859478 0.6197591 0.6204061 0.0000010 2.9847190 0.6210707 0.0000000 2.1404663 1.9371205 1.8510016 2.6663724 0.6204061 0.5986587 0.6146067 0.5859478 0.6260607 2.6001879 2.9212200 
AY521625_Ranavirus_epinephelus1_n/a                      2.1528767 2.1528767 2.1963169 2.1552630 2.1963169 2.2125531 2.1404663 3.4298747 2.2189739 2.1404663 0.0000000 0.3821968 2.3908158 3.2693373 2.2125531 2.1777461 2.2569289 2.1552630 2.1673321 3.3567533 3.2024699 
NC_005946_Ranavirus_rana1_n/a                            2.1098551 2.1098551 2.1057477 2.0322945 2.1057477 2.1472947 1.9371205 3.5434713 2.1454834 1.9371205 0.3821968 0.0000000 2.5614335 2.8956927 2.1472947 2.0885410 2.2406478 2.0322945 2.1155221 3.1869732 3.3933878 
MF599468_Decapodiridovirus_litopenaeus1_n/a              1.9025297 1.9025297 1.8740020 1.8770937 1.8740020 1.9358081 1.8510016 2.0705051 1.9462945 1.8510016 2.3908158 2.5614335 0.0000000 2.2392838 1.9358081 1.8934175 2.1357672 1.8770937 1.8685132 2.0090838 2.3456565 
KF938901_Chloriridovirus_anopheles1_n/a                  2.4773571 2.4773571 2.4428023 2.4527207 2.4428023 2.4773571 2.6663724 1.4761217 2.4814867 2.6663724 3.2693373 2.8956927 2.2392838 0.0000000 2.4773571 2.4384725 2.4753235 2.4527207 2.4926287 1.2176808 0.2580666 
MW883595_Megalocytivirus_pagrus1_ISKNV                   0.0047033 0.0047033 0.0142196 0.0239842 0.0142196 0.0000010 0.6204061 2.9703774 0.0045802 0.6204061 2.2125531 2.1472947 1.9358081 2.4773571 0.0000000 0.0189989 0.3680261 0.0239842 0.0095200 2.8609738 2.7243779 
GQ273492_Megalocytivirus_pagrus1_TRBIV                   0.0184495 0.0184495 0.0138013 0.0138554 0.0138013 0.0189989 0.5986587 2.9108352 0.0238403 0.5986587 2.1777461 2.0885410 1.8934175 2.4384725 0.0189989 0.0000000 0.3720319 0.0138554 0.0233441 2.7592953 2.6559240 
PQ335173_PQ335174_Threespine_stickleback_iridovirus_TSIV 0.3628753 0.3628753 0.3782177 0.3622835 0.3782177 0.3680261 0.6146067 2.9988688 0.3758385 0.6146067 2.2569289 2.2406478 2.1357672 2.4753235 0.3680261 0.3720319 0.0000000 0.3622835 0.3626570 2.9853488 2.8473429 
MG570131_Megalocytivirus_pagrus1_TRBIV                   0.0232971 0.0232971 0.0185897 0.0000010 0.0185897 0.0239842 0.5859478 2.9469487 0.0288922 0.5859478 2.1552630 2.0322945 1.8770937 2.4527207 0.0239842 0.0138554 0.3622835 0.0000000 0.0282998 2.8270985 2.6635789 
OR536350_Megalocytivirus_pagrus1_ISKNV                   0.0046185 0.0046185 0.0186269 0.0282998 0.0186269 0.0095200 0.6260607 2.9467108 0.0143365 0.6260607 2.1673321 2.1155221 1.8685132 2.4926287 0.0095200 0.0233441 0.3626570 0.0282998 0.0000000 2.8600780 2.6646087 
AF303741_Iridovirus_chilo1_n/a                           2.8372926 2.8372926 2.8554361 2.8270985 2.8554361 2.8609738 2.6001879 0.3763702 2.8654373 2.6001879 3.3567533 3.1869732 2.0090838 1.2176808 2.8609738 2.7592953 2.9853488 2.8270985 2.8600780 0.0000000 1.2879493 
HF920633_Chloriridovirus_simulium1_n/a                   2.6488477 2.6488477 2.6480815 2.6635789 2.6480815 2.7243779 2.9212200 1.4650581 2.7286793 2.9212200 3.2024699 3.3933878 2.3456565 0.2580666 2.7243779 2.6559240 2.8473429 2.6635789 2.6646087 1.2879493 0.0000000 
