22
MK637631_European_chub_iridovirus_ECIV                   0.0000000 0.8303259 0.8303259 0.8335968 0.8001875 0.8335968 0.8345550 0.2897936 3.4818246 0.8403552 0.2897936 2.3029965 2.3026633 2.2406424 3.1494564 0.8345550 0.8210867 0.8445743 0.8001875 0.8342922 3.1992308 3.3989013 
MW883593_Megalocytivirus_pagrus1_ISKNV                   0.8303259 0.0000000 0.0000010 0.0138640 0.0235950 0.0138640 0.0047884 0.7586933 3.5486528 0.0096221 0.7586933 2.6355419 2.6060300 2.3438952 3.0561616 0.0047884 0.0185996 0.4176628 0.0235950 0.0046485 3.4242142 3.2505147 
23043610005_Megalocytivirus_pagrus1_ISKNV                0.8303259 0.0000010 0.0000000 0.0138640 0.0235950 0.0138640 0.0047884 0.7586933 3.5486528 0.0096221 0.7586933 2.6355419 2.6060300 2.3438952 3.0561616 0.0047884 0.0185996 0.4176628 0.0235950 0.0046485 3.4242142 3.2505147 
AY894343_Megalocytivirus_pagrus1_RSIV                    0.8335968 0.0138640 0.0138640 0.0000000 0.0187634 0.0000010 0.0145241 0.7593250 3.5649792 0.0194587 0.7593250 2.6857707 2.6002930 2.3073545 3.0158165 0.0145241 0.0138650 0.4374266 0.0187634 0.0188282 3.4482456 3.2500963 
MG570132_Megalocytivirus_pagrus1_TRBIV                   0.8001875 0.0235950 0.0235950 0.0187634 0.0000000 0.0187634 0.0246720 0.7113718 3.5552933 0.0297480 0.7113718 2.6367110 2.5128340 2.3186457 3.0230901 0.0246720 0.0139511 0.4165430 0.0000010 0.0288373 3.4203354 3.2653857 
MK689686_Megalocytivirus_pagrus1_RSIV                    0.8335968 0.0138640 0.0138640 0.0000010 0.0187634 0.0000000 0.0145241 0.7593250 3.5649792 0.0194587 0.7593250 2.6857707 2.6002930 2.3073545 3.0158165 0.0145241 0.0138650 0.4374266 0.0187634 0.0188282 3.4482456 3.2500963 
MN432490_Megalocytivirus_pagrus1_ISKNV                   0.8345550 0.0047884 0.0047884 0.0145241 0.0246720 0.0145241 0.0000000 0.7586933 3.5825690 0.0045883 0.7586933 2.7047114 2.6453346 2.3775899 3.0561616 0.0000010 0.0194640 0.4236533 0.0246720 0.0097491 3.4482847 3.3345623 
MT521409_Megalocytivirus_lates1_SDDV                     0.2897936 0.7586933 0.7586933 0.7593250 0.7113718 0.7593250 0.7586933 0.0000000 3.5616189 0.7593396 0.0000010 2.5926253 2.3545123 2.2488104 3.2501300 0.7586933 0.7286829 0.7489964 0.7113718 0.7641454 3.0967371 3.5256335 
HF920637_Iridovirus_armadillidium1_n/a                   3.4818246 3.5486528 3.5486528 3.5649792 3.5552933 3.5649792 3.5825690 3.5616189 0.0000000 3.5988938 3.5616189 4.0673937 4.2086517 2.5172375 1.7871291 3.5825690 3.5181270 3.5916804 3.5552933 3.5615413 0.4318405 1.7522491 
OP009387_Megalocytivirus_pagrus1_ISKNV                   0.8403552 0.0096221 0.0096221 0.0194587 0.0297480 0.0194587 0.0045883 0.7593396 3.5988938 0.0000000 0.7593396 2.7127095 2.6430755 2.3921617 3.0617355 0.0045883 0.0244481 0.4336960 0.0297480 0.0146925 3.4543111 3.3402958 
MN562489_Megalocytivirus_lates1_SDDV                     0.2897936 0.7586933 0.7586933 0.7593250 0.7113718 0.7593250 0.7586933 0.0000010 3.5616189 0.7593396 0.0000000 2.5926253 2.3545123 2.2488104 3.2501300 0.7586933 0.7286829 0.7489964 0.7113718 0.7641454 3.0967371 3.5256335 
AY521625_Ranavirus_epinephelus1_n/a                      2.3029965 2.6355419 2.6355419 2.6857707 2.6367110 2.6857707 2.7047114 2.5926253 4.0673937 2.7127095 2.5926253 0.0000000 0.4420262 2.8520814 3.9307469 2.7047114 2.6582030 2.7637706 2.6367110 2.6454020 3.9849550 3.8577200 
NC_005946_Ranavirus_rana1_n/a                            2.3026633 2.6060300 2.6060300 2.6002930 2.5128340 2.6002930 2.6453346 2.3545123 4.2086517 2.6430755 2.3545123 0.4420262 0.0000000 3.0534121 3.5159908 2.6453346 2.5745007 2.7637020 2.5128340 2.6118744 3.8241670 4.0460958 
MF599468_Decapodiridovirus_litopenaeus1_n/a              2.2406424 2.3438952 2.3438952 2.3073545 2.3186457 2.3073545 2.3775899 2.2488104 2.5172375 2.3921617 2.2488104 2.8520814 3.0534121 0.0000000 2.7050213 2.3775899 2.3385129 2.5990050 2.3186457 2.3038197 2.4104177 2.8519647 
KF938901_Chloriridovirus_anopheles1_n/a                  3.1494564 3.0561616 3.0561616 3.0158165 3.0230901 3.0158165 3.0561616 3.2501300 1.7871291 3.0617355 3.2501300 3.9307469 3.5159908 2.7050213 0.0000000 3.0561616 3.0104211 3.0550360 3.0230901 3.0757107 1.4983517 0.2863963 
MW883595_Megalocytivirus_pagrus1_ISKNV                   0.8345550 0.0047884 0.0047884 0.0145241 0.0246720 0.0145241 0.0000010 0.7586933 3.5825690 0.0045883 0.7586933 2.7047114 2.6453346 2.3775899 3.0561616 0.0000000 0.0194640 0.4236533 0.0246720 0.0097491 3.4482847 3.3345623 
GQ273492_Megalocytivirus_pagrus1_TRBIV                   0.8210867 0.0185996 0.0185996 0.0138650 0.0139511 0.0138650 0.0194640 0.7286829 3.5181270 0.0244481 0.7286829 2.6582030 2.5745007 2.3385129 3.0104211 0.0194640 0.0000000 0.4291692 0.0139511 0.0236805 3.3467052 3.2556451 
PQ335173_PQ335174_Threespine_stickleback_iridovirus_TSIV 0.8445743 0.4176628 0.4176628 0.4374266 0.4165430 0.4374266 0.4236533 0.7489964 3.5916804 0.4336960 0.7489964 2.7637706 2.7637020 2.5990050 3.0550360 0.4236533 0.4291692 0.0000000 0.4165430 0.4185154 3.5826977 3.4746546 
MG570131_Megalocytivirus_pagrus1_TRBIV                   0.8001875 0.0235950 0.0235950 0.0187634 0.0000010 0.0187634 0.0246720 0.7113718 3.5552933 0.0297480 0.7113718 2.6367110 2.5128340 2.3186457 3.0230901 0.0246720 0.0139511 0.4165430 0.0000000 0.0288373 3.4203354 3.2653857 
OR536350_Megalocytivirus_pagrus1_ISKNV                   0.8342922 0.0046485 0.0046485 0.0188282 0.0288373 0.0188282 0.0097491 0.7641454 3.5615413 0.0146925 0.7641454 2.6454020 2.6118744 2.3038197 3.0757107 0.0097491 0.0236805 0.4185154 0.0288373 0.0000000 3.4530054 3.2700577 
AF303741_Iridovirus_chilo1_n/a                           3.1992308 3.4242142 3.4242142 3.4482456 3.4203354 3.4482456 3.4482847 3.0967371 0.4318405 3.4543111 3.0967371 3.9849550 3.8241670 2.4104177 1.4983517 3.4482847 3.3467052 3.5826977 3.4203354 3.4530054 0.0000000 1.5698708 
HF920633_Chloriridovirus_simulium1_n/a                   3.3989013 3.2505147 3.2505147 3.2500963 3.2653857 3.2500963 3.3345623 3.5256335 1.7522491 3.3402958 3.5256335 3.8577200 4.0460958 2.8519647 0.2863963 3.3345623 3.2556451 3.4746546 3.2653857 3.2700577 1.5698708 0.0000000 
