26
AF303741_AF303741.1_00080          0.0000000 2.8922502 2.1300356 2.9982385 2.8978299 2.9337717 1.1590625 0.6416363 2.9161484 1.2003885 2.9161484 1.7690657 1.5179744 2.9361947 2.9361947 2.8978299 2.8922502 2.8996370 2.8549638 1.6960687 2.8549638 2.8996370 2.8977922 2.1837556 2.8977922 2.8996370 
AF371960_AF371960.1_00112          2.8922502 0.0000000 3.1542274 0.0982286 0.0473361 0.0535382 2.9776842 2.9212250 0.0510029 2.9624858 0.0510029 3.0996144 3.0612917 0.0636240 0.0636240 0.0473361 0.0000010 0.0059229 1.5392353 2.9398960 1.5392353 0.0071116 0.0473187 3.2320782 0.0473187 0.0059229 
AY521625_AY521625.1_00069          2.1300356 3.1542274 0.0000000 3.2101149 3.1882925 3.1474944 2.2662769 2.1628068 3.1484849 2.4813140 3.1484849 1.8591528 2.1710136 3.1483312 3.1483312 3.1882925 3.1542274 3.1320619 3.3602776 1.7895188 3.3602776 3.1318196 3.1881830 0.9713729 3.1881830 3.1320619 
AY894343_MK689686.1_00110          2.9982385 0.0982286 3.2101149 0.0000000 0.0595162 0.0998372 3.0361239 2.9518133 0.0439974 2.9697994 0.0439974 3.0427594 3.1113223 0.1109134 0.1109134 0.0595162 0.0982286 0.0982935 1.5866243 2.8914761 1.5866243 0.0983236 0.0608670 3.1977514 0.0608670 0.0982935 
BD143114_MK689686.1_00110          2.8978299 0.0473361 3.1882925 0.0595162 0.0000000 0.0524299 3.0094536 2.9241971 0.0142770 2.9729674 0.0142770 3.0778688 3.0761864 0.0625686 0.0625686 0.0000010 0.0473361 0.0486184 1.5520935 2.9244282 1.5520935 0.0498633 0.0023683 3.2664673 0.0023683 0.0486184 
GQ273492_GQ273492.1_00108          2.9337717 0.0535382 3.1474944 0.0998372 0.0524299 0.0000000 2.9974857 2.8956886 0.0523759 2.9805531 0.0523759 3.1005377 3.1130067 0.0227201 0.0227201 0.0524299 0.0535382 0.0534850 1.5415627 2.9213233 1.5415627 0.0547330 0.0498968 3.1854175 0.0498968 0.0534850 
HF920633_HF920633.1_00079          1.1590625 2.9776842 2.2662769 3.0361239 3.0094536 2.9974857 0.0000000 1.2726751 2.9944277 0.5234004 2.9944277 1.7341722 1.5964070 2.9829591 2.9829591 3.0094536 2.9776842 2.9793232 2.8635291 1.7126542 2.8635291 2.9793232 3.0094161 2.1947145 3.0094161 2.9793232 
HF920637_HF920637.1_00025          0.6416363 2.9212250 2.1628068 2.9518133 2.9241971 2.8956886 1.2726751 0.0000000 2.9165320 1.2385402 2.9165320 1.7133903 1.6316924 2.9116742 2.9116742 2.9241971 2.9212250 2.9082872 2.9141919 1.6429078 2.9141919 2.9082872 2.9240881 2.2069433 2.9240881 2.9082872 
KC244182_MK689686.1_00110          2.9161484 0.0510029 3.1484849 0.0439974 0.0142770 0.0523759 2.9944277 2.9165320 0.0000000 2.9652495 0.0000010 3.0886150 3.0656827 0.0625039 0.0625039 0.0142770 0.0510029 0.0522910 1.5520529 2.8936385 1.5520529 0.0535388 0.0154873 3.2509405 0.0154873 0.0522910 
KF938901_KF938901.1_00043          1.2003885 2.9624858 2.4813140 2.9697994 2.9729674 2.9805531 0.5234004 1.2385402 2.9652495 0.0000000 2.9652495 1.7211544 1.6712564 2.9640806 2.9640806 2.9729674 2.9624858 2.9648195 3.0221355 1.6976976 3.0221355 2.9648195 2.9725941 2.4377656 2.9725941 2.9648195 
KT804738_MK689686.1_00110          2.9161484 0.0510029 3.1484849 0.0439974 0.0142770 0.0523759 2.9944277 2.9165320 0.0000010 2.9652495 0.0000000 3.0886150 3.0656827 0.0625039 0.0625039 0.0142770 0.0510029 0.0522910 1.5520529 2.8936385 1.5520529 0.0535388 0.0154873 3.2509405 0.0154873 0.0522910 
KX643370_Lymph_LDV3_KX643370_00135 1.7690657 3.0996144 1.8591528 3.0427594 3.0778688 3.1005377 1.7341722 1.7133903 3.0886150 1.7211544 3.0886150 0.0000000 1.4474913 3.1413014 3.1413014 3.0778688 3.0996144 3.0965658 2.9423388 0.1649217 2.9423388 3.0963311 3.0658376 1.9743272 3.0658376 3.0965658 
MF599468_MF599468.1_00092          1.5179744 3.0612917 2.1710136 3.1113223 3.0761864 3.1130067 1.5964070 1.6316924 3.0656827 1.6712564 3.0656827 1.4474913 0.0000000 3.1456103 3.1456103 3.0761864 3.0612917 3.0572375 2.7995910 1.4146304 2.7995910 3.0553266 3.0757971 2.1778837 3.0757971 3.0572375 
MG570131_MG570131.1_00108          2.9361947 0.0636240 3.1483312 0.1109134 0.0625686 0.0227201 2.9829591 2.9116742 0.0625039 2.9640806 0.0625039 3.1413014 3.1456103 0.0000000 0.0000010 0.0625686 0.0636240 0.0635606 1.5360936 2.9779994 1.5360936 0.0648215 0.0600005 3.1594448 0.0600005 0.0635606 
MG570132_MG570132.1_00108          2.9361947 0.0636240 3.1483312 0.1109134 0.0625686 0.0227201 2.9829591 2.9116742 0.0625039 2.9640806 0.0625039 3.1413014 3.1456103 0.0000010 0.0000000 0.0625686 0.0636240 0.0635606 1.5360936 2.9779994 1.5360936 0.0648215 0.0600005 3.1594448 0.0600005 0.0635606 
MK098185_MK689686.1_00110          2.8978299 0.0473361 3.1882925 0.0595162 0.0000010 0.0524299 3.0094536 2.9241971 0.0142770 2.9729674 0.0142770 3.0778688 3.0761864 0.0625686 0.0625686 0.0000000 0.0473361 0.0486184 1.5520935 2.9244282 1.5520935 0.0498633 0.0023683 3.2664673 0.0023683 0.0486184 
MK689685_AF371960.1_00112          2.8922502 0.0000010 3.1542274 0.0982286 0.0473361 0.0535382 2.9776842 2.9212250 0.0510029 2.9624858 0.0510029 3.0996144 3.0612917 0.0636240 0.0636240 0.0473361 0.0000000 0.0059229 1.5392353 2.9398960 1.5392353 0.0071116 0.0473187 3.2320782 0.0473187 0.0059229 
MN432490_AF371960.1_00112          2.8996370 0.0059229 3.1320619 0.0982935 0.0486184 0.0534850 2.9793232 2.9082872 0.0522910 2.9648195 0.0522910 3.0965658 3.0572375 0.0635606 0.0635606 0.0486184 0.0059229 0.0000000 1.5359282 2.9362875 1.5359282 0.0011791 0.0486005 3.2227172 0.0486005 0.0000010 
MN562489_OM037668.1_00076          2.8549638 1.5392353 3.3602776 1.5866243 1.5520935 1.5415627 2.8635291 2.9141919 1.5520529 3.0221355 1.5520529 2.9423388 2.7995910 1.5360936 1.5360936 1.5520935 1.5392353 1.5359282 0.0000000 2.7911189 0.0000010 1.5351881 1.5522166 3.3267066 1.5522166 1.5359282 
MN803438_MN803438.1_00104          1.6960687 2.9398960 1.7895188 2.8914761 2.9244282 2.9213233 1.7126542 1.6429078 2.8936385 1.6976976 2.8936385 0.1649217 1.4146304 2.9779994 2.9779994 2.9244282 2.9398960 2.9362875 2.7911189 0.0000000 2.7911189 2.9360827 2.9241460 1.9420632 2.9241460 2.9362875 
MT521409_OM037668.1_00076          2.8549638 1.5392353 3.3602776 1.5866243 1.5520935 1.5415627 2.8635291 2.9141919 1.5520529 3.0221355 1.5520529 2.9423388 2.7995910 1.5360936 1.5360936 1.5520935 1.5392353 1.5359282 0.0000010 2.7911189 0.0000000 1.5351881 1.5522166 3.3267066 1.5522166 1.5359282 
MT986830_AF371960.1_00112          2.8996370 0.0071116 3.1318196 0.0983236 0.0498633 0.0547330 2.9793232 2.9082872 0.0535388 2.9648195 0.0535388 3.0963311 3.0553266 0.0648215 0.0648215 0.0498633 0.0071116 0.0011791 1.5351881 2.9360827 1.5351881 0.0000000 0.0498451 3.2224529 0.0498451 0.0011791 
MW139932_MK689686.1_00110          2.8977922 0.0473187 3.1881830 0.0608670 0.0023683 0.0498968 3.0094161 2.9240881 0.0154873 2.9725941 0.0154873 3.0658376 3.0757971 0.0600005 0.0600005 0.0023683 0.0473187 0.0486005 1.5522166 2.9241460 1.5522166 0.0498451 0.0000000 3.2664273 0.0000010 0.0486005 
NC_005946_NC_005946.1_00028        2.1837556 3.2320782 0.9713729 3.1977514 3.2664673 3.1854175 2.1947145 2.2069433 3.2509405 2.4377656 3.2509405 1.9743272 2.1778837 3.1594448 3.1594448 3.2664673 3.2320782 3.2227172 3.3267066 1.9420632 3.3267066 3.2224529 3.2664273 0.0000000 3.2664273 3.2227172 
OL774653_MK689686.1_00110          2.8977922 0.0473187 3.1881830 0.0608670 0.0023683 0.0498968 3.0094161 2.9240881 0.0154873 2.9725941 0.0154873 3.0658376 3.0757971 0.0600005 0.0600005 0.0023683 0.0473187 0.0486005 1.5522166 2.9241460 1.5522166 0.0498451 0.0000010 3.2664273 0.0000000 0.0486005 
OP009387_AF371960.1_00112          2.8996370 0.0059229 3.1320619 0.0982935 0.0486184 0.0534850 2.9793232 2.9082872 0.0522910 2.9648195 0.0522910 3.0965658 3.0572375 0.0635606 0.0635606 0.0486184 0.0059229 0.0000010 1.5359282 2.9362875 1.5359282 0.0011791 0.0486005 3.2227172 0.0486005 0.0000000 
