15
KT781098_Megalocytivirus_pagrus1_ISKNV 0.0000000 0.3324822 0.0388520 0.0378876 0.3324822 0.2420698 0.2420698 0.0000010 0.0388520 0.0378876 0.2867483 0.2857696 0.4474056 0.4430578 0.4430578 
MK098185_Megalocytivirus_pagrus1_RSIV  0.3324822 0.0000000 0.3847703 0.3289621 0.0000010 0.0787673 0.0787673 0.3324822 0.3847703 0.3289621 0.1204285 0.0771755 0.5101963 0.5919065 0.5919065 
MW883602_Megalocytivirus_pagrus1_ISKNV 0.0388520 0.3847703 0.0000000 0.0780616 0.3847703 0.2907971 0.2907971 0.0388520 0.0000010 0.0780616 0.3374309 0.3359359 0.4362348 0.4320032 0.4320032 
OP009387_Megalocytivirus_pagrus1_ISKNV 0.0378876 0.3289621 0.0780616 0.0000000 0.3289621 0.2398073 0.2398073 0.0378876 0.0780616 0.0000010 0.2838863 0.2829447 0.4411632 0.4369573 0.4369573 
MK098187_Megalocytivirus_pagrus1_RSIV  0.3324822 0.0000010 0.3847703 0.3289621 0.0000000 0.0787673 0.0787673 0.3324822 0.3847703 0.3289621 0.1204285 0.0771755 0.5101963 0.5919065 0.5919065 
KT804738_Megalocytivirus_pagrus1_RSIV  0.2420698 0.0787673 0.2907971 0.2398073 0.0787673 0.0000000 0.0000010 0.2420698 0.2907971 0.2398073 0.0385250 0.1605812 0.4112021 0.5040126 0.5040126 
AP017456_Megalocytivirus_pagrus1_RSIV  0.2420698 0.0787673 0.2907971 0.2398073 0.0787673 0.0000010 0.0000000 0.2420698 0.2907971 0.2398073 0.0385250 0.1605812 0.4112021 0.5040126 0.5040126 
MT128666_Megalocytivirus_pagrus1_ISKNV 0.0000010 0.3324822 0.0388520 0.0378876 0.3324822 0.2420698 0.2420698 0.0000000 0.0388520 0.0378876 0.2867483 0.2857696 0.4474056 0.4430578 0.4430578 
MW883600_Megalocytivirus_pagrus1_ISKNV 0.0388520 0.3847703 0.0000010 0.0780616 0.3847703 0.2907971 0.2907971 0.0388520 0.0000000 0.0780616 0.3374309 0.3359359 0.4362348 0.4320032 0.4320032 
PP974677_Megalocytivirus_pagrus1_ISKNV 0.0378876 0.3289621 0.0780616 0.0000010 0.3289621 0.2398073 0.2398073 0.0378876 0.0780616 0.0000000 0.2838863 0.2829447 0.4411632 0.4369573 0.4369573 
ON743042_Megalocytivirus_pagrus1_RSIV  0.2867483 0.1204285 0.3374309 0.2838863 0.1204285 0.0385250 0.0385250 0.2867483 0.3374309 0.2838863 0.0000000 0.2043029 0.4612726 0.5535642 0.5535642 
OQ475017_Megalocytivirus_pagrus1_RSIV  0.2857696 0.0771755 0.3359359 0.2829447 0.0771755 0.1605812 0.1605812 0.2857696 0.3359359 0.2829447 0.2043029 0.0000000 0.4207098 0.4990451 0.4990451 
GQ273492_Megalocytivirus_pagrus1_TRBIV 0.4474056 0.5101963 0.4362348 0.4411632 0.5101963 0.4112021 0.4112021 0.4474056 0.4362348 0.4411632 0.4612726 0.4207098 0.0000000 0.2514383 0.2514383 
MG570132_Megalocytivirus_pagrus1_TRBIV 0.4430578 0.5919065 0.4320032 0.4369573 0.5919065 0.5040126 0.5040126 0.4430578 0.4320032 0.4369573 0.5535642 0.4990451 0.2514383 0.0000000 0.0000010 
MG570131_Megalocytivirus_pagrus1_TRBIV 0.4430578 0.5919065 0.4320032 0.4369573 0.5919065 0.5040126 0.5040126 0.4430578 0.4320032 0.4369573 0.5535642 0.4990451 0.2514383 0.0000010 0.0000000 
