26
AF303741_AF303741.1_00062          0.0000000 3.5366503 2.0143046 3.5558797 3.5336755 3.5596603 1.7787008 0.5351971 3.5356005 1.6793602 3.5356005 2.6298122 2.4210449 3.5327239 3.5400296 3.5336755 3.5413534 3.5413534 3.5366503 3.5877614 3.4193805 2.6277117 3.4193805 3.5877614 2.1354876 3.5336755 
AF371960_AF371960.1_00089          3.5366503 0.0000000 2.4970114 0.0383221 0.0343598 0.0344064 3.4679583 3.4354584 0.0344045 3.4550437 0.0344045 2.9077430 3.3865764 0.0381844 0.0342926 0.0343598 0.0425175 0.0425175 0.0000010 0.0074956 0.9872162 3.0073292 0.9872162 0.0074956 2.6548416 0.0343598 
AY521625_AY521625.1_00073          2.0143046 2.4970114 0.0000000 2.5238683 2.5378229 2.5086054 2.5137928 2.0038238 2.5214337 2.5851875 2.5214337 1.2058893 1.9538848 2.5185285 2.5014657 2.5378229 2.5369315 2.5369315 2.4970114 2.5012959 2.3474406 1.2002911 2.3474406 2.5012959 1.1295996 2.5378229 
AY894343_MK689686.1_00085          3.5558797 0.0383221 2.5238683 0.0000000 0.0112770 0.0188832 3.5273719 3.4807981 0.0037325 3.5148228 0.0037325 2.9851241 3.4697078 0.0226343 0.0188217 0.0112770 0.0156462 0.0156462 0.0383221 0.0383183 0.9623308 3.0982310 0.9623308 0.0383183 2.6227937 0.0112770 
BD143114_MK689686.1_00085          3.5336755 0.0343598 2.5378229 0.0112770 0.0000000 0.0150498 3.5437799 3.4600623 0.0074997 3.5310838 0.0074997 2.9760152 3.4417578 0.0187912 0.0150011 0.0000010 0.0075367 0.0075367 0.0343598 0.0343564 0.9621245 3.0888307 0.9621245 0.0343564 2.6136903 0.0000010 
GQ273492_GQ273492.1_00084          3.5596603 0.0344064 2.5086054 0.0188832 0.0150498 0.0000000 3.4624927 3.4453252 0.0150696 3.4924491 0.0150696 3.0527075 3.4272003 0.0112487 0.0074833 0.0150498 0.0228541 0.0228541 0.0344064 0.0344030 0.9607609 3.1225570 0.9607609 0.0344030 2.5889806 0.0150498 
HF920633_HF920633.1_00094          1.7787008 3.4679583 2.5137928 3.5273719 3.5437799 3.4624927 0.0000000 1.7276149 3.4991689 0.2720560 3.4991689 2.5038806 2.3785862 3.4865429 3.4887603 3.5437799 3.5423383 3.5423383 3.4679583 3.5176104 3.4758316 2.5152818 3.4758316 3.5176104 2.4446370 3.5437799 
HF920637_HF920637.1_00079          0.5351971 3.4354584 2.0038238 3.4807981 3.4600623 3.4453252 1.7276149 0.0000000 3.4618229 1.6517512 3.4618229 2.5804295 2.4367300 3.4218691 3.4287605 3.4600623 3.4672930 3.4672930 3.4354584 3.4827399 3.1244722 2.5347888 3.1244722 3.4827399 2.0423395 3.4600623 
KC244182_MK689686.1_00085          3.5356005 0.0344045 2.5214337 0.0037325 0.0074997 0.0150696 3.4991689 3.4618229 0.0000000 3.4868788 0.0000010 2.9692256 3.4492842 0.0188159 0.0150208 0.0074997 0.0117199 0.0117199 0.0344045 0.0344011 0.9610425 3.0817088 0.9610425 0.0344011 2.6199919 0.0074997 
KF938901_KF938901.1_00046          1.6793602 3.4550437 2.5851875 3.5148228 3.5310838 3.4924491 0.2720560 1.6517512 3.4868788 0.0000000 3.4868788 2.5595548 2.3799403 3.5065666 3.5191228 3.5310838 3.5296617 3.5296617 3.4550437 3.4569167 3.1448540 2.5520244 3.1448540 3.4569167 2.3647853 3.5310838 
KT804738_MK689686.1_00085          3.5356005 0.0344045 2.5214337 0.0037325 0.0074997 0.0150696 3.4991689 3.4618229 0.0000010 3.4868788 0.0000000 2.9692256 3.4492842 0.0188159 0.0150208 0.0074997 0.0117199 0.0117199 0.0344045 0.0344011 0.9610425 3.0817088 0.9610425 0.0344011 2.6199919 0.0074997 
KX643370_Lymph_LDV3_KX643370_00126 2.6298122 2.9077430 1.2058893 2.9851241 2.9760152 3.0527075 2.5038806 2.5804295 2.9692256 2.5595548 2.9692256 0.0000000 1.9450584 3.0325882 2.9918060 2.9760152 2.9946410 2.9946410 2.9077430 2.9090439 2.7263596 0.0587513 2.7263596 2.9090439 1.3675525 2.9760152 
MF599468_MF599468.1_00046          2.4210449 3.3865764 1.9538848 3.4697078 3.4417578 3.4272003 2.3785862 2.4367300 3.4492842 2.3799403 3.4492842 1.9450584 0.0000000 3.4360647 3.4109226 3.4417578 3.4411770 3.4411770 3.3865764 3.3879042 3.2442131 1.9627424 3.2442131 3.3879042 1.9956592 3.4417578 
MG570131_MG570131.1_00084          3.5327239 0.0381844 2.5185285 0.0226343 0.0187912 0.0112487 3.4865429 3.4218691 0.0188159 3.5065666 0.0188159 3.0325882 3.4360647 0.0000000 0.0035791 0.0187912 0.0266325 0.0266325 0.0381844 0.0381806 0.9549376 3.1020128 0.9549376 0.0381806 2.6121678 0.0180623 
MG570132_MG570132.1_00084          3.5400296 0.0342926 2.5014657 0.0188217 0.0150011 0.0074833 3.4887603 3.4287605 0.0150208 3.5191228 0.0150208 2.9918060 3.4109226 0.0035791 0.0000000 0.0150011 0.0227790 0.0227790 0.0342926 0.0342891 0.9571817 3.0602356 0.9571817 0.0342891 2.5941741 0.0144204 
MK098185_MK689686.1_00085          3.5336755 0.0343598 2.5378229 0.0112770 0.0000010 0.0150498 3.5437799 3.4600623 0.0074997 3.5310838 0.0074997 2.9760152 3.4417578 0.0187912 0.0150011 0.0000000 0.0075367 0.0075367 0.0343598 0.0343564 0.9621245 3.0888307 0.9621245 0.0343564 2.6136903 0.0000010 
MK098186_MK689686.1_00085          3.5413534 0.0425175 2.5369315 0.0156462 0.0075367 0.0228541 3.5423383 3.4672930 0.0117199 3.5296617 0.0117199 2.9946410 3.4411770 0.0266325 0.0227790 0.0075367 0.0000000 0.0000010 0.0425175 0.0425132 0.9510654 3.1082379 0.9510654 0.0425132 2.6133661 0.0075367 
MK098187_MK689686.1_00085          3.5413534 0.0425175 2.5369315 0.0156462 0.0075367 0.0228541 3.5423383 3.4672930 0.0117199 3.5296617 0.0117199 2.9946410 3.4411770 0.0266325 0.0227790 0.0075367 0.0000010 0.0000000 0.0425175 0.0425132 0.9510654 3.1082379 0.9510654 0.0425132 2.6133661 0.0075367 
MK689685_AF371960.1_00089          3.5366503 0.0000010 2.4970114 0.0383221 0.0343598 0.0344064 3.4679583 3.4354584 0.0344045 3.4550437 0.0344045 2.9077430 3.3865764 0.0381844 0.0342926 0.0343598 0.0425175 0.0425175 0.0000000 0.0074956 0.9872162 3.0073292 0.9872162 0.0074956 2.6548416 0.0343598 
MN432490_AF371960.1_00089          3.5877614 0.0074956 2.5012959 0.0383183 0.0343564 0.0344030 3.5176104 3.4827399 0.0344011 3.4569167 0.0344011 2.9090439 3.3879042 0.0381806 0.0342891 0.0343564 0.0425132 0.0425132 0.0074956 0.0000000 0.9754625 3.0086272 0.9754625 0.0000010 2.6511281 0.0343564 
MN562489_OM037668.1_00089          3.4193805 0.9872162 2.3474406 0.9623308 0.9621245 0.9607609 3.4758316 3.1244722 0.9610425 3.1448540 0.9610425 2.7263596 3.2442131 0.9549376 0.9571817 0.9621245 0.9510654 0.9510654 0.9872162 0.9754625 0.0000000 2.6639656 0.0000010 0.9754625 2.4954463 0.9621245 
MN803438_MN803438.1_00122          2.6277117 3.0073292 1.2002911 3.0982310 3.0888307 3.1225570 2.5152818 2.5347888 3.0817088 2.5520244 3.0817088 0.0587513 1.9627424 3.1020128 3.0602356 3.0888307 3.1082379 3.1082379 3.0073292 3.0086272 2.6639656 0.0000000 2.6639656 3.0086272 1.3170124 3.0888307 
MT521409_OM037668.1_00089          3.4193805 0.9872162 2.3474406 0.9623308 0.9621245 0.9607609 3.4758316 3.1244722 0.9610425 3.1448540 0.9610425 2.7263596 3.2442131 0.9549376 0.9571817 0.9621245 0.9510654 0.9510654 0.9872162 0.9754625 0.0000010 2.6639656 0.0000000 0.9754625 2.4954463 0.9621245 
MT986830_AF371960.1_00089          3.5877614 0.0074956 2.5012959 0.0383183 0.0343564 0.0344030 3.5176104 3.4827399 0.0344011 3.4569167 0.0344011 2.9090439 3.3879042 0.0381806 0.0342891 0.0343564 0.0425132 0.0425132 0.0074956 0.0000010 0.9754625 3.0086272 0.9754625 0.0000000 2.6511281 0.0343564 
NC_005946_NC_005946.1_00082        2.1354876 2.6548416 1.1295996 2.6227937 2.6136903 2.5889806 2.4446370 2.0423395 2.6199919 2.3647853 2.6199919 1.3675525 1.9956592 2.6121678 2.5941741 2.6136903 2.6133661 2.6133661 2.6548416 2.6511281 2.4954463 1.3170124 2.4954463 2.6511281 0.0000000 2.6136903 
OQ475017_OQ475017.1_00084          3.5336755 0.0343598 2.5378229 0.0112770 0.0000010 0.0150498 3.5437799 3.4600623 0.0074997 3.5310838 0.0074997 2.9760152 3.4417578 0.0180623 0.0144204 0.0000010 0.0075367 0.0075367 0.0343598 0.0343564 0.9621245 3.0888307 0.9621245 0.0343564 2.6136903 0.0000000 
