31
MK637631_European_chub_iridovirus_ECIV                   0.0000000 1.6629265 1.6317599 0.9035631 1.6317599 1.6230307 1.6131907 1.6566312 1.6629265 0.9035631 1.6383900 1.6330228 1.7068941 1.6580277 1.7068941 1.6383900 1.6865890 1.6580277 1.6131907 2.0767877 1.6903985 1.6833330 1.6509671 1.6903985 1.7459421 1.7228405 1.6865890 1.6303398 1.6365769 1.6833330 1.6230307 
OK042108_Megalocytivirus_pagrus1_RSIV                    1.6629265 0.0000000 0.0698234 1.8050778 0.0698234 0.0720707 0.0701860 0.0019101 0.0000010 1.8050778 0.0000010 0.0721259 0.0310130 0.1096870 0.0310130 0.0000010 0.0844772 0.1096870 0.0701860 0.8368593 0.0273752 0.0845022 0.0115287 0.0273752 0.0455812 0.0921958 0.0844772 0.0720364 0.1002880 0.0845022 0.0720707 
NC_003494_Megalocytivirus_pagrus1_ISKNV                  1.6317599 0.0698234 0.0000000 1.8852166 0.0000010 0.0019960 0.0000010 0.0698234 0.0698234 1.8852166 0.0698234 0.0019972 0.0657224 0.0898770 0.0657224 0.0698234 0.0121826 0.0898770 0.0000010 0.8366325 0.0657224 0.0101291 0.0699050 0.0657224 0.0734739 0.0101291 0.0121826 0.0019950 0.0876260 0.0101291 0.0019960 
OM037668_Megalocytivirus_lates1_SDDV                     0.9035631 1.8050778 1.8852166 0.0000000 1.8852166 1.8884003 1.8764997 1.8050778 1.8050778 0.0000010 1.8050778 1.8868171 1.8166936 1.9411059 1.8166936 1.8050778 1.8617399 1.9411059 1.8764997 1.9123611 1.8166936 1.8606510 1.8098768 1.8166936 1.8640226 1.8606510 1.8617399 1.8827521 1.9456724 1.8606510 1.8884003 
MW883599_Megalocytivirus_pagrus1_ISKNV                   1.6317599 0.0698234 0.0000010 1.8852166 0.0000000 0.0019960 0.0000010 0.0698234 0.0698234 1.8852166 0.0698234 0.0019972 0.0657224 0.0898770 0.0657224 0.0698234 0.0121826 0.0898770 0.0000010 0.8366325 0.0657224 0.0101291 0.0699050 0.0657224 0.0734739 0.0101291 0.0121826 0.0019950 0.0876260 0.0101291 0.0019960 
OR670976_Megalocytivirus_pagrus1_ISKNV                   1.6230307 0.0720707 0.0019960 1.8884003 0.0019960 0.0000000 0.0020053 0.0720707 0.0720707 1.8884003 0.0720707 0.0039985 0.0679736 0.0921871 0.0679736 0.0720707 0.0142277 0.0921871 0.0020053 0.8413629 0.0679736 0.0121675 0.0721549 0.0679736 0.0757652 0.0121675 0.0142277 0.0039940 0.0898984 0.0121675 0.0000010 
MW273354_Megalocytivirus_pagrus1_ISKNV                   1.6131907 0.0701860 0.0000010 1.8764997 0.0000010 0.0020053 0.0000000 0.0701860 0.0701860 1.8764997 0.0701860 0.0020066 0.0660647 0.0878303 0.0660647 0.0701860 0.0122411 0.0878303 0.0000010 0.8319995 0.0660647 0.0101777 0.0702684 0.0660647 0.0738625 0.0101777 0.0122411 0.0020043 0.0806739 0.0101777 0.0020053 
OL774655_Megalocytivirus_pagrus1_RSIV                    1.6566312 0.0019101 0.0698234 1.8050778 0.0698234 0.0720707 0.0701860 0.0000000 0.0019101 1.8050778 0.0019357 0.0721259 0.0274287 0.1096870 0.0274287 0.0019357 0.0844772 0.1096870 0.0701860 0.8346337 0.0256846 0.0845022 0.0115414 0.0256846 0.0420709 0.0923110 0.0844772 0.0720364 0.1002880 0.0845022 0.0720707 
BD143114_Megalocytivirus_pagrus1_RSIV                    1.6629265 0.0000010 0.0698234 1.8050778 0.0698234 0.0720707 0.0701860 0.0019101 0.0000000 1.8050778 0.0000010 0.0721259 0.0310130 0.1096870 0.0310130 0.0000010 0.0844772 0.1096870 0.0701860 0.8368593 0.0273752 0.0845022 0.0115287 0.0273752 0.0455812 0.0921958 0.0844772 0.0720364 0.1002880 0.0845022 0.0720707 
MN562489_Megalocytivirus_lates1_SDDV                     0.9035631 1.8050778 1.8852166 0.0000010 1.8852166 1.8884003 1.8764997 1.8050778 1.8050778 0.0000000 1.8050778 1.8868171 1.8166936 1.9411059 1.8166936 1.8050778 1.8617399 1.9411059 1.8764997 1.9123611 1.8166936 1.8606510 1.8098768 1.8166936 1.8640226 1.8606510 1.8617399 1.8827521 1.9456724 1.8606510 1.8884003 
ON740976_Megalocytivirus_pagrus1_RSIV                    1.6383900 0.0000010 0.0698234 1.8050778 0.0698234 0.0720707 0.0701860 0.0019357 0.0000010 1.8050778 0.0000000 0.0721259 0.0294441 0.1062997 0.0294441 0.0000010 0.0801308 0.1062997 0.0701860 0.8262983 0.0257456 0.0801545 0.0116841 0.0257456 0.0441680 0.0860983 0.0801308 0.0720364 0.1002880 0.0801545 0.0720707 
MT926123_Megalocytivirus_pagrus1_ISKNV                   1.6330228 0.0721259 0.0019972 1.8868171 0.0019972 0.0039985 0.0020066 0.0721259 0.0721259 1.8868171 0.0721259 0.0000000 0.0680255 0.0922612 0.0680255 0.0721259 0.0142370 0.0922612 0.0020066 0.8371326 0.0680255 0.0121754 0.0722102 0.0680255 0.0758246 0.0121754 0.0142370 0.0039965 0.0899693 0.0121754 0.0039985 
KC244182_Megalocytivirus_pagrus1_RSIV                    1.7068941 0.0310130 0.0657224 1.8166936 0.0657224 0.0679736 0.0660647 0.0274287 0.0310130 1.8166936 0.0294441 0.0680255 0.0000000 0.1015539 0.0000010 0.0294441 0.0788710 0.1015539 0.0660647 0.8586347 0.0000010 0.0788945 0.0369451 0.0000010 0.0134800 0.0887360 0.0788710 0.0679408 0.0939743 0.0788945 0.0679736 
MG570131_Megalocytivirus_pagrus1_TRBIV                   1.6580277 0.1096870 0.0898770 1.9411059 0.0898770 0.0921871 0.0878303 0.1096870 0.1096870 1.9411059 0.1062997 0.0922612 0.1015539 0.0000000 0.1015539 0.1062997 0.1045557 0.0000010 0.0878303 0.8515909 0.1015539 0.1069595 0.1075326 0.1015539 0.1095549 0.1113039 0.1045557 0.0921442 0.0495297 0.1069595 0.0921871 
MK689686_Megalocytivirus_pagrus1_RSIV                    1.7068941 0.0310130 0.0657224 1.8166936 0.0657224 0.0679736 0.0660647 0.0274287 0.0310130 1.8166936 0.0294441 0.0680255 0.0000010 0.1015539 0.0000000 0.0294441 0.0788710 0.1015539 0.0660647 0.8586347 0.0000010 0.0788945 0.0369451 0.0000010 0.0134800 0.0887360 0.0788710 0.0679408 0.0939743 0.0788945 0.0679736 
ON743042_Megalocytivirus_pagrus1_RSIV                    1.6383900 0.0000010 0.0698234 1.8050778 0.0698234 0.0720707 0.0701860 0.0019357 0.0000010 1.8050778 0.0000010 0.0721259 0.0294441 0.1062997 0.0294441 0.0000000 0.0801308 0.1062997 0.0701860 0.8262983 0.0257456 0.0801545 0.0116841 0.0257456 0.0441680 0.0860983 0.0801308 0.0720364 0.1002880 0.0801545 0.0720707 
MW883595_Megalocytivirus_pagrus1_ISKNV                   1.6865890 0.0844772 0.0121826 1.8617399 0.0121826 0.0142277 0.0122411 0.0844772 0.0844772 1.8617399 0.0801308 0.0142370 0.0788710 0.1045557 0.0788710 0.0801308 0.0000000 0.1045557 0.0122411 0.8725558 0.0788710 0.0019724 0.0822816 0.0788710 0.0868041 0.0019724 0.0000010 0.0142206 0.0912871 0.0019724 0.0142277 
MG570132_Megalocytivirus_pagrus1_TRBIV                   1.6580277 0.1096870 0.0898770 1.9411059 0.0898770 0.0921871 0.0878303 0.1096870 0.1096870 1.9411059 0.1062997 0.0922612 0.1015539 0.0000010 0.1015539 0.1062997 0.1045557 0.0000000 0.0878303 0.8515909 0.1015539 0.1069595 0.1075326 0.1015539 0.1095549 0.1113039 0.1045557 0.0921442 0.0495297 0.1069595 0.0921871 
MW883594_Megalocytivirus_pagrus1_ISKNV                   1.6131907 0.0701860 0.0000010 1.8764997 0.0000010 0.0020053 0.0000010 0.0701860 0.0701860 1.8764997 0.0701860 0.0020066 0.0660647 0.0878303 0.0660647 0.0701860 0.0122411 0.0878303 0.0000000 0.8319995 0.0660647 0.0101777 0.0702684 0.0660647 0.0738625 0.0101777 0.0122411 0.0020043 0.0806739 0.0101777 0.0020053 
PQ335173_PQ335174_Threespine_stickleback_iridovirus_TSIV 2.0767877 0.8368593 0.8366325 1.9123611 0.8366325 0.8413629 0.8319995 0.8346337 0.8368593 1.9123611 0.8262983 0.8371326 0.8586347 0.8515909 0.8586347 0.8262983 0.8725558 0.8515909 0.8319995 0.0000000 0.8369981 0.8667658 0.8451727 0.8369981 0.8784695 0.8818240 0.8725558 0.8324432 0.8501859 0.8667658 0.8413629 
KT804738_Megalocytivirus_pagrus1_RSIV                    1.6903985 0.0273752 0.0657224 1.8166936 0.0657224 0.0679736 0.0660647 0.0256846 0.0273752 1.8166936 0.0257456 0.0680255 0.0000010 0.1015539 0.0000010 0.0257456 0.0788710 0.1015539 0.0660647 0.8369981 0.0000000 0.0788945 0.0333742 0.0000010 0.0136327 0.0893030 0.0788710 0.0679408 0.0939743 0.0788945 0.0679736 
PP974677_Megalocytivirus_pagrus1_ISKNV                   1.6833330 0.0845022 0.0101291 1.8606510 0.0101291 0.0121675 0.0101777 0.0845022 0.0845022 1.8606510 0.0801545 0.0121754 0.0788945 0.1069595 0.0788945 0.0801545 0.0019724 0.1069595 0.0101777 0.8667658 0.0788945 0.0000000 0.0845994 0.0788945 0.0868305 0.0000010 0.0019724 0.0121614 0.0936290 0.0000010 0.0121675 
OQ475017_Megalocytivirus_pagrus1_RSIV                    1.6509671 0.0115287 0.0699050 1.8098768 0.0699050 0.0721549 0.0702684 0.0115414 0.0115287 1.8098768 0.0116841 0.0722102 0.0369451 0.1075326 0.0369451 0.0116841 0.0822816 0.1075326 0.0702684 0.8451727 0.0333742 0.0845994 0.0000000 0.0333742 0.0516851 0.0923002 0.0822816 0.0721205 0.0889443 0.0845994 0.0721549 
OK042109_Megalocytivirus_pagrus1_RSIV                    1.6903985 0.0273752 0.0657224 1.8166936 0.0657224 0.0679736 0.0660647 0.0256846 0.0273752 1.8166936 0.0257456 0.0680255 0.0000010 0.1015539 0.0000010 0.0257456 0.0788710 0.1015539 0.0660647 0.8369981 0.0000010 0.0788945 0.0333742 0.0000000 0.0136327 0.0893030 0.0788710 0.0679408 0.0939743 0.0788945 0.0679736 
MW883598_Megalocytivirus_pagrus1_RSIV                    1.7459421 0.0455812 0.0734739 1.8640226 0.0734739 0.0757652 0.0738625 0.0420709 0.0455812 1.8640226 0.0441680 0.0758246 0.0134800 0.1095549 0.0134800 0.0441680 0.0868041 0.1095549 0.0738625 0.8784695 0.0136327 0.0868305 0.0516851 0.0136327 0.0000000 0.0967073 0.0868041 0.0757287 0.1019633 0.0868305 0.0757652 
PP151097_Megalocytivirus_pagrus1_ISKNV                   1.7228405 0.0921958 0.0101291 1.8606510 0.0101291 0.0121675 0.0101777 0.0923110 0.0921958 1.8606510 0.0860983 0.0121754 0.0887360 0.1113039 0.0887360 0.0860983 0.0019724 0.1113039 0.0101777 0.8818240 0.0893030 0.0000010 0.0923002 0.0893030 0.0967073 0.0000000 0.0019724 0.0121614 0.0957740 0.0000010 0.0121675 
MN432490_Megalocytivirus_pagrus1_ISKNV                   1.6865890 0.0844772 0.0121826 1.8617399 0.0121826 0.0142277 0.0122411 0.0844772 0.0844772 1.8617399 0.0801308 0.0142370 0.0788710 0.1045557 0.0788710 0.0801308 0.0000010 0.1045557 0.0122411 0.8725558 0.0788710 0.0019724 0.0822816 0.0788710 0.0868041 0.0019724 0.0000000 0.0142206 0.0912871 0.0019724 0.0142277 
MK689685_Megalocytivirus_pagrus1_ISKNV                   1.6303398 0.0720364 0.0019950 1.8827521 0.0019950 0.0039940 0.0020043 0.0720364 0.0720364 1.8827521 0.0720364 0.0039965 0.0679408 0.0921442 0.0679408 0.0720364 0.0142206 0.0921442 0.0020043 0.8324432 0.0679408 0.0121614 0.0721205 0.0679408 0.0757287 0.0121614 0.0142206 0.0000000 0.0898570 0.0121614 0.0039940 
GQ273492_Megalocytivirus_pagrus1_TRBIV                   1.6365769 0.1002880 0.0876260 1.9456724 0.0876260 0.0898984 0.0806739 0.1002880 0.1002880 1.9456724 0.1002880 0.0899693 0.0939743 0.0495297 0.0939743 0.1002880 0.0912871 0.0495297 0.0806739 0.8501859 0.0939743 0.0936290 0.0889443 0.0939743 0.1019633 0.0957740 0.0912871 0.0898570 0.0000000 0.0936290 0.0898984 
MT986830_Megalocytivirus_pagrus1_ISKNV                   1.6833330 0.0845022 0.0101291 1.8606510 0.0101291 0.0121675 0.0101777 0.0845022 0.0845022 1.8606510 0.0801545 0.0121754 0.0788945 0.1069595 0.0788945 0.0801545 0.0019724 0.1069595 0.0101777 0.8667658 0.0788945 0.0000010 0.0845994 0.0788945 0.0868305 0.0000010 0.0019724 0.0121614 0.0936290 0.0000000 0.0121675 
OQ513807_Megalocytivirus_pagrus1_ISKNV                   1.6230307 0.0720707 0.0019960 1.8884003 0.0019960 0.0000010 0.0020053 0.0720707 0.0720707 1.8884003 0.0720707 0.0039985 0.0679736 0.0921871 0.0679736 0.0720707 0.0142277 0.0921871 0.0020053 0.8413629 0.0679736 0.0121675 0.0721549 0.0679736 0.0757652 0.0121675 0.0142277 0.0039940 0.0898984 0.0121675 0.0000000 
