8
0_107      0.0000000 0.5920851 0.9877663 1.1038173 1.1819631 1.0173787 1.0173787 0.9593573 
1_155      0.5920851 0.0000000 0.9809798 1.1451579 1.0630768 1.1477514 1.1477514 1.0935891 
4_122      0.9877663 0.9809798 0.0000000 0.8500417 1.0678151 0.9516312 0.9516312 0.8732945 
5_100      1.1038173 1.1451579 0.8500417 0.0000000 0.9644614 0.8911519 0.8911519 0.8155458 
6_4        1.1819631 1.0630768 1.0678151 0.9644614 0.0000000 0.6563534 0.6563534 0.6694444 
8_68       1.0173787 1.1477514 0.9516312 0.8911519 0.6563534 0.0000000 0.0000010 0.0043609 
9_69       1.0173787 1.1477514 0.9516312 0.8911519 0.6563534 0.0000010 0.0000000 0.0043609 
11_66      0.9593573 1.0935891 0.8732945 0.8155458 0.6694444 0.0043609 0.0043609 0.0000000 
