18
12_75      0.0000000 0.0152142 0.0656683 0.0152142 0.0000010 0.0952732 0.0568557 0.0568557 0.0656683 0.0587957 0.0623973 0.0659207 0.0634024 0.0029391 0.0730968 0.0799102 0.0799102 0.0589749 
13_76      0.0152142 0.0000000 0.0774916 0.0000010 0.0152142 0.1362568 0.0684869 0.0684869 0.0774916 0.0702825 0.0740961 0.0778024 0.0752680 0.0121550 0.0853359 0.0924177 0.0924177 0.0705088 
14_70      0.0656683 0.0774916 0.0000000 0.0774916 0.0656683 0.0755889 0.0118380 0.0118380 0.0000010 0.0058843 0.0029135 0.0058626 0.0058860 0.0624944 0.0526576 0.0634366 0.0634366 0.0302033 
15_75      0.0152142 0.0000010 0.0774916 0.0000000 0.0152142 0.1362568 0.0684869 0.0684869 0.0774916 0.0702825 0.0740961 0.0778024 0.0752680 0.0121550 0.0853359 0.0924177 0.0924177 0.0705088 
17_74      0.0000010 0.0152142 0.0656683 0.0152142 0.0000000 0.0952732 0.0568557 0.0568557 0.0656683 0.0587957 0.0623973 0.0659207 0.0634024 0.0029391 0.0730968 0.0799102 0.0799102 0.0589749 
18_81      0.0952732 0.1362568 0.0755889 0.1362568 0.0952732 0.0000000 0.0483419 0.0483419 0.0755889 0.0610138 0.0755889 0.0903580 0.0483419 0.0817250 0.1570734 0.1384209 0.1384209 0.1494484 
19_75      0.0568557 0.0684869 0.0118380 0.0684869 0.0568557 0.0483419 0.0000000 0.0000010 0.0118380 0.0058576 0.0088547 0.0118782 0.0058556 0.0536627 0.0531502 0.0640549 0.0640549 0.0304683 
20_92      0.0568557 0.0684869 0.0118380 0.0684869 0.0568557 0.0483419 0.0000010 0.0000000 0.0118380 0.0058576 0.0088547 0.0118782 0.0058556 0.0536627 0.0531502 0.0640549 0.0640549 0.0304683 
23_73      0.0656683 0.0774916 0.0000010 0.0774916 0.0656683 0.0755889 0.0118380 0.0118380 0.0000000 0.0058843 0.0029135 0.0058626 0.0058860 0.0624944 0.0526576 0.0634366 0.0634366 0.0302033 
27_76      0.0587957 0.0702825 0.0058843 0.0702825 0.0587957 0.0610138 0.0058576 0.0058576 0.0058843 0.0000000 0.0029341 0.0059034 0.0058585 0.0556570 0.0530796 0.0639649 0.0639649 0.0304316 
28_73      0.0623973 0.0740961 0.0029135 0.0740961 0.0623973 0.0755889 0.0088547 0.0088547 0.0029135 0.0029341 0.0000000 0.0029233 0.0088561 0.0592308 0.0494385 0.0601162 0.0601162 0.0271124 
33_2       0.0659207 0.0778024 0.0058626 0.0778024 0.0659207 0.0903580 0.0118782 0.0118782 0.0058626 0.0059034 0.0029233 0.0000000 0.0118802 0.0627337 0.0499357 0.0636839 0.0636839 0.0273728 
34_73      0.0634024 0.0752680 0.0058860 0.0752680 0.0634024 0.0483419 0.0058556 0.0058556 0.0058860 0.0058585 0.0088561 0.0118802 0.0000000 0.0601980 0.0596624 0.0707631 0.0707631 0.0367352 
36_77      0.0029391 0.0121550 0.0624944 0.0121550 0.0029391 0.0817250 0.0536627 0.0536627 0.0624944 0.0556570 0.0592308 0.0627337 0.0601980 0.0000000 0.0698728 0.0766701 0.0766701 0.0558253 
38_71      0.0730968 0.0853359 0.0526576 0.0853359 0.0730968 0.1570734 0.0531502 0.0531502 0.0526576 0.0530796 0.0494385 0.0499357 0.0596624 0.0698728 0.0000000 0.0400095 0.0400095 0.0208917 
39_71      0.0799102 0.0924177 0.0634366 0.0924177 0.0799102 0.1384209 0.0640549 0.0640549 0.0634366 0.0639649 0.0601162 0.0636839 0.0707631 0.0766701 0.0400095 0.0000000 0.0000010 0.0434495 
40_71      0.0799102 0.0924177 0.0634366 0.0924177 0.0799102 0.1384209 0.0640549 0.0640549 0.0634366 0.0639649 0.0601162 0.0636839 0.0707631 0.0766701 0.0400095 0.0000010 0.0000000 0.0434495 
41_71      0.0589749 0.0705088 0.0302033 0.0705088 0.0589749 0.1494484 0.0304683 0.0304683 0.0302033 0.0304316 0.0271124 0.0273728 0.0367352 0.0558253 0.0208917 0.0434495 0.0434495 0.0000000 
