10
0_85       0.0000000 0.4237771 2.7529860 2.3513094 1.8981461 1.7958796 2.8150926 3.0438534 2.8137581 3.0369359 
1_134      0.4237771 0.0000000 2.8400061 2.5026954 1.9189773 1.8270672 3.0090202 3.0995579 3.0166253 3.2730466 
2_56       2.7529860 2.8400061 0.0000000 3.0566155 3.1978403 3.0261407 3.3833400 3.5446082 4.6029649 4.5709197 
3_1        2.3513094 2.5026954 3.0566155 0.0000000 2.2534353 2.1293884 1.8288896 2.0512932 2.2132721 2.2881488 
4_218      1.8981461 1.9189773 3.1978403 2.2534353 0.0000000 0.5133104 2.7793296 3.0031868 3.2445508 3.0616171 
5_125      1.7958796 1.8270672 3.0261407 2.1293884 0.5133104 0.0000000 2.5847307 2.7835526 3.0951861 3.0075227 
6_114      2.8150926 3.0090202 3.3833400 1.8288896 2.7793296 2.5847307 0.0000000 0.4749382 2.1582707 1.8113129 
7_91       3.0438534 3.0995579 3.5446082 2.0512932 3.0031868 2.7835526 0.4749382 0.0000000 2.2061527 1.9109665 
43_0       2.8137581 3.0166253 4.6029649 2.2132721 3.2445508 3.0951861 2.1582707 2.2061527 0.0000000 0.8020748 
44_97      3.0369359 3.2730466 4.5709197 2.2881488 3.0616171 3.0075227 1.8113129 1.9109665 0.8020748 0.0000000 
