7
12_20      0.0000000 0.0000010 0.0119536 0.0119536 0.0239044 0.0239044 0.0483240 
17_20      0.0000010 0.0000000 0.0119536 0.0119536 0.0239044 0.0239044 0.0483240 
18_20      0.0119536 0.0119536 0.0000000 0.0000010 0.0118949 0.0118949 0.0605771 
19_20      0.0119536 0.0119536 0.0000010 0.0000000 0.0118949 0.0118949 0.0605771 
28_19      0.0239044 0.0239044 0.0118949 0.0118949 0.0000000 0.0000010 0.0480929 
30_19      0.0239044 0.0239044 0.0118949 0.0118949 0.0000010 0.0000000 0.0480929 
40_21      0.0483240 0.0483240 0.0605771 0.0605771 0.0480929 0.0480929 0.0000000 
