23
0_46       0.0000000 0.8296271 2.6950512 2.4265478 2.1847195 1.7132108 2.5782587 1.7397042 2.9829114 2.9829114 2.3240529 2.3240529 2.3126341 2.3063721 3.1801200 2.3126341 2.3710566 2.3126341 2.3587694 2.2857850 2.2857850 2.8106453 2.2148834 
1_79       0.8296271 0.0000000 3.1492546 1.9769597 2.2615202 1.8144902 2.8541524 1.9766074 3.6206024 3.6206024 2.8128449 2.8128449 2.8302427 2.7575991 3.5518579 2.8302427 2.8564818 2.8302427 2.8909106 2.7976428 2.7976428 2.6835580 2.3350905 
2_187      2.6950512 3.1492546 0.0000000 2.6978096 2.7501719 3.2366833 3.3091076 2.6627235 2.6954913 2.6954913 3.4605261 3.4605261 3.2928271 3.3856672 4.6272282 3.2928271 3.8596600 3.2928271 3.3410407 3.2529854 3.2529854 2.2596133 1.8120120 
3_89       2.4265478 1.9769597 2.6978096 0.0000000 2.4079395 2.3317036 2.1850572 1.3835642 3.1417530 3.1417530 2.6273253 2.6273253 2.6279312 2.5769846 3.0130786 2.6279312 2.6666717 2.6279312 2.6825372 2.5977414 2.5977414 2.2769793 2.5426670 
4_30       2.1847195 2.2615202 2.7501719 2.4079395 0.0000000 1.0739124 3.6293837 2.5523731 2.6000929 2.6000929 1.8269903 1.8269903 1.8440843 1.7942391 2.3629167 1.8440843 1.8541083 1.8440843 1.8794157 1.8215651 1.8215651 2.9431566 2.6230606 
5_155      1.7132108 1.8144902 3.2366833 2.3317036 1.0739124 0.0000000 2.7832373 1.8908684 2.8048781 2.8048781 2.2666827 2.2666827 2.2749121 2.2492888 2.6792686 2.2749121 2.2290474 2.2749121 2.3203131 2.2483257 2.2483257 2.6404827 2.6625508 
6_67       2.5782587 2.8541524 3.3091076 2.1850572 3.6293837 2.7832373 0.0000000 0.5133480 3.9006051 3.9006051 3.7169803 3.7169803 3.6970421 3.7979804 3.3603554 3.6970421 3.5617268 3.6970421 3.5469989 3.6540735 3.6540735 2.0255164 2.4774103 
7_97       1.7397042 1.9766074 2.6627235 1.3835642 2.5523731 1.8908684 0.5133480 0.0000000 3.3282620 3.3282620 3.2585698 3.2585698 3.2435407 3.2340318 3.5270060 3.2435407 2.9731480 3.2435407 3.1185321 3.2061690 3.2061690 1.8756078 1.9106928 
8_11       2.9829114 3.6206024 2.6954913 3.1417530 2.6000929 2.8048781 3.9006051 3.3282620 0.0000000 0.0000010 1.4810036 1.4810036 1.5313662 1.4580125 1.7774098 1.5313662 1.8840446 1.5313662 1.5425339 1.5110676 1.5110676 2.6672350 2.2602778 
9_11       2.9829114 3.6206024 2.6954913 3.1417530 2.6000929 2.8048781 3.9006051 3.3282620 0.0000010 0.0000000 1.4810036 1.4810036 1.5313662 1.4580125 1.7774098 1.5313662 1.8840446 1.5313662 1.5425339 1.5110676 1.5110676 2.6672350 2.2602778 
12_32      2.3240529 2.8128449 3.4605261 2.6273253 1.8269903 2.2666827 3.7169803 3.2585698 1.4810036 1.4810036 0.0000000 0.0000010 0.0312879 0.0152633 0.0902788 0.0312879 0.2762084 0.0312879 0.0475893 0.0474670 0.0474670 2.1984631 2.3802745 
13_32      2.3240529 2.8128449 3.4605261 2.6273253 1.8269903 2.2666827 3.7169803 3.2585698 1.4810036 1.4810036 0.0000010 0.0000000 0.0312879 0.0152633 0.0902788 0.0312879 0.2762084 0.0312879 0.0475893 0.0474670 0.0474670 2.1984631 2.3802745 
14_29      2.3126341 2.8302427 3.2928271 2.6279312 1.8440843 2.2749121 3.6970421 3.2435407 1.5313662 1.5313662 0.0312879 0.0312879 0.0000000 0.0475315 0.1313817 0.0000010 0.2259558 0.0000010 0.0151584 0.0151237 0.0151237 2.2494852 2.3226500 
16_29      2.3063721 2.7575991 3.3856672 2.5769846 1.7942391 2.2492888 3.7979804 3.2340318 1.4580125 1.4580125 0.0152633 0.0152633 0.0475315 0.0000000 0.0970254 0.0475315 0.2999920 0.0723517 0.0642753 0.0910628 0.0641022 2.2996408 2.3399695 
18_34      3.1801200 3.5518579 4.6272282 3.0130786 2.3629167 2.6792686 3.3603554 3.5270060 1.7774098 1.7774098 0.0902788 0.0902788 0.1313817 0.0970254 0.0000000 0.1313817 0.4256993 0.1516298 0.1524101 0.1774167 0.1518499 2.4549456 2.8409708 
19_33      2.3126341 2.8302427 3.2928271 2.6279312 1.8440843 2.2749121 3.6970421 3.2435407 1.5313662 1.5313662 0.0312879 0.0312879 0.0000010 0.0475315 0.1313817 0.0000000 0.2259558 0.0000010 0.0151584 0.0151237 0.0151237 2.2494852 2.3226500 
27_30      2.3710566 2.8564818 3.8596600 2.6666717 1.8541083 2.2290474 3.5617268 2.9731480 1.8840446 1.8840446 0.2762084 0.2762084 0.2259558 0.2999920 0.4256993 0.2259558 0.0000000 0.2259558 0.2485386 0.2474999 0.2474999 2.5412547 2.4892655 
28_29      2.3126341 2.8302427 3.2928271 2.6279312 1.8440843 2.2749121 3.6970421 3.2435407 1.5313662 1.5313662 0.0312879 0.0312879 0.0000010 0.0723517 0.1516298 0.0000010 0.2259558 0.0000000 0.0151584 0.0425560 0.0151237 2.2494852 2.3226500 
38_30      2.3587694 2.8909106 3.3410407 2.6825372 1.8794157 2.3203131 3.5469989 3.1185321 1.5425339 1.5425339 0.0475893 0.0475893 0.0151584 0.0642753 0.1524101 0.0151584 0.2485386 0.0151584 0.0000000 0.0306660 0.0306660 2.2980475 2.3740054 
39_31      2.2857850 2.7976428 3.2529854 2.5977414 1.8215651 2.2483257 3.6540735 3.2061690 1.5110676 1.5110676 0.0474670 0.0474670 0.0151237 0.0910628 0.1774167 0.0151237 0.2474999 0.0425560 0.0306660 0.0000000 0.0000010 2.2967568 2.2928869 
40_31      2.2857850 2.7976428 3.2529854 2.5977414 1.8215651 2.2483257 3.6540735 3.2061690 1.5110676 1.5110676 0.0474670 0.0474670 0.0151237 0.0641022 0.1518499 0.0151237 0.2474999 0.0151237 0.0306660 0.0000010 0.0000000 2.2967568 2.2928869 
43_82      2.8106453 2.6835580 2.2596133 2.2769793 2.9431566 2.6404827 2.0255164 1.8756078 2.6672350 2.6672350 2.1984631 2.1984631 2.2494852 2.2996408 2.4549456 2.2494852 2.5412547 2.2494852 2.2980475 2.2967568 2.2967568 0.0000000 0.9967813 
44_73      2.2148834 2.3350905 1.8120120 2.5426670 2.6230606 2.6625508 2.4774103 1.9106928 2.2602778 2.2602778 2.3802745 2.3802745 2.3226500 2.3399695 2.8409708 2.3226500 2.4892655 2.3226500 2.3740054 2.2928869 2.2928869 0.9967813 0.0000000 
