7
8_82       0.0000000 0.0000010 0.4215299 0.4215299 0.4021052 0.3825718 0.4021052 
9_83       0.0000010 0.0000000 0.4215299 0.4215299 0.4021052 0.3825718 0.4021052 
12_9       0.4215299 0.4215299 0.0000000 0.0000010 0.0140478 0.0281640 0.0140478 
13_9       0.4215299 0.4215299 0.0000010 0.0000000 0.0140478 0.0281640 0.0140478 
14_9       0.4021052 0.4021052 0.0140478 0.0140478 0.0000000 0.0140504 0.0000010 
18_9       0.3825718 0.3825718 0.0281640 0.0281640 0.0140504 0.0000000 0.0140504 
19_9       0.4021052 0.4021052 0.0140478 0.0140478 0.0000010 0.0140504 0.0000000 
