8
1_13       0.0000000 0.1353749 0.3266218 1.8236576 0.1735223 2.0717251 3.5556282 1.8816488 
1_26       0.1353749 0.0000000 0.2362628 1.7514041 0.1772479 2.0405610 3.5555459 1.8997362 
1_91       0.3266218 0.2362628 0.0000000 2.3654912 0.2703349 2.8262742 1.8611602 2.4765069 
1_103      1.8236576 1.7514041 2.3654912 0.0000000 1.7466464 2.2951952 3.4916411 1.5060510 
1_152      0.1735223 0.1772479 0.2703349 1.7466464 0.0000000 2.0165714 3.5438717 1.8216534 
4_83       2.0717251 2.0405610 2.8262742 2.2951952 2.0165714 0.0000000 2.2936736 2.7762085 
4_168      3.5556282 3.5555459 1.8611602 3.4916411 3.5438717 2.2936736 0.0000000 1.5223260 
5_184      1.8816488 1.8997362 2.4765069 1.5060510 1.8216534 2.7762085 1.5223260 0.0000000 
