10
1_3        0.0000000 3.1982332 1.0608351 2.4789388 3.2995316 0.6306105 2.8239078 1.0884562 1.1579142 1.1664555 
4_56       3.1982332 0.0000000 1.2842244 1.9620093 1.9342676 3.0403746 1.6803835 0.9398775 0.7912034 0.4327951 
4_57       1.0608351 1.2842244 0.0000000 1.9628521 1.7983172 0.4390518 1.3802937 0.5672275 0.6623592 0.6232727 
4_92       2.4789388 1.9620093 1.9628521 0.0000000 0.4493912 2.6213040 2.0812639 2.1052882 2.1430831 2.0403190 
4_93       3.2995316 1.9342676 1.7983172 0.4493912 0.0000000 3.1539669 2.0328097 2.1421438 1.7929359 1.8770808 
4_198      0.6306105 3.0403746 0.4390518 2.6213040 3.1539669 0.0000000 0.4182717 2.7062524 2.6454186 3.1966729 
4_200      2.8239078 1.6803835 1.3802937 2.0812639 2.0328097 0.4182717 0.0000000 2.0932565 2.2179904 2.0413576 
4_215      1.0884562 0.9398775 0.5672275 2.1052882 2.1421438 2.7062524 2.0932565 0.0000000 0.4563050 0.4339674 
5_88       1.1579142 0.7912034 0.6623592 2.1430831 1.7929359 2.6454186 2.2179904 0.4563050 0.0000000 0.3858455 
5_129      1.1664555 0.4327951 0.6232727 2.0403190 1.8770808 3.1966729 2.0413576 0.4339674 0.3858455 0.0000000 
