6
0_5        0.0000000 1.3740435 1.4199508 0.7318196 1.8362034 1.9476325 
0_104      1.3740435 0.0000000 0.7871749 1.2473414 2.1549212 2.4227555 
1_30       1.4199508 0.7871749 0.0000000 0.9901260 1.8952963 2.2426995 
1_160      0.7318196 1.2473414 0.9901260 0.0000000 1.9663207 1.9306110 
4_68       1.8362034 2.1549212 1.8952963 1.9663207 0.0000000 0.8645590 
5_180      1.9476325 2.4227555 2.2426995 1.9306110 0.8645590 0.0000000 
