36
0_125      0.0000000 0.4689427 1.8246913 1.5620240 2.5112393 1.3509482 1.8026468 1.1841627 1.8975806 2.5190836 2.4967422 2.7289986 2.7289986 2.6920249 2.7140132 2.7058743 2.7140132 2.6920249 2.8139922 2.7043701 2.7043701 2.7030567 2.7116651 2.7116651 2.6957252 2.6998538 2.7201763 2.7058743 2.6998538 2.6704382 2.6835642 2.6805390 2.8720586 2.6456889 2.8812713 2.8043706 
1_43       0.4689427 0.0000000 1.8850878 1.5790263 2.6180165 1.4208512 1.7022948 1.2845310 1.8175550 2.6246101 2.6743836 2.5744598 2.5744598 2.7222094 2.7439791 2.7142992 2.7439791 2.7222094 2.8741310 2.7194685 2.7194685 2.7114897 2.7243121 2.7243121 2.7118290 2.7234843 2.7328168 2.7142992 2.7234843 2.6886541 2.7329103 2.7332736 2.9583656 2.6233971 3.0106170 2.9029803 
2_113      1.8246913 1.8850878 0.0000000 2.1688001 2.9857955 1.9585378 1.9713469 1.7777076 2.3556053 2.7932780 2.7053390 2.7817523 2.7817523 2.7786539 2.7719365 2.7589618 2.7719365 2.7786539 2.8597090 2.7581935 2.7581935 2.7595958 2.7562251 2.7562251 2.7685169 2.7568601 2.7652683 2.7589618 2.7568601 2.7703806 2.7843110 2.7848833 3.1628464 2.5506110 2.8074634 2.8248663 
3_55       1.5620240 1.5790263 2.1688001 0.0000000 2.5426997 1.5637255 0.9083819 1.4810115 1.4883465 1.5076803 1.5181595 1.8975734 1.8975734 2.1138275 2.1391439 2.1069731 2.1391439 2.1138275 2.2658087 2.1031206 2.1031206 2.1203651 2.1031206 2.1031206 2.1126270 2.1069731 2.1140378 2.1069731 2.1069731 2.0982215 2.0968917 2.0944634 1.2746503 2.1160657 2.0411182 1.8237046 
3_56       2.5112393 2.6180165 2.9857955 2.5426997 0.0000000 1.4911716 2.8586620 1.2615080 2.9780516 2.5127996 2.2765822 2.4280492 2.4280492 2.3175936 2.3088644 2.3212633 2.3088644 2.3175936 2.3856001 2.3110985 2.3110985 2.3212633 2.3066625 2.3066625 2.3301403 2.3293791 2.3066625 2.3212633 2.3293791 2.3281925 2.2969942 2.2984157 2.4846012 1.4171076 2.5315387 2.3075542 
4_128      1.3509482 1.4208512 1.9585378 1.5637255 1.4911716 0.0000000 1.5232257 0.5376032 2.4524801 2.0790572 1.9917618 2.3029858 2.3029858 2.4317329 2.4474667 2.4552893 2.4474667 2.4317329 2.5989208 2.4503192 2.4503192 2.4692622 2.4503192 2.4503192 2.4691749 2.4671747 2.4613013 2.4552893 2.4671747 2.4293312 2.4237186 2.4327819 2.1734503 2.5002953 2.4946153 2.4008858 
4_163      1.8026468 1.7022948 1.9713469 0.9083819 2.8586620 1.5232257 0.0000000 1.3178165 0.8973684 3.4468077 3.2459776 3.1852249 3.1852249 3.0545805 3.0504574 3.0465874 3.0504574 3.0545805 3.1586514 3.0398796 3.0398796 3.0465874 3.0439033 3.0439033 3.0336245 3.0465874 3.0439033 3.0465874 3.0465874 3.0679994 3.0700605 3.0599742 3.0986039 2.3264276 3.8882814 3.4495928 
5_78       1.1841627 1.2845310 1.7777076 1.4810115 1.2615080 0.5376032 1.3178165 0.0000000 1.9831119 2.0613692 1.9604224 2.1233864 2.1233864 2.3356040 2.3546160 2.3482782 2.3546160 2.3356040 2.4736724 2.3436291 2.3436291 2.3613899 2.3436291 2.3436291 2.3657180 2.3595311 2.3540449 2.3482782 2.3595311 2.3270988 2.3228616 2.3167621 1.8903456 2.4285139 2.4349681 2.3044112 
5_151      1.8975806 1.8175550 2.3556053 1.4883465 2.9780516 2.4524801 0.8973684 1.9831119 0.0000000 3.1166583 2.6962766 3.4039366 3.4039366 3.2667546 3.2413254 3.2448615 3.2413254 3.2667546 3.3196454 3.2575490 3.2575490 3.2448615 3.2674136 3.2674136 3.2308476 3.2448615 3.2674136 3.2448615 3.2448615 3.3022135 3.3177298 3.3066717 3.2121957 6.4807816 3.7413324 3.3838881 
6_123      2.5190836 2.6246101 2.7932780 1.5076803 2.5127996 2.0790572 3.4468077 2.0613692 3.1166583 0.0000000 0.4865944 1.6883261 1.6883261 1.7223134 1.7242794 1.7661132 1.7242794 1.7223134 1.8531357 1.7623689 1.7623689 1.7726532 1.7668285 1.7668285 1.7696957 1.7636638 1.7721815 1.7661132 1.7636638 1.7312680 1.7332732 1.7398322 1.9426867 1.6806816 1.4228736 1.3268624 
7_6        2.4967422 2.6743836 2.7053390 1.5181595 2.2765822 1.9917618 3.2459776 1.9604224 2.6962766 0.4865944 0.0000000 1.6471417 1.6471417 1.7811183 1.7873948 1.7963363 1.7873948 1.7811183 1.9011200 1.7917994 1.7917994 1.8030617 1.7963799 1.7963799 1.8023101 1.7938105 1.8018795 1.7963363 1.7938105 1.7692940 1.7809465 1.7843225 1.9837440 1.7058752 1.4504906 1.3749018 
8_100      2.7289986 2.5744598 2.7817523 1.8975734 2.4280492 2.3029858 3.1852249 2.1233864 3.4039366 1.6883261 1.6471417 0.0000000 0.0000010 0.7842454 0.7779865 0.7853401 0.7779865 0.7842454 0.8566081 0.7892742 0.7892742 0.7852721 0.7904484 0.7904484 0.7956286 0.7845864 0.7939510 0.7853401 0.7845864 0.7919509 0.7872026 0.7883334 0.9229325 0.7212192 1.7235249 1.6909899 
9_101      2.7289986 2.5744598 2.7817523 1.8975734 2.4280492 2.3029858 3.1852249 2.1233864 3.4039366 1.6883261 1.6471417 0.0000010 0.0000000 0.7842454 0.7779865 0.7853401 0.7779865 0.7842454 0.8566081 0.7892742 0.7892742 0.7852721 0.7904484 0.7904484 0.7956286 0.7845864 0.7939510 0.7853401 0.7845864 0.7919509 0.7872026 0.7883334 0.9229325 0.7212192 1.7235249 1.6909899 
12_31      2.6920249 2.7222094 2.7786539 2.1138275 2.3175936 2.4317329 3.0545805 2.3356040 3.2667546 1.7223134 1.7811183 0.7842454 0.7842454 0.0000000 0.0068261 0.0235217 0.0068261 0.0000010 0.0430688 0.0279691 0.0279691 0.0244108 0.0270730 0.0270730 0.0289700 0.0244159 0.0279844 0.0235217 0.0244159 0.0304408 0.0322571 0.0340092 0.0331828 0.0259725 1.6985413 1.7943583 
13_31      2.7140132 2.7439791 2.7719365 2.1391439 2.3088644 2.4474667 3.0504574 2.3546160 3.2413254 1.7242794 1.7873948 0.7779865 0.7779865 0.0068261 0.0000000 0.0280197 0.0000010 0.0068261 0.0363101 0.0307218 0.0307218 0.0289168 0.0298196 0.0298196 0.0335309 0.0289229 0.0307388 0.0280197 0.0289229 0.0305008 0.0314325 0.0331868 0.0331815 0.0305093 1.7060028 1.8041410 
14_28      2.7058743 2.7142992 2.7589618 2.1069731 2.3212633 2.4552893 3.0465874 2.3482782 3.2448615 1.7661132 1.7963363 0.7853401 0.7853401 0.0235217 0.0280197 0.0000000 0.0280197 0.0235217 0.0645759 0.0076620 0.0076620 0.0008454 0.0068048 0.0068048 0.0068298 0.0008455 0.0076660 0.0000010 0.0008455 0.0242347 0.0286983 0.0313796 0.0109003 0.0069730 1.6890297 1.7968327 
15_30      2.7140132 2.7439791 2.7719365 2.1391439 2.3088644 2.4474667 3.0504574 2.3546160 3.2413254 1.7242794 1.7873948 0.7779865 0.7779865 0.0068261 0.0000010 0.0280197 0.0000000 0.0068261 0.0363101 0.0307218 0.0307218 0.0289168 0.0298196 0.0298196 0.0335309 0.0289229 0.0307388 0.0280197 0.0289229 0.0305008 0.0314325 0.0331868 0.0331815 0.0305093 1.7060028 1.8041410 
17_29      2.6920249 2.7222094 2.7786539 2.1138275 2.3175936 2.4317329 3.0545805 2.3356040 3.2667546 1.7223134 1.7811183 0.7842454 0.7842454 0.0000010 0.0068261 0.0235217 0.0068261 0.0000000 0.0430688 0.0279691 0.0279691 0.0244108 0.0270730 0.0270730 0.0289700 0.0244159 0.0279844 0.0235217 0.0244159 0.0304408 0.0322571 0.0340092 0.0331828 0.0259725 1.6985413 1.7943583 
18_33      2.8139922 2.8741310 2.8597090 2.2658087 2.3856001 2.5989208 3.1586514 2.4736724 3.3196454 1.8531357 1.9011200 0.8566081 0.8566081 0.0430688 0.0363101 0.0645759 0.0363101 0.0430688 0.0000000 0.0685565 0.0685565 0.0655634 0.0656327 0.0656327 0.0717646 0.0655782 0.0666677 0.0645759 0.0655782 0.0689146 0.0692854 0.0711734 0.0618150 0.0746355 1.7831320 1.8898002 
19_32      2.7043701 2.7194685 2.7581935 2.1031206 2.3110985 2.4503192 3.0398796 2.3436291 3.2575490 1.7623689 1.7917994 0.7892742 0.7892742 0.0279691 0.0307218 0.0076620 0.0307218 0.0279691 0.0685565 0.0000000 0.0000010 0.0085200 0.0025413 0.0025413 0.0111171 0.0085217 0.0033931 0.0076620 0.0085217 0.0180703 0.0242321 0.0268903 0.0000010 0.0027748 1.6988620 1.7881844 
20_50      2.7043701 2.7194685 2.7581935 2.1031206 2.3110985 2.4503192 3.0398796 2.3436291 3.2575490 1.7623689 1.7917994 0.7892742 0.7892742 0.0279691 0.0307218 0.0076620 0.0307218 0.0279691 0.0685565 0.0000010 0.0000000 0.0085200 0.0025413 0.0025413 0.0111171 0.0085217 0.0033931 0.0076620 0.0085217 0.0180703 0.0242321 0.0268903 0.0000010 0.0027748 1.6988620 1.7881844 
23_28      2.7030567 2.7114897 2.7595958 2.1203651 2.3212633 2.4692622 3.0465874 2.3613899 3.2448615 1.7726532 1.8030617 0.7852721 0.7852721 0.0244108 0.0289168 0.0008454 0.0289168 0.0244108 0.0655634 0.0085200 0.0085200 0.0000000 0.0076614 0.0076614 0.0076895 0.0016924 0.0085245 0.0008454 0.0016924 0.0251202 0.0295915 0.0322771 0.0109003 0.0083783 1.6950693 1.8033081 
24_32      2.7116651 2.7243121 2.7562251 2.1031206 2.3066625 2.4503192 3.0439033 2.3436291 3.2674136 1.7668285 1.7963799 0.7904484 0.7904484 0.0270730 0.0298196 0.0068048 0.0298196 0.0270730 0.0656327 0.0025413 0.0025413 0.0076614 0.0000000 0.0000010 0.0102530 0.0076629 0.0008464 0.0068048 0.0076629 0.0206831 0.0242337 0.0268921 0.0065220 0.0013847 1.6986392 1.7879687 
25_29      2.7116651 2.7243121 2.7562251 2.1031206 2.3066625 2.4503192 3.0439033 2.3436291 3.2674136 1.7668285 1.7963799 0.7904484 0.7904484 0.0270730 0.0298196 0.0068048 0.0298196 0.0270730 0.0656327 0.0025413 0.0025413 0.0076614 0.0000010 0.0000000 0.0102530 0.0076629 0.0008464 0.0068048 0.0076629 0.0206831 0.0242337 0.0268921 0.0065220 0.0013847 1.6986392 1.7879687 
27_29      2.6957252 2.7118290 2.7685169 2.1126270 2.3301403 2.4691749 3.0336245 2.3657180 3.2308476 1.7696957 1.8023101 0.7956286 0.7956286 0.0289700 0.0335309 0.0068298 0.0335309 0.0289700 0.0717646 0.0111171 0.0111171 0.0076895 0.0102530 0.0102530 0.0000000 0.0059702 0.0111229 0.0068298 0.0059702 0.0278224 0.0323228 0.0350246 0.0153455 0.0097993 1.6932594 1.8061963 
28_28      2.6998538 2.7234843 2.7568601 2.1069731 2.3293791 2.4671747 3.0465874 2.3595311 3.2448615 1.7636638 1.7938105 0.7845864 0.7845864 0.0244159 0.0289229 0.0008455 0.0289229 0.0244159 0.0655782 0.0085217 0.0085217 0.0016924 0.0076629 0.0076629 0.0059702 0.0000000 0.0085262 0.0008455 0.0000010 0.0251255 0.0295978 0.0322839 0.0131137 0.0069730 1.6817759 1.7995539 
29_44      2.7201763 2.7328168 2.7652683 2.1140378 2.3066625 2.4613013 3.0439033 2.3540449 3.2674136 1.7721815 1.8018795 0.7939510 0.7939510 0.0279844 0.0307388 0.0076660 0.0307388 0.0279844 0.0666677 0.0033931 0.0033931 0.0085245 0.0008464 0.0008464 0.0111229 0.0085262 0.0000000 0.0076660 0.0085262 0.0215753 0.0251347 0.0277990 0.0065220 0.0027775 1.7030899 1.7934147 
30_28      2.7058743 2.7142992 2.7589618 2.1069731 2.3212633 2.4552893 3.0465874 2.3482782 3.2448615 1.7661132 1.7963363 0.7853401 0.7853401 0.0235217 0.0280197 0.0000010 0.0280197 0.0235217 0.0645759 0.0076620 0.0076620 0.0008454 0.0068048 0.0068048 0.0068298 0.0008455 0.0076660 0.0000000 0.0008455 0.0242347 0.0286983 0.0313796 0.0109003 0.0069730 1.6890297 1.7968327 
31_75      2.6998538 2.7234843 2.7568601 2.1069731 2.3293791 2.4671747 3.0465874 2.3595311 3.2448615 1.7636638 1.7938105 0.7845864 0.7845864 0.0244159 0.0289229 0.0008455 0.0289229 0.0244159 0.0655782 0.0085217 0.0085217 0.0016924 0.0076629 0.0076629 0.0059702 0.0000010 0.0085262 0.0008455 0.0000000 0.0251255 0.0295978 0.0322839 0.0131137 0.0069730 1.6817759 1.7995539 
38_29      2.6704382 2.6886541 2.7703806 2.0982215 2.3281925 2.4293312 3.0679994 2.3270988 3.3022135 1.7312680 1.7692940 0.7919509 0.7919509 0.0304408 0.0305008 0.0242347 0.0305008 0.0304408 0.0689146 0.0180703 0.0180703 0.0251202 0.0206831 0.0206831 0.0278224 0.0251255 0.0215753 0.0242347 0.0251255 0.0000000 0.0154531 0.0189533 0.0153307 0.0227734 1.6944467 1.7726627 
39_30      2.6835642 2.7329103 2.7843110 2.0968917 2.2969942 2.4237186 3.0700605 2.3228616 3.3177298 1.7332732 1.7809465 0.7872026 0.7872026 0.0322571 0.0314325 0.0286983 0.0314325 0.0322571 0.0692854 0.0242321 0.0242321 0.0295915 0.0242337 0.0242337 0.0323228 0.0295978 0.0251347 0.0286983 0.0295978 0.0154531 0.0000000 0.0034008 0.0242435 0.0270662 1.6936002 1.7749536 
40_30      2.6805390 2.7332736 2.7848833 2.0944634 2.2984157 2.4327819 3.0599742 2.3167621 3.3066717 1.7398322 1.7843225 0.7883334 0.7883334 0.0340092 0.0331868 0.0313796 0.0331868 0.0340092 0.0711734 0.0268903 0.0268903 0.0322771 0.0268921 0.0268921 0.0350246 0.0322839 0.0277990 0.0313796 0.0322839 0.0189533 0.0034008 0.0000000 0.0242843 0.0314243 1.6957045 1.7798008 
42_107     2.8720586 2.9583656 3.1628464 1.2746503 2.4846012 2.1734503 3.0986039 1.8903456 3.2121957 1.9426867 1.9837440 0.9229325 0.9229325 0.0331828 0.0331815 0.0109003 0.0331815 0.0331828 0.0618150 0.0000010 0.0000010 0.0109003 0.0065220 0.0065220 0.0153455 0.0131137 0.0065220 0.0109003 0.0131137 0.0153307 0.0242435 0.0242843 0.0000000 0.6348351 1.8645432 1.8441171 
42_112     2.6456889 2.6233971 2.5506110 2.1160657 1.4171076 2.5002953 2.3264276 2.4285139 6.4807816 1.6806816 1.7058752 0.7212192 0.7212192 0.0259725 0.0305093 0.0069730 0.0305093 0.0259725 0.0746355 0.0027748 0.0027748 0.0083783 0.0013847 0.0013847 0.0097993 0.0069730 0.0027775 0.0069730 0.0069730 0.0227734 0.0270662 0.0314243 0.6348351 0.0000000 1.6469010 1.7975428 
43_9       2.8812713 3.0106170 2.8074634 2.0411182 2.5315387 2.4946153 3.8882814 2.4349681 3.7413324 1.4228736 1.4504906 1.7235249 1.7235249 1.6985413 1.7060028 1.6890297 1.7060028 1.6985413 1.7831320 1.6988620 1.6988620 1.6950693 1.6986392 1.6986392 1.6932594 1.6817759 1.7030899 1.6890297 1.6817759 1.6944467 1.6936002 1.6957045 1.8645432 1.6469010 0.0000000 0.7236061 
44_90      2.8043706 2.9029803 2.8248663 1.8237046 2.3075542 2.4008858 3.4495928 2.3044112 3.3838881 1.3268624 1.3749018 1.6909899 1.6909899 1.7943583 1.8041410 1.7968327 1.8041410 1.7943583 1.8898002 1.7881844 1.7881844 1.8033081 1.7879687 1.7879687 1.8061963 1.7995539 1.7934147 1.7968327 1.7995539 1.7726627 1.7749536 1.7798008 1.8441171 1.7975428 0.7236061 0.0000000 
