21
0_73       0.0000000 0.1736766 2.4185438 1.4014157 1.4100587 1.4703247 1.5839316 1.6739510 1.6925377 1.6925377 1.9633194 1.9633194 2.0096753 1.9826680 2.0096753 2.0129125 1.9913641 2.0252184 2.0252184 1.8282007 1.9537857 
1_137      0.1736766 0.0000000 2.3718156 1.3133211 1.3793456 1.3414734 1.5085270 1.5627257 1.6455958 1.6455958 1.8854218 1.8854218 1.9191877 1.9041129 1.9191877 1.9197280 1.9015198 1.9341280 1.9341280 1.6595015 1.7667519 
2_201      2.4185438 2.3718156 0.0000000 3.0522657 3.3013652 3.0635375 3.1989807 3.1786703 3.2356089 3.2356089 3.3642564 3.3642564 3.4395363 3.4002341 3.4395363 3.4697137 3.4578105 3.4326451 3.4326451 2.9228767 3.1898556 
3_121      1.4014157 1.3133211 3.0522657 0.0000000 1.5249022 1.3622587 1.1534329 1.1793478 1.4425074 1.4425074 1.5378450 1.5378450 1.5526266 1.5305223 1.5526266 1.5659437 1.5844410 1.5558937 1.5558937 1.4977680 1.4191033 
4_107      1.4100587 1.3793456 3.3013652 1.5249022 0.0000000 0.2271692 2.0380551 2.0625846 2.2087232 2.2087232 2.2308072 2.2308072 2.2870871 2.2440408 2.2870871 2.3064375 2.2336016 2.3049936 2.3049936 2.1191508 2.0871546 
5_25       1.4703247 1.3414734 3.0635375 1.3622587 0.2271692 0.0000000 1.8639221 1.9310819 2.1619645 2.1619645 2.2423311 2.2423311 2.2985253 2.2646639 2.2985253 2.3178319 2.2451025 2.3163956 2.3163956 2.1698276 2.0855378 
6_69       1.5839316 1.5085270 3.1989807 1.1534329 2.0380551 1.8639221 0.0000000 0.2204566 0.8342002 0.8342002 0.9538315 0.9538315 0.9756046 0.9616425 0.9756046 0.9853927 0.9846131 0.9781048 0.9781048 0.9099884 0.8295960 
7_29       1.6739510 1.5627257 3.1786703 1.1793478 2.0625846 1.9310819 0.2204566 0.0000000 0.8454298 0.8454298 0.9156393 0.9156393 0.9131749 0.9232566 0.9131749 0.9225837 0.9216701 0.9155843 0.9155843 0.9829177 0.8481170 
8_57       1.6925377 1.6455958 3.2356089 1.4425074 2.2087232 2.1619645 0.8342002 0.8454298 0.0000000 0.0000010 0.4238466 0.4238466 0.4309848 0.4311248 0.4309848 0.4379305 0.4428189 0.4325956 0.4325956 1.0987998 1.0416542 
9_58       1.6925377 1.6455958 3.2356089 1.4425074 2.2087232 2.1619645 0.8342002 0.8454298 0.0000010 0.0000000 0.4238466 0.4238466 0.4309848 0.4311248 0.4309848 0.4379305 0.4428189 0.4325956 0.4325956 1.0987998 1.0416542 
12_121     1.9633194 1.8854218 3.3642564 1.5378450 2.2308072 2.2423311 0.9538315 0.9156393 0.4238466 0.4238466 0.0000000 0.0000010 0.0124251 0.0041295 0.0124251 0.0166087 0.0167664 0.0165801 0.0165801 1.1265452 0.9728881 
13_119     1.9633194 1.8854218 3.3642564 1.5378450 2.2308072 2.2423311 0.9538315 0.9156393 0.4238466 0.4238466 0.0000010 0.0000000 0.0124251 0.0041295 0.0124251 0.0166087 0.0167664 0.0165801 0.0165801 1.1265452 0.9728881 
14_118     2.0096753 1.9191877 3.4395363 1.5526266 2.2870871 2.2985253 0.9756046 0.9131749 0.4309848 0.4309848 0.0124251 0.0124251 0.0000000 0.0166161 0.0000010 0.0041202 0.0125034 0.0041133 0.0041133 1.1385975 0.9981895 
17_120     1.9826680 1.9041129 3.4002341 1.5305223 2.2440408 2.2646639 0.9616425 0.9232566 0.4311248 0.4311248 0.0041295 0.0041295 0.0166161 0.0000000 0.0166161 0.0208226 0.0210205 0.0207864 0.0207864 1.1292555 0.9743475 
18_128     2.0096753 1.9191877 3.4395363 1.5526266 2.2870871 2.2985253 0.9756046 0.9131749 0.4309848 0.4309848 0.0124251 0.0124251 0.0000010 0.0166161 0.0000000 0.0041202 0.0125034 0.0041133 0.0041133 1.1385975 0.9981895 
27_124     2.0129125 1.9197280 3.4697137 1.5659437 2.3064375 2.3178319 0.9853927 0.9225837 0.4379305 0.4379305 0.0166087 0.0166087 0.0041202 0.0208226 0.0041202 0.0000000 0.0167129 0.0082474 0.0082474 1.1494626 1.0080993 
38_117     1.9913641 1.9015198 3.4578105 1.5844410 2.2336016 2.2451025 0.9846131 0.9216701 0.4428189 0.4428189 0.0167664 0.0167664 0.0125034 0.0210205 0.0125034 0.0167129 0.0000000 0.0166840 0.0166840 1.1377081 1.0198040 
39_117     2.0252184 1.9341280 3.4326451 1.5558937 2.3049936 2.3163956 0.9781048 0.9155843 0.4325956 0.4325956 0.0165801 0.0165801 0.0041133 0.0207864 0.0041133 0.0082474 0.0166840 0.0000000 0.0000010 1.1482468 1.0007176 
40_117     2.0252184 1.9341280 3.4326451 1.5558937 2.3049936 2.3163956 0.9781048 0.9155843 0.4325956 0.4325956 0.0165801 0.0165801 0.0041133 0.0207864 0.0041133 0.0082474 0.0166840 0.0000010 0.0000000 1.1482468 1.0007176 
43_15      1.8282007 1.6595015 2.9228767 1.4977680 2.1191508 2.1698276 0.9099884 0.9829177 1.0987998 1.0987998 1.1265452 1.1265452 1.1385975 1.1292555 1.1385975 1.1494626 1.1377081 1.1482468 1.1482468 0.0000000 0.4652021 
44_113     1.9537857 1.7667519 3.1898556 1.4191033 2.0871546 2.0855378 0.8295960 0.8481170 1.0416542 1.0416542 0.9728881 0.9728881 0.9981895 0.9743475 0.9981895 1.0080993 1.0198040 1.0007176 1.0007176 0.4652021 0.0000000 
