10
2_7        0.0000000 1.3037929 2.1907007 3.4230620 3.5389430 3.8623265 3.3962241 2.9776905 3.0181383 3.3011353 
2_8        1.3037929 0.0000000 1.9968300 4.1382210 3.2407770 4.7667104 5.0156878 6.0662632 3.6528885 3.5815157 
2_9        2.1907007 1.9968300 0.0000000 3.3631646 2.4688323 6.2924616 4.8317729 8.9999980 2.8454734 2.9843143 
2_63       3.4230620 4.1382210 3.3631646 0.0000000 1.6009813 1.2115143 2.2540807 4.3679398 4.2532630 4.4902250 
2_64       3.5389430 3.2407770 2.4688323 1.6009813 0.0000000 0.8443150 1.8244191 3.4386540 2.4102971 2.8302004 
2_67       3.8623265 4.7667104 6.2924616 1.2115143 0.8443150 0.0000000 1.7108262 2.1624002 5.7760321 4.0106174 
2_68       3.3962241 5.0156878 4.8317729 2.2540807 1.8244191 1.7108262 0.0000000 2.3045250 5.6806811 4.7002975 
2_69       2.9776905 6.0662632 8.9999980 4.3679398 3.4386540 2.1624002 2.3045250 0.0000000 7.2670158 3.7889421 
2_71       3.0181383 3.6528885 2.8454734 4.2532630 2.4102971 5.7760321 5.6806811 7.2670158 0.0000000 1.8137715 
2_254      3.3011353 3.5815157 2.9843143 4.4902250 2.8302004 4.0106174 4.7002975 3.7889421 1.8137715 0.0000000 
