6
0_120      0.0000000 0.2242453 1.4919091 2.2493349 1.6710461 1.7164736 
1_176      0.2242453 0.0000000 1.4567469 2.4073554 1.6481044 1.8087001 
2_111      1.4919091 1.4567469 0.0000000 2.5913467 1.9762102 2.1372654 
3_104      2.2493349 2.4073554 2.5913467 0.0000000 1.9121556 1.8834952 
4_44       1.6710461 1.6481044 1.9762102 1.9121556 0.0000000 0.4297088 
5_95       1.7164736 1.8087001 2.1372654 1.8834952 0.4297088 0.0000000 
