7
0_111      0.0000000 0.3757588 2.9032235 2.4774625 2.1946594 2.0872487 2.3839933 
1_87       0.3757588 0.0000000 3.0403813 2.7138652 1.9569317 2.1059189 2.5612879 
2_210      2.9032235 3.0403813 0.0000000 3.8534005 3.1402897 3.8377258 4.1265375 
4_10       2.4774625 2.7138652 3.8534005 0.0000000 1.9287079 1.9388954 0.7177602 
4_179      2.1946594 1.9569317 3.1402897 1.9287079 0.0000000 0.8893250 2.0310627 
5_89       2.0872487 2.1059189 3.8377258 1.9388954 0.8893250 0.0000000 2.4556590 
5_144      2.3839933 2.5612879 4.1265375 0.7177602 2.0310627 2.4556590 0.0000000 
