17
12_69      0.0000000 0.0234244 0.0615923 0.0212431 0.0212431 0.0000010 0.2166841 0.0575614 0.0575614 0.0615923 0.0546054 0.0640034 0.0640034 0.0616265 0.0693531 0.0714629 0.0714629 
13_70      0.0234244 0.0000000 0.0678228 0.0020676 0.0020676 0.0234244 0.2075724 0.0664361 0.0664361 0.0678228 0.0608913 0.0702228 0.0702228 0.0704219 0.0620648 0.0687206 0.0687206 
14_65      0.0615923 0.0678228 0.0000000 0.0654142 0.0654142 0.0615923 0.1470781 0.0237638 0.0237638 0.0000010 0.0062644 0.0020787 0.0020787 0.0041762 0.0652341 0.0674630 0.0674630 
15_69      0.0212431 0.0020676 0.0654142 0.0000000 0.0000010 0.0212431 0.2075724 0.0640029 0.0640029 0.0654142 0.0585013 0.0678041 0.0678041 0.0679962 0.0597112 0.0663549 0.0663549 
16_66      0.0212431 0.0020676 0.0654142 0.0000010 0.0000000 0.0212431 0.2075724 0.0640029 0.0640029 0.0654142 0.0585013 0.0678041 0.0678041 0.0679962 0.0597112 0.0663549 0.0663549 
17_68      0.0000010 0.0234244 0.0615923 0.0212431 0.0212431 0.0000000 0.2166841 0.0575614 0.0575614 0.0615923 0.0546054 0.0640034 0.0640034 0.0616265 0.0693531 0.0714629 0.0714629 
18_75      0.2166841 0.2075724 0.1470781 0.2075724 0.2075724 0.2166841 0.0000000 0.1181602 0.1181602 0.1470781 0.1515926 0.1516326 0.1516326 0.1473993 0.2194244 0.2319562 0.2319562 
19_70      0.0575614 0.0664361 0.0237638 0.0640029 0.0640029 0.0575614 0.1181602 0.0000000 0.0000010 0.0237638 0.0259850 0.0259788 0.0259788 0.0193287 0.0731627 0.0754094 0.0754094 
20_87      0.0575614 0.0664361 0.0237638 0.0640029 0.0640029 0.0575614 0.1181602 0.0000010 0.0000000 0.0237638 0.0259850 0.0259788 0.0259788 0.0193287 0.0731627 0.0754094 0.0754094 
23_68      0.0615923 0.0678228 0.0000010 0.0654142 0.0654142 0.0615923 0.1470781 0.0237638 0.0237638 0.0000000 0.0062644 0.0020787 0.0020787 0.0041762 0.0652341 0.0674630 0.0674630 
27_70      0.0546054 0.0608913 0.0062644 0.0585013 0.0585013 0.0546054 0.1515926 0.0259850 0.0259850 0.0062644 0.0000000 0.0083698 0.0083698 0.0105092 0.0724129 0.0699806 0.0699806 
28_67      0.0640034 0.0702228 0.0020787 0.0678041 0.0678041 0.0640034 0.1516326 0.0259788 0.0259788 0.0020787 0.0083698 0.0000000 0.0000010 0.0062773 0.0676158 0.0698457 0.0698457 
31_93      0.0640034 0.0702228 0.0020787 0.0678041 0.0678041 0.0640034 0.1516326 0.0259788 0.0259788 0.0020787 0.0083698 0.0000010 0.0000000 0.0062773 0.0676158 0.0698457 0.0698457 
35_70      0.0616265 0.0704219 0.0041762 0.0679962 0.0679962 0.0616265 0.1473993 0.0193287 0.0193287 0.0041762 0.0105092 0.0062773 0.0062773 0.0000000 0.0678071 0.0700424 0.0700424 
38_67      0.0693531 0.0620648 0.0652341 0.0597112 0.0597112 0.0693531 0.2194244 0.0731627 0.0731627 0.0652341 0.0724129 0.0676158 0.0676158 0.0678071 0.0000000 0.0273116 0.0273116 
39_67      0.0714629 0.0687206 0.0674630 0.0663549 0.0663549 0.0714629 0.2319562 0.0754094 0.0754094 0.0674630 0.0699806 0.0698457 0.0698457 0.0700424 0.0273116 0.0000000 0.0000010 
40_67      0.0714629 0.0687206 0.0674630 0.0663549 0.0663549 0.0714629 0.2319562 0.0754094 0.0754094 0.0674630 0.0699806 0.0698457 0.0698457 0.0700424 0.0273116 0.0000010 0.0000000 
