21
8_49       0.0000000 0.0000010 1.9049486 1.8931331 1.8689307 1.8931331 1.9049486 1.9295310 1.9237797 1.9237797 1.8689307 1.9137385 1.8803092 2.1390139 1.6940100 1.8803092 1.8665792 1.8638311 1.8727549 1.8727549 1.9029324 
9_50       0.0000010 0.0000000 1.9049486 1.8931331 1.8689307 1.8931331 1.9049486 1.9295310 1.9237797 1.9237797 1.8689307 1.9137385 1.8803092 2.1390139 1.6940100 1.8803092 1.8665792 1.8638311 1.8727549 1.8727549 1.9029324 
12_90      1.9049486 1.9049486 0.0000000 0.0094433 0.0671914 0.0094433 0.0000010 0.0629305 0.0568828 0.0568828 0.0671914 0.0822926 0.0651829 0.0592639 0.0985110 0.0651829 0.0630308 0.0756386 0.0901556 0.0901556 0.0491100 
13_91      1.8931331 1.8931331 0.0094433 0.0000000 0.0732983 0.0000010 0.0094433 0.0689967 0.0629197 0.0629197 0.0732983 0.0885304 0.0712815 0.0628422 0.1105549 0.0712815 0.0691070 0.0818185 0.0964087 0.0964087 0.0551365 
14_84      1.8689307 1.8689307 0.0671914 0.0732983 0.0000000 0.0732983 0.0671914 0.0302902 0.0245461 0.0245461 0.0000010 0.0246987 0.0018559 0.0301090 0.0504068 0.0018559 0.0074509 0.0590115 0.0748459 0.0748459 0.0323581 
15_90      1.8931331 1.8931331 0.0094433 0.0000010 0.0732983 0.0000000 0.0094433 0.0689967 0.0629197 0.0629197 0.0732983 0.0885304 0.0712815 0.0628422 0.1105549 0.0712815 0.0691070 0.0818185 0.0964087 0.0964087 0.0551365 
17_89      1.9049486 1.9049486 0.0000010 0.0094433 0.0671914 0.0094433 0.0000000 0.0629305 0.0568828 0.0568828 0.0671914 0.0822926 0.0651829 0.0592639 0.0985110 0.0651829 0.0630308 0.0756386 0.0901556 0.0901556 0.0491100 
18_96      1.9295310 1.9295310 0.0629305 0.0689967 0.0302902 0.0689967 0.0629305 0.0000000 0.0055774 0.0055774 0.0302902 0.0483103 0.0283832 0.0065481 0.0389052 0.0283832 0.0226108 0.0712327 0.0871792 0.0871792 0.0226486 
19_89      1.9237797 1.9237797 0.0568828 0.0629197 0.0245461 0.0629197 0.0568828 0.0055774 0.0000000 0.0000010 0.0245461 0.0424003 0.0226469 0.0000010 0.0332461 0.0226469 0.0169137 0.0651236 0.0810198 0.0810198 0.0169417 
20_106     1.9237797 1.9237797 0.0568828 0.0629197 0.0245461 0.0629197 0.0568828 0.0055774 0.0000010 0.0000000 0.0245461 0.0424003 0.0226469 0.0000010 0.0332461 0.0226469 0.0169137 0.0651236 0.0810198 0.0810198 0.0169417 
23_88      1.8689307 1.8689307 0.0671914 0.0732983 0.0000010 0.0732983 0.0671914 0.0302902 0.0245461 0.0245461 0.0000000 0.0246987 0.0018559 0.0301090 0.0504068 0.0018559 0.0074509 0.0590115 0.0748459 0.0748459 0.0323581 
27_90      1.9137385 1.9137385 0.0822926 0.0885304 0.0246987 0.0885304 0.0822926 0.0483103 0.0424003 0.0424003 0.0246987 0.0000000 0.0227877 0.0586117 0.0446433 0.0227877 0.0324846 0.0777789 0.0938705 0.0938705 0.0505214 
28_88      1.8803092 1.8803092 0.0651829 0.0712815 0.0018559 0.0712815 0.0651829 0.0283832 0.0226469 0.0226469 0.0018559 0.0227877 0.0000000 0.0301090 0.0504068 0.0000010 0.0093319 0.0570159 0.0728385 0.0728385 0.0304396 
29_109     2.1390139 2.1390139 0.0592639 0.0628422 0.0301090 0.0628422 0.0592639 0.0065481 0.0000010 0.0000010 0.0301090 0.0586117 0.0301090 0.0000000 0.5086749 0.0301090 0.0267266 0.0701766 0.0982520 0.0982520 0.0233325 
29_110     1.6940100 1.6940100 0.0985110 0.1105549 0.0504068 0.1105549 0.0985110 0.0389052 0.0332461 0.0332461 0.0504068 0.0446433 0.0504068 0.5086749 0.0000000 0.0504068 0.0332461 0.1037581 0.1041967 0.1041967 0.0447533 
31_116     1.8803092 1.8803092 0.0651829 0.0712815 0.0018559 0.0712815 0.0651829 0.0283832 0.0226469 0.0226469 0.0018559 0.0227877 0.0000010 0.0301090 0.0504068 0.0000000 0.0093319 0.0570159 0.0728385 0.0728385 0.0304396 
32_109     1.8665792 1.8665792 0.0630308 0.0691070 0.0074509 0.0691070 0.0630308 0.0226108 0.0169137 0.0169137 0.0074509 0.0324846 0.0093319 0.0267266 0.0332461 0.0093319 0.0000000 0.0589617 0.0747828 0.0747828 0.0246272 
38_85      1.8638311 1.8638311 0.0756386 0.0818185 0.0590115 0.0818185 0.0756386 0.0712327 0.0651236 0.0651236 0.0590115 0.0777789 0.0570159 0.0701766 0.1037581 0.0570159 0.0589617 0.0000000 0.0463082 0.0463082 0.0466425 
39_85      1.8727549 1.8727549 0.0901556 0.0964087 0.0748459 0.0964087 0.0901556 0.0871792 0.0810198 0.0810198 0.0748459 0.0938705 0.0728385 0.0982520 0.1041967 0.0728385 0.0747828 0.0463082 0.0000000 0.0000010 0.0727000 
40_85      1.8727549 1.8727549 0.0901556 0.0964087 0.0748459 0.0964087 0.0901556 0.0871792 0.0810198 0.0810198 0.0748459 0.0938705 0.0728385 0.0982520 0.1041967 0.0728385 0.0747828 0.0463082 0.0000010 0.0000000 0.0727000 
41_85      1.9029324 1.9029324 0.0491100 0.0551365 0.0323581 0.0551365 0.0491100 0.0226486 0.0169417 0.0169417 0.0323581 0.0505214 0.0304396 0.0233325 0.0447533 0.0304396 0.0246272 0.0466425 0.0727000 0.0727000 0.0000000 
