13
12_38      0.0000000 0.0000010 0.2518779 0.2600359 0.2600359 0.2439044 0.2838326 0.2518779 0.0067753 0.3556317 0.3323130 0.3323130 0.2695796 
13_38      0.0000010 0.0000000 0.2518779 0.2600359 0.2600359 0.2439044 0.2838326 0.2518779 0.0067753 0.3556317 0.3323130 0.3323130 0.2695796 
14_35      0.2518779 0.2518779 0.0000000 0.0997967 0.0997967 0.0067838 0.0349560 0.0000010 0.2596869 0.3592298 0.3217096 0.3217096 0.1077799 
18_40      0.2600359 0.2600359 0.0997967 0.0000000 0.0000010 0.1070457 0.1399546 0.0997967 0.2676157 0.3517315 0.3012480 0.3012480 0.0068059 
19_39      0.2600359 0.2600359 0.0997967 0.0000010 0.0000000 0.1070457 0.1399546 0.0997967 0.2676157 0.3517315 0.3012480 0.3012480 0.0068059 
23_35      0.2439044 0.2439044 0.0067838 0.1070457 0.1070457 0.0000000 0.0420051 0.0067838 0.2517090 0.3674669 0.3135561 0.3135561 0.1150932 
27_36      0.2838326 0.2838326 0.0349560 0.1399546 0.1399546 0.0420051 0.0000000 0.0349560 0.2919148 0.4147546 0.3660089 0.3660089 0.1485361 
28_35      0.2518779 0.2518779 0.0000010 0.0997967 0.0997967 0.0067838 0.0349560 0.0000000 0.2596869 0.3592298 0.3217096 0.3217096 0.1077799 
36_39      0.0067753 0.0067753 0.2596869 0.2676157 0.2676157 0.2517090 0.2919148 0.2596869 0.0000000 0.3635480 0.3401206 0.3401206 0.2772137 
38_36      0.3556317 0.3556317 0.3592298 0.3517315 0.3517315 0.3674669 0.4147546 0.3592298 0.3635480 0.0000000 0.1547399 0.1547399 0.3624365 
39_37      0.3323130 0.3323130 0.3217096 0.3012480 0.3012480 0.3135561 0.3660089 0.3217096 0.3401206 0.1547399 0.0000000 0.0000010 0.3111958 
40_37      0.3323130 0.3323130 0.3217096 0.3012480 0.3012480 0.3135561 0.3660089 0.3217096 0.3401206 0.1547399 0.0000010 0.0000000 0.3111958 
42_58      0.2695796 0.2695796 0.1077799 0.0068059 0.0068059 0.1150932 0.1485361 0.1077799 0.2772137 0.3624365 0.3111958 0.3111958 0.0000000 
