10
12_26      0.0000000 0.0172159 0.0172159 0.0841039 0.0841039 0.0839446 0.0839446 0.2026668 0.2410693 0.2026668 
13_26      0.0172159 0.0000000 0.0000010 0.1010080 0.1010080 0.1008101 0.1008101 0.1778939 0.2148445 0.1778939 
15_25      0.0172159 0.0000010 0.0000000 0.1010080 0.1010080 0.1008101 0.1008101 0.1778939 0.2148445 0.1778939 
18_27      0.0841039 0.1010080 0.1010080 0.0000000 0.0000010 0.0475447 0.0475447 0.1813694 0.1628916 0.1813694 
20_44      0.0841039 0.1010080 0.1010080 0.0000010 0.0000000 0.0475447 0.0475447 0.1813694 0.1628916 0.1813694 
27_23      0.0839446 0.1008101 0.1008101 0.0475447 0.0475447 0.0000000 0.0000010 0.1612727 0.1627283 0.1612727 
31_82      0.0839446 0.1008101 0.1008101 0.0475447 0.0475447 0.0000010 0.0000000 0.1612727 0.1627283 0.1612727 
38_25      0.2026668 0.1778939 0.1778939 0.1813694 0.1813694 0.1612727 0.1612727 0.0000000 0.0957219 0.0122816 
40_26      0.2410693 0.2148445 0.2148445 0.1628916 0.1628916 0.1627283 0.1627283 0.0957219 0.0000000 0.1101674 
41_25      0.2026668 0.1778939 0.1778939 0.1813694 0.1813694 0.1612727 0.1612727 0.0122816 0.1101674 0.0000000 
