21
12_42      0.0000000 0.0049696 0.2380587 0.0049696 0.0099694 0.3325118 0.3463603 0.3463603 0.2380587 0.2801556 0.2801556 0.2326334 0.2488988 0.2489473 0.2434311 0.0099719 0.2434311 0.3495274 0.3391082 0.3391082 0.3338517 
13_42      0.0049696 0.0000000 0.2324922 0.0000010 0.0049804 0.3265849 0.3404169 0.3404169 0.2324922 0.2743575 0.2743575 0.2270562 0.2431801 0.2433274 0.2378007 0.0049816 0.2378007 0.3436285 0.3331871 0.3331871 0.3279010 
14_39      0.2380587 0.2324922 0.0000000 0.2324922 0.2386751 0.2757259 0.2853611 0.2853611 0.0000010 0.1711840 0.1711840 0.0049304 0.0099236 0.0098899 0.0049409 0.2387845 0.0049409 0.3025671 0.3081845 0.3081845 0.2793725 
15_41      0.0049696 0.0000010 0.2324922 0.0000000 0.0049804 0.3265849 0.3404169 0.3404169 0.2324922 0.2743575 0.2743575 0.2270562 0.2431801 0.2433274 0.2378007 0.0049816 0.2378007 0.3436285 0.3331871 0.3331871 0.3279010 
16_39      0.0099694 0.0049804 0.2386751 0.0049804 0.0000000 0.3334493 0.3473425 0.3473425 0.2386751 0.2809190 0.2809190 0.2332361 0.2495627 0.2495998 0.2440695 0.0099936 0.2440695 0.3505118 0.3400647 0.3400647 0.3347970 
18_44      0.3325118 0.3265849 0.2757259 0.3265849 0.3334493 0.0000000 0.0098979 0.0098979 0.2757259 0.2365692 0.2365692 0.2703278 0.2881523 0.2875264 0.2820827 0.3336487 0.2820827 0.0506594 0.1659532 0.1659532 0.0100072 
19_43      0.3463603 0.3404169 0.2853611 0.3404169 0.3473425 0.0098979 0.0000000 0.0000010 0.2853611 0.2494048 0.2494048 0.2799228 0.2981022 0.2972963 0.2918105 0.3475570 0.2918105 0.0402769 0.1542548 0.1542548 0.0201211 
20_61      0.3463603 0.3404169 0.2853611 0.3404169 0.3473425 0.0098979 0.0000010 0.0000000 0.2853611 0.2494048 0.2494048 0.2799228 0.2981022 0.2972963 0.2918105 0.3475570 0.2918105 0.0402769 0.1542548 0.1542548 0.0201211 
23_39      0.2380587 0.2324922 0.0000010 0.2324922 0.2386751 0.2757259 0.2853611 0.2853611 0.0000000 0.1711840 0.1711840 0.0049304 0.0099236 0.0098899 0.0049409 0.2387845 0.0049409 0.3025671 0.3081845 0.3081845 0.2793725 
24_43      0.2801556 0.2743575 0.1711840 0.2743575 0.2809190 0.2365692 0.2494048 0.2494048 0.1711840 0.0000000 0.0000010 0.1658408 0.1832202 0.1824275 0.1770543 0.2810658 0.1770543 0.3024960 0.3191764 0.3191764 0.2240888 
25_40      0.2801556 0.2743575 0.1711840 0.2743575 0.2809190 0.2365692 0.2494048 0.2494048 0.1711840 0.0000010 0.0000000 0.1658408 0.1832202 0.1824275 0.1770543 0.2810658 0.1770543 0.3024960 0.3191764 0.3191764 0.2240888 
27_41      0.2326334 0.2270562 0.0049304 0.2270562 0.2332361 0.2703278 0.2799228 0.2799228 0.0049304 0.1658408 0.1658408 0.0000000 0.0148995 0.0148486 0.0098912 0.2333419 0.0098912 0.2971672 0.3028385 0.3028385 0.2739140 
28_39      0.2488988 0.2431801 0.0099236 0.2431801 0.2495627 0.2881523 0.2981022 0.2981022 0.0099236 0.1832202 0.1832202 0.0148995 0.0000000 0.0099187 0.0049552 0.2496829 0.0049552 0.3156154 0.3212288 0.3212288 0.2920209 
31_64      0.2489473 0.2433274 0.0098899 0.2433274 0.2495998 0.2875264 0.2972963 0.2972963 0.0098899 0.1824275 0.1824275 0.0148486 0.0099187 0.0000000 0.0049385 0.2497180 0.0049385 0.3145042 0.3200289 0.3200289 0.2913204 
33_35      0.2434311 0.2378007 0.0049409 0.2378007 0.2440695 0.2820827 0.2918105 0.2918105 0.0049409 0.1770543 0.1770543 0.0098912 0.0049552 0.0049385 0.0000000 0.2441839 0.0000010 0.3090538 0.3146331 0.3146331 0.2858168 
36_42      0.0099719 0.0049816 0.2387845 0.0049816 0.0099936 0.3336487 0.3475570 0.3475570 0.2387845 0.2810658 0.2810658 0.2333419 0.2496829 0.2497180 0.2441839 0.0000000 0.2441839 0.3507282 0.3402707 0.3402707 0.3349986 
37_39      0.2434311 0.2378007 0.0049409 0.2378007 0.2440695 0.2820827 0.2918105 0.2918105 0.0049409 0.1770543 0.1770543 0.0098912 0.0049552 0.0049385 0.0000010 0.2441839 0.0000000 0.3090538 0.3146331 0.3146331 0.2858168 
38_40      0.3495274 0.3436285 0.3025671 0.3436285 0.3505118 0.0506594 0.0402769 0.0402769 0.3025671 0.3024960 0.3024960 0.2971672 0.3156154 0.3145042 0.3090538 0.3507282 0.3090538 0.0000000 0.1085833 0.1085833 0.0618094 
39_41      0.3391082 0.3331871 0.3081845 0.3331871 0.3400647 0.1659532 0.1542548 0.1542548 0.3081845 0.3191764 0.3191764 0.3028385 0.3212288 0.3200289 0.3146331 0.3402707 0.3146331 0.1085833 0.0000000 0.0000010 0.1735879 
40_41      0.3391082 0.3331871 0.3081845 0.3331871 0.3400647 0.1659532 0.1542548 0.1542548 0.3081845 0.3191764 0.3191764 0.3028385 0.3212288 0.3200289 0.3146331 0.3402707 0.3146331 0.1085833 0.0000010 0.0000000 0.1735879 
41_40      0.3338517 0.3279010 0.2793725 0.3279010 0.3347970 0.0100072 0.0201211 0.0201211 0.2793725 0.2240888 0.2240888 0.2739140 0.2920209 0.2913204 0.2858168 0.3349986 0.2858168 0.0618094 0.1735879 0.1735879 0.0000000 
