20
3_130      0.0000000 1.8979169 1.9447967 1.9156435 1.9153875 1.9153875 1.8979169 1.9411182 1.9111855 1.9111855 1.9156435 1.9261365 1.9449639 1.9261365 1.9102407 1.9537392 1.9687947 1.8233543 1.8233543 2.0043633 
12_99      1.8979169 0.0000000 0.0132162 0.1350009 0.0065786 0.0065786 0.0000010 0.0265784 0.1421208 0.1421208 0.1350009 0.1273585 0.1348876 0.1273585 0.1420739 0.1349357 0.1727826 0.1512471 0.1512471 0.2103155 
13_98      1.9447967 0.0132162 0.0000000 0.1415928 0.0065914 0.0065914 0.0132162 0.0266313 0.1486954 0.1486954 0.1415928 0.1339422 0.1414739 0.1339422 0.1486499 0.1415242 0.1793703 0.1578901 0.1578901 0.2054203 
14_94      1.9156435 0.1350009 0.1415928 0.0000000 0.1338654 0.1338654 0.1350009 0.1333477 0.0382478 0.0382478 0.0000010 0.0062856 0.0126100 0.0062856 0.0189213 0.0126141 0.1581767 0.1441295 0.1441295 0.0678818 
15_98      1.9153875 0.0065786 0.0065914 0.1338654 0.0000000 0.0000010 0.0065786 0.0198850 0.1409313 0.1409313 0.1338654 0.1262860 0.1337539 0.1262860 0.1408845 0.1338013 0.1713487 0.1499720 0.1499720 0.2054203 
16_96      1.9153875 0.0065786 0.0065914 0.1338654 0.0000010 0.0000000 0.0065786 0.0198850 0.1409313 0.1409313 0.1338654 0.1262860 0.1337539 0.1262860 0.1408845 0.1338013 0.1713487 0.1499720 0.1499720 0.2054203 
17_97      1.8979169 0.0000010 0.0132162 0.1350009 0.0065786 0.0065786 0.0000000 0.0265784 0.1421208 0.1421208 0.1350009 0.1273585 0.1348876 0.1273585 0.1420739 0.1349357 0.1727826 0.1512471 0.1512471 0.2103155 
18_105     1.9411182 0.0265784 0.0266313 0.1333477 0.0198850 0.0198850 0.0265784 0.0000000 0.1185550 0.1185550 0.1333477 0.1258018 0.1332372 0.1258018 0.1403374 0.1332842 0.1872996 0.1657330 0.1657330 0.1395384 
19_98      1.9111855 0.1421208 0.1486954 0.0382478 0.1409313 0.1409313 0.1421208 0.1185550 0.0000000 0.0000010 0.0382478 0.0317542 0.0382201 0.0317542 0.0189076 0.0382326 0.1366850 0.1227786 0.1227786 0.0000010 
20_116     1.9111855 0.1421208 0.1486954 0.0382478 0.1409313 0.1409313 0.1421208 0.1185550 0.0000010 0.0000000 0.0382478 0.0317542 0.0382201 0.0317542 0.0189076 0.0382326 0.1366850 0.1227786 0.1227786 0.0000010 
23_98      1.9156435 0.1350009 0.1415928 0.0000010 0.1338654 0.1338654 0.1350009 0.1333477 0.0382478 0.0382478 0.0000000 0.0062856 0.0126100 0.0062856 0.0189213 0.0126141 0.1581767 0.1441295 0.1441295 0.0678818 
27_101     1.9261365 0.1273585 0.1339422 0.0062856 0.1262860 0.1262860 0.1273585 0.1258018 0.0317542 0.0317542 0.0062856 0.0000000 0.0062812 0.0000010 0.0252737 0.0062832 0.1506766 0.1367050 0.1367050 0.0504016 
28_97      1.9449639 0.1348876 0.1414739 0.0126100 0.1337539 0.1337539 0.1348876 0.1332372 0.0382201 0.0382201 0.0126100 0.0062812 0.0000000 0.0062812 0.0316872 0.0126052 0.1521662 0.1440120 0.1440120 0.0504016 
31_107     1.9261365 0.1273585 0.1339422 0.0062856 0.1262860 0.1262860 0.1273585 0.1258018 0.0317542 0.0317542 0.0062856 0.0000010 0.0062812 0.0000000 0.0252737 0.0062832 0.1506766 0.1367050 0.1367050 0.0504016 
32_100     1.9102407 0.1420739 0.1486499 0.0189213 0.1408845 0.1408845 0.1420739 0.1403374 0.0189076 0.0189076 0.0189213 0.0252737 0.0316872 0.0252737 0.0000000 0.0316976 0.1437497 0.1298019 0.1298019 0.0504431 
33_101     1.9537392 0.1349357 0.1415242 0.0126141 0.1338013 0.1338013 0.1349357 0.1332842 0.0382326 0.0382326 0.0126141 0.0062832 0.0126052 0.0062832 0.0316976 0.0000000 0.1581011 0.1440616 0.1440616 0.0504016 
38_94      1.9687947 0.1727826 0.1793703 0.1581767 0.1713487 0.1713487 0.1727826 0.1872996 0.1366850 0.1366850 0.1581767 0.1506766 0.1521662 0.1506766 0.1437497 0.1581011 0.0000000 0.0901387 0.0901387 0.1966567 
39_94      1.8233543 0.1512471 0.1578901 0.1441295 0.1499720 0.1499720 0.1512471 0.1657330 0.1227786 0.1227786 0.1441295 0.1367050 0.1440120 0.1367050 0.1298019 0.1440616 0.0901387 0.0000000 0.0000010 0.1558762 
40_94      1.8233543 0.1512471 0.1578901 0.1441295 0.1499720 0.1499720 0.1512471 0.1657330 0.1227786 0.1227786 0.1441295 0.1367050 0.1440120 0.1367050 0.1298019 0.1440616 0.0901387 0.0000010 0.0000000 0.1558762 
42_32      2.0043633 0.2103155 0.2054203 0.0678818 0.2054203 0.2054203 0.2103155 0.1395384 0.0000010 0.0000010 0.0678818 0.0504016 0.0504016 0.0504016 0.0504431 0.0504016 0.1966567 0.1558762 0.1558762 0.0000000 
