28
0_43       0.0000000 0.2203229 0.6978243 1.1974029 0.4603699 0.4362238 0.9661852 0.9773263 1.2104796 1.2104796 1.2518806 1.2539631 1.2544283 1.2539631 1.2518806 1.2588050 1.2588050 1.2544283 1.2752613 1.2475740 1.2596732 1.5164412 1.2739614 1.5164412 1.2739614 1.2567710 1.2967476 1.2611460 
1_72       0.2203229 0.0000000 0.7488726 1.2408292 0.5069289 0.4652873 0.9704251 0.9679591 1.2480347 1.2480347 1.2855126 1.2938134 1.2905518 1.2938134 1.2855126 1.2970551 1.2970551 1.2905518 1.3119212 1.2835013 1.2912283 1.4846306 1.3061922 1.4846306 1.3061922 1.2994637 1.2805966 1.3369979 
2_141      0.6978243 0.7488726 0.0000000 1.3130119 0.8700571 0.8173133 1.1793606 1.1488242 1.3807007 1.3807007 1.4775515 1.4755486 1.4804482 1.4755486 1.4775515 1.4652457 1.4652457 1.4804482 1.5048795 1.4760359 1.4854267 1.7743198 1.4811877 1.7743198 1.4811877 1.4607129 1.4252304 1.3894445 
3_151      1.1974029 1.2408292 1.3130119 0.0000000 1.2798144 1.2946776 1.4146311 1.4179637 1.7198038 1.7198038 1.7881783 1.7916053 1.7703546 1.7916053 1.7881783 1.7766729 1.7766729 1.7703546 1.7725543 1.7613461 1.7801257 1.8708752 1.7796220 1.8708752 1.7796220 1.7832718 1.7484971 1.7423698 
4_142      0.4603699 0.5069289 0.8700571 1.2798144 0.0000000 0.1618523 1.0195067 1.0093262 1.2528037 1.2528037 1.2387594 1.2394849 1.2560266 1.2394849 1.2387594 1.2587663 1.2587663 1.2560266 1.2766655 1.2492325 1.2447323 1.4247591 1.2603345 1.4247591 1.2603345 1.2525424 1.2879865 1.2709140 
5_124      0.4362238 0.4652873 0.8173133 1.2946776 0.1618523 0.0000000 0.9309134 0.9302907 1.1475220 1.1475220 1.1726174 1.1731745 1.1728550 1.1731745 1.1726174 1.1761673 1.1761673 1.1728550 1.1924294 1.1664627 1.1697420 1.2879272 1.1845077 1.2879272 1.1845077 1.1725761 1.2547347 1.2032472 
6_22       0.9661852 0.9704251 1.1793606 1.4146311 1.0195067 0.9309134 0.0000000 0.1442949 0.9982431 0.9982431 1.0868795 1.0939861 1.0966556 1.0939861 1.0868795 1.0863393 1.0863393 1.0966556 1.1093293 1.0910644 1.1187910 0.9938968 1.1121025 0.9938968 1.1121025 1.0865562 1.0426003 0.9604101 
7_78       0.9773263 0.9679591 1.1488242 1.4179637 1.0093262 0.9302907 0.1442949 0.0000000 1.0879075 1.0879075 1.1076731 1.1052019 1.1103265 1.1052019 1.1076731 1.1035512 1.1035512 1.1103265 1.1230014 1.1076319 1.1274464 0.9989184 1.1217900 0.9989184 1.1217900 1.1037936 0.9961510 0.9668012 
8_79       1.2104796 1.2480347 1.3807007 1.7198038 1.2528037 1.1475220 0.9982431 1.0879075 0.0000000 0.0000010 0.4408716 0.4416346 0.4348241 0.4416346 0.4408716 0.4286164 0.4286164 0.4348241 0.4441933 0.4392348 0.4489378 0.5560470 0.4460718 0.5560470 0.4460718 0.4336260 1.1668065 1.2375804 
9_80       1.2104796 1.2480347 1.3807007 1.7198038 1.2528037 1.1475220 0.9982431 1.0879075 0.0000010 0.0000000 0.4408716 0.4416346 0.4348241 0.4416346 0.4408716 0.4286164 0.4286164 0.4348241 0.4441933 0.4392348 0.4489378 0.5560470 0.4460718 0.5560470 0.4460718 0.4336260 1.1668065 1.2375804 
12_6       1.2518806 1.2855126 1.4775515 1.7881783 1.2387594 1.1726174 1.0868795 1.1076731 0.4408716 0.4408716 0.0000000 0.0021922 0.0132447 0.0021922 0.0000010 0.0177626 0.0177626 0.0132447 0.0178882 0.0154836 0.0202022 0.1173839 0.0202235 0.1173839 0.0202235 0.0155051 1.2011649 1.2963803 
13_6       1.2539631 1.2938134 1.4755486 1.7916053 1.2394849 1.1731745 1.0939861 1.1052019 0.4416346 0.4416346 0.0021922 0.0000000 0.0132639 0.0000010 0.0021922 0.0177884 0.0177884 0.0132639 0.0179145 0.0155061 0.0202319 0.1173839 0.0202533 0.1173839 0.0202533 0.0155276 1.1938000 1.2935394 
14_6       1.2544283 1.2905518 1.4804482 1.7703546 1.2560266 1.1728550 1.0966556 1.1103265 0.4348241 0.4348241 0.0132447 0.0132639 0.0000000 0.0132639 0.0132447 0.0044150 0.0044150 0.0000010 0.0044481 0.0021991 0.0202695 0.1286554 0.0248630 0.1286554 0.0248630 0.0088551 1.1990784 1.3078329 
15_6       1.2539631 1.2938134 1.4755486 1.7916053 1.2394849 1.1731745 1.0939861 1.1052019 0.4416346 0.4416346 0.0021922 0.0000010 0.0132639 0.0000000 0.0021922 0.0177884 0.0177884 0.0132639 0.0179145 0.0155061 0.0202319 0.1173839 0.0202533 0.1173839 0.0202533 0.0155276 1.1938000 1.2935394 
17_6       1.2518806 1.2855126 1.4775515 1.7881783 1.2387594 1.1726174 1.0868795 1.1076731 0.4408716 0.4408716 0.0000010 0.0021922 0.0132447 0.0021922 0.0000000 0.0177626 0.0177626 0.0132447 0.0178882 0.0154836 0.0202022 0.1173839 0.0202235 0.1173839 0.0202235 0.0155051 1.2011649 1.2963803 
18_6       1.2588050 1.2970551 1.4652457 1.7766729 1.2587663 1.1761673 1.0863393 1.1035512 0.4286164 0.4286164 0.0177626 0.0177884 0.0044150 0.0177884 0.0177626 0.0000000 0.0000010 0.0044150 0.0089472 0.0066359 0.0249162 0.1286554 0.0272535 0.1286554 0.0272535 0.0043971 1.1936577 1.3020086 
19_6       1.2588050 1.2970551 1.4652457 1.7766729 1.2587663 1.1761673 1.0863393 1.1035512 0.4286164 0.4286164 0.0177626 0.0177884 0.0044150 0.0177884 0.0177626 0.0000010 0.0000000 0.0044150 0.0089472 0.0066359 0.0249162 0.1286554 0.0272535 0.1286554 0.0272535 0.0043971 1.1936577 1.3020086 
23_6       1.2544283 1.2905518 1.4804482 1.7703546 1.2560266 1.1728550 1.0966556 1.1103265 0.4348241 0.4348241 0.0132447 0.0132639 0.0000010 0.0132639 0.0132447 0.0044150 0.0044150 0.0000000 0.0044481 0.0021991 0.0202695 0.1286554 0.0248630 0.1286554 0.0248630 0.0088551 1.1990784 1.3078329 
27_5       1.2752613 1.3119212 1.5048795 1.7725543 1.2766655 1.1924294 1.1093293 1.1230014 0.4441933 0.4441933 0.0178882 0.0179145 0.0044481 0.0179145 0.0178882 0.0089472 0.0089472 0.0044481 0.0000000 0.0066852 0.0250902 0.1286554 0.0297554 0.1286554 0.0297554 0.0134572 1.2009578 1.3099632 
35_6       1.2475740 1.2835013 1.4760359 1.7613461 1.2492325 1.1664627 1.0910644 1.1076319 0.4392348 0.4392348 0.0154836 0.0155061 0.0021991 0.0155061 0.0154836 0.0066359 0.0066359 0.0021991 0.0066852 0.0000000 0.0225667 0.1286554 0.0271778 0.1286554 0.0271778 0.0110914 1.1884317 1.2962713 
38_6       1.2596732 1.2912283 1.4854267 1.7801257 1.2447323 1.1697420 1.1187910 1.1274464 0.4489378 0.4489378 0.0202022 0.0202319 0.0202695 0.0202319 0.0202022 0.0249162 0.0249162 0.0202695 0.0250902 0.0225667 0.0000000 0.1461844 0.0132714 0.1461844 0.0132714 0.0202952 1.2174831 1.3085122 
39_6       1.5164412 1.4846306 1.7743198 1.8708752 1.4247591 1.2879272 0.9938968 0.9989184 0.5560470 0.5560470 0.1173839 0.1173839 0.1286554 0.1173839 0.1173839 0.1286554 0.1286554 0.1286554 0.1286554 0.1286554 0.1461844 0.0000000 0.1461844 0.0000010 0.1461844 0.1286554 0.9737480 1.0328029 
39_7       1.2739614 1.3061922 1.4811877 1.7796220 1.2603345 1.1845077 1.1121025 1.1217900 0.4460718 0.4460718 0.0202235 0.0202533 0.0248630 0.0202533 0.0202235 0.0272535 0.0272535 0.0248630 0.0297554 0.0271778 0.0132714 0.1461844 0.0000000 0.1461844 0.0000010 0.0226099 1.2225890 1.3009404 
40_6       1.5164412 1.4846306 1.7743198 1.8708752 1.4247591 1.2879272 0.9938968 0.9989184 0.5560470 0.5560470 0.1173839 0.1173839 0.1286554 0.1173839 0.1173839 0.1286554 0.1286554 0.1286554 0.1286554 0.1286554 0.1461844 0.0000010 0.1461844 0.0000000 0.1461844 0.1286554 0.9737480 1.0328029 
40_7       1.2739614 1.3061922 1.4811877 1.7796220 1.2603345 1.1845077 1.1121025 1.1217900 0.4460718 0.4460718 0.0202235 0.0202533 0.0248630 0.0202533 0.0202235 0.0272535 0.0272535 0.0248630 0.0297554 0.0271778 0.0132714 0.1461844 0.0000010 0.1461844 0.0000000 0.0226099 1.2225890 1.3009404 
41_6       1.2567710 1.2994637 1.4607129 1.7832718 1.2525424 1.1725761 1.0865562 1.1037936 0.4336260 0.4336260 0.0155051 0.0155276 0.0088551 0.0155276 0.0155051 0.0043971 0.0043971 0.0088551 0.0134572 0.0110914 0.0202952 0.1286554 0.0226099 0.1286554 0.0226099 0.0000000 1.1908212 1.2971572 
43_90      1.2967476 1.2805966 1.4252304 1.7484971 1.2879865 1.2547347 1.0426003 0.9961510 1.1668065 1.1668065 1.2011649 1.1938000 1.1990784 1.1938000 1.2011649 1.1936577 1.1936577 1.1990784 1.2009578 1.1884317 1.2174831 0.9737480 1.2225890 0.9737480 1.2225890 1.1908212 0.0000000 0.3734467 
44_63      1.2611460 1.3369979 1.3894445 1.7423698 1.2709140 1.2032472 0.9604101 0.9668012 1.2375804 1.2375804 1.2963803 1.2935394 1.3078329 1.2935394 1.2963803 1.3020086 1.3020086 1.3078329 1.3099632 1.2962713 1.3085122 1.0328029 1.3009404 1.0328029 1.3009404 1.2971572 0.3734467 0.0000000 
