20
12_72      0.0000000 0.0354927 0.0764081 0.0313869 0.0313869 0.0018678 4.3000697 3.0445502 0.0832949 0.0764656 0.0764656 0.0680041 0.0661354 0.0764081 0.0018678 0.0663095 0.0669772 0.0673221 0.0656906 0.1167811 
13_73      0.0354927 0.0000000 0.0743138 0.0037513 0.0037513 0.0334763 4.6297197 2.5787763 0.0765934 0.0743701 0.0743701 0.0679173 0.0635164 0.0743138 0.0334763 0.0727025 0.0761898 0.0765731 0.0721671 0.1141149 
14_68      0.0764081 0.0743138 0.0000000 0.0698329 0.0698329 0.0742464 4.3879674 2.4500518 0.0132699 0.0075221 0.0075221 0.0000010 0.0000010 0.0000010 0.0742464 0.0658424 0.0754596 0.0758369 0.0170500 0.0479316 
15_72      0.0313869 0.0037513 0.0698329 0.0000000 0.0000010 0.0293863 4.3267910 2.5787763 0.0720889 0.0698860 0.0698860 0.0633476 0.0584843 0.0698329 0.0293863 0.0682908 0.0716809 0.0720450 0.0677028 0.1113679 
16_69      0.0313869 0.0037513 0.0698329 0.0000010 0.0000000 0.0293863 4.3267910 2.5787763 0.0720889 0.0698860 0.0698860 0.0633476 0.0584843 0.0698329 0.0293863 0.0682908 0.0716809 0.0720450 0.0677028 0.1113679 
17_71      0.0018678 0.0334763 0.0742464 0.0293863 0.0293863 0.0000000 4.3000697 2.9125599 0.0811105 0.0743030 0.0743030 0.0657874 0.0636730 0.0742464 0.0000010 0.0641969 0.0648438 0.0651802 0.0635499 0.1167811 
18_73      4.3000697 4.6297197 4.3879674 4.3267910 4.3267910 4.3000697 0.0000000 0.4410028 4.4732494 4.4732494 4.4732494 4.5520197 4.6918995 4.3879674 4.3000697 4.3145643 4.3093613 4.2817921 4.4732494 9.0000000 
18_74      3.0445502 2.5787763 2.4500518 2.5787763 2.5787763 2.9125599 0.4410028 0.0000000 2.2416581 2.2416581 2.2416581 2.6215096 2.6215096 2.4500518 2.9125599 2.3749399 2.2495306 2.2495306 2.2416581 1.9493274 
18_79      0.0832949 0.0765934 0.0132699 0.0720889 0.0720889 0.0811105 4.4732494 2.2416581 0.0000000 0.0056394 0.0056394 0.0137454 0.0152457 0.0132699 0.0811105 0.0787927 0.0887664 0.0891953 0.0190044 0.0479685 
19_73      0.0764656 0.0743701 0.0075221 0.0698860 0.0698860 0.0743030 4.4732494 2.2416581 0.0056394 0.0000000 0.0000010 0.0077889 0.0086320 0.0075221 0.0743030 0.0721558 0.0819401 0.0823420 0.0131969 0.0404933 
20_90      0.0764656 0.0743701 0.0075221 0.0698860 0.0698860 0.0743030 4.4732494 2.2416581 0.0056394 0.0000010 0.0000000 0.0077889 0.0086320 0.0075221 0.0743030 0.0721558 0.0819401 0.0823420 0.0131969 0.0404933 
23_71      0.0680041 0.0679173 0.0000010 0.0633476 0.0633476 0.0657874 4.5520197 2.6215096 0.0137454 0.0077889 0.0077889 0.0000000 0.0000010 0.0000010 0.0657874 0.0595756 0.0667955 0.0671467 0.0097355 0.0500816 
27_74      0.0661354 0.0635164 0.0000010 0.0584843 0.0584843 0.0636730 4.6918995 2.6215096 0.0152457 0.0086320 0.0086320 0.0000010 0.0000000 0.0000010 0.0636730 0.0616706 0.0647400 0.0651199 0.0064565 0.0571005 
28_71      0.0764081 0.0743138 0.0000010 0.0698329 0.0698329 0.0742464 4.3879674 2.4500518 0.0132699 0.0075221 0.0075221 0.0000010 0.0000010 0.0000000 0.0742464 0.0658424 0.0754596 0.0758369 0.0170500 0.0479316 
36_74      0.0018678 0.0334763 0.0742464 0.0293863 0.0293863 0.0000010 4.3000697 2.9125599 0.0811105 0.0743030 0.0743030 0.0657874 0.0636730 0.0742464 0.0000000 0.0641969 0.0648438 0.0651802 0.0635499 0.1167811 
38_69      0.0663095 0.0727025 0.0658424 0.0682908 0.0682908 0.0641969 4.3145643 2.3749399 0.0787927 0.0721558 0.0721558 0.0595756 0.0616706 0.0658424 0.0641969 0.0000000 0.0410729 0.0431236 0.0574925 0.1102059 
39_69      0.0669772 0.0761898 0.0754596 0.0716809 0.0716809 0.0648438 4.3093613 2.2495306 0.0887664 0.0819401 0.0819401 0.0667955 0.0647400 0.0754596 0.0648438 0.0410729 0.0000000 0.0018789 0.0712140 0.1310848 
40_69      0.0673221 0.0765731 0.0758369 0.0720450 0.0720450 0.0651802 4.2817921 2.2495306 0.0891953 0.0823420 0.0823420 0.0671467 0.0651199 0.0758369 0.0651802 0.0431236 0.0018789 0.0000000 0.0715739 0.1310848 
41_69      0.0656906 0.0721671 0.0170500 0.0677028 0.0677028 0.0635499 4.4732494 2.2416581 0.0190044 0.0131969 0.0131969 0.0097355 0.0064565 0.0170500 0.0635499 0.0574925 0.0712140 0.0715739 0.0000000 0.0575859 
42_80      0.1167811 0.1141149 0.0479316 0.1113679 0.1113679 0.1167811 9.0000000 1.9493274 0.0479685 0.0404933 0.0404933 0.0500816 0.0571005 0.0479316 0.1167811 0.1102059 0.1310848 0.1310848 0.0575859 0.0000000 
