16
12_39      0.0000000 0.0000010 0.0991233 0.0900405 0.0959408 0.0959408 0.0991233 0.1024356 0.1024356 0.0984272 0.1393814 0.0959467 0.1619499 0.1349428 0.1345215 0.1318017 
13_39      0.0000010 0.0000000 0.0991233 0.0900405 0.0959408 0.0959408 0.0991233 0.1024356 0.1024356 0.0984272 0.1393814 0.0959467 0.1619499 0.1349428 0.1345215 0.1318017 
14_36      0.0991233 0.0991233 0.0000000 0.0474176 0.0424619 0.0424619 0.0000010 0.0000010 0.0000010 0.0447406 0.0472481 0.0795175 0.2953417 0.0841015 0.0866603 0.0841813 
18_41      0.0900405 0.0900405 0.0474176 0.0000000 0.0043412 0.0043412 0.0474176 0.0462470 0.0462470 0.0065184 0.0000010 0.0515564 0.2892730 0.0986748 0.1017409 0.0992087 
19_40      0.0959408 0.0959408 0.0424619 0.0043412 0.0000000 0.0000010 0.0424619 0.0462470 0.0462470 0.0021504 0.0000010 0.0413113 0.2901971 0.0960722 0.0991200 0.0965995 
20_58      0.0959408 0.0959408 0.0424619 0.0043412 0.0000010 0.0000000 0.0424619 0.0462470 0.0462470 0.0021504 0.0000010 0.0413113 0.2901971 0.0960722 0.0991200 0.0965995 
23_36      0.0991233 0.0991233 0.0000010 0.0474176 0.0424619 0.0424619 0.0000000 0.0000010 0.0000010 0.0447406 0.0472481 0.0795175 0.2953417 0.0841015 0.0866603 0.0841813 
27_37      0.1024356 0.1024356 0.0000010 0.0462470 0.0462470 0.0462470 0.0000010 0.0000000 0.0000010 0.0462470 0.0472481 0.1042325 0.1024356 0.0915271 0.0945939 0.0945939 
28_36      0.1024356 0.1024356 0.0000010 0.0462470 0.0462470 0.0462470 0.0000010 0.0000010 0.0000000 0.0462470 0.0472481 0.1042325 0.1024356 0.0915271 0.0945939 0.0945939 
32_38      0.0984272 0.0984272 0.0447406 0.0065184 0.0021504 0.0021504 0.0447406 0.0462470 0.0462470 0.0000000 0.0000010 0.0366362 0.2867436 0.0985081 0.1015672 0.0990406 
35_38      0.1393814 0.1393814 0.0472481 0.0000010 0.0000010 0.0000010 0.0472481 0.0472481 0.0472481 0.0000010 0.0000000 1.8121790 0.1393814 0.1251549 0.1313345 0.1313345 
35_39      0.0959467 0.0959467 0.0795175 0.0515564 0.0413113 0.0413113 0.0795175 0.1042325 0.1042325 0.0366362 1.8121790 0.0000000 0.6003087 0.1093896 0.1094170 0.1042934 
36_40      0.1619499 0.1619499 0.2953417 0.2892730 0.2901971 0.2901971 0.2953417 0.1024356 0.1024356 0.2867436 0.1393814 0.6003087 0.0000000 0.3376702 0.3342094 0.3358638 
38_37      0.1349428 0.1349428 0.0841015 0.0986748 0.0960722 0.0960722 0.0841015 0.0915271 0.0915271 0.0985081 0.1251549 0.1093896 0.3376702 0.0000000 0.0498737 0.0475265 
39_38      0.1345215 0.1345215 0.0866603 0.1017409 0.0991200 0.0991200 0.0866603 0.0945939 0.0945939 0.1015672 0.1313345 0.1094170 0.3342094 0.0498737 0.0000000 0.0021491 
40_38      0.1318017 0.1318017 0.0841813 0.0992087 0.0965995 0.0965995 0.0841813 0.0945939 0.0945939 0.0990406 0.1313345 0.1042934 0.3358638 0.0475265 0.0021491 0.0000000 
