16
12_46      0.0000000 0.0441570 0.3405195 0.0441570 0.0517810 0.0000010 0.3299520 0.3299520 0.3405195 0.3409003 0.3418041 0.3418041 0.3215388 0.3192164 0.4058184 0.4058184 
13_46      0.0441570 0.0000000 0.2950129 0.0000010 0.0071469 0.0441570 0.2841914 0.2841914 0.2950129 0.2943319 0.2950525 0.2950525 0.2770388 0.2668945 0.3718014 0.3718014 
14_43      0.3405195 0.2950129 0.0000000 0.2950129 0.3052034 0.3405195 0.0519142 0.0519142 0.0000010 0.0596052 0.0597155 0.0597155 0.0144111 0.2585760 0.3918153 0.3918153 
15_45      0.0441570 0.0000010 0.2950129 0.0000000 0.0071469 0.0441570 0.2841914 0.2841914 0.2950129 0.2943319 0.2950525 0.2950525 0.2770388 0.2668945 0.3718014 0.3718014 
16_43      0.0517810 0.0071469 0.3052034 0.0071469 0.0000000 0.0517810 0.2944910 0.2944910 0.3052034 0.3047512 0.3055066 0.3055066 0.2871025 0.2769185 0.3611674 0.3611674 
17_44      0.0000010 0.0441570 0.3405195 0.0441570 0.0517810 0.0000000 0.3299520 0.3299520 0.3405195 0.3409003 0.3418041 0.3418041 0.3215388 0.3192164 0.4058184 0.4058184 
19_47      0.3299520 0.2841914 0.0519142 0.2841914 0.2944910 0.3299520 0.0000000 0.0000010 0.0519142 0.0071931 0.0072056 0.0072056 0.0521143 0.2485375 0.3598174 0.3598174 
20_65      0.3299520 0.2841914 0.0519142 0.2841914 0.2944910 0.3299520 0.0000010 0.0000000 0.0519142 0.0071931 0.0072056 0.0072056 0.0521143 0.2485375 0.3598174 0.3598174 
23_43      0.3405195 0.2950129 0.0000010 0.2950129 0.3052034 0.3405195 0.0519142 0.0519142 0.0000000 0.0596052 0.0597155 0.0597155 0.0144111 0.2585760 0.3918153 0.3918153 
24_47      0.3409003 0.2943319 0.0596052 0.2943319 0.3047512 0.3409003 0.0071931 0.0071931 0.0596052 0.0000000 0.0144754 0.0144754 0.0598387 0.2579134 0.3703570 0.3703570 
25_44      0.3418041 0.2950525 0.0597155 0.2950525 0.3055066 0.3418041 0.0072056 0.0072056 0.0597155 0.0144754 0.0000000 0.0000010 0.0599500 0.2584961 0.3713033 0.3713033 
26_47      0.3418041 0.2950525 0.0597155 0.2950525 0.3055066 0.3418041 0.0072056 0.0072056 0.0597155 0.0144754 0.0000010 0.0000000 0.0599500 0.2584961 0.3713033 0.3713033 
27_44      0.3215388 0.2770388 0.0144111 0.2770388 0.2871025 0.3215388 0.0521143 0.0521143 0.0144111 0.0598387 0.0599500 0.0599500 0.0000000 0.2763603 0.3945465 0.3945465 
38_44      0.3192164 0.2668945 0.2585760 0.2668945 0.2769185 0.3192164 0.2485375 0.2485375 0.2585760 0.2579134 0.2584961 0.2584961 0.2763603 0.0000000 0.1579122 0.1579122 
39_45      0.4058184 0.3718014 0.3918153 0.3718014 0.3611674 0.4058184 0.3598174 0.3598174 0.3918153 0.3703570 0.3713033 0.3713033 0.3945465 0.1579122 0.0000000 0.0000010 
40_45      0.4058184 0.3718014 0.3918153 0.3718014 0.3611674 0.4058184 0.3598174 0.3598174 0.3918153 0.3703570 0.3713033 0.3713033 0.3945465 0.1579122 0.0000010 0.0000000 
