6
3_97       0.0000000 1.6106697 2.8151336 2.8151336 2.7676746 2.7837159 
5_116      1.6106697 0.0000000 2.8458431 2.8458431 2.9824801 2.8157334 
8_112      2.8151336 2.8458431 0.0000000 0.0000010 0.0542321 0.0053287 
9_113      2.8151336 2.8458431 0.0000010 0.0000000 0.0542321 0.0053287 
10_94      2.7676746 2.9824801 0.0542321 0.0542321 0.0000000 0.0468738 
11_22      2.7837159 2.8157334 0.0053287 0.0053287 0.0468738 0.0000000 
