7
2_81       0.0000000 2.4410830 2.3359588 2.6269340 4.7782023 3.2481953 2.7179603 
2_82       2.4410830 0.0000000 0.4936464 1.0243959 1.2232588 1.7595241 1.0653588 
2_83       2.3359588 0.4936464 0.0000000 1.0606855 1.4888015 1.7527664 1.0301401 
2_84       2.6269340 1.0243959 1.0606855 0.0000000 1.7356879 1.4367339 1.3257244 
2_85       4.7782023 1.2232588 1.4888015 1.7356879 0.0000000 1.3091805 1.4690196 
2_86       3.2481953 1.7595241 1.7527664 1.4367339 1.3091805 0.0000000 1.6061917 
2_87       2.7179603 1.0653588 1.0301401 1.3257244 1.4690196 1.6061917 0.0000000 
