7
0_117      0.0000000 0.6915795 1.9191172 1.8424531 2.2644011 1.6803864 1.7026871 
1_105      0.6915795 0.0000000 1.8678993 2.4795126 2.7489352 1.8902282 1.9091388 
3_141      1.9191172 1.8678993 0.0000000 2.5373849 2.1134387 1.6050127 1.3019749 
4_149      1.8424531 2.4795126 2.5373849 0.0000000 2.0505753 1.6576546 1.6469404 
5_191      2.2644011 2.7489352 2.1134387 2.0505753 0.0000000 1.9872773 1.8569613 
43_62      1.6803864 1.8902282 1.6050127 1.6576546 1.9872773 0.0000000 1.4277385 
44_43      1.7026871 1.9091388 1.3019749 1.6469404 1.8569613 1.4277385 0.0000000 
