33
8_1        0.0000000 1.5789670 2.0346055 0.0000010 1.5789670 2.0346055 1.7955954 0.0756925 0.0000010 0.0020516 2.0324294 2.0288989 2.0201521 2.0302455 2.0302455 2.0324294 2.0575852 2.0979128 2.0979128 2.0201521 2.0580248 2.0547439 2.0547439 2.0282863 2.0580248 2.0185352 2.0240433 2.0185352 2.0872314 2.0872314 2.0907253 1.9683275 2.7542587 
8_9        1.5789670 0.0000000 1.6990499 1.5789670 0.0000010 1.6990499 1.9243240 2.1288546 1.5474465 1.5887296 1.7953507 1.7915547 1.8048001 1.7911767 1.7911767 1.7953507 1.8170085 1.8614799 1.8614799 1.8048001 1.8196346 1.8227427 1.8227427 1.7968220 1.8196346 1.8016061 1.7935463 1.8016061 1.8773889 1.8773889 1.8503404 2.0453500 2.1071011 
8_129      2.0346055 1.6990499 0.0000000 2.0346055 1.6990499 0.0000010 1.3489182 1.3450065 2.1198498 2.0324775 1.9420766 1.9547338 1.9267837 1.9543344 1.9543344 1.9420766 1.9293164 1.9612668 1.9612668 1.9267837 1.9293164 1.9423312 1.9423312 1.9187584 1.9293164 1.9270670 1.9264224 1.9270670 1.9864876 1.9864876 1.9628489 2.4036565 2.1482929 
9_1        0.0000010 1.5789670 2.0346055 0.0000000 1.5789670 2.0346055 1.7955954 0.0756925 0.0000010 0.0020516 2.0324294 2.0288989 2.0201521 2.0302455 2.0302455 2.0324294 2.0575852 2.0979128 2.0979128 2.0201521 2.0580248 2.0547439 2.0547439 2.0282863 2.0580248 2.0185352 2.0240433 2.0185352 2.0872314 2.0872314 2.0907253 1.9683275 2.7542587 
9_9        1.5789670 0.0000010 1.6990499 1.5789670 0.0000000 1.6990499 1.9243240 2.1288546 1.5474465 1.5887296 1.7953507 1.7915547 1.8048001 1.7911767 1.7911767 1.7953507 1.8170085 1.8614799 1.8614799 1.8048001 1.8196346 1.8227427 1.8227427 1.7968220 1.8196346 1.8016061 1.7935463 1.8016061 1.8773889 1.8773889 1.8503404 2.0453500 2.1071011 
9_130      2.0346055 1.6990499 0.0000010 2.0346055 1.6990499 0.0000000 1.3489182 1.3450065 2.1198498 2.0324775 1.9420766 1.9547338 1.9267837 1.9543344 1.9543344 1.9420766 1.9293164 1.9612668 1.9612668 1.9267837 1.9293164 1.9423312 1.9423312 1.9187584 1.9293164 1.9270670 1.9264224 1.9270670 1.9864876 1.9864876 1.9628489 2.4036565 2.1482929 
10_118     1.7955954 1.9243240 1.3489182 1.7955954 1.9243240 1.3489182 0.0000000 1.6572186 1.8456712 1.7955954 1.3992173 1.4447169 1.4824989 1.4447169 1.4447169 1.3992173 1.4196704 1.4574938 1.4574938 1.4824989 1.4196704 1.4189029 1.4189029 1.5009063 1.4196704 1.4824989 1.4824989 1.4824989 1.4941962 1.4941962 1.4527414 1.4574938 0.0000010 
10_120     0.0756925 2.1288546 1.3450065 0.0756925 2.1288546 1.3450065 1.6572186 0.0000000 0.6653197 0.0756925 1.9007191 1.9019720 1.8871033 1.9019720 1.9019720 1.9007191 1.9235232 1.8812497 1.8812497 1.8871033 1.9235232 1.9235232 1.9235232 1.8871033 1.9235232 1.8871033 1.8871033 1.8871033 1.8812497 1.8812497 1.9694210 1.6945495 4.4121952 
10_121     0.0000010 1.5474465 2.1198498 0.0000010 1.5474465 2.1198498 1.8456712 0.6653197 0.0000000 0.0024036 2.0968333 2.0817339 2.0849221 2.0833305 2.0833305 2.0968333 2.1218546 2.1804445 2.1804445 2.0849221 2.1223927 2.1184457 2.1184457 2.0946348 2.1223927 2.0830297 2.0896207 2.0830297 2.1676723 2.1676723 2.1515705 2.0713111 2.7542587 
11_131     0.0020516 1.5887296 2.0324775 0.0020516 1.5887296 2.0324775 1.7955954 0.0756925 0.0024036 0.0000000 2.0453152 2.0417415 2.0329505 2.0430968 2.0430968 2.0453152 2.0707140 2.1113382 2.1113382 2.0329505 2.0711592 2.0678492 2.0678492 2.0411414 2.0711592 2.0313287 2.0368775 2.0313287 2.1005919 2.1005919 2.1041148 1.9683275 2.7962686 
12_78      2.0324294 1.7953507 1.9420766 2.0324294 1.7953507 1.9420766 1.3992173 1.9007191 2.0968333 2.0453152 0.0000000 0.0201651 0.0791340 0.0179013 0.0179013 0.0000010 0.0596402 0.0715884 0.0715884 0.0791340 0.0573149 0.0597343 0.0597343 0.0815005 0.0573149 0.0816343 0.0816558 0.0816343 0.0740747 0.0740747 0.0742076 0.3496471 0.0754951 
13_79      2.0288989 1.7915547 1.9547338 2.0288989 1.7915547 1.9547338 1.4447169 1.9019720 2.0817339 2.0417415 0.0201651 0.0000000 0.0886718 0.0022127 0.0022127 0.0201651 0.0668360 0.0790781 0.0790781 0.0886718 0.0644957 0.0669415 0.0669415 0.0910505 0.0644957 0.0912000 0.0912241 0.0912000 0.0790094 0.0790094 0.0817476 0.3507911 0.0854887 
14_72      2.0201521 1.8048001 1.9267837 2.0201521 1.8048001 1.9267837 1.4824989 1.8871033 2.0849221 2.0329505 0.0791340 0.0886718 0.0000000 0.0862196 0.0862196 0.0791340 0.0383706 0.0810931 0.0810931 0.0000010 0.0360941 0.0384309 0.0384309 0.0021991 0.0360941 0.0022026 0.0022031 0.0022026 0.0933297 0.0933297 0.0593713 0.3842287 0.0608239 
15_78      2.0302455 1.7911767 1.9543344 2.0302455 1.7911767 1.9543344 1.4447169 1.9019720 2.0833305 2.0430968 0.0179013 0.0022127 0.0862196 0.0000000 0.0000010 0.0179013 0.0644442 0.0766476 0.0766476 0.0862196 0.0621084 0.0645460 0.0645460 0.0885938 0.0621084 0.0887392 0.0887626 0.0887392 0.0765812 0.0765812 0.0793032 0.3512900 0.0805141 
16_75      2.0302455 1.7911767 1.9543344 2.0302455 1.7911767 1.9543344 1.4447169 1.9019720 2.0833305 2.0430968 0.0179013 0.0022127 0.0862196 0.0000010 0.0000000 0.0179013 0.0644442 0.0766476 0.0766476 0.0862196 0.0621084 0.0645460 0.0645460 0.0885938 0.0621084 0.0887392 0.0887626 0.0887392 0.0765812 0.0765812 0.0793032 0.3512900 0.0805141 
17_77      2.0324294 1.7953507 1.9420766 2.0324294 1.7953507 1.9420766 1.3992173 1.9007191 2.0968333 2.0453152 0.0000010 0.0201651 0.0791340 0.0179013 0.0179013 0.0000000 0.0596402 0.0715884 0.0715884 0.0791340 0.0573149 0.0597343 0.0597343 0.0815005 0.0573149 0.0816343 0.0816558 0.0816343 0.0740747 0.0740747 0.0742076 0.3496471 0.0754951 
18_84      2.0575852 1.8170085 1.9293164 2.0575852 1.8170085 1.9293164 1.4196704 1.9235232 2.1218546 2.0707140 0.0596402 0.0668360 0.0383706 0.0644442 0.0644442 0.0596402 0.0000000 0.0669061 0.0669061 0.0383706 0.0022133 0.0044359 0.0044359 0.0406477 0.0022133 0.0407134 0.0407239 0.0407134 0.0789022 0.0789022 0.0408416 0.3385918 0.0759049 
19_77      2.0979128 1.8614799 1.9612668 2.0979128 1.8614799 1.9612668 1.4574938 1.8812497 2.1804445 2.1113382 0.0715884 0.0790781 0.0810931 0.0766476 0.0766476 0.0715884 0.0669061 0.0000000 0.0000010 0.0810931 0.0645642 0.0670119 0.0670119 0.0787348 0.0645642 0.0835876 0.0836095 0.0835876 0.0337779 0.0337779 0.0247237 0.2788865 0.0000010 
20_94      2.0979128 1.8614799 1.9612668 2.0979128 1.8614799 1.9612668 1.4574938 1.8812497 2.1804445 2.1113382 0.0715884 0.0790781 0.0810931 0.0766476 0.0766476 0.0715884 0.0669061 0.0000010 0.0000000 0.0810931 0.0645642 0.0670119 0.0670119 0.0787348 0.0645642 0.0835876 0.0836095 0.0835876 0.0337779 0.0337779 0.0247237 0.2788865 0.0000010 
23_76      2.0201521 1.8048001 1.9267837 2.0201521 1.8048001 1.9267837 1.4824989 1.8871033 2.0849221 2.0329505 0.0791340 0.0886718 0.0000010 0.0862196 0.0862196 0.0791340 0.0383706 0.0810931 0.0810931 0.0000000 0.0360941 0.0384309 0.0384309 0.0021991 0.0360941 0.0022026 0.0022031 0.0022026 0.0933297 0.0933297 0.0593713 0.3842287 0.0608239 
24_76      2.0580248 1.8196346 1.9293164 2.0580248 1.8196346 1.9293164 1.4196704 1.9235232 2.1223927 2.0711592 0.0573149 0.0644957 0.0360941 0.0621084 0.0621084 0.0573149 0.0022133 0.0645642 0.0645642 0.0360941 0.0000000 0.0022168 0.0022168 0.0383689 0.0000010 0.0384309 0.0384409 0.0384309 0.0765399 0.0765399 0.0385520 0.3335125 0.0710837 
25_73      2.0547439 1.8227427 1.9423312 2.0547439 1.8227427 1.9423312 1.4189029 1.9235232 2.1184457 2.0678492 0.0597343 0.0669415 0.0384309 0.0645460 0.0645460 0.0597343 0.0044359 0.0670119 0.0670119 0.0384309 0.0022168 0.0000000 0.0000010 0.0407116 0.0022168 0.0407775 0.0407880 0.0407775 0.0790268 0.0790268 0.0409061 0.3395255 0.0710837 
26_76      2.0547439 1.8227427 1.9423312 2.0547439 1.8227427 1.9423312 1.4189029 1.9235232 2.1184457 2.0678492 0.0597343 0.0669415 0.0384309 0.0645460 0.0645460 0.0597343 0.0044359 0.0670119 0.0670119 0.0384309 0.0022168 0.0000010 0.0000000 0.0407116 0.0022168 0.0407775 0.0407880 0.0407775 0.0790268 0.0790268 0.0409061 0.3395255 0.0710837 
27_78      2.0282863 1.7968220 1.9187584 2.0282863 1.7968220 1.9187584 1.5009063 1.8871033 2.0946348 2.0411414 0.0815005 0.0910505 0.0021991 0.0885938 0.0885938 0.0815005 0.0406477 0.0787348 0.0787348 0.0021991 0.0383689 0.0407116 0.0407116 0.0000000 0.0383689 0.0044073 0.0044085 0.0044073 0.0909488 0.0909488 0.0570576 0.3790837 0.0608239 
29_122     2.0580248 1.8196346 1.9293164 2.0580248 1.8196346 1.9293164 1.4196704 1.9235232 2.1223927 2.0711592 0.0573149 0.0644957 0.0360941 0.0621084 0.0621084 0.0573149 0.0022133 0.0645642 0.0645642 0.0360941 0.0000010 0.0022168 0.0022168 0.0383689 0.0000000 0.0384309 0.0384409 0.0384309 0.0765399 0.0765399 0.0385520 0.3335125 0.0710837 
31_86      2.0185352 1.8016061 1.9270670 2.0185352 1.8016061 1.9270670 1.4824989 1.8871033 2.0830297 2.0313287 0.0816343 0.0912000 0.0022026 0.0887392 0.0887392 0.0816343 0.0407134 0.0835876 0.0835876 0.0022026 0.0384309 0.0407775 0.0407775 0.0044073 0.0384309 0.0000000 0.0044155 0.0000010 0.0958668 0.0958668 0.0617856 0.3849165 0.0608239 
32_121     2.0240433 1.7935463 1.9264224 2.0240433 1.7935463 1.9264224 1.4824989 1.8871033 2.0896207 2.0368775 0.0816558 0.0912241 0.0022031 0.0887626 0.0887626 0.0816558 0.0407239 0.0836095 0.0836095 0.0022031 0.0384409 0.0407880 0.0407880 0.0044085 0.0384409 0.0044155 0.0000000 0.0044155 0.0958921 0.0958921 0.0618017 0.3840976 0.0658214 
37_73      2.0185352 1.8016061 1.9270670 2.0185352 1.8016061 1.9270670 1.4824989 1.8871033 2.0830297 2.0313287 0.0816343 0.0912000 0.0022026 0.0887392 0.0887392 0.0816343 0.0407134 0.0835876 0.0835876 0.0022026 0.0384309 0.0407775 0.0407775 0.0044073 0.0384309 0.0000010 0.0044155 0.0000000 0.0958668 0.0958668 0.0617856 0.3849165 0.0608239 
39_73      2.0872314 1.8773889 1.9864876 2.0872314 1.8773889 1.9864876 1.4941962 1.8812497 2.1676723 2.1005919 0.0740747 0.0790094 0.0933297 0.0765812 0.0765812 0.0740747 0.0789022 0.0337779 0.0337779 0.0933297 0.0765399 0.0790268 0.0790268 0.0909488 0.0765399 0.0958668 0.0958921 0.0958668 0.0000000 0.0000010 0.0523895 0.2952832 0.0509975 
40_73      2.0872314 1.8773889 1.9864876 2.0872314 1.8773889 1.9864876 1.4941962 1.8812497 2.1676723 2.1005919 0.0740747 0.0790094 0.0933297 0.0765812 0.0765812 0.0740747 0.0789022 0.0337779 0.0337779 0.0933297 0.0765399 0.0790268 0.0790268 0.0909488 0.0765399 0.0958668 0.0958921 0.0958668 0.0000010 0.0000000 0.0523895 0.2952832 0.0509975 
41_73      2.0907253 1.8503404 1.9628489 2.0907253 1.8503404 1.9628489 1.4527414 1.9694210 2.1515705 2.1041148 0.0742076 0.0817476 0.0593713 0.0793032 0.0793032 0.0742076 0.0408416 0.0247237 0.0247237 0.0593713 0.0385520 0.0409061 0.0409061 0.0570576 0.0385520 0.0617856 0.0618017 0.0617856 0.0523895 0.0523895 0.0000000 0.2896451 0.0417671 
42_76      1.9683275 2.0453500 2.4036565 1.9683275 2.0453500 2.4036565 1.4574938 1.6945495 2.0713111 1.9683275 0.3496471 0.3507911 0.3842287 0.3512900 0.3512900 0.3496471 0.3385918 0.2788865 0.2788865 0.3842287 0.3335125 0.3395255 0.3395255 0.3790837 0.3335125 0.3849165 0.3840976 0.3849165 0.2952832 0.2952832 0.2896451 0.0000000 3.3755507 
42_119     2.7542587 2.1071011 2.1482929 2.7542587 2.1071011 2.1482929 0.0000010 4.4121952 2.7542587 2.7962686 0.0754951 0.0854887 0.0608239 0.0805141 0.0805141 0.0754951 0.0759049 0.0000010 0.0000010 0.0608239 0.0710837 0.0710837 0.0710837 0.0608239 0.0710837 0.0608239 0.0658214 0.0608239 0.0509975 0.0509975 0.0417671 3.3755507 0.0000000 
