10
0_6        0.0000000 0.7132423 2.6306689 8.9999988 2.9123114 2.7734920 5.0378532 3.8920835 3.5354746 4.7415710 
1_63       0.7132423 0.0000000 2.4286644 4.7696210 3.0422720 2.3704394 3.7854290 3.5540271 5.2369770 5.1558776 
2_196      2.6306689 2.4286644 0.0000000 4.3250341 3.4499660 3.0530745 3.3521584 3.8348146 6.6970927 6.5602298 
3_26       8.9999988 4.7696210 4.3250341 0.0000000 4.9610198 4.8516900 2.4829918 2.0478711 2.9238714 4.0958369 
4_13       2.9123114 3.0422720 3.4499660 4.9610198 0.0000000 1.0240039 3.1908501 3.1257925 4.8428342 4.9212432 
5_156      2.7734920 2.3704394 3.0530745 4.8516900 1.0240039 0.0000000 3.3073057 3.2205837 4.8362313 5.7920494 
6_5        5.0378532 3.7854290 3.3521584 2.4829918 3.1908501 3.3073057 0.0000000 0.4783190 3.0279347 3.1742010 
7_15       3.8920835 3.5540271 3.8348146 2.0478711 3.1257925 3.2205837 0.4783190 0.0000000 2.9667599 2.7961525 
43_78      3.5354746 5.2369770 6.6970927 2.9238714 4.8428342 4.8362313 3.0279347 2.9667599 0.0000000 1.2773148 
44_101     4.7415710 5.1558776 6.5602298 4.0958369 4.9212432 5.7920494 3.1742010 2.7961525 1.2773148 0.0000000 
