14
8_83       0.0000000 0.0000010 1.1155692 1.1155692 1.1430351 1.1104293 1.1104293 1.1122560 1.1122560 1.1359532 1.1359532 1.1422847 1.1422847 1.1171044 
9_84       0.0000010 0.0000000 1.1155692 1.1155692 1.1430351 1.1104293 1.1104293 1.1122560 1.1122560 1.1359532 1.1359532 1.1422847 1.1422847 1.1171044 
12_10      1.1155692 1.1155692 0.0000000 0.0000010 0.0805006 0.0805988 0.0805988 0.0670010 0.0670010 0.0398845 0.0398845 0.0667857 0.0667857 0.0807557 
13_10      1.1155692 1.1155692 0.0000010 0.0000000 0.0805006 0.0805988 0.0805988 0.0670010 0.0670010 0.0398845 0.0398845 0.0667857 0.0667857 0.0807557 
18_10      1.1430351 1.1430351 0.0805006 0.0805006 0.0000000 0.0262308 0.0262308 0.0130833 0.0130833 0.0536404 0.0536404 0.0532934 0.0532934 0.0262763 
19_10      1.1104293 1.1104293 0.0805988 0.0805988 0.0262308 0.0000000 0.0000010 0.0131021 0.0131021 0.0537114 0.0537114 0.0533635 0.0533635 0.0263130 
21_10      1.1104293 1.1104293 0.0805988 0.0805988 0.0262308 0.0000010 0.0000000 0.0131021 0.0131021 0.0537114 0.0537114 0.0533635 0.0533635 0.0263130 
24_10      1.1122560 1.1122560 0.0670010 0.0670010 0.0130833 0.0131021 0.0131021 0.0000000 0.0000010 0.0401834 0.0401834 0.0399256 0.0399256 0.0131243 
25_10      1.1122560 1.1122560 0.0670010 0.0670010 0.0130833 0.0131021 0.0131021 0.0000010 0.0000000 0.0401834 0.0401834 0.0399256 0.0399256 0.0131243 
33_64      1.1359532 1.1359532 0.0398845 0.0398845 0.0536404 0.0537114 0.0537114 0.0401834 0.0401834 0.0000000 0.0000010 0.0397415 0.0397415 0.0538113 
38_10      1.1359532 1.1359532 0.0398845 0.0398845 0.0536404 0.0537114 0.0537114 0.0401834 0.0401834 0.0000010 0.0000000 0.0397415 0.0397415 0.0538113 
39_11      1.1422847 1.1422847 0.0667857 0.0667857 0.0532934 0.0533635 0.0533635 0.0399256 0.0399256 0.0397415 0.0397415 0.0000000 0.0000010 0.0534620 
40_11      1.1422847 1.1422847 0.0667857 0.0667857 0.0532934 0.0533635 0.0533635 0.0399256 0.0399256 0.0397415 0.0397415 0.0000010 0.0000000 0.0534620 
41_10      1.1171044 1.1171044 0.0807557 0.0807557 0.0262763 0.0263130 0.0263130 0.0131243 0.0131243 0.0538113 0.0538113 0.0534620 0.0534620 0.0000000 
