12
0_0        0.0000000 0.0000010 0.0000010 0.2438156 0.0533243 0.1103028 0.0262745 0.0000010 0.5049842 1.1696976 0.5049842 0.0000010 
0_29       0.0000010 0.0000000 0.7421844 0.9409074 0.7279219 1.0273300 0.6593002 0.0143238 0.5341299 1.0656865 1.1742768 1.2943138 
0_83       0.0000010 0.7421844 0.0000000 2.1382725 1.9892696 2.2314485 2.1599169 0.7303082 1.9567781 2.3693828 2.3860787 1.3989004 
0_118      0.2438156 0.9409074 2.1382725 0.0000000 0.4551356 0.6457307 0.6323651 0.9489173 0.6066692 1.0582872 1.0826135 1.2376015 
0_126      0.0533243 0.7279219 1.9892696 0.4551356 0.0000000 0.2251260 0.1978367 0.7500697 0.9435915 0.4820606 0.5008483 0.9787752 
0_134      0.1103028 1.0273300 2.2314485 0.6457307 0.2251260 0.0000000 0.3040529 1.0513422 0.7663995 0.4278537 0.4393152 1.3523397 
0_150      0.0262745 0.6593002 2.1599169 0.6323651 0.1978367 0.3040529 0.0000000 0.6852316 0.5562722 0.4514773 0.4793320 1.1826700 
0_157      0.0000010 0.0143238 0.7303082 0.9489173 0.7500697 1.0513422 0.6852316 0.0000000 0.5342078 1.0698497 1.1826306 1.2053944 
1_58       0.5049842 0.5341299 1.9567781 0.6066692 0.9435915 0.7663995 0.5562722 0.5342078 0.0000000 0.4256310 0.0864694 0.6592085 
1_80       1.1696976 1.0656865 2.3693828 1.0582872 0.4820606 0.4278537 0.4514773 1.0698497 0.4256310 0.0000000 0.3555463 1.0483839 
1_118      0.5049842 1.1742768 2.3860787 1.0826135 0.5008483 0.4393152 0.4793320 1.1826306 0.0864694 0.3555463 0.0000000 1.0802146 
5_87       0.0000010 1.2943138 1.3989004 1.2376015 0.9787752 1.3523397 1.1826700 1.2053944 0.6592085 1.0483839 1.0802146 0.0000000 
