17
12_3       0.0000000 0.0605492 0.2458796 0.0605492 0.0000010 0.3041736 0.2082619 0.2082619 0.2458796 0.2182065 0.2275712 0.2102330 0.1929367 0.0000010 0.3004374 0.2451815 0.2451815 
13_3       0.0605492 0.0000000 0.1925813 0.0000010 0.0605492 0.1970007 0.1970007 0.1970007 0.1925813 0.2066569 0.2157877 0.1925813 0.1826322 0.0605492 0.2042320 0.2299347 0.2299347 
14_3       0.2458796 0.1925813 0.0000000 0.1925813 0.2102330 0.0632759 0.0259808 0.0259808 0.0000010 0.0326895 0.0394214 0.0000010 0.0690102 0.2102330 0.2469174 0.1954031 0.1954031 
15_3       0.0605492 0.0000010 0.1925813 0.0000000 0.0605492 0.1970007 0.1970007 0.1970007 0.1925813 0.2066569 0.2157877 0.1925813 0.1826322 0.0605492 0.2042320 0.2299347 0.2299347 
17_3       0.0000010 0.0605492 0.2102330 0.0605492 0.0000000 0.2082619 0.2082619 0.2082619 0.2102330 0.2182065 0.2275712 0.2102330 0.1929367 0.0000010 0.2184577 0.2451815 0.2451815 
18_3       0.3041736 0.1970007 0.0632759 0.1970007 0.2082619 0.0000000 0.0000010 0.0000010 0.0632759 0.0064025 0.0128676 0.0259808 0.0479624 0.2082619 0.2325930 0.2067553 0.2067553 
19_3       0.2082619 0.1970007 0.0259808 0.1970007 0.2082619 0.0000010 0.0000000 0.0000010 0.0259808 0.0064025 0.0128676 0.0259808 0.0479624 0.2082619 0.2085764 0.2067553 0.2067553 
20_21      0.2082619 0.1970007 0.0259808 0.1970007 0.2082619 0.0000010 0.0000010 0.0000000 0.0259808 0.0064025 0.0128676 0.0259808 0.0479624 0.2082619 0.2085764 0.2067553 0.2067553 
23_3       0.2458796 0.1925813 0.0000010 0.1925813 0.2102330 0.0632759 0.0259808 0.0259808 0.0000000 0.0326895 0.0394214 0.0000010 0.0690102 0.2102330 0.2469174 0.1954031 0.1954031 
25_3       0.2182065 0.2066569 0.0326895 0.2066569 0.2182065 0.0064025 0.0064025 0.0064025 0.0326895 0.0000000 0.0063614 0.0326895 0.0552080 0.2182065 0.2181984 0.2162820 0.2162820 
26_3       0.2275712 0.2157877 0.0394214 0.2157877 0.2275712 0.0128676 0.0128676 0.0128676 0.0394214 0.0063614 0.0000000 0.0394214 0.0624399 0.2275712 0.2272564 0.2252549 0.2252549 
28_3       0.2102330 0.1925813 0.0000010 0.1925813 0.2102330 0.0259808 0.0259808 0.0259808 0.0000010 0.0326895 0.0394214 0.0000000 0.0690102 0.2102330 0.1971065 0.1954031 0.1954031 
29_70      0.1929367 0.1826322 0.0690102 0.1826322 0.1929367 0.0479624 0.0479624 0.0479624 0.0690102 0.0552080 0.0624399 0.0690102 0.0000000 0.1929367 0.2797993 0.2303080 0.2303080 
36_3       0.0000010 0.0605492 0.2102330 0.0605492 0.0000010 0.2082619 0.2082619 0.2082619 0.2102330 0.2182065 0.2275712 0.2102330 0.1929367 0.0000000 0.2184577 0.2451815 0.2451815 
38_3       0.3004374 0.2042320 0.2469174 0.2042320 0.2184577 0.2325930 0.2085764 0.2085764 0.2469174 0.2181984 0.2272564 0.1971065 0.2797993 0.2184577 0.0000000 0.0906156 0.0906156 
39_3       0.2451815 0.2299347 0.1954031 0.2299347 0.2451815 0.2067553 0.2067553 0.2067553 0.1954031 0.2162820 0.2252549 0.1954031 0.2303080 0.2451815 0.0906156 0.0000000 0.0000010 
40_3       0.2451815 0.2299347 0.1954031 0.2299347 0.2451815 0.2067553 0.2067553 0.2067553 0.1954031 0.2162820 0.2252549 0.1954031 0.2303080 0.2451815 0.0906156 0.0000010 0.0000000 
