27
0_11       0.0000000 0.4121047 2.8418235 1.6480443 1.6513004 1.5000993 2.2785670 2.0382747 1.8140245 1.8140245 1.8540874 1.8500944 1.9410867 1.8500944 1.8540874 1.9479384 1.9266624 1.9266624 1.9410867 1.6794358 2.0163136 1.9996441 2.0157684 2.0157684 1.9487017 2.7790674 2.6253996 
1_162      0.4121047 0.0000000 2.5476417 1.3466096 1.5257753 1.4633016 1.9191129 1.8732598 1.5686032 1.5686032 1.9109949 1.9518407 2.0184171 1.9518407 1.9109949 1.9794001 1.9572996 1.9572996 2.0184171 1.7966252 1.9831028 1.9666177 2.0198950 2.0198950 1.9799941 2.7504596 2.0837543 
2_191      2.8418235 2.5476417 0.0000000 2.2387373 2.6418970 2.4223423 2.6115323 2.8541371 2.2641222 2.2641222 2.3941544 2.3783965 2.2871840 2.3783965 2.3941544 2.3003190 2.2788801 2.2788801 2.2871840 2.0518375 2.3191270 2.3991229 2.3782035 2.3782035 2.3071979 2.6098727 2.2905874 
3_105      1.6480443 1.3466096 2.2387373 0.0000000 1.5379375 1.4252765 1.4889037 1.4784426 1.2384175 1.2384175 1.2769722 1.3304963 1.3122167 1.3304963 1.2769722 1.3216441 1.3087738 1.3087738 1.3122167 1.1065343 1.2775356 1.2693683 1.2974469 1.2974469 1.3256295 2.5516762 1.8877959 
4_196      1.6513004 1.5257753 2.6418970 1.5379375 0.0000000 0.4478916 2.3120814 2.0848478 1.8497515 1.8497515 2.2409799 2.1913033 2.2072978 2.1913033 2.2409799 2.2575599 2.2239814 2.2239814 2.2072978 2.1007295 2.1588702 2.1588702 2.1588702 2.1588702 2.2488686 2.8503224 2.8616353 
5_136      1.5000993 1.4633016 2.4223423 1.4252765 0.4478916 0.0000000 2.1899890 2.2398763 2.0301403 2.0301403 2.2003735 2.1508207 2.2546497 2.1508207 2.2003735 2.2978154 2.2724653 2.2724653 2.2546497 2.0946828 2.1236684 2.1236684 2.1236684 2.1236684 2.2984542 2.8578792 2.5619402 
6_96       2.2785670 1.9191129 2.6115323 1.4889037 2.3120814 2.1899890 0.0000000 0.6312921 1.4845934 1.4845934 1.3619554 1.3619554 1.4856633 1.3619554 1.3619554 1.4505723 1.4789533 1.4789533 1.4856633 1.4228790 1.5143070 1.5143070 1.5143070 1.5143070 1.4999363 1.9047855 1.4923717 
7_8        2.0382747 1.8732598 2.8541371 1.4784426 2.0848478 2.2398763 0.6312921 0.0000000 1.7788608 1.7788608 1.5047669 1.5047669 1.6151917 1.5047669 1.5047669 1.5879838 1.6175125 1.6175125 1.6151917 1.5880876 1.6508809 1.6508809 1.6508809 1.6508809 1.6387649 2.4236260 1.9195042 
8_45       1.8140245 1.5686032 2.2641222 1.2384175 1.8497515 2.0301403 1.4845934 1.7788608 0.0000000 0.0000010 0.9133434 0.9133434 0.8991417 0.9133434 0.9133434 0.8670416 0.8868662 0.8868662 0.8991417 0.8964877 0.9242659 0.9254611 0.9145547 0.9145547 0.9029565 2.2457032 1.6413683 
9_46       1.8140245 1.5686032 2.2641222 1.2384175 1.8497515 2.0301403 1.4845934 1.7788608 0.0000010 0.0000000 0.9133434 0.9133434 0.8991417 0.9133434 0.9133434 0.8670416 0.8868662 0.8868662 0.8991417 0.8964877 0.9242659 0.9254611 0.9145547 0.9145547 0.9029565 2.2457032 1.6413683 
12_87      1.8540874 1.9109949 2.3941544 1.2769722 2.2409799 2.2003735 1.3619554 1.5047669 0.9133434 0.9133434 0.0000000 0.0130533 0.0910533 0.0130533 0.0000010 0.0904331 0.0832452 0.0832452 0.0910533 0.0462243 0.1086317 0.1094644 0.1091200 0.1091200 0.0904920 1.7799894 1.8879287 
13_88      1.8500944 1.9518407 2.3783965 1.3304963 2.1913033 2.1508207 1.3619554 1.5047669 0.9133434 0.9133434 0.0130533 0.0000000 0.0919711 0.0000010 0.0130533 0.0913386 0.0840774 0.0840774 0.0919711 0.0462243 0.1257448 0.1267201 0.1085795 0.1085795 0.0913983 1.7799894 1.8879287 
14_81      1.9410867 2.0184171 2.2871840 1.3122167 2.2072978 2.2546497 1.4856633 1.6151917 0.8991417 0.8991417 0.0910533 0.0919711 0.0000000 0.0919711 0.0910533 0.0260705 0.0195041 0.0195041 0.0000010 0.0151754 0.1105147 0.1187416 0.1277437 0.1277437 0.0260935 1.8311484 1.9741558 
15_87      1.8500944 1.9518407 2.3783965 1.3304963 2.1913033 2.1508207 1.3619554 1.5047669 0.9133434 0.9133434 0.0130533 0.0000010 0.0919711 0.0000000 0.0130533 0.0913386 0.0840774 0.0840774 0.0919711 0.0462243 0.1257448 0.1267201 0.1085795 0.1085795 0.0913983 1.7799894 1.8879287 
17_86      1.8540874 1.9109949 2.3941544 1.2769722 2.2409799 2.2003735 1.3619554 1.5047669 0.9133434 0.9133434 0.0000010 0.0130533 0.0910533 0.0130533 0.0000000 0.0904331 0.0832452 0.0832452 0.0910533 0.0462243 0.1086317 0.1094644 0.1091200 0.1091200 0.0904920 1.7799894 1.8879287 
18_93      1.9479384 1.9794001 2.3003190 1.3216441 2.2575599 2.2978154 1.4505723 1.5879838 0.8670416 0.8670416 0.0904331 0.0913386 0.0260705 0.0913386 0.0904331 0.0000000 0.0064389 0.0064389 0.0260705 0.0075249 0.1094054 0.1175689 0.1264998 0.1264998 0.0129223 1.8462449 1.9047722 
19_86      1.9266624 1.9572996 2.2788801 1.3087738 2.2239814 2.2724653 1.4789533 1.6175125 0.8868662 0.8868662 0.0832452 0.0840774 0.0195041 0.0840774 0.0832452 0.0064389 0.0000000 0.0000010 0.0195041 0.0000010 0.1018230 0.1099015 0.1187095 0.1187095 0.0064450 1.8202820 1.9501494 
20_103     1.9266624 1.9572996 2.2788801 1.3087738 2.2239814 2.2724653 1.4789533 1.6175125 0.8868662 0.8868662 0.0832452 0.0840774 0.0195041 0.0840774 0.0832452 0.0064389 0.0000010 0.0000000 0.0195041 0.0000010 0.1018230 0.1099015 0.1187095 0.1187095 0.0064450 1.8202820 1.9501494 
23_85      1.9410867 2.0184171 2.2871840 1.3122167 2.2072978 2.2546497 1.4856633 1.6151917 0.8991417 0.8991417 0.0910533 0.0919711 0.0000010 0.0919711 0.0910533 0.0260705 0.0195041 0.0195041 0.0000000 0.0151754 0.1105147 0.1187416 0.1277437 0.1277437 0.0260935 1.8311484 1.9741558 
29_113     1.6794358 1.7966252 2.0518375 1.1065343 2.1007295 2.0946828 1.4228790 1.5880876 0.8964877 0.8964877 0.0462243 0.0462243 0.0151754 0.0462243 0.0462243 0.0075249 0.0000010 0.0000010 0.0151754 0.0000000 0.0309571 0.0389915 0.0389152 0.0389152 0.0075333 1.8623281 1.9678812 
33_113     2.0163136 1.9831028 2.3191270 1.2775356 2.1588702 2.1236684 1.5143070 1.6508809 0.9242659 0.9242659 0.1086317 0.1257448 0.1105147 0.1257448 0.1086317 0.1094054 0.1018230 0.1018230 0.1105147 0.0309571 0.0000000 0.0065352 0.0132229 0.0132229 0.1094701 1.7916390 1.9398427 
38_82      1.9996441 1.9666177 2.3991229 1.2693683 2.1588702 2.1236684 1.5143070 1.6508809 0.9254611 0.9254611 0.1094644 0.1267201 0.1187416 0.1267201 0.1094644 0.1175689 0.1099015 0.1099015 0.1187416 0.0389915 0.0065352 0.0000000 0.0133207 0.0133207 0.1176342 1.7916390 1.9398427 
39_82      2.0157684 2.0198950 2.3782035 1.2974469 2.1588702 2.1236684 1.5143070 1.6508809 0.9145547 0.9145547 0.1091200 0.1085795 0.1277437 0.1085795 0.1091200 0.1264998 0.1187095 0.1187095 0.1277437 0.0389152 0.0132229 0.0133207 0.0000000 0.0000010 0.1265655 1.7916390 1.9398427 
40_82      2.0157684 2.0198950 2.3782035 1.2974469 2.1588702 2.1236684 1.5143070 1.6508809 0.9145547 0.9145547 0.1091200 0.1085795 0.1277437 0.1085795 0.1091200 0.1264998 0.1187095 0.1187095 0.1277437 0.0389152 0.0132229 0.0133207 0.0000010 0.0000000 0.1265655 1.7916390 1.9398427 
41_82      1.9487017 1.9799941 2.3071979 1.3256295 2.2488686 2.2984542 1.4999363 1.6387649 0.9029565 0.9029565 0.0904920 0.0913983 0.0260935 0.0913983 0.0904920 0.0129223 0.0064450 0.0064450 0.0260935 0.0075333 0.1094701 0.1176342 0.1265655 0.1265655 0.0000000 1.8460469 1.9772301 
43_93      2.7790674 2.7504596 2.6098727 2.5516762 2.8503224 2.8578792 1.9047855 2.4236260 2.2457032 2.2457032 1.7799894 1.7799894 1.8311484 1.7799894 1.7799894 1.8462449 1.8202820 1.8202820 1.8311484 1.8623281 1.7916390 1.7916390 1.7916390 1.7916390 1.8460469 0.0000000 0.8046228 
44_85      2.6253996 2.0837543 2.2905874 1.8877959 2.8616353 2.5619402 1.4923717 1.9195042 1.6413683 1.6413683 1.8879287 1.8879287 1.9741558 1.8879287 1.8879287 1.9047722 1.9501494 1.9501494 1.9741558 1.9678812 1.9398427 1.9398427 1.9398427 1.9398427 1.9772301 0.8046228 0.0000000 
