21
8_90       0.0000000 0.0000010 0.0047667 1.6555438 1.6909103 1.6582837 1.6916467 1.6916467 1.6555438 1.6947230 1.6361037 1.6361037 1.6582837 1.6156764 1.6156764 1.6523537 1.6523537 1.5793886 1.5793886 1.5979195 1.5880063 
9_91       0.0000010 0.0000000 0.0047667 1.6555438 1.6909103 1.6582837 1.6916467 1.6916467 1.6555438 1.6947230 1.6361037 1.6361037 1.6582837 1.6156764 1.6156764 1.6523537 1.6523537 1.5793886 1.5793886 1.5979195 1.5880063 
11_44      0.0047667 0.0047667 0.0000000 1.6488599 1.6840232 1.6516447 1.6847556 1.6847556 1.6488599 1.6877856 1.6295772 1.6295772 1.6516447 1.6092416 1.6092416 1.6457522 1.6457522 1.5730489 1.5730489 1.5915058 1.5816425 
12_18      1.6555438 1.6555438 1.6488599 0.0000000 0.0304443 0.0783938 0.0252096 0.0252096 0.0000010 0.0632473 0.0728329 0.0728329 0.0783938 0.0622805 0.0622805 0.0730141 0.0730141 0.0795447 0.0795447 0.0884536 0.0884619 
13_18      1.6909103 1.6909103 1.6840232 0.0304443 0.0000000 0.0952535 0.0049508 0.0049508 0.0304443 0.0524510 0.0895361 0.0895361 0.0952535 0.0787930 0.0787930 0.0897590 0.0897590 0.0914346 0.0914346 0.1119336 0.1119486 
14_18      1.6582837 1.6582837 1.6516447 0.0783938 0.0952535 0.0000000 0.0893819 0.0893819 0.0783938 0.1035101 0.0149369 0.0149369 0.0000010 0.0250867 0.0250867 0.0049637 0.0049637 0.0968245 0.0968245 0.1062828 0.1062960 
15_18      1.6916467 1.6916467 1.6847556 0.0252096 0.0049508 0.0893819 0.0000000 0.0000010 0.0252096 0.0469021 0.0837270 0.0837270 0.0893819 0.0730667 0.0730667 0.0839351 0.0839351 0.0855387 0.0855387 0.1059175 0.1059306 
16_18      1.6916467 1.6916467 1.6847556 0.0252096 0.0049508 0.0893819 0.0000010 0.0000000 0.0252096 0.0469021 0.0837270 0.0837270 0.0893819 0.0730667 0.0730667 0.0839351 0.0839351 0.0855387 0.0855387 0.1059175 0.1059306 
17_18      1.6555438 1.6555438 1.6488599 0.0000010 0.0304443 0.0783938 0.0252096 0.0252096 0.0000000 0.0632473 0.0728329 0.0728329 0.0783938 0.0622805 0.0622805 0.0730141 0.0730141 0.0795447 0.0795447 0.0884536 0.0884619 
18_18      1.6947230 1.6947230 1.6877856 0.0632473 0.0524510 0.1035101 0.0469021 0.0469021 0.0632473 0.0000000 0.0975885 0.0975885 0.1035101 0.0865122 0.0865122 0.0978368 0.0978368 0.0987652 0.0987652 0.1196808 0.1196987 
19_18      1.6361037 1.6361037 1.6295772 0.0728329 0.0895361 0.0149369 0.0837270 0.0837270 0.0728329 0.0975885 0.0000000 0.0000010 0.0149369 0.0099470 0.0099470 0.0099373 0.0099373 0.0910495 0.0910495 0.1005003 0.1005118 
20_35      1.6361037 1.6361037 1.6295772 0.0728329 0.0895361 0.0149369 0.0837270 0.0837270 0.0728329 0.0975885 0.0000010 0.0000000 0.0149369 0.0099470 0.0099470 0.0099373 0.0099373 0.0910495 0.0910495 0.1005003 0.1005118 
23_18      1.6582837 1.6582837 1.6516447 0.0783938 0.0952535 0.0000010 0.0893819 0.0893819 0.0783938 0.1035101 0.0149369 0.0149369 0.0000000 0.0250867 0.0250867 0.0049637 0.0049637 0.0968245 0.0968245 0.1062828 0.1062960 
24_18      1.6156764 1.6156764 1.6092416 0.0622805 0.0787930 0.0250867 0.0730667 0.0730667 0.0622805 0.0865122 0.0099470 0.0099470 0.0250867 0.0000000 0.0000010 0.0200262 0.0200262 0.0801988 0.0801988 0.0896980 0.0897067 
25_18      1.6156764 1.6156764 1.6092416 0.0622805 0.0787930 0.0250867 0.0730667 0.0730667 0.0622805 0.0865122 0.0099470 0.0099470 0.0250867 0.0000010 0.0000000 0.0200262 0.0200262 0.0801988 0.0801988 0.0896980 0.0897067 
27_17      1.6523537 1.6523537 1.6457522 0.0730141 0.0897590 0.0049637 0.0839351 0.0839351 0.0730141 0.0978368 0.0099373 0.0099373 0.0049637 0.0200262 0.0200262 0.0000000 0.0000010 0.0912779 0.0912779 0.1007488 0.1007604 
28_17      1.6523537 1.6523537 1.6457522 0.0730141 0.0897590 0.0049637 0.0839351 0.0839351 0.0730141 0.0978368 0.0099373 0.0099373 0.0049637 0.0200262 0.0200262 0.0000010 0.0000000 0.0912779 0.0912779 0.1007488 0.1007604 
33_56      1.5793886 1.5793886 1.5730489 0.0795447 0.0914346 0.0968245 0.0855387 0.0855387 0.0795447 0.0987652 0.0910495 0.0910495 0.0968245 0.0801988 0.0801988 0.0912779 0.0912779 0.0000000 0.0000010 0.0564050 0.0564074 
38_18      1.5793886 1.5793886 1.5730489 0.0795447 0.0914346 0.0968245 0.0855387 0.0855387 0.0795447 0.0987652 0.0910495 0.0910495 0.0968245 0.0801988 0.0801988 0.0912779 0.0912779 0.0000010 0.0000000 0.0564050 0.0564074 
39_19      1.5979195 1.5979195 1.5915058 0.0884536 0.1119336 0.1062828 0.1059175 0.1059175 0.0884536 0.1196808 0.1005003 0.1005003 0.1062828 0.0896980 0.0896980 0.1007488 0.1007488 0.0564050 0.0564050 0.0000000 0.0099373 
40_19      1.5880063 1.5880063 1.5816425 0.0884619 0.1119486 0.1062960 0.1059306 0.1059306 0.0884619 0.1196987 0.1005118 0.1005118 0.1062960 0.0897067 0.0897067 0.1007604 0.1007604 0.0564074 0.0564074 0.0099373 0.0000000 
