32
0_53       0.0000000 0.6089350 3.7916758 1.8211019 1.5715543 1.5003589 2.1080304 2.2267808 2.4038326 2.4038326 2.4006397 2.4006397 2.6317853 2.6331260 2.6352994 2.6331260 2.6175139 2.6317853 2.6123270 2.6093481 2.6093481 2.6352994 2.6066204 2.6066204 2.6359766 2.6365615 2.6365615 2.6030119 2.6067023 2.5968099 2.2297270 2.2187373 
1_0        0.6089350 0.0000000 3.9573824 1.8928941 1.3766180 1.8040384 2.1132935 2.1895635 2.4982552 2.4982552 2.4947120 2.4947120 2.6981623 2.6949126 2.7102072 2.6949126 2.6851255 2.6981623 2.7030134 2.7000191 2.7000191 2.7102072 2.6972307 2.6972307 2.7108864 2.7114878 2.7114878 2.7184433 2.6841584 2.6773588 2.2774688 2.2976522 
2_199      3.7916758 3.9573824 0.0000000 4.2532936 4.4860538 3.9918450 3.9805269 4.0254099 4.1625791 4.1625791 4.1674359 4.1674359 4.1820849 4.1895679 4.1758291 4.1895679 4.1613128 4.1820849 4.1093714 4.1095343 4.1095343 4.1758291 4.1009599 4.1009599 4.1686775 4.1794247 4.1794247 4.2487768 4.2070472 4.2223405 4.2505059 4.2878200 
3_111      1.8211019 1.8928941 4.2532936 0.0000000 2.0197445 1.9581798 1.6684344 1.8318081 2.1703629 2.1703629 2.1672301 2.1672301 2.4093028 2.4093586 2.3922787 2.4093586 2.4115129 2.4093028 2.4219265 2.4226631 2.4226631 2.3922787 2.4209949 2.4209949 2.3882924 2.3934025 2.3934025 2.3915205 2.3942804 2.3889379 1.8341876 1.9295926 
4_0        1.5715543 1.3766180 4.4860538 2.0197445 0.0000000 0.6881413 2.3484294 2.4594146 2.8083299 2.8083299 2.8044934 2.8044934 2.8407680 2.8419035 2.8700451 2.8419035 2.8249803 2.8407680 2.8638014 2.8607047 2.8607047 2.8700451 2.8577366 2.8577366 2.8707469 2.8714006 2.8714006 2.8842320 2.8429816 2.8301190 2.7289754 2.6726967 
5_10       1.5003589 1.8040384 3.9918450 1.9581798 0.6881413 0.0000000 2.3541779 2.4240726 2.6359393 2.6359393 2.6323105 2.6323105 2.6313671 2.6345569 2.6398989 2.6345569 2.6191908 2.6313671 2.6400946 2.6371541 2.6371541 2.6398989 2.6443662 2.6443662 2.6405513 2.6410608 2.6410608 2.6729903 2.6541386 2.6487812 2.6522086 2.6164839 
6_127      2.1080304 2.1132935 3.9805269 1.6684344 2.3484294 2.3541779 0.0000000 0.5634045 2.0214996 2.0214996 2.0184087 2.0184087 1.9236890 1.9204579 1.9393085 1.9204579 1.9132060 1.9236890 1.8990492 1.8964729 1.8964729 1.9393085 1.9042451 1.9042451 1.9357780 1.9402761 1.9402761 1.9292755 1.9496961 1.9479850 1.6840218 1.6391411 
7_70       2.2267808 2.1895635 4.0254099 1.8318081 2.4594146 2.4240726 0.5634045 0.0000000 2.0892327 2.0892327 2.0911536 2.0911536 2.0090161 2.0060033 1.9977946 2.0060033 1.9983243 2.0090161 1.9813350 1.9786804 1.9786804 1.9977946 1.9868747 1.9868747 1.9941611 1.9990897 1.9990897 1.9922327 2.0223325 2.0290484 1.8576614 1.7950950 
8_94       2.4038326 2.4982552 4.1625791 2.1703629 2.8083299 2.6359393 2.0214996 2.0892327 0.0000000 0.0000010 0.0010142 0.0010142 0.9872396 0.9911404 0.9956938 0.9911404 0.9898003 0.9872396 0.9957275 0.9943459 0.9943459 0.9956938 0.9982878 0.9982878 0.9960944 0.9958411 0.9958411 1.0272154 1.0246999 1.0209209 2.0914969 1.9775631 
9_95       2.4038326 2.4982552 4.1625791 2.1703629 2.8083299 2.6359393 2.0214996 2.0892327 0.0000010 0.0000000 0.0010142 0.0010142 0.9872396 0.9911404 0.9956938 0.9911404 0.9898003 0.9872396 0.9957275 0.9943459 0.9943459 0.9956938 0.9982878 0.9982878 0.9960944 0.9958411 0.9958411 1.0272154 1.0246999 1.0209209 2.0914969 1.9775631 
10_75      2.4006397 2.4947120 4.1674359 2.1672301 2.8044934 2.6323105 2.0184087 2.0911536 0.0010142 0.0010142 0.0000000 0.0000010 0.9831368 0.9870288 0.9915846 0.9870288 0.9856889 0.9831368 0.9916022 0.9902238 0.9902238 0.9915846 0.9941545 0.9941545 0.9919845 0.9917286 0.9917286 1.0230378 1.0205258 1.0167582 2.0902169 1.9763606 
11_40      2.4006397 2.4947120 4.1674359 2.1672301 2.8044934 2.6323105 2.0184087 2.0911536 0.0010142 0.0010142 0.0000010 0.0000000 0.9831368 0.9870288 0.9915846 0.9870288 0.9856889 0.9831368 0.9916022 0.9902238 0.9902238 0.9915846 0.9941545 0.9941545 0.9919845 0.9917286 0.9917286 1.0230378 1.0205258 1.0167582 2.0902169 1.9763606 
12_22      2.6317853 2.6981623 4.1820849 2.4093028 2.8407680 2.6313671 1.9236890 2.0090161 0.9872396 0.9872396 0.9831368 0.9831368 0.0000000 0.0030758 0.0217797 0.0030758 0.0041074 0.0000010 0.0293782 0.0282658 0.0282658 0.0217797 0.0293419 0.0293419 0.0228409 0.0228235 0.0228235 0.0401885 0.0411851 0.0423253 2.1818723 2.1176350 
13_21      2.6331260 2.6949126 4.1895679 2.4093586 2.8419035 2.6345569 1.9204579 2.0060033 0.9911404 0.9911404 0.9870288 0.9870288 0.0030758 0.0000000 0.0228172 0.0000010 0.0010228 0.0030758 0.0304279 0.0293132 0.0293132 0.0228172 0.0303904 0.0303904 0.0238796 0.0238614 0.0238614 0.0412462 0.0422414 0.0433836 2.1821988 2.1181280 
14_20      2.6352994 2.7102072 4.1758291 2.3922787 2.8700451 2.6398989 1.9393085 1.9977946 0.9956938 0.9956938 0.9915846 0.9915846 0.0217797 0.0228172 0.0000000 0.0228172 0.0238922 0.0217797 0.0218480 0.0207613 0.0207613 0.0000010 0.0218208 0.0218208 0.0010209 0.0010201 0.0010201 0.0412328 0.0411489 0.0422881 2.1780984 2.1176871 
15_20      2.6331260 2.6949126 4.1895679 2.4093586 2.8419035 2.6345569 1.9204579 2.0060033 0.9911404 0.9911404 0.9870288 0.9870288 0.0030758 0.0000010 0.0228172 0.0000000 0.0010228 0.0030758 0.0304279 0.0293132 0.0293132 0.0228172 0.0303904 0.0303904 0.0238796 0.0238614 0.0238614 0.0412462 0.0422414 0.0433836 2.1821988 2.1181280 
16_20      2.6175139 2.6851255 4.1613128 2.4115129 2.8249803 2.6191908 1.9132060 1.9983243 0.9898003 0.9898003 0.9856889 0.9856889 0.0041074 0.0010228 0.0238922 0.0010228 0.0000000 0.0041074 0.0315278 0.0304089 0.0304089 0.0238922 0.0314889 0.0314889 0.0249574 0.0249384 0.0249384 0.0423723 0.0422934 0.0434371 2.1767257 2.1128374 
17_22      2.6317853 2.6981623 4.1820849 2.4093028 2.8407680 2.6313671 1.9236890 2.0090161 0.9872396 0.9872396 0.9831368 0.9831368 0.0000010 0.0030758 0.0217797 0.0030758 0.0041074 0.0000000 0.0293782 0.0282658 0.0282658 0.0217797 0.0293419 0.0293419 0.0228409 0.0228235 0.0228235 0.0401885 0.0411851 0.0423253 2.1818723 2.1176350 
18_22      2.6123270 2.7030134 4.1093714 2.4219265 2.8638014 2.6400946 1.8990492 1.9813350 0.9957275 0.9957275 0.9916022 0.9916022 0.0293782 0.0304279 0.0218480 0.0304279 0.0315278 0.0293782 0.0000000 0.0010231 0.0010231 0.0218480 0.0020494 0.0020494 0.0229126 0.0228952 0.0228952 0.0485955 0.0463048 0.0474745 2.1936526 2.1237055 
19_22      2.6093481 2.7000191 4.1095343 2.4226631 2.8607047 2.6371541 1.8964729 1.9786804 0.9943459 0.9943459 0.9902238 0.9902238 0.0282658 0.0293132 0.0207613 0.0293132 0.0304089 0.0282658 0.0010231 0.0000000 0.0000010 0.0207613 0.0010217 0.0010217 0.0218224 0.0218059 0.0218059 0.0474122 0.0451293 0.0462943 2.1905997 2.1210276 
20_38      2.6093481 2.7000191 4.1095343 2.4226631 2.8607047 2.6371541 1.8964729 1.9786804 0.9943459 0.9943459 0.9902238 0.9902238 0.0282658 0.0293132 0.0207613 0.0293132 0.0304089 0.0282658 0.0010231 0.0000010 0.0000000 0.0207613 0.0010217 0.0010217 0.0218224 0.0218059 0.0218059 0.0474122 0.0451293 0.0462943 2.1905997 2.1210276 
23_20      2.6352994 2.7102072 4.1758291 2.3922787 2.8700451 2.6398989 1.9393085 1.9977946 0.9956938 0.9956938 0.9915846 0.9915846 0.0217797 0.0228172 0.0000010 0.0228172 0.0238922 0.0217797 0.0218480 0.0207613 0.0207613 0.0000000 0.0218208 0.0218208 0.0010209 0.0010201 0.0010201 0.0412328 0.0411489 0.0422881 2.1780984 2.1176871 
25_21      2.6066204 2.6972307 4.1009599 2.4209949 2.8577366 2.6443662 1.9042451 1.9868747 0.9982878 0.9982878 0.9941545 0.9941545 0.0293419 0.0303904 0.0218208 0.0303904 0.0314889 0.0293419 0.0020494 0.0010217 0.0010217 0.0218208 0.0000000 0.0000010 0.0228842 0.0228668 0.0228668 0.0485360 0.0462481 0.0474163 2.1994395 2.1296260 
26_21      2.6066204 2.6972307 4.1009599 2.4209949 2.8577366 2.6443662 1.9042451 1.9868747 0.9982878 0.9982878 0.9941545 0.9941545 0.0293419 0.0303904 0.0218208 0.0303904 0.0314889 0.0293419 0.0020494 0.0010217 0.0010217 0.0218208 0.0000010 0.0000000 0.0228842 0.0228668 0.0228668 0.0485360 0.0462481 0.0474163 2.1994395 2.1296260 
27_19      2.6359766 2.7108864 4.1686775 2.3882924 2.8707469 2.6405513 1.9357780 1.9941611 0.9960944 0.9960944 0.9919845 0.9919845 0.0228409 0.0238796 0.0010209 0.0238796 0.0249574 0.0228409 0.0229126 0.0218224 0.0218224 0.0010209 0.0228842 0.0228842 0.0000000 0.0020437 0.0020437 0.0423345 0.0422486 0.0433910 2.1847322 2.1182932 
28_21      2.6365615 2.7114878 4.1794247 2.3934025 2.8714006 2.6410608 1.9402761 1.9990897 0.9958411 0.9958411 0.9917286 0.9917286 0.0228235 0.0238614 0.0010201 0.0238614 0.0249384 0.0228235 0.0228952 0.0218059 0.0218059 0.0010201 0.0228668 0.0228668 0.0020437 0.0000000 0.0000010 0.0423013 0.0422155 0.0433570 2.1805481 2.1189926 
31_3       2.6365615 2.7114878 4.1794247 2.3934025 2.8714006 2.6410608 1.9402761 1.9990897 0.9958411 0.9958411 0.9917286 0.9917286 0.0228235 0.0238614 0.0010201 0.0238614 0.0249384 0.0228235 0.0228952 0.0218059 0.0218059 0.0010201 0.0228668 0.0228668 0.0020437 0.0000010 0.0000000 0.0423013 0.0422155 0.0433570 2.1805481 2.1189926 
38_21      2.6030119 2.7184433 4.2487768 2.3915205 2.8842320 2.6729903 1.9292755 1.9922327 1.0272154 1.0272154 1.0230378 1.0230378 0.0401885 0.0412462 0.0412328 0.0412462 0.0423723 0.0401885 0.0485955 0.0474122 0.0474122 0.0412328 0.0485360 0.0485360 0.0423345 0.0423013 0.0423013 0.0000000 0.0207864 0.0218696 2.2105841 2.1472131 
39_22      2.6067023 2.6841584 4.2070472 2.3942804 2.8429816 2.6541386 1.9496961 2.0223325 1.0246999 1.0246999 1.0205258 1.0205258 0.0411851 0.0422414 0.0411489 0.0422414 0.0422934 0.0411851 0.0463048 0.0451293 0.0451293 0.0411489 0.0462481 0.0462481 0.0422486 0.0422155 0.0422155 0.0207864 0.0000000 0.0051358 2.2021929 2.1402362 
40_22      2.5968099 2.6773588 4.2223405 2.3889379 2.8301190 2.6487812 1.9479850 2.0290484 1.0209209 1.0209209 1.0167582 1.0167582 0.0423253 0.0433836 0.0422881 0.0433836 0.0434371 0.0423253 0.0474745 0.0462943 0.0462943 0.0422881 0.0474163 0.0474163 0.0433910 0.0433570 0.0433570 0.0218696 0.0051358 0.0000000 2.2106885 2.1472777 
43_59      2.2297270 2.2774688 4.2505059 1.8341876 2.7289754 2.6522086 1.6840218 1.8576614 2.0914969 2.0914969 2.0902169 2.0902169 2.1818723 2.1821988 2.1780984 2.1821988 2.1767257 2.1818723 2.1936526 2.1905997 2.1905997 2.1780984 2.1994395 2.1994395 2.1847322 2.1805481 2.1805481 2.2105841 2.2021929 2.2106885 0.0000000 0.5088117 
44_109     2.2187373 2.2976522 4.2878200 1.9295926 2.6726967 2.6164839 1.6391411 1.7950950 1.9775631 1.9775631 1.9763606 1.9763606 2.1176350 2.1181280 2.1176871 2.1181280 2.1128374 2.1176350 2.1237055 2.1210276 2.1210276 2.1176871 2.1296260 2.1296260 2.1182932 2.1189926 2.1189926 2.1472131 2.1402362 2.1472777 0.5088117 0.0000000 
