18
12_109     0.0000000 0.0635262 0.1532401 0.0635262 0.0000010 0.1653304 0.1653304 0.2013709 0.1653304 0.1532401 0.1532401 0.1532401 0.1532401 0.2678148 0.2890178 0.3029963 0.1680002 0.1653304 
13_108     0.0635262 0.0000000 0.1807762 0.0000010 0.0635262 0.1879798 0.1879798 0.2443844 0.2140447 0.2013880 0.1697474 0.1807762 0.2013880 0.2642639 0.2779882 0.2886489 0.1715435 0.2140447 
14_105     0.1532401 0.1807762 0.0000000 0.1807762 0.1532401 0.0682653 0.0682653 0.0619274 0.0731333 0.0000010 0.0000010 0.0000010 0.0000010 0.2951511 0.3248256 0.3368126 0.1325164 0.0731333 
15_108     0.0635262 0.0000010 0.1807762 0.0000000 0.0635262 0.1879798 0.1879798 0.2443844 0.2140447 0.2013880 0.1697474 0.1807762 0.2013880 0.2642639 0.2779882 0.2886489 0.1715435 0.2140447 
17_108     0.0000010 0.0635262 0.1532401 0.0635262 0.0000000 0.1653304 0.1653304 0.2013709 0.1653304 0.1532401 0.1532401 0.1532401 0.1532401 0.2678148 0.2890178 0.3029963 0.1680002 0.1653304 
19_109     0.1653304 0.1879798 0.0682653 0.1879798 0.1653304 0.0000000 0.0000010 0.1523983 0.0000010 0.0731333 0.0643320 0.0682653 0.0731333 0.3109491 0.3384012 0.3495514 0.0568777 0.0000010 
20_2       0.1653304 0.1879798 0.0682653 0.1879798 0.1653304 0.0000010 0.0000000 0.1523983 0.0000010 0.0731333 0.0643320 0.0682653 0.0731333 0.3109491 0.3384012 0.3495514 0.0568777 0.0000010 
23_109     0.2013709 0.2443844 0.0619274 0.2443844 0.2013709 0.1523983 0.1523983 0.0000000 0.1533785 0.0619274 0.0615450 0.0619274 0.0619274 0.4110144 0.4008772 0.4189401 0.1833666 0.1533785 
26_108     0.1653304 0.2140447 0.0731333 0.2140447 0.1653304 0.0000010 0.0000010 0.1533785 0.0000000 0.0731333 0.0731333 0.0731333 0.0731333 0.3553398 0.3637223 0.3783077 0.0743056 0.0000010 
27_112     0.1532401 0.2013880 0.0000010 0.2013880 0.1532401 0.0731333 0.0731333 0.0619274 0.0731333 0.0000000 0.0000010 0.0000010 0.0000010 0.3341180 0.3434567 0.3580840 0.1526509 0.0731333 
28_108     0.1532401 0.1697474 0.0000010 0.1697474 0.1532401 0.0643320 0.0643320 0.0615450 0.0731333 0.0000010 0.0000000 0.0000010 0.0000010 0.2852971 0.3127370 0.3238584 0.1246007 0.0731333 
30_106     0.1532401 0.1807762 0.0000010 0.1807762 0.1532401 0.0682653 0.0682653 0.0619274 0.0731333 0.0000010 0.0000010 0.0000000 0.0000010 0.2951511 0.3248256 0.3368126 0.1325164 0.0731333 
33_90      0.1532401 0.2013880 0.0000010 0.2013880 0.1532401 0.0731333 0.0731333 0.0619274 0.0731333 0.0000010 0.0000010 0.0000010 0.0000000 0.3341180 0.3434567 0.3580840 0.1526509 0.0731333 
38_104     0.2678148 0.2642639 0.2951511 0.2642639 0.2678148 0.3109491 0.3109491 0.4110144 0.3553398 0.3341180 0.2852971 0.2951511 0.3341180 0.0000000 0.1368731 0.1461819 0.2397082 0.3553398 
39_104     0.2890178 0.2779882 0.3248256 0.2779882 0.2890178 0.3384012 0.3384012 0.4008772 0.3637223 0.3434567 0.3127370 0.3248256 0.3434567 0.1368731 0.0000000 0.0078863 0.2733989 0.3637223 
40_104     0.3029963 0.2886489 0.3368126 0.2886489 0.3029963 0.3495514 0.3495514 0.4189401 0.3783077 0.3580840 0.3238584 0.3368126 0.3580840 0.1461819 0.0078863 0.0000000 0.2838975 0.3783077 
41_106     0.1680002 0.1715435 0.1325164 0.1715435 0.1680002 0.0568777 0.0568777 0.1833666 0.0743056 0.1526509 0.1246007 0.1325164 0.1526509 0.2397082 0.2733989 0.2838975 0.0000000 0.0743056 
42_62      0.1653304 0.2140447 0.0731333 0.2140447 0.1653304 0.0000010 0.0000010 0.1533785 0.0000010 0.0731333 0.0731333 0.0731333 0.0731333 0.3553398 0.3637223 0.3783077 0.0743056 0.0000000 
