17
12_35      0.0000000 0.0432998 0.2998981 0.0344352 0.0344352 0.0000010 0.4079697 0.4079697 0.2998981 0.3493926 0.3524828 0.3524828 0.3326281 0.3493926 0.4864284 0.5096298 0.5096298 
13_35      0.0432998 0.0000000 0.2974217 0.0085407 0.0085407 0.0432998 0.4051431 0.4051431 0.2974217 0.3467799 0.3498383 0.3498383 0.3300250 0.3467799 0.4892479 0.5122377 0.5122377 
14_32      0.2998981 0.2974217 0.0000000 0.2858964 0.2858964 0.2998981 0.1315780 0.1315780 0.0000010 0.0804239 0.0895216 0.0895216 0.0258998 0.0804239 0.4192626 0.4071651 0.4071651 
15_34      0.0344352 0.0085407 0.2858964 0.0000000 0.0000010 0.0344352 0.3922030 0.3922030 0.2858964 0.3348939 0.3378150 0.3378150 0.3181329 0.3348939 0.4750400 0.4977800 0.4977800 
16_32      0.0344352 0.0085407 0.2858964 0.0000010 0.0000000 0.0344352 0.3922030 0.3922030 0.2858964 0.3348939 0.3378150 0.3378150 0.3181329 0.3348939 0.4750400 0.4977800 0.4977800 
17_33      0.0000010 0.0432998 0.2998981 0.0344352 0.0344352 0.0000000 0.4079697 0.4079697 0.2998981 0.3493926 0.3524828 0.3524828 0.3326281 0.3493926 0.4864284 0.5096298 0.5096298 
19_36      0.4079697 0.4051431 0.1315780 0.3922030 0.3922030 0.4079697 0.0000000 0.0000010 0.1315780 0.1012520 0.1106772 0.1106772 0.1617846 0.1012520 0.3273080 0.3577747 0.3577747 
20_54      0.4079697 0.4051431 0.1315780 0.3922030 0.3922030 0.4079697 0.0000010 0.0000000 0.1315780 0.1012520 0.1106772 0.1106772 0.1617846 0.1012520 0.3273080 0.3577747 0.3577747 
23_32      0.2998981 0.2974217 0.0000010 0.2858964 0.2858964 0.2998981 0.1315780 0.1315780 0.0000000 0.0804239 0.0895216 0.0895216 0.0258998 0.0804239 0.4192626 0.4071651 0.4071651 
24_36      0.3493926 0.3467799 0.0804239 0.3348939 0.3348939 0.3493926 0.1012520 0.1012520 0.0804239 0.0000000 0.0085642 0.0085642 0.1085328 0.0000010 0.4602704 0.4702067 0.4702067 
25_33      0.3524828 0.3498383 0.0895216 0.3378150 0.3378150 0.3524828 0.1106772 0.1106772 0.0895216 0.0085642 0.0000000 0.0000010 0.1177821 0.0085642 0.4642641 0.4743928 0.4743928 
26_36      0.3524828 0.3498383 0.0895216 0.3378150 0.3378150 0.3524828 0.1106772 0.1106772 0.0895216 0.0085642 0.0000010 0.0000000 0.1177821 0.0085642 0.4642641 0.4743928 0.4743928 
27_33      0.3326281 0.3300250 0.0258998 0.3181329 0.3181329 0.3326281 0.1617846 0.1617846 0.0258998 0.1085328 0.1177821 0.1177821 0.0000000 0.1085328 0.4473390 0.4357322 0.4357322 
29_40      0.3493926 0.3467799 0.0804239 0.3348939 0.3348939 0.3493926 0.1012520 0.1012520 0.0804239 0.0000010 0.0085642 0.0085642 0.1085328 0.0000000 0.4602704 0.4702067 0.4702067 
38_33      0.4864284 0.4892479 0.4192626 0.4750400 0.4750400 0.4864284 0.3273080 0.3273080 0.4192626 0.4602704 0.4642641 0.4642641 0.4473390 0.4602704 0.0000000 0.1741598 0.1741598 
39_34      0.5096298 0.5122377 0.4071651 0.4977800 0.4977800 0.5096298 0.3577747 0.3577747 0.4071651 0.4702067 0.4743928 0.4743928 0.4357322 0.4702067 0.1741598 0.0000000 0.0000010 
40_34      0.5096298 0.5122377 0.4071651 0.4977800 0.4977800 0.5096298 0.3577747 0.3577747 0.4071651 0.4702067 0.4743928 0.4743928 0.4357322 0.4702067 0.1741598 0.0000010 0.0000000 
