33
8_40       0.0000000 0.0000010 3.4265864 3.3733259 3.5026469 3.3733259 3.4570075 3.4275499 3.4897499 3.5083376 3.5083376 3.5023356 3.5023356 3.0058431 3.9343448 3.5187297 3.5073016 3.5187297 3.4966443 3.5038984 3.5015702 3.4170041 3.7433243 3.5015702 3.5025589 3.5038984 3.4968663 3.5225124 3.5038984 3.4971865 3.4614720 3.4627951 3.5154015 
9_41       0.0000010 0.0000000 3.4265864 3.3733259 3.5026469 3.3733259 3.4570075 3.4275499 3.4897499 3.5083376 3.5083376 3.5023356 3.5023356 3.0058431 3.9343448 3.5187297 3.5073016 3.5187297 3.4966443 3.5038984 3.5015702 3.4170041 3.7433243 3.5015702 3.5025589 3.5038984 3.4968663 3.5225124 3.5038984 3.4971865 3.4614720 3.4627951 3.5154015 
12_61      3.4265864 3.4265864 0.0000000 0.0091850 0.0915851 0.0091850 0.0100903 0.0007899 0.0206938 0.0916556 0.0916556 0.0901136 0.0901136 0.0316405 0.1217415 0.1022962 0.1033304 0.1022962 0.0905458 0.0908141 0.0906030 0.0584294 0.1717667 0.0906030 0.0906565 0.0908141 0.0900690 0.0271735 0.0908141 0.1050613 0.1038271 0.1193928 0.0987809 
13_62      3.3733259 3.3733259 0.0091850 0.0000000 0.0785265 0.0000010 0.0000010 0.0092029 0.0101750 0.0785939 0.0785939 0.0785939 0.0785939 0.0347005 0.1039276 0.0889972 0.0901252 0.0889972 0.0790151 0.0774534 0.0774534 0.0598277 0.1572964 0.0774534 0.0773015 0.0774534 0.0774534 0.0380608 0.0774534 0.0966960 0.0920062 0.1089987 0.0849409 
14_57      3.5026469 3.5026469 0.0915851 0.0785265 0.0000000 0.0785265 0.0857043 0.0926873 0.0939764 0.0016034 0.0016034 0.0016380 0.0016380 0.0000010 0.0046271 0.0197975 0.0206369 0.0197975 0.0024627 0.0016021 0.0008007 0.0026782 0.0172640 0.0008007 0.0032181 0.0016021 0.0016371 0.0969372 0.0016021 0.0954504 0.0909623 0.1064171 0.0048303 
15_61      3.3733259 3.3733259 0.0091850 0.0000010 0.0785265 0.0000000 0.0000010 0.0092029 0.0101750 0.0785939 0.0785939 0.0785939 0.0785939 0.0347005 0.1039276 0.0889972 0.0901252 0.0889972 0.0790151 0.0774534 0.0774534 0.0598277 0.1572964 0.0774534 0.0773015 0.0774534 0.0774534 0.0380608 0.0774534 0.0966960 0.0920062 0.1089987 0.0849409 
16_58      3.4570075 3.4570075 0.0100903 0.0000010 0.0857043 0.0000010 0.0000000 0.0101083 0.0118942 0.0857715 0.0857715 0.0818571 0.0818571 0.0347005 0.1118310 0.0946220 0.0956643 0.0946220 0.0822622 0.0849136 0.0847120 0.0598277 0.1612997 0.0847120 0.0847624 0.0849136 0.0818148 0.0364466 0.0849136 0.1005978 0.0927928 0.1086463 0.0919093 
17_61      3.4275499 3.4275499 0.0007899 0.0092029 0.0926873 0.0092029 0.0101083 0.0000000 0.0207317 0.0927587 0.0927587 0.0912308 0.0912308 0.0316405 0.1234845 0.1034338 0.1044706 0.1034338 0.0916677 0.0919168 0.0917031 0.0600581 0.1717667 0.0917031 0.0917575 0.0919168 0.0911857 0.0280991 0.0919168 0.1062978 0.1050268 0.1206189 0.0999091 
18_65      3.4897499 3.4897499 0.0206938 0.0101750 0.0939764 0.0101750 0.0118942 0.0207317 0.0000000 0.0940506 0.0940506 0.0907438 0.0907438 0.0440820 0.1215216 0.1020553 0.1031179 0.1020553 0.0911920 0.0931874 0.0929653 0.0601130 0.1879889 0.0929653 0.0930220 0.0931874 0.0906975 0.0426647 0.0931874 0.1115412 0.1056909 0.1220005 0.1003843 
19_62      3.5083376 3.5083376 0.0916556 0.0785939 0.0016034 0.0785939 0.0857715 0.0927587 0.0940506 0.0000000 0.0000010 0.0000010 0.0000010 0.0027588 0.0034675 0.0181211 0.0189571 0.0181211 0.0024644 0.0016032 0.0008013 0.0026814 0.0172640 0.0008013 0.0032204 0.0016032 0.0016382 0.0970148 0.0016032 0.0955290 0.0910352 0.1065025 0.0048337 
20_79      3.5083376 3.5083376 0.0916556 0.0785939 0.0016034 0.0785939 0.0857715 0.0927587 0.0940506 0.0000010 0.0000000 0.0000010 0.0000010 0.0027588 0.0034675 0.0181211 0.0189571 0.0181211 0.0024644 0.0016032 0.0008013 0.0026814 0.0172640 0.0008013 0.0032204 0.0016032 0.0016382 0.0970148 0.0016032 0.0955290 0.0910352 0.1065025 0.0048337 
21_60      3.5023356 3.5023356 0.0901136 0.0785939 0.0016380 0.0785939 0.0818571 0.0912308 0.0907438 0.0000010 0.0000010 0.0000000 0.0000010 0.0027588 0.0035763 0.0159299 0.0167795 0.0159299 0.0024644 0.0016377 0.0008185 0.0026814 0.0183018 0.0008185 0.0032901 0.0016377 0.0016382 0.0954836 0.0016377 0.0955290 0.0910352 0.1065025 0.0049385 
22_63      3.5023356 3.5023356 0.0901136 0.0785939 0.0016380 0.0785939 0.0818571 0.0912308 0.0907438 0.0000010 0.0000010 0.0000010 0.0000000 0.0027588 0.0035763 0.0159299 0.0167795 0.0159299 0.0024644 0.0016377 0.0008185 0.0026814 0.0183018 0.0008185 0.0032901 0.0016377 0.0016382 0.0954836 0.0016377 0.0955290 0.0910352 0.1065025 0.0049385 
23_59      3.0058431 3.0058431 0.0316405 0.0347005 0.0000010 0.0347005 0.0347005 0.0316405 0.0440820 0.0027588 0.0027588 0.0027588 0.0027588 0.0000000 0.7734530 0.0083367 0.0083367 0.0083367 0.0000010 0.0000010 0.0000010 0.0027588 0.0000010 0.0000010 0.0055760 0.0000010 0.0000010 0.0316405 0.0000010 0.0559382 0.0586227 0.0648641 0.0000010 
23_60      3.9343448 3.9343448 0.1217415 0.1039276 0.0046271 0.1039276 0.1118310 0.1234845 0.1215216 0.0034675 0.0034675 0.0035763 0.0035763 0.7734530 0.0000000 0.0263885 0.0276147 0.0263885 0.0059921 0.0046261 0.0034675 0.0082276 0.0172640 0.0034675 0.0046261 0.0046261 0.0047735 0.1321893 0.0046261 0.1154361 0.1047695 0.1255297 0.0093193 
24_61      3.5187297 3.5187297 0.1022962 0.0889972 0.0197975 0.0889972 0.0946220 0.1034338 0.1020553 0.0181211 0.0181211 0.0159299 0.0159299 0.0083367 0.0263885 0.0000000 0.0007914 0.0000010 0.0185292 0.0197947 0.0189634 0.0108502 0.0473490 0.0189634 0.0215356 0.0197947 0.0176363 0.1048409 0.0197947 0.0933652 0.0933898 0.1150422 0.0162679 
25_58      3.5073016 3.5073016 0.1033304 0.0901252 0.0206369 0.0901252 0.0956643 0.1044706 0.1031179 0.0189571 0.0189571 0.0167795 0.0167795 0.0083367 0.0276147 0.0007914 0.0000000 0.0007914 0.0193845 0.0206340 0.0198009 0.0108502 0.0496688 0.0198009 0.0223786 0.0206340 0.0184885 0.1059222 0.0206340 0.0933652 0.0933898 0.1150422 0.0170923 
26_61      3.5187297 3.5187297 0.1022962 0.0889972 0.0197975 0.0889972 0.0946220 0.1034338 0.1020553 0.0181211 0.0181211 0.0159299 0.0159299 0.0083367 0.0263885 0.0000010 0.0007914 0.0000000 0.0185292 0.0197947 0.0189634 0.0108502 0.0473490 0.0189634 0.0215356 0.0197947 0.0176363 0.1048409 0.0197947 0.0933652 0.0933898 0.1150422 0.0162679 
27_61      3.4966443 3.4966443 0.0905458 0.0790151 0.0024627 0.0790151 0.0822622 0.0916677 0.0911920 0.0024644 0.0024644 0.0024644 0.0024644 0.0000010 0.0059921 0.0185292 0.0193845 0.0185292 0.0000000 0.0024623 0.0016408 0.0026902 0.0205950 0.0016408 0.0041222 0.0024623 0.0024631 0.0956079 0.0024623 0.0957745 0.0912617 0.1078042 0.0057750 
28_60      3.5038984 3.5038984 0.0908141 0.0774534 0.0016021 0.0774534 0.0849136 0.0919168 0.0931874 0.0016032 0.0016032 0.0016377 0.0016377 0.0000010 0.0046261 0.0197947 0.0206340 0.0197947 0.0024623 0.0000000 0.0008006 0.0013370 0.0150963 0.0008006 0.0016075 0.0000010 0.0016368 0.0961392 0.0000010 0.0954460 0.0909574 0.1064148 0.0032171 
30_59      3.5015702 3.5015702 0.0906030 0.0774534 0.0008007 0.0774534 0.0847120 0.0917031 0.0929653 0.0008013 0.0008013 0.0008185 0.0008185 0.0000010 0.0034675 0.0189634 0.0198009 0.0189634 0.0016408 0.0008006 0.0000000 0.0013370 0.0172640 0.0000010 0.0024122 0.0008006 0.0008181 0.0959070 0.0008006 0.0943925 0.0899400 0.1053686 0.0040230 
31_44      3.4170041 3.4170041 0.0584294 0.0598277 0.0026782 0.0598277 0.0598277 0.0600581 0.0601130 0.0026814 0.0026814 0.0026814 0.0026814 0.0027588 0.0082276 0.0108502 0.0108502 0.0108502 0.0026902 0.0013370 0.0013370 0.0000000 2.2311620 0.0013370 0.0040428 0.0013370 0.0013370 0.0525330 0.0013370 0.0860015 0.0779717 0.0833491 0.0053913 
31_101     3.7433243 3.7433243 0.1717667 0.1572964 0.0172640 0.1572964 0.1612997 0.1717667 0.1879889 0.0172640 0.0172640 0.0183018 0.0183018 0.0000010 0.0172640 0.0473490 0.0496688 0.0473490 0.0205950 0.0150963 0.0172640 2.2311620 0.0000000 0.0172640 0.0150963 0.0150963 0.0206198 0.2193469 0.0150963 0.1443026 0.1573406 0.1953528 0.0150963 
32_14      3.5015702 3.5015702 0.0906030 0.0774534 0.0008007 0.0774534 0.0847120 0.0917031 0.0929653 0.0008013 0.0008013 0.0008185 0.0008185 0.0000010 0.0034675 0.0189634 0.0198009 0.0189634 0.0016408 0.0008006 0.0000010 0.0013370 0.0172640 0.0000000 0.0024122 0.0008006 0.0008181 0.0959070 0.0008006 0.0943925 0.0899400 0.1053686 0.0040230 
33_14      3.5025589 3.5025589 0.0906565 0.0773015 0.0032181 0.0773015 0.0847624 0.0917575 0.0930220 0.0032204 0.0032204 0.0032901 0.0032901 0.0055760 0.0046261 0.0215356 0.0223786 0.0215356 0.0041222 0.0016075 0.0024122 0.0040428 0.0150963 0.0024122 0.0000000 0.0016075 0.0032882 0.0959667 0.0016075 0.0930271 0.0886312 0.1039895 0.0048466 
34_60      3.5038984 3.5038984 0.0908141 0.0774534 0.0016021 0.0774534 0.0849136 0.0919168 0.0931874 0.0016032 0.0016032 0.0016377 0.0016377 0.0000010 0.0046261 0.0197947 0.0206340 0.0197947 0.0024623 0.0000010 0.0008006 0.0013370 0.0150963 0.0008006 0.0016075 0.0000000 0.0016368 0.0961392 0.0000010 0.0954460 0.0909574 0.1064148 0.0032171 
35_62      3.4968663 3.4968663 0.0900690 0.0774534 0.0016371 0.0774534 0.0818148 0.0911857 0.0906975 0.0016382 0.0016382 0.0016382 0.0016382 0.0000010 0.0047735 0.0176363 0.0184885 0.0176363 0.0024631 0.0016368 0.0008181 0.0013370 0.0206198 0.0008181 0.0032882 0.0016368 0.0000000 0.0954352 0.0016368 0.0933164 0.0909892 0.1064514 0.0049357 
36_62      3.5225124 3.5225124 0.0271735 0.0380608 0.0969372 0.0380608 0.0364466 0.0280991 0.0426647 0.0970148 0.0970148 0.0954836 0.0954836 0.0316405 0.1321893 0.1048409 0.1059222 0.1048409 0.0956079 0.0961392 0.0959070 0.0525330 0.2193469 0.0959070 0.0959667 0.0961392 0.0954352 0.0000000 0.0961392 0.1177163 0.1113448 0.1329341 0.1036443 
37_58      3.5038984 3.5038984 0.0908141 0.0774534 0.0016021 0.0774534 0.0849136 0.0919168 0.0931874 0.0016032 0.0016032 0.0016377 0.0016377 0.0000010 0.0046261 0.0197947 0.0206340 0.0197947 0.0024623 0.0000010 0.0008006 0.0013370 0.0150963 0.0008006 0.0016075 0.0000010 0.0016368 0.0961392 0.0000000 0.0954460 0.0909574 0.1064148 0.0032171 
38_60      3.4971865 3.4971865 0.1050613 0.0966960 0.0954504 0.0966960 0.1005978 0.1062978 0.1115412 0.0955290 0.0955290 0.0955290 0.0955290 0.0559382 0.1154361 0.0933652 0.0933652 0.0933652 0.0957745 0.0954460 0.0943925 0.0860015 0.1443026 0.0943925 0.0930271 0.0954460 0.0933164 0.1177163 0.0954460 0.0000000 0.0575637 0.0627061 0.0943338 
39_60      3.4614720 3.4614720 0.1038271 0.0920062 0.0909623 0.0920062 0.0927928 0.1050268 0.1056909 0.0910352 0.0910352 0.0910352 0.0910352 0.0586227 0.1047695 0.0933898 0.0933898 0.0933898 0.0912617 0.0909574 0.0899400 0.0779717 0.1573406 0.0899400 0.0886312 0.0909574 0.0909892 0.1113448 0.0909574 0.0575637 0.0000000 0.0034260 0.0920764 
40_60      3.4627951 3.4627951 0.1193928 0.1089987 0.1064171 0.1089987 0.1086463 0.1206189 0.1220005 0.1065025 0.1065025 0.1065025 0.1065025 0.0648641 0.1255297 0.1150422 0.1150422 0.1150422 0.1078042 0.1064148 0.1053686 0.0833491 0.1953528 0.1053686 0.1039895 0.1064148 0.1064514 0.1329341 0.1064148 0.0627061 0.0034260 0.0000000 0.1138231 
41_59      3.5154015 3.5154015 0.0987809 0.0849409 0.0048303 0.0849409 0.0919093 0.0999091 0.1003843 0.0048337 0.0048337 0.0049385 0.0049385 0.0000010 0.0093193 0.0162679 0.0170923 0.0162679 0.0057750 0.0032171 0.0040230 0.0053913 0.0150963 0.0040230 0.0048466 0.0032171 0.0049357 0.1036443 0.0032171 0.0943338 0.0920764 0.1138231 0.0000000 
