16
12_2       0.0000000 0.0755245 0.1571450 0.0755245 0.0000010 0.2090141 0.1565285 0.1565285 0.1571450 0.2969819 0.2969819 0.1573355 0.1573355 0.2445242 0.2342307 0.2342307 
13_2       0.0755245 0.0000000 0.1042510 0.0000010 0.0755245 0.1880850 0.1258781 0.1258781 0.1042510 0.2765935 0.2765935 0.0944855 0.0944855 0.2020711 0.1929643 0.1929643 
14_2       0.1571450 0.1042510 0.0000000 0.1042510 0.1571450 0.1450098 0.0964987 0.0964987 0.0000010 0.2720467 0.2720467 0.0092207 0.0092207 0.2083523 0.1962723 0.1962723 
15_2       0.0755245 0.0000010 0.1042510 0.0000000 0.0755245 0.1880850 0.1258781 0.1258781 0.1042510 0.2765935 0.2765935 0.0944855 0.0944855 0.2020711 0.1929643 0.1929643 
17_2       0.0000010 0.0755245 0.1571450 0.0755245 0.0000000 0.2090141 0.1565285 0.1565285 0.1571450 0.2969819 0.2969819 0.1573355 0.1573355 0.2445242 0.2342307 0.2342307 
18_2       0.2090141 0.1880850 0.1450098 0.1880850 0.2090141 0.0000000 0.0494654 0.0494654 0.1450098 0.0909578 0.0909578 0.1452681 0.1452681 0.2633811 0.2821566 0.2821566 
19_2       0.1565285 0.1258781 0.0964987 0.1258781 0.1565285 0.0494654 0.0000000 0.0000010 0.0964987 0.1644558 0.1644558 0.0865987 0.0865987 0.1811786 0.1986923 0.1986923 
20_20      0.1565285 0.1258781 0.0964987 0.1258781 0.1565285 0.0494654 0.0000010 0.0000000 0.0964987 0.1644558 0.1644558 0.0865987 0.0865987 0.1811786 0.1986923 0.1986923 
23_2       0.1571450 0.1042510 0.0000010 0.1042510 0.1571450 0.1450098 0.0964987 0.0964987 0.0000000 0.2720467 0.2720467 0.0092207 0.0092207 0.2083523 0.1962723 0.1962723 
24_2       0.2969819 0.2765935 0.2720467 0.2765935 0.2969819 0.0909578 0.1644558 0.1644558 0.2720467 0.0000000 0.0000010 0.2725328 0.2725328 0.3887309 0.4275615 0.4275615 
25_2       0.2969819 0.2765935 0.2720467 0.2765935 0.2969819 0.0909578 0.1644558 0.1644558 0.2720467 0.0000010 0.0000000 0.2725328 0.2725328 0.3887309 0.4275615 0.4275615 
27_1       0.1573355 0.0944855 0.0092207 0.0944855 0.1573355 0.1452681 0.0865987 0.0865987 0.0092207 0.2725328 0.2725328 0.0000000 0.0000010 0.1957577 0.1837206 0.1837206 
28_2       0.1573355 0.0944855 0.0092207 0.0944855 0.1573355 0.1452681 0.0865987 0.0865987 0.0092207 0.2725328 0.2725328 0.0000010 0.0000000 0.1957577 0.1837206 0.1837206 
38_2       0.2445242 0.2020711 0.2083523 0.2020711 0.2445242 0.2633811 0.1811786 0.1811786 0.2083523 0.3887309 0.3887309 0.1957577 0.1957577 0.0000000 0.0896091 0.0896091 
39_2       0.2342307 0.1929643 0.1962723 0.1929643 0.2342307 0.2821566 0.1986923 0.1986923 0.1962723 0.4275615 0.4275615 0.1837206 0.1837206 0.0896091 0.0000000 0.0000010 
40_2       0.2342307 0.1929643 0.1962723 0.1929643 0.2342307 0.2821566 0.1986923 0.1986923 0.1962723 0.4275615 0.4275615 0.1837206 0.1837206 0.0896091 0.0000010 0.0000000 
