13
8_60       0.0000000 0.0000010 0.5987027 0.5987027 0.6127968 0.6042783 0.6042783 0.6127968 0.5779210 0.6165433 0.5982762 0.5861960 0.5861960 
9_61       0.0000010 0.0000000 0.5987027 0.5987027 0.6127968 0.6042783 0.6042783 0.6127968 0.5779210 0.6165433 0.5982762 0.5861960 0.5861960 
12_111     0.5987027 0.5987027 0.0000000 0.0000010 0.0430226 0.0368643 0.0368643 0.0430226 0.0448178 0.0492903 0.0060172 0.0181230 0.0181230 
13_110     0.5987027 0.5987027 0.0000010 0.0000000 0.0430226 0.0368643 0.0368643 0.0430226 0.0448178 0.0492903 0.0060172 0.0181230 0.0181230 
14_107     0.6127968 0.6127968 0.0430226 0.0430226 0.0000000 0.0060244 0.0060244 0.0000010 0.0000010 0.0060194 0.0367534 0.0492031 0.0492031 
18_119     0.6042783 0.6042783 0.0368643 0.0368643 0.0060244 0.0000000 0.0000010 0.0060244 0.0062705 0.0120776 0.0306180 0.0430386 0.0430386 
19_111     0.6042783 0.6042783 0.0368643 0.0368643 0.0060244 0.0000010 0.0000000 0.0060244 0.0062705 0.0120776 0.0306180 0.0430386 0.0430386 
23_111     0.6127968 0.6127968 0.0430226 0.0430226 0.0000010 0.0060244 0.0060244 0.0000000 0.0000010 0.0060194 0.0367534 0.0492031 0.0492031 
27_114     0.5779210 0.5779210 0.0448178 0.0448178 0.0000010 0.0062705 0.0062705 0.0000010 0.0000000 0.0062651 0.0382814 0.0512576 0.0512576 
33_88      0.6165433 0.6165433 0.0492903 0.0492903 0.0060194 0.0120776 0.0120776 0.0060194 0.0062651 0.0000000 0.0429840 0.0554903 0.0554903 
38_106     0.5982762 0.5982762 0.0060172 0.0060172 0.0367534 0.0306180 0.0306180 0.0367534 0.0382814 0.0429840 0.0000000 0.0120429 0.0120429 
39_106     0.5861960 0.5861960 0.0181230 0.0181230 0.0492031 0.0430386 0.0430386 0.0492031 0.0512576 0.0554903 0.0120429 0.0000000 0.0000010 
40_106     0.5861960 0.5861960 0.0181230 0.0181230 0.0492031 0.0430386 0.0430386 0.0492031 0.0512576 0.0554903 0.0120429 0.0000010 0.0000000 
