15
8_130      0.0000000 0.0000010 0.0000010 1.2183744 1.2194498 1.2339542 1.2194498 1.2183744 1.1937875 1.2339542 1.1937875 1.1913538 1.2593143 1.2833017 1.2839569 
9_131      0.0000010 0.0000000 0.0000010 1.2183744 1.2194498 1.2339542 1.2194498 1.2183744 1.1937875 1.2339542 1.1937875 1.1913538 1.2593143 1.2833017 1.2839569 
11_4       0.0000010 0.0000010 0.0000000 1.2183744 1.2194498 1.2339542 1.2194498 1.2183744 1.1937875 1.2339542 1.1937875 1.1913538 1.2593143 1.2833017 1.2839569 
12_13      1.2183744 1.2183744 1.2183744 0.0000000 0.0193813 0.0294169 0.0193813 0.0000010 0.0390311 0.0294169 0.0390311 0.0392340 0.0493262 0.0700296 0.0802242 
13_13      1.2194498 1.2194498 1.2194498 0.0193813 0.0000000 0.0293058 0.0000010 0.0193813 0.0388850 0.0293058 0.0388850 0.0390853 0.0491378 0.0697568 0.0799100 
14_13      1.2339542 1.2339542 1.2339542 0.0294169 0.0293058 0.0000000 0.0293058 0.0294169 0.0391965 0.0000010 0.0391965 0.0292369 0.0495348 0.0703265 0.0805625 
15_13      1.2194498 1.2194498 1.2194498 0.0193813 0.0000010 0.0293058 0.0000000 0.0193813 0.0388850 0.0293058 0.0388850 0.0390853 0.0491378 0.0697568 0.0799100 
17_13      1.2183744 1.2183744 1.2183744 0.0000010 0.0193813 0.0294169 0.0193813 0.0000000 0.0390311 0.0294169 0.0390311 0.0392340 0.0493262 0.0700296 0.0802242 
18_13      1.1937875 1.1937875 1.1937875 0.0390311 0.0388850 0.0391965 0.0388850 0.0390311 0.0000000 0.0391965 0.0000010 0.0097110 0.0491253 0.0697403 0.0798919 
19_13      1.2339542 1.2339542 1.2339542 0.0294169 0.0293058 0.0000010 0.0293058 0.0294169 0.0391965 0.0000000 0.0391965 0.0292369 0.0495348 0.0703265 0.0805625 
24_13      1.1937875 1.1937875 1.1937875 0.0390311 0.0388850 0.0391965 0.0388850 0.0390311 0.0000010 0.0391965 0.0000000 0.0097110 0.0491253 0.0697403 0.0798919 
35_13      1.1913538 1.1913538 1.1913538 0.0392340 0.0390853 0.0292369 0.0390853 0.0392340 0.0097110 0.0292369 0.0097110 0.0000000 0.0594596 0.0803989 0.0906633 
38_13      1.2593143 1.2593143 1.2593143 0.0493262 0.0491378 0.0495348 0.0491378 0.0493262 0.0491253 0.0495348 0.0491253 0.0594596 0.0000000 0.0195663 0.0294143 
39_14      1.2833017 1.2833017 1.2833017 0.0700296 0.0697568 0.0703265 0.0697568 0.0700296 0.0697403 0.0703265 0.0697403 0.0803989 0.0195663 0.0000000 0.0096453 
40_14      1.2839569 1.2839569 1.2839569 0.0802242 0.0799100 0.0805625 0.0799100 0.0802242 0.0798919 0.0805625 0.0798919 0.0906633 0.0294143 0.0096453 0.0000000 
