32
0_42       0.0000000 0.5671826 1.6335785 1.3344433 1.2669342 1.7407940 3.6262640 3.1003478 3.1003478 2.9433971 2.9219671 2.9158016 2.9219671 2.9219671 2.9433971 2.9524523 2.9295014 2.9295014 2.7925717 2.9282166 2.9282166 3.5417645 2.3566603 2.9158016 2.9421713 2.9404424 2.9227412 2.9227412 2.9123299 2.4337600 2.5920385 1.9036861 
1_78       0.5671826 0.0000000 1.5803522 1.3573089 1.2283407 1.7493072 4.5236871 3.0149828 3.0149828 2.8949452 2.8850862 2.8834967 2.8850862 2.8850862 2.8949452 2.9235402 2.9103575 2.9103575 2.7694780 2.9091054 2.9091054 3.3139896 2.4725985 2.8834967 2.8937537 2.9049710 2.8871735 2.8871735 2.8740237 2.3277996 2.4199963 1.9457285 
3_91       1.6335785 1.5803522 0.0000000 1.6230767 1.5105335 1.4263641 3.1281905 2.7960070 2.7960070 2.7783786 2.7797607 2.7630938 2.7797607 2.7797607 2.7783786 2.7761242 2.7688696 2.7688696 2.7116525 2.7743490 2.7743490 2.9382493 2.5637566 2.7630938 2.7783786 2.7743857 2.8106899 2.8106899 2.7136309 2.2692020 2.1231738 2.1409794 
4_24       1.3344433 1.3573089 1.6230767 0.0000000 0.7244851 1.8003068 2.9894126 2.8671903 2.8671903 2.7453912 2.7501501 2.7594887 2.7501501 2.7501501 2.7453912 2.7845176 2.7812206 2.7812206 2.6598544 2.7651925 2.7651925 3.0222647 2.3974746 2.7594887 2.7451184 2.7513796 2.7396957 2.7396957 2.7266418 2.3433446 2.3542465 2.0213849 
5_79       1.2669342 1.2283407 1.5105335 0.7244851 0.0000000 1.7378202 2.9503928 2.8825963 2.8825963 2.7985516 2.7740182 2.8178869 2.7740182 2.7740182 2.7985516 2.8110104 2.7935492 2.7935492 2.7466833 2.8058054 2.8058054 3.1312516 2.4902811 2.8178869 2.7982734 2.8109460 2.8263061 2.8263061 2.7903690 2.3058829 2.4056048 1.8956649 
6_103      1.7407940 1.7493072 1.4263641 1.8003068 1.7378202 0.0000000 0.5953894 2.8511340 2.8511340 2.8828562 2.8870260 2.8257151 2.8870260 2.8870260 2.8828562 2.8995136 2.8675537 2.8675537 2.7465036 2.8661023 2.8661023 3.3516774 2.3774890 2.8257151 2.8815394 2.8865325 2.9051675 2.9051675 2.8355639 2.0508113 1.9389457 1.7528573 
7_0        3.6262640 4.5236871 3.1281905 2.9894126 2.9503928 0.5953894 0.0000000 3.7578837 3.7578837 5.4821839 5.4821839 5.5123650 5.4821839 5.4821839 5.4821839 5.3957666 5.5123650 5.5123650 5.2026609 5.5123650 5.5123650 5.9803601 0.0000010 5.5123650 5.4693634 5.5123650 5.5051685 5.5051685 5.5123650 3.2973693 3.8557004 0.0000010 
8_59       3.1003478 3.0149828 2.7960070 2.8671903 2.8825963 2.8511340 3.7578837 0.0000000 0.0000010 1.5317133 1.5350447 1.5480260 1.5350447 1.5350447 1.5317133 1.5628010 1.5481099 1.5481099 1.5341323 1.5487278 1.5487278 1.5757688 1.5236065 1.5480260 1.5309674 1.5418893 1.5374283 1.5374283 1.5656604 3.2656826 3.2447729 2.5118053 
9_60       3.1003478 3.0149828 2.7960070 2.8671903 2.8825963 2.8511340 3.7578837 0.0000010 0.0000000 1.5317133 1.5350447 1.5480260 1.5350447 1.5350447 1.5317133 1.5628010 1.5481099 1.5481099 1.5341323 1.5487278 1.5487278 1.5757688 1.5236065 1.5480260 1.5309674 1.5418893 1.5374283 1.5374283 1.5656604 3.2656826 3.2447729 2.5118053 
12_112     2.9433971 2.8949452 2.7783786 2.7453912 2.7985516 2.8828562 5.4821839 1.5317133 1.5317133 0.0000000 0.0059044 0.0521234 0.0059044 0.0105145 0.0000010 0.0191298 0.0484449 0.0484449 0.0605377 0.0484626 0.0484626 0.0578443 0.0927500 0.0521234 0.0011762 0.0533136 0.0633557 0.0633557 0.0588183 3.1428871 3.2805985 2.2694655 
13_111     2.9219671 2.8850862 2.7797607 2.7501501 2.7740182 2.8870260 5.4821839 1.5350447 1.5350447 0.0059044 0.0000000 0.0508396 0.0000010 0.0000010 0.0059044 0.0131094 0.0471673 0.0471673 0.0605395 0.0471846 0.0471846 0.0556448 0.0927500 0.0508396 0.0070894 0.0533664 0.0634187 0.0634187 0.0574833 3.1524640 3.3259548 2.2694655 
14_108     2.9158016 2.8834967 2.7630938 2.7594887 2.8178869 2.8257151 5.5123650 1.5480260 1.5480260 0.0521234 0.0508396 0.0000000 0.0508396 0.0508396 0.0521234 0.0637119 0.0154386 0.0154386 0.0075063 0.0142321 0.0142321 0.0040112 0.0577094 0.0000010 0.0533670 0.0522077 0.0623019 0.0623019 0.0232706 3.1423485 3.2849785 2.3078153 
15_111     2.9219671 2.8850862 2.7797607 2.7501501 2.7740182 2.8870260 5.4821839 1.5350447 1.5350447 0.0059044 0.0000010 0.0508396 0.0000000 0.0000010 0.0059044 0.0131094 0.0471673 0.0471673 0.0605395 0.0471846 0.0471846 0.0556448 0.0927500 0.0508396 0.0070894 0.0533664 0.0634187 0.0634187 0.0574833 3.1524640 3.3259548 2.2694655 
16_109     2.9219671 2.8850862 2.7797607 2.7501501 2.7740182 2.8870260 5.4821839 1.5350447 1.5350447 0.0105145 0.0000010 0.0508396 0.0000010 0.0000000 0.0059044 0.0131094 0.0471673 0.0471673 0.0605395 0.0471846 0.0471846 0.0556448 0.0927500 0.0508396 0.0070894 0.0533664 0.0634187 0.0634187 0.0574833 3.1524640 3.3259548 2.2694655 
17_111     2.9433971 2.8949452 2.7783786 2.7453912 2.7985516 2.8828562 5.4821839 1.5317133 1.5317133 0.0000010 0.0059044 0.0521234 0.0059044 0.0059044 0.0000000 0.0191298 0.0484449 0.0484449 0.0605377 0.0484626 0.0484626 0.0578443 0.0927500 0.0521234 0.0011762 0.0533136 0.0633557 0.0633557 0.0588183 3.1428871 3.2805985 2.2694655 
18_120     2.9524523 2.9235402 2.7761242 2.7845176 2.8110104 2.8995136 5.3957666 1.5628010 1.5628010 0.0191298 0.0131094 0.0637119 0.0131094 0.0131094 0.0191298 0.0000000 0.0599843 0.0599843 0.0743730 0.0600059 0.0600059 0.0644728 0.1131753 0.0637119 0.0203374 0.0662947 0.0765431 0.0765431 0.0681825 3.2096251 3.3887757 2.2726766 
19_112     2.9295014 2.9103575 2.7688696 2.7812206 2.7935492 2.8675537 5.5123650 1.5481099 1.5481099 0.0484449 0.0471673 0.0154386 0.0471673 0.0471673 0.0484449 0.0599843 0.0000000 0.0000010 0.0239878 0.0023609 0.0023609 0.0181877 0.0767142 0.0154386 0.0496853 0.0497367 0.0598068 0.0598068 0.0097390 3.1613608 3.3400457 2.3202275 
20_5       2.9295014 2.9103575 2.7688696 2.7812206 2.7935492 2.8675537 5.5123650 1.5481099 1.5481099 0.0484449 0.0471673 0.0154386 0.0471673 0.0471673 0.0484449 0.0599843 0.0000010 0.0000000 0.0239878 0.0023609 0.0023609 0.0181877 0.0767142 0.0154386 0.0496853 0.0497367 0.0598068 0.0598068 0.0097390 3.1613608 3.3400457 2.3202275 
23_112     2.7925717 2.7694780 2.7116525 2.6598544 2.7466833 2.7465036 5.2026609 1.5341323 1.5341323 0.0605377 0.0605395 0.0075063 0.0605395 0.0605395 0.0605377 0.0743730 0.0239878 0.0239878 0.0000000 0.0226933 0.0226933 0.0178349 0.0577094 0.0075063 0.0605377 0.0619813 0.0727857 0.0727857 0.0326158 3.0582324 3.1843405 2.3078153 
24_111     2.9282166 2.9091054 2.7743490 2.7651925 2.8058054 2.8661023 5.5123650 1.5487278 1.5487278 0.0484626 0.0471846 0.0142321 0.0471846 0.0471846 0.0484626 0.0600059 0.0023609 0.0023609 0.0226933 0.0000000 0.0000010 0.0181877 0.0733994 0.0142321 0.0497035 0.0522614 0.0623663 0.0623663 0.0097390 3.1594584 3.3400457 2.3152056 
25_108     2.9282166 2.9091054 2.7743490 2.7651925 2.8058054 2.8661023 5.5123650 1.5487278 1.5487278 0.0484626 0.0471846 0.0142321 0.0471846 0.0471846 0.0484626 0.0600059 0.0023609 0.0023609 0.0226933 0.0000010 0.0000000 0.0181877 0.0733994 0.0142321 0.0497035 0.0522614 0.0623663 0.0623663 0.0097390 3.1594584 3.3400457 2.3152056 
27_115     3.5417645 3.3139896 2.9382493 3.0222647 3.1312516 3.3516774 5.9803601 1.5757688 1.5757688 0.0578443 0.0556448 0.0040112 0.0556448 0.0556448 0.0578443 0.0644728 0.0181877 0.0181877 0.0178349 0.0181877 0.0181877 0.0000000 0.4177211 0.0040112 0.0599705 0.0536715 0.0665625 0.0665625 0.0181877 3.8118963 3.9487086 0.0000010 
27_116     2.3566603 2.4725985 2.5637566 2.3974746 2.4902811 2.3774890 0.0000010 1.5236065 1.5236065 0.0927500 0.0927500 0.0577094 0.0927500 0.0927500 0.0927500 0.1131753 0.0767142 0.0767142 0.0577094 0.0733994 0.0733994 0.4177211 0.0000000 0.0577094 0.0927500 0.1093063 0.1160368 0.1160368 0.1031519 2.5439095 2.2908625 2.3078153 
28_111     2.9158016 2.8834967 2.7630938 2.7594887 2.8178869 2.8257151 5.5123650 1.5480260 1.5480260 0.0521234 0.0508396 0.0000010 0.0508396 0.0508396 0.0521234 0.0637119 0.0154386 0.0154386 0.0075063 0.0142321 0.0142321 0.0040112 0.0577094 0.0000000 0.0533670 0.0522077 0.0623019 0.0623019 0.0232706 3.1423485 3.2849785 2.3078153 
36_115     2.9421713 2.8937537 2.7783786 2.7451184 2.7982734 2.8815394 5.4693634 1.5309674 1.5309674 0.0011762 0.0070894 0.0533670 0.0070894 0.0070894 0.0011762 0.0203374 0.0496853 0.0496853 0.0605377 0.0497035 0.0497035 0.0599705 0.0927500 0.0533670 0.0000000 0.0545574 0.0646124 0.0646124 0.0601063 3.1554263 3.2787178 2.2694655 
38_107     2.9404424 2.9049710 2.7743857 2.7513796 2.8109460 2.8865325 5.5123650 1.5418893 1.5418893 0.0533136 0.0533664 0.0522077 0.0533664 0.0533664 0.0533136 0.0662947 0.0497367 0.0497367 0.0619813 0.0522614 0.0522614 0.0536715 0.1093063 0.0522077 0.0545574 0.0000000 0.0226483 0.0226483 0.0614727 3.0959715 3.3528299 2.2159350 
39_107     2.9227412 2.8871735 2.8106899 2.7396957 2.8263061 2.9051675 5.5051685 1.5374283 1.5374283 0.0633557 0.0634187 0.0623019 0.0634187 0.0634187 0.0633557 0.0765431 0.0598068 0.0598068 0.0727857 0.0623663 0.0623663 0.0665625 0.1160368 0.0623019 0.0646124 0.0226483 0.0000000 0.0000010 0.0706338 3.0878256 3.3426412 2.2230004 
40_107     2.9227412 2.8871735 2.8106899 2.7396957 2.8263061 2.9051675 5.5051685 1.5374283 1.5374283 0.0633557 0.0634187 0.0623019 0.0634187 0.0634187 0.0633557 0.0765431 0.0598068 0.0598068 0.0727857 0.0623663 0.0623663 0.0665625 0.1160368 0.0623019 0.0646124 0.0226483 0.0000010 0.0000000 0.0706338 3.0878256 3.3426412 2.2230004 
42_59      2.9123299 2.8740237 2.7136309 2.7266418 2.7903690 2.8355639 5.5123650 1.5656604 1.5656604 0.0588183 0.0574833 0.0232706 0.0574833 0.0574833 0.0588183 0.0681825 0.0097390 0.0097390 0.0326158 0.0097390 0.0097390 0.0181877 0.1031519 0.0232706 0.0601063 0.0614727 0.0706338 0.0706338 0.0000000 3.2056859 3.3400457 2.4465088 
43_27      2.4337600 2.3277996 2.2692020 2.3433446 2.3058829 2.0508113 3.2973693 3.2656826 3.2656826 3.1428871 3.1524640 3.1423485 3.1524640 3.1524640 3.1428871 3.2096251 3.1613608 3.1613608 3.0582324 3.1594584 3.1594584 3.8118963 2.5439095 3.1423485 3.1554263 3.0959715 3.0878256 3.0878256 3.2056859 0.0000000 1.0735240 0.9158233 
44_68      2.5920385 2.4199963 2.1231738 2.3542465 2.4056048 1.9389457 3.8557004 3.2447729 3.2447729 3.2805985 3.3259548 3.2849785 3.3259548 3.3259548 3.2805985 3.3887757 3.3400457 3.3400457 3.1843405 3.3400457 3.3400457 3.9487086 2.2908625 3.2849785 3.2787178 3.3528299 3.3426412 3.3426412 3.3400457 1.0735240 0.0000000 0.0000010 
44_69      1.9036861 1.9457285 2.1409794 2.0213849 1.8956649 1.7528573 0.0000010 2.5118053 2.5118053 2.2694655 2.2694655 2.3078153 2.2694655 2.2694655 2.2694655 2.2726766 2.3202275 2.3202275 2.3078153 2.3152056 2.3152056 0.0000010 2.3078153 2.3078153 2.2694655 2.2159350 2.2230004 2.2230004 2.4465088 0.9158233 0.0000010 0.0000000 
