15
12_53      0.0000000 0.2576010 0.4002292 0.2576010 0.0000010 0.3925330 0.3906527 0.3906527 0.4002292 0.4111572 0.4132932 0.4054608 0.4127311 0.4460530 0.4460530 
13_53      0.2576010 0.0000000 0.3707692 0.0000010 0.2667765 0.3985223 0.3817688 0.3817688 0.3707692 0.4014306 0.3821459 0.3957307 0.4239885 0.4696823 0.4696823 
14_50      0.4002292 0.3707692 0.0000000 0.3707692 0.4154599 0.1233892 0.1104013 0.1104013 0.0000010 0.1195053 0.0120248 0.1140435 0.3871175 0.4186052 0.4186052 
15_52      0.2576010 0.0000010 0.3707692 0.0000000 0.2667765 0.3985223 0.3817688 0.3817688 0.3707692 0.4014306 0.3821459 0.3957307 0.4239885 0.4696823 0.4696823 
17_52      0.0000010 0.2667765 0.4154599 0.2667765 0.0000000 0.4074759 0.4054608 0.4054608 0.4154599 0.4268656 0.4295616 0.4054608 0.4297249 0.4629486 0.4629486 
18_56      0.3925330 0.3985223 0.1233892 0.3985223 0.4074759 0.0000000 0.0119051 0.0119051 0.1233892 0.0241415 0.1263706 0.0122887 0.3293884 0.3371192 0.3371192 
19_54      0.3906527 0.3817688 0.1104013 0.3817688 0.4054608 0.0119051 0.0000000 0.0000010 0.1104013 0.0120017 0.1130452 0.0000010 0.3277841 0.3355833 0.3355833 
20_72      0.3906527 0.3817688 0.1104013 0.3817688 0.4054608 0.0119051 0.0000010 0.0000000 0.1104013 0.0120017 0.1130452 0.0000010 0.3277841 0.3355833 0.3355833 
23_51      0.4002292 0.3707692 0.0000010 0.3707692 0.4154599 0.1233892 0.1104013 0.1104013 0.0000000 0.1195053 0.0120248 0.1140435 0.3871175 0.4186052 0.4186052 
26_54      0.4111572 0.4014306 0.1195053 0.4014306 0.4268656 0.0241415 0.0120017 0.0120017 0.1195053 0.0000000 0.1225085 0.0123916 0.3476751 0.3542844 0.3542844 
27_52      0.4132932 0.3821459 0.0120248 0.3821459 0.4295616 0.1263706 0.1130452 0.1130452 0.0120248 0.1225085 0.0000000 0.1168684 0.4002715 0.4183150 0.4183150 
29_22      0.4054608 0.3957307 0.1140435 0.3957307 0.4054608 0.0122887 0.0000010 0.0000010 0.1140435 0.0123916 0.1168684 0.0000000 0.3404518 0.3476815 0.3476815 
38_51      0.4127311 0.4239885 0.3871175 0.4239885 0.4297249 0.3293884 0.3277841 0.3277841 0.3871175 0.3476751 0.4002715 0.3404518 0.0000000 0.2551482 0.2551482 
39_52      0.4460530 0.4696823 0.4186052 0.4696823 0.4629486 0.3371192 0.3355833 0.3355833 0.4186052 0.3542844 0.4183150 0.3476815 0.2551482 0.0000000 0.0000010 
40_52      0.4460530 0.4696823 0.4186052 0.4696823 0.4629486 0.3371192 0.3355833 0.3355833 0.4186052 0.3542844 0.4183150 0.3476815 0.2551482 0.0000010 0.0000000 
