27
0_66       0.0000000 0.9480746 2.6250008 2.4909340 2.2948776 1.8896655 2.2438065 2.9076861 2.8133400 2.9230220 2.9230220 2.9476180 2.7299774 2.7345121 2.7901180 2.7345121 2.7299774 2.9891365 2.8074430 2.8074430 2.7901180 2.7953988 2.7548016 2.7538788 2.7670505 3.1368968 3.5631275 
1_42       0.9480746 0.0000000 2.7770420 2.5030029 2.1225873 2.0355471 2.4404012 3.1330461 2.9399062 3.1208789 3.1208789 3.1181590 3.0550448 3.0384946 3.0792379 3.0384946 3.0550448 3.4434846 3.1000781 3.1000781 3.0792379 3.0698165 3.0443923 3.0407916 3.0574873 3.3009271 3.6942289 
2_247      2.6250008 2.7770420 0.0000000 3.0277858 2.8200065 2.7634751 3.1391529 3.3382515 3.2154822 3.3587005 3.3587005 3.3704556 3.5194175 3.5264214 3.5898430 3.5264214 3.5194175 3.7881912 3.6105532 3.6105532 3.5898430 3.5744807 3.5507005 3.5505169 3.5655478 3.4114480 3.7596228 
3_29       2.4909340 2.5030029 3.0277858 0.0000000 2.6549999 2.0654083 2.9342770 2.5077186 2.4127363 2.2519358 2.2519358 2.2706082 2.2803095 2.2814161 2.2945219 2.2814161 2.2803095 2.4706802 2.3053269 2.3053269 2.2945219 2.2948591 2.2467779 2.2492550 2.2572009 2.5835362 2.4919822 
4_174      2.2948776 2.1225873 2.8200065 2.6549999 0.0000000 2.9593063 0.8225654 3.5080250 3.6990692 4.0302092 4.0302092 4.0302092 3.8630983 3.8682576 3.9639341 3.8682576 3.8630983 4.2208443 4.0170576 4.0170576 3.9639341 3.9639341 3.8450379 3.8278289 3.8789767 4.2109914 3.5015589 
4_175      1.8896655 2.0355471 2.7634751 2.0654083 2.9593063 0.0000000 1.5431304 3.5881219 2.7639931 1.8632237 1.8632237 1.8146002 2.2323714 2.2323714 2.2067898 2.2323714 2.2323714 2.4073377 2.2213915 2.2213915 2.2067898 2.1786759 2.2213915 2.2213915 2.2213915 2.5025406 2.8119615 
5_164      2.2438065 2.4404012 3.1391529 2.9342770 0.8225654 1.5431304 0.0000000 3.2453168 3.3466702 3.3811287 3.3811287 3.3667625 3.2773340 3.2740417 3.3383349 3.2740417 3.2773340 3.4097051 3.3797085 3.3797085 3.3383349 3.3740776 3.3148883 3.2914997 3.3281710 3.6764218 3.6226092 
6_105      2.9076861 3.1330461 3.3382515 2.5077186 3.5080250 3.5881219 3.2453168 0.0000000 0.9271663 2.2642363 2.2642363 2.3095883 2.2135938 2.2289550 2.2140064 2.2289550 2.2135938 2.5008233 2.2247609 2.2247609 2.2140064 2.2123858 2.2177655 2.2203940 2.2285599 2.4174985 2.4474469 
7_107      2.8133400 2.9399062 3.2154822 2.4127363 3.6990692 2.7639931 3.3466702 0.9271663 0.0000000 2.2708208 2.2708208 2.3154133 2.2815800 2.2766631 2.3087837 2.2766631 2.2815800 2.5502607 2.3146887 2.3146887 2.3087837 2.3067575 2.2870515 2.2947695 2.2979005 2.2199383 2.4229358 
8_97       2.9230220 3.1208789 3.3587005 2.2519358 4.0302092 1.8632237 3.3811287 2.2642363 2.2708208 0.0000000 0.0000010 0.0032216 0.9198755 0.9206650 0.9206475 0.9206650 0.9198755 1.0071188 0.9177106 0.9177106 0.9206475 0.9297967 0.9017146 0.8985993 0.8955176 2.1308525 2.1860922 
9_98       2.9230220 3.1208789 3.3587005 2.2519358 4.0302092 1.8632237 3.3811287 2.2642363 2.2708208 0.0000010 0.0000000 0.0032216 0.9198755 0.9206650 0.9206475 0.9206650 0.9198755 1.0071188 0.9177106 0.9177106 0.9206475 0.9297967 0.9017146 0.8985993 0.8955176 2.1308525 2.1860922 
10_78      2.9476180 3.1181590 3.3704556 2.2706082 4.0302092 1.8146002 3.3667625 2.3095883 2.3154133 0.0032216 0.0032216 0.0000000 0.9276529 0.9284499 0.9284369 0.9284499 0.9276529 1.0158619 0.9254722 0.9254722 0.9284369 0.9376584 0.9093517 0.9062432 0.9031198 2.1571776 2.1792246 
12_30      2.7299774 3.0550448 3.5194175 2.2803095 3.8630983 2.2323714 3.2773340 2.2135938 2.2815800 0.9198755 0.9198755 0.9276529 0.0000000 0.0031551 0.0159775 0.0031551 0.0000010 0.0448149 0.0159449 0.0159449 0.0159775 0.0192103 0.0255691 0.0191354 0.0223511 2.0881555 2.3135348 
13_30      2.7345121 3.0384946 3.5264214 2.2814161 3.8682576 2.2323714 3.2740417 2.2289550 2.2766631 0.9206650 0.9206650 0.9284499 0.0031551 0.0000000 0.0192000 0.0000010 0.0031551 0.0413007 0.0191608 0.0191608 0.0192000 0.0224436 0.0288051 0.0223557 0.0255798 2.0923095 2.3158394 
14_27      2.7901180 3.0792379 3.5898430 2.2945219 3.9639341 2.2067898 3.3383349 2.2140064 2.3087837 0.9206475 0.9206475 0.9284369 0.0159775 0.0192000 0.0000000 0.0192000 0.0159775 0.0629074 0.0063355 0.0063355 0.0000010 0.0031575 0.0224481 0.0159997 0.0192224 2.0879209 2.3572536 
15_29      2.7345121 3.0384946 3.5264214 2.2814161 3.8682576 2.2323714 3.2740417 2.2289550 2.2766631 0.9206650 0.9206650 0.9284499 0.0031551 0.0000010 0.0192000 0.0000000 0.0031551 0.0413007 0.0191608 0.0191608 0.0192000 0.0224436 0.0288051 0.0223557 0.0255798 2.0923095 2.3158394 
17_28      2.7299774 3.0550448 3.5194175 2.2803095 3.8630983 2.2323714 3.2773340 2.2135938 2.2815800 0.9198755 0.9198755 0.9276529 0.0000010 0.0031551 0.0159775 0.0031551 0.0000000 0.0448149 0.0159449 0.0159449 0.0159775 0.0192103 0.0255691 0.0191354 0.0223511 2.0881555 2.3135348 
18_32      2.9891365 3.4434846 3.7881912 2.4706802 4.2208443 2.4073377 3.4097051 2.5008233 2.5502607 1.0071188 1.0071188 1.0158619 0.0448149 0.0413007 0.0629074 0.0413007 0.0448149 0.0000000 0.0627721 0.0627721 0.0629074 0.0665263 0.0697978 0.0662363 0.0697978 2.2234796 2.5075502 
19_31      2.8074430 3.1000781 3.6105532 2.3053269 4.0170576 2.2213915 3.3797085 2.2247609 2.3146887 0.9177106 0.9177106 0.9254722 0.0159449 0.0191608 0.0063355 0.0191608 0.0159449 0.0627721 0.0000000 0.0000010 0.0063355 0.0095218 0.0159569 0.0159670 0.0127528 2.1027500 2.3735756 
20_49      2.8074430 3.1000781 3.6105532 2.3053269 4.0170576 2.2213915 3.3797085 2.2247609 2.3146887 0.9177106 0.9177106 0.9254722 0.0159449 0.0191608 0.0063355 0.0191608 0.0159449 0.0627721 0.0000010 0.0000000 0.0063355 0.0095218 0.0159569 0.0159670 0.0127528 2.1027500 2.3735756 
23_27      2.7901180 3.0792379 3.5898430 2.2945219 3.9639341 2.2067898 3.3383349 2.2140064 2.3087837 0.9206475 0.9206475 0.9284369 0.0159775 0.0192000 0.0000010 0.0192000 0.0159775 0.0629074 0.0063355 0.0063355 0.0000000 0.0031575 0.0224481 0.0159997 0.0192224 2.0879209 2.3572536 
27_28      2.7953988 3.0698165 3.5744807 2.2948591 3.9639341 2.1786759 3.3740776 2.2123858 2.3067575 0.9297967 0.9297967 0.9376584 0.0192103 0.0224436 0.0031575 0.0224436 0.0192103 0.0665263 0.0095218 0.0095218 0.0031575 0.0000000 0.0257048 0.0192368 0.0224697 2.0846344 2.3534732 
38_28      2.7548016 3.0443923 3.5507005 2.2467779 3.8450379 2.2213915 3.3148883 2.2177655 2.2870515 0.9017146 0.9017146 0.9093517 0.0255691 0.0288051 0.0224481 0.0288051 0.0255691 0.0697978 0.0159569 0.0159569 0.0224481 0.0257048 0.0000000 0.0063227 0.0031562 2.0909600 2.3311562 
39_29      2.7538788 3.0407916 3.5505169 2.2492550 3.8278289 2.2213915 3.2914997 2.2203940 2.2947695 0.8985993 0.8985993 0.9062432 0.0191354 0.0223557 0.0159997 0.0223557 0.0191354 0.0662363 0.0159670 0.0159670 0.0159997 0.0192368 0.0063227 0.0000000 0.0031581 2.0917040 2.3313453 
40_29      2.7670505 3.0574873 3.5655478 2.2572009 3.8789767 2.2213915 3.3281710 2.2285599 2.2979005 0.8955176 0.8955176 0.9031198 0.0223511 0.0255798 0.0192224 0.0255798 0.0223511 0.0697978 0.0127528 0.0127528 0.0192224 0.0224697 0.0031562 0.0031581 0.0000000 2.1008507 2.3414516 
43_94      3.1368968 3.3009271 3.4114480 2.5835362 4.2109914 2.5025406 3.6764218 2.4174985 2.2199383 2.1308525 2.1308525 2.1571776 2.0881555 2.0923095 2.0879209 2.0923095 2.0881555 2.2234796 2.1027500 2.1027500 2.0879209 2.0846344 2.0909600 2.0917040 2.1008507 0.0000000 0.8211942 
44_84      3.5631275 3.6942289 3.7596228 2.4919822 3.5015589 2.8119615 3.6226092 2.4474469 2.4229358 2.1860922 2.1860922 2.1792246 2.3135348 2.3158394 2.3572536 2.3158394 2.3135348 2.5075502 2.3735756 2.3735756 2.3572536 2.3534732 2.3311562 2.3313453 2.3414516 0.8211942 0.0000000 
