11
16_23      0.0000000 0.1335708 0.2100851 0.2118304 0.2468754 0.1335708 0.1335708 0.1335708 0.3006095 0.4077324 0.2120033 
19_26      0.1335708 0.0000000 0.0026449 0.0000010 0.0969520 0.0000010 0.0000010 0.0000010 0.2168958 0.7629690 0.0000010 
21_24      0.2100851 0.0026449 0.0000000 0.0020737 0.0953425 0.0026449 0.0026449 0.0026479 0.2418605 0.3276642 0.0020744 
25_24      0.2118304 0.0000010 0.0020737 0.0000000 0.0952313 0.0044553 0.0044553 0.0000010 0.2397644 0.3300433 0.0020728 
27_22      0.2468754 0.0969520 0.0953425 0.0952313 0.0000000 0.0969520 0.0969520 0.0988200 0.2494701 0.3111758 0.0952887 
29_49      0.1335708 0.0000010 0.0026449 0.0044553 0.0969520 0.0000000 0.0000010 0.0000010 0.2168958 0.7629690 0.0000010 
32_50      0.1335708 0.0000010 0.0026449 0.0044553 0.0969520 0.0000010 0.0000000 0.0000010 0.2168958 0.7629690 0.0000010 
35_25      0.1335708 0.0000010 0.0026479 0.0000010 0.0988200 0.0000010 0.0000010 0.0000000 0.2139024 0.7057817 0.0000010 
39_25      0.3006095 0.2168958 0.2418605 0.2397644 0.2494701 0.2168958 0.2168958 0.2139024 0.0000000 0.0693365 0.2417362 
40_25      0.4077324 0.7629690 0.3276642 0.3300433 0.3111758 0.7629690 0.7629690 0.7057817 0.0693365 0.0000000 0.3304447 
42_0       0.2120033 0.0000010 0.0020744 0.0020728 0.0952887 0.0000010 0.0000010 0.0000010 0.2417362 0.3304447 0.0000000 
