17
8_117      0.0000000 0.0000010 1.8478662 1.8298799 1.7907835 1.8298799 1.8478662 1.8228165 1.8228165 1.7907835 1.7953316 1.8069270 1.8342851 1.8034805 1.8034805 1.8077357 1.7929854 
9_118      0.0000010 0.0000000 1.8478662 1.8298799 1.7907835 1.8298799 1.8478662 1.8228165 1.8228165 1.7907835 1.7953316 1.8069270 1.8342851 1.8034805 1.8034805 1.8077357 1.7929854 
12_83      1.8478662 1.8478662 0.0000000 0.0278487 0.0594069 0.0278487 0.0000010 0.0711048 0.0711048 0.0594069 0.0622967 0.0711048 0.0918346 0.0855438 0.0855438 0.0681559 0.1047650 
13_83      1.8298799 1.8298799 0.0278487 0.0000000 0.0537042 0.0000010 0.0278487 0.0705560 0.0705560 0.0537042 0.0565857 0.0705560 0.0884517 0.0880416 0.0880416 0.0676272 0.0943687 
14_77      1.7907835 1.7907835 0.0594069 0.0537042 0.0000000 0.0537042 0.0594069 0.0248472 0.0248472 0.0000010 0.0027380 0.0248472 0.0646670 0.0675750 0.0675750 0.0220527 0.0489536 
15_82      1.8298799 1.8298799 0.0278487 0.0000010 0.0537042 0.0000000 0.0278487 0.0705560 0.0705560 0.0537042 0.0565857 0.0705560 0.0884517 0.0880416 0.0880416 0.0676272 0.0943687 
17_82      1.8478662 1.8478662 0.0000010 0.0278487 0.0594069 0.0278487 0.0000000 0.0711048 0.0711048 0.0594069 0.0622967 0.0711048 0.0918346 0.0855438 0.0855438 0.0681559 0.1047650 
18_89      1.8228165 1.8228165 0.0711048 0.0705560 0.0248472 0.0705560 0.0711048 0.0000000 0.0000010 0.0248472 0.0276359 0.0000010 0.0736908 0.0737006 0.0737006 0.0027390 0.0442436 
19_82      1.8228165 1.8228165 0.0711048 0.0705560 0.0248472 0.0705560 0.0711048 0.0000010 0.0000000 0.0248472 0.0276359 0.0000010 0.0736908 0.0737006 0.0737006 0.0027390 0.0442436 
23_81      1.7907835 1.7907835 0.0594069 0.0537042 0.0000010 0.0537042 0.0594069 0.0248472 0.0248472 0.0000000 0.0027380 0.0248472 0.0646670 0.0675750 0.0675750 0.0220527 0.0489536 
27_83      1.7953316 1.7953316 0.0622967 0.0565857 0.0027380 0.0565857 0.0622967 0.0276359 0.0276359 0.0027380 0.0000000 0.0276359 0.0675476 0.0704626 0.0704626 0.0248343 0.0539315 
29_117     1.8069270 1.8069270 0.0711048 0.0705560 0.0248472 0.0705560 0.0711048 0.0000010 0.0000010 0.0248472 0.0276359 0.0000000 0.0736908 0.0737006 0.0737006 0.0027390 0.0442436 
38_78      1.8342851 1.8342851 0.0918346 0.0884517 0.0646670 0.0884517 0.0918346 0.0736908 0.0736908 0.0646670 0.0675476 0.0736908 0.0000000 0.0388545 0.0388545 0.0707475 0.1055420 
39_78      1.8034805 1.8034805 0.0855438 0.0880416 0.0675750 0.0880416 0.0855438 0.0737006 0.0737006 0.0675750 0.0704626 0.0737006 0.0388545 0.0000000 0.0000010 0.0707567 0.1003559 
40_78      1.8034805 1.8034805 0.0855438 0.0880416 0.0675750 0.0880416 0.0855438 0.0737006 0.0737006 0.0675750 0.0704626 0.0737006 0.0388545 0.0000010 0.0000000 0.0707567 0.1003559 
41_78      1.8077357 1.8077357 0.0681559 0.0676272 0.0220527 0.0676272 0.0681559 0.0027390 0.0027390 0.0220527 0.0248343 0.0027390 0.0707475 0.0707567 0.0707567 0.0000000 0.0492944 
42_122     1.7929854 1.7929854 0.1047650 0.0943687 0.0489536 0.0943687 0.1047650 0.0442436 0.0442436 0.0489536 0.0539315 0.0442436 0.1055420 0.1003559 0.1003559 0.0492944 0.0000000 
