6
16_24      0.0000000 0.3099264 0.3099264 2.9196148 0.5724230 1.1349846 
18_28      0.3099264 0.0000000 0.0000010 1.7926111 0.2658380 1.0715599 
19_27      0.3099264 0.0000010 0.0000000 1.7926111 0.2658380 1.0715599 
27_24      2.9196148 1.7926111 1.7926111 0.0000000 0.0815265 2.8645945 
31_80      0.5724230 0.2658380 0.2658380 0.0815265 0.0000000 1.5168604 
42_102     1.1349846 1.0715599 1.0715599 2.8645945 1.5168604 0.0000000 
