6
0_16       0.0000000 0.4937346 2.9159022 3.0884802 2.9935680 3.5230673 
1_170      0.4937346 0.0000000 3.2285715 3.2044266 3.0064772 3.3966119 
6_27       2.9159022 3.2285715 0.0000000 0.4671627 2.0961671 1.9323544 
7_65       3.0884802 3.2044266 0.4671627 0.0000000 1.9908592 1.9542469 
43_25      2.9935680 3.0064772 2.0961671 1.9908592 0.0000000 0.5732512 
44_4       3.5230673 3.3966119 1.9323544 1.9542469 0.5732512 0.0000000 
