7
0_65       0.0000000 2.0714580 1.7442105 1.9602948 2.3601321 1.7352128 2.4278404 
0_152      2.0714580 0.0000000 0.9129745 1.9867059 2.6076913 1.5284055 2.7301579 
1_95       1.7442105 0.9129745 0.0000000 1.8371004 2.4221492 1.7480164 2.1136077 
1_113      1.9602948 1.9867059 1.8371004 0.0000000 2.0031143 2.7244017 2.2883228 
4_70       2.3601321 2.6076913 2.4221492 2.0031143 0.0000000 2.3258335 1.1672022 
4_161      1.7352128 1.5284055 1.7480164 2.7244017 2.3258335 0.0000000 2.9687821 
5_181      2.4278404 2.7301579 2.1136077 2.2883228 1.1672022 2.9687821 0.0000000 
