16
8_39       0.0000000 0.0000010 1.2232899 1.2232899 1.2138472 1.2232899 1.2232899 1.3764764 1.1958557 1.1958557 1.2138472 1.2244337 1.2577271 1.2577271 1.2344392 1.2344392 
9_40       0.0000010 0.0000000 1.2232899 1.2232899 1.2138472 1.2232899 1.2232899 1.3764764 1.1958557 1.1958557 1.2138472 1.2244337 1.2577271 1.2577271 1.2344392 1.2344392 
12_60      1.2232899 1.2232899 0.0000000 0.0000010 0.0383655 0.0000010 0.0000010 0.0041441 0.0463888 0.0463888 0.0383655 0.0468216 0.0589125 0.0589125 0.0471950 0.0471950 
13_61      1.2232899 1.2232899 0.0000010 0.0000000 0.0385205 0.0000010 0.0000010 0.0041441 0.0463888 0.0463888 0.0385205 0.0470142 0.0589125 0.0589125 0.0471950 0.0471950 
14_56      1.2138472 1.2138472 0.0383655 0.0385205 0.0000000 0.0385205 0.0383655 0.0427584 0.0187543 0.0187543 0.0000010 0.0112462 0.0461033 0.0461033 0.0504135 0.0504135 
15_60      1.2232899 1.2232899 0.0000010 0.0000010 0.0385205 0.0000000 0.0000010 0.0041441 0.0463888 0.0463888 0.0385205 0.0470142 0.0589125 0.0589125 0.0471950 0.0471950 
17_60      1.2232899 1.2232899 0.0000010 0.0000010 0.0383655 0.0000010 0.0000000 0.0041441 0.0463888 0.0463888 0.0383655 0.0468216 0.0589125 0.0589125 0.0471950 0.0471950 
18_64      1.3764764 1.3764764 0.0041441 0.0041441 0.0427584 0.0041441 0.0041441 0.0000000 0.0471263 0.0471263 0.0427584 0.0522842 0.0655416 0.0655416 0.0525059 0.0525059 
19_61      1.1958557 1.1958557 0.0463888 0.0463888 0.0187543 0.0463888 0.0463888 0.0471263 0.0000000 0.0000010 0.0187543 0.0267018 0.0540348 0.0540348 0.0584300 0.0584300 
20_78      1.1958557 1.1958557 0.0463888 0.0463888 0.0187543 0.0463888 0.0463888 0.0471263 0.0000010 0.0000000 0.0187543 0.0267018 0.0540348 0.0540348 0.0584300 0.0584300 
23_58      1.2138472 1.2138472 0.0383655 0.0385205 0.0000010 0.0385205 0.0383655 0.0427584 0.0187543 0.0187543 0.0000000 0.0112462 0.0461033 0.0461033 0.0504135 0.0504135 
27_60      1.2244337 1.2244337 0.0468216 0.0470142 0.0112462 0.0470142 0.0468216 0.0522842 0.0267018 0.0267018 0.0112462 0.0000000 0.0547158 0.0547158 0.0591716 0.0591716 
33_15      1.2577271 1.2577271 0.0589125 0.0589125 0.0461033 0.0589125 0.0589125 0.0655416 0.0540348 0.0540348 0.0461033 0.0547158 0.0000000 0.0000010 0.0225756 0.0225756 
38_59      1.2577271 1.2577271 0.0589125 0.0589125 0.0461033 0.0589125 0.0589125 0.0655416 0.0540348 0.0540348 0.0461033 0.0547158 0.0000010 0.0000000 0.0225756 0.0225756 
39_59      1.2344392 1.2344392 0.0471950 0.0471950 0.0504135 0.0471950 0.0471950 0.0525059 0.0584300 0.0584300 0.0504135 0.0591716 0.0225756 0.0225756 0.0000000 0.0000010 
40_59      1.2344392 1.2344392 0.0471950 0.0471950 0.0504135 0.0471950 0.0471950 0.0525059 0.0584300 0.0584300 0.0504135 0.0591716 0.0225756 0.0225756 0.0000010 0.0000000 
