6
3_88       0.0000000 1.0980905 3.8570361 3.7192006 2.2973075 3.3760315 
3_107      1.0980905 0.0000000 2.5871173 2.8113785 3.1243917 2.9088818 
6_29       3.8570361 2.5871173 0.0000000 0.6457883 3.1659149 3.2414604 
7_90       3.7192006 2.8113785 0.6457883 0.0000000 3.7067108 3.6399974 
43_32      2.2973075 3.1243917 3.1659149 3.7067108 0.0000000 2.0295535 
44_10      3.3760315 2.9088818 3.2414604 3.6399974 2.0295535 0.0000000 
