23
0_84       0.0000000 0.8116543 1.0707022 0.9537937 0.9956507 0.9112672 1.2224685 0.9203302 0.9120955 2.1363784 2.0852686 3.3947316 2.2632408 2.7729555 1.9630891 2.5512381 2.6763995 1.9912372 2.2440419 2.3054808 2.5682102 1.6745273 2.6855538 
0_139      0.8116543 0.0000000 0.9220406 0.6301923 0.5478833 0.8591103 0.6832979 0.4659409 0.4729586 1.4754735 1.3218627 1.6878072 1.2216888 1.3252861 1.5504485 2.0275388 1.2399440 1.6363648 1.4623265 1.2504432 1.2408239 1.3048550 1.2903691 
1_39       1.0707022 0.9220406 0.0000000 0.7123308 0.6447122 0.2180644 0.8385350 0.6163869 0.5466066 1.5730248 1.4221408 1.9017340 1.3415601 1.4780888 1.4760917 1.9985160 1.4272095 1.5665391 1.4682711 1.3364722 1.4208641 1.1442379 1.4510996 
1_56       0.9537937 0.6301923 0.7123308 0.0000000 0.4568990 0.7545217 0.5701247 0.4958378 0.4077706 1.4092567 1.3512885 1.7578414 1.3445035 1.3470503 1.6531532 1.9905434 1.2792494 1.6383517 1.3760021 1.2541645 1.2528802 1.2469975 1.2999724 
1_106      0.9956507 0.5478833 0.6447122 0.4568990 0.0000000 0.7650239 0.5403182 0.4117793 0.2475430 1.3552657 1.2985924 1.6281174 1.2836104 1.3027221 1.3638072 1.9374866 1.1727815 1.4999945 1.3322541 1.1204843 1.2761517 1.2769177 1.2013341 
1_116      0.9112672 0.8591103 0.2180644 0.7545217 0.7650239 0.0000000 0.8734035 0.6629972 0.5481959 1.5427343 1.3898713 2.0221211 1.3720012 1.5298395 1.4048757 1.8972413 1.3801015 1.3947986 1.5058165 1.3963944 1.4367132 1.1017218 1.3927050 
1_142      1.2224685 0.6832979 0.8385350 0.5701247 0.5403182 0.8734035 0.0000000 0.5773418 0.5405088 1.5440556 1.3406975 1.5298283 1.2650180 1.3381363 1.5692003 2.0666444 1.2419918 1.5679448 1.5206718 1.2055735 1.2540973 1.2627358 1.1750390 
1_169      0.9203302 0.4659409 0.6163869 0.4958378 0.4117793 0.6629972 0.5773418 0.0000000 0.3774023 1.4795047 1.4218876 1.5945303 1.3281621 1.3099989 1.6600555 1.8856913 1.2856808 1.6003321 1.4748531 1.2317960 1.3431624 1.3387677 1.2937290 
1_171      0.9120955 0.4729586 0.5466066 0.4077706 0.2475430 0.5481959 0.5405088 0.3774023 0.0000000 1.3843297 1.2721289 1.7131046 1.2206420 1.2387885 1.4525885 1.9789235 1.2201312 1.4386883 1.2895942 1.2351341 1.2652372 1.2544487 1.2305781 
4_33       2.1363784 1.4754735 1.5730248 1.4092567 1.3552657 1.5427343 1.5440556 1.4795047 1.3843297 0.0000000 0.9025512 2.0157543 1.2997919 1.2654097 0.2477704 0.4479441 1.3281031 0.3205685 0.2149343 1.3336889 1.1091532 1.6282085 1.2516875 
4_95       2.0852686 1.3218627 1.4221408 1.3512885 1.2985924 1.3898713 1.3406975 1.4218876 1.2721289 0.9025512 0.0000000 1.9487868 1.0881913 1.2255421 0.7517805 0.7215731 1.1215160 0.7243718 0.8491093 1.1863291 0.7902471 1.5458141 1.1936563 
4_101      3.3947316 1.6878072 1.9017340 1.7578414 1.6281174 2.0221211 1.5298283 1.5945303 1.7131046 2.0157543 1.9487868 0.0000000 1.2790616 1.2021581 2.9701345 3.2503898 1.2448330 2.7306242 1.9963656 1.9759416 1.1771620 1.9677248 1.2104728 
4_129      2.2632408 1.2216888 1.3415601 1.3445035 1.2836104 1.3720012 1.2650180 1.3281621 1.2206420 1.2997919 1.0881913 1.2790616 0.0000000 0.5742867 1.1909472 1.1582742 0.3422654 1.0441875 1.3338096 1.1871594 0.6602071 1.6762132 0.3096087 
4_157      2.7729555 1.3252861 1.4780888 1.3470503 1.3027221 1.5298395 1.3381363 1.3099989 1.2387885 1.2654097 1.2255421 1.2021581 0.5742867 0.0000000 1.0929830 0.9382850 0.5643320 0.8945144 1.2787116 1.1735940 0.6729145 1.7430321 0.6068718 
4_183      1.9630891 1.5504485 1.4760917 1.6531532 1.3638072 1.4048757 1.5692003 1.6600555 1.4525885 0.2477704 0.7517805 2.9701345 1.1909472 1.0929830 0.0000000 0.4197384 1.1625098 0.3250512 0.3200897 1.1887857 0.8088444 1.6795873 1.1594217 
4_205      2.5512381 2.0275388 1.9985160 1.9905434 1.9374866 1.8972413 2.0666444 1.8856913 1.9789235 0.4479441 0.7215731 3.2503898 1.1582742 0.9382850 0.4197384 0.0000000 1.0999077 0.5576487 0.4845594 1.1181149 0.8396461 2.6534197 1.1861286 
4_207      2.6763995 1.2399440 1.4272095 1.2792494 1.1727815 1.3801015 1.2419918 1.2856808 1.2201312 1.3281031 1.1215160 1.2448330 0.3422654 0.5643320 1.1625098 1.0999077 0.0000000 1.0033930 1.3140313 1.1490927 0.6862549 1.6694590 0.4680735 
5_6        1.9912372 1.6363648 1.5665391 1.6383517 1.4999945 1.3947986 1.5679448 1.6003321 1.4386883 0.3205685 0.7243718 2.7306242 1.0441875 0.8945144 0.3250512 0.5576487 1.0033930 0.0000000 0.3302361 0.9898469 0.6888441 1.5228750 1.0098041 
5_65       2.2440419 1.4623265 1.4682711 1.3760021 1.3322541 1.5058165 1.5206718 1.4748531 1.2895942 0.2149343 0.8491093 1.9963656 1.3338096 1.2787116 0.3200897 0.4845594 1.3140313 0.3302361 0.0000000 1.2464327 1.0548843 1.7070223 1.2484303 
5_93       2.3054808 1.2504432 1.3364722 1.2541645 1.1204843 1.3963944 1.2055735 1.2317960 1.2351341 1.3336889 1.1863291 1.9759416 1.1871594 1.1735940 1.1887857 1.1181149 1.1490927 0.9898469 1.2464327 0.0000000 1.1050050 1.5570027 1.0885883 
5_94       2.5682102 1.2408239 1.4208641 1.2528802 1.2761517 1.4367132 1.2540973 1.3431624 1.2652372 1.1091532 0.7902471 1.1771620 0.6602071 0.6729145 0.8088444 0.8396461 0.6862549 0.6888441 1.0548843 1.1050050 0.0000000 1.7012057 0.7187622 
5_108      1.6745273 1.3048550 1.1442379 1.2469975 1.2769177 1.1017218 1.2627358 1.3387677 1.2544487 1.6282085 1.5458141 1.9677248 1.6762132 1.7430321 1.6795873 2.6534197 1.6694590 1.5228750 1.7070223 1.5570027 1.7012057 0.0000000 1.6026678 
5_172      2.6855538 1.2903691 1.4510996 1.2999724 1.2013341 1.3927050 1.1750390 1.2937290 1.2305781 1.2516875 1.1936563 1.2104728 0.3096087 0.6068718 1.1594217 1.1861286 0.4680735 1.0098041 1.2484303 1.0885883 0.7187622 1.6026678 0.0000000 
