14
12_52      0.0000000 0.0294948 0.0753480 0.0294948 0.0000010 0.0836464 0.0836464 0.0753480 0.0758044 0.0758044 0.1345385 0.2230673 0.2230673 0.0914840 
13_52      0.0294948 0.0000000 0.0985478 0.0000010 0.0294948 0.1071047 0.1071047 0.0985478 0.0991401 0.0991401 0.1258207 0.2048810 0.2048810 0.1150534 
14_49      0.0753480 0.0985478 0.0000000 0.0985478 0.0753480 0.0145810 0.0145810 0.0000010 0.0072686 0.0072686 0.1388421 0.2338307 0.2338307 0.0219243 
15_51      0.0294948 0.0000010 0.0985478 0.0000000 0.0294948 0.1071047 0.1071047 0.0985478 0.0991401 0.0991401 0.1258207 0.2048810 0.2048810 0.1150534 
17_51      0.0000010 0.0294948 0.0753480 0.0294948 0.0000000 0.0836464 0.0836464 0.0753480 0.0758044 0.0758044 0.1345385 0.2230673 0.2230673 0.0914840 
18_55      0.0836464 0.1071047 0.0145810 0.1071047 0.0836464 0.0000000 0.0000010 0.0145810 0.0072704 0.0072704 0.1479091 0.2441755 0.2441755 0.0219299 
19_53      0.0836464 0.1071047 0.0145810 0.1071047 0.0836464 0.0000010 0.0000000 0.0145810 0.0072704 0.0072704 0.1479091 0.2441755 0.2441755 0.0219299 
23_50      0.0753480 0.0985478 0.0000010 0.0985478 0.0753480 0.0145810 0.0145810 0.0000000 0.0072686 0.0072686 0.1388421 0.2338307 0.2338307 0.0219243 
24_53      0.0758044 0.0991401 0.0072686 0.0991401 0.0758044 0.0072704 0.0072704 0.0072686 0.0000000 0.0000010 0.1396717 0.2352182 0.2352182 0.0145759 
25_50      0.0758044 0.0991401 0.0072686 0.0991401 0.0758044 0.0072704 0.0072704 0.0072686 0.0000010 0.0000000 0.1396717 0.2352182 0.2352182 0.0145759 
38_50      0.1345385 0.1258207 0.1388421 0.1258207 0.1345385 0.1479091 0.1479091 0.1388421 0.1396717 0.1396717 0.0000000 0.1426928 0.1426928 0.1561114 
39_51      0.2230673 0.2048810 0.2338307 0.2048810 0.2230673 0.2441755 0.2441755 0.2338307 0.2352182 0.2352182 0.1426928 0.0000000 0.0000010 0.2530532 
40_51      0.2230673 0.2048810 0.2338307 0.2048810 0.2230673 0.2441755 0.2441755 0.2338307 0.2352182 0.2352182 0.1426928 0.0000010 0.0000000 0.2530532 
41_50      0.0914840 0.1150534 0.0219243 0.1150534 0.0914840 0.0219299 0.0219299 0.0219243 0.0145759 0.0145759 0.1561114 0.2530532 0.2530532 0.0000000 
