16
0_19       0.0000000 1.2631615 1.8731802 1.8718118 1.7867304 2.4802187 1.8739080 0.7973548 2.3876919 1.5442479 2.5172318 2.6864171 2.1858896 2.0999124 2.0104528 1.5732469 
0_48       1.2631615 0.0000000 2.6135289 1.3048174 1.0440474 1.2747040 1.6969727 1.1738807 2.6745655 1.5950666 1.9205794 1.7641329 1.9597751 1.8002755 1.8587520 1.7173985 
0_90       1.8731802 2.6135289 0.0000000 2.7174932 1.4390643 1.4590283 1.9878601 2.1957677 3.5074910 1.7293819 2.2541739 2.5197897 2.0720712 1.9023785 2.6529613 1.7765261 
0_114      1.8718118 1.3048174 2.7174932 0.0000000 0.7645297 1.0885748 1.0535844 1.1469648 2.3032949 1.1394632 1.3098956 3.4261305 1.4855379 1.2478130 1.5871508 1.2045676 
1_6        1.7867304 1.0440474 1.4390643 0.7645297 0.0000000 0.6058730 1.0301499 0.5437051 1.9497428 0.8645505 1.3394999 2.1305331 1.3956035 1.0636738 1.5793412 0.8255478 
1_129      2.4802187 1.2747040 1.4590283 1.0885748 0.6058730 0.0000000 1.2867919 0.6909514 1.8037951 1.0220260 1.6219429 3.5846053 1.7301084 1.2431394 1.8456475 0.9884344 
1_146      1.8739080 1.6969727 1.9878601 1.0535844 1.0301499 1.2867919 0.0000000 1.3858164 1.9281837 1.2762065 1.5170666 1.9644725 1.3069055 1.3696734 1.0391590 1.2867497 
1_173      0.7973548 1.1738807 2.1957677 1.1469648 0.5437051 0.6909514 1.3858164 0.0000000 1.9546258 0.9852399 1.7747361 2.6783788 1.7043937 1.3535403 1.7406957 1.0012206 
2_197      2.3876919 2.6745655 3.5074910 2.3032949 1.9497428 1.8037951 1.9281837 1.9546258 0.0000000 1.9609440 2.1861243 3.3708516 1.8989040 1.8970631 2.1475381 2.0219312 
4_28       1.5442479 1.5950666 1.7293819 1.1394632 0.8645505 1.0220260 1.2762065 0.9852399 1.9609440 0.0000000 1.4534042 2.4678686 1.4001813 1.0485462 1.5603658 0.4198796 
4_146      2.5172318 1.9205794 2.2541739 1.3098956 1.3394999 1.6219429 1.5170666 1.7747361 2.1861243 1.4534042 0.0000000 3.3726886 0.8864061 0.9735347 1.3584166 1.4981426 
4_197      2.6864171 1.7641329 2.5197897 3.4261305 2.1305331 3.5846053 1.9644725 2.6783788 3.3708516 2.4678686 3.3726886 0.0000000 2.5687584 2.4240205 2.0268584 2.3557217 
4_217      2.1858896 1.9597751 2.0720712 1.4855379 1.3956035 1.7301084 1.3069055 1.7043937 1.8989040 1.4001813 0.8864061 2.5687584 0.0000000 0.9774908 1.2716457 1.4051122 
5_120      2.0999124 1.8002755 1.9023785 1.2478130 1.0636738 1.2431394 1.3696734 1.3535403 1.8970631 1.0485462 0.9735347 2.4240205 0.9774908 0.0000000 1.3717112 1.0927078 
5_177      2.0104528 1.8587520 2.6529613 1.5871508 1.5793412 1.8456475 1.0391590 1.7406957 2.1475381 1.5603658 1.3584166 2.0268584 1.2716457 1.3717112 0.0000000 1.5134716 
5_194      1.5732469 1.7173985 1.7765261 1.2045676 0.8255478 0.9884344 1.2867497 1.0012206 2.0219312 0.4198796 1.4981426 2.3557217 1.4051122 1.0927078 1.5134716 0.0000000 
