16
12_62      0.0000000 0.0166932 0.1052495 0.0166932 0.0082108 0.0000010 0.0689300 0.1052495 0.0689300 0.0799612 0.0806165 0.0929140 0.0929140 0.0764431 0.1785824 0.1785824 
13_63      0.0166932 0.0000000 0.1194844 0.0000010 0.0080043 0.0166932 0.0921695 0.1194844 0.0921695 0.1044743 0.0946818 0.1068537 0.1068537 0.0916262 0.1627177 0.1627177 
14_58      0.1052495 0.1194844 0.0000000 0.1194844 0.1181999 0.1052495 0.0496757 0.0000010 0.0496757 0.0599015 0.0083257 0.0082605 0.0082605 0.0921609 0.1794309 0.1794309 
15_62      0.0166932 0.0000010 0.1194844 0.0000000 0.0080043 0.0166932 0.0921695 0.1194844 0.0921695 0.1044743 0.0946818 0.1068537 0.1068537 0.0916262 0.1627177 0.1627177 
16_59      0.0082108 0.0080043 0.1181999 0.0080043 0.0000000 0.0082108 0.0808093 0.1181999 0.0808093 0.0924469 0.0931869 0.1054636 0.1054636 0.0799525 0.1633406 0.1633406 
17_62      0.0000010 0.0166932 0.1052495 0.0166932 0.0082108 0.0000000 0.0689300 0.1052495 0.0689300 0.0799612 0.0806165 0.0929140 0.0929140 0.0764431 0.1785824 0.1785824 
18_66      0.0689300 0.0921695 0.0496757 0.0921695 0.0808093 0.0689300 0.0000000 0.0496757 0.0000010 0.0080693 0.0392478 0.0389040 0.0389040 0.0558402 0.1515350 0.1515350 
19_63      0.1052495 0.1194844 0.0000010 0.1194844 0.1181999 0.1052495 0.0496757 0.0000000 0.0496757 0.0599015 0.0083257 0.0082605 0.0082605 0.0921609 0.1794309 0.1794309 
24_62      0.0689300 0.0921695 0.0496757 0.0921695 0.0808093 0.0689300 0.0000010 0.0496757 0.0000000 0.0080693 0.0392478 0.0389040 0.0389040 0.0558402 0.1515350 0.1515350 
25_59      0.0799612 0.1044743 0.0599015 0.1044743 0.0924469 0.0799612 0.0080693 0.0599015 0.0080693 0.0000000 0.0491866 0.0487539 0.0487539 0.0665205 0.1662854 0.1662854 
27_62      0.0806165 0.0946818 0.0083257 0.0946818 0.0931869 0.0806165 0.0392478 0.0083257 0.0392478 0.0491866 0.0000000 0.0000010 0.0000010 0.0686882 0.1509029 0.1509029 
28_61      0.0929140 0.1068537 0.0082605 0.1068537 0.1054636 0.0929140 0.0389040 0.0082605 0.0389040 0.0487539 0.0000010 0.0000000 0.0000010 0.0797930 0.1648024 0.1648024 
31_100     0.0929140 0.1068537 0.0082605 0.1068537 0.1054636 0.0929140 0.0389040 0.0082605 0.0389040 0.0487539 0.0000010 0.0000010 0.0000000 0.0797930 0.1648024 0.1648024 
38_61      0.0764431 0.0916262 0.0921609 0.0916262 0.0799525 0.0764431 0.0558402 0.0921609 0.0558402 0.0665205 0.0686882 0.0797930 0.0797930 0.0000000 0.1503240 0.1503240 
39_61      0.1785824 0.1627177 0.1794309 0.1627177 0.1633406 0.1785824 0.1515350 0.1794309 0.1515350 0.1662854 0.1509029 0.1648024 0.1648024 0.1503240 0.0000000 0.0000010 
40_61      0.1785824 0.1627177 0.1794309 0.1627177 0.1633406 0.1785824 0.1515350 0.1794309 0.1515350 0.1662854 0.1509029 0.1648024 0.1648024 0.1503240 0.0000010 0.0000000 
