29
8_88       0.0000000 0.0000010 0.0000010 0.0000010 2.5842387 2.4834320 2.5168095 2.4797166 2.4766508 2.5842387 2.4995403 2.4884432 2.4773684 2.4884432 2.4884432 2.5168095 2.4772890 2.4772890 2.5128974 2.5168095 2.5168095 2.4205047 2.4205047 2.5978582 2.6276695 2.6673950 2.6673950 2.4591068 2.4884432 
9_89       0.0000010 0.0000000 0.0000010 0.0000010 2.5842387 2.4834320 2.5168095 2.4797166 2.4766508 2.5842387 2.4995403 2.4884432 2.4773684 2.4884432 2.4884432 2.5168095 2.4772890 2.4772890 2.5128974 2.5168095 2.5168095 2.4205047 2.4205047 2.5978582 2.6276695 2.6673950 2.6673950 2.4591068 2.4884432 
10_69      0.0000010 0.0000010 0.0000000 0.0000010 2.5842387 2.4834320 2.5168095 2.4797166 2.4766508 2.5842387 2.4995403 2.4884432 2.4773684 2.4884432 2.4884432 2.5168095 2.4772890 2.4772890 2.5128974 2.5168095 2.5168095 2.4205047 2.4205047 2.5978582 2.6276695 2.6673950 2.6673950 2.4591068 2.4884432 
11_46      0.0000010 0.0000010 0.0000010 0.0000000 2.5842387 2.4834320 2.5168095 2.4797166 2.4766508 2.5842387 2.4995403 2.4884432 2.4773684 2.4884432 2.4884432 2.5168095 2.4772890 2.4772890 2.5128974 2.5168095 2.5168095 2.4205047 2.4205047 2.5978582 2.6276695 2.6673950 2.6673950 2.4591068 2.4884432 
12_24      2.5842387 2.5842387 2.5842387 2.5842387 0.0000000 0.0141720 0.0838720 0.0120833 0.0141422 0.0000010 0.0901451 0.0847492 0.0847492 0.0847492 0.0847492 0.0837201 0.0847492 0.0847492 0.0837385 0.0837201 0.0838720 0.0756456 0.0756456 0.0019203 0.0994894 0.1107855 0.1107855 0.0782256 0.0847492 
13_23      2.4834320 2.4834320 2.4834320 2.4834320 0.0141720 0.0000000 0.0758386 0.0019550 0.0039241 0.0141720 0.0795453 0.0741860 0.0741860 0.0741860 0.0741860 0.0756999 0.0741860 0.0741860 0.0757139 0.0756999 0.0758386 0.0741860 0.0741860 0.0120894 0.0863987 0.0964665 0.0964665 0.0726706 0.0741860 
14_22      2.5168095 2.5168095 2.5168095 2.5168095 0.0838720 0.0758386 0.0000000 0.0731235 0.0756881 0.0838720 0.0273912 0.0232573 0.0232573 0.0232573 0.0232573 0.0000010 0.0192681 0.0192681 0.0055130 0.0000010 0.0000010 0.0175777 0.0175777 0.0839901 0.0952224 0.1142416 0.1142416 0.0297699 0.0232573 
15_22      2.4797166 2.4797166 2.4797166 2.4797166 0.0120833 0.0019550 0.0731235 0.0000000 0.0019508 0.0120833 0.0768310 0.0715168 0.0715168 0.0715168 0.0715168 0.0729905 0.0715168 0.0715168 0.0730031 0.0729905 0.0731235 0.0715168 0.0715168 0.0100214 0.0836341 0.0936150 0.0936150 0.0699814 0.0715168 
16_22      2.4766508 2.4766508 2.4766508 2.4766508 0.0141422 0.0039241 0.0756881 0.0019508 0.0000000 0.0141422 0.0793907 0.0740399 0.0740399 0.0740399 0.0740399 0.0755498 0.0740399 0.0740399 0.0755638 0.0755498 0.0756881 0.0740399 0.0740399 0.0120641 0.0862340 0.0962874 0.0962874 0.0725252 0.0740399 
17_24      2.5842387 2.5842387 2.5842387 2.5842387 0.0000010 0.0141720 0.0838720 0.0120833 0.0141422 0.0000000 0.0901451 0.0847492 0.0847492 0.0847492 0.0847492 0.0837201 0.0847492 0.0847492 0.0837385 0.0837201 0.0838720 0.0756456 0.0756456 0.0019203 0.0994894 0.1107855 0.1107855 0.0782256 0.0847492 
18_24      2.4995403 2.4995403 2.4995403 2.4995403 0.0901451 0.0795453 0.0273912 0.0768310 0.0793907 0.0901451 0.0000000 0.0054674 0.0073280 0.0054674 0.0055070 0.0351289 0.0055471 0.0055471 0.0331780 0.0351289 0.0273912 0.0056291 0.0056291 0.0902693 0.1062226 0.1265418 0.1265418 0.0171278 0.0055070 
19_24      2.4884432 2.4884432 2.4884432 2.4884432 0.0847492 0.0741860 0.0232573 0.0715168 0.0740399 0.0847492 0.0054674 0.0000000 0.0018149 0.0000010 0.0000010 0.0309333 0.0000010 0.0000010 0.0290010 0.0309333 0.0232573 0.0000010 0.0000010 0.0848673 0.1006312 0.1207831 0.1207831 0.0113163 0.0000010 
20_40      2.4773684 2.4773684 2.4773684 2.4773684 0.0847492 0.0741860 0.0232573 0.0715168 0.0740399 0.0847492 0.0073280 0.0018149 0.0000000 0.0018149 0.0018280 0.0347763 0.0018413 0.0018413 0.0290010 0.0347763 0.0232573 0.0018681 0.0018681 0.0848673 0.1006312 0.1207831 0.1207831 0.0111702 0.0018280 
21_23      2.4884432 2.4884432 2.4884432 2.4884432 0.0847492 0.0741860 0.0232573 0.0715168 0.0740399 0.0847492 0.0054674 0.0000010 0.0018149 0.0000000 0.0000010 0.0309333 0.0000010 0.0000010 0.0290010 0.0309333 0.0232573 0.0000010 0.0000010 0.0848673 0.1006312 0.1207831 0.1207831 0.0113163 0.0000010 
22_23      2.4884432 2.4884432 2.4884432 2.4884432 0.0847492 0.0741860 0.0232573 0.0715168 0.0740399 0.0847492 0.0055070 0.0000010 0.0018280 0.0000010 0.0000000 0.0271811 0.0000010 0.0000010 0.0290010 0.0271811 0.0232573 0.0000010 0.0000010 0.0848673 0.1006312 0.1207831 0.1207831 0.0114011 0.0000010 
23_22      2.5168095 2.5168095 2.5168095 2.5168095 0.0837201 0.0756999 0.0000010 0.0729905 0.0755498 0.0837201 0.0351289 0.0309333 0.0347763 0.0309333 0.0271811 0.0000000 0.0269243 0.0269243 0.0054930 0.0000010 0.0000010 0.0253400 0.0253400 0.0838379 0.0952224 0.1142416 0.1142416 0.0373928 0.0271811 
24_23      2.4772890 2.4772890 2.4772890 2.4772890 0.0847492 0.0741860 0.0192681 0.0715168 0.0740399 0.0847492 0.0055471 0.0000010 0.0018413 0.0000010 0.0000010 0.0269243 0.0000000 0.0000010 0.0249991 0.0269243 0.0192681 0.0000010 0.0000010 0.0848673 0.0985461 0.1171592 0.1171592 0.0114871 0.0000010 
25_23      2.4772890 2.4772890 2.4772890 2.4772890 0.0847492 0.0741860 0.0192681 0.0715168 0.0740399 0.0847492 0.0055471 0.0000010 0.0018413 0.0000010 0.0000010 0.0269243 0.0000010 0.0000000 0.0249991 0.0269243 0.0192681 0.0000010 0.0000010 0.0848673 0.0985461 0.1171592 0.1171592 0.0114871 0.0000010 
27_21      2.5128974 2.5128974 2.5128974 2.5128974 0.0837385 0.0757139 0.0055130 0.0730031 0.0755638 0.0837385 0.0331780 0.0290010 0.0290010 0.0290010 0.0290010 0.0054930 0.0249991 0.0249991 0.0000000 0.0054930 0.0055130 0.0233894 0.0233894 0.0838564 0.1001928 0.1193582 0.1193582 0.0356374 0.0290010 
28_23      2.5168095 2.5168095 2.5168095 2.5168095 0.0837201 0.0756999 0.0000010 0.0729905 0.0755498 0.0837201 0.0351289 0.0309333 0.0347763 0.0309333 0.0271811 0.0000010 0.0269243 0.0269243 0.0054930 0.0000000 0.0000010 0.0253400 0.0253400 0.0838379 0.0952224 0.1142416 0.1142416 0.0373928 0.0271811 
33_51      2.5168095 2.5168095 2.5168095 2.5168095 0.0838720 0.0758386 0.0000010 0.0731235 0.0756881 0.0838720 0.0273912 0.0232573 0.0232573 0.0232573 0.0232573 0.0000010 0.0192681 0.0192681 0.0055130 0.0000010 0.0000000 0.0175777 0.0175777 0.0839901 0.0952224 0.1142416 0.1142416 0.0297699 0.0232573 
34_22      2.4205047 2.4205047 2.4205047 2.4205047 0.0756456 0.0741860 0.0175777 0.0715168 0.0740399 0.0756456 0.0056291 0.0000010 0.0018681 0.0000010 0.0000010 0.0253400 0.0000010 0.0000010 0.0233894 0.0253400 0.0175777 0.0000000 0.0000010 0.0757543 0.0920657 0.1132919 0.1132919 0.0116632 0.0000010 
35_23      2.4205047 2.4205047 2.4205047 2.4205047 0.0756456 0.0741860 0.0175777 0.0715168 0.0740399 0.0756456 0.0056291 0.0000010 0.0018681 0.0000010 0.0000010 0.0253400 0.0000010 0.0000010 0.0233894 0.0253400 0.0175777 0.0000010 0.0000000 0.0757543 0.0920657 0.1132919 0.1132919 0.0116632 0.0000010 
36_23      2.5978582 2.5978582 2.5978582 2.5978582 0.0019203 0.0120894 0.0839901 0.0100214 0.0120641 0.0019203 0.0902693 0.0848673 0.0848673 0.0848673 0.0848673 0.0838379 0.0848673 0.0848673 0.0838564 0.0838379 0.0839901 0.0757543 0.0757543 0.0000000 0.1022387 0.1135978 0.1135978 0.0808369 0.0848673 
38_23      2.6276695 2.6276695 2.6276695 2.6276695 0.0994894 0.0863987 0.0952224 0.0836341 0.0862340 0.0994894 0.1062226 0.1006312 0.1006312 0.1006312 0.1006312 0.0952224 0.0985461 0.0985461 0.1001928 0.0952224 0.0952224 0.0920657 0.0920657 0.1022387 0.0000000 0.0393862 0.0393862 0.0845932 0.1006312 
39_24      2.6673950 2.6673950 2.6673950 2.6673950 0.1107855 0.0964665 0.1142416 0.0936150 0.0962874 0.1107855 0.1265418 0.1207831 0.1207831 0.1207831 0.1207831 0.1142416 0.1171592 0.1171592 0.1193582 0.1142416 0.1142416 0.1132919 0.1132919 0.1135978 0.0393862 0.0000000 0.0000010 0.1168899 0.1207831 
40_24      2.6673950 2.6673950 2.6673950 2.6673950 0.1107855 0.0964665 0.1142416 0.0936150 0.0962874 0.1107855 0.1265418 0.1207831 0.1207831 0.1207831 0.1207831 0.1142416 0.1171592 0.1171592 0.1193582 0.1142416 0.1142416 0.1132919 0.1132919 0.1135978 0.0393862 0.0000010 0.0000000 0.1168899 0.1207831 
41_23      2.4591068 2.4591068 2.4591068 2.4591068 0.0782256 0.0726706 0.0297699 0.0699814 0.0725252 0.0782256 0.0171278 0.0113163 0.0111702 0.0113163 0.0114011 0.0373928 0.0114871 0.0114871 0.0356374 0.0373928 0.0297699 0.0116632 0.0116632 0.0808369 0.0845932 0.1168899 0.1168899 0.0000000 0.0114011 
42_1       2.4884432 2.4884432 2.4884432 2.4884432 0.0847492 0.0741860 0.0232573 0.0715168 0.0740399 0.0847492 0.0055070 0.0000010 0.0018280 0.0000010 0.0000010 0.0271811 0.0000010 0.0000010 0.0290010 0.0271811 0.0232573 0.0000010 0.0000010 0.0848673 0.1006312 0.1207831 0.1207831 0.0114011 0.0000000 
