13
12_98      0.0000000 0.0462996 0.1471107 0.0462996 0.0091902 0.4363940 0.1564776 0.1564776 0.1471107 0.0000010 0.2303343 0.2210686 0.2210686 
13_97      0.0462996 0.0000000 0.1770830 0.0000010 0.0557407 0.3974519 0.1863942 0.1863942 0.1770830 0.0462996 0.2618453 0.2526292 0.2526292 
14_93      0.1471107 0.1770830 0.0000000 0.1770830 0.1574451 0.6194543 0.0458063 0.0458063 0.0000010 0.1471107 0.2165656 0.2056060 0.2056060 
15_97      0.0462996 0.0000010 0.1770830 0.0000000 0.0557407 0.3974519 0.1863942 0.1863942 0.1770830 0.0462996 0.2618453 0.2526292 0.2526292 
17_96      0.0091902 0.0557407 0.1574451 0.0557407 0.0000000 0.4394619 0.1668120 0.1668120 0.1574451 0.0091902 0.2314745 0.2221697 0.2221697 
18_104     0.4363940 0.3974519 0.6194543 0.3974519 0.4394619 0.0000000 0.5939431 0.5939431 0.6194543 0.4363940 0.5743703 0.5587460 0.5587460 
19_97      0.1564776 0.1863942 0.0458063 0.1863942 0.1668120 0.5939431 0.0000000 0.0000010 0.0458063 0.1564776 0.2131657 0.2023560 0.2023560 
20_115     0.1564776 0.1863942 0.0458063 0.1863942 0.1668120 0.5939431 0.0000010 0.0000000 0.0458063 0.1564776 0.2131657 0.2023560 0.2023560 
23_97      0.1471107 0.1770830 0.0000010 0.1770830 0.1574451 0.6194543 0.0458063 0.0458063 0.0000000 0.1471107 0.2165656 0.2056060 0.2056060 
36_101     0.0000010 0.0462996 0.1471107 0.0462996 0.0091902 0.4363940 0.1564776 0.1564776 0.1471107 0.0000000 0.2303343 0.2210686 0.2210686 
38_93      0.2303343 0.2618453 0.2165656 0.2618453 0.2314745 0.5743703 0.2131657 0.2131657 0.2165656 0.2303343 0.0000000 0.0369984 0.0369984 
39_93      0.2210686 0.2526292 0.2056060 0.2526292 0.2221697 0.5587460 0.2023560 0.2023560 0.2056060 0.2210686 0.0369984 0.0000000 0.0000010 
40_93      0.2210686 0.2526292 0.2056060 0.2526292 0.2221697 0.5587460 0.2023560 0.2023560 0.2056060 0.2210686 0.0369984 0.0000010 0.0000000 
