20
AF371960_AF371960.1_00019 0.0000000 0.0878031 0.0719448 0.0835680 0.0824883 0.0878031 0.1036712 0.1036750 0.0719448 0.0000010 0.0250513 1.3447978 1.3447978 0.0824883 0.0049426 0.0250513 0.0823145 0.0835680 0.0823145 1.3405497 
AY894343_MK689686.1_00018 0.0878031 0.0000000 0.0250085 0.0946709 0.0049617 0.0000010 0.1041388 0.1041427 0.0250085 0.0878031 0.0771909 1.3288637 1.3288637 0.0049617 0.0934167 0.0771909 0.0149122 0.0946709 0.0149122 1.3247563 
BD143114_MK689686.1_00018 0.0719448 0.0250085 0.0000000 0.0785599 0.0199720 0.0250085 0.0880811 0.0880834 0.0000010 0.0719448 0.0614578 1.2983773 1.2983773 0.0199720 0.0774546 0.0614578 0.0099323 0.0785599 0.0099323 1.2944208 
GQ273492_GQ273492.1_00019 0.0835680 0.0946709 0.0785599 0.0000000 0.0892723 0.0946709 0.0557804 0.0557806 0.0785599 0.0835680 0.0779446 1.2668961 1.2668961 0.0892723 0.0891940 0.0779446 0.0890820 0.0000010 0.0890820 1.2630514 
KC244182_MK689686.1_00018 0.0824883 0.0049617 0.0199720 0.0892723 0.0000000 0.0049617 0.0987548 0.0987580 0.0199720 0.0824883 0.0719204 1.3259962 1.3259962 0.0000010 0.0880661 0.0719204 0.0099249 0.0892723 0.0099249 1.3219094 
KT804738_MK689686.1_00018 0.0878031 0.0000010 0.0250085 0.0946709 0.0049617 0.0000000 0.1041388 0.1041427 0.0250085 0.0878031 0.0771909 1.3288637 1.3288637 0.0049617 0.0934167 0.0771909 0.0149122 0.0946709 0.0149122 1.3247563 
MG570131_MG570131.1_00020 0.1036712 0.1041388 0.0880811 0.0557804 0.0987548 0.1041388 0.0000000 0.0099289 0.0880811 0.1036712 0.0870158 1.2812183 1.2812183 0.0987548 0.1093806 0.0870158 0.0985460 0.0557804 0.0985460 1.2773016 
MG570132_MG570132.1_00020 0.1036750 0.1041427 0.0880834 0.0557806 0.0987580 0.1041427 0.0099289 0.0000000 0.0880834 0.1036750 0.0870180 1.2745256 1.2745256 0.0987580 0.1093851 0.0870180 0.0985492 0.0557806 0.0985492 1.2706472 
MK098185_MK689686.1_00018 0.0719448 0.0250085 0.0000010 0.0785599 0.0199720 0.0250085 0.0880811 0.0880834 0.0000000 0.0719448 0.0614578 1.2983773 1.2983773 0.0199720 0.0774546 0.0614578 0.0099323 0.0785599 0.0099323 1.2944208 
MK689685_AF371960.1_00019 0.0000010 0.0878031 0.0719448 0.0835680 0.0824883 0.0878031 0.1036712 0.1036750 0.0719448 0.0000000 0.0250513 1.3447978 1.3447978 0.0824883 0.0049426 0.0250513 0.0823145 0.0835680 0.0823145 1.3405497 
MN432490_AF371960.1_00019 0.0250513 0.0771909 0.0614578 0.0779446 0.0719204 0.0771909 0.0870158 0.0870180 0.0614578 0.0250513 0.0000000 1.3221515 1.3221515 0.0719204 0.0302030 0.0000010 0.0717693 0.0779446 0.0717693 1.3180444 
MN562489_OM037668.1_00046 1.3447978 1.3288637 1.2983773 1.2668961 1.3259962 1.3288637 1.2812183 1.2745256 1.2983773 1.3447978 1.3221515 0.0000000 0.0000010 1.3259962 1.3442082 1.3221515 1.3133328 1.2668961 1.3133328 0.0050908 
MT521409_OM037668.1_00046 1.3447978 1.3288637 1.2983773 1.2668961 1.3259962 1.3288637 1.2812183 1.2745256 1.2983773 1.3447978 1.3221515 0.0000010 0.0000000 1.3259962 1.3442082 1.3221515 1.3133328 1.2668961 1.3133328 0.0050908 
MT798582_MK689686.1_00018 0.0824883 0.0049617 0.0199720 0.0892723 0.0000010 0.0049617 0.0987548 0.0987580 0.0199720 0.0824883 0.0719204 1.3259962 1.3259962 0.0000000 0.0880661 0.0719204 0.0099249 0.0892723 0.0099249 1.3219094 
MT926123_AF371960.1_00019 0.0049426 0.0934167 0.0774546 0.0891940 0.0880661 0.0934167 0.1093806 0.1093851 0.0774546 0.0049426 0.0302030 1.3442082 1.3442082 0.0880661 0.0000000 0.0302030 0.0878800 0.0891940 0.0878800 1.3399629 
MT986830_AF371960.1_00019 0.0250513 0.0771909 0.0614578 0.0779446 0.0719204 0.0771909 0.0870158 0.0870180 0.0614578 0.0250513 0.0000010 1.3221515 1.3221515 0.0719204 0.0302030 0.0000000 0.0717693 0.0779446 0.0717693 1.3180444 
MW139932_MK689686.1_00018 0.0823145 0.0149122 0.0099323 0.0890820 0.0099249 0.0149122 0.0985460 0.0985492 0.0099323 0.0823145 0.0717693 1.3133328 1.3133328 0.0099249 0.0878800 0.0717693 0.0000000 0.0890820 0.0000010 1.3092931 
OK042109_MK689686.1_00018 0.0835680 0.0946709 0.0785599 0.0000010 0.0892723 0.0946709 0.0557804 0.0557806 0.0785599 0.0835680 0.0779446 1.2668961 1.2668961 0.0892723 0.0891940 0.0779446 0.0890820 0.0000000 0.0890820 1.2630514 
OL774653_MK689686.1_00018 0.0823145 0.0149122 0.0099323 0.0890820 0.0099249 0.0149122 0.0985460 0.0985492 0.0099323 0.0823145 0.0717693 1.3133328 1.3133328 0.0099249 0.0878800 0.0717693 0.0000010 0.0890820 0.0000000 1.3092931 
OM037668_OM037668.1_00046 1.3405497 1.3247563 1.2944208 1.2630514 1.3219094 1.3247563 1.2773016 1.2706472 1.2944208 1.3405497 1.3180444 0.0050908 0.0050908 1.3219094 1.3399629 1.3180444 1.3092931 1.2630514 1.3092931 0.0000000 
