26
AF371960_AF371960.1_00079 0.0000000 0.0882850 0.0631432 0.0786013 0.0882850 0.0783156 0.0783156 0.0631432 0.0657300 0.0657300 0.0000010 0.0179783 2.6623295 2.4874483 2.7086329 2.6623295 2.4874483 2.7086329 0.0910108 0.0022012 0.0179783 0.0786013 0.0910537 2.7256989 0.0910108 0.0815316 
AY894343_MK689686.1_00075 0.0882850 0.0000000 0.0362795 0.0823847 0.0000010 0.0952281 0.0952281 0.0362795 0.0386930 0.0386930 0.0882850 0.0813281 2.6387045 2.4693604 2.7000145 2.6387045 2.4693604 2.7000145 0.0021814 0.0908451 0.0813281 0.0823847 0.0021824 2.7171050 0.0021814 0.0599400 
BD143114_MK689686.1_00075 0.0631432 0.0362795 0.0000000 0.0656608 0.0362795 0.0780652 0.0780652 0.0000010 0.0022036 0.0022036 0.0631432 0.0580947 2.6429430 2.5193370 2.7764099 2.6429430 2.5193370 2.7764099 0.0386930 0.0656058 0.0580947 0.0656608 0.0387111 2.7941502 0.0386930 0.0389371 
GQ273492_GQ273492.1_00074 0.0786013 0.0823847 0.0656608 0.0000000 0.0823847 0.0338538 0.0338538 0.0656608 0.0682610 0.0682610 0.0786013 0.0730860 2.6973624 2.5618450 2.8155101 2.6973624 2.5618450 2.8155101 0.0850554 0.0811373 0.0730860 0.0000010 0.0850952 2.8334560 0.0850554 0.0247046 
KC244182_MK689686.1_00075 0.0882850 0.0000010 0.0362795 0.0823847 0.0000000 0.0952281 0.0952281 0.0362795 0.0386930 0.0386930 0.0882850 0.0813281 2.6387045 2.4693604 2.7000145 2.6387045 2.4693604 2.7000145 0.0021814 0.0908451 0.0813281 0.0823847 0.0021824 2.7171050 0.0021814 0.0599400 
MG570131_MG570131.1_00074 0.0783156 0.0952281 0.0780652 0.0338538 0.0952281 0.0000000 0.0000010 0.0780652 0.0807306 0.0807306 0.0783156 0.0756702 2.7144217 2.5897929 2.7985548 2.7144217 2.5897929 2.7985548 0.0979713 0.0808424 0.0756702 0.0338538 0.0980173 2.8163976 0.0979713 0.0528005 
MG570132_MG570132.1_00074 0.0783156 0.0952281 0.0780652 0.0338538 0.0952281 0.0000010 0.0000000 0.0780652 0.0807306 0.0807306 0.0783156 0.0756702 2.7144217 2.5897929 2.7985548 2.7144217 2.5897929 2.7985548 0.0979713 0.0808424 0.0756702 0.0338538 0.0980173 2.8163976 0.0979713 0.0528005 
MK098185_MK689686.1_00075 0.0631432 0.0362795 0.0000010 0.0656608 0.0362795 0.0780652 0.0780652 0.0000000 0.0022036 0.0022036 0.0631432 0.0580947 2.6429430 2.5193370 2.7764099 2.6429430 2.5193370 2.7764099 0.0386930 0.0656058 0.0580947 0.0656608 0.0387111 2.7941502 0.0386930 0.0389371 
MK098186_MK689686.1_00075 0.0657300 0.0386930 0.0022036 0.0682610 0.0386930 0.0807306 0.0807306 0.0022036 0.0000000 0.0000010 0.0657300 0.0606478 2.6609055 2.5243781 2.7705186 2.6609055 2.5243781 2.7705186 0.0411241 0.0682062 0.0606478 0.0682610 0.0411433 2.7882127 0.0411241 0.0413839 
MK098187_MK689686.1_00075 0.0657300 0.0386930 0.0022036 0.0682610 0.0386930 0.0807306 0.0807306 0.0022036 0.0000010 0.0000000 0.0657300 0.0606478 2.6609055 2.5243781 2.7705186 2.6609055 2.5243781 2.7705186 0.0411241 0.0682062 0.0606478 0.0682610 0.0411433 2.7882127 0.0411241 0.0413839 
MK689685_AF371960.1_00079 0.0000010 0.0882850 0.0631432 0.0786013 0.0882850 0.0783156 0.0783156 0.0631432 0.0657300 0.0657300 0.0000000 0.0179783 2.6623295 2.4874483 2.7086329 2.6623295 2.4874483 2.7086329 0.0910108 0.0022012 0.0179783 0.0786013 0.0910537 2.7256989 0.0910108 0.0815316 
MN432490_AF371960.1_00079 0.0179783 0.0813281 0.0580947 0.0730860 0.0813281 0.0756702 0.0756702 0.0580947 0.0606478 0.0606478 0.0179783 0.0000000 2.6529266 2.4948990 2.7204271 2.6529266 2.4948990 2.7204271 0.0840211 0.0202624 0.0000010 0.0730860 0.0840609 2.7376239 0.0840211 0.0759513 
MN562489_OM037668.1_00006 2.6623295 2.6387045 2.6429430 2.6973624 2.6387045 2.7144217 2.7144217 2.6429430 2.6609055 2.6609055 2.6623295 2.6529266 0.0000000 2.3219637 2.8863287 0.0000010 2.3219637 2.8863287 2.6382738 2.6639229 2.6529266 2.6973624 2.6369902 2.8823605 2.6382738 2.6934149 
MN562489_OM037668.1_00125 2.4874483 2.4693604 2.5193370 2.5618450 2.4693604 2.5897929 2.5897929 2.5193370 2.5243781 2.5243781 2.4874483 2.4948990 2.3219637 0.0000000 2.1292408 2.3219637 0.0000010 2.1292408 2.4636651 2.4890437 2.4948990 2.5618450 2.4540508 2.1431657 2.4636651 2.5467977 
MN562489_OM037668.1_00133 2.7086329 2.7000145 2.7764099 2.8155101 2.7000145 2.7985548 2.7985548 2.7764099 2.7705186 2.7705186 2.7086329 2.7204271 2.8863287 2.1292408 0.0000000 2.8863287 2.1292408 0.0000010 2.6968489 2.7087849 2.7204271 2.8155101 2.7050719 0.0021212 2.6968489 2.8086563 
MT521409_OM037668.1_00006 2.6623295 2.6387045 2.6429430 2.6973624 2.6387045 2.7144217 2.7144217 2.6429430 2.6609055 2.6609055 2.6623295 2.6529266 0.0000010 2.3219637 2.8863287 0.0000000 2.3219637 2.8863287 2.6382738 2.6639229 2.6529266 2.6973624 2.6369902 2.8823605 2.6382738 2.6934149 
MT521409_OM037668.1_00125 2.4874483 2.4693604 2.5193370 2.5618450 2.4693604 2.5897929 2.5897929 2.5193370 2.5243781 2.5243781 2.4874483 2.4948990 2.3219637 0.0000010 2.1292408 2.3219637 0.0000000 2.1292408 2.4636651 2.4890437 2.4948990 2.5618450 2.4540508 2.1431657 2.4636651 2.5467977 
MT521409_OM037668.1_00133 2.7086329 2.7000145 2.7764099 2.8155101 2.7000145 2.7985548 2.7985548 2.7764099 2.7705186 2.7705186 2.7086329 2.7204271 2.8863287 2.1292408 0.0000010 2.8863287 2.1292408 0.0000000 2.6968489 2.7087849 2.7204271 2.8155101 2.7050719 0.0021212 2.6968489 2.8086563 
MT798582_MK689686.1_00075 0.0910108 0.0021814 0.0386930 0.0850554 0.0021814 0.0979713 0.0979713 0.0386930 0.0411241 0.0411241 0.0910108 0.0840211 2.6382738 2.4636651 2.6968489 2.6382738 2.4636651 2.6968489 0.0000000 0.0935849 0.0840211 0.0850554 0.0043832 2.7139327 0.0000010 0.0624802 
MT926123_AF371960.1_00079 0.0022012 0.0908451 0.0656058 0.0811373 0.0908451 0.0808424 0.0808424 0.0656058 0.0682062 0.0682062 0.0022012 0.0202624 2.6639229 2.4890437 2.7087849 2.6639229 2.4890437 2.7087849 0.0935849 0.0000000 0.0202624 0.0811373 0.0936290 2.7258526 0.0935849 0.0840901 
MT986830_AF371960.1_00079 0.0179783 0.0813281 0.0580947 0.0730860 0.0813281 0.0756702 0.0756702 0.0580947 0.0606478 0.0606478 0.0179783 0.0000010 2.6529266 2.4948990 2.7204271 2.6529266 2.4948990 2.7204271 0.0840211 0.0202624 0.0000000 0.0730860 0.0840609 2.7376239 0.0840211 0.0759513 
MW139932_MK689686.1_00075 0.0786013 0.0823847 0.0656608 0.0000010 0.0823847 0.0338538 0.0338538 0.0656608 0.0682610 0.0682610 0.0786013 0.0730860 2.6973624 2.5618450 2.8155101 2.6973624 2.5618450 2.8155101 0.0850554 0.0811373 0.0730860 0.0000000 0.0850952 2.8334560 0.0850554 0.0247046 
OK042108_MK689686.1_00075 0.0910537 0.0021824 0.0387111 0.0850952 0.0021824 0.0980173 0.0980173 0.0387111 0.0411433 0.0411433 0.0910537 0.0840609 2.6369902 2.4540508 2.7050719 2.6369902 2.4540508 2.7050719 0.0043832 0.0936290 0.0840609 0.0850952 0.0000000 2.7222039 0.0043832 0.0625094 
OM037668_OM037668.1_00133 2.7256989 2.7171050 2.7941502 2.8334560 2.7171050 2.8163976 2.8163976 2.7941502 2.7882127 2.7882127 2.7256989 2.7376239 2.8823605 2.1431657 0.0021212 2.8823605 2.1431657 0.0021212 2.7139327 2.7258526 2.7376239 2.8334560 2.7222039 0.0000000 2.7139327 2.8265898 
ON075463_MK689686.1_00075 0.0910108 0.0021814 0.0386930 0.0850554 0.0021814 0.0979713 0.0979713 0.0386930 0.0411241 0.0411241 0.0910108 0.0840211 2.6382738 2.4636651 2.6968489 2.6382738 2.4636651 2.6968489 0.0000010 0.0935849 0.0840211 0.0850554 0.0043832 2.7139327 0.0000000 0.0624802 
OQ475017_OQ475017.1_00074 0.0815316 0.0599400 0.0389371 0.0247046 0.0599400 0.0528005 0.0528005 0.0389371 0.0413839 0.0413839 0.0815316 0.0759513 2.6934149 2.5467977 2.8086563 2.6934149 2.5467977 2.8086563 0.0624802 0.0840901 0.0759513 0.0247046 0.0625094 2.8265898 0.0624802 0.0000000 
