13
1_8        0.0000000 0.2172042 0.2302335 0.2214882 0.2302335 0.3229416 0.2214882 0.3165076 0.3018454 0.0000010 0.0181891 0.0181891 0.2260583 
3_7        0.2172042 0.0000000 0.0822808 0.0035731 0.0822808 0.2561133 0.0035731 0.2203192 0.2074018 0.2172042 0.2313229 0.2313229 0.0071631 
4_8        0.2302335 0.0822808 0.0000000 0.0861369 0.0000010 0.2685439 0.0861369 0.2354436 0.2218123 0.2302335 0.2445568 0.2445568 0.0900925 
5_8        0.2214882 0.0035731 0.0861369 0.0000000 0.0861369 0.2572493 0.0000010 0.2245794 0.2116072 0.2214882 0.2356442 0.2356442 0.0035814 
6_65       0.2302335 0.0822808 0.0000010 0.0861369 0.0000000 0.2685439 0.0861369 0.2354436 0.2218123 0.2302335 0.2445568 0.2445568 0.0900925 
7_8        0.3229416 0.2561133 0.2685439 0.2572493 0.2685439 0.0000000 0.2572493 0.1039574 0.0919930 0.3229416 0.3284739 0.3284739 0.2619060 
10_8       0.2214882 0.0035731 0.0861369 0.0000010 0.0861369 0.2572493 0.0000000 0.2245794 0.2116072 0.2214882 0.2356442 0.2356442 0.0035814 
16_9       0.3165076 0.2203192 0.2354436 0.2245794 0.2354436 0.1039574 0.2245794 0.0000000 0.0108116 0.3165076 0.3225070 0.3225070 0.2291283 
17_9       0.3018454 0.2074018 0.2218123 0.2116072 0.2218123 0.0919930 0.2116072 0.0108116 0.0000000 0.3018454 0.3077305 0.3077305 0.2160795 
21_8       0.0000010 0.2172042 0.2302335 0.2214882 0.2302335 0.3229416 0.2214882 0.3165076 0.3018454 0.0000000 0.0181891 0.0181891 0.2260583 
23_8       0.0181891 0.2313229 0.2445568 0.2356442 0.2445568 0.3284739 0.2356442 0.3225070 0.3077305 0.0181891 0.0000000 0.0000010 0.2402756 
29_8       0.0181891 0.2313229 0.2445568 0.2356442 0.2445568 0.3284739 0.2356442 0.3225070 0.3077305 0.0181891 0.0000010 0.0000000 0.2402756 
35_16      0.2260583 0.0071631 0.0900925 0.0035814 0.0900925 0.2619060 0.0035814 0.2291283 0.2160795 0.2260583 0.2402756 0.2402756 0.0000000 
