19
1_5        0.0000000 0.0861359 0.0613111 0.0733334 0.0613111 0.0870607 8.9999987 0.0861359 0.0733334 0.0869254 0.0869254 0.0000010 0.0120251 1.4337579 1.7986078 1.3401274 1.4337579 1.3401274 0.0120251 
3_4        0.0861359 0.0000000 0.0238527 0.0119442 0.0238527 0.0483566 8.9741131 0.0000010 0.0119442 0.0482920 0.0482920 0.0861359 0.0992334 1.4315669 2.0344046 1.3763751 1.4315669 1.3763751 0.0992334 
4_5        0.0613111 0.0238527 0.0000000 0.0360778 0.0000010 0.0240914 8.9999981 0.0238527 0.0360778 0.0240618 0.0240618 0.0613111 0.0741717 1.4598077 1.9948174 1.3687570 1.4598077 1.3687570 0.0741717 
5_5        0.0733334 0.0119442 0.0360778 0.0000000 0.0360778 0.0609589 8.9741131 0.0119442 0.0000010 0.0608733 0.0608733 0.0733334 0.0862384 1.4325012 1.9054293 1.3763751 1.4325012 1.3763751 0.0862384 
6_68       0.0613111 0.0238527 0.0000010 0.0360778 0.0000000 0.0240914 8.9999981 0.0238527 0.0360778 0.0240618 0.0240618 0.0613111 0.0741717 1.4598077 1.9948174 1.3687570 1.4598077 1.3687570 0.0741717 
7_5        0.0870607 0.0483566 0.0240914 0.0609589 0.0240914 0.0000000 6.9913536 0.0483566 0.0609589 0.0242095 0.0242095 0.0870607 0.1003161 1.4411307 1.9239288 1.3606705 1.4411307 1.3606705 0.1003161 
9_126      8.9999987 8.9741131 8.9999981 8.9741131 8.9999981 6.9913536 0.0000000 8.9741131 8.9741131 7.0071355 7.0071355 8.9999987 8.9999987 5.5973654 2.5000516 5.9087034 5.5973654 5.9087034 8.9999987 
10_5       0.0861359 0.0000010 0.0238527 0.0119442 0.0238527 0.0483566 8.9741131 0.0000000 0.0119442 0.0482920 0.0482920 0.0861359 0.0992334 1.4315669 2.0344046 1.3763751 1.4315669 1.3763751 0.0992334 
12_5       0.0733334 0.0119442 0.0360778 0.0000010 0.0360778 0.0609589 8.9741131 0.0119442 0.0000000 0.0608733 0.0608733 0.0733334 0.0862384 1.4325012 1.9054293 1.3763751 1.4325012 1.3763751 0.0862384 
16_5       0.0869254 0.0482920 0.0240618 0.0608733 0.0240618 0.0242095 7.0071355 0.0482920 0.0608733 0.0000000 0.0000010 0.0869254 0.1001527 1.4606898 1.8977456 1.3875966 1.4606898 1.3875966 0.1001527 
17_5       0.0869254 0.0482920 0.0240618 0.0608733 0.0240618 0.0242095 7.0071355 0.0482920 0.0608733 0.0000010 0.0000000 0.0869254 0.1001527 1.4606898 1.8977456 1.3875966 1.4606898 1.3875966 0.1001527 
21_5       0.0000010 0.0861359 0.0613111 0.0733334 0.0613111 0.0870607 8.9999987 0.0861359 0.0733334 0.0869254 0.0869254 0.0000000 0.0120251 1.4337579 1.7986078 1.3401274 1.4337579 1.3401274 0.0120251 
23_5       0.0120251 0.0992334 0.0741717 0.0862384 0.0741717 0.1003161 8.9999987 0.0992334 0.0862384 0.1001527 0.1001527 0.0120251 0.0000000 1.4478202 1.7986078 1.3595108 1.4478202 1.3595108 0.0000010 
24_124     1.4337579 1.4315669 1.4598077 1.4325012 1.4598077 1.4411307 5.5973654 1.4315669 1.4325012 1.4606898 1.4606898 1.4337579 1.4478202 0.0000000 3.4080990 0.0000010 0.0000010 0.0000010 1.4478202 
25_144     1.7986078 2.0344046 1.9948174 1.9054293 1.9948174 1.9239288 2.5000516 2.0344046 1.9054293 1.8977456 1.8977456 1.7986078 1.7986078 3.4080990 0.0000000 3.8497578 3.4080990 3.8497578 1.7986078 
26_125     1.3401274 1.3763751 1.3687570 1.3763751 1.3687570 1.3606705 5.9087034 1.3763751 1.3763751 1.3875966 1.3875966 1.3401274 1.3595108 0.0000010 3.8497578 0.0000000 0.0000010 0.0000010 1.3595108 
32_106     1.4337579 1.4315669 1.4598077 1.4325012 1.4598077 1.4411307 5.5973654 1.4315669 1.4325012 1.4606898 1.4606898 1.4337579 1.4478202 0.0000010 3.4080990 0.0000010 0.0000000 0.0000010 1.4478202 
39_10      1.3401274 1.3763751 1.3687570 1.3763751 1.3687570 1.3606705 5.9087034 1.3763751 1.3763751 1.3875966 1.3875966 1.3401274 1.3595108 0.0000010 3.8497578 0.0000010 0.0000010 0.0000000 1.3595108 
43_5       0.0120251 0.0992334 0.0741717 0.0862384 0.0741717 0.1003161 8.9999987 0.0992334 0.0862384 0.1001527 0.1001527 0.0120251 0.0000010 1.4478202 1.7986078 1.3595108 1.4478202 1.3595108 0.0000000 
