6
2_10       0.0000000 3.8476769 3.4159166 3.1334660 3.3401429 2.1184579 
13_90      3.8476769 0.0000000 4.0329106 2.9883566 0.6675317 3.7159780 
15_88      3.4159166 4.0329106 0.0000000 1.1524057 4.0265260 2.5159827 
15_107     3.1334660 2.9883566 1.1524057 0.0000000 2.7821240 3.1716995 
25_29      3.3401429 0.6675317 4.0265260 2.7821240 0.0000000 3.2474253 
31_32      2.1184579 3.7159780 2.5159827 3.1716995 3.2474253 0.0000000 
