13
1_37       0.0000000 0.2838326 0.2600359 0.2439044 0.2600359 0.3556317 0.2518779 0.2518779 0.3323131 0.3323131 0.0000010 0.0067753 0.2695796 
3_36       0.2838326 0.0000000 0.1399547 0.0420052 0.1399547 0.4147547 0.0349560 0.0349560 0.3660089 0.3660089 0.2838326 0.2919148 0.1485362 
4_40       0.2600359 0.1399547 0.0000000 0.1070457 0.0000010 0.3517315 0.0997967 0.0997967 0.3012481 0.3012481 0.2600359 0.2676158 0.0068059 
5_35       0.2439044 0.0420052 0.1070457 0.0000000 0.1070457 0.3674669 0.0067838 0.0067838 0.3135562 0.3135562 0.2439044 0.2517090 0.1150932 
6_37       0.2600359 0.1399547 0.0000010 0.1070457 0.0000000 0.3517315 0.0997967 0.0997967 0.3012481 0.3012481 0.2600359 0.2676158 0.0068059 
7_36       0.3556317 0.4147547 0.3517315 0.3674669 0.3517315 0.0000000 0.3592299 0.3592299 0.1547399 0.1547399 0.3556317 0.3635481 0.3624366 
10_35      0.2518779 0.0349560 0.0997967 0.0067838 0.0997967 0.3592299 0.0000000 0.0000010 0.3217096 0.3217096 0.2518779 0.2596869 0.1077799 
12_35      0.2518779 0.0349560 0.0997967 0.0067838 0.0997967 0.3592299 0.0000010 0.0000000 0.3217096 0.3217096 0.2518779 0.2596869 0.1077799 
16_37      0.3323131 0.3660089 0.3012481 0.3135562 0.3012481 0.1547399 0.3217096 0.3217096 0.0000000 0.0000010 0.3323131 0.3401206 0.3111958 
17_37      0.3323131 0.3660089 0.3012481 0.3135562 0.3012481 0.1547399 0.3217096 0.3217096 0.0000010 0.0000000 0.3323131 0.3401206 0.3111958 
21_35      0.0000010 0.2838326 0.2600359 0.2439044 0.2600359 0.3556317 0.2518779 0.2518779 0.3323131 0.3323131 0.0000000 0.0067753 0.2695796 
29_39      0.0067753 0.2919148 0.2676158 0.2517090 0.2676158 0.3635481 0.2596869 0.2596869 0.3401206 0.3401206 0.0067753 0.0000000 0.2772138 
35_58      0.2695796 0.1485362 0.0068059 0.1150932 0.0068059 0.3624366 0.1077799 0.1077799 0.3111958 0.3111958 0.2695796 0.2772138 0.0000000 
