6
0_66       0.0000000 0.0000010 3.5416757 1.0053040 3.0455233 4.3090012 
0_67       0.0000010 0.0000000 2.0545529 0.7224859 2.1296520 3.7749244 
8_38       3.5416757 2.0545529 0.0000000 3.0034236 0.4947441 3.3813901 
9_139      1.0053040 0.7224859 3.0034236 0.0000000 2.9742794 4.3450278 
11_74      3.0455233 2.1296520 0.4947441 2.9742794 0.0000000 3.5716371 
14_112     4.3090012 3.7749244 3.3813901 4.3450278 3.5716371 0.0000000 
