24
0_22       0.0000000 3.2730095 3.3960340 3.2831897 3.2831897 3.2831897 3.2146285 2.1193681 0.7154039 2.0777815 5.2619956 5.1960445 2.6896256 3.2446402 3.2446402 3.2730095 3.2730095 3.0309736 3.6566818 3.0309736 3.4758434 2.4656776 3.0309736 3.2732893 
1_56       3.2730095 0.0000000 2.3665661 0.0185180 0.0138351 0.0138351 0.0185121 3.5982467 3.1230037 3.3347882 2.7933223 7.3602662 2.3410966 0.0234147 0.0234147 0.0000010 0.0046573 0.6426924 2.4705131 0.6426924 2.2715032 0.0071605 0.6426924 0.0093684 
2_47       3.3960340 2.3665661 0.0000000 2.3758344 2.3820926 2.3820926 2.3139562 3.9501500 3.7368817 4.3467659 2.9581803 6.6482552 2.0871203 2.3181488 2.3181488 2.3665661 2.3784166 2.3112466 2.8191242 2.3112466 0.4343413 1.5773537 2.3112466 2.3864085 
3_56       3.2831897 0.0185180 2.3758344 0.0000000 0.0045938 0.0045938 0.0185394 3.4942424 3.1456382 3.3441127 2.8526543 7.4477039 2.3364727 0.0234497 0.0234497 0.0185180 0.0187765 0.6430854 2.5380282 0.6430854 2.3094841 0.0000010 0.6430854 0.0236087 
4_60       3.2831897 0.0138351 2.3820926 0.0045938 0.0000000 0.0000010 0.0138507 3.4942424 3.1456382 3.3441127 2.8526543 7.4477039 2.3025237 0.0186872 0.0186872 0.0138351 0.0140276 0.6430854 2.5380282 0.6430854 2.3158281 0.0000010 0.6430854 0.0188132 
5_55       3.2831897 0.0138351 2.3820926 0.0045938 0.0000010 0.0000000 0.0138507 3.4942424 3.1456382 3.3441127 2.8526543 7.4477039 2.3025237 0.0186872 0.0186872 0.0138351 0.0140276 0.6430854 2.5380282 0.6430854 2.3158281 0.0000010 0.6430854 0.0188132 
7_55       3.2146285 0.0185121 2.3139562 0.0185394 0.0138507 0.0138507 0.0000000 3.5114597 3.0796284 3.3649134 2.8463811 7.2301346 2.3341519 0.0139056 0.0139056 0.0185121 0.0187705 0.6204339 2.5147481 0.6204339 2.2993933 0.0071605 0.6204339 0.0236013 
8_66       2.1193681 3.5982467 3.9501500 3.4942424 3.4942424 3.4942424 3.5114597 0.0000000 2.1018638 0.4758625 4.9498474 5.4842985 2.8887199 3.5519351 3.5519351 3.5982467 3.6546237 3.6434296 4.6121646 3.6434296 3.9986859 2.6786158 3.6434296 3.6552490 
9_16       0.7154039 3.1230037 3.7368817 3.1456382 3.1456382 3.1456382 3.0796284 2.1018638 0.0000000 2.2383454 5.2089925 5.1389568 2.7347542 3.0538116 3.0538116 3.1230037 3.1419443 2.8200065 3.9765943 2.8200065 3.7660313 2.4477727 2.8200065 3.1610833 
11_59      2.0777815 3.3347882 4.3467659 3.3441127 3.3441127 3.3441127 3.3649134 0.4758625 2.2383454 0.0000000 4.6606732 5.7343865 2.4570524 3.3185249 3.3185249 3.3347882 3.4362344 3.3357649 4.2767386 3.3357649 3.8342975 2.3766345 3.3357649 3.4366350 
13_3       5.2619956 2.7933223 2.9581803 2.8526543 2.8526543 2.8526543 2.8463811 4.9498474 5.2089925 4.6606732 0.0000000 8.9999989 3.0856935 2.8463811 2.8463811 2.7933223 2.7933223 2.7037482 0.7080242 2.7037482 2.6781725 2.4206743 2.7037482 2.7940817 
14_142     5.1960445 7.3602662 6.6482552 7.4477039 7.4477039 7.4477039 7.2301346 5.4842985 5.1389568 5.7343865 8.9999989 0.0000000 5.4417927 7.4346250 7.4346250 7.3602662 7.3682721 7.0545786 8.5880131 7.0545786 6.7257929 8.0094961 7.0545786 7.3710519 
15_32      2.6896256 2.3410966 2.0871203 2.3364727 2.3025237 2.3025237 2.3341519 2.8887199 2.7347542 2.4570524 3.0856935 5.4417927 0.0000000 2.2714257 2.2714257 2.3410966 2.3717310 2.0168710 3.0036324 2.0168710 2.2462548 1.6251615 2.0168710 2.3821391 
16_56      3.2446402 0.0234147 2.3181488 0.0234497 0.0186872 0.0186872 0.0139056 3.5519351 3.0538116 3.3185249 2.8463811 7.4346250 2.2714257 0.0000000 0.0000010 0.0234147 0.0237449 0.6069651 2.5147481 0.6069651 2.2127290 0.0071605 0.6069651 0.0286617 
17_56      3.2446402 0.0234147 2.3181488 0.0234497 0.0186872 0.0186872 0.0139056 3.5519351 3.0538116 3.3185249 2.8463811 7.4346250 2.2714257 0.0000010 0.0000000 0.0234147 0.0237449 0.6069651 2.5147481 0.6069651 2.2127290 0.0071605 0.6069651 0.0286617 
21_53      3.2730095 0.0000010 2.3665661 0.0185180 0.0138351 0.0138351 0.0185121 3.5982467 3.1230037 3.3347882 2.7933223 7.3602662 2.3410966 0.0234147 0.0234147 0.0000000 0.0046573 0.6426924 2.4705131 0.6426924 2.2715032 0.0071605 0.6426924 0.0093684 
23_57      3.2730095 0.0046573 2.3784166 0.0187765 0.0140276 0.0140276 0.0187705 3.6546237 3.1419443 3.4362344 2.7933223 7.3682721 2.3717310 0.0237449 0.0237449 0.0046573 0.0000000 0.6426924 2.4705131 0.6426924 2.2709646 0.0071605 0.6426924 0.0045864 
24_37      3.0309736 0.6426924 2.3112466 0.6430854 0.6430854 0.6430854 0.6204339 3.6434296 2.8200065 3.3357649 2.7037482 7.0545786 2.0168710 0.6069651 0.6069651 0.6426924 0.6426924 0.0000000 2.5496936 0.0000010 2.2465847 0.5469439 0.0000010 0.6429028 
25_6       3.6566818 2.4705131 2.8191242 2.5380282 2.5380282 2.5380282 2.5147481 4.6121646 3.9765943 4.2767386 0.7080242 8.5880131 3.0036324 2.5147481 2.5147481 2.4705131 2.4705131 2.5496936 0.0000000 2.5496936 2.4612497 2.2424652 2.5496936 2.4738804 
26_38      3.0309736 0.6426924 2.3112466 0.6430854 0.6430854 0.6430854 0.6204339 3.6434296 2.8200065 3.3357649 2.7037482 7.0545786 2.0168710 0.6069651 0.6069651 0.6426924 0.6426924 0.0000010 2.5496936 0.0000000 2.2465847 0.5469439 0.0000010 0.6429028 
31_21      3.4758434 2.2715032 0.4343413 2.3094841 2.3158281 2.3158281 2.2993933 3.9986859 3.7660313 3.8342975 2.6781725 6.7257929 2.2462548 2.2127290 2.2127290 2.2715032 2.2709646 2.2465847 2.4612497 2.2465847 0.0000000 1.5411986 2.2465847 2.2677454 
35_95      2.4656776 0.0071605 1.5773537 0.0000010 0.0000010 0.0000010 0.0071605 2.6786158 2.4477727 2.3766345 2.4206743 8.0094961 1.6251615 0.0071605 0.0071605 0.0071605 0.0071605 0.5469439 2.2424652 0.5469439 1.5411986 0.0000000 0.5469439 0.0144545 
39_96      3.0309736 0.6426924 2.3112466 0.6430854 0.6430854 0.6430854 0.6204339 3.6434296 2.8200065 3.3357649 2.7037482 7.0545786 2.0168710 0.6069651 0.6069651 0.6426924 0.6426924 0.0000010 2.5496936 0.0000010 2.2465847 0.5469439 0.0000000 0.6429028 
43_56      3.2732893 0.0093684 2.3864085 0.0236087 0.0188132 0.0188132 0.0236013 3.6552490 3.1610833 3.4366350 2.7940817 7.3710519 2.3821391 0.0286617 0.0286617 0.0093684 0.0045864 0.6429028 2.4738804 0.6429028 2.2677454 0.0144545 0.6429028 0.0000000 
