27
0_175      0.0000000 3.7336668 3.5449495 3.3950367 7.1494282 3.7972128 3.8023409 3.8008454 3.7389551 2.4131912 1.0271641 3.8023409 2.1931999 3.2781359 2.8078122 2.7317055 3.6561010 3.7034479 3.8008454 3.7336668 3.7448578 3.8112471 3.4093336 3.8112471 3.7668018 3.7064214 3.7668018 
1_112      3.7336668 0.0000000 3.3466872 0.0835069 0.0500768 0.0269536 0.0269443 0.0239204 0.0394792 3.1802299 4.1243157 0.0269443 3.1484891 3.1486315 4.1958485 3.6343600 0.0394890 0.0363417 0.0239204 0.0000010 0.0089166 1.4355071 3.1729796 1.4355071 0.0268285 3.3175029 0.0268285 
2_140      3.5449495 3.3466872 0.0000000 3.2861064 5.6218184 3.3668630 3.3675365 3.3562366 3.3566365 3.2452078 3.6635801 3.3675365 3.0942104 2.4157842 3.7491617 3.0158297 3.3455371 3.3322050 3.3562366 3.3466872 3.3570023 3.0627115 2.4828103 3.0627115 3.3573484 1.0000502 3.3573484 
3_118      3.3950367 0.0835069 3.2861064 0.0000000 0.0000010 0.0641096 0.0594224 0.0641096 0.1001503 3.0130690 3.6025771 0.0594224 3.1480284 3.0697931 3.5957712 3.3958906 0.1032949 0.1032949 0.0641096 0.0835069 0.0838297 1.2672637 2.9936767 1.2672637 0.0782635 2.8670716 0.0782635 
3_119      7.1494282 0.0500768 5.6218184 0.0000010 0.0000000 0.0121019 0.0000010 0.0000010 0.0759861 5.0379004 9.0000000 0.0000010 4.1509006 4.8555484 9.0000000 8.7389493 0.0761504 0.0759861 0.0000010 0.0500768 0.0633406 2.7394589 5.9546283 2.7394589 0.0000010 8.3389403 0.0000010 
4_121      3.7972128 0.0269536 3.3668630 0.0641096 0.0121019 0.0000000 0.0058880 0.0029403 0.0518189 3.1823110 4.2618597 0.0058880 3.1737398 3.1455468 4.2039377 3.6733509 0.0486610 0.0486363 0.0029403 0.0269536 0.0301068 1.4763726 3.1701275 1.4763726 0.0118069 3.2812515 0.0118069 
5_114      3.8023409 0.0269443 3.3675365 0.0594224 0.0000010 0.0058880 0.0000000 0.0029393 0.0518010 3.1636352 4.2755771 0.0000010 3.1552057 3.1371245 4.2105994 3.6679453 0.0486442 0.0486195 0.0029393 0.0269443 0.0300963 1.4808049 3.1589137 1.4808049 0.0118028 3.2764528 0.0118028 
6_84       3.8008454 0.0239204 3.3562366 0.0641096 0.0000010 0.0029403 0.0029393 0.0000000 0.0486936 3.1564020 4.2667210 0.0029393 3.1480039 3.1368117 4.2155342 3.6733509 0.0455474 0.0455243 0.0000010 0.0239204 0.0270526 1.4717020 3.1613260 1.4717020 0.0088411 3.2716936 0.0088411 
7_109      3.7389551 0.0394792 3.3566365 0.1001503 0.0759861 0.0518189 0.0518010 0.0486936 0.0000000 3.1862722 4.1478378 0.0518010 3.1426896 3.2846917 4.1839778 3.6644145 0.0179406 0.0149056 0.0486936 0.0394792 0.0426909 1.4416612 3.2171267 1.4416612 0.0454431 3.3707186 0.0454431 
8_121      2.4131912 3.1802299 3.2452078 3.0130690 5.0379004 3.1823110 3.1636352 3.1564020 3.1862722 0.0000000 2.3771557 3.1636352 0.8033953 3.7761049 2.8237334 3.0520265 3.1554858 3.1495247 3.1564020 3.1802299 3.2144150 3.5542284 3.9287199 3.5542284 3.1511702 3.3163369 3.1511702 
9_152      1.0271641 4.1243157 3.6635801 3.6025771 9.0000000 4.2618597 4.2755771 4.2667210 4.1478378 2.3771557 0.0000000 4.2755771 2.5011797 3.8739606 3.1613406 2.8518892 4.1203438 4.0896458 4.2667210 4.1243157 4.1043471 4.4346176 3.7200314 4.4346176 4.2021287 3.5885399 4.2021287 
10_113     3.8023409 0.0269443 3.3675365 0.0594224 0.0000010 0.0058880 0.0000010 0.0029393 0.0518010 3.1636352 4.2755771 0.0000000 3.1552057 3.1371245 4.2105994 3.6679453 0.0486442 0.0486195 0.0029393 0.0269443 0.0300963 1.4808049 3.1589137 1.4808049 0.0118028 3.2764528 0.0118028 
11_113     2.1931999 3.1484891 3.0942104 3.1480284 4.1509006 3.1737398 3.1552057 3.1480039 3.1426896 0.8033953 2.5011797 3.1552057 0.0000000 3.7495386 2.8558850 3.4206814 3.1026300 3.1069099 3.1480039 3.1484891 3.1697363 3.1461586 3.4918657 3.1461586 3.1427990 3.1674530 3.1427990 
13_23      3.2781359 3.1486315 2.4157842 3.0697931 4.8555484 3.1455468 3.1371245 3.1368117 3.2846917 3.7761049 3.8739606 3.1371245 3.7495386 0.0000000 4.0730466 3.2571143 3.1834103 3.2035777 3.1368117 3.1486315 3.1674888 3.3352765 0.7055043 3.3352765 3.1622991 2.8421291 3.1622991 
14_129     2.8078122 4.1958485 3.7491617 3.5957712 9.0000000 4.2039377 4.2105994 4.2155342 4.1839778 2.8237334 3.1613406 4.2105994 2.8558850 4.0730466 0.0000000 3.8535288 4.1712403 4.1767443 4.2155342 4.1958485 4.1944781 4.0615236 4.1556031 4.0615236 4.1998015 3.9256743 4.1998015 
15_74      2.7317055 3.6343600 3.0158297 3.3958906 8.7389493 3.6733509 3.6679453 3.6733509 3.6644145 3.0520265 2.8518892 3.6679453 3.4206814 3.2571143 3.8535288 0.0000000 3.6417846 3.5973497 3.6733509 3.6343600 3.6166269 3.7077169 3.2733317 3.7077169 3.6644699 2.8663995 3.6644699 
16_109     3.6561010 0.0394890 3.3455371 0.1032949 0.0761504 0.0486610 0.0486442 0.0455474 0.0179406 3.1554858 4.1203438 0.0486442 3.1026300 3.1834103 4.1712403 3.6417846 0.0000000 0.0029547 0.0455474 0.0394890 0.0427015 1.4441748 3.1957467 1.4441748 0.0484296 3.3082933 0.0484296 
17_109     3.7034479 0.0363417 3.3322050 0.1032949 0.0759861 0.0486363 0.0486195 0.0455243 0.0149056 3.1495247 4.0896458 0.0486195 3.1069099 3.2035777 4.1767443 3.5973497 0.0029547 0.0000000 0.0455243 0.0363417 0.0395319 1.4341790 3.2158249 1.4341790 0.0484051 3.3297912 0.0484051 
18_113     3.8008454 0.0239204 3.3562366 0.0641096 0.0000010 0.0029403 0.0029393 0.0000010 0.0486936 3.1564020 4.2667210 0.0029393 3.1480039 3.1368117 4.2155342 3.6733509 0.0455474 0.0455243 0.0000000 0.0239204 0.0270526 1.4717020 3.1613260 1.4717020 0.0088411 3.2716936 0.0088411 
21_110     3.7336668 0.0000010 3.3466872 0.0835069 0.0500768 0.0269536 0.0269443 0.0239204 0.0394792 3.1802299 4.1243157 0.0269443 3.1484891 3.1486315 4.1958485 3.6343600 0.0394890 0.0363417 0.0239204 0.0000000 0.0089166 1.4355071 3.1729796 1.4355071 0.0268285 3.3175029 0.0268285 
23_113     3.7448578 0.0089166 3.3570023 0.0838297 0.0633406 0.0301068 0.0300963 0.0270526 0.0426909 3.2144150 4.1043471 0.0300963 3.1697363 3.1674888 4.1944781 3.6166269 0.0427015 0.0395319 0.0270526 0.0089166 0.0000000 1.4309974 3.1634850 1.4309974 0.0299661 3.3614094 0.0299661 
24_58      3.8112471 1.4355071 3.0627115 1.2672637 2.7394589 1.4763726 1.4808049 1.4717020 1.4416612 3.5542284 4.4346176 1.4808049 3.1461586 3.3352765 4.0615236 3.7077169 1.4441748 1.4341790 1.4717020 1.4355071 1.4309974 0.0000000 3.2783331 0.0000010 1.4678345 3.3878497 1.4678345 
25_108     3.4093336 3.1729796 2.4828103 2.9936767 5.9546283 3.1701275 3.1589137 3.1613260 3.2171267 3.9287199 3.7200314 3.1589137 3.4918657 0.7055043 4.1556031 3.2733317 3.1957467 3.2158249 3.1613260 3.1729796 3.1634850 3.2783331 0.0000000 3.2783331 3.1669422 2.8554735 3.1669422 
26_59      3.8112471 1.4355071 3.0627115 1.2672637 2.7394589 1.4763726 1.4808049 1.4717020 1.4416612 3.5542284 4.4346176 1.4808049 3.1461586 3.3352765 4.0615236 3.7077169 1.4441748 1.4341790 1.4717020 1.4355071 1.4309974 0.0000010 3.2783331 0.0000000 1.4678345 3.3878497 1.4678345 
30_114     3.7668018 0.0268285 3.3573484 0.0782635 0.0000010 0.0118069 0.0118028 0.0088411 0.0454431 3.1511702 4.2021287 0.0118028 3.1427990 3.1622991 4.1998015 3.6644699 0.0484296 0.0484051 0.0088411 0.0268285 0.0299661 1.4678345 3.1669422 1.4678345 0.0000000 3.3166296 0.0000010 
31_91      3.7064214 3.3175029 1.0000502 2.8670716 8.3389403 3.2812515 3.2764528 3.2716936 3.3707186 3.3163369 3.5885399 3.2764528 3.1674530 2.8421291 3.9256743 2.8663995 3.3082933 3.3297912 3.2716936 3.3175029 3.3614094 3.3878497 2.8554735 3.3878497 3.3166296 0.0000000 3.3166296 
35_115     3.7668018 0.0268285 3.3573484 0.0782635 0.0000010 0.0118069 0.0118028 0.0088411 0.0454431 3.1511702 4.2021287 0.0118028 3.1427990 3.1622991 4.1998015 3.6644699 0.0484296 0.0484051 0.0088411 0.0268285 0.0299661 1.4678345 3.1669422 1.4678345 0.0000010 3.3166296 0.0000000 
