21
0_25       0.0000000 2.2420683 2.0853126 2.3175526 2.2982501 2.2982501 2.2448364 1.3413602 0.2271640 1.4701992 1.9308696 3.0630891 1.3621489 2.3161164 2.3161164 2.2420683 2.1617131 1.8637271 2.1617131 2.1695877 2.2643967 
1_120      2.2420683 0.0000000 0.9728252 0.0166087 0.0124251 0.0124251 0.0167664 1.8852310 2.2305458 1.9631203 0.9155820 3.3637187 1.5377113 0.0165801 0.0165801 0.0000010 0.4238326 0.9537685 0.4238326 1.1264628 0.0041295 
2_113      2.0853126 0.9728252 0.0000000 1.0080330 0.9981239 0.9981239 1.0197359 1.7665758 2.0869217 1.9535840 0.8480616 3.1893665 1.4189837 1.0006518 1.0006518 0.9728252 1.0415831 0.8295466 1.0415831 0.4651835 0.9742845 
3_124      2.3175526 0.0166087 1.0080330 0.0000000 0.0041202 0.0041202 0.0167129 1.9195305 2.3061591 2.0127032 0.9225265 3.4691441 1.5658049 0.0082474 0.0082474 0.0166087 0.4379164 0.9853268 0.4379164 1.1493779 0.0208226 
4_128      2.2982501 0.0124251 0.9981239 0.0041202 0.0000000 0.0000010 0.0125033 1.9189903 2.2868130 2.0094664 0.9131183 3.4389754 1.5524896 0.0041133 0.0041133 0.0124251 0.4309709 0.9755392 0.4309709 1.1385137 0.0166161 
5_122      2.2982501 0.0124251 0.9981239 0.0041202 0.0000010 0.0000000 0.0125033 1.9189903 2.2868130 2.0094664 0.9131183 3.4389754 1.5524896 0.0041133 0.0041133 0.0124251 0.4309709 0.9755392 0.4309709 1.1385137 0.0166161 
7_117      2.2448364 0.0167664 1.0197359 0.0167129 0.0125033 0.0125033 0.0000000 1.9013253 2.2333369 1.9911582 0.9216122 3.4572451 1.5842985 0.0166840 0.0166840 0.0167664 0.4428040 0.9845464 0.4428040 1.1376238 0.0210204 
8_137      1.3413602 1.8852310 1.7665758 1.9195305 1.9189903 1.9189903 1.9013253 0.0000000 1.3792272 0.1736742 1.5625817 2.3715171 1.3132166 1.9339277 1.9339277 1.8852310 1.6454377 1.5083972 1.6454377 1.6593478 1.9039189 
9_107      0.2271640 2.2305458 2.0869217 2.3061591 2.2868130 2.2868130 2.2333369 1.3792272 0.0000000 1.4099403 2.0623480 3.3008497 1.5247721 2.3047153 2.3047153 2.2305458 2.2084626 2.0378297 2.2084626 2.1189120 2.2437773 
11_73      1.4701992 1.9631203 1.9535840 2.0127032 2.0094664 2.0094664 1.9911582 0.1736742 1.4099403 0.0000000 1.6737923 2.4182407 1.4013058 2.0250063 2.0250063 1.9631203 1.6923775 1.5837914 1.6923775 1.8280256 1.9824654 
13_29      1.9308696 0.9155820 0.8480616 0.9225265 0.9131183 0.9131183 0.9216122 1.5625817 2.0623480 1.6737923 0.0000000 3.1781933 1.1792526 0.9155275 0.9155275 0.9155820 0.8453785 0.2204523 0.8453785 0.9828525 0.9231988 
14_201     3.0630891 3.3637187 3.1893665 3.4691441 3.4389754 3.4389754 3.4572451 2.3715171 3.3008497 2.4182407 3.1781933 0.0000000 3.0518169 3.4320858 3.4320858 3.3637187 3.2351154 3.1984999 3.2351154 2.9224483 3.3996867 
15_121     1.3621489 1.5377113 1.4189837 1.5658049 1.5524896 1.5524896 1.5842985 1.3132166 1.5247721 1.4013058 1.1792526 3.0518169 0.0000000 1.5557563 1.5557563 1.5377113 1.4423862 1.1533441 1.4423862 1.4976456 1.5303892 
16_117     2.3161164 0.0165801 1.0006518 0.0082474 0.0041133 0.0041133 0.0166840 1.9339277 2.3047153 2.0250063 0.9155275 3.4320858 1.5557563 0.0000000 0.0000010 0.0165801 0.4325815 0.9780393 0.4325815 1.1481619 0.0207864 
17_117     2.3161164 0.0165801 1.0006518 0.0082474 0.0041133 0.0041133 0.0166840 1.9339277 2.3047153 2.0250063 0.9155275 3.4320858 1.5557563 0.0000010 0.0000000 0.0165801 0.4325815 0.9780393 0.4325815 1.1481619 0.0207864 
21_117     2.2420683 0.0000010 0.9728252 0.0166087 0.0124251 0.0124251 0.0167664 1.8852310 2.2305458 1.9631203 0.9155820 3.3637187 1.5377113 0.0165801 0.0165801 0.0000000 0.4238326 0.9537685 0.4238326 1.1264628 0.0041295 
24_57      2.1617131 0.4238326 1.0415831 0.4379164 0.4309709 0.4309709 0.4428040 1.6454377 2.2084626 1.6923775 0.8453785 3.2351154 1.4423862 0.4325815 0.4325815 0.4238326 0.0000000 0.8341463 0.0000010 1.0987224 0.4311105 
25_69      1.8637271 0.9537685 0.8295466 0.9853268 0.9755392 0.9755392 0.9845464 1.5083972 2.0378297 1.5837914 0.2204523 3.1984999 1.1533441 0.9780393 0.9780393 0.9537685 0.8341463 0.0000000 0.8341463 0.9099319 0.9615789 
26_58      2.1617131 0.4238326 1.0415831 0.4379164 0.4309709 0.4309709 0.4428040 1.6454377 2.2084626 1.6923775 0.8453785 3.2351154 1.4423862 0.4325815 0.4325815 0.4238326 0.0000010 0.8341463 0.0000000 1.0987224 0.4311105 
31_15      2.1695877 1.1264628 0.4651835 1.1493779 1.1385137 1.1385137 1.1376238 1.6593478 2.1189120 1.8280256 0.9828525 2.9224483 1.4976456 1.1481619 1.1481619 1.1264628 1.0987224 0.9099319 1.0987224 0.0000000 1.1291728 
43_120     2.2643967 0.0041295 0.9742845 0.0208226 0.0166161 0.0166161 0.0210204 1.9039189 2.2437773 1.9824654 0.9231988 3.3996867 1.5303892 0.0207864 0.0207864 0.0041295 0.4311105 0.9615789 0.4311105 1.1291728 0.0000000 
