10
0_125      0.0000000 3.0877549 1.8408497 0.5172664 1.8005491 3.0923226 3.2074502 2.2455696 2.7415692 3.1129745 
2_97       3.0877549 0.0000000 3.3034815 3.1518720 3.0248728 1.8591174 4.4248303 2.3191447 1.7116295 0.8156173 
8_134      1.8408497 3.3034815 0.0000000 1.9372076 0.4269982 3.4333180 2.9422991 2.5419471 3.3933152 3.0017186 
9_218      0.5172664 3.1518720 1.9372076 0.0000000 1.9333075 2.9867293 3.3273447 2.3937246 2.6836790 3.2501736 
11_85      1.8005491 3.0248728 0.4269982 1.9333075 0.0000000 3.3150688 2.8492480 2.4768169 3.0608611 2.7928167 
13_91      3.0923226 1.8591174 3.4333180 2.9867293 3.3150688 0.0000000 3.9468870 1.9691850 0.4780115 2.0871091 
14_56      3.2074502 4.4248303 2.9422991 3.3273447 2.8492480 3.9468870 0.0000000 3.3977622 3.3820000 4.7557200 
15_1       2.2455696 2.3191447 2.5419471 2.3937246 2.4768169 1.9691850 3.3977622 0.0000000 1.8146244 2.2050066 
25_114     2.7415692 1.7116295 3.3933152 2.6836790 3.0608611 0.4780115 3.3820000 1.8146244 0.0000000 2.1025167 
31_0       3.1129745 0.8156173 3.0017186 3.2501736 2.7928167 2.0871091 4.7557200 2.2050066 2.1025167 0.0000000 
