9
15_31      0.0000000 3.4685291 2.6601061 4.3064568 4.0486374 4.3411974 5.5986868 4.4303371 5.8454203 
15_67      3.4685291 0.0000000 2.8059712 4.3215759 3.6491726 4.9309444 4.7262300 4.4044986 4.5680032 
15_68      2.6601061 2.8059712 0.0000000 4.6526882 4.1121997 4.7321238 3.6568309 3.6693397 4.1086197 
15_108     4.3064568 4.3215759 4.6526882 0.0000000 0.6986828 1.6250901 3.9113979 3.7082755 4.5939591 
15_109     4.0486374 3.6491726 4.1121997 0.6986828 0.0000000 1.4588481 3.3605309 3.0258160 3.3762480 
15_110     4.3411974 4.9309444 4.7321238 1.6250901 1.4588481 0.0000000 3.1519538 3.5150794 4.5518893 
15_135     5.5986868 4.7262300 3.6568309 3.9113979 3.3605309 3.1519538 0.0000000 1.7589325 2.6532613 
15_136     4.4303371 4.4044986 3.6693397 3.7082755 3.0258160 3.5150794 1.7589325 0.0000000 1.2106879 
15_137     5.8454203 4.5680032 4.1086197 4.5939591 3.3762480 4.5518893 2.6532613 1.2106879 0.0000000 
