6
0_95       0.0000000 1.8531725 0.4320623 1.7812193 2.2434648 1.9558016 
8_176      1.8531725 0.0000000 1.7436150 0.2248237 1.4752028 2.4421432 
9_44       0.4320623 1.7436150 0.0000000 1.7271919 2.0702591 1.9620179 
11_120     1.7812193 0.2248237 1.7271919 0.0000000 1.5005551 2.3312205 
14_111     2.2434648 1.4752028 2.0702591 1.5005551 0.0000000 2.5846943 
15_104     1.9558016 2.4421432 1.9620179 2.3312205 2.5846943 0.0000000 
