18
1_108      0.0000000 0.2013883 0.0000010 0.2443847 0.1879800 0.2642643 0.1697476 0.1807764 0.2779886 0.2886493 0.1879800 0.2140450 0.1807764 0.0635263 0.0635263 0.2013883 0.2140450 0.1715438 
3_112      0.2013883 0.0000000 0.2013883 0.0619275 0.0731334 0.3341184 0.0000010 0.0000010 0.3434572 0.3580846 0.0731334 0.0731334 0.0000010 0.1532403 0.1532403 0.0000010 0.0731334 0.1526511 
4_117      0.0000010 0.2013883 0.0000000 0.2443847 0.1879800 0.2642643 0.1697476 0.1807764 0.2779886 0.2886493 0.1879800 0.2140450 0.1807764 0.0635263 0.0635263 0.2013883 0.2140450 0.1715438 
5_109      0.2443847 0.0619275 0.2443847 0.0000000 0.1523985 0.4110151 0.0615451 0.0619275 0.4008778 0.4189408 0.1523985 0.1533787 0.0619275 0.2013712 0.2013712 0.0619275 0.1533787 0.1833668 
6_89       0.1879800 0.0731334 0.1879800 0.1523985 0.0000000 0.3109495 0.0643320 0.0682654 0.3384017 0.3495519 0.0000010 0.0000010 0.0682654 0.1653306 0.1653306 0.0731334 0.0000010 0.0568777 
7_104      0.2642643 0.3341184 0.2642643 0.4110151 0.3109495 0.0000000 0.2852975 0.2951515 0.1368733 0.1461820 0.3109495 0.3553403 0.2951515 0.2678152 0.2678152 0.3341184 0.3553403 0.2397086 
10_108     0.1697476 0.0000010 0.1697476 0.0615451 0.0643320 0.2852975 0.0000000 0.0000010 0.3127374 0.3238589 0.0643320 0.0731334 0.0000010 0.1532403 0.1532403 0.0000010 0.0731334 0.1246009 
12_105     0.1807764 0.0000010 0.1807764 0.0619275 0.0682654 0.2951515 0.0000010 0.0000000 0.3248261 0.3368131 0.0682654 0.0731334 0.0000010 0.1532403 0.1532403 0.0000010 0.0731334 0.1325166 
16_104     0.2779886 0.3434572 0.2779886 0.4008778 0.3384017 0.1368733 0.3127374 0.3248261 0.0000000 0.0078863 0.3384017 0.3637229 0.3248261 0.2890182 0.2890182 0.3434572 0.3637229 0.2733993 
17_104     0.2886493 0.3580846 0.2886493 0.4189408 0.3495519 0.1461820 0.3238589 0.3368131 0.0078863 0.0000000 0.3495519 0.3783083 0.3368131 0.3029968 0.3029968 0.3580846 0.3783083 0.2838979 
18_108     0.1879800 0.0731334 0.1879800 0.1523985 0.0000010 0.3109495 0.0643320 0.0682654 0.3384017 0.3495519 0.0000000 0.0000010 0.0682654 0.1653306 0.1653306 0.0731334 0.0000010 0.0568777 
20_108     0.2140450 0.0731334 0.2140450 0.1533787 0.0000010 0.3553403 0.0731334 0.0731334 0.3637229 0.3783083 0.0000010 0.0000000 0.0731334 0.1653306 0.1653306 0.0731334 0.0000010 0.0743057 
22_106     0.1807764 0.0000010 0.1807764 0.0619275 0.0682654 0.2951515 0.0000010 0.0000010 0.3248261 0.3368131 0.0682654 0.0731334 0.0000000 0.1532403 0.1532403 0.0000010 0.0731334 0.1325166 
23_109     0.0635263 0.1532403 0.0635263 0.2013712 0.1653306 0.2678152 0.1532403 0.1532403 0.2890182 0.3029968 0.1653306 0.1653306 0.1532403 0.0000000 0.0000010 0.1532403 0.1653306 0.1680005 
29_112     0.0635263 0.1532403 0.0635263 0.2013712 0.1653306 0.2678152 0.1532403 0.1532403 0.2890182 0.3029968 0.1653306 0.1653306 0.1532403 0.0000010 0.0000000 0.1532403 0.1653306 0.1680005 
34_90      0.2013883 0.0000010 0.2013883 0.0619275 0.0731334 0.3341184 0.0000010 0.0000010 0.3434572 0.3580846 0.0731334 0.0731334 0.0000010 0.1532403 0.1532403 0.0000000 0.0731334 0.1526511 
35_62      0.2140450 0.0731334 0.2140450 0.1533787 0.0000010 0.3553403 0.0731334 0.0731334 0.3637229 0.3783083 0.0000010 0.0000010 0.0731334 0.1653306 0.1653306 0.0731334 0.0000000 0.0743057 
44_106     0.1715438 0.1526511 0.1715438 0.1833668 0.0568777 0.2397086 0.1246009 0.1325166 0.2733993 0.2838979 0.0568777 0.0743057 0.1325166 0.1680005 0.1680005 0.1526511 0.0743057 0.0000000 
