17
1_93       0.0000000 0.0781204 0.0819061 0.0741777 0.0822504 0.0703772 0.0937150 0.0937150 0.0741777 0.0042004 0.0220835 2.0386218 2.0386218 0.0000010 0.0866963 0.0703772 0.0041966 
3_94       0.0781204 0.0000000 0.0252874 0.0179958 0.0742870 0.0071723 0.0780621 0.0780621 0.0179958 0.0883026 0.0631119 2.0364439 2.0364439 0.0876107 0.0000010 0.0071723 0.0830191 
4_99       0.0819061 0.0252874 0.0000000 0.0071697 0.0780642 0.0179879 0.0742605 0.0742605 0.0071697 0.0929037 0.0724719 2.0733391 2.0733391 0.0921796 0.0175851 0.0179879 0.0875670 
6_106      0.0741777 0.0179958 0.0071697 0.0000000 0.0703620 0.0107531 0.0665833 0.0665833 0.0000010 0.0836861 0.0631219 2.0619809 2.0619809 0.0830270 0.0087532 0.0107531 0.0784586 
7_88       0.0822504 0.0742870 0.0780642 0.0703620 0.0000000 0.0665721 0.0363390 0.0363390 0.0703620 0.0933758 0.0728443 2.0335334 2.0335334 0.0926446 0.0773189 0.0665721 0.0880063 
10_91      0.0703772 0.0071723 0.0179879 0.0107531 0.0665721 0.0000000 0.0703267 0.0703267 0.0107531 0.0836730 0.0631119 2.0434100 2.0434100 0.0830142 0.0000010 0.0000010 0.0784465 
16_88      0.0937150 0.0780621 0.0742605 0.0665833 0.0363390 0.0703267 0.0000000 0.0000010 0.0665833 0.1024376 0.0820956 2.0769208 2.0769208 0.1016454 0.0772815 0.0703267 0.0969755 
17_88      0.0937150 0.0780621 0.0742605 0.0665833 0.0363390 0.0703267 0.0000010 0.0000000 0.0665833 0.1024376 0.0820956 2.0769208 2.0769208 0.1016454 0.0772815 0.0703267 0.0969755 
18_91      0.0741777 0.0179958 0.0071697 0.0000010 0.0703620 0.0107531 0.0665833 0.0665833 0.0000000 0.0836861 0.0631219 2.0619809 2.0619809 0.0830270 0.0087532 0.0107531 0.0784586 
21_90      0.0042004 0.0883026 0.0929037 0.0836861 0.0933758 0.0836730 0.1024376 0.1024376 0.0836861 0.0000000 0.0222811 2.2648089 2.2648089 0.0042004 0.0874107 0.0836730 0.0042335 
23_93      0.0220835 0.0631119 0.0724719 0.0631219 0.0728443 0.0631119 0.0820956 0.0820956 0.0631219 0.0222811 0.0000000 2.3182123 2.3182123 0.0220835 0.0631119 0.0631119 0.0176224 
24_53      2.0386218 2.0364439 2.0733391 2.0619809 2.0335334 2.0434100 2.0769208 2.0769208 2.0619809 2.2648089 2.3182123 0.0000000 0.0000010 2.2838743 2.3757090 2.0434100 2.2444665 
26_54      2.0386218 2.0364439 2.0733391 2.0619809 2.0335334 2.0434100 2.0769208 2.0769208 2.0619809 2.2648089 2.3182123 0.0000010 0.0000000 2.2838743 2.3757090 2.0434100 2.2444665 
28_93      0.0000010 0.0876107 0.0921796 0.0830270 0.0926446 0.0830142 0.1016454 0.1016454 0.0830270 0.0042004 0.0220835 2.2838743 2.2838743 0.0000000 0.0866963 0.0830142 0.0041966 
33_106     0.0866963 0.0000010 0.0175851 0.0087532 0.0773189 0.0000010 0.0772815 0.0772815 0.0087532 0.0874107 0.0631119 2.3757090 2.3757090 0.0866963 0.0000000 0.0000010 0.0819173 
34_107     0.0703772 0.0071723 0.0179879 0.0107531 0.0665721 0.0000010 0.0703267 0.0703267 0.0107531 0.0836730 0.0631119 2.0434100 2.0434100 0.0830142 0.0000010 0.0000000 0.0784465 
43_92      0.0041966 0.0830191 0.0875670 0.0784586 0.0880063 0.0784465 0.0969755 0.0969755 0.0784586 0.0042335 0.0176224 2.2444665 2.2444665 0.0041966 0.0819173 0.0784465 0.0000000 
