10
0_88       0.0000000 0.3859073 1.1580730 0.7913444 0.6624657 2.1433367 1.7931557 2.6457513 2.2182546 0.4563829 
0_129      0.3859073 0.0000000 1.1666168 0.4328701 0.6233780 2.0405666 1.8773107 3.1970533 2.0416042 0.4340441 
8_3        1.1580730 1.1666168 0.0000000 3.1986046 1.0609936 2.4792322 3.2999013 0.6307028 2.8255229 1.0886119 
9_56       0.7913444 0.4328701 3.1986046 0.0000000 1.2844085 1.9622421 1.9344979 3.0407485 1.6806037 0.9400341 
9_57       0.6624657 0.6233780 1.0609936 1.2844085 0.0000000 1.9630941 1.7985393 0.4391026 1.3804772 0.5673151 
9_92       2.1433367 2.0405666 2.4792322 1.9622421 1.9630941 0.0000000 0.4494691 2.6216305 2.0815160 2.1055453 
9_93       1.7931557 1.8773107 3.2999013 1.9344979 1.7985393 0.4494691 0.0000000 3.1543512 2.0330466 2.1423983 
9_198      2.6457513 3.1970533 0.6307028 3.0407485 0.4391026 2.6216305 3.1543512 0.0000000 0.4183337 2.7066180 
9_200      2.2182546 2.0416042 2.8255229 1.6806037 1.3804772 2.0815160 2.0330466 0.4183337 0.0000000 2.0935127 
9_215      0.4563829 0.4340441 1.0886119 0.9400341 0.5673151 2.1055453 2.1423983 2.7066180 2.0935127 0.0000000 
