7
0_69       0.0000000 1.2185132 2.7694208 1.2964337 1.1767854 1.9867676 0.9936983 
0_98       1.2185132 0.0000000 2.0460169 1.7815642 1.5945696 2.7985908 1.7812729 
8_18       2.7694208 2.0460169 0.0000000 1.3318569 1.2190158 3.2027847 2.6827657 
8_98       1.2964337 1.7815642 1.3318569 0.0000000 0.4456482 2.0424326 1.4577623 
8_99       1.1767854 1.5945696 1.2190158 0.4456482 0.0000000 1.8444170 1.3667540 
8_128      1.9867676 2.7985908 3.2027847 2.0424326 1.8444170 0.0000000 2.4629003 
9_150      0.9936983 1.7812729 2.6827657 1.4577623 1.3667540 2.4629003 0.0000000 
