27
1_36       0.0000000 0.1245871 0.1609132 0.1253855 0.1610868 0.2012345 0.1305371 0.1253855 0.2039419 0.2039419 0.1577491 0.1638994 0.1638994 0.0026025 0.0130933 3.1164244 3.1164244 0.1275770 0.0000010 0.0025996 0.1577491 3.1164244 0.1304985 0.1602635 3.1164244 0.1275770 0.0000010 
3_35       0.1245871 0.0000000 0.0729415 0.0078155 0.0730304 0.1550133 0.0052012 0.0078155 0.1560035 0.1560035 0.0700360 0.0757713 0.0757713 0.1276531 0.1335849 2.8957118 2.8957118 0.0025986 0.1245871 0.1274914 0.0700360 2.8957118 0.0052004 0.0806676 2.8957118 0.0025986 0.1245638 
4_39       0.1609132 0.0729415 0.0000000 0.0758863 0.0051791 0.1736233 0.0729605 0.0758863 0.1698600 0.1698600 0.0025824 0.0077624 0.0077624 0.1641374 0.1703157 2.7685522 2.7685522 0.0701008 0.1609132 0.1639226 0.0025824 2.7685522 0.0729438 0.0030763 2.7685522 0.0701008 0.1581751 
5_34       0.1253855 0.0078155 0.0758863 0.0000000 0.0759786 0.1579869 0.0078164 0.0000010 0.1526679 0.1526679 0.0729711 0.0787227 0.0787227 0.1284666 0.1344258 2.8900895 2.8900895 0.0052069 0.1253855 0.1283032 0.0729711 2.8900895 0.0078152 0.0806676 2.8900895 0.0052069 0.1253802 
6_38       0.1610868 0.0730304 0.0051791 0.0759786 0.0000000 0.1738137 0.0730495 0.0759786 0.1700485 0.1700485 0.0025857 0.0077722 0.0077722 0.1643136 0.1704967 2.7816667 2.7816667 0.0701866 0.1610868 0.1640985 0.0025857 2.7816667 0.0730327 0.0000010 2.7816667 0.0701866 0.1583500 
7_35       0.2012345 0.1550133 0.1736233 0.1579869 0.1738137 0.0000000 0.1613682 0.1579869 0.0773738 0.0773738 0.1703036 0.1767430 0.1767430 0.2047356 0.2119266 3.2764490 3.2764490 0.1582054 0.2012345 0.2044509 0.1703036 3.2764490 0.1613121 0.1653849 3.2764490 0.1582054 0.2012345 
10_34      0.1305371 0.0052012 0.0729605 0.0078164 0.0730495 0.1613682 0.0000000 0.0078164 0.1560767 0.1560767 0.0700538 0.0757916 0.0757916 0.1336218 0.1395802 2.9097861 2.9097861 0.0025989 0.1305371 0.1334519 0.0700538 2.9097861 0.0052010 0.0772638 2.9097861 0.0025989 0.1306485 
12_34      0.1253855 0.0078155 0.0758863 0.0000010 0.0759786 0.1579869 0.0078164 0.0000000 0.1526679 0.1526679 0.0729711 0.0787227 0.0787227 0.1284666 0.1344258 2.8900895 2.8900895 0.0052069 0.1253855 0.1283032 0.0729711 2.8900895 0.0078152 0.0806676 2.8900895 0.0052069 0.1253802 
16_36      0.2039419 0.1560035 0.1698600 0.1526679 0.1700485 0.0773738 0.1560767 0.1526679 0.0000000 0.0000010 0.1665321 0.1729909 0.1729909 0.2074990 0.2215160 3.2071458 3.2071458 0.1528811 0.2039419 0.2072063 0.1665321 3.2071458 0.1560227 0.1565787 3.2071458 0.1528811 0.2039419 
17_36      0.2039419 0.1560035 0.1698600 0.1526679 0.1700485 0.0773738 0.1560767 0.1526679 0.0000010 0.0000000 0.1665321 0.1729909 0.1729909 0.2074990 0.2215160 3.2071458 3.2071458 0.1528811 0.2039419 0.2072063 0.1665321 3.2071458 0.1560227 0.1565787 3.2071458 0.1528811 0.2039419 
18_38      0.1577491 0.0700360 0.0025824 0.0729711 0.0025857 0.1703036 0.0700538 0.0729711 0.1665321 0.1665321 0.0000000 0.0051672 0.0051672 0.1609622 0.1671243 2.7775869 2.7775869 0.0672010 0.1577491 0.1607520 0.0000010 2.7775869 0.0700380 0.0000010 2.7775869 0.0672010 0.1549533 
19_35      0.1638994 0.0757713 0.0077624 0.0787227 0.0077722 0.1767430 0.0757916 0.0787227 0.1729909 0.1729909 0.0051672 0.0000000 0.0000010 0.1671307 0.1733180 2.7702521 2.7702521 0.0729281 0.1638994 0.1669119 0.0051672 2.7702521 0.0757740 0.0061558 2.7702521 0.0729281 0.1612187 
20_38      0.1638994 0.0757713 0.0077624 0.0787227 0.0077722 0.1767430 0.0757916 0.0787227 0.1729909 0.1729909 0.0051672 0.0000010 0.0000000 0.1671307 0.1733180 2.7702521 2.7702521 0.0729281 0.1638994 0.1669119 0.0051672 2.7702521 0.0757740 0.0061558 2.7702521 0.0729281 0.1612187 
21_34      0.0026025 0.1276531 0.1641374 0.1284666 0.1643136 0.2047356 0.1336218 0.1284666 0.2074990 0.2074990 0.1609622 0.1671307 0.1671307 0.0000000 0.0157406 3.0925543 3.0925543 0.1306524 0.0026025 0.0052085 0.1609622 3.0925543 0.1335817 0.1640943 3.0925543 0.1306524 0.0026629 
23_37      0.0130933 0.1335849 0.1703157 0.1344258 0.1704967 0.2119266 0.1395802 0.1344258 0.2215160 0.2215160 0.1671243 0.1733180 0.1733180 0.0157406 0.0000000 3.1055152 3.1055152 0.1365975 0.0130933 0.0157226 0.1671243 3.1055152 0.1395374 0.1714396 3.1055152 0.1365975 0.0133984 
24_12      3.1164244 2.8957118 2.7685522 2.8900895 2.7816667 3.2764490 2.9097861 2.8900895 3.2071458 3.2071458 2.7775869 2.7702521 2.7702521 3.0925543 3.1055152 0.0000000 0.0000010 2.8748436 3.1164244 3.0881114 2.7775869 0.0017961 2.8711436 2.7891290 0.0017961 2.8748436 3.2096737 
26_12      3.1164244 2.8957118 2.7685522 2.8900895 2.7816667 3.2764490 2.9097861 2.8900895 3.2071458 3.2071458 2.7775869 2.7702521 2.7702521 3.0925543 3.1055152 0.0000010 0.0000000 2.8748436 3.1164244 3.0881114 2.7775869 0.0017961 2.8711436 2.7891290 0.0017961 2.8748436 3.2096737 
27_69      0.1275770 0.0025986 0.0701008 0.0052069 0.0701866 0.1582054 0.0025989 0.0052069 0.1528811 0.1528811 0.0672010 0.0729281 0.0729281 0.1306524 0.1365975 2.8748436 2.8748436 0.0000000 0.1275770 0.1304866 0.0672010 2.8748436 0.0025985 0.0772638 2.8748436 0.0000010 0.1276214 
28_37      0.0000010 0.1245871 0.1609132 0.1253855 0.1610868 0.2012345 0.1305371 0.1253855 0.2039419 0.2039419 0.1577491 0.1638994 0.1638994 0.0026025 0.0130933 3.1164244 3.1164244 0.1275770 0.0000000 0.0025996 0.1577491 3.1164244 0.1304985 0.1602635 3.1164244 0.1275770 0.0000010 
29_38      0.0025996 0.1274914 0.1639226 0.1283032 0.1640985 0.2044509 0.1334519 0.1283032 0.2072063 0.2072063 0.1607520 0.1669119 0.1669119 0.0052085 0.0157226 3.0881114 3.0881114 0.1304866 0.0025996 0.0000000 0.1607520 3.0881114 0.1334120 0.1638392 3.0881114 0.1304866 0.0026598 
30_38      0.1577491 0.0700360 0.0025824 0.0729711 0.0025857 0.1703036 0.0700538 0.0729711 0.1665321 0.1665321 0.0000010 0.0051672 0.0051672 0.1609622 0.1671243 2.7775869 2.7775869 0.0672010 0.1577491 0.1607520 0.0000000 2.7775869 0.0700380 0.0000010 2.7775869 0.0672010 0.1549533 
32_132     3.1164244 2.8957118 2.7685522 2.8900895 2.7816667 3.2764490 2.9097861 2.8900895 3.2071458 3.2071458 2.7775869 2.7702521 2.7702521 3.0925543 3.1055152 0.0017961 0.0017961 2.8748436 3.1164244 3.0881114 2.7775869 0.0000000 2.8711436 2.7891290 0.0000010 2.8748436 3.2096737 
34_40      0.1304985 0.0052004 0.0729438 0.0078152 0.0730327 0.1613121 0.0052010 0.0078152 0.1560227 0.1560227 0.0700380 0.0757740 0.0757740 0.1335817 0.1395374 2.8711436 2.8711436 0.0025985 0.1304985 0.1334120 0.0700380 2.8711436 0.0000000 0.0806715 2.8711436 0.0025985 0.1306090 
35_81      0.1602635 0.0806676 0.0030763 0.0806676 0.0000010 0.1653849 0.0772638 0.0806676 0.1565787 0.1565787 0.0000010 0.0061558 0.0061558 0.1640943 0.1714396 2.7891290 2.7891290 0.0772638 0.1602635 0.1638392 0.0000010 2.7891290 0.0806715 0.0000000 2.7891290 0.0772638 0.1602635 
39_120     3.1164244 2.8957118 2.7685522 2.8900895 2.7816667 3.2764490 2.9097861 2.8900895 3.2071458 3.2071458 2.7775869 2.7702521 2.7702521 3.0925543 3.1055152 0.0017961 0.0017961 2.8748436 3.1164244 3.0881114 2.7775869 0.0000010 2.8711436 2.7891290 0.0000000 2.8748436 3.2096737 
40_34      0.1275770 0.0025986 0.0701008 0.0052069 0.0701866 0.1582054 0.0025989 0.0052069 0.1528811 0.1528811 0.0672010 0.0729281 0.0729281 0.1306524 0.1365975 2.8748436 2.8748436 0.0000010 0.1275770 0.1304866 0.0672010 2.8748436 0.0025985 0.0772638 2.8748436 0.0000000 0.1276214 
43_35      0.0000010 0.1245638 0.1581751 0.1253802 0.1583500 0.2012345 0.1306485 0.1253802 0.2039419 0.2039419 0.1549533 0.1612187 0.1612187 0.0026629 0.0133984 3.2096737 3.2096737 0.1276214 0.0000010 0.0026598 0.1549533 3.2096737 0.1306090 0.1602635 3.2096737 0.1276214 0.0000000 
