21
1_41       0.0000000 0.2270562 0.3265848 0.2324922 0.2743574 0.3436284 0.2431800 0.2324922 0.3331870 0.3331870 0.2743574 0.0049804 0.0049696 0.2433273 0.0000010 0.0049816 0.3404168 0.3404168 0.2378007 0.2378007 0.3279010 
3_41       0.2270562 0.0000000 0.2703277 0.0049304 0.1658408 0.2971672 0.0148995 0.0049304 0.3028384 0.3028384 0.1658408 0.2332361 0.2326333 0.0148486 0.2270562 0.2333419 0.2799227 0.2799227 0.0098912 0.0098912 0.2739139 
4_44       0.3265848 0.2703277 0.0000000 0.2757258 0.2365692 0.0506593 0.2881522 0.2757258 0.1659532 0.1659532 0.2365692 0.3334492 0.3325117 0.2875263 0.3265848 0.3336486 0.0098979 0.0098979 0.2820826 0.2820826 0.0100072 
5_39       0.2324922 0.0049304 0.2757258 0.0000000 0.1711839 0.3025670 0.0099236 0.0000010 0.3081844 0.3081844 0.1711839 0.2386751 0.2380587 0.0098899 0.2324922 0.2387844 0.2853611 0.2853611 0.0049409 0.0049409 0.2793724 
6_33       0.2743574 0.1658408 0.2365692 0.1711839 0.0000000 0.3024959 0.1832202 0.1711839 0.3191764 0.3191764 0.0000010 0.2809189 0.2801555 0.1824274 0.2743574 0.2810658 0.2494048 0.2494048 0.1770543 0.1770543 0.2240888 
7_40       0.3436284 0.2971672 0.0506593 0.3025670 0.3024959 0.0000000 0.3156154 0.3025670 0.1085833 0.1085833 0.3024959 0.3505118 0.3495273 0.3145041 0.3436284 0.3507281 0.0402769 0.0402769 0.3090538 0.3090538 0.0618094 
10_39      0.2431800 0.0148995 0.2881522 0.0099236 0.1832202 0.3156154 0.0000000 0.0099236 0.3212287 0.3212287 0.1832202 0.2495626 0.2488987 0.0099187 0.2431800 0.2496829 0.2981021 0.2981021 0.0049552 0.0049552 0.2920208 
12_39      0.2324922 0.0049304 0.2757258 0.0000010 0.1711839 0.3025670 0.0099236 0.0000000 0.3081844 0.3081844 0.1711839 0.2386751 0.2380587 0.0098899 0.2324922 0.2387844 0.2853611 0.2853611 0.0049409 0.0049409 0.2793724 
16_41      0.3331870 0.3028384 0.1659532 0.3081844 0.3191764 0.1085833 0.3212287 0.3081844 0.0000000 0.0000010 0.3191764 0.3400646 0.3391081 0.3200289 0.3331870 0.3402706 0.1542548 0.1542548 0.3146330 0.3146330 0.1735879 
17_41      0.3331870 0.3028384 0.1659532 0.3081844 0.3191764 0.1085833 0.3212287 0.3081844 0.0000010 0.0000000 0.3191764 0.3400646 0.3391081 0.3200289 0.3331870 0.3402706 0.1542548 0.1542548 0.3146330 0.3146330 0.1735879 
18_43      0.2743574 0.1658408 0.2365692 0.1711839 0.0000010 0.3024959 0.1832202 0.1711839 0.3191764 0.3191764 0.0000000 0.2809189 0.2801555 0.1824274 0.2743574 0.2810658 0.2494048 0.2494048 0.1770543 0.1770543 0.2240888 
21_39      0.0049804 0.2332361 0.3334492 0.2386751 0.2809189 0.3505118 0.2495626 0.2386751 0.3400646 0.3400646 0.2809189 0.0000000 0.0099694 0.2495998 0.0049804 0.0099936 0.3473424 0.3473424 0.2440695 0.2440695 0.3347969 
23_42      0.0049696 0.2326333 0.3325117 0.2380587 0.2801555 0.3495273 0.2488987 0.2380587 0.3391081 0.3391081 0.2801555 0.0099694 0.0000000 0.2489472 0.0049696 0.0099718 0.3463602 0.3463602 0.2434311 0.2434311 0.3338516 
27_64      0.2433273 0.0148486 0.2875263 0.0098899 0.1824274 0.3145041 0.0099187 0.0098899 0.3200289 0.3200289 0.1824274 0.2495998 0.2489472 0.0000000 0.2433273 0.2497179 0.2972963 0.2972963 0.0049385 0.0049385 0.2913203 
28_42      0.0000010 0.2270562 0.3265848 0.2324922 0.2743574 0.3436284 0.2431800 0.2324922 0.3331870 0.3331870 0.2743574 0.0049804 0.0049696 0.2433273 0.0000000 0.0049816 0.3404168 0.3404168 0.2378007 0.2378007 0.3279010 
29_42      0.0049816 0.2333419 0.3336486 0.2387844 0.2810658 0.3507281 0.2496829 0.2387844 0.3402706 0.3402706 0.2810658 0.0099936 0.0099718 0.2497179 0.0049816 0.0000000 0.3475569 0.3475569 0.2441839 0.2441839 0.3349985 
30_43      0.3404168 0.2799227 0.0098979 0.2853611 0.2494048 0.0402769 0.2981021 0.2853611 0.1542548 0.1542548 0.2494048 0.3473424 0.3463602 0.2972963 0.3404168 0.3475569 0.0000000 0.0000010 0.2918105 0.2918105 0.0201211 
33_35      0.3404168 0.2799227 0.0098979 0.2853611 0.2494048 0.0402769 0.2981021 0.2853611 0.1542548 0.1542548 0.2494048 0.3473424 0.3463602 0.2972963 0.3404168 0.3475569 0.0000010 0.0000000 0.2918105 0.2918105 0.0201211 
34_35      0.2378007 0.0098912 0.2820826 0.0049409 0.1770543 0.3090538 0.0049552 0.0049409 0.3146330 0.3146330 0.1770543 0.2440695 0.2434311 0.0049385 0.2378007 0.2441839 0.2918105 0.2918105 0.0000000 0.0000010 0.2858168 
40_39      0.2378007 0.0098912 0.2820826 0.0049409 0.1770543 0.3090538 0.0049552 0.0049409 0.3146330 0.3146330 0.1770543 0.2440695 0.2434311 0.0049385 0.2378007 0.2441839 0.2918105 0.2918105 0.0000010 0.0000000 0.2858168 
44_40      0.3279010 0.2739139 0.0100072 0.2793724 0.2240888 0.0618094 0.2920208 0.2793724 0.1735879 0.1735879 0.2240888 0.3347969 0.3338516 0.2913203 0.3279010 0.3349985 0.0201211 0.0201211 0.2858168 0.2858168 0.0000000 
