16
1_49       0.0000000 0.3820472 0.1326941 0.1423807 0.1326941 0.1117776 0.1423807 0.1033894 0.1033894 0.1431676 0.1431676 0.0000010 0.0551925 0.8798246 0.8798246 0.0551925 
3_49       0.3820472 0.0000000 0.3105920 0.2921759 0.3105920 0.3301080 0.2921759 0.3427152 0.3427152 0.3097890 0.3097890 0.3820472 0.3577935 1.2418182 1.2418182 0.3577935 
4_53       0.1326941 0.3105920 0.0000000 0.0349803 0.0000010 0.1013249 0.0349803 0.1036360 0.1036360 0.0086434 0.0086434 0.1326941 0.0845214 0.8912024 0.8912024 0.0845214 
5_48       0.1423807 0.2921759 0.0349803 0.0000000 0.0349803 0.1110668 0.0000010 0.1135990 0.1135990 0.0440088 0.0440088 0.1423807 0.0940179 0.9000395 0.9000395 0.0940179 
6_25       0.1326941 0.3105920 0.0000010 0.0349803 0.0000000 0.1013249 0.0349803 0.1036360 0.1036360 0.0086434 0.0086434 0.1326941 0.0845214 0.8912024 0.8912024 0.0845214 
7_48       0.1117776 0.3301080 0.1013249 0.1110668 0.1013249 0.0000000 0.1110668 0.0730909 0.0730909 0.1112942 0.1112942 0.1117776 0.1032223 0.8901334 0.8901334 0.1032223 
10_48      0.1423807 0.2921759 0.0349803 0.0000010 0.0349803 0.1110668 0.0000000 0.1135990 0.1135990 0.0440088 0.0440088 0.1423807 0.0940179 0.9000395 0.9000395 0.0940179 
16_49      0.1033894 0.3427152 0.1036360 0.1135990 0.1036360 0.0730909 0.1135990 0.0000000 0.0000010 0.1138350 0.1138350 0.1033894 0.0957165 0.8756083 0.8756083 0.0957165 
17_49      0.1033894 0.3427152 0.1036360 0.1135990 0.1036360 0.0730909 0.1135990 0.0000010 0.0000000 0.1138350 0.1138350 0.1033894 0.0957165 0.8756083 0.8756083 0.0957165 
19_48      0.1431676 0.3097890 0.0086434 0.0440088 0.0086434 0.1112942 0.0440088 0.1138350 0.1138350 0.0000000 0.0000010 0.1431676 0.0945673 0.9166210 0.9166210 0.0945673 
20_51      0.1431676 0.3097890 0.0086434 0.0440088 0.0086434 0.1112942 0.0440088 0.1138350 0.1138350 0.0000010 0.0000000 0.1431676 0.0945673 0.9166210 0.9166210 0.0945673 
21_47      0.0000010 0.3820472 0.1326941 0.1423807 0.1326941 0.1117776 0.1423807 0.1033894 0.1033894 0.1431676 0.1431676 0.0000000 0.0551925 0.8798246 0.8798246 0.0551925 
23_50      0.0551925 0.3577935 0.0845214 0.0940179 0.0845214 0.1032223 0.0940179 0.0957165 0.0957165 0.0945673 0.0945673 0.0551925 0.0000000 0.8989581 0.8989581 0.0000010 
24_30      0.8798246 1.2418182 0.8912024 0.9000395 0.8912024 0.8901334 0.9000395 0.8756083 0.8756083 0.9166210 0.9166210 0.8798246 0.8989581 0.0000000 0.0000010 0.8989581 
26_31      0.8798246 1.2418182 0.8912024 0.9000395 0.8912024 0.8901334 0.9000395 0.8756083 0.8756083 0.9166210 0.9166210 0.8798246 0.8989581 0.0000010 0.0000000 0.8989581 
43_49      0.0551925 0.3577935 0.0845214 0.0940179 0.0845214 0.1032223 0.0940179 0.0957165 0.0957165 0.0945673 0.0945673 0.0551925 0.0000010 0.8989581 0.8989581 0.0000000 
