7
4_20       0.0000000 0.0115815 0.0598750 0.0115815 0.0116233 0.0000010 0.0116233 
10_19      0.0115815 0.0000000 0.0475990 0.0000010 0.0233765 0.0115815 0.0233765 
17_21      0.0598750 0.0475990 0.0000000 0.0475990 0.0478160 0.0598750 0.0478160 
22_19      0.0115815 0.0000010 0.0475990 0.0000000 0.0233765 0.0115815 0.0233765 
23_20      0.0116233 0.0233765 0.0478160 0.0233765 0.0000000 0.0116233 0.0000010 
30_20      0.0000010 0.0115815 0.0598750 0.0115815 0.0116233 0.0000000 0.0116233 
43_20      0.0116233 0.0233765 0.0478160 0.0233765 0.0000010 0.0116233 0.0000000 
