31
0_80       0.0000000 3.0883782 2.9429355 3.0790263 3.1838682 3.0776121 3.0801800 3.0657598 1.8992763 0.8802338 3.0776121 1.9876597 2.9544997 4.3021928 2.3272428 3.0643273 3.0643273 3.0801800 3.0981344 3.0744989 2.7838416 3.0170272 2.7838416 3.0883782 3.0814519 2.8828567 2.7785118 3.0939578 3.0872240 3.0872240 3.0814519 
1_106      3.0883782 0.0000000 1.8853138 0.0244352 0.0401161 0.0232979 0.0255479 0.0245190 2.8702543 2.7254690 0.0232979 2.7454344 1.8888962 4.0683087 2.1592350 0.0256305 0.0256305 0.0255479 0.0010914 0.0032798 0.9600731 1.8118517 0.9600731 0.0000010 0.0010911 1.8522325 0.9602500 0.0266827 0.0267044 0.0267044 0.0010911 
2_46       2.9429355 1.8853138 0.0000000 1.8872442 2.0126863 1.8802902 1.8827700 1.8962643 2.7916900 2.7696651 1.8802902 2.3439938 1.5755279 4.4322254 2.0429324 1.8979347 1.8979347 1.8827700 1.8875787 1.8894542 1.8903550 1.4989101 1.8903550 1.8853138 1.8887589 0.3916758 1.8867215 1.8897304 1.8867268 1.8867268 1.8887589 
3_110      3.0790263 0.0244352 1.8872442 0.0000000 0.0629760 0.0010901 0.0087603 0.0210786 2.8742776 2.7187101 0.0010901 2.7514510 1.9019079 4.0347891 2.1481414 0.0221856 0.0221856 0.0087603 0.0255610 0.0210395 0.9588320 1.8098217 0.9588320 0.0244352 0.0233130 1.8526292 0.9590086 0.0098641 0.0098722 0.0098722 0.0233130 
4_115      3.1838682 0.0401161 2.0126863 0.0629760 0.0000000 0.0617350 0.0654164 0.0618625 3.0564227 2.8643305 0.0617350 2.9126770 2.0256251 4.2324424 2.3209165 0.0630250 0.0630250 0.0654164 0.0412985 0.0424616 1.0390378 1.9476479 1.0390378 0.0401161 0.0412853 1.9810761 1.0392361 0.0666517 0.0667056 0.0667056 0.0412853 
5_107      3.0776121 0.0232979 1.8802902 0.0010901 0.0617350 0.0000000 0.0076459 0.0199188 2.8663677 2.7194862 0.0000010 2.7563639 1.8904864 4.0477524 2.1494770 0.0210231 0.0210231 0.0076459 0.0244218 0.0199094 0.9535756 1.7989938 0.9535756 0.0232979 0.0221775 1.8422923 0.9537507 0.0087460 0.0087532 0.0087532 0.0221775 
6_91       3.0801800 0.0255479 1.8827700 0.0087603 0.0654164 0.0076459 0.0000000 0.0210012 2.8734276 2.7233087 0.0076459 2.7494143 1.8823596 4.0565320 2.1520651 0.0221041 0.0221041 0.0000010 0.0266745 0.0221487 0.9480030 1.7913220 0.9480030 0.0255479 0.0244251 1.8344784 0.9481768 0.0010876 0.0010885 0.0010885 0.0244251 
7_102      3.0657598 0.0245190 1.8962643 0.0210786 0.0618625 0.0199188 0.0210012 0.0000000 2.8773984 2.7035496 0.0199188 2.7241739 1.8775949 4.0795584 2.1452196 0.0076767 0.0076767 0.0210012 0.0256486 0.0211116 0.9542070 1.7887297 0.9542070 0.0245190 0.0233929 1.8454095 0.9543823 0.0221264 0.0221444 0.0221444 0.0233929 
8_2        1.8992763 2.8702543 2.7916900 2.8742776 3.0564227 2.8663677 2.8734276 2.8773984 0.0000000 1.7157304 2.8663677 0.5320217 2.6618857 4.2676523 2.1102891 2.8762561 2.8762561 2.8734276 2.8716300 2.8640779 2.5886806 2.7656517 2.5886806 2.8702543 2.8637796 2.6338197 2.5862150 2.8795766 2.8799200 2.8799200 2.8637796 
9_110      0.8802338 2.7254690 2.7696651 2.7187101 2.8643305 2.7194862 2.7233087 2.7035496 1.7157304 0.0000000 2.7194862 1.8532113 2.6846668 4.3329004 2.1704865 2.7136246 2.7136246 2.7233087 2.7309797 2.7174075 2.5509010 2.6412340 2.5509010 2.7254690 2.7192614 2.6977832 2.5459997 2.7289582 2.7294616 2.7294616 2.7192614 
10_106     3.0776121 0.0232979 1.8802902 0.0010901 0.0617350 0.0000010 0.0076459 0.0199188 2.8663677 2.7194862 0.0000000 2.7563639 1.8904864 4.0477524 2.1494770 0.0210231 0.0210231 0.0076459 0.0244218 0.0199094 0.9535756 1.7989938 0.9535756 0.0232979 0.0221775 1.8422923 0.9537507 0.0087460 0.0087532 0.0087532 0.0221775 
11_24      1.9876597 2.7454344 2.3439938 2.7514510 2.9126770 2.7563639 2.7494143 2.7241739 0.5320217 1.8532113 2.7563639 0.0000000 2.5653449 4.2961880 2.1926200 2.7444421 2.7444421 2.7494143 2.7454344 2.7467343 2.3498497 2.4993314 2.3498497 2.7454344 2.7463253 2.2627532 2.3468998 2.7566910 2.7494143 2.7494143 2.7463253 
13_67      2.9544997 1.8888962 1.5755279 1.9019079 2.0256251 1.8904864 1.8823596 1.8775949 2.6618857 2.6846668 1.8904864 2.5653449 0.0000000 4.3869370 1.7916499 1.8782126 1.8782126 1.8823596 1.8912453 1.8821630 1.6975498 0.4448023 1.6975498 1.8888962 1.8877204 1.5855855 1.6940212 1.8854554 1.8860847 1.8860847 1.8877204 
14_52      4.3021928 4.0683087 4.4322254 4.0347891 4.2324424 4.0477524 4.0565320 4.0795584 4.2676523 4.3329004 4.0477524 4.2961880 4.3869370 0.0000000 4.2322448 4.0793251 4.0793251 4.0565320 4.0697956 4.0740192 4.2001393 4.4757058 4.2001393 4.0683087 4.0683087 4.2850835 4.1973115 4.0688773 4.0565320 4.0565320 4.0683087 
15_116     2.3272428 2.1592350 2.0429324 2.1481414 2.3209165 2.1494770 2.1520651 2.1452196 2.1102891 2.1704865 2.1494770 2.1926200 1.7916499 4.2322448 0.0000000 2.1496129 2.1496129 2.1520651 2.1618704 2.1521669 2.0213011 1.7864762 2.0213011 2.1592350 2.1598840 1.8736697 2.0193093 2.1604932 2.1569747 2.1569747 2.1598840 
16_102     3.0643273 0.0256305 1.8979347 0.0221856 0.0630250 0.0210231 0.0221041 0.0076767 2.8762561 2.7136246 0.0210231 2.7444421 1.8782126 4.0793251 2.1496129 0.0000000 0.0000010 0.0221041 0.0267607 0.0222202 0.9535653 1.7893201 0.9535653 0.0256305 0.0245040 1.8472914 0.9537404 0.0232303 0.0232491 0.0232491 0.0245040 
17_102     3.0643273 0.0256305 1.8979347 0.0221856 0.0630250 0.0210231 0.0221041 0.0076767 2.8762561 2.7136246 0.0210231 2.7444421 1.8782126 4.0793251 2.1496129 0.0000010 0.0000000 0.0221041 0.0267607 0.0222202 0.9535653 1.7893201 0.9535653 0.0256305 0.0245040 1.8472914 0.9537404 0.0232303 0.0232491 0.0232491 0.0245040 
18_106     3.0801800 0.0255479 1.8827700 0.0087603 0.0654164 0.0076459 0.0000010 0.0210012 2.8734276 2.7233087 0.0076459 2.7494143 1.8823596 4.0565320 2.1520651 0.0221041 0.0221041 0.0000000 0.0266745 0.0221487 0.9480030 1.7913220 0.9480030 0.0255479 0.0244251 1.8344784 0.9481768 0.0010876 0.0010885 0.0010885 0.0244251 
21_104     3.0981344 0.0010914 1.8875787 0.0255610 0.0412985 0.0244218 0.0266745 0.0256486 2.8716300 2.7309797 0.0244218 2.7454344 1.8912453 4.0697956 2.1618704 0.0267607 0.0267607 0.0266745 0.0000000 0.0043757 0.9607676 1.8141254 0.9607676 0.0010914 0.0021835 1.8544360 0.9609447 0.0278110 0.0278335 0.0278335 0.0021835 
23_107     3.0744989 0.0032798 1.8894542 0.0210395 0.0424616 0.0199094 0.0221487 0.0211116 2.8640779 2.7174075 0.0199094 2.7467343 1.8821630 4.0740192 2.1521669 0.0222202 0.0222202 0.0221487 0.0043757 0.0000000 0.9569454 1.8089577 0.9569454 0.0032798 0.0021854 1.8509872 0.9571214 0.0232770 0.0232959 0.0232959 0.0021854 
24_62      2.7838416 0.9600731 1.8903550 0.9588320 1.0390378 0.9535756 0.9480030 0.9542070 2.5886806 2.5509010 0.9535756 2.3498497 1.6975498 4.2001393 2.0213011 0.9535653 0.9535653 0.9480030 0.9607676 0.9569454 0.0000000 1.7146805 0.0000010 0.9600731 0.9605208 1.8538912 0.0011036 0.9514590 0.9520523 0.9520523 0.9605208 
25_50      3.0170272 1.8118517 1.4989101 1.8098217 1.9476479 1.7989938 1.7913220 1.7887297 2.7656517 2.6412340 1.7989938 2.4993314 0.4448023 4.4757058 1.7864762 1.7893201 1.7893201 1.7913220 1.8141254 1.8089577 1.7146805 0.0000000 1.7146805 1.8118517 1.8124726 1.4509668 1.7111111 1.7941937 1.7948948 1.7948948 1.8124726 
26_63      2.7838416 0.9600731 1.8903550 0.9588320 1.0390378 0.9535756 0.9480030 0.9542070 2.5886806 2.5509010 0.9535756 2.3498497 1.6975498 4.2001393 2.0213011 0.9535653 0.9535653 0.9480030 0.9607676 0.9569454 0.0000010 1.7146805 0.0000000 0.9600731 0.9605208 1.8538912 0.0011036 0.9514590 0.9520523 0.9520523 0.9605208 
28_106     3.0883782 0.0000010 1.8853138 0.0244352 0.0401161 0.0232979 0.0255479 0.0245190 2.8702543 2.7254690 0.0232979 2.7454344 1.8888962 4.0683087 2.1592350 0.0256305 0.0256305 0.0255479 0.0010914 0.0032798 0.9600731 1.8118517 0.9600731 0.0000000 0.0010911 1.8522325 0.9602500 0.0266827 0.0267044 0.0267044 0.0010911 
29_110     3.0814519 0.0010911 1.8887589 0.0233130 0.0412853 0.0221775 0.0244251 0.0233929 2.8637796 2.7192614 0.0221775 2.7463253 1.8877204 4.0683087 2.1598840 0.0245040 0.0245040 0.0244251 0.0021835 0.0021854 0.9605208 1.8124726 0.9605208 0.0010911 0.0000000 1.8566040 0.9606978 0.0255583 0.0255791 0.0255791 0.0000010 
31_22      2.8828567 1.8522325 0.3916758 1.8526292 1.9810761 1.8422923 1.8344784 1.8454095 2.6338197 2.6977832 1.8422923 2.2627532 1.5855855 4.2850835 1.8736697 1.8472914 1.8472914 1.8344784 1.8544360 1.8509872 1.8538912 1.4509668 1.8538912 1.8522325 1.8566040 0.0000000 1.8520068 1.8411720 1.8382907 1.8382907 1.8566040 
32_42      2.7785118 0.9602500 1.8867215 0.9590086 1.0392361 0.9537507 0.9481768 0.9543823 2.5862150 2.5459997 0.9537507 2.3468998 1.6940212 4.1973115 2.0193093 0.9537404 0.9537404 0.9481768 0.9609447 0.9571214 0.0011036 1.7111111 0.0011036 0.9602500 0.9606978 1.8520068 0.0000000 0.9516338 0.9522271 0.9522271 0.9606978 
35_64      3.0939578 0.0266827 1.8897304 0.0098641 0.0666517 0.0087460 0.0010876 0.0221264 2.8795766 2.7289582 0.0087460 2.7566910 1.8854554 4.0688773 2.1604932 0.0232303 0.0232303 0.0010876 0.0278110 0.0232770 0.9514590 1.7941937 0.9514590 0.0266827 0.0255583 1.8411720 0.9516338 0.0000000 0.0021790 0.0021790 0.0255583 
36_0       3.0872240 0.0267044 1.8867268 0.0098722 0.0667056 0.0087532 0.0010885 0.0221444 2.8799200 2.7294616 0.0087532 2.7494143 1.8860847 4.0565320 2.1569747 0.0232491 0.0232491 0.0010885 0.0278335 0.0232959 0.9520523 1.7948948 0.9520523 0.0267044 0.0255791 1.8382907 0.9522271 0.0021790 0.0000000 0.0000010 0.0255791 
37_105     3.0872240 0.0267044 1.8867268 0.0098722 0.0667056 0.0087532 0.0010885 0.0221444 2.8799200 2.7294616 0.0087532 2.7494143 1.8860847 4.0565320 2.1569747 0.0232491 0.0232491 0.0010885 0.0278335 0.0232959 0.9520523 1.7948948 0.9520523 0.0267044 0.0255791 1.8382907 0.9522271 0.0021790 0.0000010 0.0000000 0.0255791 
43_106     3.0814519 0.0010911 1.8887589 0.0233130 0.0412853 0.0221775 0.0244251 0.0233929 2.8637796 2.7192614 0.0221775 2.7463253 1.8877204 4.0683087 2.1598840 0.0245040 0.0245040 0.0244251 0.0021835 0.0021854 0.9605208 1.8124726 0.9605208 0.0010911 0.0000010 1.8566040 0.9606978 0.0255583 0.0255791 0.0255791 0.0000000 
