19
1_89       0.0000000 2.4219570 0.0292588 0.0443923 0.0368337 0.0443923 0.0678372 0.0368337 2.6819207 0.0847545 0.0847545 0.0000010 0.0219281 1.4145240 2.5982612 1.4145240 0.0219281 2.3035556 0.0219281 
2_21       2.4219570 0.0000000 2.5444988 2.4113436 2.4440757 2.4113436 2.5721041 2.4440757 1.7452906 2.5337794 2.5337794 2.4219570 2.4552968 2.5995098 1.8773076 2.5995098 2.4552968 0.9005778 2.5269349 
3_89       0.0292588 2.5444988 0.0000000 0.0145267 0.0072316 0.0145267 0.0369972 0.0072316 2.7022653 0.0529495 0.0529495 0.0292588 0.0367105 1.3836773 2.6754297 1.3836773 0.0367105 2.2922505 0.0434501 
4_95       0.0443923 2.4113436 0.0145267 0.0000000 0.0072029 0.0000010 0.0368464 0.0072029 2.5322733 0.0527282 0.0527282 0.0443923 0.0519878 1.3942956 2.5070419 1.3942956 0.0519878 2.3446778 0.0519878 
5_87       0.0368337 2.4440757 0.0072316 0.0072029 0.0000000 0.0072029 0.0293475 0.0000010 2.5674134 0.0449958 0.0449958 0.0368337 0.0443678 1.4143724 2.5421241 1.4143724 0.0443678 2.3758136 0.0443678 
6_111      0.0443923 2.4113436 0.0145267 0.0000010 0.0072029 0.0000000 0.0368464 0.0072029 2.5322733 0.0527282 0.0527282 0.0443923 0.0519878 1.3942956 2.5070419 1.3942956 0.0519878 2.3446778 0.0519878 
7_84       0.0678372 2.5721041 0.0369972 0.0368464 0.0293475 0.0368464 0.0000000 0.0293475 2.6666138 0.0296781 0.0296781 0.0678372 0.0534059 1.4092579 2.6411428 1.4092579 0.0534059 2.4532035 0.0534059 
10_87      0.0368337 2.4440757 0.0072316 0.0072029 0.0000010 0.0072029 0.0293475 0.0000000 2.5674134 0.0449958 0.0449958 0.0368337 0.0443678 1.4143724 2.5421241 1.4143724 0.0443678 2.3758136 0.0443678 
13_57      2.6819207 1.7452906 2.7022653 2.5322733 2.5674134 2.5322733 2.6666138 2.5674134 0.0000000 2.6519586 2.6519586 2.6819207 2.7204846 2.8641455 0.4214701 2.8641455 2.7204846 2.1830933 2.7622193 
16_84      0.0847545 2.5337794 0.0529495 0.0527282 0.0449958 0.0527282 0.0296781 0.0449958 2.6519586 0.0000000 0.0000010 0.0847545 0.0865259 1.4741879 2.5839921 1.4741879 0.0865259 2.3940821 0.0865259 
17_84      0.0847545 2.5337794 0.0529495 0.0527282 0.0449958 0.0527282 0.0296781 0.0449958 2.6519586 0.0000010 0.0000000 0.0847545 0.0865259 1.4741879 2.5839921 1.4741879 0.0865259 2.3940821 0.0865259 
21_86      0.0000010 2.4219570 0.0292588 0.0443923 0.0368337 0.0443923 0.0678372 0.0368337 2.6819207 0.0847545 0.0847545 0.0000000 0.0219281 1.4145240 2.5982612 1.4145240 0.0219281 2.3035556 0.0219281 
23_89      0.0219281 2.4552968 0.0367105 0.0519878 0.0443678 0.0519878 0.0534059 0.0443678 2.7204846 0.0865259 0.0865259 0.0219281 0.0000000 1.4331945 2.6357367 1.4331945 0.0000010 2.2985657 0.0000010 
24_48      1.4145240 2.5995098 1.3836773 1.3942956 1.4143724 1.3942956 1.4092579 1.4143724 2.8641455 1.4741879 1.4741879 1.4145240 1.4331945 0.0000000 2.7449142 0.0000010 1.4331945 2.6524025 1.4026142 
25_36      2.5982612 1.8773076 2.6754297 2.5070419 2.5421241 2.5070419 2.6411428 2.5421241 0.4214701 2.5839921 2.5839921 2.5982612 2.6357367 2.7449142 0.0000000 2.7449142 2.6357367 2.1378340 2.6978507 
26_49      1.4145240 2.5995098 1.3836773 1.3942956 1.4143724 1.3942956 1.4092579 1.4143724 2.8641455 1.4741879 1.4741879 1.4145240 1.4331945 0.0000010 2.7449142 0.0000000 1.4331945 2.6524025 1.4026142 
29_91      0.0219281 2.4552968 0.0367105 0.0519878 0.0443678 0.0519878 0.0534059 0.0443678 2.7204846 0.0865259 0.0865259 0.0219281 0.0000010 1.4331945 2.6357367 1.4331945 0.0000000 2.2985657 0.0000010 
31_48      2.3035556 0.9005778 2.2922505 2.3446778 2.3758136 2.3446778 2.4532035 2.3758136 2.1830933 2.3940821 2.3940821 2.3035556 2.2985657 2.6524025 2.1378340 2.6524025 2.2985657 0.0000000 2.3349774 
43_88      0.0219281 2.5269349 0.0434501 0.0519878 0.0443678 0.0519878 0.0534059 0.0443678 2.7622193 0.0865259 0.0865259 0.0219281 0.0000010 1.4026142 2.6978507 1.4026142 0.0000010 2.3349774 0.0000000 
