20
1_98       0.0000000 0.1262860 0.0198850 0.1338654 0.1409313 0.1713488 0.1337539 0.1338654 1.9153881 0.1499720 0.1499720 0.1409313 0.0000010 0.0065786 0.1262860 0.0065914 0.0065786 0.1408846 0.1338013 0.2054203 
3_101      0.1262860 0.0000000 0.1258018 0.0062856 0.0317542 0.1506766 0.0062812 0.0062856 1.9261371 0.1367051 0.1367051 0.0317542 0.1262860 0.1273585 0.0000010 0.1339423 0.1273585 0.0252737 0.0062832 0.0504016 
4_105      0.0198850 0.1258018 0.0000000 0.1333478 0.1185550 0.1872996 0.1332372 0.1333478 1.9411187 0.1657330 0.1657330 0.1185550 0.0198850 0.0265784 0.1258018 0.0266313 0.0265784 0.1403374 0.1332842 0.1395385 
5_98       0.1338654 0.0062856 0.1333478 0.0000000 0.0382478 0.1581768 0.0126100 0.0000010 1.9156441 0.1441295 0.1441295 0.0382478 0.1338654 0.1350009 0.0062856 0.1415929 0.1350009 0.0189213 0.0126141 0.0678818 
6_100      0.1409313 0.0317542 0.1185550 0.0382478 0.0000000 0.1366851 0.0382201 0.0382478 1.9111860 0.1227787 0.1227787 0.0000010 0.1409313 0.1421208 0.0317542 0.1486955 0.1421208 0.0189076 0.0382327 0.0000010 
7_94       0.1713488 0.1506766 0.1872996 0.1581768 0.1366851 0.0000000 0.1521662 0.1581768 1.9687953 0.0901387 0.0901387 0.1366851 0.1713488 0.1727827 0.1506766 0.1793704 0.1727827 0.1437497 0.1581011 0.1966567 
10_97      0.1337539 0.0062812 0.1332372 0.0126100 0.0382201 0.1521662 0.0000000 0.0126100 1.9449645 0.1440121 0.1440121 0.0382201 0.1337539 0.1348876 0.0062812 0.1414739 0.1348876 0.0316872 0.0126052 0.0504016 
12_94      0.1338654 0.0062856 0.1333478 0.0000010 0.0382478 0.1581768 0.0126100 0.0000000 1.9156441 0.1441295 0.1441295 0.0382478 0.1338654 0.1350009 0.0062856 0.1415929 0.1350009 0.0189213 0.0126141 0.0678818 
15_130     1.9153881 1.9261371 1.9411187 1.9156441 1.9111860 1.9687953 1.9449645 1.9156441 0.0000000 1.8233549 1.8233549 1.9111860 1.9153881 1.8979174 1.9261371 1.9447973 1.8979174 1.9102412 1.9537397 2.0043638 
16_94      0.1499720 0.1367051 0.1657330 0.1441295 0.1227787 0.0901387 0.1440121 0.1441295 1.8233549 0.0000000 0.0000010 0.1227787 0.1499720 0.1512471 0.1367051 0.1578901 0.1512471 0.1298020 0.1440617 0.1558763 
17_94      0.1499720 0.1367051 0.1657330 0.1441295 0.1227787 0.0901387 0.1440121 0.1441295 1.8233549 0.0000010 0.0000000 0.1227787 0.1499720 0.1512471 0.1367051 0.1578901 0.1512471 0.1298020 0.1440617 0.1558763 
18_97      0.1409313 0.0317542 0.1185550 0.0382478 0.0000010 0.1366851 0.0382201 0.0382478 1.9111860 0.1227787 0.1227787 0.0000000 0.1409313 0.1421208 0.0317542 0.1486955 0.1421208 0.0189076 0.0382327 0.0000010 
21_96      0.0000010 0.1262860 0.0198850 0.1338654 0.1409313 0.1713488 0.1337539 0.1338654 1.9153881 0.1499720 0.1499720 0.1409313 0.0000000 0.0065786 0.1262860 0.0065914 0.0065786 0.1408846 0.1338013 0.2054203 
23_99      0.0065786 0.1273585 0.0265784 0.1350009 0.1421208 0.1727827 0.1348876 0.1350009 1.8979174 0.1512471 0.1512471 0.1421208 0.0065786 0.0000000 0.1273585 0.0132162 0.0000010 0.1420739 0.1349357 0.2103155 
27_107     0.1262860 0.0000010 0.1258018 0.0062856 0.0317542 0.1506766 0.0062812 0.0062856 1.9261371 0.1367051 0.1367051 0.0317542 0.1262860 0.1273585 0.0000000 0.1339423 0.1273585 0.0252737 0.0062832 0.0504016 
28_98      0.0065914 0.1339423 0.0266313 0.1415929 0.1486955 0.1793704 0.1414739 0.1415929 1.9447973 0.1578901 0.1578901 0.1486955 0.0065914 0.0132162 0.1339423 0.0000000 0.0132162 0.1486500 0.1415242 0.2054203 
29_102     0.0065786 0.1273585 0.0265784 0.1350009 0.1421208 0.1727827 0.1348876 0.1350009 1.8979174 0.1512471 0.1512471 0.1421208 0.0065786 0.0000010 0.1273585 0.0132162 0.0000000 0.1420739 0.1349357 0.2103155 
33_100     0.1408846 0.0252737 0.1403374 0.0189213 0.0189076 0.1437497 0.0316872 0.0189213 1.9102412 0.1298020 0.1298020 0.0189076 0.1408846 0.1420739 0.0252737 0.1486500 0.1420739 0.0000000 0.0316976 0.0504431 
34_101     0.1338013 0.0062832 0.1332842 0.0126141 0.0382327 0.1581011 0.0126052 0.0126141 1.9537397 0.1440617 0.1440617 0.0382327 0.1338013 0.1349357 0.0062832 0.1415242 0.1349357 0.0316976 0.0000000 0.0504016 
35_32      0.2054203 0.0504016 0.1395385 0.0678818 0.0000010 0.1966567 0.0504016 0.0678818 2.0043638 0.1558763 0.1558763 0.0000010 0.2054203 0.2103155 0.0504016 0.2054203 0.2103155 0.0504431 0.0504016 0.0000000 
