16
1_45       0.0000000 0.2770388 0.0000010 0.2950129 0.2841914 0.2668944 0.2950129 0.3718014 0.3718014 0.2943319 0.2950525 0.2950525 0.0071469 0.0441570 0.2841914 0.0441570 
3_44       0.2770388 0.0000000 0.2770388 0.0144111 0.0521143 0.2763603 0.0144111 0.3945464 0.3945464 0.0598387 0.0599500 0.0599500 0.2871025 0.3215388 0.0521143 0.3215388 
4_49       0.0000010 0.2770388 0.0000000 0.2950129 0.2841914 0.2668944 0.2950129 0.3718014 0.3718014 0.2943319 0.2950525 0.2950525 0.0071469 0.0441570 0.2841914 0.0441570 
5_43       0.2950129 0.0144111 0.2950129 0.0000000 0.0519142 0.2585760 0.0000010 0.3918153 0.3918153 0.0596052 0.0597155 0.0597155 0.3052034 0.3405195 0.0519142 0.3405195 
6_29       0.2841914 0.0521143 0.2841914 0.0519142 0.0000000 0.2485375 0.0519142 0.3598174 0.3598174 0.0071931 0.0072056 0.0072056 0.2944910 0.3299520 0.0000010 0.3299520 
7_44       0.2668944 0.2763603 0.2668944 0.2585760 0.2485375 0.0000000 0.2585760 0.1579122 0.1579122 0.2579134 0.2584961 0.2584961 0.2769185 0.3192164 0.2485375 0.3192164 
10_43      0.2950129 0.0144111 0.2950129 0.0000010 0.0519142 0.2585760 0.0000000 0.3918153 0.3918153 0.0596052 0.0597155 0.0597155 0.3052034 0.3405195 0.0519142 0.3405195 
16_45      0.3718014 0.3945464 0.3718014 0.3918153 0.3598174 0.1579122 0.3918153 0.0000000 0.0000010 0.3703570 0.3713033 0.3713033 0.3611673 0.4058184 0.3598174 0.4058184 
17_45      0.3718014 0.3945464 0.3718014 0.3918153 0.3598174 0.1579122 0.3918153 0.0000010 0.0000000 0.3703570 0.3713033 0.3713033 0.3611673 0.4058184 0.3598174 0.4058184 
18_47      0.2943319 0.0598387 0.2943319 0.0596052 0.0071931 0.2579134 0.0596052 0.3703570 0.3703570 0.0000000 0.0144754 0.0144754 0.3047512 0.3409003 0.0071931 0.3409003 
19_44      0.2950525 0.0599500 0.2950525 0.0597155 0.0072056 0.2584961 0.0597155 0.3713033 0.3713033 0.0144754 0.0000000 0.0000010 0.3055066 0.3418041 0.0072056 0.3418041 
20_47      0.2950525 0.0599500 0.2950525 0.0597155 0.0072056 0.2584961 0.0597155 0.3713033 0.3713033 0.0144754 0.0000010 0.0000000 0.3055066 0.3418041 0.0072056 0.3418041 
21_43      0.0071469 0.2871025 0.0071469 0.3052034 0.2944910 0.2769185 0.3052034 0.3611673 0.3611673 0.3047512 0.3055066 0.3055066 0.0000000 0.0517810 0.2944910 0.0517810 
23_46      0.0441570 0.3215388 0.0441570 0.3405195 0.3299520 0.3192164 0.3405195 0.4058184 0.4058184 0.3409003 0.3418041 0.3418041 0.0517810 0.0000000 0.3299520 0.0000010 
30_47      0.2841914 0.0521143 0.2841914 0.0519142 0.0000010 0.2485375 0.0519142 0.3598174 0.3598174 0.0071931 0.0072056 0.0072056 0.2944910 0.3299520 0.0000000 0.3299520 
43_44      0.0441570 0.3215388 0.0441570 0.3405195 0.3299520 0.3192164 0.3405195 0.4058184 0.4058184 0.3409003 0.3418041 0.3418041 0.0517810 0.0000010 0.3299520 0.0000000 
