24
0_50       0.0000000 2.1535005 0.0000010 2.1141607 2.1208673 2.1141607 2.1208673 2.1772583 1.5259721 0.7700508 2.1141607 1.3972113 2.1401524 2.1401524 2.1208673 2.1535005 2.1972926 2.3709048 2.3709048 2.1535005 2.1972926 0.0000010 2.3709048 2.1972926 
1_64       2.1535005 0.0000000 0.0468779 0.1530833 0.0441525 0.0395912 0.0441525 0.0485771 2.2031612 2.8839362 0.0395912 2.1754046 0.0486375 0.0464012 0.0463640 0.0000010 0.0086525 0.9422509 0.9422509 0.0021524 0.0108433 1.0027041 0.8817371 0.0086525 
3_64       0.0000010 0.0468779 0.0000000 2.0805475 0.0350199 0.0000010 0.0350199 0.0347002 0.0000010 6.2145274 0.0000010 0.0000010 0.0586727 0.0586727 0.0350199 0.0468779 0.0468779 1.0571831 1.0571831 0.0468779 0.0468779 1.0571831 0.0000010 0.0468779 
3_65       2.1141607 0.1530833 2.0805475 0.0000000 0.1255320 0.1196126 0.1255320 0.1492995 2.2238608 2.8141651 0.1196126 2.1887671 0.1433802 0.1404743 0.1253072 0.1530833 0.1531231 1.1022413 1.1022413 0.1562466 0.1537069 2.8485093 0.8907766 0.1531231 
4_68       2.1208673 0.0441525 0.0350199 0.1255320 0.0000000 0.0129841 0.0000010 0.0305738 2.2208269 2.8380176 0.0129841 2.1987317 0.0261325 0.0239418 0.0021530 0.0441525 0.0441568 0.9371015 0.9371015 0.0464360 0.0442943 0.9769835 0.8886062 0.0441568 
5_63       2.1141607 0.0395912 0.0000010 0.1196126 0.0129841 0.0000000 0.0129841 0.0304885 2.2238608 2.8448237 0.0000010 2.1887671 0.0305264 0.0283306 0.0151492 0.0395912 0.0395949 0.9350676 0.9350676 0.0418588 0.0397180 0.9819768 0.8833716 0.0395949 
6_11       2.1208673 0.0441525 0.0350199 0.1255320 0.0000010 0.0129841 0.0000000 0.0305738 2.2208269 2.8380176 0.0129841 2.1987317 0.0261325 0.0239418 0.0021530 0.0441525 0.0441568 0.9371015 0.9371015 0.0464360 0.0442943 0.9769835 0.8886062 0.0441568 
7_63       2.1772583 0.0485771 0.0347002 0.1492995 0.0305738 0.0304885 0.0305738 0.0000000 2.2091942 2.9246765 0.0304885 2.1632205 0.0173882 0.0152064 0.0327604 0.0485771 0.0485820 0.9410769 0.9410769 0.0508683 0.0487341 0.9696961 0.8932462 0.0485820 
8_46       1.5259721 2.2031612 0.0000010 2.2238608 2.2208269 2.2238608 2.2208269 2.2091942 0.0000000 1.5385391 2.2238608 0.5279295 2.2256121 2.2256121 2.2208269 2.2031612 2.2166465 2.1708742 2.1708742 2.2031612 2.2166465 0.0000010 2.1708742 2.2166465 
9_155      0.7700508 2.8839362 6.2145274 2.8141651 2.8380176 2.8448237 2.8380176 2.9246765 1.5385391 0.0000000 2.8448237 1.3104952 2.8875191 2.8875191 2.8380176 2.8839362 2.8877818 2.5051347 2.5051347 2.8839362 2.8877818 0.5941230 2.6145398 2.8877818 
10_63      2.1141607 0.0395912 0.0000010 0.1196126 0.0129841 0.0000010 0.0129841 0.0304885 2.2238608 2.8448237 0.0000000 2.1887671 0.0305264 0.0283306 0.0151492 0.0395912 0.0395949 0.9350676 0.9350676 0.0418588 0.0397180 0.9819768 0.8833716 0.0395949 
11_92      1.3972113 2.1754046 0.0000010 2.1887671 2.1987317 2.1887671 2.1987317 2.1632205 0.5279295 1.3104952 2.1887671 0.0000000 2.2007060 2.2007060 2.1987317 2.1754046 2.2030263 2.2063275 2.2063275 2.1754046 2.2030263 0.0000010 2.2063275 2.2030263 
16_63      2.1401524 0.0486375 0.0586727 0.1433802 0.0261325 0.0305264 0.0261325 0.0173882 2.2256121 2.8875191 0.0305264 2.2007060 0.0000000 0.0021567 0.0283125 0.0486375 0.0486425 0.9376031 0.9376031 0.0509316 0.0487949 0.9645639 0.8888961 0.0486425 
17_63      2.1401524 0.0464012 0.0586727 0.1404743 0.0239418 0.0283306 0.0239418 0.0152064 2.2256121 2.8875191 0.0283306 2.2007060 0.0021567 0.0000000 0.0261204 0.0464012 0.0464059 0.9368220 0.9368220 0.0486904 0.0465513 0.9645639 0.8888961 0.0464059 
20_64      2.1208673 0.0463640 0.0350199 0.1253072 0.0021530 0.0151492 0.0021530 0.0327604 2.2208269 2.8380176 0.0151492 2.1987317 0.0283125 0.0261204 0.0000000 0.0463640 0.0463686 0.9373799 0.9373799 0.0486513 0.0465139 0.9782601 0.8886062 0.0463686 
21_61      2.1535005 0.0000010 0.0468779 0.1530833 0.0441525 0.0395912 0.0441525 0.0485771 2.2031612 2.8839362 0.0395912 2.1754046 0.0486375 0.0464012 0.0463640 0.0000000 0.0086525 0.9422509 0.9422509 0.0021524 0.0108433 1.0027041 0.8817371 0.0086525 
23_64      2.1972926 0.0086525 0.0468779 0.1531231 0.0441568 0.0395949 0.0441568 0.0485820 2.2166465 2.8877818 0.0395949 2.2030263 0.0486425 0.0464059 0.0463686 0.0086525 0.0000000 0.9513341 0.9513341 0.0108328 0.0021566 1.0027041 0.8948637 0.0000010 
24_111     2.3709048 0.9422509 1.0571831 1.1022413 0.9371015 0.9350676 0.9371015 0.9410769 2.1708742 2.5051347 0.9350676 2.2063275 0.9376031 0.9368220 0.9373799 0.9422509 0.9513341 0.0000000 0.0000010 0.9437847 0.9519140 0.0000010 0.0096142 0.9513341 
26_112     2.3709048 0.9422509 1.0571831 1.1022413 0.9371015 0.9350676 0.9371015 0.9410769 2.1708742 2.5051347 0.9350676 2.2063275 0.9376031 0.9368220 0.9373799 0.9422509 0.9513341 0.0000010 0.0000000 0.9437847 0.9519140 0.0000010 0.0096142 0.9513341 
28_65      2.1535005 0.0021524 0.0468779 0.1562466 0.0464360 0.0418588 0.0464360 0.0508683 2.2031612 2.8839362 0.0418588 2.1754046 0.0509316 0.0486904 0.0486513 0.0021524 0.0108328 0.9437847 0.9437847 0.0000000 0.0130328 1.0027041 0.8838735 0.0108328 
29_65      2.1972926 0.0108433 0.0468779 0.1537069 0.0442943 0.0397180 0.0442943 0.0487341 2.2166465 2.8877818 0.0397180 2.2030263 0.0487949 0.0465513 0.0465139 0.0108433 0.0021566 0.9519140 0.9519140 0.0130328 0.0000000 1.0027041 0.8948637 0.0021566 
32_92      0.0000010 1.0027041 1.0571831 2.8485093 0.9769835 0.9819768 0.9769835 0.9696961 0.0000010 0.5941230 0.9819768 0.0000010 0.9645639 0.9645639 0.9782601 1.0027041 1.0027041 0.0000010 0.0000010 1.0027041 1.0027041 0.0000000 0.0000010 1.0027041 
32_93      2.3709048 0.8817371 0.0000010 0.8907766 0.8886062 0.8833716 0.8886062 0.8932462 2.1708742 2.6145398 0.8833716 2.2063275 0.8888961 0.8888961 0.8886062 0.8817371 0.8948637 0.0096142 0.0096142 0.8838735 0.8948637 0.0000010 0.0000000 0.8948637 
43_64      2.1972926 0.0086525 0.0468779 0.1531231 0.0441568 0.0395949 0.0441568 0.0485820 2.2166465 2.8877818 0.0395949 2.2030263 0.0486425 0.0464059 0.0463686 0.0086525 0.0000010 0.9513341 0.9513341 0.0108328 0.0021566 1.0027041 0.8948637 0.0000000 
