18
1_17       0.0000000 0.0485192 0.0485192 0.0446514 0.0731423 0.0529376 0.0909785 0.0761340 0.0446514 0.0000010 0.0271972 2.3653690 2.3653690 0.0529376 0.0271972 0.0449402 0.0667134 0.0445196 
3_16       0.0485192 0.0000000 0.0000010 0.0194685 0.0545333 0.0038040 0.0793582 0.0650018 0.0194685 0.0485192 0.0691834 2.2556089 2.2556089 0.0038040 0.0691834 0.0114740 0.0403244 0.0000010 
5_17       0.0485192 0.0000010 0.0000000 0.0194685 0.0545333 0.0038040 0.0793582 0.0650018 0.0194685 0.0485192 0.0691834 2.2556089 2.2556089 0.0038040 0.0691834 0.0114740 0.0403244 0.0000010 
6_56       0.0446514 0.0194685 0.0194685 0.0000000 0.0588818 0.0235050 0.0838763 0.0694698 0.0000010 0.0446514 0.0649764 2.2718496 2.2718496 0.0235050 0.0649764 0.0076981 0.0444988 0.0192025 
7_17       0.0731423 0.0545333 0.0545333 0.0588818 0.0000000 0.0569293 0.0611675 0.0476455 0.0588818 0.0731423 0.0830246 2.2771403 2.2771403 0.0569293 0.0830246 0.0593125 0.0171095 0.0521617 
10_16      0.0529376 0.0038040 0.0038040 0.0235050 0.0569293 0.0000000 0.0819927 0.0675463 0.0235050 0.0529376 0.0738224 2.2532895 2.2532895 0.0000010 0.0738224 0.0153912 0.0360425 0.0047217 
16_18      0.0909785 0.0793582 0.0793582 0.0838763 0.0611675 0.0819927 0.0000000 0.0199060 0.0838763 0.0909785 0.0976100 2.2803373 2.2803373 0.0819927 0.0976100 0.0846061 0.0740120 0.0761786 
17_18      0.0761340 0.0650018 0.0650018 0.0694698 0.0476455 0.0675463 0.0199060 0.0000000 0.0694698 0.0761340 0.0827278 2.3105033 2.3105033 0.0675463 0.0827278 0.0700254 0.0599371 0.0582346 
18_17      0.0446514 0.0194685 0.0194685 0.0000010 0.0588818 0.0235050 0.0838763 0.0694698 0.0000000 0.0446514 0.0649764 2.2718496 2.2718496 0.0235050 0.0649764 0.0076981 0.0444988 0.0192025 
21_17      0.0000010 0.0485192 0.0485192 0.0446514 0.0731423 0.0529376 0.0909785 0.0761340 0.0446514 0.0000000 0.0271972 2.3653690 2.3653690 0.0529376 0.0271972 0.0449402 0.0667134 0.0445196 
23_17      0.0271972 0.0691834 0.0691834 0.0649764 0.0830246 0.0738224 0.0976100 0.0827278 0.0649764 0.0271972 0.0000000 2.3300301 2.3300301 0.0738224 0.0000010 0.0654666 0.0855767 0.0599638 
24_89      2.3653690 2.2556089 2.2556089 2.2718496 2.2771403 2.2532895 2.2803373 2.3105033 2.2718496 2.3653690 2.3300301 0.0000000 0.0000010 2.2532895 2.3300301 2.2667277 2.2891152 2.2644145 
26_90      2.3653690 2.2556089 2.2556089 2.2718496 2.2771403 2.2532895 2.2803373 2.3105033 2.2718496 2.3653690 2.3300301 0.0000010 0.0000000 2.2532895 2.3300301 2.2667277 2.2891152 2.2644145 
27_8       0.0529376 0.0038040 0.0038040 0.0235050 0.0569293 0.0000010 0.0819927 0.0675463 0.0235050 0.0529376 0.0738224 2.2532895 2.2532895 0.0000000 0.0738224 0.0153912 0.0360425 0.0047217 
29_17      0.0271972 0.0691834 0.0691834 0.0649764 0.0830246 0.0738224 0.0976100 0.0827278 0.0649764 0.0271972 0.0000010 2.3300301 2.3300301 0.0738224 0.0000000 0.0654666 0.0855767 0.0599638 
33_58      0.0449402 0.0114740 0.0114740 0.0076981 0.0593125 0.0153912 0.0846061 0.0700254 0.0076981 0.0449402 0.0654666 2.2667277 2.2667277 0.0153912 0.0654666 0.0000000 0.0447838 0.0142687 
34_57      0.0667134 0.0403244 0.0403244 0.0444988 0.0171095 0.0360425 0.0740120 0.0599371 0.0444988 0.0667134 0.0855767 2.2891152 2.2891152 0.0360425 0.0855767 0.0447838 0.0000000 0.0399442 
35_7       0.0445196 0.0000010 0.0000010 0.0192025 0.0521617 0.0047217 0.0761786 0.0582346 0.0192025 0.0445196 0.0599638 2.2644145 2.2644145 0.0047217 0.0599638 0.0142687 0.0399442 0.0000000 
