17
1_0        0.0000000 2.2792272 0.0484619 0.0284917 0.0431708 0.0284917 0.0631294 0.0431708 0.0604249 0.0604249 0.0000010 0.0160895 1.2565385 1.2565385 0.0134039 0.0342125 0.0107101 
2_3        2.2792272 0.0000000 2.2735872 2.2269434 2.2339401 2.2269434 2.2804610 2.2339401 2.2899114 2.2899114 2.2792272 2.2773596 2.0631842 2.0631842 2.2944785 2.2221931 2.2949965 
3_0        0.0484619 2.2735872 0.0000000 0.0157362 0.0031227 0.0157362 0.0746157 0.0031227 0.0714285 0.0714285 0.0484619 0.0517122 1.3212706 1.3212706 0.0616449 0.0094076 0.0583162 
4_0        0.0284917 2.2269434 0.0157362 0.0000000 0.0140563 0.0000010 0.0573805 0.0140563 0.0545497 0.0545497 0.0284917 0.0313518 1.3173294 1.3173294 0.0400412 0.0055697 0.0371329 
5_0        0.0431708 2.2339401 0.0031227 0.0140563 0.0000000 0.0140563 0.0724517 0.0000010 0.0696027 0.0696027 0.0431708 0.0460646 1.3305356 1.3305356 0.0548912 0.0084064 0.0519349 
6_72       0.0284917 2.2269434 0.0157362 0.0000010 0.0140563 0.0000000 0.0573805 0.0140563 0.0545497 0.0545497 0.0284917 0.0313518 1.3173294 1.3173294 0.0400412 0.0055697 0.0371329 
7_0        0.0631294 2.2804610 0.0746157 0.0573805 0.0724517 0.0573805 0.0000000 0.0724517 0.0106074 0.0106074 0.0631294 0.0573778 1.2727574 1.2727574 0.0630202 0.0631623 0.0629752 
10_0       0.0431708 2.2339401 0.0031227 0.0140563 0.0000010 0.0140563 0.0724517 0.0000000 0.0696027 0.0696027 0.0431708 0.0460646 1.3305356 1.3305356 0.0548912 0.0084064 0.0519349 
16_0       0.0604249 2.2899114 0.0714285 0.0545497 0.0696027 0.0545497 0.0106074 0.0696027 0.0000000 0.0000010 0.0604249 0.0546823 1.2921546 1.2921546 0.0630965 0.0603332 0.0602774 
17_0       0.0604249 2.2899114 0.0714285 0.0545497 0.0696027 0.0545497 0.0106074 0.0696027 0.0000010 0.0000000 0.0604249 0.0546823 1.2921546 1.2921546 0.0630965 0.0603332 0.0602774 
21_0       0.0000010 2.2792272 0.0484619 0.0284917 0.0431708 0.0284917 0.0631294 0.0431708 0.0604249 0.0604249 0.0000000 0.0160895 1.2565385 1.2565385 0.0134039 0.0342125 0.0107101 
23_0       0.0160895 2.2773596 0.0517122 0.0313518 0.0460646 0.0313518 0.0573778 0.0460646 0.0546823 0.0546823 0.0160895 0.0000000 1.2375763 1.2375763 0.0080060 0.0370766 0.0053299 
24_105     1.2565385 2.0631842 1.3212706 1.3173294 1.3305356 1.3173294 1.2727574 1.3305356 1.2921546 1.2921546 1.2565385 1.2375763 0.0000000 0.0000010 1.2440379 1.3130954 1.2430635 
26_106     1.2565385 2.0631842 1.3212706 1.3173294 1.3305356 1.3173294 1.2727574 1.3305356 1.2921546 1.2921546 1.2565385 1.2375763 0.0000010 0.0000000 1.2440379 1.3130954 1.2430635 
29_0       0.0134039 2.2944785 0.0616449 0.0400412 0.0548912 0.0400412 0.0630202 0.0548912 0.0630965 0.0630965 0.0134039 0.0080060 1.2440379 1.2440379 0.0000000 0.0457917 0.0026642 
41_0       0.0342125 2.2221931 0.0094076 0.0055697 0.0084064 0.0055697 0.0631623 0.0084064 0.0603332 0.0603332 0.0342125 0.0370766 1.3130954 1.3130954 0.0457917 0.0000000 0.0428740 
43_0       0.0107101 2.2949965 0.0583162 0.0371329 0.0519349 0.0371329 0.0629752 0.0519349 0.0602774 0.0602774 0.0107101 0.0053299 1.2430635 1.2430635 0.0026642 0.0428740 0.0000000 
