45
0          0.0000000 4.3591325 3.7874221 4.3323002 4.3765051 4.2939498 4.3438845 2.3063146 0.7571440 4.4012408 2.3267503 4.3782185 3.6933295 4.0852964 2.9364791 4.3483999 4.3514098 4.3777884 4.3794702 4.3794702 4.3544524 4.3788496 4.3547825 4.0769606 3.5982147 4.0769606 4.3727663 4.3584486 4.3536292 4.3636848 3.8275308 4.0797315 4.2964462 4.2917904 4.3480937 4.3647681 4.3641869 4.3636848 4.0769931 4.3769728 4.3760415 4.3803403 4.3595383 4.3698690 4.0050580 
1          4.3591325 0.0000000 3.2601849 0.0907484 0.0849923 0.0857455 0.0989662 4.2702731 4.3106913 0.0840703 4.1235766 0.0842606 3.0748188 5.3035778 3.5135809 0.1050942 0.1044985 0.0846184 0.0852794 0.0854348 0.0006608 0.0842121 0.0148334 1.8629469 3.0640478 1.8624074 0.0845368 0.0007303 0.0215048 0.0852417 3.1898485 1.8706968 0.0857169 0.0862271 0.0861015 0.0839136 0.0853019 0.0851366 1.8617342 0.0841235 0.0851602 0.0847738 0.0122051 0.0840901 0.0816328 
2          3.7874221 3.2601849 0.0000000 3.2137250 3.2586998 3.2017172 3.2579062 3.8177405 3.7477145 3.2653800 3.7211646 3.2586006 2.2829923 5.1294384 2.9412582 3.2527888 3.2536937 3.2627370 3.2638699 3.2638699 3.2078411 3.2594041 3.2601596 3.0953777 2.2013133 3.0963551 3.2376486 3.2611962 3.2529731 3.2365184 0.8076316 3.0869271 3.1930970 3.1986638 3.2208419 3.2371728 3.2371728 3.2365184 3.0945500 3.2583708 3.2568418 3.2588029 3.2620066 3.2578465 2.8958164 
3          4.3323002 0.0907484 3.2137250 0.0000000 0.0118367 0.0364283 0.1011315 4.2467653 4.2935547 0.0096995 4.0921965 0.0108121 2.9791485 5.2049900 3.4345684 0.1056495 0.1052624 0.0365525 0.0371393 0.0372350 0.0915620 0.0113388 0.0901083 1.8516296 2.9992104 1.8513600 0.0104989 0.0908681 0.0772275 0.0354071 3.1346035 1.8604372 0.0265294 0.0166528 0.0392672 0.0352928 0.0354113 0.0352403 1.8505442 0.0104108 0.0255655 0.0217260 0.0901522 0.0385706 0.0646670 
5          4.3765051 0.0849923 3.2586998 0.0118367 0.0000000 0.0288335 0.0934212 4.2393356 4.3401281 0.0024722 4.1147307 0.0009447 3.0704444 5.2767128 3.5236577 0.0985696 0.0979509 0.0281896 0.0287348 0.0288129 0.0861677 0.0016000 0.0839396 1.8535268 3.0756720 1.8532598 0.0017582 0.0853387 0.0737828 0.0274881 3.1913500 1.8616630 0.0176347 0.0071975 0.0297969 0.0273067 0.0275186 0.0273485 1.8523684 0.0016777 0.0166203 0.0119288 0.0843220 0.0297265 0.0572463 
6          4.2939498 0.0857455 3.2017172 0.0364283 0.0288335 0.0000000 0.0918054 4.1425710 4.2321453 0.0281630 4.0154647 0.0275709 3.0041388 5.2179117 3.4515523 0.0977733 0.0969945 0.0013579 0.0019264 0.0020095 0.0872881 0.0281336 0.0853954 1.7997195 3.0092124 1.7991274 0.0279297 0.0863981 0.0785895 0.0101697 3.1412562 1.8090571 0.0168840 0.0314927 0.0138155 0.0104574 0.0102105 0.0098958 1.7987277 0.0275637 0.0181056 0.0158164 0.0853071 0.0066190 0.0324587 
7          4.3438845 0.0989662 3.2579062 0.1011315 0.0934212 0.0918054 0.0000000 4.2541884 4.3073444 0.0926230 4.0973184 0.0920556 3.0842541 5.2845565 3.5162409 0.0459885 0.0455531 0.0915395 0.0921168 0.0922541 0.1001459 0.0930922 0.0985124 1.8869430 3.0781644 1.8867191 0.0922862 0.0991521 0.0982379 0.0847046 3.1934812 1.8957322 0.0877985 0.0853964 0.0863714 0.0836417 0.0847192 0.0848948 1.8860035 0.0919486 0.0863551 0.0917842 0.0986985 0.0852602 0.1058558 
8          2.3063146 4.2702731 3.8177405 4.2467653 4.2393356 4.1425710 4.2541884 0.0000000 2.3507440 4.2570633 0.6317604 4.2407506 3.6271324 3.8266679 3.0075961 4.2456861 4.2442878 4.2449737 4.2445108 4.2445108 4.2589306 4.2398762 4.2705350 4.0394440 3.6310527 4.0413990 4.2385717 4.2705529 4.2569334 4.2396960 3.8643103 4.0120785 4.1413241 4.1458107 4.2212391 4.2407416 4.2413917 4.2396960 4.0407907 4.2400096 4.2398324 4.2374211 4.2694968 4.2389542 3.8532187 
9          0.7571440 4.3106913 3.7477145 4.2935547 4.3401281 4.2321453 4.3073444 2.3507440 0.0000000 4.3652956 2.3504498 4.3418790 3.6908072 4.2697323 2.9784423 4.3043970 4.2983900 4.3416463 4.3416978 4.3416978 4.3010844 4.3404608 4.3108648 4.0958009 3.6311932 4.1016804 4.3361899 4.3091805 4.3147749 4.3321039 3.8843183 4.0920336 4.2450434 4.2357057 4.3189755 4.3332107 4.3328648 4.3321039 4.1017140 4.3406034 4.3463673 4.3360712 4.3162972 4.3301491 3.9296894 
10         4.4012408 0.0840703 3.2653800 0.0096995 0.0024722 0.0281630 0.0926230 4.2570633 4.3652956 0.0000000 4.1159730 0.0015772 3.0807387 5.2989496 3.5342971 0.0977518 0.0971847 0.0276380 0.0281846 0.0282720 0.0851929 0.0021623 0.0831355 1.8518759 3.0912248 1.8516557 0.0009203 0.0843492 0.0699058 0.0271265 3.1977562 1.8599909 0.0170560 0.0063378 0.0299395 0.0269029 0.0271573 0.0269475 1.8508867 0.0008751 0.0161022 0.0120039 0.0836911 0.0296723 0.0562999 
11         2.3267503 4.1235766 3.7211646 4.0921965 4.1147307 4.0154647 4.0973184 0.6317604 2.3504498 4.1159730 0.0000000 4.1162278 3.6094965 3.9201904 3.0634137 4.0974752 4.0962855 4.1081609 4.1076531 4.1076531 4.1129500 4.1152936 4.1226910 3.8815229 3.5250947 3.8818849 4.1054468 4.1238775 4.1119497 4.0901352 3.7237521 3.8510630 4.0182830 4.0352084 4.0612217 4.0901352 4.0908408 4.0901352 3.8829791 4.1154331 4.1063825 4.1051564 4.1246129 4.0982234 3.6439981 
12         4.3782185 0.0842606 3.2586006 0.0108121 0.0009447 0.0275709 0.0920556 4.2407506 4.3418790 0.0015772 4.1162278 0.0000000 3.0718312 5.2787948 3.5242798 0.0975496 0.0969347 0.0268983 0.0274385 0.0275273 0.0854242 0.0007233 0.0831717 1.8515440 3.0765432 1.8512716 0.0008726 0.0846035 0.0733395 0.0262102 3.1916932 1.8597120 0.0163390 0.0060805 0.0290616 0.0259274 0.0261725 0.0260736 1.8507920 0.0007974 0.0154824 0.0108064 0.0836243 0.0289208 0.0559467 
13         3.6933295 3.0748188 2.2829923 2.9791485 3.0704444 3.0041388 3.0842541 3.6271324 3.6908072 3.0807387 3.6094965 3.0718312 0.0000000 5.0900306 2.7135752 3.0793229 3.0808603 3.0601331 3.0620398 3.0620398 3.0147641 3.0718312 3.0779448 2.8992448 0.6112381 2.8994037 3.0465496 3.0749098 3.0782077 3.0339642 2.3450837 2.8977870 3.0060848 3.0144888 3.0267552 3.0345474 3.0345474 3.0339642 2.8985521 3.0719328 3.0596461 3.0598325 3.0789885 3.0570261 2.7349367 
14         4.0852964 5.3035778 5.1294384 5.2049900 5.2767128 5.2179117 5.2845565 3.8266679 4.2697323 5.2989496 3.9201904 5.2787948 5.0900306 0.0000000 4.6612778 5.2572071 5.2614977 5.2640350 5.2654281 5.2654281 5.2718729 5.2769988 5.2882781 5.4133269 5.1229175 5.4133269 5.2674224 5.2823492 5.2794845 5.2436118 5.1126142 5.3904819 5.2080013 5.2345816 5.2532247 5.2436118 5.2436118 5.2436118 5.4155069 5.2774539 5.2542640 5.2571911 5.2909942 5.2599026 4.9401317 
15         2.9364791 3.5135809 2.9412582 3.4345684 3.5236577 3.4515523 3.5162409 3.0075961 2.9784423 3.5342971 3.0634137 3.5242798 2.7135752 4.6612778 0.0000000 3.5043173 3.5026078 3.5283988 3.5280816 3.5280816 3.5136029 3.5223955 3.5148429 3.2376922 2.7103317 3.2376922 3.5228382 3.5168631 3.5063067 3.5205042 3.0391338 3.2281610 3.4493680 3.4492109 3.5335613 3.5215059 3.5215059 3.5205042 3.2354726 3.5228382 3.5214126 3.5230007 3.5180029 3.5224255 3.2505399 
16         4.3483999 0.1050942 3.2527888 0.1056495 0.0985696 0.0977733 0.0459885 4.2456861 4.3043970 0.0977518 4.0974752 0.0975496 3.0793229 5.2572071 3.5043173 0.0000000 0.0014064 0.0974694 0.0980462 0.0980033 0.1063186 0.0986317 0.1041263 1.8711763 3.0700063 1.8708850 0.0975237 0.1062259 0.1044682 0.0939970 3.1855136 1.8801055 0.0956190 0.0939852 0.0951312 0.0924046 0.0940525 0.0939987 1.8702134 0.0977674 0.0941217 0.0980618 0.1043900 0.0934748 0.1137819 
17         4.3514098 0.1044985 3.2536937 0.1052624 0.0979509 0.0969945 0.0455531 4.2442878 4.2983900 0.0971847 4.0962855 0.0969347 3.0808603 5.2614977 3.5026078 0.0014064 0.0000000 0.0967614 0.0973369 0.0972918 0.1057528 0.0980152 0.1035336 1.8701249 3.0730638 1.8698313 0.0969072 0.1056275 0.1039221 0.0933304 3.1889641 1.8790489 0.0949617 0.0934353 0.0944746 0.0917323 0.0933861 0.0933299 1.8691601 0.0971514 0.0934537 0.0973971 0.1037969 0.0927953 0.1134896 
18         4.3777884 0.0846184 3.2627370 0.0365525 0.0281896 0.0013579 0.0915395 4.2449737 4.3416463 0.0276380 4.1081609 0.0268983 3.0601331 5.2640350 3.5283988 0.0974694 0.0967614 0.0000000 0.0006791 0.0007533 0.0859009 0.0274972 0.0840828 1.8539760 3.0627875 1.8535337 0.0271724 0.0852634 0.0776219 0.0098756 3.1973007 1.8628515 0.0159487 0.0311491 0.0136183 0.0101268 0.0099145 0.0096137 1.8531545 0.0269302 0.0175857 0.0154495 0.0844187 0.0064500 0.0325584 
19         4.3794702 0.0852794 3.2638699 0.0371393 0.0287348 0.0019264 0.0921168 4.2445108 4.3416978 0.0281846 4.1076531 0.0274385 3.0620398 5.2654281 3.5280816 0.0980462 0.0973369 0.0006791 0.0000000 0.0001433 0.0865702 0.0280380 0.0847415 1.8549962 3.0646936 1.8545559 0.0277146 0.0859265 0.0783213 0.0104421 3.1984718 1.8638756 0.0164691 0.0317047 0.0141137 0.0107015 0.0104811 0.0101817 1.8541766 0.0274710 0.0181034 0.0159689 0.0850773 0.0070059 0.0332100 
20         4.3794702 0.0854348 3.2638699 0.0372350 0.0288129 0.0020095 0.0922541 4.2445108 4.3416978 0.0282720 4.1076531 0.0275273 3.0620398 5.2654281 3.5280816 0.0980033 0.0972918 0.0007533 0.0001433 0.0000000 0.0867321 0.0281288 0.0848376 1.8549962 3.0646936 1.8545559 0.0278046 0.0860846 0.0783765 0.0105549 3.1984718 1.8638756 0.0165087 0.0317858 0.0141699 0.0107693 0.0105941 0.0102856 1.8541766 0.0275601 0.0181498 0.0160206 0.0851737 0.0070991 0.0331613 
21         4.3544524 0.0006608 3.2078411 0.0915620 0.0861677 0.0872881 0.1001459 4.2589306 4.3010844 0.0851929 4.1129500 0.0854242 3.0147641 5.2718729 3.5136029 0.1063186 0.1057528 0.0859009 0.0865702 0.0867321 0.0000000 0.0853715 0.0154515 1.8820940 3.0034651 1.8815810 0.0855809 0.0013304 0.0222862 0.0863571 3.1290328 1.8900599 0.0870637 0.0874252 0.0873609 0.0850343 0.0864173 0.0862548 1.8808898 0.0853803 0.0864521 0.0861039 0.0127511 0.0855355 0.0822808 
22         4.3788496 0.0842121 3.2594041 0.0113388 0.0016000 0.0281336 0.0930922 4.2398762 4.3404608 0.0021623 4.1152936 0.0007233 3.0718312 5.2769988 3.5223955 0.0986317 0.0980152 0.0274972 0.0280380 0.0281288 0.0853715 0.0000000 0.0832832 1.8537928 3.0765432 1.8535263 0.0013818 0.0845400 0.0732373 0.0268383 3.1907291 1.8619301 0.0168460 0.0069767 0.0297034 0.0266077 0.0268688 0.0266840 1.8526348 0.0013396 0.0159269 0.0111990 0.0835687 0.0296245 0.0568208 
23         4.3547825 0.0148334 3.2601596 0.0901083 0.0839396 0.0853954 0.0985124 4.2705350 4.3108648 0.0831355 4.1226910 0.0831717 3.0779448 5.2882781 3.5148429 0.1041263 0.1035336 0.0840828 0.0847415 0.0848376 0.0154515 0.0832832 0.0000000 1.8649746 3.0673740 1.8644411 0.0833303 0.0155006 0.0169543 0.0846557 3.1872985 1.8722475 0.0847184 0.0848249 0.0848623 0.0834275 0.0847160 0.0845424 1.8637702 0.0832300 0.0837889 0.0840201 0.0032405 0.0837872 0.0854062 
24         4.0769606 1.8629469 3.0953777 1.8516296 1.8535268 1.7997195 1.8869430 4.0394440 4.0958009 1.8518759 3.8815229 1.8515440 2.8992448 5.4133269 3.2376922 1.8711763 1.8701249 1.8539760 1.8549962 1.8549962 1.8820940 1.8537928 1.8649746 0.0000000 2.8957350 0.0000626 1.8584122 1.8661263 1.8681918 1.8580884 3.1247221 0.0010183 1.8431053 1.8500486 1.8472848 1.8599673 1.8591949 1.8580884 0.0005038 1.8441347 1.8532524 1.8498586 1.8689798 1.8525216 1.8113041 
25         3.5982147 3.0640478 2.2013133 2.9992104 3.0756720 3.0092124 3.0781644 3.6310527 3.6311932 3.0912248 3.5250947 3.0765432 0.6112381 5.1229175 2.7103317 3.0700063 3.0730638 3.0627875 3.0646936 3.0646936 3.0034651 3.0765432 3.0673740 2.8957350 0.0000000 2.8969072 3.0562766 3.0640766 3.0695397 3.0388607 2.2723074 2.8901981 3.0146120 3.0192525 3.0347985 3.0394444 3.0394444 3.0388607 2.8953785 3.0771641 3.0588331 3.0637370 3.0697432 3.0648823 2.7214488 
26         4.0769606 1.8624074 3.0963551 1.8513600 1.8532598 1.7991274 1.8867191 4.0413990 4.1016804 1.8516557 3.8818849 1.8512716 2.8994037 5.4133269 3.2376922 1.8708850 1.8698313 1.8535337 1.8545559 1.8545559 1.8815810 1.8535263 1.8644411 0.0000626 2.8969072 0.0000000 1.8582056 1.8655928 1.8676629 1.8576504 3.1260504 0.0010839 1.8431339 1.8498230 1.8468148 1.8595342 1.8587592 1.8576504 0.0005668 1.8438983 1.8528067 1.8495838 1.8684533 1.8520761 1.8106665 
27         4.3727663 0.0845368 3.2376486 0.0104989 0.0017582 0.0279297 0.0922862 4.2385717 4.3361899 0.0009203 4.1054468 0.0008726 3.0465496 5.2674224 3.5228382 0.0975237 0.0969072 0.0271724 0.0277146 0.0278046 0.0855809 0.0013818 0.0833303 1.8584122 3.0562766 1.8582056 0.0000000 0.0848521 0.0731561 0.0262592 3.1696455 1.8665765 0.0167582 0.0057152 0.0290395 0.0259986 0.0262216 0.0260476 1.8574551 0.0000357 0.0155367 0.0113608 0.0838160 0.0292006 0.0562950 
28         4.3584486 0.0007303 3.2611962 0.0908681 0.0853387 0.0863981 0.0991521 4.2705529 4.3091805 0.0843492 4.1238775 0.0846035 3.0749098 5.2823492 3.5168631 0.1062259 0.1056275 0.0852634 0.0859265 0.0860846 0.0013304 0.0845400 0.0155006 1.8661263 3.0640766 1.8655928 0.0848521 0.0000000 0.0219296 0.0856879 3.1900593 1.8743726 0.0860326 0.0865483 0.0867381 0.0844247 0.0857480 0.0855838 1.8649188 0.0844171 0.0855063 0.0851003 0.0125675 0.0848262 0.0824382 
29         4.3536292 0.0215048 3.2529731 0.0772275 0.0737828 0.0785895 0.0982379 4.2569334 4.3147749 0.0699058 4.1119497 0.0733395 3.0782077 5.2794845 3.5063067 0.1044682 0.1039221 0.0776219 0.0783213 0.0783765 0.0222862 0.0732373 0.0169543 1.8681918 3.0695397 1.8676629 0.0731561 0.0219296 0.0000000 0.0779357 3.1890135 1.8760660 0.0761394 0.0755538 0.0793166 0.0770240 0.0779989 0.0777744 1.8669183 0.0728032 0.0753118 0.0710216 0.0142699 0.0766596 0.0865132 
30         4.3636848 0.0852417 3.2365184 0.0354071 0.0274881 0.0101697 0.0847046 4.2396960 4.3321039 0.0271265 4.0901352 0.0262102 3.0339642 5.2436118 3.5205042 0.0939970 0.0933304 0.0098756 0.0104421 0.0105549 0.0863571 0.0268383 0.0846557 1.8580884 3.0388607 1.8576504 0.0262592 0.0856879 0.0779357 0.0000000 3.1736563 1.8670611 0.0099812 0.0306076 0.0033260 0.0001096 0.0001078 0.0000010 1.8572670 0.0264226 0.0103751 0.0194215 0.0846065 0.0107460 0.0345072 
31         3.8275308 3.1898485 0.8076316 3.1346035 3.1913500 3.1412562 3.1934812 3.8643103 3.8843183 3.1977562 3.7237521 3.1916932 2.3450837 5.1126142 3.0391338 3.1855136 3.1889641 3.1973007 3.1984718 3.1984718 3.1290328 3.1907291 3.1872985 3.1247221 2.2723074 3.1260504 3.1696455 3.1900593 3.1890135 3.1736563 0.0000000 3.1221300 3.1332814 3.1349690 3.1573936 3.1743025 3.1743025 3.1736563 3.1238706 3.1911618 3.1928393 3.1957074 3.1846014 3.1964355 2.8420686 
32         4.0797315 1.8706968 3.0869271 1.8604372 1.8616630 1.8090571 1.8957322 4.0120785 4.0920336 1.8599909 3.8510630 1.8597120 2.8977870 5.3904819 3.2281610 1.8801055 1.8790489 1.8628515 1.8638756 1.8638756 1.8900599 1.8619301 1.8722475 0.0010183 2.8901981 0.0010839 1.8665765 1.8743726 1.8760660 1.8670611 3.1221300 0.0000000 1.8513908 1.8582847 1.8569664 1.8689257 1.8681708 1.8670611 0.0011479 1.8522092 1.8612972 1.8579887 1.8762718 1.8610374 1.8218684 
33         4.2964462 0.0857169 3.1930970 0.0265294 0.0176347 0.0168840 0.0877985 4.1413241 4.2450434 0.0170560 4.0182830 0.0163390 3.0060848 5.2080013 3.4493680 0.0956190 0.0949617 0.0159487 0.0164691 0.0165087 0.0870637 0.0168460 0.0847184 1.8431053 3.0146120 1.8431339 0.0167582 0.0860326 0.0761394 0.0099812 3.1332814 1.8513908 0.0000000 0.0217283 0.0125959 0.0097377 0.0099440 0.0097787 1.8423815 0.0166609 0.0027260 0.0098495 0.0850277 0.0159334 0.0407298 
34         4.2917904 0.0862271 3.1986638 0.0166528 0.0071975 0.0314927 0.0853964 4.1458107 4.2357057 0.0063378 4.0352084 0.0060805 3.0144888 5.2345816 3.4492109 0.0939852 0.0934353 0.0311491 0.0317047 0.0317858 0.0874252 0.0069767 0.0848249 1.8500486 3.0192525 1.8498230 0.0057152 0.0865483 0.0755538 0.0306076 3.1349690 1.8582847 0.0217283 0.0000000 0.0336849 0.0303937 0.0305693 0.0304844 1.8491436 0.0056773 0.0211071 0.0164399 0.0853265 0.0332431 0.0596243 
35         4.3480937 0.0861015 3.2208419 0.0392672 0.0297969 0.0138155 0.0863714 4.2212391 4.3189755 0.0299395 4.0612217 0.0290616 3.0267552 5.2532247 3.5335613 0.0951312 0.0944746 0.0136183 0.0141137 0.0141699 0.0873609 0.0297034 0.0848623 1.8472848 3.0347985 1.8468148 0.0290395 0.0867381 0.0793166 0.0033260 3.1573936 1.8569664 0.0125959 0.0336849 0.0000000 0.0028160 0.0034442 0.0033395 1.8464247 0.0292086 0.0130573 0.0216838 0.0852898 0.0143686 0.0352433 
36         4.3647681 0.0839136 3.2371728 0.0352928 0.0273067 0.0104574 0.0836417 4.2407416 4.3332107 0.0269029 4.0901352 0.0259274 3.0345474 5.2436118 3.5215059 0.0924046 0.0917323 0.0101268 0.0107015 0.0107693 0.0850343 0.0266077 0.0834275 1.8599673 3.0394444 1.8595342 0.0259986 0.0844247 0.0770240 0.0001096 3.1743025 1.8689257 0.0097377 0.0303937 0.0028160 0.0000000 0.0000721 0.0001098 1.8591515 0.0262257 0.0101752 0.0191045 0.0836781 0.0109630 0.0348679 
37         4.3641869 0.0853019 3.2371728 0.0354113 0.0275186 0.0102105 0.0847192 4.2413917 4.3328648 0.0271573 4.0908408 0.0261725 3.0345474 5.2436118 3.5215059 0.0940525 0.0933861 0.0099145 0.0104811 0.0105941 0.0864173 0.0268688 0.0847160 1.8591949 3.0394444 1.8587592 0.0262216 0.0857480 0.0779989 0.0001078 3.1743025 1.8681708 0.0099440 0.0305693 0.0034442 0.0000721 0.0000000 0.0001082 1.8583758 0.0264533 0.0103384 0.0194542 0.0846668 0.0107803 0.0346157 
38         4.3636848 0.0851366 3.2365184 0.0352403 0.0273485 0.0098958 0.0848948 4.2396960 4.3321039 0.0269475 4.0901352 0.0260736 3.0339642 5.2436118 3.5205042 0.0939987 0.0933299 0.0096137 0.0101817 0.0102856 0.0862548 0.0266840 0.0845424 1.8580884 3.0388607 1.8576504 0.0260476 0.0855838 0.0777744 0.0000010 3.1736563 1.8670611 0.0097787 0.0304844 0.0033395 0.0001098 0.0001082 0.0000000 1.8572670 0.0262672 0.0101760 0.0193339 0.0844931 0.0104678 0.0339946 
39         4.0769931 1.8617342 3.0945500 1.8505442 1.8523684 1.7987277 1.8860035 4.0407907 4.1017140 1.8508867 3.8829791 1.8507920 2.8985521 5.4155069 3.2354726 1.8702134 1.8691601 1.8531545 1.8541766 1.8541766 1.8808898 1.8526348 1.8637702 0.0005038 2.8953785 0.0005668 1.8574551 1.8649188 1.8669183 1.8572670 3.1238706 0.0011479 1.8423815 1.8491436 1.8464247 1.8591515 1.8583758 1.8572670 0.0000000 1.8431329 1.8520673 1.8486931 1.8677808 1.8513398 1.8098921 
40         4.3769728 0.0841235 3.2583708 0.0104108 0.0016777 0.0275637 0.0919486 4.2400096 4.3406034 0.0008751 4.1154331 0.0007974 3.0719328 5.2774539 3.5228382 0.0977674 0.0971514 0.0269302 0.0274710 0.0275601 0.0853803 0.0013396 0.0832300 1.8441347 3.0771641 1.8438983 0.0000357 0.0844171 0.0728032 0.0264226 3.1911618 1.8522092 0.0166609 0.0056773 0.0292086 0.0262257 0.0264533 0.0262672 1.8431329 0.0000000 0.0154666 0.0111117 0.0835828 0.0289919 0.0556399 
41         4.3760415 0.0851602 3.2568418 0.0255655 0.0166203 0.0181056 0.0863551 4.2398324 4.3463673 0.0161022 4.1063825 0.0154824 3.0596461 5.2542640 3.5214126 0.0941217 0.0934537 0.0175857 0.0181034 0.0181498 0.0864521 0.0159269 0.0837889 1.8532524 3.0588331 1.8528067 0.0155367 0.0855063 0.0753118 0.0103751 3.1928393 1.8612972 0.0027260 0.0211071 0.0130573 0.0101752 0.0103384 0.0101760 1.8520673 0.0154666 0.0000000 0.0105946 0.0842665 0.0180175 0.0410104 
42         4.3803403 0.0847738 3.2588029 0.0217260 0.0119288 0.0158164 0.0917842 4.2374211 4.3360712 0.0120039 4.1051564 0.0108064 3.0598325 5.2571911 3.5230007 0.0980618 0.0973971 0.0154495 0.0159689 0.0160206 0.0861039 0.0111990 0.0840201 1.8498586 3.0637370 1.8495838 0.0113608 0.0851003 0.0710216 0.0194215 3.1957074 1.8579887 0.0098495 0.0164399 0.0216838 0.0191045 0.0194542 0.0193339 1.8486931 0.0111117 0.0105946 0.0000000 0.0841855 0.0184675 0.0475344 
43         4.3595383 0.0122051 3.2620066 0.0901522 0.0843220 0.0853071 0.0986985 4.2694968 4.3162972 0.0836911 4.1246129 0.0836243 3.0789885 5.2909942 3.5180029 0.1043900 0.1037969 0.0844187 0.0850773 0.0851737 0.0127511 0.0835687 0.0032405 1.8689798 3.0697432 1.8684533 0.0838160 0.0125675 0.0142699 0.0846065 3.1846014 1.8762718 0.0850277 0.0853265 0.0852898 0.0836781 0.0846668 0.0844931 1.8677808 0.0835828 0.0842665 0.0841855 0.0000000 0.0836439 0.0848055 
44         4.3698690 0.0840901 3.2578465 0.0385706 0.0297265 0.0066190 0.0852602 4.2389542 4.3301491 0.0296723 4.0982234 0.0289208 3.0570261 5.2599026 3.5224255 0.0934748 0.0927953 0.0064500 0.0070059 0.0070991 0.0855355 0.0296245 0.0837872 1.8525216 3.0648823 1.8520761 0.0292006 0.0848262 0.0766596 0.0107460 3.1964355 1.8610374 0.0159334 0.0332431 0.0143686 0.0109630 0.0107803 0.0104678 1.8513398 0.0289919 0.0180175 0.0184675 0.0836439 0.0000000 0.0336154 
4          4.0050580 0.0816328 2.8958164 0.0646670 0.0572463 0.0324587 0.1058558 3.8532187 3.9296894 0.0562999 3.6439981 0.0559467 2.7349367 4.9401317 3.2505399 0.1137819 0.1134896 0.0325584 0.0332100 0.0331613 0.0822808 0.0568208 0.0854062 1.8113041 2.7214488 1.8106665 0.0562950 0.0824382 0.0865132 0.0345072 2.8420686 1.8218684 0.0407298 0.0596243 0.0352433 0.0348679 0.0346157 0.0339946 1.8098921 0.0556399 0.0410104 0.0475344 0.0848055 0.0336154 0.0000000 
