16
MW883602_Megalocytivirus_pagrus1_ISKNV                   0.0000000 0.0000010 0.0655908 0.0105758 0.0547420 0.0547420 0.0655908 0.0772249 0.0430659 1.5496743 0.0772249 1.5496743 0.9286211 0.0771912 0.0105758 0.0771912 
KT781098_Megalocytivirus_pagrus1_ISKNV                   0.0000010 0.0000000 0.0655908 0.0105758 0.0547420 0.0547420 0.0655908 0.0772249 0.0430659 1.5496743 0.0772249 1.5496743 0.9286211 0.0771912 0.0105758 0.0771912 
MK689686_Megalocytivirus_pagrus1_RSIV                    0.0655908 0.0655908 0.0000000 0.0768752 0.0321454 0.0321454 0.0000010 0.0539789 0.0213863 1.5588253 0.0539789 1.5588253 0.8466693 0.0106321 0.0768752 0.0106321 
OP009387_Megalocytivirus_pagrus1_ISKNV                   0.0105758 0.0105758 0.0768752 0.0000000 0.0660021 0.0660021 0.0768752 0.0886685 0.0540802 1.5626158 0.0886685 1.5626158 0.9537939 0.0886271 0.0000010 0.0886271 
MK098187_Megalocytivirus_pagrus1_RSIV                    0.0547420 0.0547420 0.0321454 0.0660021 0.0000000 0.0000010 0.0321454 0.0212128 0.0323076 1.5426335 0.0212128 1.5426335 0.8545157 0.0212065 0.0660021 0.0212065 
OQ475017_Megalocytivirus_pagrus1_RSIV                    0.0547420 0.0547420 0.0321454 0.0660021 0.0000010 0.0000000 0.0321454 0.0212128 0.0323076 1.5426335 0.0212128 1.5426335 0.8545157 0.0212065 0.0660021 0.0212065 
ON743042_Megalocytivirus_pagrus1_RSIV                    0.0655908 0.0655908 0.0000010 0.0768752 0.0321454 0.0321454 0.0000000 0.0539789 0.0213863 1.5588253 0.0539789 1.5588253 0.8466693 0.0106321 0.0768752 0.0106321 
MG570131_Megalocytivirus_pagrus1_TRBIV                   0.0772249 0.0772249 0.0539789 0.0886685 0.0212128 0.0212128 0.0539789 0.0000000 0.0542581 1.5235074 0.0000010 1.5235074 0.8348802 0.0427318 0.0886685 0.0427318 
MW883598_Megalocytivirus_pagrus1_RSIV                    0.0430659 0.0430659 0.0213863 0.0540802 0.0323076 0.0323076 0.0213863 0.0542581 0.0000000 1.5920950 0.0542581 1.5920950 0.8642215 0.0323552 0.0540802 0.0323552 
MN562489_Megalocytivirus_lates1_SDDV                     1.5496743 1.5496743 1.5588253 1.5626158 1.5426335 1.5426335 1.5588253 1.5235074 1.5920950 0.0000000 1.5235074 0.0000010 2.0986598 1.5458601 1.5626158 1.5458601 
MG570132_Megalocytivirus_pagrus1_TRBIV                   0.0772249 0.0772249 0.0539789 0.0886685 0.0212128 0.0212128 0.0539789 0.0000010 0.0542581 1.5235074 0.0000000 1.5235074 0.8348802 0.0427318 0.0886685 0.0427318 
MT521409_Megalocytivirus_lates1_SDDV                     1.5496743 1.5496743 1.5588253 1.5626158 1.5426335 1.5426335 1.5588253 1.5235074 1.5920950 0.0000010 1.5235074 0.0000000 2.0986598 1.5458601 1.5626158 1.5458601 
PQ335173_PQ335174_Threespine_stickleback_iridovirus_TSIV 0.9286211 0.9286211 0.8466693 0.9537939 0.8545157 0.8545157 0.8466693 0.8348802 0.8642215 2.0986598 0.8348802 2.0986598 0.0000000 0.8483681 0.9537939 0.8483681 
KC244182_Megalocytivirus_pagrus1_RSIV                    0.0771912 0.0771912 0.0106321 0.0886271 0.0212065 0.0212065 0.0106321 0.0427318 0.0323552 1.5458601 0.0427318 1.5458601 0.8483681 0.0000000 0.0886271 0.0000010 
MW883595_Megalocytivirus_pagrus1_ISKNV                   0.0105758 0.0105758 0.0768752 0.0000010 0.0660021 0.0660021 0.0768752 0.0886685 0.0540802 1.5626158 0.0886685 1.5626158 0.9537939 0.0886271 0.0000000 0.0886271 
OK042109_Megalocytivirus_pagrus1_RSIV                    0.0771912 0.0771912 0.0106321 0.0886271 0.0212065 0.0212065 0.0106321 0.0427318 0.0323552 1.5458601 0.0427318 1.5458601 0.8483681 0.0000010 0.0886271 0.0000000 
