12
OP009387_Megalocytivirus_pagrus1_ISKNV                   0.0000000 0.0000010 0.0434508 0.0545257 0.0545257 0.0434508 0.0658463 0.0435645 0.0655195 0.0435645 1.1905831 0.0658463 
MT986830_Megalocytivirus_pagrus1_ISKNV                   0.0000010 0.0000000 0.0434508 0.0545257 0.0545257 0.0434508 0.0658463 0.0435645 0.0655195 0.0435645 1.1905831 0.0658463 
OQ475017_Megalocytivirus_pagrus1_RSIV                    0.0434508 0.0434508 0.0000000 0.0106990 0.0106990 0.0000010 0.0432868 0.0656242 0.0214279 0.0656242 1.2037460 0.0432868 
ON743042_Megalocytivirus_pagrus1_RSIV                    0.0545257 0.0545257 0.0106990 0.0000000 0.0000010 0.0106990 0.0543204 0.0768634 0.0106866 0.0768634 1.2322298 0.0543204 
KC244182_Megalocytivirus_pagrus1_RSIV                    0.0545257 0.0545257 0.0106990 0.0000010 0.0000000 0.0106990 0.0543204 0.0768634 0.0106866 0.0768634 1.2322298 0.0543204 
OL774655_Megalocytivirus_pagrus1_RSIV                    0.0434508 0.0434508 0.0000010 0.0106990 0.0106990 0.0000000 0.0432868 0.0656242 0.0214279 0.0656242 1.2037460 0.0432868 
MN432490_Megalocytivirus_pagrus1_ISKNV                   0.0658463 0.0658463 0.0432868 0.0543204 0.0543204 0.0432868 0.0000000 0.0884204 0.0652741 0.0884204 1.1702121 0.0000010 
MG570132_Megalocytivirus_pagrus1_TRBIV                   0.0435645 0.0435645 0.0656242 0.0768634 0.0768634 0.0656242 0.0884204 0.0000000 0.0879612 0.0000010 1.1409368 0.0884204 
ON740976_Megalocytivirus_pagrus1_RSIV                    0.0655195 0.0655195 0.0214279 0.0106866 0.0106866 0.0214279 0.0652741 0.0879612 0.0000000 0.0879612 1.2377430 0.0652741 
MG570131_Megalocytivirus_pagrus1_TRBIV                   0.0435645 0.0435645 0.0656242 0.0768634 0.0768634 0.0656242 0.0884204 0.0000010 0.0879612 0.0000000 1.1409368 0.0884204 
PQ335173_PQ335174_Threespine_stickleback_iridovirus_TSIV 1.1905831 1.1905831 1.2037460 1.2322298 1.2322298 1.2037460 1.1702121 1.1409368 1.2377430 1.1409368 0.0000000 1.1702121 
MW883595_Megalocytivirus_pagrus1_ISKNV                   0.0658463 0.0658463 0.0432868 0.0543204 0.0543204 0.0432868 0.0000010 0.0884204 0.0652741 0.0884204 1.1702121 0.0000000 
