21
MT798582_Megalocytivirus_pagrus1_RSIV                    0.0000000 0.0763998 0.0763998 0.0000010 0.0162540 3.7540857 0.0162540 0.0851794 0.0707511 0.0856354 0.0856354 1.4507265 0.0856354 3.7540857 3.7146498 0.1150135 0.1150135 0.1433313 0.0162540 0.0081222 0.0707511 
OP896201_Megalocytivirus_pagrus1_ISKNV                   0.0763998 0.0000000 0.0000010 0.0763998 0.0673100 3.6916177 0.0673100 0.0061079 0.0185042 0.0061301 0.0061301 1.6856824 0.0061301 3.6916177 3.6774969 0.0992935 0.0992935 0.1128752 0.0507616 0.0852198 0.0185042 
MW883593_Megalocytivirus_pagrus1_ISKNV                   0.0763998 0.0000010 0.0000000 0.0763998 0.0673100 3.6916177 0.0673100 0.0061079 0.0185042 0.0061301 0.0061301 1.6856824 0.0061301 3.6916177 3.6774969 0.0992935 0.0992935 0.1128752 0.0507616 0.0852198 0.0185042 
MW883598_Megalocytivirus_pagrus1_RSIV                    0.0000010 0.0763998 0.0763998 0.0000000 0.0162540 3.7540857 0.0162540 0.0851794 0.0707511 0.0856354 0.0856354 1.4507265 0.0856354 3.7540857 3.7146498 0.1150135 0.1150135 0.1433313 0.0162540 0.0081222 0.0707511 
BD143114_Megalocytivirus_pagrus1_RSIV                    0.0162540 0.0673100 0.0673100 0.0162540 0.0000000 3.6780119 0.0000010 0.0759828 0.0614664 0.0763838 0.0763838 1.3941312 0.0763838 3.6780119 3.6392624 0.1052250 0.1052250 0.1331715 0.0000010 0.0244738 0.0614664 
MN562489_Megalocytivirus_lates1_SDDV                     3.7540857 3.6916177 3.6916177 3.7540857 3.6780119 0.0000000 3.6780119 3.6258577 3.6311435 3.7825703 3.7825703 5.3614363 3.7000586 0.0000010 0.0128349 3.5508430 3.5508430 3.4683021 3.5516239 3.8400850 3.6311435 
OL774655_Megalocytivirus_pagrus1_RSIV                    0.0162540 0.0673100 0.0673100 0.0162540 0.0000010 3.6780119 0.0000000 0.0759828 0.0614664 0.0763838 0.0763838 1.3941312 0.0763838 3.6780119 3.6392624 0.1052250 0.1052250 0.1331715 0.0000010 0.0244738 0.0614664 
MT926123_Megalocytivirus_pagrus1_ISKNV                   0.0851794 0.0061079 0.0061079 0.0851794 0.0759828 3.6258577 0.0759828 0.0000000 0.0247375 0.0122924 0.0122924 1.6926226 0.0122924 3.6258577 3.6120984 0.1061734 0.1061734 0.1198016 0.0572550 0.0940606 0.0247375 
MW883595_Megalocytivirus_pagrus1_ISKNV                   0.0707511 0.0185042 0.0185042 0.0707511 0.0614664 3.6311435 0.0614664 0.0247375 0.0000000 0.0248300 0.0248300 1.7162392 0.0248300 3.6311435 3.6174118 0.0953251 0.0953251 0.1017611 0.0460011 0.0797681 0.0000010 
PP151097_Megalocytivirus_pagrus1_ISKNV                   0.0856354 0.0061301 0.0061301 0.0856354 0.0763838 3.7825703 0.0763838 0.0122924 0.0248300 0.0000000 0.0000010 1.6903808 0.0123377 3.7825703 3.7679437 0.1066195 0.1066195 0.1203094 0.0574799 0.0862622 0.0248300 
MT986830_Megalocytivirus_pagrus1_ISKNV                   0.0856354 0.0061301 0.0061301 0.0856354 0.0763838 3.7825703 0.0763838 0.0122924 0.0248300 0.0000010 0.0000000 1.6903808 0.0123377 3.7825703 3.7679437 0.1066195 0.1066195 0.1203094 0.0574799 0.0862622 0.0248300 
PQ335173_PQ335174_Threespine_stickleback_iridovirus_TSIV 1.4507265 1.6856824 1.6856824 1.4507265 1.3941312 5.3614363 1.3941312 1.6926226 1.7162392 1.6903808 1.6903808 0.0000000 1.7220926 5.3614363 5.3089251 1.5935402 1.5935402 1.6503067 1.7004268 1.4592322 1.7162392 
MW883606_Megalocytivirus_pagrus1_ISKNV                   0.0856354 0.0061301 0.0061301 0.0856354 0.0763838 3.7000586 0.0763838 0.0122924 0.0248300 0.0123377 0.0123377 1.7220926 0.0000000 3.7000586 3.6859034 0.1066195 0.1066195 0.1203094 0.0574799 0.0945684 0.0248300 
MT521409_Megalocytivirus_lates1_SDDV                     3.7540857 3.6916177 3.6916177 3.7540857 3.6780119 0.0000010 3.6780119 3.6258577 3.6311435 3.7825703 3.7825703 5.3614363 3.7000586 0.0000000 0.0128349 3.5508430 3.5508430 3.4683021 3.5516239 3.8400850 3.6311435 
OM037668_Megalocytivirus_lates1_SDDV                     3.7146498 3.6774969 3.6774969 3.7146498 3.6392624 0.0128349 3.6392624 3.6120984 3.6174118 3.7679437 3.7679437 5.3089251 3.6859034 0.0128349 0.0000000 3.5372100 3.5372100 3.4551273 3.5381352 3.7992886 3.6174118 
MG570131_Megalocytivirus_pagrus1_TRBIV                   0.1150135 0.0992935 0.0992935 0.1150135 0.1052250 3.5508430 0.1052250 0.1061734 0.0953251 0.1066195 0.1066195 1.5935402 0.1066195 3.5508430 3.5372100 0.0000000 0.0000010 0.0438497 0.0785917 0.1243152 0.0953251 
MG570132_Megalocytivirus_pagrus1_TRBIV                   0.1150135 0.0992935 0.0992935 0.1150135 0.1052250 3.5508430 0.1052250 0.1061734 0.0953251 0.1066195 0.1066195 1.5935402 0.1066195 3.5508430 3.5372100 0.0000010 0.0000000 0.0438497 0.0785917 0.1243152 0.0953251 
GQ273492_Megalocytivirus_pagrus1_TRBIV                   0.1433313 0.1128752 0.1128752 0.1433313 0.1331715 3.4683021 0.1331715 0.1198016 0.1017611 0.1203094 0.1203094 1.6503067 0.1203094 3.4683021 3.4551273 0.0438497 0.0438497 0.0000000 0.0991709 0.1528447 0.1017611 
OQ475017_Megalocytivirus_pagrus1_RSIV                    0.0162540 0.0507616 0.0507616 0.0162540 0.0000010 3.5516239 0.0000010 0.0572550 0.0460011 0.0574799 0.0574799 1.7004268 0.0574799 3.5516239 3.5381352 0.0785917 0.0785917 0.0991709 0.0000000 0.0244738 0.0460011 
AP017456_Megalocytivirus_pagrus1_RSIV                    0.0081222 0.0852198 0.0852198 0.0081222 0.0244738 3.8400850 0.0244738 0.0940606 0.0797681 0.0862622 0.0862622 1.4592322 0.0945684 3.8400850 3.7992886 0.1243152 0.1243152 0.1528447 0.0244738 0.0000000 0.0797681 
MN432490_Megalocytivirus_pagrus1_ISKNV                   0.0707511 0.0185042 0.0185042 0.0707511 0.0614664 3.6311435 0.0614664 0.0247375 0.0000010 0.0248300 0.0248300 1.7162392 0.0248300 3.6311435 3.6174118 0.0953251 0.0953251 0.1017611 0.0460011 0.0797681 0.0000000 
