25
MG570132_Megalocytivirus_pagrus1_TRBIV    0.0000000 0.1350113 0.1307978 0.1308060 0.3524734 0.1307978 0.1307196 0.1308060 0.3601195 0.3601195 0.1813781 0.3616134 0.3524734 0.1350292 0.1307196 0.1350113 0.1353475 0.1348110 0.3616134 0.0000010 0.1266911 0.1385947 0.1353475 0.1266911 0.1171451 
MT128666_Megalocytivirus_pagrus1_ISKNV    0.1350113 0.0000000 0.0059865 0.0029868 0.2948646 0.0059865 0.0272211 0.0029868 0.2972921 0.2972921 0.0550571 0.2985132 0.2948646 0.0059855 0.0272211 0.0000010 0.0090133 0.0059778 0.2985132 0.1350113 0.0059915 0.0090186 0.0090133 0.0059915 0.1424468 
PP974677_Megalocytivirus_pagrus1_ISKNV    0.1307978 0.0059865 0.0000000 0.0029875 0.2896831 0.0000010 0.0210939 0.0029875 0.2920829 0.2920829 0.0550691 0.2932843 0.2896831 0.0059869 0.0210939 0.0059865 0.0090155 0.0059792 0.2932843 0.1307978 0.0059929 0.0090208 0.0090155 0.0059929 0.1382743 
MW273354_Megalocytivirus_pagrus1_ISKNV    0.1308060 0.0029868 0.0029875 0.0000000 0.2896971 0.0029875 0.0241490 0.0000010 0.2920970 0.2920970 0.0515613 0.2932985 0.2896971 0.0029870 0.0241490 0.0029868 0.0059973 0.0029831 0.2932985 0.1308060 0.0029900 0.0060007 0.0059973 0.0029900 0.1382827 
MT798582_Megalocytivirus_pagrus1_RSIV     0.3524734 0.2948646 0.2896831 0.2896971 0.0000000 0.2896831 0.2894868 0.2896971 0.0421785 0.0421785 0.4037368 0.0458027 0.0000010 0.2950609 0.2894868 0.2948646 0.2896971 0.2944232 0.0458027 0.3524734 0.2953276 0.3009492 0.2896971 0.2953276 0.3520040 
MT986830_Megalocytivirus_pagrus1_ISKNV    0.1307978 0.0059865 0.0000010 0.0029875 0.2896831 0.0000000 0.0210939 0.0029875 0.2920829 0.2920829 0.0550691 0.2932843 0.2896831 0.0059869 0.0210939 0.0059865 0.0090155 0.0059792 0.2932843 0.1307978 0.0059929 0.0090208 0.0090155 0.0059929 0.1382743 
MW883595_Megalocytivirus_pagrus1_ISKNV    0.1307196 0.0272211 0.0210939 0.0241490 0.2894868 0.0210939 0.0000000 0.0241490 0.2918842 0.2918842 0.0795331 0.2930842 0.2894868 0.0272231 0.0000010 0.0272211 0.0303673 0.0271879 0.2930842 0.1307196 0.0272504 0.0303866 0.0303673 0.0272504 0.1350572 
MW883606_Megalocytivirus_pagrus1_ISKNV    0.1308060 0.0029868 0.0029875 0.0000010 0.2896971 0.0029875 0.0241490 0.0000000 0.2920970 0.2920970 0.0515613 0.2932985 0.2896971 0.0029870 0.0241490 0.0029868 0.0059973 0.0029831 0.2932985 0.1308060 0.0029900 0.0060007 0.0059973 0.0029900 0.1382827 
MW139932_Megalocytivirus_pagrus1_RSIV     0.3601195 0.2972921 0.2920829 0.2920970 0.0421785 0.2920829 0.2918842 0.2920970 0.0000000 0.0000010 0.4071193 0.0034370 0.0421785 0.2974898 0.2918842 0.2972921 0.2920970 0.2968463 0.0034370 0.3601195 0.2977608 0.3034286 0.2920970 0.2977608 0.3656672 
AB104413_Megalocytivirus_pagrus1_RSIV     0.3601195 0.2972921 0.2920829 0.2920970 0.0421785 0.2920829 0.2918842 0.2920970 0.0000010 0.0000000 0.4071193 0.0034370 0.0421785 0.2974898 0.2918842 0.2972921 0.2920970 0.2968463 0.0034370 0.3601195 0.2977608 0.3034286 0.2920970 0.2977608 0.3656672 
MK689685_Megalocytivirus_pagrus1_ISKNV    0.1813781 0.0550571 0.0550691 0.0515613 0.4037368 0.0550691 0.0795331 0.0515613 0.4071193 0.4071193 0.0000000 0.4088390 0.4037368 0.0550620 0.0795331 0.0550571 0.0587005 0.0549829 0.4088390 0.1813781 0.0551234 0.0587459 0.0587005 0.0551234 0.2072228 
MK098187_Megalocytivirus_pagrus1_RSIV     0.3616134 0.2985132 0.2932843 0.2932985 0.0458027 0.2932843 0.2930842 0.2932985 0.0034370 0.0034370 0.4088390 0.0000000 0.0458027 0.2987123 0.2930842 0.2985132 0.2932985 0.2980646 0.0000010 0.3616134 0.2989853 0.3046835 0.2932985 0.2989853 0.3671782 
AP017456_Megalocytivirus_pagrus1_RSIV     0.3524734 0.2948646 0.2896831 0.2896971 0.0000010 0.2896831 0.2894868 0.2896971 0.0421785 0.0421785 0.4037368 0.0458027 0.0000000 0.2950609 0.2894868 0.2948646 0.2896971 0.2944232 0.0458027 0.3524734 0.2953276 0.3009492 0.2896971 0.2953276 0.3520040 
MW883603_Megalocytivirus_pagrus1_ISKNV    0.1350292 0.0059855 0.0059869 0.0029870 0.2950609 0.0059869 0.0272231 0.0029870 0.2974898 0.2974898 0.0550620 0.2987123 0.2950609 0.0000000 0.0272231 0.0059855 0.0090139 0.0059782 0.2987123 0.1350292 0.0059919 0.0090192 0.0090139 0.0059919 0.1424660 
MN432490_Megalocytivirus_pagrus1_ISKNV    0.1307196 0.0272211 0.0210939 0.0241490 0.2894868 0.0210939 0.0000010 0.0241490 0.2918842 0.2918842 0.0795331 0.2930842 0.2894868 0.0272231 0.0000000 0.0272211 0.0303673 0.0271879 0.2930842 0.1307196 0.0272504 0.0303866 0.0303673 0.0272504 0.1350572 
MT128667_Megalocytivirus_pagrus1_ISKNV    0.1350113 0.0000010 0.0059865 0.0029868 0.2948646 0.0059865 0.0272211 0.0029868 0.2972921 0.2972921 0.0550571 0.2985132 0.2948646 0.0059855 0.0272211 0.0000000 0.0090133 0.0059778 0.2985132 0.1350113 0.0059915 0.0090186 0.0090133 0.0059915 0.1424468 
23043610005_Megalocytivirus_pagrus1_ISKNV 0.1353475 0.0090133 0.0090155 0.0059973 0.2896971 0.0090155 0.0303673 0.0059973 0.2920970 0.2920970 0.0587005 0.2932985 0.2896971 0.0090139 0.0303673 0.0090133 0.0000000 0.0090023 0.2932985 0.1353475 0.0090230 0.0120730 0.0000010 0.0090230 0.1427973 
MW883593_Megalocytivirus_pagrus1_ISKNV    0.1348110 0.0059778 0.0059792 0.0029831 0.2944232 0.0059792 0.0271879 0.0029831 0.2968463 0.2968463 0.0549829 0.2980646 0.2944232 0.0059782 0.0271879 0.0059778 0.0090023 0.0000000 0.2980646 0.1348110 0.0059841 0.0090076 0.0090023 0.0059841 0.1422394 
MK098186_Megalocytivirus_pagrus1_RSIV     0.3616134 0.2985132 0.2932843 0.2932985 0.0458027 0.2932843 0.2930842 0.2932985 0.0034370 0.0034370 0.4088390 0.0000010 0.0458027 0.2987123 0.2930842 0.2985132 0.2932985 0.2980646 0.0000000 0.3616134 0.2989853 0.3046835 0.2932985 0.2989853 0.3671782 
MG570131_Megalocytivirus_pagrus1_TRBIV    0.0000010 0.1350113 0.1307978 0.1308060 0.3524734 0.1307978 0.1307196 0.1308060 0.3601195 0.3601195 0.1813781 0.3616134 0.3524734 0.1350292 0.1307196 0.1350113 0.1353475 0.1348110 0.3616134 0.0000000 0.1266911 0.1385947 0.1353475 0.1266911 0.1171451 
OQ513807_Megalocytivirus_pagrus1_ISKNV    0.1266911 0.0059915 0.0059929 0.0029900 0.2953276 0.0059929 0.0272504 0.0029900 0.2977608 0.2977608 0.0551234 0.2989853 0.2953276 0.0059919 0.0272504 0.0059915 0.0090230 0.0059841 0.2989853 0.1266911 0.0000000 0.0090283 0.0090230 0.0000010 0.1426408 
MW273353_Megalocytivirus_pagrus1_ISKNV    0.1385947 0.0090186 0.0090208 0.0060007 0.3009492 0.0090208 0.0303866 0.0060007 0.3034286 0.3034286 0.0587459 0.3046835 0.3009492 0.0090192 0.0303866 0.0090186 0.0120730 0.0090076 0.3046835 0.1385947 0.0090283 0.0000000 0.0120730 0.0090283 0.1460794 
23043610003_Megalocytivirus_pagrus1_ISKNV 0.1353475 0.0090133 0.0090155 0.0059973 0.2896971 0.0090155 0.0303673 0.0059973 0.2920970 0.2920970 0.0587005 0.2932985 0.2896971 0.0090139 0.0303673 0.0090133 0.0000010 0.0090023 0.2932985 0.1353475 0.0090230 0.0120730 0.0000000 0.0090230 0.1427973 
OR670976_Megalocytivirus_pagrus1_ISKNV    0.1266911 0.0059915 0.0059929 0.0029900 0.2953276 0.0059929 0.0272504 0.0029900 0.2977608 0.2977608 0.0551234 0.2989853 0.2953276 0.0059919 0.0272504 0.0059915 0.0090230 0.0059841 0.2989853 0.1266911 0.0000010 0.0090283 0.0090230 0.0000000 0.1426408 
GQ273492_Megalocytivirus_pagrus1_TRBIV    0.1171451 0.1424468 0.1382743 0.1382827 0.3520040 0.1382743 0.1350572 0.1382827 0.3656672 0.3656672 0.2072228 0.3671782 0.3520040 0.1424660 0.1350572 0.1424468 0.1427973 0.1422394 0.3671782 0.1171451 0.1426408 0.1460794 0.1427973 0.1426408 0.0000000 
