27
MW883603_Megalocytivirus_pagrus1_ISKNV                   0.0000000 0.0766156 0.0710345 0.0915515 0.0973735 0.0000010 0.0766156 3.3471238 3.1546452 0.0710345 1.2338727 0.0048313 0.0146424 0.0973735 3.1544021 2.3532128 2.8956520 2.7290938 0.7629165 0.0146424 0.1030481 3.4079585 1.2338727 3.1521870 2.7918583 2.4648878 0.1030481 
MK098186_Megalocytivirus_pagrus1_RSIV                    0.0766156 0.0000000 0.0052401 0.1341101 0.1400727 0.0766156 0.0000010 3.3716897 3.1629569 0.0052401 1.1921168 0.0824229 0.0708554 0.1400727 3.0949584 2.3196849 2.8784473 2.7151119 0.8065946 0.0708554 0.1527923 3.4555047 1.1921168 3.1376603 2.8043987 2.4476212 0.1527923 
KC244182_Megalocytivirus_pagrus1_RSIV                    0.0710345 0.0052401 0.0000000 0.1280932 0.1340435 0.0710345 0.0052401 3.3890173 3.1629569 0.0000010 1.1987398 0.0768100 0.0653071 0.1340435 3.1109097 2.3157210 2.8739470 2.7298951 0.8111901 0.0653071 0.1466937 3.4507628 1.1987398 3.1540838 2.8355467 2.4435651 0.1466937 
GQ273492_Megalocytivirus_pagrus1_TRBIV                   0.0915515 0.1341101 0.1280932 0.0000000 0.0052162 0.0915515 0.1341101 3.1640716 3.1727859 0.1280932 1.2225574 0.0976747 0.0791020 0.0052162 3.0897680 2.3987536 2.8596332 2.6581369 0.7398067 0.0791020 0.0961458 3.2758709 1.2225574 2.9571751 2.6726059 2.4416878 0.0961458 
OL774654_Megalocytivirus_pagrus1_RSIV                    0.0973735 0.1400727 0.1340435 0.0052162 0.0000000 0.0973735 0.1400727 3.1517613 3.1853343 0.1340435 1.2119654 0.1035261 0.0848438 0.0000010 3.1037102 2.4103458 2.8732594 2.6721942 0.7422836 0.0848438 0.1019158 3.2878027 1.2119654 2.9712346 2.6931209 2.4534450 0.1019158 
MW883597_Megalocytivirus_pagrus1_ISKNV                   0.0000010 0.0766156 0.0710345 0.0915515 0.0973735 0.0000000 0.0766156 3.3471238 3.1546452 0.0710345 1.2338727 0.0048313 0.0146424 0.0973735 3.1544021 2.3532128 2.8956520 2.7290938 0.7629165 0.0146424 0.1030481 3.4079585 1.2338727 3.1521870 2.7918583 2.4648878 0.1030481 
MK098187_Megalocytivirus_pagrus1_RSIV                    0.0766156 0.0000010 0.0052401 0.1341101 0.1400727 0.0766156 0.0000000 3.3716897 3.1629569 0.0052401 1.1921168 0.0824229 0.0708554 0.1400727 3.0949584 2.3196849 2.8784473 2.7151119 0.8065946 0.0708554 0.1527923 3.4555047 1.1921168 3.1376603 2.8043987 2.4476212 0.1527923 
MN803438_Lymphocystivirus_micropogonias1_n/a             3.3471238 3.3716897 3.3890173 3.1640716 3.1517613 3.3471238 3.3716897 0.0000000 2.0422444 3.3890173 3.0247497 3.3439664 3.3857755 3.1517613 2.6808150 3.0565875 2.0772239 1.9002421 3.4106521 3.3857755 3.3111677 0.1278266 3.0247497 2.4957438 3.5293721 2.8760206 3.3111677 
MF599468_Decapodiridovirus_litopenaeus1_n/a              3.1546452 3.1629569 3.1629569 3.1727859 3.1853343 3.1546452 3.1629569 2.0422444 0.0000000 3.1629569 3.1569459 3.2092621 3.2607387 3.1853343 2.5226191 2.3967764 2.1875597 2.2451017 3.6248608 3.2607387 3.1534909 2.0735416 3.1569459 2.2302999 3.2545904 2.4822026 3.1534909 
ON075463_Megalocytivirus_pagrus1_RSIV                    0.0710345 0.0052401 0.0000010 0.1280932 0.1340435 0.0710345 0.0052401 3.3890173 3.1629569 0.0000000 1.1987398 0.0768100 0.0653071 0.1340435 3.1109097 2.3157210 2.8739470 2.7298951 0.8111901 0.0653071 0.1466937 3.4507628 1.1987398 3.1540838 2.8355467 2.4435651 0.1466937 
MN562489_Megalocytivirus_lates1_SDDV                     1.2338727 1.1921168 1.1987398 1.2225574 1.2119654 1.2338727 1.1921168 3.0247497 3.1569459 1.1987398 0.0000000 1.2540133 1.2282652 1.2119654 2.7105998 2.4787829 3.1690067 2.6544707 1.4149422 1.2282652 1.3307753 3.1834785 0.0000010 3.2508949 3.3960996 2.5433596 1.3307753 
MT926123_Megalocytivirus_pagrus1_ISKNV                   0.0048313 0.0824229 0.0768100 0.0976747 0.1035261 0.0048313 0.0824229 3.3439664 3.2092621 0.0768100 1.2540133 0.0000000 0.0195936 0.1035261 3.1092492 2.3624596 2.9462827 2.7399054 0.7767280 0.0195936 0.1092327 3.4047853 1.2540133 3.1402775 2.8027136 2.4744476 0.1092327 
MN432490_Megalocytivirus_pagrus1_ISKNV                   0.0146424 0.0708554 0.0653071 0.0791020 0.0848438 0.0146424 0.0708554 3.3857755 3.2607387 0.0653071 1.2282652 0.0195936 0.0000000 0.0848438 3.1788662 2.4059451 2.9216666 2.7428656 0.7494018 0.0000010 0.0909451 3.4474328 1.2282652 3.2323361 2.8540377 2.5442598 0.0909451 
OL774655_Megalocytivirus_pagrus1_RSIV                    0.0973735 0.1400727 0.1340435 0.0052162 0.0000010 0.0973735 0.1400727 3.1517613 3.1853343 0.1340435 1.2119654 0.1035261 0.0848438 0.0000000 3.1037102 2.4103458 2.8732594 2.6721942 0.7422836 0.0848438 0.1019158 3.2878027 1.2119654 2.9712346 2.6931209 2.4534450 0.1019158 
HF920637_Iridovirus_armadillidium1_n/a                   3.1544021 3.0949584 3.1109097 3.0897680 3.1037102 3.1544021 3.0949584 2.6808150 2.5226191 3.1109097 2.7105998 3.1092492 3.1788662 3.1037102 0.0000000 1.3156563 3.3256414 3.1331666 3.5030314 3.1788662 3.3709084 2.8712247 2.7105998 0.9358265 2.3919575 1.2066230 3.3709084 
HF920633_Chloriridovirus_simulium1_n/a                   2.3532128 2.3196849 2.3157210 2.3987536 2.4103458 2.3532128 2.3196849 3.0565875 2.3967764 2.3157210 2.4787829 2.3624596 2.4059451 2.4103458 1.3156563 0.0000000 2.8205585 3.1801584 2.9552022 2.4059451 2.4552994 2.9752452 2.4787829 1.1971003 2.2375197 0.4151245 2.4552994 
AY521625_Ranavirus_epinephelus1_n/a                      2.8956520 2.8784473 2.8739470 2.8596332 2.8732594 2.8956520 2.8784473 2.0772239 2.1875597 2.8739470 3.1690067 2.9462827 2.9216666 2.8732594 3.3256414 2.8205585 0.0000000 1.0664202 2.9236335 2.9216666 2.9409526 1.9716605 3.1690067 3.0647084 3.9586999 2.8353086 2.9409526 
NC_005946_Ranavirus_rana1_n/a                            2.7290938 2.7151119 2.7298951 2.6581369 2.6721942 2.7290938 2.7151119 1.9002421 2.2451017 2.7298951 2.6544707 2.7399054 2.7428656 2.6721942 3.1331666 3.1801584 1.0664202 0.0000000 2.9487942 2.7428656 2.8079649 2.0797295 2.6544707 2.8947643 4.1331916 3.0562732 2.8079649 
PQ335173_PQ335174_Threespine_stickleback_iridovirus_TSIV 0.7629165 0.8065946 0.8111901 0.7398067 0.7422836 0.7629165 0.8065946 3.4106521 3.6248608 0.8111901 1.4149422 0.7767280 0.7494018 0.7422836 3.5030314 2.9552022 2.9236335 2.9487942 0.0000000 0.7494018 0.7985509 3.7652444 1.4149422 3.5458427 3.0933246 3.0683193 0.7985509 
OP009387_Megalocytivirus_pagrus1_ISKNV                   0.0146424 0.0708554 0.0653071 0.0791020 0.0848438 0.0146424 0.0708554 3.3857755 3.2607387 0.0653071 1.2282652 0.0195936 0.0000010 0.0848438 3.1788662 2.4059451 2.9216666 2.7428656 0.7494018 0.0000000 0.0909451 3.4474328 1.2282652 3.2323361 2.8540377 2.5442598 0.0909451 
MG570132_Megalocytivirus_pagrus1_TRBIV                   0.1030481 0.1527923 0.1466937 0.0961458 0.1019158 0.1030481 0.1527923 3.3111677 3.1534909 0.1466937 1.3307753 0.1092327 0.0909451 0.1019158 3.3709084 2.4552994 2.9409526 2.8079649 0.7985509 0.0909451 0.0000000 3.3716849 1.3307753 3.1580336 2.8068983 2.5187837 0.0000010 
KX643370_Lymphocystivirus_sparus1_n/a                    3.4079585 3.4555047 3.4507628 3.2758709 3.2878027 3.4079585 3.4555047 0.1278266 2.0735416 3.4507628 3.1834785 3.4047853 3.4474328 3.2878027 2.8712247 2.9752452 1.9716605 2.0797295 3.7652444 3.4474328 3.3716849 0.0000000 3.1834785 2.5391298 3.4150458 2.7366991 3.3716849 
OM037668_Megalocytivirus_lates1_SDDV                     1.2338727 1.1921168 1.1987398 1.2225574 1.2119654 1.2338727 1.1921168 3.0247497 3.1569459 1.1987398 0.0000010 1.2540133 1.2282652 1.2119654 2.7105998 2.4787829 3.1690067 2.6544707 1.4149422 1.2282652 1.3307753 3.1834785 0.0000000 3.2508949 3.3960996 2.5433596 1.3307753 
AF303741_Iridovirus_chilo1_n/a                           3.1521870 3.1376603 3.1540838 2.9571751 2.9712346 3.1521870 3.1376603 2.4957438 2.2302999 3.1540838 3.2508949 3.1402775 3.2323361 2.9712346 0.9358265 1.1971003 3.0647084 2.8947643 3.5458427 3.2323361 3.1580336 2.5391298 3.2508949 0.0000000 2.1571270 1.2125108 3.1580336 
LS484712_Daphniairidovirus_daphnia1_n/a                  2.7918583 2.8043987 2.8355467 2.6726059 2.6931209 2.7918583 2.8043987 3.5293721 3.2545904 2.8355467 3.3960996 2.8027136 2.8540377 2.6931209 2.3919575 2.2375197 3.9586999 4.1331916 3.0933246 2.8540377 2.8068983 3.4150458 3.3960996 2.1571270 0.0000000 2.4832331 2.8068983 
KF938901_Chloriridovirus_anopheles1_n/a                  2.4648878 2.4476212 2.4435651 2.4416878 2.4534450 2.4648878 2.4476212 2.8760206 2.4822026 2.4435651 2.5433596 2.4744476 2.5442598 2.4534450 1.2066230 0.4151245 2.8353086 3.0562732 3.0683193 2.5442598 2.5187837 2.7366991 2.5433596 1.2125108 2.4832331 0.0000000 2.5187837 
MG570131_Megalocytivirus_pagrus1_TRBIV                   0.1030481 0.1527923 0.1466937 0.0961458 0.1019158 0.1030481 0.1527923 3.3111677 3.1534909 0.1466937 1.3307753 0.1092327 0.0909451 0.1019158 3.3709084 2.4552994 2.9409526 2.8079649 0.7985509 0.0909451 0.0000010 3.3716849 1.3307753 3.1580336 2.8068983 2.5187837 0.0000000 
