23
OL774654_Megalocytivirus_pagrus1_RSIV                    0.0000000 0.0610971 0.0673142 0.0000010 0.0694305 0.0673142 0.3398398 0.0250537 0.0250537 0.0610971 0.0694005 1.0607757 2.1568483 0.0834092 0.0694005 0.3398398 0.0231191 2.1568483 0.0834092 0.0231191 0.0645790 0.0172701 0.0172730 
PP974677_Megalocytivirus_pagrus1_ISKNV                   0.0610971 0.0000000 0.0096648 0.0610971 0.0116123 0.0096648 0.4144175 0.0696092 0.0696092 0.0000010 0.0116083 1.0705849 2.1301530 0.0931967 0.0116083 0.4144175 0.0675561 2.1301530 0.0931967 0.0675561 0.0748170 0.0530811 0.0653854 
MW883594_Megalocytivirus_pagrus1_ISKNV                   0.0673142 0.0096648 0.0000000 0.0673142 0.0019223 0.0000010 0.4169964 0.0758780 0.0758780 0.0096648 0.0019217 1.0773546 2.1155012 0.0995996 0.0019217 0.4169964 0.0738193 2.1155012 0.0995996 0.0738193 0.0810828 0.0592972 0.0716317 
OL774655_Megalocytivirus_pagrus1_RSIV                    0.0000010 0.0610971 0.0673142 0.0000000 0.0694305 0.0673142 0.3398398 0.0250537 0.0250537 0.0610971 0.0694005 1.0607757 2.1568483 0.0834092 0.0694005 0.3398398 0.0231191 2.1568483 0.0834092 0.0231191 0.0645790 0.0172701 0.0172730 
MW883602_Megalocytivirus_pagrus1_ISKNV                   0.0694305 0.0116123 0.0019223 0.0694305 0.0000000 0.0019223 0.4209550 0.0780175 0.0780175 0.0116123 0.0038481 1.0817827 2.1252365 0.1018018 0.0038481 0.4209550 0.0759556 2.1252365 0.1018018 0.0759556 0.0832260 0.0614080 0.0737607 
KT781098_Megalocytivirus_pagrus1_ISKNV                   0.0673142 0.0096648 0.0000010 0.0673142 0.0019223 0.0000000 0.4169964 0.0758780 0.0758780 0.0096648 0.0019217 1.0773546 2.1155012 0.0995996 0.0019217 0.4169964 0.0738193 2.1155012 0.0995996 0.0738193 0.0810828 0.0592972 0.0716317 
AB104413_Megalocytivirus_pagrus1_RSIV                    0.3398398 0.4144175 0.4169964 0.3398398 0.4209550 0.4169964 0.0000000 0.3696949 0.3696949 0.4144175 0.4204871 1.7906687 3.4224300 0.4573038 0.4204871 0.0000010 0.3666074 3.4224300 0.4573038 0.3666074 0.4230415 0.3620785 0.3720076 
MK689686_Megalocytivirus_pagrus1_RSIV                    0.0250537 0.0696092 0.0758780 0.0250537 0.0780175 0.0758780 0.3696949 0.0000000 0.0000010 0.0696092 0.0779828 1.0569956 2.1044395 0.0771977 0.0779828 0.3696949 0.0018949 2.1044395 0.0771977 0.0018949 0.0584499 0.0329959 0.0076048 
AP017456_Megalocytivirus_pagrus1_RSIV                    0.0250537 0.0696092 0.0758780 0.0250537 0.0780175 0.0758780 0.3696949 0.0000010 0.0000000 0.0696092 0.0779828 1.0569956 2.1044395 0.0771977 0.0779828 0.3696949 0.0018949 2.1044395 0.0771977 0.0018949 0.0584499 0.0329959 0.0076048 
MN432490_Megalocytivirus_pagrus1_ISKNV                   0.0610971 0.0000010 0.0096648 0.0610971 0.0116123 0.0096648 0.4144175 0.0696092 0.0696092 0.0000000 0.0116083 1.0705849 2.1301530 0.0931967 0.0116083 0.4144175 0.0675561 2.1301530 0.0931967 0.0675561 0.0748170 0.0530811 0.0653854 
MT128666_Megalocytivirus_pagrus1_ISKNV                   0.0694005 0.0116083 0.0019217 0.0694005 0.0038481 0.0019217 0.4204871 0.0779828 0.0779828 0.0116083 0.0000000 1.0751947 2.1077212 0.1017532 0.0000010 0.4204871 0.0759220 2.1077212 0.1017532 0.0759220 0.0831886 0.0613820 0.0737284 
PQ335173_PQ335174_Threespine_stickleback_iridovirus_TSIV 1.0607757 1.0705849 1.0773546 1.0607757 1.0817827 1.0773546 1.7906687 1.0569956 1.0569956 1.0705849 1.0751947 0.0000000 2.3456252 1.0586900 1.0751947 1.7906687 1.0631967 2.3456252 1.0586900 1.0631967 1.0877378 1.0857256 1.0686955 
MT521409_Megalocytivirus_lates1_SDDV                     2.1568483 2.1301530 2.1155012 2.1568483 2.1252365 2.1155012 3.4224300 2.1044395 2.1044395 2.1301530 2.1077212 2.3456252 0.0000000 2.0904362 2.1077212 3.4224300 2.1158639 0.0000010 2.0904362 2.1158639 2.1204321 2.1338955 2.1033092 
MG570132_Megalocytivirus_pagrus1_TRBIV                   0.0834092 0.0931967 0.0995996 0.0834092 0.1018018 0.0995996 0.4573038 0.0771977 0.0771977 0.0931967 0.1017532 1.0586900 2.0904362 0.0000000 0.1017532 0.4573038 0.0751480 2.0904362 0.0000010 0.0751480 0.0452280 0.0729709 0.0771560 
MT128667_Megalocytivirus_pagrus1_ISKNV                   0.0694005 0.0116083 0.0019217 0.0694005 0.0038481 0.0019217 0.4204871 0.0779828 0.0779828 0.0116083 0.0000010 1.0751947 2.1077212 0.1017532 0.0000000 0.4204871 0.0759220 2.1077212 0.1017532 0.0759220 0.0831886 0.0613820 0.0737284 
BD143114_Megalocytivirus_pagrus1_RSIV                    0.3398398 0.4144175 0.4169964 0.3398398 0.4209550 0.4169964 0.0000010 0.3696949 0.3696949 0.4144175 0.4204871 1.7906687 3.4224300 0.4573038 0.4204871 0.0000000 0.3666074 3.4224300 0.4573038 0.3666074 0.4230415 0.3620785 0.3720076 
OK042109_Megalocytivirus_pagrus1_RSIV                    0.0231191 0.0675561 0.0738193 0.0231191 0.0759556 0.0738193 0.3666074 0.0018949 0.0018949 0.0675561 0.0759220 1.0631967 2.1158639 0.0751480 0.0759220 0.3666074 0.0000000 2.1158639 0.0751480 0.0000010 0.0564224 0.0310447 0.0095223 
MN562489_Megalocytivirus_lates1_SDDV                     2.1568483 2.1301530 2.1155012 2.1568483 2.1252365 2.1155012 3.4224300 2.1044395 2.1044395 2.1301530 2.1077212 2.3456252 0.0000010 2.0904362 2.1077212 3.4224300 2.1158639 0.0000000 2.0904362 2.1158639 2.1204321 2.1338955 2.1033092 
MG570131_Megalocytivirus_pagrus1_TRBIV                   0.0834092 0.0931967 0.0995996 0.0834092 0.1018018 0.0995996 0.4573038 0.0771977 0.0771977 0.0931967 0.1017532 1.0586900 2.0904362 0.0000010 0.1017532 0.4573038 0.0751480 2.0904362 0.0000000 0.0751480 0.0452280 0.0729709 0.0771560 
MW883598_Megalocytivirus_pagrus1_RSIV                    0.0231191 0.0675561 0.0738193 0.0231191 0.0759556 0.0738193 0.3666074 0.0018949 0.0018949 0.0675561 0.0759220 1.0631967 2.1158639 0.0751480 0.0759220 0.3666074 0.0000010 2.1158639 0.0751480 0.0000000 0.0564224 0.0310447 0.0095223 
GQ273492_Megalocytivirus_pagrus1_TRBIV                   0.0645790 0.0748170 0.0810828 0.0645790 0.0832260 0.0810828 0.4230415 0.0584499 0.0584499 0.0748170 0.0831886 1.0877378 2.1204321 0.0452280 0.0831886 0.4230415 0.0564224 2.1204321 0.0452280 0.0564224 0.0000000 0.0459772 0.0584189 
OQ475017_Megalocytivirus_pagrus1_RSIV                    0.0172701 0.0530811 0.0592972 0.0172701 0.0614080 0.0592972 0.3620785 0.0329959 0.0329959 0.0530811 0.0613820 1.0857256 2.1338955 0.0729709 0.0613820 0.3620785 0.0310447 2.1338955 0.0729709 0.0310447 0.0459772 0.0000000 0.0251263 
OK042108_Megalocytivirus_pagrus1_RSIV                    0.0172730 0.0653854 0.0716317 0.0172730 0.0737607 0.0716317 0.3720076 0.0076048 0.0076048 0.0653854 0.0737284 1.0686955 2.1033092 0.0771560 0.0737284 0.3720076 0.0095223 2.1033092 0.0771560 0.0095223 0.0584189 0.0251263 0.0000000 
