13
OP009387_Megalocytivirus_pagrus1_ISKNV                     0.0000000 0.0000010 0.0482813 0.0606460 0.0606460 2.0055948 0.0482813 0.0732702 0.0484030 0.0728797 0.0484030 1.4201959 0.0732702 
MT986830_Megalocytivirus_pagrus1_ISKNV                     0.0000010 0.0000000 0.0482813 0.0606460 0.0606460 2.0055948 0.0482813 0.0732702 0.0484030 0.0728797 0.0484030 1.4201959 0.0732702 
OQ475017_Megalocytivirus_pagrus1_RSIV                      0.0482813 0.0482813 0.0000000 0.0118782 0.0118782 1.8908392 0.0000010 0.0480884 0.0730003 0.0237927 0.0730003 1.4233479 0.0480884 
ON743042_Megalocytivirus_pagrus1_RSIV                      0.0606460 0.0606460 0.0118782 0.0000000 0.0000010 1.9133141 0.0118782 0.0604042 0.0855875 0.0118551 0.0855875 1.4585230 0.0604042 
KC244182_Megalocytivirus_pagrus1_RSIV                      0.0606460 0.0606460 0.0118782 0.0000010 0.0000000 1.9133141 0.0118782 0.0604042 0.0855875 0.0118551 0.0855875 1.4585230 0.0604042 
PQ335173_PQ335174_Threespine_stickleback_iridovirus_TSIV   2.0055948 2.0055948 1.8908392 1.9133141 1.9133141 0.0000000 1.8908392 1.8760877 2.0065219 1.9092715 2.0065219 2.4819517 1.8760877 
OL774655_Megalocytivirus_pagrus1_RSIV                      0.0482813 0.0482813 0.0000010 0.0118782 0.0118782 1.8908392 0.0000000 0.0480884 0.0730003 0.0237927 0.0730003 1.4233479 0.0480884 
MN432490_Megalocytivirus_pagrus1_ISKNV                     0.0732702 0.0732702 0.0480884 0.0604042 0.0604042 1.8760877 0.0480884 0.0000000 0.0985013 0.0725908 0.0985013 1.4093642 0.0000010 
MG570132_Megalocytivirus_pagrus1_TRBIV                     0.0484030 0.0484030 0.0730003 0.0855875 0.0855875 2.0065219 0.0730003 0.0985013 0.0000000 0.0979488 0.0000010 1.3606458 0.0985013 
ON740976_Megalocytivirus_pagrus1_RSIV                      0.0728797 0.0728797 0.0237927 0.0118551 0.0118551 1.9092715 0.0237927 0.0725908 0.0979488 0.0000000 0.0979488 1.4654150 0.0725908 
MG570131_Megalocytivirus_pagrus1_TRBIV                     0.0484030 0.0484030 0.0730003 0.0855875 0.0855875 2.0065219 0.0730003 0.0985013 0.0000010 0.0979488 0.0000000 1.3606458 0.0985013 
PQ335173_PQ335174_Threespine_stickleback_iridovirus_TSIV_2 1.4201959 1.4201959 1.4233479 1.4585230 1.4585230 2.4819517 1.4233479 1.4093642 1.3606458 1.4654150 1.3606458 0.0000000 1.4093642 
MW883595_Megalocytivirus_pagrus1_ISKNV                     0.0732702 0.0732702 0.0480884 0.0604042 0.0604042 1.8760877 0.0480884 0.0000010 0.0985013 0.0725908 0.0985013 1.4093642 0.0000000 
