28
OQ475017_Megalocytivirus_pagrus1_RSIV                    0.0000000 0.1618576 0.1650570 0.0103892 0.1618576 0.1653000 0.1650144 0.1405454 0.0103892 0.1650144 0.1650570 0.1437413 2.5141724 0.1653522 0.1405454 0.1437413 0.1653000 0.1453022 0.1116085 0.1685857 0.1116085 0.0881949 0.1467814 0.1650237 0.1685857 0.0881949 0.1375335 0.0316745 
ON212400_Megalocytivirus_pagrus1_ISKNV                   0.1618576 0.0000000 0.0025698 0.1678004 0.0000010 0.0025729 0.0025692 0.1170601 0.1678004 0.0025692 0.0025698 0.1187814 2.4369834 0.0025735 0.1170601 0.1187814 0.0025729 0.1200901 0.1367906 0.0051557 0.1367906 0.1594675 0.1217377 0.0025691 0.0051557 0.1594675 0.1141477 0.1669358 
MW273353_Megalocytivirus_pagrus1_ISKNV                   0.1650570 0.0025698 0.0000000 0.1710113 0.0025698 0.0051538 0.0051463 0.1171961 0.1710113 0.0051463 0.0000010 0.1189208 2.4545472 0.0025760 0.1171961 0.1189208 0.0051538 0.1202324 0.1398615 0.0025720 0.1398615 0.1626176 0.1218809 0.0051462 0.0025720 0.1626176 0.1142799 0.1701280 
OL774653_Megalocytivirus_pagrus1_RSIV                    0.0103892 0.1678004 0.1710113 0.0000000 0.1678004 0.1712638 0.1709674 0.1422523 0.0000010 0.1709674 0.1710113 0.1454269 2.4626177 0.1713183 0.1422523 0.1454269 0.1712638 0.1469900 0.1238562 0.1745638 0.1238562 0.0785959 0.1484448 0.1709776 0.1745638 0.0785959 0.1452878 0.0207274 
OR536350_Megalocytivirus_pagrus1_ISKNV                   0.1618576 0.0000010 0.0025698 0.1678004 0.0000000 0.0025729 0.0025692 0.1170601 0.1678004 0.0025692 0.0025698 0.1187814 2.4369834 0.0025735 0.1170601 0.1187814 0.0025729 0.1200901 0.1367906 0.0051557 0.1367906 0.1594675 0.1217377 0.0025691 0.0051557 0.1594675 0.1141477 0.1669358 
PP974677_Megalocytivirus_pagrus1_ISKNV                   0.1653000 0.0025729 0.0051538 0.1712638 0.0025729 0.0000000 0.0051525 0.1202011 0.1712638 0.0051525 0.0051538 0.1219536 2.4578944 0.0051611 0.1202011 0.1219536 0.0000010 0.1232952 0.1400597 0.0077549 0.1400597 0.1628534 0.1249218 0.0051524 0.0077549 0.1628534 0.1172767 0.1703778 
MW883594_Megalocytivirus_pagrus1_ISKNV                   0.1650144 0.0025692 0.0051463 0.1709674 0.0025692 0.0051525 0.0000000 0.1200055 0.1709674 0.0000010 0.0051463 0.1217534 2.4545613 0.0051536 0.1200055 0.1217534 0.0051525 0.1230909 0.1398257 0.0077436 0.1398257 0.1625761 0.1247164 0.0051449 0.0077436 0.1625761 0.1170862 0.1700845 
MK689686_Megalocytivirus_pagrus1_RSIV                    0.1405454 0.1170601 0.1171961 0.1422523 0.1170601 0.1202011 0.1200055 0.0000000 0.1422523 0.1200055 0.1171961 0.0025560 2.5653086 0.1141178 0.0000010 0.0025560 0.1202011 0.0051312 0.0874614 0.1203906 0.0874614 0.1520843 0.0051183 0.1200095 0.1203906 0.1520843 0.0025539 0.1504228 
MW139932_Megalocytivirus_pagrus1_RSIV                    0.0103892 0.1678004 0.1710113 0.0000010 0.1678004 0.1712638 0.1709674 0.1422523 0.0000000 0.1709674 0.1710113 0.1454269 2.4626177 0.1713183 0.1422523 0.1454269 0.1712638 0.1469900 0.1238562 0.1745638 0.1238562 0.0785959 0.1484448 0.1709776 0.1745638 0.0785959 0.1452878 0.0207274 
MK689685_Megalocytivirus_pagrus1_ISKNV                   0.1650144 0.0025692 0.0051463 0.1709674 0.0025692 0.0051525 0.0000010 0.1200055 0.1709674 0.0000000 0.0051463 0.1217534 2.4545613 0.0051536 0.1200055 0.1217534 0.0051525 0.1230909 0.1398257 0.0077436 0.1398257 0.1625761 0.1247164 0.0051449 0.0077436 0.1625761 0.1170862 0.1700845 
MW883600_Megalocytivirus_pagrus1_ISKNV                   0.1650570 0.0025698 0.0000010 0.1710113 0.0025698 0.0051538 0.0051463 0.1171961 0.1710113 0.0051463 0.0000000 0.1189208 2.4545472 0.0025760 0.1171961 0.1189208 0.0051538 0.1202324 0.1398615 0.0025720 0.1398615 0.1626176 0.1218809 0.0051462 0.0025720 0.1626176 0.1142799 0.1701280 
OK042109_Megalocytivirus_pagrus1_RSIV                    0.1437413 0.1187814 0.1189208 0.1454269 0.1187814 0.1219536 0.1217534 0.0025560 0.1454269 0.1217534 0.1189208 0.0000000 2.5651247 0.1158120 0.0025560 0.0000010 0.1219536 0.0025638 0.0904007 0.1221475 0.0904007 0.1552489 0.0025574 0.1217576 0.1221475 0.1552489 0.0051191 0.1536084 
PQ335173_PQ335174_Threespine_stickleback_iridovirus_TSIV 2.5141724 2.4369834 2.4545472 2.4626177 2.4369834 2.4578944 2.4545613 2.5653086 2.4626177 2.4545613 2.4545472 2.5651247 0.0000000 2.4652173 2.5653086 2.5651247 2.4578944 2.5403593 2.5538539 2.4545454 2.5538539 2.5348316 2.5635019 2.4470554 2.4545454 2.5348316 2.5864435 2.4729546 
MW883593_Megalocytivirus_pagrus1_ISKNV                   0.1653522 0.0025735 0.0025760 0.1713183 0.0025735 0.0051611 0.0051536 0.1141178 0.1713183 0.0051536 0.0025760 0.1158120 2.4652173 0.0000000 0.1141178 0.1158120 0.0051611 0.1170916 0.1401014 0.0051682 0.1401014 0.1629039 0.1187611 0.0051536 0.0051682 0.1629039 0.1112129 0.1704316 
KT804738_Megalocytivirus_pagrus1_RSIV                    0.1405454 0.1170601 0.1171961 0.1422523 0.1170601 0.1202011 0.1200055 0.0000010 0.1422523 0.1200055 0.1171961 0.0025560 2.5653086 0.1141178 0.0000000 0.0025560 0.1202011 0.0051312 0.0874614 0.1203906 0.0874614 0.1520843 0.0051183 0.1200095 0.1203906 0.1520843 0.0025539 0.1504228 
ON075463_Megalocytivirus_pagrus1_RSIV                    0.1437413 0.1187814 0.1189208 0.1454269 0.1187814 0.1219536 0.1217534 0.0025560 0.1454269 0.1217534 0.1189208 0.0000010 2.5651247 0.1158120 0.0025560 0.0000000 0.1219536 0.0025638 0.0904007 0.1221475 0.0904007 0.1552489 0.0025574 0.1217576 0.1221475 0.1552489 0.0051191 0.1536084 
PP151097_Megalocytivirus_pagrus1_ISKNV                   0.1653000 0.0025729 0.0051538 0.1712638 0.0025729 0.0000010 0.0051525 0.1202011 0.1712638 0.0051525 0.0051538 0.1219536 2.4578944 0.0051611 0.1202011 0.1219536 0.0000000 0.1232952 0.1400597 0.0077549 0.1400597 0.1628534 0.1249218 0.0051524 0.0077549 0.1628534 0.1172767 0.1703778 
KC244182_Megalocytivirus_pagrus1_RSIV                    0.1453022 0.1200901 0.1202324 0.1469900 0.1200901 0.1232952 0.1230909 0.0051312 0.1469900 0.1230909 0.1202324 0.0025638 2.5403593 0.1170916 0.0051312 0.0025638 0.1232952 0.0000000 0.0935042 0.1234932 0.0935042 0.1568800 0.0051340 0.1230952 0.1234932 0.1568800 0.0077074 0.1552384 
MK098185_Megalocytivirus_pagrus1_RSIV                    0.1116085 0.1367906 0.1398615 0.1238562 0.1367906 0.1400597 0.1398257 0.0874614 0.1238562 0.1398257 0.1398615 0.0904007 2.5538539 0.1401014 0.0874614 0.0904007 0.1400597 0.0935042 0.0000000 0.1432042 0.0000010 0.1575833 0.0932511 0.1398317 0.1432042 0.1575833 0.0846369 0.1491565 
OQ513807_Megalocytivirus_pagrus1_ISKNV                   0.1685857 0.0051557 0.0025720 0.1745638 0.0051557 0.0077549 0.0077436 0.1203906 0.1745638 0.0077436 0.0025720 0.1221475 2.4545454 0.0051682 0.1203906 0.1221475 0.0077549 0.1234932 0.1432042 0.0000000 0.1432042 0.1660874 0.1251209 0.0077436 0.0000010 0.1660874 0.1174611 0.1736580 
BD143114_Megalocytivirus_pagrus1_RSIV                    0.1116085 0.1367906 0.1398615 0.1238562 0.1367906 0.1400597 0.1398257 0.0874614 0.1238562 0.1398257 0.1398615 0.0904007 2.5538539 0.1401014 0.0874614 0.0904007 0.1400597 0.0935042 0.0000010 0.1432042 0.0000000 0.1575833 0.0932511 0.1398317 0.1432042 0.1575833 0.0846369 0.1491565 
MG570132_Megalocytivirus_pagrus1_TRBIV                   0.0881949 0.1594675 0.1626176 0.0785959 0.1594675 0.1628534 0.1625761 0.1520843 0.0785959 0.1625761 0.1626176 0.1552489 2.5348316 0.1629039 0.1520843 0.1552489 0.1628534 0.1568800 0.1575833 0.1660874 0.1575833 0.0000000 0.1582469 0.1625850 0.1660874 0.0000010 0.1551019 0.0556976 
MT798582_Megalocytivirus_pagrus1_RSIV                    0.1467814 0.1217377 0.1218809 0.1484448 0.1217377 0.1249218 0.1247164 0.0051183 0.1484448 0.1247164 0.1218809 0.0025574 2.5635019 0.1187611 0.0051183 0.0025574 0.1249218 0.0051340 0.0932511 0.1251209 0.0932511 0.1582469 0.0000000 0.1247208 0.1251209 0.1582469 0.0076881 0.1566281 
MN432490_Megalocytivirus_pagrus1_ISKNV                   0.1650237 0.0025691 0.0051462 0.1709776 0.0025691 0.0051524 0.0051449 0.1200095 0.1709776 0.0051449 0.0051462 0.1217576 2.4470554 0.0051536 0.1200095 0.1217576 0.0051524 0.1230952 0.1398317 0.0077436 0.1398317 0.1625850 0.1247208 0.0000000 0.0077436 0.1625850 0.1170899 0.1700945 
OR670976_Megalocytivirus_pagrus1_ISKNV                   0.1685857 0.0051557 0.0025720 0.1745638 0.0051557 0.0077549 0.0077436 0.1203906 0.1745638 0.0077436 0.0025720 0.1221475 2.4545454 0.0051682 0.1203906 0.1221475 0.0077549 0.1234932 0.1432042 0.0000010 0.1432042 0.1660874 0.1251209 0.0077436 0.0000000 0.1660874 0.1174611 0.1736580 
MG570131_Megalocytivirus_pagrus1_TRBIV                   0.0881949 0.1594675 0.1626176 0.0785959 0.1594675 0.1628534 0.1625761 0.1520843 0.0785959 0.1625761 0.1626176 0.1552489 2.5348316 0.1629039 0.1520843 0.1552489 0.1628534 0.1568800 0.1575833 0.1660874 0.1575833 0.0000010 0.1582469 0.1625850 0.1660874 0.0000000 0.1551019 0.0556976 
MW883598_Megalocytivirus_pagrus1_RSIV                    0.1375335 0.1141477 0.1142799 0.1452878 0.1141477 0.1172767 0.1170862 0.0025539 0.1452878 0.1170862 0.1142799 0.0051191 2.5864435 0.1112129 0.0025539 0.0051191 0.1172767 0.0077074 0.0846369 0.1174611 0.0846369 0.1551019 0.0076881 0.1170899 0.1174611 0.1551019 0.0000000 0.1534618 
GQ273492_Megalocytivirus_pagrus1_TRBIV                   0.0316745 0.1669358 0.1701280 0.0207274 0.1669358 0.1703778 0.1700845 0.1504228 0.0207274 0.1700845 0.1701280 0.1536084 2.4729546 0.1704316 0.1504228 0.1536084 0.1703778 0.1552384 0.1491565 0.1736580 0.1491565 0.0556976 0.1566281 0.1700945 0.1736580 0.0556976 0.1534618 0.0000000 
