17
MW883595_Megalocytivirus_pagrus1_ISKNV                   0.0000000 0.1043582 0.1397859 0.1000998 0.1043582 0.0000010 0.1308563 0.0969057 0.0028154 0.1000998 2.4619704 0.0028110 0.0028079 0.1308563 0.0028111 0.0028111 0.0028098 
OL774653_Megalocytivirus_pagrus1_RSIV                    0.1043582 0.0000000 0.1382767 0.0405187 0.0000010 0.1043582 0.1201957 0.0434355 0.1076981 0.0405187 2.4507721 0.1075271 0.1074004 0.1201957 0.1075246 0.1075246 0.1047857 
GQ273492_Megalocytivirus_pagrus1_TRBIV                   0.1397859 0.1382767 0.0000000 0.1386853 0.1382767 0.1397859 0.0617600 0.1418974 0.1433648 0.1386853 2.6735760 0.1431329 0.1429571 0.0617600 0.1431260 0.1431260 0.1403479 
OK042109_Megalocytivirus_pagrus1_RSIV                    0.1000998 0.0405187 0.1386853 0.0000000 0.0405187 0.1000998 0.1266511 0.0028123 0.1034666 0.0000010 2.5335778 0.1033000 0.1031769 0.1266511 0.1032978 0.1032978 0.1005177 
OL774655_Megalocytivirus_pagrus1_RSIV                    0.1043582 0.0000010 0.1382767 0.0405187 0.0000000 0.1043582 0.1201957 0.0434355 0.1076981 0.0405187 2.4507721 0.1075271 0.1074004 0.1201957 0.1075246 0.1075246 0.1047857 
MW883606_Megalocytivirus_pagrus1_ISKNV                   0.0000010 0.1043582 0.1397859 0.1000998 0.1043582 0.0000000 0.1308563 0.0969057 0.0028154 0.1000998 2.4619704 0.0028110 0.0028079 0.1308563 0.0028111 0.0028111 0.0028098 
MG570131_Megalocytivirus_pagrus1_TRBIV                   0.1308563 0.1201957 0.0617600 0.1266511 0.1201957 0.1308563 0.0000000 0.1233571 0.1343461 0.1266511 2.5619108 0.1341314 0.1339697 0.0000010 0.1341259 0.1341259 0.1313806 
AY894343_Megalocytivirus_pagrus1_RSIV                    0.0969057 0.0434355 0.1418974 0.0028123 0.0434355 0.0969057 0.1233571 0.0000000 0.1002565 0.0028123 2.5355558 0.1000951 0.0999761 0.1233571 0.1000932 0.1000932 0.0973116 
OR536350_Megalocytivirus_pagrus1_ISKNV                   0.0028154 0.1076981 0.1433648 0.1034666 0.1076981 0.0028154 0.1343461 0.1002565 0.0000000 0.1034666 2.4684767 0.0056400 0.0056338 0.1343461 0.0056402 0.0056402 0.0056376 
AP017456_Megalocytivirus_pagrus1_RSIV                    0.1000998 0.0405187 0.1386853 0.0000010 0.0405187 0.1000998 0.1266511 0.0028123 0.1034666 0.0000000 2.5335778 0.1033000 0.1031769 0.1266511 0.1032978 0.1032978 0.1005177 
PQ335173_PQ335174_Threespine_stickleback_iridovirus_TSIV 2.4619704 2.4507721 2.6735760 2.5335778 2.4507721 2.4619704 2.5619108 2.5355558 2.4684767 2.5335778 0.0000000 2.4619704 2.4619704 2.5619108 2.4595364 2.4595364 2.4489000 
MW883594_Megalocytivirus_pagrus1_ISKNV                   0.0028110 0.1075271 0.1431329 0.1033000 0.1075271 0.0028110 0.1341314 0.1000951 0.0056400 0.1033000 2.4619704 0.0000000 0.0056250 0.1341314 0.0056314 0.0056314 0.0056288 
MT986830_Megalocytivirus_pagrus1_ISKNV                   0.0028079 0.1074004 0.1429571 0.1031769 0.1074004 0.0028079 0.1339697 0.0999761 0.0056338 0.1031769 2.4619704 0.0056250 0.0000000 0.1339697 0.0056252 0.0056252 0.0056227 
MG570132_Megalocytivirus_pagrus1_TRBIV                   0.1308563 0.1201957 0.0617600 0.1266511 0.1201957 0.1308563 0.0000010 0.1233571 0.1343461 0.1266511 2.5619108 0.1341314 0.1339697 0.0000000 0.1341259 0.1341259 0.1313806 
OR670976_Megalocytivirus_pagrus1_ISKNV                   0.0028111 0.1075246 0.1431260 0.1032978 0.1075246 0.0028111 0.1341259 0.1000932 0.0056402 0.1032978 2.4595364 0.0056314 0.0056252 0.1341259 0.0000000 0.0000010 0.0056290 
OQ513807_Megalocytivirus_pagrus1_ISKNV                   0.0028111 0.1075246 0.1431260 0.1032978 0.1075246 0.0028111 0.1341259 0.1000932 0.0056402 0.1032978 2.4595364 0.0056314 0.0056252 0.1341259 0.0000010 0.0000000 0.0056290 
MW883593_Megalocytivirus_pagrus1_ISKNV                   0.0028098 0.1047857 0.1403479 0.1005177 0.1047857 0.0028098 0.1313806 0.0973116 0.0056376 0.1005177 2.4489000 0.0056288 0.0056227 0.1313806 0.0056290 0.0056290 0.0000000 
