28
KT781098_Megalocytivirus_pagrus1_ISKNV                   0.0000000 0.1680704 0.2227755 0.1482199 0.1680704 0.0000010 0.0021678 0.0021663 0.0021705 0.2227755 0.0729607 0.1482199 0.0021738 0.1598000 0.1520934 5.0383022 0.0021695 0.0065505 0.0043398 0.0021770 0.0065505 0.0021668 0.0021681 0.0021673 0.0021668 0.0043398 0.0021673 0.0021695 
OL774653_Megalocytivirus_pagrus1_RSIV                    0.1680704 0.0000000 0.1769338 0.0294264 0.0000010 0.1680704 0.1711452 0.1709538 0.1713471 0.1769338 0.0911190 0.0294264 0.1719345 0.0000010 0.0269666 5.1542557 0.1719580 0.1644642 0.1739573 0.1722326 0.1644642 0.1711128 0.1711315 0.1647902 0.1711128 0.1739573 0.1647902 0.1719580 
MG570131_Megalocytivirus_pagrus1_TRBIV                   0.2227755 0.1769338 0.0000000 0.1765221 0.1769338 0.2227755 0.2262299 0.2259179 0.2264332 0.0000010 0.2207286 0.1765221 0.2244723 0.1424675 0.1720957 5.1457986 0.2272831 0.2186500 0.2226560 0.2277604 0.2186500 0.2261973 0.2261519 0.2227755 0.2261973 0.2226560 0.2227755 0.2272831 
AY894343_Megalocytivirus_pagrus1_RSIV                    0.1482199 0.0294264 0.1765221 0.0000000 0.0294264 0.1482199 0.1511542 0.1509980 0.1513415 0.1765221 0.0602341 0.0000010 0.1518159 0.0280940 0.0021589 5.1685870 0.1513358 0.1448177 0.1538687 0.1520796 0.1448177 0.1511222 0.1511530 0.1450989 0.1511222 0.1538687 0.1450989 0.1513358 
OL774655_Megalocytivirus_pagrus1_RSIV                    0.1680704 0.0000010 0.1769338 0.0294264 0.0000000 0.1680704 0.1711452 0.1709538 0.1713471 0.1769338 0.0911190 0.0294264 0.1719345 0.0000010 0.0269666 5.1542557 0.1719580 0.1644642 0.1739573 0.1722326 0.1644642 0.1711128 0.1711315 0.1647902 0.1711128 0.1739573 0.1647902 0.1719580 
MW883606_Megalocytivirus_pagrus1_ISKNV                   0.0000010 0.1680704 0.2227755 0.1482199 0.1680704 0.0000000 0.0021678 0.0021663 0.0021705 0.2227755 0.0729607 0.1482199 0.0021738 0.1598000 0.1520934 5.0383022 0.0021695 0.0065505 0.0043398 0.0021770 0.0065505 0.0021668 0.0021681 0.0021673 0.0021668 0.0043398 0.0021673 0.0021695 
MW883601_Megalocytivirus_pagrus1_ISKNV                   0.0021678 0.1711452 0.2262299 0.1511542 0.1711452 0.0021678 0.0000000 0.0043419 0.0043504 0.2262299 0.0755243 0.1511542 0.0043571 0.1629244 0.1550596 5.0328572 0.0043484 0.0087528 0.0065237 0.0043636 0.0087528 0.0043431 0.0043457 0.0043441 0.0043431 0.0065237 0.0043441 0.0043484 
OR536350_Megalocytivirus_pagrus1_ISKNV                   0.0021663 0.1709538 0.2259179 0.1509980 0.1709538 0.0021663 0.0043419 0.0000000 0.0043473 0.2259179 0.0754616 0.1509980 0.0043539 0.1627418 0.1548966 5.0408815 0.0043453 0.0087464 0.0021648 0.0043605 0.0087464 0.0043399 0.0043426 0.0043410 0.0043399 0.0021648 0.0043410 0.0043453 
MT926123_Megalocytivirus_pagrus1_ISKNV                   0.0021705 0.1713471 0.2264332 0.1513415 0.1713471 0.0021705 0.0043504 0.0043473 0.0000000 0.2264332 0.0756267 0.1513415 0.0043625 0.1631281 0.1552505 5.0447454 0.0043538 0.0087637 0.0065318 0.0043690 0.0087637 0.0043484 0.0043511 0.0043495 0.0043484 0.0065318 0.0043495 0.0043538 
MG570132_Megalocytivirus_pagrus1_TRBIV                   0.2227755 0.1769338 0.0000010 0.1765221 0.1769338 0.2227755 0.2262299 0.2259179 0.2264332 0.0000000 0.2207286 0.1765221 0.2244723 0.1424675 0.1720957 5.1457986 0.2272831 0.2186500 0.2226560 0.2277604 0.2186500 0.2261973 0.2261519 0.2227755 0.2261973 0.2226560 0.2227755 0.2272831 
MT986830_Megalocytivirus_pagrus1_ISKNV                   0.0729607 0.0911190 0.2207286 0.0602341 0.0911190 0.0729607 0.0755243 0.0754616 0.0756267 0.2207286 0.0000000 0.0602341 0.0757970 0.0920363 0.0630801 5.1712027 0.0756034 0.0758687 0.0779936 0.0759262 0.0758687 0.0754993 0.0755359 0.0755212 0.0754993 0.0779936 0.0755212 0.0756034 
ON075463_Megalocytivirus_pagrus1_RSIV                    0.1482199 0.0294264 0.1765221 0.0000010 0.0294264 0.1482199 0.1511542 0.1509980 0.1513415 0.1765221 0.0602341 0.0000000 0.1518159 0.0280940 0.0021589 5.1685870 0.1513358 0.1448177 0.1538687 0.1520796 0.1448177 0.1511222 0.1511530 0.1450989 0.1511222 0.1538687 0.1450989 0.1513358 
MW883600_Megalocytivirus_pagrus1_ISKNV                   0.0021738 0.1719345 0.2244723 0.1518159 0.1719345 0.0021738 0.0043571 0.0043539 0.0043625 0.2244723 0.0757970 0.1518159 0.0000000 0.1636869 0.1557467 4.9992908 0.0043605 0.0087775 0.0065419 0.0043758 0.0087775 0.0043551 0.0043578 0.0043561 0.0043551 0.0065419 0.0043561 0.0043605 
OQ475017_Megalocytivirus_pagrus1_RSIV                    0.1598000 0.0000010 0.1424675 0.0280940 0.0000010 0.1598000 0.1629244 0.1627418 0.1631281 0.1424675 0.0920363 0.0280940 0.1636869 0.0000000 0.0255602 5.1506166 0.1637222 0.1561531 0.1657961 0.1598000 0.1561531 0.1628911 0.1629162 0.1564712 0.1628911 0.1657961 0.1564712 0.1637222 
ON743042_Megalocytivirus_pagrus1_RSIV                    0.1520934 0.0269666 0.1720957 0.0021589 0.0269666 0.1520934 0.1550596 0.1548966 0.1552505 0.1720957 0.0630801 0.0021589 0.1557467 0.0255602 0.0000000 5.1153889 0.1552472 0.1486459 0.1577977 0.1560178 0.1486459 0.1550275 0.1550564 0.1489363 0.1550275 0.1577977 0.1489363 0.1552472 
PQ335173_PQ335174_Threespine_stickleback_iridovirus_TSIV 5.0383022 5.1542557 5.1457986 5.1685870 5.1542557 5.0383022 5.0328572 5.0408815 5.0447454 5.1457986 5.1712027 5.1685870 4.9992908 5.1506166 5.1153889 0.0000000 5.0862417 4.9704337 5.0805480 5.0383022 4.9704337 5.0340918 5.0383068 5.0383022 5.0340918 5.0805480 5.0383022 5.0862417 
OR670976_Megalocytivirus_pagrus1_ISKNV                   0.0021695 0.1719580 0.2272831 0.1513358 0.1719580 0.0021695 0.0043484 0.0043453 0.0043538 0.2272831 0.0756034 0.1513358 0.0043605 0.1637222 0.1552472 5.0862417 0.0000000 0.0087598 0.0065288 0.0043670 0.0087598 0.0043464 0.0043491 0.0043475 0.0043464 0.0065288 0.0043475 0.0000010 
MW883595_Megalocytivirus_pagrus1_ISKNV                   0.0065505 0.1644642 0.2186500 0.1448177 0.1644642 0.0065505 0.0087528 0.0087464 0.0087637 0.2186500 0.0758687 0.1448177 0.0087775 0.1561531 0.1486459 4.9704337 0.0087598 0.0000000 0.0109511 0.0087908 0.0000010 0.0087489 0.0087542 0.0087510 0.0087489 0.0109511 0.0087510 0.0087598 
23043610005_Megalocytivirus_pagrus1_ISKNV                0.0043398 0.1739573 0.2226560 0.1538687 0.1739573 0.0043398 0.0065237 0.0021648 0.0065318 0.2226560 0.0779936 0.1538687 0.0065419 0.1657961 0.1577977 5.0805480 0.0065288 0.0109511 0.0000000 0.0065518 0.0109511 0.0065208 0.0065248 0.0065224 0.0065208 0.0000010 0.0065224 0.0065288 
MW273353_Megalocytivirus_pagrus1_ISKNV                   0.0021770 0.1722326 0.2277604 0.1520796 0.1722326 0.0021770 0.0043636 0.0043605 0.0043690 0.2277604 0.0759262 0.1520796 0.0043758 0.1598000 0.1560178 5.0383022 0.0043670 0.0087908 0.0065518 0.0000000 0.0087908 0.0043616 0.0043643 0.0043627 0.0043616 0.0065518 0.0043627 0.0043670 
MN432490_Megalocytivirus_pagrus1_ISKNV                   0.0065505 0.1644642 0.2186500 0.1448177 0.1644642 0.0065505 0.0087528 0.0087464 0.0087637 0.2186500 0.0758687 0.1448177 0.0087775 0.1561531 0.1486459 4.9704337 0.0087598 0.0000010 0.0109511 0.0087908 0.0000000 0.0087489 0.0087542 0.0087510 0.0087489 0.0109511 0.0087510 0.0087598 
MT128666_Megalocytivirus_pagrus1_ISKNV                   0.0021668 0.1711128 0.2261973 0.1511222 0.1711128 0.0021668 0.0043431 0.0043399 0.0043484 0.2261973 0.0754993 0.1511222 0.0043551 0.1628911 0.1550275 5.0340918 0.0043464 0.0087489 0.0065208 0.0043616 0.0087489 0.0000000 0.0043438 0.0043421 0.0000010 0.0065208 0.0043421 0.0043464 
MW273354_Megalocytivirus_pagrus1_ISKNV                   0.0021681 0.1711315 0.2261519 0.1511530 0.1711315 0.0021681 0.0043457 0.0043426 0.0043511 0.2261519 0.0755359 0.1511530 0.0043578 0.1629162 0.1550564 5.0383068 0.0043491 0.0087542 0.0065248 0.0043643 0.0087542 0.0043438 0.0000000 0.0043448 0.0043438 0.0065248 0.0043448 0.0043491 
MW883594_Megalocytivirus_pagrus1_ISKNV                   0.0021673 0.1647902 0.2227755 0.1450989 0.1647902 0.0021673 0.0043441 0.0043410 0.0043495 0.2227755 0.0755212 0.1450989 0.0043561 0.1564712 0.1489363 5.0383022 0.0043475 0.0087510 0.0065224 0.0043627 0.0087510 0.0043421 0.0043448 0.0000000 0.0043421 0.0065224 0.0000010 0.0043475 
MT128667_Megalocytivirus_pagrus1_ISKNV                   0.0021668 0.1711128 0.2261973 0.1511222 0.1711128 0.0021668 0.0043431 0.0043399 0.0043484 0.2261973 0.0754993 0.1511222 0.0043551 0.1628911 0.1550275 5.0340918 0.0043464 0.0087489 0.0065208 0.0043616 0.0087489 0.0000010 0.0043438 0.0043421 0.0000000 0.0065208 0.0043421 0.0043464 
23043610003_Megalocytivirus_pagrus1_ISKNV                0.0043398 0.1739573 0.2226560 0.1538687 0.1739573 0.0043398 0.0065237 0.0021648 0.0065318 0.2226560 0.0779936 0.1538687 0.0065419 0.1657961 0.1577977 5.0805480 0.0065288 0.0109511 0.0000010 0.0065518 0.0109511 0.0065208 0.0065248 0.0065224 0.0065208 0.0000000 0.0065224 0.0065288 
MW883599_Megalocytivirus_pagrus1_ISKNV                   0.0021673 0.1647902 0.2227755 0.1450989 0.1647902 0.0021673 0.0043441 0.0043410 0.0043495 0.2227755 0.0755212 0.1450989 0.0043561 0.1564712 0.1489363 5.0383022 0.0043475 0.0087510 0.0065224 0.0043627 0.0087510 0.0043421 0.0043448 0.0000010 0.0043421 0.0065224 0.0000000 0.0043475 
OQ513807_Megalocytivirus_pagrus1_ISKNV                   0.0021695 0.1719580 0.2272831 0.1513358 0.1719580 0.0021695 0.0043484 0.0043453 0.0043538 0.2272831 0.0756034 0.1513358 0.0043605 0.1637222 0.1552472 5.0862417 0.0000010 0.0087598 0.0065288 0.0043670 0.0087598 0.0043464 0.0043491 0.0043475 0.0043464 0.0065288 0.0043475 0.0000000 
