22
MW883598_Megalocytivirus_pagrus1_RSIV                    0.0000000 0.0311490 0.0311490 0.0000010 3.4229936 2.7913077 0.0149572 2.1556500 0.0150404 0.0472281 1.7171797 2.6442790 0.0000010 2.7920505 2.1730907 2.9598332 0.0149572 1.7171797 0.5666322 3.7471696 3.5001115 2.4908746 
MT986830_Megalocytivirus_pagrus1_ISKNV                   0.0311490 0.0000000 0.0000010 0.0311490 3.7454178 2.9033886 0.0471888 2.1775040 0.0474700 0.0136120 1.8533482 2.6668833 0.0431559 3.0588991 2.3726650 3.2373672 0.0757787 1.8533482 0.5595059 3.6034891 3.9410774 2.3626866 
MW883593_Megalocytivirus_pagrus1_ISKNV                   0.0311490 0.0000010 0.0000000 0.0311490 3.7454178 2.9033886 0.0471888 2.1775040 0.0474700 0.0136120 1.8533482 2.6668833 0.0431559 3.0588991 2.3726650 3.2373672 0.0757787 1.8533482 0.5595059 3.6034891 3.9410774 2.3626866 
MK098186_Megalocytivirus_pagrus1_RSIV                    0.0000010 0.0311490 0.0311490 0.0000000 3.4229936 2.7913077 0.0149572 2.1556500 0.0150404 0.0472281 1.7171797 2.6442790 0.0000010 2.7920505 2.1730907 2.9598332 0.0149572 1.7171797 0.5666322 3.7471696 3.5001115 2.4908746 
MN803438_Lymphocystivirus_micropogonias1_n/a             3.4229936 3.7454178 3.7454178 3.4229936 0.0000000 1.9397391 3.3806658 3.4966009 3.2960332 3.8079359 3.5285457 2.4929710 3.8234651 2.6739588 2.2891725 0.1329965 4.1287156 3.5285457 3.4920352 3.9946184 2.4271552 3.0674884 
MF599468_Decapodiridovirus_litopenaeus1_n/a              2.7913077 2.9033886 2.9033886 2.7913077 1.9397391 0.0000000 2.7556376 1.6500594 2.8311135 2.8482268 3.7409239 2.2257778 3.0375230 1.3649267 1.3755748 1.7971750 3.2728126 3.7409239 3.8609510 3.4914368 2.3048006 1.9785575 
MG570132_Megalocytivirus_pagrus1_TRBIV                   0.0149572 0.0471888 0.0471888 0.0149572 3.3806658 2.7556376 0.0000000 2.1556500 0.0303852 0.0635975 1.6923772 2.6100882 0.0149572 2.7561885 2.1452592 2.9223676 0.0000010 1.6923772 0.5556136 3.6995521 3.5751994 2.4908746 
HF920637_Iridovirus_armadillidium1_n/a                   2.1556500 2.1775040 2.1775040 2.1556500 3.4966009 1.6500594 2.1556500 0.0000000 2.1844312 2.1355738 3.6994072 2.0712466 2.1436923 1.3031928 1.0730616 2.9615595 2.3210165 3.6994072 2.5102280 3.5951969 2.8283077 0.5748700 
GQ273492_Megalocytivirus_pagrus1_TRBIV                   0.0150404 0.0474700 0.0474700 0.0150404 3.2960332 2.8311135 0.0303852 2.1844312 0.0000000 0.0639839 1.7328583 2.6816468 0.0150404 2.8320579 2.2013946 2.8510089 0.0303852 1.7328583 0.6017775 3.7934309 3.5537342 2.5254190 
MK689685_Megalocytivirus_pagrus1_ISKNV                   0.0472281 0.0136120 0.0136120 0.0472281 3.8079359 2.8482268 0.0635975 2.1355738 0.0639839 0.0000000 1.8456688 2.7020249 0.0581090 3.0009256 2.3503072 3.2865727 0.0918414 1.8456688 0.5878450 3.6660447 3.7757476 2.3399558 
OM037668_Megalocytivirus_lates1_SDDV                     1.7171797 1.8533482 1.8533482 1.7171797 3.5285457 3.7409239 1.6923772 3.6994072 1.7328583 1.8456688 0.0000000 3.6563778 1.9639432 3.7546034 2.9362969 3.4350416 2.1063206 0.0000010 1.1725932 3.2428321 3.6875547 3.3344298 
AY521625_Ranavirus_epinephelus1_n/a                      2.6442790 2.6668833 2.6668833 2.6442790 2.4929710 2.2257778 2.6100882 2.0712466 2.6816468 2.7020249 3.6563778 0.0000000 2.8377603 1.7251614 1.8900553 2.0495507 3.0496576 3.6563778 2.6096309 2.2346814 0.9207112 2.2793410 
OQ475017_Megalocytivirus_pagrus1_RSIV                    0.0000010 0.0431559 0.0431559 0.0000010 3.8234651 3.0375230 0.0149572 2.1436923 0.0150404 0.0581090 1.9639432 2.8377603 0.0000000 2.9917315 2.4529394 3.3532079 0.0283120 1.9639432 0.6228945 3.3726082 3.9665035 2.3270376 
HF920633_Chloriridovirus_simulium1_n/a                   2.7920505 3.0588991 3.0588991 2.7920505 2.6739588 1.3649267 2.7561885 1.3031928 2.8320579 3.0009256 3.7546034 1.7251614 2.9917315 0.0000000 0.5344264 2.4429375 3.2189226 3.7546034 3.0449716 3.0850552 2.1065370 1.4794496 
KF938901_Chloriridovirus_anopheles1_n/a                  2.1730907 2.3726650 2.3726650 2.1730907 2.2891725 1.3755748 2.1452592 1.0730616 2.2013946 2.3503072 2.9362969 1.8900553 2.4529394 0.5344264 0.0000000 2.1730150 2.6250090 2.9362969 2.4272933 3.2255182 2.2410417 1.1707001 
KX643370_Lymphocystivirus_sparus1_n/a                    2.9598332 3.2373672 3.2373672 2.9598332 0.1329965 1.7971750 2.9223676 2.9615595 2.8510089 3.2865727 3.4350416 2.0495507 3.3532079 2.4429375 2.1730150 0.0000000 3.6187034 3.4350416 3.2786601 4.1215180 2.7191799 2.7525240 
MG570131_Megalocytivirus_pagrus1_TRBIV                   0.0149572 0.0757787 0.0757787 0.0149572 4.1287156 3.2728126 0.0000010 2.3210165 0.0303852 0.0918414 2.1063206 3.0496576 0.0283120 3.2189226 2.6250090 3.6187034 0.0000000 2.1063206 0.6675504 3.6352363 4.4302914 2.5204514 
MN562489_Megalocytivirus_lates1_SDDV                     1.7171797 1.8533482 1.8533482 1.7171797 3.5285457 3.7409239 1.6923772 3.6994072 1.7328583 1.8456688 0.0000010 3.6563778 1.9639432 3.7546034 2.9362969 3.4350416 2.1063206 0.0000000 1.1725932 3.2428321 3.6875547 3.3344298 
PQ335173_PQ335174_Threespine_stickleback_iridovirus_TSIV 0.5666322 0.5595059 0.5595059 0.5666322 3.4920352 3.8609510 0.5556136 2.5102280 0.6017775 0.5878450 1.1725932 2.6096309 0.6228945 3.0449716 2.4272933 3.2786601 0.6675504 1.1725932 0.0000000 3.5693755 3.5790134 2.3934017 
LS484712_Daphniairidovirus_daphnia1_n/a                  3.7471696 3.6034891 3.6034891 3.7471696 3.9946184 3.4914368 3.6995521 3.5951969 3.7934309 3.6660447 3.2428321 2.2346814 3.3726082 3.0850552 3.2255182 4.1215180 3.6352363 3.2428321 3.5693755 0.0000000 3.1930435 3.6444196 
NC_005946_Ranavirus_rana1_n/a                            3.5001115 3.9410774 3.9410774 3.5001115 2.4271552 2.3048006 3.5751994 2.8283077 3.5537342 3.7757476 3.6875547 0.9207112 3.9665035 2.1065370 2.2410417 2.7191799 4.4302914 3.6875547 3.5790134 3.1930435 0.0000000 2.5253020 
AF303741_Iridovirus_chilo1_n/a                           2.4908746 2.3626866 2.3626866 2.4908746 3.0674884 1.9785575 2.4908746 0.5748700 2.5254190 2.3399558 3.3344298 2.2793410 2.3270376 1.4794496 1.1707001 2.7525240 2.5204514 3.3344298 2.3934017 3.6444196 2.5253020 0.0000000 
