34
MT926123_Megalocytivirus_pagrus1_ISKNV                   0.0000000 0.0637751 0.0602397 0.0602397 0.0675875 0.0000010 0.0032685 0.0637751 0.0725286 1.9867584 0.0031958 2.0577567 0.0675875 1.1414787 2.8773291 0.0197667 0.0675875 0.0833553 0.0197667 1.1414787 1.6340458 1.8064136 2.1760765 0.0675875 0.0031958 0.0235851 3.1344690 0.0679010 0.0032685 0.5631890 2.6742540 2.2381916 2.8063974 1.1426918 
MG570132_Megalocytivirus_pagrus1_TRBIV                   0.0637751 0.0000000 0.0808265 0.0808265 0.0856758 0.0637751 0.0683824 0.0000010 0.0797938 1.9500261 0.0672890 2.0210958 0.0856758 1.1211915 2.7491327 0.0667730 0.0856758 0.0715095 0.0667730 1.1211915 1.6822609 1.8298540 2.1723834 0.0785889 0.0672890 0.0713895 3.0977848 0.0758256 0.0683824 0.5371067 2.6552836 2.2218099 2.9075496 1.1223637 
AB104413_Megalocytivirus_pagrus1_RSIV                    0.0602397 0.0808265 0.0000000 0.0000010 0.0291696 0.0602397 0.0647913 0.0808265 0.0300342 1.9950464 0.0637387 2.0563787 0.0291696 1.1098835 2.8411632 0.0738562 0.0291696 0.1016796 0.0738562 1.1098835 1.6764356 1.8338116 2.1999906 0.0294698 0.0637387 0.0785861 3.1437464 0.0297764 0.0647913 0.5568139 2.6649041 2.2281302 2.8605544 1.1110339 
MW139932_Megalocytivirus_pagrus1_RSIV                    0.0602397 0.0808265 0.0000010 0.0000000 0.0291696 0.0602397 0.0647913 0.0808265 0.0300342 1.9950464 0.0637387 2.0563787 0.0291696 1.1098835 2.8411632 0.0738562 0.0291696 0.1016796 0.0738562 1.1098835 1.6764356 1.8338116 2.1999906 0.0294698 0.0637387 0.0785861 3.1437464 0.0297764 0.0647913 0.5568139 2.6649041 2.2281302 2.8605544 1.1110339 
OK042108_Megalocytivirus_pagrus1_RSIV                    0.0675875 0.0856758 0.0291696 0.0291696 0.0000000 0.0675875 0.0722771 0.0856758 0.0065401 2.0220504 0.0711353 2.0567178 0.0000010 1.1093969 2.9134719 0.0777837 0.0000010 0.1024506 0.0777837 1.1093969 1.6235433 1.7826966 2.1732498 0.0000010 0.0711353 0.0825891 3.1899565 0.0000010 0.0722771 0.5743517 2.6740804 2.2017570 2.8667721 1.1105381 
AF371960_Megalocytivirus_pagrus1_ISKNV                   0.0000010 0.0637751 0.0602397 0.0602397 0.0675875 0.0000000 0.0032685 0.0637751 0.0725286 1.9867584 0.0031958 2.0577567 0.0675875 1.1414787 2.8773291 0.0197667 0.0675875 0.0833553 0.0197667 1.1414787 1.6340458 1.8064136 2.1760765 0.0675875 0.0031958 0.0235851 3.1344690 0.0679010 0.0032685 0.5631890 2.6742540 2.2381916 2.8063974 1.1426918 
OP896201_Megalocytivirus_pagrus1_ISKNV                   0.0032685 0.0683824 0.0647913 0.0647913 0.0722771 0.0032685 0.0000000 0.0683824 0.0676648 2.0193795 0.0065488 2.0912733 0.0722771 1.1391979 2.8890567 0.0235851 0.0722771 0.0883541 0.0235851 1.1391979 1.6601083 1.8137455 2.1683384 0.0722771 0.0065488 0.0197186 3.1136037 0.0726173 0.0000010 0.5733257 2.6845679 2.2299008 2.7914391 1.1404069 
MG570131_Megalocytivirus_pagrus1_TRBIV                   0.0637751 0.0000010 0.0808265 0.0808265 0.0856758 0.0637751 0.0683824 0.0000000 0.0797938 1.9500261 0.0672890 2.0210958 0.0856758 1.1211915 2.7491327 0.0667730 0.0856758 0.0715095 0.0667730 1.1211915 1.6822609 1.8298540 2.1723834 0.0785889 0.0672890 0.0713895 3.0977848 0.0758256 0.0683824 0.5371067 2.6552836 2.2218099 2.9075496 1.1223637 
ON743042_Megalocytivirus_pagrus1_RSIV                    0.0725286 0.0797938 0.0300342 0.0300342 0.0065401 0.0725286 0.0676648 0.0797938 0.0000000 2.0555760 0.0761444 2.0905708 0.0065401 1.1112796 2.8977541 0.0837630 0.0065401 0.1092870 0.0837630 1.1112796 1.6452331 1.7932115 2.2247704 0.0065401 0.0761444 0.0786938 3.1960270 0.0066071 0.0676648 0.5872244 2.7240929 2.2517133 2.8719744 1.1124358 
KX643370_Lymphocystivirus_sparus1_n/a                    1.9867584 1.9500261 1.9950464 1.9950464 2.0220504 1.9867584 2.0193795 1.9500261 2.0555760 0.0000000 1.9935082 0.3183818 2.0220504 2.2821813 3.6466171 1.9866269 2.0220504 2.0913464 1.9866269 2.2821813 1.9941977 1.9794335 2.4496688 2.0220504 1.9935082 2.0194472 3.6044264 2.0480466 2.0193795 1.9513803 3.5141263 2.5648437 3.0989148 2.2838514 
OQ513807_Megalocytivirus_pagrus1_ISKNV                   0.0031958 0.0672890 0.0637387 0.0637387 0.0711353 0.0031958 0.0065488 0.0672890 0.0761444 1.9935082 0.0000000 2.0646499 0.0711353 1.1511321 2.8808020 0.0231121 0.0711353 0.0870287 0.0231121 1.1511321 1.6395111 1.8123492 2.1804113 0.0711353 0.0000010 0.0270037 3.1459730 0.0714666 0.0065488 0.5565953 2.6769231 2.2425031 2.8159835 1.1523571 
MN803438_Lymphocystivirus_micropogonias1_n/a             2.0577567 2.0210958 2.0563787 2.0563787 2.0567178 2.0577567 2.0912733 2.0210958 2.0905708 0.3183818 2.0646499 0.0000000 2.0567178 2.3953487 3.1285159 2.0351600 2.0567178 2.1346031 2.0351600 2.3953487 2.0416840 2.0044637 2.4853935 2.0567178 2.0646499 2.0684294 3.4706434 2.0831522 2.0912733 2.2326452 3.1153007 2.6363914 2.9503557 2.4024803 
MW883598_Megalocytivirus_pagrus1_RSIV                    0.0675875 0.0856758 0.0291696 0.0291696 0.0000010 0.0675875 0.0722771 0.0856758 0.0065401 2.0220504 0.0711353 2.0567178 0.0000000 1.1166655 2.9134719 0.0809821 0.0000010 0.1024506 0.0809821 1.1127242 1.6245292 1.7826966 2.1817078 0.0000010 0.0711353 0.0858122 3.1899565 0.0000010 0.0722771 0.5743517 2.6740804 2.1979988 2.8667721 1.1178144 
MN562489_Megalocytivirus_lates1_SDDV                     1.1414787 1.1211915 1.1098835 1.1098835 1.1093969 1.1414787 1.1391979 1.1211915 1.1112796 2.2821813 1.1511321 2.3953487 1.1166655 0.0000000 3.0718995 1.1412752 1.1166655 1.1462895 1.1412752 0.0000010 1.8943292 1.9311260 2.5002086 1.1126562 1.1511321 1.1390476 3.2315284 1.1118034 1.1391979 1.2357140 2.7214129 2.5943769 2.6742239 0.0031669 
HF920637_Iridovirus_armadillidium1_n/a                   2.8773291 2.7491327 2.8411632 2.8411632 2.9134719 2.8773291 2.8890567 2.7491327 2.8977541 3.6466171 2.8808020 3.1285159 2.9134719 3.0718995 0.0000000 2.8516753 2.9134719 2.8950982 2.8516753 3.0718995 2.2767058 2.4803060 2.6652031 2.9134719 2.8808020 2.8633092 4.0218148 2.8723018 2.8890567 3.1509861 0.6432139 2.6372055 3.8815401 3.0825946 
PP151097_Megalocytivirus_pagrus1_ISKNV                   0.0197667 0.0667730 0.0738562 0.0738562 0.0777837 0.0197667 0.0235851 0.0667730 0.0837630 1.9866269 0.0231121 2.0351600 0.0809821 1.1412752 2.8516753 0.0000000 0.0809821 0.0835170 0.0000010 1.1371972 1.6464677 1.8005041 2.1043019 0.0750396 0.0231121 0.0032073 3.1338983 0.0758688 0.0235851 0.5685250 2.6499768 2.1617537 2.7743727 1.1424598 
MK689686_Megalocytivirus_pagrus1_RSIV                    0.0675875 0.0856758 0.0291696 0.0291696 0.0000010 0.0675875 0.0722771 0.0856758 0.0065401 2.0220504 0.0711353 2.0567178 0.0000010 1.1166655 2.9134719 0.0809821 0.0000000 0.1024506 0.0809821 1.1127242 1.6245292 1.7826966 2.1817078 0.0000010 0.0711353 0.0858122 3.1899565 0.0000010 0.0722771 0.5743517 2.6740804 2.1979988 2.8667721 1.1178144 
GQ273492_Megalocytivirus_pagrus1_TRBIV                   0.0833553 0.0715095 0.1016796 0.1016796 0.1024506 0.0833553 0.0883541 0.0715095 0.1092870 2.0913464 0.0870287 2.1346031 0.1024506 1.1462895 2.8950982 0.0835170 0.1024506 0.0000000 0.0835170 1.1462895 1.6511394 1.8232778 2.2013711 0.0998408 0.0870287 0.0885068 3.0431502 0.0965524 0.0883541 0.5577321 2.6598349 2.2983414 2.9156649 1.1523637 
MT986830_Megalocytivirus_pagrus1_ISKNV                   0.0197667 0.0667730 0.0738562 0.0738562 0.0777837 0.0197667 0.0235851 0.0667730 0.0837630 1.9866269 0.0231121 2.0351600 0.0809821 1.1412752 2.8516753 0.0000010 0.0809821 0.0835170 0.0000000 1.1371972 1.6464677 1.8005041 2.1043019 0.0750396 0.0231121 0.0032073 3.1338983 0.0758688 0.0235851 0.5685250 2.6499768 2.1617537 2.7743727 1.1424598 
OM037668_Megalocytivirus_lates1_SDDV                     1.1414787 1.1211915 1.1098835 1.1098835 1.1093969 1.1414787 1.1391979 1.1211915 1.1112796 2.2821813 1.1511321 2.3953487 1.1127242 0.0000010 3.0718995 1.1371972 1.1127242 1.1462895 1.1371972 0.0000000 1.8838657 1.9311260 2.4832195 1.1126562 1.1511321 1.1349842 3.2315284 1.1118034 1.1391979 1.2357140 2.7214129 2.5763579 2.6742239 0.0031669 
AY521625_Ranavirus_epinephelus1_n/a                      1.6340458 1.6822609 1.6764356 1.6764356 1.6235433 1.6340458 1.6601083 1.6822609 1.6452331 1.9941977 1.6395111 2.0416840 1.6245292 1.8943292 2.2767058 1.6464677 1.6245292 1.6511394 1.6464677 1.8838657 0.0000000 0.5504078 2.4370815 1.6071279 1.6395111 1.6718624 3.2011072 1.5881833 1.6601083 1.7628743 2.3872812 2.5320576 2.7280369 1.9097687 
NC_005946_Ranavirus_rana1_n/a                            1.8064136 1.8298540 1.8338116 1.8338116 1.7826966 1.8064136 1.8137455 1.8298540 1.7932115 1.9794335 1.8123492 2.0044637 1.7826966 1.9311260 2.4803060 1.8005041 1.7826966 1.8232778 1.8005041 1.9311260 0.5504078 0.0000000 2.5490006 1.7675748 1.8123492 1.8076551 3.3544646 1.7548867 1.8137455 1.8018175 2.5980659 2.6265244 2.9895688 1.9466674 
HF920633_Chloriridovirus_simulium1_n/a                   2.1760765 2.1723834 2.1999906 2.1999906 2.1732498 2.1760765 2.1683384 2.1723834 2.2247704 2.4496688 2.1804113 2.4853935 2.1817078 2.5002086 2.6652031 2.1043019 2.1817078 2.2013711 2.1043019 2.4832195 2.4370815 2.5490006 0.0000000 2.2158312 2.1804113 2.0973253 2.9479418 2.2173478 2.1683384 2.5279989 2.7613583 0.3829263 2.8694835 2.5191230 
ON740976_Megalocytivirus_pagrus1_RSIV                    0.0675875 0.0785889 0.0294698 0.0294698 0.0000010 0.0675875 0.0722771 0.0785889 0.0065401 2.0220504 0.0711353 2.0567178 0.0000010 1.1126562 2.9134719 0.0750396 0.0000010 0.0998408 0.0750396 1.1126562 1.6071279 1.7675748 2.2158312 0.0000000 0.0711353 0.0798561 3.1899565 0.0000010 0.0722771 0.5743517 2.6900595 2.2427674 2.8667721 1.1138141 
OR670976_Megalocytivirus_pagrus1_ISKNV                   0.0031958 0.0672890 0.0637387 0.0637387 0.0711353 0.0031958 0.0065488 0.0672890 0.0761444 1.9935082 0.0000010 2.0646499 0.0711353 1.1511321 2.8808020 0.0231121 0.0711353 0.0870287 0.0231121 1.1511321 1.6395111 1.8123492 2.1804113 0.0711353 0.0000000 0.0270037 3.1459730 0.0714666 0.0065488 0.5565953 2.6769231 2.2425031 2.8159835 1.1523571 
PP974677_Megalocytivirus_pagrus1_ISKNV                   0.0235851 0.0713895 0.0785861 0.0785861 0.0825891 0.0235851 0.0197186 0.0713895 0.0786938 2.0194472 0.0270037 2.0684294 0.0858122 1.1390476 2.8633092 0.0032073 0.0858122 0.0885068 0.0032073 1.1349842 1.6718624 1.8076551 2.0973253 0.0798561 0.0270037 0.0000000 3.1129555 0.0807509 0.0197186 0.5786706 2.6600625 2.1543253 2.7597917 1.1402284 
LS484712_Daphniairidovirus_daphnia1_n/a                  3.1344690 3.0977848 3.1437464 3.1437464 3.1899565 3.1344690 3.1136037 3.0977848 3.1960270 3.6044264 3.1459730 3.4706434 3.1899565 3.2315284 4.0218148 3.1338983 3.1899565 3.0431502 3.1338983 3.2315284 3.2011072 3.3544646 2.9479418 3.1899565 3.1459730 3.1129555 0.0000000 3.1899565 3.1136037 3.8190083 3.4196132 3.0640305 3.2199496 3.2315284 
OK042109_Megalocytivirus_pagrus1_RSIV                    0.0679010 0.0758256 0.0297764 0.0297764 0.0000010 0.0679010 0.0726173 0.0758256 0.0066071 2.0480466 0.0714666 2.0831522 0.0000010 1.1118034 2.8723018 0.0758688 0.0000010 0.0965524 0.0758688 1.1118034 1.5881833 1.7548867 2.2173478 0.0000010 0.0714666 0.0807509 3.1899565 0.0000000 0.0726173 0.5740463 2.6527930 2.2579486 2.8617575 1.1129763 
OR356116_Megalocytivirus_pagrus1_ISKNV                   0.0032685 0.0683824 0.0647913 0.0647913 0.0722771 0.0032685 0.0000010 0.0683824 0.0676648 2.0193795 0.0065488 2.0912733 0.0722771 1.1391979 2.8890567 0.0235851 0.0722771 0.0883541 0.0235851 1.1391979 1.6601083 1.8137455 2.1683384 0.0722771 0.0065488 0.0197186 3.1136037 0.0726173 0.0000000 0.5733257 2.6845679 2.2299008 2.7914391 1.1404069 
PQ335173_PQ335174_Threespine_stickleback_iridovirus_TSIV 0.5631890 0.5371067 0.5568139 0.5568139 0.5743517 0.5631890 0.5733257 0.5371067 0.5872244 1.9513803 0.5565953 2.2326452 0.5743517 1.2357140 3.1509861 0.5685250 0.5743517 0.5577321 0.5685250 1.2357140 1.7628743 1.8018175 2.5279989 0.5743517 0.5565953 0.5786706 3.8190083 0.5740463 0.5733257 0.0000000 3.0220495 2.5389808 3.2611361 1.2368019 
AF303741_Iridovirus_chilo1_n/a                           2.6742540 2.6552836 2.6649041 2.6649041 2.6740804 2.6742540 2.6845679 2.6552836 2.7240929 3.5141263 2.6769231 3.1153007 2.6740804 2.7214129 0.6432139 2.6499768 2.6740804 2.6598349 2.6499768 2.7214129 2.3872812 2.5980659 2.7613583 2.6900595 2.6769231 2.6600625 3.4196132 2.6527930 2.6845679 3.0220495 0.0000000 2.7144530 3.6628425 2.7378733 
KF938901_Chloriridovirus_anopheles1_n/a                  2.2381916 2.2218099 2.2281302 2.2281302 2.2017570 2.2381916 2.2299008 2.2218099 2.2517133 2.5648437 2.2425031 2.6363914 2.1979988 2.5943769 2.6372055 2.1617537 2.1979988 2.2983414 2.1617537 2.5763579 2.5320576 2.6265244 0.3829263 2.2427674 2.2425031 2.1543253 3.0640305 2.2579486 2.2299008 2.5389808 2.7144530 0.0000000 2.9360805 2.5996602 
MF599468_Decapodiridovirus_litopenaeus1_n/a              2.8063974 2.9075496 2.8605544 2.8605544 2.8667721 2.8063974 2.7914391 2.9075496 2.8719744 3.0989148 2.8159835 2.9503557 2.8667721 2.6742239 3.8815401 2.7743727 2.8667721 2.9156649 2.7743727 2.6742239 2.7280369 2.9895688 2.8694835 2.8667721 2.8159835 2.7597917 3.2199496 2.8617575 2.7914391 3.2611361 3.6628425 2.9360805 0.0000000 2.6973881 
MT521409_Megalocytivirus_lates1_SDDV                     1.1426918 1.1223637 1.1110339 1.1110339 1.1105381 1.1426918 1.1404069 1.1223637 1.1124358 2.2838514 1.1523571 2.4024803 1.1178144 0.0031669 3.0825946 1.1424598 1.1178144 1.1523637 1.1424598 0.0031669 1.9097687 1.9466674 2.5191230 1.1138141 1.1523571 1.1402284 3.2315284 1.1129763 1.1404069 1.2368019 2.7378733 2.5996602 2.6973881 0.0000000 
