25
MK689686_Megalocytivirus_pagrus1_RSIV                    0.0000000 0.0163388 0.0163388 0.0081481 0.0000010 0.0081481 1.8669269 0.3450537 2.2532560 2.0805454 2.6125878 0.0246490 2.2784066 2.0796295 1.0827732 1.9266336 1.0827732 0.0403762 0.0240980 0.0246490 0.0403762 0.0247005 2.1727704 2.2253039 1.6805012 
MT128666_Megalocytivirus_pagrus1_ISKNV                   0.0163388 0.0000000 0.0000010 0.0081402 0.0163388 0.0081402 1.7812021 0.3521174 2.2090519 2.0644896 2.6234074 0.0081586 2.3083289 2.0742874 1.0205607 1.8172345 1.0205607 0.0496900 0.0246561 0.0081586 0.0496900 0.0081760 2.1451192 2.2372632 1.6742282 
MT986830_Megalocytivirus_pagrus1_ISKNV                   0.0163388 0.0000010 0.0000000 0.0081402 0.0163388 0.0081402 1.7812021 0.3521174 2.2090519 2.0644896 2.6234074 0.0081586 2.3083289 2.0742874 1.0205607 1.8172345 1.0205607 0.0496900 0.0246561 0.0081586 0.0496900 0.0081760 2.1451192 2.2372632 1.6742282 
MW883595_Megalocytivirus_pagrus1_ISKNV                   0.0081481 0.0081402 0.0081402 0.0000000 0.0081481 0.0000010 1.7997801 0.3524603 2.2286901 2.0687943 2.6548495 0.0163748 2.2906556 2.0951660 1.0289122 1.8365995 1.0289122 0.0413004 0.0163953 0.0163748 0.0413004 0.0164093 2.1835430 2.2579425 1.6948107 
KC244182_Megalocytivirus_pagrus1_RSIV                    0.0000010 0.0163388 0.0163388 0.0081481 0.0000000 0.0081481 1.8669269 0.3450537 2.2532560 2.0805454 2.6125878 0.0246490 2.2784066 2.0796295 1.0827732 1.9266336 1.0827732 0.0403762 0.0240980 0.0246490 0.0403762 0.0247005 2.1727704 2.2253039 1.6805012 
MN432490_Megalocytivirus_pagrus1_ISKNV                   0.0081481 0.0081402 0.0081402 0.0000010 0.0081481 0.0000000 1.7997801 0.3524603 2.2286901 2.0687943 2.6548495 0.0163748 2.2906556 2.0951660 1.0289122 1.8365995 1.0289122 0.0413004 0.0163953 0.0163748 0.0413004 0.0164093 2.1835430 2.2579425 1.6948107 
MN803438_Lymphocystivirus_micropogonias1_n/a             1.8669269 1.7812021 1.7812021 1.7997801 1.8669269 1.7997801 0.0000000 1.8559065 1.8989947 1.4459806 1.7936989 1.7957740 2.2738571 2.0418153 1.9431523 0.1336539 1.9431523 1.7969835 1.8345481 1.7957740 1.7969835 1.7824458 2.7472521 1.8941178 1.4610229 
PQ335173_PQ335174_Threespine_stickleback_iridovirus_TSIV 0.3450537 0.3521174 0.3521174 0.3524603 0.3450537 0.3524603 1.8559065 0.0000000 2.1374408 1.8085534 2.2526627 0.3534513 1.9948594 1.8132345 0.9329398 1.8949028 0.9329398 0.3301231 0.3453751 0.3534513 0.3301231 0.3663735 2.2902990 2.1892165 1.5457019 
KF938901_Chloriridovirus_anopheles1_n/a                  2.2532560 2.2090519 2.2090519 2.2286901 2.2532560 2.2286901 1.8989947 2.1374408 0.0000000 2.0896799 0.5666276 2.1981465 1.4930484 1.4266367 2.1073717 1.9662293 2.1073717 2.2417352 2.2507226 2.1981465 2.2417352 2.1940443 2.9499610 0.2090515 1.9841728 
AY521625_Ranavirus_epinephelus1_n/a                      2.0805454 2.0644896 2.0644896 2.0687943 2.0805454 2.0687943 1.4459806 1.8085534 2.0896799 0.0000000 2.0166454 2.0748761 2.4840363 2.2424788 1.9107126 1.4100013 1.9107126 2.0139616 2.1042482 2.0748761 2.0139616 2.0663736 2.6312334 2.0998376 0.7108342 
LS484712_Daphniairidovirus_daphnia1_n/a                  2.6125878 2.6234074 2.6234074 2.6548495 2.6125878 2.6548495 1.7936989 2.2526627 0.5666276 2.0166454 0.0000000 2.6234074 1.2465256 1.2065355 1.8588795 1.9211714 1.8588795 2.5817675 2.6125878 2.6234074 2.5817675 2.6035887 3.0163618 0.5058947 2.0333956 
OR670976_Megalocytivirus_pagrus1_ISKNV                   0.0246490 0.0081586 0.0081586 0.0163748 0.0246490 0.0163748 1.7957740 0.3534513 2.1981465 2.0748761 2.6234074 0.0000000 2.3132025 2.1217477 1.0246974 1.8324644 1.0246974 0.0502262 0.0249256 0.0000010 0.0502262 0.0164457 2.1557942 2.2256702 1.6824787 
AF303741_Iridovirus_chilo1_n/a                           2.2784066 2.3083289 2.3083289 2.2906556 2.2784066 2.2906556 2.2738571 1.9948594 1.4930484 2.4840363 1.2465256 2.3132025 0.0000000 0.2081741 2.2940866 2.2479120 2.2940866 2.2536556 2.2751009 2.3132025 2.2536556 2.3283579 3.3820209 1.4280505 2.2605075 
HF920637_Iridovirus_armadillidium1_n/a                   2.0796295 2.0742874 2.0742874 2.0951660 2.0796295 2.0951660 2.0418153 1.8132345 1.4266367 2.2424788 1.2065355 2.1217477 0.2081741 0.0000000 2.1608384 2.0305406 2.1608384 2.0958831 2.1064769 2.1217477 2.0958831 2.0923345 3.4885354 1.3546071 2.0995726 
MT521409_Megalocytivirus_lates1_SDDV                     1.0827732 1.0205607 1.0205607 1.0289122 1.0827732 1.0289122 1.9431523 0.9329398 2.1073717 1.9107126 1.8588795 1.0246974 2.2940866 2.1608384 0.0000000 2.0293842 0.0000010 1.0547512 1.0678636 1.0246974 1.0547512 1.0444830 2.5811904 2.2279519 1.5869777 
KX643370_Lymphocystivirus_sparus1_n/a                    1.9266336 1.8172345 1.8172345 1.8365995 1.9266336 1.8365995 0.1336539 1.8949028 1.9662293 1.4100013 1.9211714 1.8324644 2.2479120 2.0305406 2.0293842 0.0000000 2.0293842 1.8529469 1.9049371 1.8324644 1.8529469 1.8043094 2.7789575 1.9930916 1.4090893 
MN562489_Megalocytivirus_lates1_SDDV                     1.0827732 1.0205607 1.0205607 1.0289122 1.0827732 1.0289122 1.9431523 0.9329398 2.1073717 1.9107126 1.8588795 1.0246974 2.2940866 2.1608384 0.0000010 2.0293842 0.0000000 1.0547512 1.0678636 1.0246974 1.0547512 1.0444830 2.5811904 2.2279519 1.5869777 
MG570131_Megalocytivirus_pagrus1_TRBIV                   0.0403762 0.0496900 0.0496900 0.0413004 0.0403762 0.0413004 1.7969835 0.3301231 2.2417352 2.0139616 2.5817675 0.0502262 2.2536556 2.0958831 1.0547512 1.8529469 1.0547512 0.0000000 0.0322467 0.0502262 0.0000010 0.0584266 2.1358445 2.2136887 1.6610603 
GQ273492_Megalocytivirus_pagrus1_TRBIV                   0.0240980 0.0246561 0.0246561 0.0163953 0.0240980 0.0163953 1.8345481 0.3453751 2.2507226 2.1042482 2.6125878 0.0249256 2.2751009 2.1064769 1.0678636 1.9049371 1.0678636 0.0322467 0.0000000 0.0249256 0.0322467 0.0331333 2.1383387 2.1929642 1.6918749 
OQ513807_Megalocytivirus_pagrus1_ISKNV                   0.0246490 0.0081586 0.0081586 0.0163748 0.0246490 0.0163748 1.7957740 0.3534513 2.1981465 2.0748761 2.6234074 0.0000010 2.3132025 2.1217477 1.0246974 1.8324644 1.0246974 0.0502262 0.0249256 0.0000000 0.0502262 0.0164457 2.1557942 2.2256702 1.6824787 
MG570132_Megalocytivirus_pagrus1_TRBIV                   0.0403762 0.0496900 0.0496900 0.0413004 0.0403762 0.0413004 1.7969835 0.3301231 2.2417352 2.0139616 2.5817675 0.0502262 2.2536556 2.0958831 1.0547512 1.8529469 1.0547512 0.0000010 0.0322467 0.0502262 0.0000000 0.0584266 2.1358445 2.2136887 1.6610603 
MK689685_Megalocytivirus_pagrus1_ISKNV                   0.0247005 0.0081760 0.0081760 0.0164093 0.0247005 0.0164093 1.7824458 0.3663735 2.1940443 2.0663736 2.6035887 0.0164457 2.3283579 2.0923345 1.0444830 1.8043094 1.0444830 0.0584266 0.0331333 0.0164457 0.0584266 0.0000000 2.1478942 2.2214461 1.6759946 
MF599468_Decapodiridovirus_litopenaeus1_n/a              2.1727704 2.1451192 2.1451192 2.1835430 2.1727704 2.1835430 2.7472521 2.2902990 2.9499610 2.6312334 3.0163618 2.1557942 3.3820209 3.4885354 2.5811904 2.7789575 2.5811904 2.1358445 2.1383387 2.1557942 2.1358445 2.1478942 0.0000000 2.7194258 2.7790862 
HF920633_Chloriridovirus_simulium1_n/a                   2.2253039 2.2372632 2.2372632 2.2579425 2.2253039 2.2579425 1.8941178 2.1892165 0.2090515 2.0998376 0.5058947 2.2256702 1.4280505 1.3546071 2.2279519 1.9930916 2.2279519 2.2136887 2.1929642 2.2256702 2.2136887 2.2214461 2.7194258 0.0000000 2.0949741 
NC_005946_Ranavirus_rana1_n/a                            1.6805012 1.6742282 1.6742282 1.6948107 1.6805012 1.6948107 1.4610229 1.5457019 1.9841728 0.7108342 2.0333956 1.6824787 2.2605075 2.0995726 1.5869777 1.4090893 1.5869777 1.6610603 1.6918749 1.6824787 1.6610603 1.6759946 2.7790862 2.0949741 0.0000000 
