18
OK042108_Megalocytivirus_pagrus1_RSIV                    0.0000000 1.6120130 0.0548813 0.0000010 0.0661742 0.0548813 0.0212142 0.0321801 1.6120130 0.0212142 1.9883413 0.0212177 0.0321801 0.0323637 1.7332320 0.0661742 0.8849725 0.0212177 
MN562489_Megalocytivirus_lates1_SDDV                     1.6120130 0.0000000 1.6205816 1.6120130 1.6340622 1.6205816 1.6165818 1.6307820 0.0000010 1.6165818 2.9003971 1.5904042 1.6307820 1.6671409 2.9163158 1.6340622 2.2309138 1.5904042 
MT128666_Megalocytivirus_pagrus1_ISKNV                   0.0548813 1.6205816 0.0000000 0.0548813 0.0105771 0.0000010 0.0774089 0.0657265 1.6205816 0.0774089 1.9535448 0.0774334 0.0657265 0.0431020 1.6989813 0.0105771 0.9631284 0.0774334 
AB104413_Megalocytivirus_pagrus1_RSIV                    0.0000010 1.6120130 0.0548813 0.0000000 0.0661742 0.0548813 0.0212142 0.0321801 1.6120130 0.0212142 1.9883413 0.0212177 0.0321801 0.0323637 1.7332320 0.0661742 0.8849725 0.0212177 
MW883595_Megalocytivirus_pagrus1_ISKNV                   0.0661742 1.6340622 0.0105771 0.0661742 0.0000000 0.0105771 0.0888794 0.0770368 1.6340622 0.0888794 1.9535448 0.0889105 0.0770368 0.0541284 1.6989813 0.0000010 0.9894015 0.0889105 
OP896201_Megalocytivirus_pagrus1_ISKNV                   0.0548813 1.6205816 0.0000010 0.0548813 0.0105771 0.0000000 0.0774089 0.0657265 1.6205816 0.0774089 1.9535448 0.0774334 0.0657265 0.0431020 1.6989813 0.0105771 0.9631284 0.0774334 
OK042109_Megalocytivirus_pagrus1_RSIV                    0.0212142 1.6165818 0.0774089 0.0212142 0.0888794 0.0774089 0.0000000 0.0106398 1.6165818 0.0000010 2.0803656 0.0427547 0.0106398 0.0324203 1.8128623 0.0888794 0.8790661 0.0427547 
AY894343_Megalocytivirus_pagrus1_RSIV                    0.0321801 1.6307820 0.0657265 0.0321801 0.0770368 0.0657265 0.0106398 0.0000000 1.6307820 0.0106398 2.0581864 0.0540461 0.0000010 0.0214132 1.7932210 0.0770368 0.8768676 0.0540461 
MT521409_Megalocytivirus_lates1_SDDV                     1.6120130 0.0000010 1.6205816 1.6120130 1.6340622 1.6205816 1.6165818 1.6307820 0.0000000 1.6165818 2.9003971 1.5904042 1.6307820 1.6671409 2.9163158 1.6340622 2.2309138 1.5904042 
ON075463_Megalocytivirus_pagrus1_RSIV                    0.0212142 1.6165818 0.0774089 0.0212142 0.0888794 0.0774089 0.0000010 0.0106398 1.6165818 0.0000000 2.0803656 0.0427547 0.0106398 0.0324203 1.8128623 0.0888794 0.8790661 0.0427547 
MN803438_Lymphocystivirus_micropogonias1_n/a             1.9883413 2.9003971 1.9535448 1.9883413 1.9535448 1.9535448 2.0803656 2.0581864 2.9003971 2.0803656 0.0000000 1.9449480 2.0581864 1.9584208 0.1566840 1.9535448 1.9985173 1.9449480 
MG570132_Megalocytivirus_pagrus1_TRBIV                   0.0212177 1.5904042 0.0774334 0.0212177 0.0889105 0.0774334 0.0427547 0.0540461 1.5904042 0.0427547 1.9449480 0.0000000 0.0540461 0.0543631 1.6952123 0.0889105 0.8638433 0.0000010 
ON743042_Megalocytivirus_pagrus1_RSIV                    0.0321801 1.6307820 0.0657265 0.0321801 0.0770368 0.0657265 0.0106398 0.0000010 1.6307820 0.0106398 2.0581864 0.0540461 0.0000000 0.0214132 1.7932210 0.0770368 0.8768676 0.0540461 
MW883598_Megalocytivirus_pagrus1_RSIV                    0.0323637 1.6671409 0.0431020 0.0323637 0.0541284 0.0431020 0.0324203 0.0214132 1.6671409 0.0324203 1.9584208 0.0543631 0.0214132 0.0000000 1.7063266 0.0541284 0.8960003 0.0543631 
KX643370_Lymphocystivirus_sparus1_n/a                    1.7332320 2.9163158 1.6989813 1.7332320 1.6989813 1.6989813 1.8128623 1.7932210 2.9163158 1.8128623 0.1566840 1.6952123 1.7932210 1.7063266 0.0000000 1.6989813 1.6135807 1.6952123 
MN432490_Megalocytivirus_pagrus1_ISKNV                   0.0661742 1.6340622 0.0105771 0.0661742 0.0000010 0.0105771 0.0888794 0.0770368 1.6340622 0.0888794 1.9535448 0.0889105 0.0770368 0.0541284 1.6989813 0.0000000 0.9894015 0.0889105 
PQ335173_PQ335174_Threespine_stickleback_iridovirus_TSIV 0.8849725 2.2309138 0.9631284 0.8849725 0.9894015 0.9631284 0.8790661 0.8768676 2.2309138 0.8790661 1.9985173 0.8638433 0.8768676 0.8960003 1.6135807 0.9894015 0.0000000 0.8638433 
MG570131_Megalocytivirus_pagrus1_TRBIV                   0.0212177 1.5904042 0.0774334 0.0212177 0.0889105 0.0774334 0.0427547 0.0540461 1.5904042 0.0427547 1.9449480 0.0000010 0.0540461 0.0543631 1.6952123 0.0889105 0.8638433 0.0000000 
