15
MW883598_Megalocytivirus_pagrus1_RSIV                    0.0000000 0.0454475 0.0517417 0.0454475 0.0000010 0.5351588 0.0517417 0.0715957 2.5382485 2.5382485 0.0408590 0.0500567 0.0500567 0.0408590 0.0501562 
MT926123_Megalocytivirus_pagrus1_ISKNV                   0.0454475 0.0000000 0.0565797 0.0000010 0.0454475 0.5130319 0.0565797 0.0864373 2.5357385 2.5357385 0.0133495 0.0044147 0.0044147 0.0133495 0.0044232 
MG570131_Megalocytivirus_pagrus1_TRBIV                   0.0517417 0.0565797 0.0000000 0.0565797 0.0517417 0.5232243 0.0000010 0.0271501 2.6441496 2.6441496 0.0518172 0.0613649 0.0613649 0.0518172 0.0614910 
MW883596_Megalocytivirus_pagrus1_ISKNV                   0.0454475 0.0000010 0.0565797 0.0000000 0.0454475 0.5130319 0.0565797 0.0864373 2.5357385 2.5357385 0.0133495 0.0044147 0.0044147 0.0133495 0.0044232 
OL774654_Megalocytivirus_pagrus1_RSIV                    0.0000010 0.0454475 0.0517417 0.0454475 0.0000000 0.5351588 0.0517417 0.0715957 2.5382485 2.5382485 0.0408590 0.0500567 0.0500567 0.0408590 0.0501562 
PQ335173_PQ335174_Threespine_stickleback_iridovirus_TSIV 0.5351588 0.5130319 0.5232243 0.5130319 0.5351588 0.0000000 0.5232243 0.5574798 2.4531961 2.4531961 0.4998581 0.5204547 0.5204547 0.4998581 0.5110043 
MG570132_Megalocytivirus_pagrus1_TRBIV                   0.0517417 0.0565797 0.0000010 0.0565797 0.0517417 0.5232243 0.0000000 0.0271501 2.6441496 2.6441496 0.0518172 0.0613649 0.0613649 0.0518172 0.0614910 
GQ273492_Megalocytivirus_pagrus1_TRBIV                   0.0715957 0.0864373 0.0271501 0.0864373 0.0715957 0.5574798 0.0271501 0.0000000 2.6866317 2.6866317 0.0815555 0.0913486 0.0913486 0.0815555 0.0915396 
MN562489_Megalocytivirus_lates1_SDDV                     2.5382485 2.5357385 2.6441496 2.5357385 2.5382485 2.4531961 2.6441496 2.6866317 0.0000000 0.0000010 2.5613362 2.5238297 2.5238297 2.5613362 2.5205671 
OM037668_Megalocytivirus_lates1_SDDV                     2.5382485 2.5357385 2.6441496 2.5357385 2.5382485 2.4531961 2.6441496 2.6866317 0.0000010 0.0000000 2.5613362 2.5238297 2.5238297 2.5613362 2.5205671 
MN432490_Megalocytivirus_pagrus1_ISKNV                   0.0408590 0.0133495 0.0518172 0.0133495 0.0408590 0.4998581 0.0518172 0.0815555 2.5613362 2.5613362 0.0000000 0.0178221 0.0178221 0.0000010 0.0178568 
AF371960_Megalocytivirus_pagrus1_ISKNV                   0.0500567 0.0044147 0.0613649 0.0044147 0.0500567 0.5204547 0.0613649 0.0913486 2.5238297 2.5238297 0.0178221 0.0000000 0.0000010 0.0178221 0.0088577 
NC_003494_Megalocytivirus_pagrus1_ISKNV                  0.0500567 0.0044147 0.0613649 0.0044147 0.0500567 0.5204547 0.0613649 0.0913486 2.5238297 2.5238297 0.0178221 0.0000010 0.0000000 0.0178221 0.0088577 
MW883595_Megalocytivirus_pagrus1_ISKNV                   0.0408590 0.0133495 0.0518172 0.0133495 0.0408590 0.4998581 0.0518172 0.0815555 2.5613362 2.5613362 0.0000010 0.0178221 0.0178221 0.0000000 0.0178568 
MW883600_Megalocytivirus_pagrus1_ISKNV                   0.0501562 0.0044232 0.0614910 0.0044232 0.0501562 0.5110043 0.0614910 0.0915396 2.5205671 2.5205671 0.0178568 0.0088577 0.0088577 0.0178568 0.0000000 
