15
MW273353_Megalocytivirus_pagrus1_ISKNV                   0.0000000 0.0828872 0.0035515 0.0749311 0.0828872 0.0000010 0.0710839 0.0749311 0.0251665 0.1166569 2.4089489 0.0251665 0.0763569 0.1221460 0.1268625 
MW139932_Megalocytivirus_pagrus1_RSIV                    0.0828872 0.0000000 0.0870306 0.0284202 0.0000010 0.0828872 0.0248326 0.0284202 0.0629504 0.1351683 2.4932468 0.0629504 0.0251575 0.1459662 0.1508778 
MW883594_Megalocytivirus_pagrus1_ISKNV                   0.0035515 0.0870306 0.0000000 0.0790165 0.0870306 0.0035515 0.0751462 0.0790165 0.0288803 0.1211547 2.3961279 0.0288803 0.0804695 0.1266931 0.1314575 
ON740976_Megalocytivirus_pagrus1_RSIV                    0.0749311 0.0284202 0.0790165 0.0000000 0.0284202 0.0749311 0.0035002 0.0000010 0.0552345 0.1238228 2.4534092 0.0552345 0.0547970 0.1345590 0.1394092 
OL774654_Megalocytivirus_pagrus1_RSIV                    0.0828872 0.0000010 0.0870306 0.0284202 0.0000000 0.0828872 0.0248326 0.0284202 0.0629504 0.1351683 2.4932468 0.0629504 0.0251575 0.1459662 0.1508778 
MW883602_Megalocytivirus_pagrus1_ISKNV                   0.0000010 0.0828872 0.0035515 0.0749311 0.0828872 0.0000000 0.0710839 0.0749311 0.0251665 0.1166569 2.4089489 0.0251665 0.0763569 0.1221460 0.1268625 
MW883598_Megalocytivirus_pagrus1_RSIV                    0.0710839 0.0248326 0.0751462 0.0035002 0.0248326 0.0710839 0.0000000 0.0035002 0.0514802 0.1224214 2.4448872 0.0514802 0.0510716 0.1330491 0.1378508 
KC244182_Megalocytivirus_pagrus1_RSIV                    0.0749311 0.0284202 0.0790165 0.0000010 0.0284202 0.0749311 0.0035002 0.0000000 0.0552345 0.1238228 2.4534092 0.0552345 0.0547970 0.1345590 0.1394092 
MT986830_Megalocytivirus_pagrus1_ISKNV                   0.0251665 0.0629504 0.0288803 0.0552345 0.0629504 0.0251665 0.0514802 0.0552345 0.0000000 0.1000921 2.3939422 0.0000010 0.0643841 0.1144491 0.1191336 
GQ273492_Megalocytivirus_pagrus1_TRBIV                   0.1166569 0.1351683 0.1211547 0.1238228 0.1351683 0.1166569 0.1224214 0.1238228 0.1000921 0.0000000 2.5707806 0.1000921 0.1046795 0.0591745 0.0632214 
PQ335173_PQ335174_Threespine_stickleback_iridovirus_TSIV 2.4089489 2.4932468 2.3961279 2.4534092 2.4932468 2.4089489 2.4448872 2.4534092 2.3939422 2.5707806 0.0000000 2.3939422 2.5882536 2.5281674 2.5369083 
OP009387_Megalocytivirus_pagrus1_ISKNV                   0.0251665 0.0629504 0.0288803 0.0552345 0.0629504 0.0251665 0.0514802 0.0552345 0.0000010 0.1000921 2.3939422 0.0000000 0.0643841 0.1144491 0.1191336 
OQ475017_Megalocytivirus_pagrus1_RSIV                    0.0763569 0.0251575 0.0804695 0.0547970 0.0251575 0.0763569 0.0510716 0.0547970 0.0643841 0.1046795 2.5882536 0.0643841 0.0000000 0.1186949 0.1233219 
MG570131_Megalocytivirus_pagrus1_TRBIV                   0.1221460 0.1459662 0.1266931 0.1345590 0.1459662 0.1221460 0.1330491 0.1345590 0.1144491 0.0591745 2.5281674 0.1144491 0.1186949 0.0000000 0.0034902 
MG570132_Megalocytivirus_pagrus1_TRBIV                   0.1268625 0.1508778 0.1314575 0.1394092 0.1508778 0.1268625 0.1378508 0.1394092 0.1191336 0.0632214 2.5369083 0.1191336 0.1233219 0.0034902 0.0000000 
