13
MW273353_Megalocytivirus_pagrus1_ISKNV    0.0000000 0.0232862 0.0232862 0.0000010 0.0115907 0.2260687 0.2508033 0.0115846 0.2260687 0.2508033 0.2260687 3.5923681 0.2405193 
MT986830_Megalocytivirus_pagrus1_ISKNV    0.0232862 0.0000000 0.0000010 0.0232862 0.0350619 0.2075025 0.2230941 0.0350473 0.2075025 0.2230941 0.2075025 3.4977556 0.2215706 
PP974677_Megalocytivirus_pagrus1_ISKNV    0.0232862 0.0000010 0.0000000 0.0232862 0.0350619 0.2075025 0.2230941 0.0350473 0.2075025 0.2230941 0.2075025 3.4977556 0.2215706 
23043610003_Megalocytivirus_pagrus1_ISKNV 0.0000010 0.0232862 0.0232862 0.0000000 0.0115907 0.2260687 0.2508033 0.0115846 0.2260687 0.2508033 0.2260687 3.5923681 0.2405193 
OR536350_Megalocytivirus_pagrus1_ISKNV    0.0115907 0.0350619 0.0350619 0.0115907 0.0000000 0.2401160 0.2648758 0.0232581 0.2401160 0.2648758 0.2401160 3.4700252 0.2546645 
OL774653_Megalocytivirus_pagrus1_RSIV     0.2260687 0.2075025 0.2075025 0.2260687 0.2401160 0.0000000 0.0767840 0.2109143 0.0000010 0.0767840 0.0000010 3.4867158 0.0107108 
AY894343_Megalocytivirus_pagrus1_RSIV     0.2508033 0.2230941 0.2230941 0.2508033 0.2648758 0.0767840 0.0000000 0.2354576 0.0767840 0.0000010 0.0473871 3.9401974 0.0881392 
OR670976_Megalocytivirus_pagrus1_ISKNV    0.0115846 0.0350473 0.0350473 0.0115846 0.0232581 0.2109143 0.2354576 0.0000000 0.2109143 0.2354576 0.2109143 3.5010574 0.2251602 
OK042108_Megalocytivirus_pagrus1_RSIV     0.2260687 0.2075025 0.2075025 0.2260687 0.2401160 0.0000010 0.0767840 0.2109143 0.0000000 0.0767840 0.0000010 3.4867158 0.0107108 
KT781098_Megalocytivirus_pagrus1_ISKNV    0.2508033 0.2230941 0.2230941 0.2508033 0.2648758 0.0767840 0.0000010 0.2354576 0.0767840 0.0000000 0.0473871 3.9401974 0.0881392 
OQ475017_Megalocytivirus_pagrus1_RSIV     0.2260687 0.2075025 0.2075025 0.2260687 0.2401160 0.0000010 0.0473871 0.2109143 0.0000010 0.0473871 0.0000000 3.4867158 0.0116618 
OQ513807_Megalocytivirus_pagrus1_ISKNV    3.5923681 3.4977556 3.4977556 3.5923681 3.4700252 3.4867158 3.9401974 3.5010574 3.4867158 3.9401974 3.4867158 0.0000000 3.4867158 
MK098187_Megalocytivirus_pagrus1_RSIV     0.2405193 0.2215706 0.2215706 0.2405193 0.2546645 0.0107108 0.0881392 0.2251602 0.0107108 0.0881392 0.0116618 3.4867158 0.0000000 
