24
MW883593_Megalocytivirus_pagrus1_ISKNV                   0.0000000 0.0000010 0.0138396 0.0234783 0.0138396 0.0047556 2.6540765 2.5535362 0.6971997 3.1505828 0.0095531 0.6971997 2.3326839 2.3144139 2.0719281 2.6981684 0.0047556 0.0185409 0.3937356 0.0234783 5.6479551 0.0046367 3.0252634 2.8733534 
23043610005_Megalocytivirus_pagrus1_ISKNV                0.0000010 0.0000000 0.0138396 0.0234783 0.0138396 0.0047556 2.6540765 2.5535362 0.6971997 3.1505828 0.0095531 0.6971997 2.3326839 2.3144139 2.0719281 2.6981684 0.0047556 0.0185409 0.3937356 0.0234783 5.6479551 0.0046367 3.0252634 2.8733534 
AY894343_Megalocytivirus_pagrus1_RSIV                    0.0138396 0.0138396 0.0000000 0.0186955 0.0000010 0.0144061 2.6967917 2.6162795 0.6978067 3.1572135 0.0192929 0.6978067 2.3726414 2.3089206 2.0404361 2.6627052 0.0144061 0.0138401 0.4116024 0.0186955 5.7366883 0.0187495 3.0410131 2.8700637 
MG570132_Megalocytivirus_pagrus1_TRBIV                   0.0234783 0.0234783 0.0186955 0.0000000 0.0186955 0.0244030 2.6623847 2.5625178 0.6554344 3.1561886 0.0294134 0.6554344 2.3346048 2.2351359 2.0500139 2.6701763 0.0244030 0.0139136 0.3928022 0.0000010 5.7040316 0.0286256 3.0252722 2.8880500 
MK689686_Megalocytivirus_pagrus1_RSIV                    0.0138396 0.0138396 0.0000010 0.0186955 0.0000000 0.0144061 2.6967917 2.6162795 0.6978067 3.1572135 0.0192929 0.6978067 2.3726414 2.3089206 2.0404361 2.6627052 0.0144061 0.0138401 0.4116024 0.0186955 5.7366883 0.0187495 3.0410131 2.8700637 
MN432490_Megalocytivirus_pagrus1_ISKNV                   0.0047556 0.0047556 0.0144061 0.0244030 0.0144061 0.0000000 2.6540765 2.5535362 0.6971997 3.1817085 0.0045850 0.6971997 2.3930884 2.3491809 2.1003630 2.6981684 0.0000010 0.0192826 0.3992081 0.0244030 5.6518316 0.0096598 3.0474432 2.9463946 
KX643370_Lymphocystivirus_sparus1_n/a                    2.6540765 2.6540765 2.6967917 2.6623847 2.6967917 2.6540765 0.0000000 0.1968352 2.6254620 4.3083609 2.6585929 2.6254620 2.9545156 2.7635005 3.3351296 4.6357175 2.6540765 2.6923196 2.7996317 2.6623847 7.8987196 2.6540765 4.7932825 5.2171667 
MN803438_Lymphocystivirus_micropogonias1_n/a             2.5535362 2.5535362 2.6162795 2.5625178 2.6162795 2.5535362 0.1968352 0.0000000 2.5588987 4.1964381 2.5606673 2.5588987 2.9108441 2.5634566 3.3927596 4.4947663 2.5535362 2.5912355 2.7784209 2.5625178 7.2910191 2.5535362 4.5287191 5.1221585 
MT521409_Megalocytivirus_lates1_SDDV                     0.6971997 0.6971997 0.6978067 0.6554344 0.6978067 0.6971997 2.6254620 2.5588987 0.0000000 3.1267395 0.6977379 0.0000010 2.2994660 2.0972398 1.9907812 2.8553753 0.6971997 0.6707307 0.6900003 0.6554344 6.1686338 0.7022966 2.7383850 3.0846957 
HF920637_Iridovirus_armadillidium1_n/a                   3.1505828 3.1505828 3.1572135 3.1561886 3.1572135 3.1817085 4.3083609 4.1964381 3.1267395 0.0000000 3.2007089 3.1267395 3.5315767 3.6350992 2.2220339 1.6044583 3.1817085 3.1217448 3.1827865 3.1561886 5.4979926 3.1621991 0.4059299 1.5765566 
OP009387_Megalocytivirus_pagrus1_ISKNV                   0.0095531 0.0095531 0.0192929 0.0294134 0.0192929 0.0045850 2.6585929 2.5606673 0.6977379 3.2007089 0.0000000 0.6977379 2.4017027 2.3466977 2.1140987 2.7030994 0.0045850 0.0242112 0.4082838 0.0294134 5.6558004 0.0145532 3.0532647 2.9517301 
MN562489_Megalocytivirus_lates1_SDDV                     0.6971997 0.6971997 0.6978067 0.6554344 0.6978067 0.6971997 2.6254620 2.5588987 0.0000010 3.1267395 0.6977379 0.0000000 2.2994660 2.0972398 1.9907812 2.8553753 0.6971997 0.6707307 0.6900003 0.6554344 6.1686338 0.7022966 2.7383850 3.0846957 
AY521625_Ranavirus_epinephelus1_n/a                      2.3326839 2.3326839 2.3726414 2.3346048 2.3726414 2.3930884 2.9545156 2.9108441 2.2994660 3.5315767 2.4017027 2.2994660 0.0000000 0.4154531 2.5206481 3.3929919 2.3930884 2.3522067 2.4434555 2.3346048 6.5523632 2.3418845 3.4497174 3.3297186 
NC_005946_Ranavirus_rana1_n/a                            2.3144139 2.3144139 2.3089206 2.2351359 2.3089206 2.3491809 2.7635005 2.5634566 2.0972398 3.6350992 2.3466977 2.0972398 0.4154531 0.0000000 2.6905159 3.0612999 2.3491809 2.2890663 2.4441789 2.2351359 5.8532709 2.3189274 3.3030107 3.4397675 
MF599468_Decapodiridovirus_litopenaeus1_n/a              2.0719281 2.0719281 2.0404361 2.0500139 2.0404361 2.1003630 3.3351296 3.3927596 1.9907812 2.2220339 2.1140987 1.9907812 2.5206481 2.6905159 0.0000000 2.3974190 2.1003630 2.0655465 2.2866511 2.0500139 5.1973706 2.0385142 2.1397001 2.5201899 
KF938901_Chloriridovirus_anopheles1_n/a                  2.6981684 2.6981684 2.6627052 2.6701763 2.6627052 2.6981684 4.6357175 4.4947663 2.8553753 1.6044583 2.7030994 2.8553753 3.3929919 3.0612999 2.3974190 0.0000000 2.6981684 2.6594059 2.6982339 2.6701763 5.3057710 2.7189843 1.3541587 0.2744214 
MW883595_Megalocytivirus_pagrus1_ISKNV                   0.0047556 0.0047556 0.0144061 0.0244030 0.0144061 0.0000010 2.6540765 2.5535362 0.6971997 3.1817085 0.0045850 0.6971997 2.3930884 2.3491809 2.1003630 2.6981684 0.0000000 0.0192826 0.3992081 0.0244030 5.6518316 0.0096598 3.0474432 2.9463946 
GQ273492_Megalocytivirus_pagrus1_TRBIV                   0.0185409 0.0185409 0.0138401 0.0139136 0.0138401 0.0192826 2.6923196 2.5912355 0.6707307 3.1217448 0.0242112 0.6707307 2.3522067 2.2890663 2.0655465 2.6594059 0.0192826 0.0000000 0.4041093 0.0139136 5.6956251 0.0235485 2.9657026 2.8766376 
PQ335173_PQ335174_Threespine_stickleback_iridovirus_TSIV 0.3937356 0.3937356 0.4116024 0.3928022 0.4116024 0.3992081 2.7996317 2.7784209 0.6900003 3.1827865 0.4082838 0.6900003 2.4434555 2.4441789 2.2866511 2.6982339 0.3992081 0.4041093 0.0000000 0.3928022 6.2929652 0.3941891 3.1656206 3.0335370 
MG570131_Megalocytivirus_pagrus1_TRBIV                   0.0234783 0.0234783 0.0186955 0.0000010 0.0186955 0.0244030 2.6623847 2.5625178 0.6554344 3.1561886 0.0294134 0.6554344 2.3346048 2.2351359 2.0500139 2.6701763 0.0244030 0.0139136 0.3928022 0.0000000 5.7040316 0.0286256 3.0252722 2.8880500 
LS484712_Daphniairidovirus_daphnia1_n/a                  5.6479551 5.6479551 5.7366883 5.7040316 5.7366883 5.6518316 7.8987196 7.2910191 6.1686338 5.4979926 5.6558004 6.1686338 6.5523632 5.8532709 5.1973706 5.3057710 5.6518316 5.6956251 6.2929652 5.7040316 0.0000000 5.5111972 6.2957234 5.4978823 
OR536350_Megalocytivirus_pagrus1_ISKNV                   0.0046367 0.0046367 0.0187495 0.0286256 0.0187495 0.0096598 2.6540765 2.5535362 0.7022966 3.1621991 0.0145532 0.7022966 2.3418845 2.3189274 2.0385142 2.7189843 0.0096598 0.0235485 0.3941891 0.0286256 5.5111972 0.0000000 3.0537237 2.8950998 
AF303741_Iridovirus_chilo1_n/a                           3.0252634 3.0252634 3.0410131 3.0252722 3.0410131 3.0474432 4.7932825 4.5287191 2.7383850 0.4059299 3.0532647 2.7383850 3.4497174 3.3030107 2.1397001 1.3541587 3.0474432 2.9657026 3.1656206 3.0252722 6.2957234 3.0537237 0.0000000 1.4205222 
HF920633_Chloriridovirus_simulium1_n/a                   2.8733534 2.8733534 2.8700637 2.8880500 2.8700637 2.9463946 5.2171667 5.1221585 3.0846957 1.5765566 2.9517301 3.0846957 3.3297186 3.4397675 2.5201899 0.2744214 2.9463946 2.8766376 3.0335370 2.8880500 5.4978823 2.8950998 1.4205222 0.0000000 
