13
MK689686_Megalocytivirus_pagrus1_RSIV   0.0000000 0.0599250 0.2480220 0.2480220 0.0000010 0.2660272 0.2368590 0.2660272 0.0599250 0.2597185 0.2368590 1.9894475 0.2597185 
BD143114_Megalocytivirus_pagrus1_RSIV   0.0599250 0.0000000 0.2763799 0.2763799 0.0599250 0.2899935 0.2485504 0.2899935 0.0000010 0.2834962 0.2485504 2.1468736 0.2834962 
MW883596_Megalocytivirus_pagrus1_ISKNV  0.2480220 0.2763799 0.0000000 0.0000010 0.2480220 0.0324748 0.3135159 0.0324748 0.2763799 0.0277801 0.3135159 1.7857357 0.0277801 
NC_003494_Megalocytivirus_pagrus1_ISKNV 0.2480220 0.2763799 0.0000010 0.0000000 0.2480220 0.0324748 0.3135159 0.0324748 0.2763799 0.0277801 0.3135159 1.7857357 0.0277801 
MT798582_Megalocytivirus_pagrus1_RSIV   0.0000010 0.0599250 0.2480220 0.2480220 0.0000000 0.2660272 0.2368590 0.2660272 0.0599250 0.2597185 0.2368590 1.9894475 0.2597185 
MT986830_Megalocytivirus_pagrus1_ISKNV  0.2660272 0.2899935 0.0324748 0.0324748 0.2660272 0.0000000 0.3026016 0.0000010 0.2899935 0.0045455 0.3026016 1.8106999 0.0045455 
MG570132_Megalocytivirus_pagrus1_TRBIV  0.2368590 0.2485504 0.3135159 0.3135159 0.2368590 0.3026016 0.0000000 0.3026016 0.2485504 0.2958178 0.0000010 2.2563264 0.2958178 
PP974677_Megalocytivirus_pagrus1_ISKNV  0.2660272 0.2899935 0.0324748 0.0324748 0.2660272 0.0000010 0.3026016 0.0000000 0.2899935 0.0045455 0.3026016 1.8106999 0.0045455 
OL774654_Megalocytivirus_pagrus1_RSIV   0.0599250 0.0000010 0.2763799 0.2763799 0.0599250 0.2899935 0.2485504 0.2899935 0.0000000 0.2834962 0.2485504 2.1468736 0.2834962 
MN432490_Megalocytivirus_pagrus1_ISKNV  0.2597185 0.2834962 0.0277801 0.0277801 0.2597185 0.0045455 0.2958178 0.0045455 0.2834962 0.0000000 0.2958178 1.8106999 0.0000010 
MG570131_Megalocytivirus_pagrus1_TRBIV  0.2368590 0.2485504 0.3135159 0.3135159 0.2368590 0.3026016 0.0000010 0.3026016 0.2485504 0.2958178 0.0000000 2.2563264 0.2958178 
OQ513807_Megalocytivirus_pagrus1_ISKNV  1.9894475 2.1468736 1.7857357 1.7857357 1.9894475 1.8106999 2.2563264 1.8106999 2.1468736 1.8106999 2.2563264 0.0000000 1.8106999 
MW883595_Megalocytivirus_pagrus1_ISKNV  0.2597185 0.2834962 0.0277801 0.0277801 0.2597185 0.0045455 0.2958178 0.0045455 0.2834962 0.0000010 0.2958178 1.8106999 0.0000000 
