16
MW883602_Megalocytivirus_pagrus1_ISKNV 0.0000000 0.0000010 2.2945878 0.1890531 0.1890531 0.2000064 2.2945878 0.2000064 0.0488809 0.0488809 0.2853373 0.1666247 0.1875718 0.0588293 0.2853373 0.2948863 
MK689685_Megalocytivirus_pagrus1_ISKNV 0.0000010 0.0000000 2.2945878 0.1890531 0.1890531 0.2000064 2.2945878 0.2000064 0.0488809 0.0488809 0.2853373 0.1666247 0.1875718 0.0588293 0.2853373 0.2948863 
OM037668_Megalocytivirus_lates1_SDDV   2.2945878 2.2945878 0.0000000 2.2635320 2.2635320 2.2307222 0.0000010 2.2307222 2.4103278 2.4103278 2.1908037 2.2267032 2.4487824 2.3996504 2.1908037 2.2108944 
AY894343_Megalocytivirus_pagrus1_RSIV  0.1890531 0.1890531 2.2635320 0.0000000 0.0000010 0.0476342 2.2635320 0.0476342 0.1537732 0.1537732 0.2227088 0.0188410 0.0199535 0.1645498 0.2227088 0.2350225 
ON075463_Megalocytivirus_pagrus1_RSIV  0.1890531 0.1890531 2.2635320 0.0000010 0.0000000 0.0476342 2.2635320 0.0476342 0.1537732 0.1537732 0.2227088 0.0188410 0.0199535 0.1645498 0.2227088 0.2350225 
OL774653_Megalocytivirus_pagrus1_RSIV  0.2000064 0.2000064 2.2307222 0.0476342 0.0476342 0.0000000 2.2307222 0.0000010 0.1644289 0.1644289 0.2210670 0.0283392 0.0713416 0.1752598 0.2210670 0.2332980 
MN562489_Megalocytivirus_lates1_SDDV   2.2945878 2.2945878 0.0000010 2.2635320 2.2635320 2.2307222 0.0000000 2.2307222 2.4103278 2.4103278 2.1908037 2.2267032 2.4487824 2.3996504 2.1908037 2.2108944 
AB104413_Megalocytivirus_pagrus1_RSIV  0.2000064 0.2000064 2.2307222 0.0476342 0.0476342 0.0000010 2.2307222 0.0000000 0.1644289 0.1644289 0.2210670 0.0283392 0.0713416 0.1752598 0.2210670 0.2332980 
MN432490_Megalocytivirus_pagrus1_ISKNV 0.0488809 0.0488809 2.4103278 0.1537732 0.1537732 0.1644289 2.4103278 0.1644289 0.0000000 0.0000010 0.2525659 0.1321115 0.1505314 0.0094867 0.2525659 0.2622228 
MW883595_Megalocytivirus_pagrus1_ISKNV 0.0488809 0.0488809 2.4103278 0.1537732 0.1537732 0.1644289 2.4103278 0.1644289 0.0000010 0.0000000 0.2525659 0.1321115 0.1505314 0.0094867 0.2525659 0.2622228 
MG570132_Megalocytivirus_pagrus1_TRBIV 0.2853373 0.2853373 2.1908037 0.2227088 0.2227088 0.2210670 2.1908037 0.2210670 0.2525659 0.2525659 0.0000000 0.2089733 0.2644760 0.2539218 0.0000010 0.0383377 
MW883598_Megalocytivirus_pagrus1_RSIV  0.1666247 0.1666247 2.2267032 0.0188410 0.0188410 0.0283392 2.2267032 0.0283392 0.1321115 0.1321115 0.2089733 0.0000000 0.0402786 0.1427324 0.2089733 0.2210805 
AP017456_Megalocytivirus_pagrus1_RSIV  0.1875718 0.1875718 2.4487824 0.0199535 0.0199535 0.0713416 2.4487824 0.0713416 0.1505314 0.1505314 0.2644760 0.0402786 0.0000000 0.1618444 0.2644760 0.2780208 
OP009387_Megalocytivirus_pagrus1_ISKNV 0.0588293 0.0588293 2.3996504 0.1645498 0.1645498 0.1752598 2.3996504 0.1752598 0.0094867 0.0094867 0.2539218 0.1427324 0.1618444 0.0000000 0.2539218 0.2636192 
MG570131_Megalocytivirus_pagrus1_TRBIV 0.2853373 0.2853373 2.1908037 0.2227088 0.2227088 0.2210670 2.1908037 0.2210670 0.2525659 0.2525659 0.0000010 0.2089733 0.2644760 0.2539218 0.0000000 0.0383377 
GQ273492_Megalocytivirus_pagrus1_TRBIV 0.2948863 0.2948863 2.2108944 0.2350225 0.2350225 0.2332980 2.2108944 0.2332980 0.2622228 0.2622228 0.0383377 0.2210805 0.2780208 0.2636192 0.0383377 0.0000000 
