14
MW883606_Megalocytivirus_pagrus1_ISKNV                   0.0000000 0.0381578 0.0000010 0.1178176 0.1178334 0.1178334 0.1178176 1.1850213 0.0185712 0.0189352 0.0189352 0.0381578 0.0576331 0.0970699 
MG570132_Megalocytivirus_pagrus1_TRBIV                   0.0381578 0.0000000 0.0381578 0.0767196 0.0767321 0.0767321 0.0767196 1.1576150 0.0382090 0.0588039 0.0588039 0.0000010 0.0187764 0.0569080 
MW883595_Megalocytivirus_pagrus1_ISKNV                   0.0000010 0.0381578 0.0000000 0.1178176 0.1178334 0.1178334 0.1178176 1.1850213 0.0185712 0.0189352 0.0189352 0.0381578 0.0576331 0.0970699 
MK689686_Megalocytivirus_pagrus1_RSIV                    0.1178176 0.0767196 0.1178176 0.0000000 0.0376660 0.0376660 0.0000010 1.1003891 0.1179781 0.1412653 0.1412653 0.0767196 0.0965784 0.0186284 
MK098186_Megalocytivirus_pagrus1_RSIV                    0.1178334 0.0767321 0.1178334 0.0376660 0.0000000 0.0000010 0.0376660 1.0627778 0.1179939 0.1412821 0.1412821 0.0767321 0.0965927 0.0186322 
MK098187_Megalocytivirus_pagrus1_RSIV                    0.1178334 0.0767321 0.1178334 0.0376660 0.0000010 0.0000000 0.0376660 1.0627778 0.1179939 0.1412821 0.1412821 0.0767321 0.0965927 0.0186322 
ON743042_Megalocytivirus_pagrus1_RSIV                    0.1178176 0.0767196 0.1178176 0.0000010 0.0376660 0.0376660 0.0000000 1.1003891 0.1179781 0.1412653 0.1412653 0.0767196 0.0965784 0.0186284 
PQ335173_PQ335174_Threespine_stickleback_iridovirus_TSIV 1.1850213 1.1576150 1.1850213 1.1003891 1.0627778 1.0627778 1.1003891 0.0000000 1.1745019 1.2054831 1.2054831 1.1576150 1.1748956 1.0846799 
MW883603_Megalocytivirus_pagrus1_ISKNV                   0.0185712 0.0382090 0.0185712 0.1179781 0.1179939 0.1179939 0.1179781 1.1745019 0.0000000 0.0381350 0.0381350 0.0382090 0.0577107 0.0972011 
OQ513807_Megalocytivirus_pagrus1_ISKNV                   0.0189352 0.0588039 0.0189352 0.1412653 0.1412821 0.1412821 0.1412653 1.2054831 0.0381350 0.0000000 0.0000010 0.0588039 0.0789533 0.1196870 
OR670976_Megalocytivirus_pagrus1_ISKNV                   0.0189352 0.0588039 0.0189352 0.1412653 0.1412821 0.1412821 0.1412653 1.2054831 0.0381350 0.0000010 0.0000000 0.0588039 0.0789533 0.1196870 
MG570131_Megalocytivirus_pagrus1_TRBIV                   0.0381578 0.0000010 0.0381578 0.0767196 0.0767321 0.0767321 0.0767196 1.1576150 0.0382090 0.0588039 0.0588039 0.0000000 0.0187764 0.0569080 
GQ273492_Megalocytivirus_pagrus1_TRBIV                   0.0576331 0.0187764 0.0576331 0.0965784 0.0965927 0.0965927 0.0965784 1.1748956 0.0577107 0.0789533 0.0789533 0.0187764 0.0000000 0.0764041 
MW883598_Megalocytivirus_pagrus1_RSIV                    0.0970699 0.0569080 0.0970699 0.0186284 0.0186322 0.0186322 0.0186284 1.0846799 0.0972011 0.1196870 0.1196870 0.0569080 0.0764041 0.0000000 
