26
OP896201_Megalocytivirus_pagrus1_ISKNV 0.0000000 0.0000010 2.4056375 0.0044584 0.0625798 0.0672627 2.3922323 0.0625798 0.0022239 0.0044595 2.3922323 0.0133974 0.0672177 0.0111566 0.0672177 0.0672627 0.0022227 0.0022251 0.0695934 0.0779046 0.0944492 0.0944492 0.0022251 0.0044595 0.0022260 0.0022225 
AF371960_Megalocytivirus_pagrus1_ISKNV 0.0000010 0.0000000 2.4056375 0.0044584 0.0625798 0.0672627 2.3922323 0.0625798 0.0022239 0.0044595 2.3922323 0.0133974 0.0672177 0.0111566 0.0672177 0.0672627 0.0022227 0.0022251 0.0695934 0.0779046 0.0944492 0.0944492 0.0022251 0.0044595 0.0022260 0.0022225 
OM037668_Megalocytivirus_lates1_SDDV   2.4056375 2.4056375 0.0000000 2.4119754 2.1918501 2.1915837 0.0034041 2.1918501 2.4056375 2.3835328 0.0034041 2.3300948 2.1787866 2.3575775 2.1787866 2.1915837 2.4056375 2.4056375 2.1776864 2.3601075 2.3569400 2.3569400 2.4056375 2.3835328 2.4072277 2.4056375 
MW883603_Megalocytivirus_pagrus1_ISKNV 0.0044584 0.0044584 2.4119754 0.0000000 0.0652473 0.0699566 2.3985585 0.0652473 0.0066953 0.0089510 2.3985585 0.0179238 0.0699096 0.0156722 0.0699096 0.0699566 0.0066917 0.0066989 0.0723000 0.0807004 0.0953226 0.0953226 0.0066989 0.0089510 0.0067015 0.0066914 
MW139932_Megalocytivirus_pagrus1_RSIV  0.0625798 0.0625798 2.1918501 0.0652473 0.0000000 0.0224573 2.1794364 0.0000010 0.0649638 0.0674685 2.1794364 0.0624739 0.0224425 0.0601138 0.0224425 0.0224573 0.0649239 0.0650028 0.0247070 0.0727560 0.0886639 0.0886639 0.0650028 0.0674685 0.0650272 0.0649257 
ON075463_Megalocytivirus_pagrus1_RSIV  0.0672627 0.0672627 2.1915837 0.0699566 0.0224573 0.0000000 2.1791600 0.0224573 0.0696532 0.0721723 2.1791600 0.0671489 0.0044298 0.0647833 0.0044298 0.0000010 0.0696101 0.0696953 0.0066502 0.0775033 0.0987713 0.0987713 0.0696953 0.0721723 0.0697213 0.0696124 
MN562489_Megalocytivirus_lates1_SDDV   2.3922323 2.3922323 0.0034041 2.3985585 2.1794364 2.1791600 0.0000000 2.1794364 2.3922323 2.3702665 0.0000010 2.3170596 2.1664167 2.3444059 2.1664167 2.1791600 2.3922323 2.3922323 2.1653212 2.3468610 2.3437381 2.3437381 2.3922323 2.3702665 2.3938316 2.3922323 
MK098187_Megalocytivirus_pagrus1_RSIV  0.0625798 0.0625798 2.1918501 0.0652473 0.0000010 0.0224573 2.1794364 0.0000000 0.0649638 0.0674685 2.1794364 0.0624739 0.0224425 0.0601138 0.0224425 0.0224573 0.0649239 0.0650028 0.0247070 0.0727560 0.0886639 0.0886639 0.0650028 0.0674685 0.0650272 0.0649257 
MW883593_Megalocytivirus_pagrus1_ISKNV 0.0022239 0.0022239 2.4056375 0.0066953 0.0649638 0.0696532 2.3922323 0.0649638 0.0000000 0.0066970 2.3922323 0.0156454 0.0648572 0.0134009 0.0648572 0.0696532 0.0044504 0.0044542 0.0672294 0.0803462 0.0969610 0.0969610 0.0044542 0.0066970 0.0044560 0.0044502 
OQ513807_Megalocytivirus_pagrus1_ISKNV 0.0044595 0.0044595 2.3835328 0.0089510 0.0674685 0.0721723 2.3702665 0.0674685 0.0066970 0.0000000 2.3702665 0.0179283 0.0721239 0.0156761 0.0721239 0.0721723 0.0066934 0.0067006 0.0745124 0.0829364 0.0996522 0.0996522 0.0067006 0.0000010 0.0067032 0.0066931 
MT521409_Megalocytivirus_lates1_SDDV   2.3922323 2.3922323 0.0034041 2.3985585 2.1794364 2.1791600 0.0000010 2.1794364 2.3922323 2.3702665 0.0000000 2.3170596 2.1664167 2.3444059 2.1664167 2.1791600 2.3922323 2.3922323 2.1653212 2.3468610 2.3437381 2.3437381 2.3922323 2.3702665 2.3938316 2.3922323 
MW883595_Megalocytivirus_pagrus1_ISKNV 0.0133974 0.0133974 2.3300948 0.0179238 0.0624739 0.0671489 2.3170596 0.0624739 0.0156454 0.0179283 2.3170596 0.0000000 0.0671040 0.0022201 0.0671040 0.0671489 0.0156368 0.0156540 0.0694756 0.0777705 0.0893011 0.0893011 0.0156540 0.0179283 0.0156600 0.0156363 
MK689686_Megalocytivirus_pagrus1_RSIV  0.0672177 0.0672177 2.1787866 0.0699096 0.0224425 0.0044298 2.1664167 0.0224425 0.0648572 0.0721239 2.1664167 0.0671040 0.0000000 0.0647400 0.0000010 0.0044298 0.0695636 0.0696487 0.0022117 0.0774511 0.0987039 0.0987039 0.0696487 0.0721239 0.0696746 0.0695659 
MN432490_Megalocytivirus_pagrus1_ISKNV 0.0111566 0.0111566 2.3575775 0.0156722 0.0601138 0.0647833 2.3444059 0.0601138 0.0134009 0.0156761 2.3444059 0.0022201 0.0647400 0.0000000 0.0647400 0.0647833 0.0133935 0.0134081 0.0671077 0.0753565 0.0868284 0.0868284 0.0134081 0.0156761 0.0134134 0.0133931 
KT804738_Megalocytivirus_pagrus1_RSIV  0.0672177 0.0672177 2.1787866 0.0699096 0.0224425 0.0044298 2.1664167 0.0224425 0.0648572 0.0721239 2.1664167 0.0671040 0.0000010 0.0647400 0.0000000 0.0044298 0.0695636 0.0696487 0.0022117 0.0774511 0.0987039 0.0987039 0.0696487 0.0721239 0.0696746 0.0695659 
KC244182_Megalocytivirus_pagrus1_RSIV  0.0672627 0.0672627 2.1915837 0.0699566 0.0224573 0.0000010 2.1791600 0.0224573 0.0696532 0.0721723 2.1791600 0.0671489 0.0044298 0.0647833 0.0044298 0.0000000 0.0696101 0.0696953 0.0066502 0.0775033 0.0987713 0.0987713 0.0696953 0.0721723 0.0697213 0.0696124 
ON212400_Megalocytivirus_pagrus1_ISKNV 0.0022227 0.0022227 2.4056375 0.0066917 0.0649239 0.0696101 2.3922323 0.0649239 0.0044504 0.0066934 2.3922323 0.0156368 0.0695636 0.0133935 0.0695636 0.0696101 0.0000000 0.0044527 0.0719420 0.0802949 0.0968965 0.0968965 0.0044527 0.0066934 0.0044535 0.0044478 
KT781098_Megalocytivirus_pagrus1_ISKNV 0.0022251 0.0022251 2.4056375 0.0066989 0.0650028 0.0696953 2.3922323 0.0650028 0.0044542 0.0067006 2.3922323 0.0156540 0.0696487 0.0134081 0.0696487 0.0696953 0.0044527 0.0000000 0.0720303 0.0803962 0.0970238 0.0970238 0.0000010 0.0067006 0.0044584 0.0044525 
AY894343_Megalocytivirus_pagrus1_RSIV  0.0695934 0.0695934 2.1776864 0.0723000 0.0247070 0.0066502 2.1653212 0.0247070 0.0672294 0.0745124 2.1653212 0.0694756 0.0022117 0.0671077 0.0022117 0.0066502 0.0719420 0.0720303 0.0000000 0.0798642 0.1011874 0.1011874 0.0720303 0.0745124 0.0720571 0.0719446 
GQ273492_Megalocytivirus_pagrus1_TRBIV 0.0779046 0.0779046 2.3601075 0.0807004 0.0727560 0.0775033 2.3468610 0.0727560 0.0803462 0.0829364 2.3468610 0.0777705 0.0774511 0.0753565 0.0774511 0.0775033 0.0802949 0.0803962 0.0798642 0.0000000 0.0561794 0.0561794 0.0803962 0.0829364 0.0804261 0.0802987 
MG570132_Megalocytivirus_pagrus1_TRBIV 0.0944492 0.0944492 2.3569400 0.0953226 0.0886639 0.0987713 2.3437381 0.0886639 0.0969610 0.0996522 2.3437381 0.0893011 0.0987039 0.0868284 0.0987039 0.0987713 0.0968965 0.0970238 0.1011874 0.0561794 0.0000000 0.0000010 0.0970238 0.0996522 0.0970597 0.0969029 
MG570131_Megalocytivirus_pagrus1_TRBIV 0.0944492 0.0944492 2.3569400 0.0953226 0.0886639 0.0987713 2.3437381 0.0886639 0.0969610 0.0996522 2.3437381 0.0893011 0.0987039 0.0868284 0.0987039 0.0987713 0.0968965 0.0970238 0.1011874 0.0561794 0.0000010 0.0000000 0.0970238 0.0996522 0.0970597 0.0969029 
MT926123_Megalocytivirus_pagrus1_ISKNV 0.0022251 0.0022251 2.4056375 0.0066989 0.0650028 0.0696953 2.3922323 0.0650028 0.0044542 0.0067006 2.3922323 0.0156540 0.0696487 0.0134081 0.0696487 0.0696953 0.0044527 0.0000010 0.0720303 0.0803962 0.0970238 0.0970238 0.0000000 0.0067006 0.0044584 0.0044525 
OR670976_Megalocytivirus_pagrus1_ISKNV 0.0044595 0.0044595 2.3835328 0.0089510 0.0674685 0.0721723 2.3702665 0.0674685 0.0066970 0.0000010 2.3702665 0.0179283 0.0721239 0.0156761 0.0721239 0.0721723 0.0066934 0.0067006 0.0745124 0.0829364 0.0996522 0.0996522 0.0067006 0.0000000 0.0067032 0.0066931 
MW883594_Megalocytivirus_pagrus1_ISKNV 0.0022260 0.0022260 2.4072277 0.0067015 0.0650272 0.0697213 2.3938316 0.0650272 0.0044560 0.0067032 2.3938316 0.0156600 0.0696746 0.0134134 0.0696746 0.0697213 0.0044535 0.0044584 0.0720571 0.0804261 0.0970597 0.0970597 0.0044584 0.0067032 0.0000000 0.0044533 
MW273354_Megalocytivirus_pagrus1_ISKNV 0.0022225 0.0022225 2.4056375 0.0066914 0.0649257 0.0696124 2.3922323 0.0649257 0.0044502 0.0066931 2.3922323 0.0156363 0.0695659 0.0133931 0.0695659 0.0696124 0.0044478 0.0044525 0.0719446 0.0802987 0.0969029 0.0969029 0.0044525 0.0066931 0.0044533 0.0000000 
