15
ON212400_Megalocytivirus_pagrus1_ISKNV                   0.0000000 0.0370001 0.0000010 0.0207147 0.0370001 5.3729784 0.0418773 0.0418773 2.0798680 0.0778917 5.3729784 0.0899706 0.0207147 0.0487334 0.0529014 
OK042108_Megalocytivirus_pagrus1_RSIV                    0.0370001 0.0000000 0.0370001 0.0375739 0.0000010 5.5634065 0.0446712 0.0446712 2.1419807 0.0829781 5.5634065 0.0957585 0.0375739 0.0319053 0.0563764 
AF371960_Megalocytivirus_pagrus1_ISKNV                   0.0000010 0.0370001 0.0000000 0.0207147 0.0370001 5.3729784 0.0418773 0.0418773 2.0798680 0.0778917 5.3729784 0.0899706 0.0207147 0.0487334 0.0529014 
MW883595_Megalocytivirus_pagrus1_ISKNV                   0.0207147 0.0375739 0.0207147 0.0000000 0.0375739 5.4361675 0.0424590 0.0424590 2.0264965 0.0790875 5.4361675 0.0913813 0.0000010 0.0494888 0.0536544 
KC244182_Megalocytivirus_pagrus1_RSIV                    0.0370001 0.0000010 0.0370001 0.0375739 0.0000000 5.5634065 0.0446712 0.0446712 2.1419807 0.0829781 5.5634065 0.0957585 0.0375739 0.0319053 0.0563764 
MN562489_Megalocytivirus_lates1_SDDV                     5.3729784 5.5634065 5.3729784 5.4361675 5.5634065 0.0000000 5.1777568 5.1777568 6.3432956 5.9945894 0.0000010 6.0150675 5.4361675 5.1624675 5.6799963 
BD143114_Megalocytivirus_pagrus1_RSIV                    0.0418773 0.0446712 0.0418773 0.0424590 0.0446712 5.1777568 0.0000000 0.0000010 2.0718318 0.0787593 5.1777568 0.0909929 0.0424590 0.0107355 0.0534475 
MK098186_Megalocytivirus_pagrus1_RSIV                    0.0418773 0.0446712 0.0418773 0.0424590 0.0446712 5.1777568 0.0000010 0.0000000 2.0718318 0.0787593 5.1777568 0.0909929 0.0424590 0.0107355 0.0534475 
PQ335173_PQ335174_Threespine_stickleback_iridovirus_TSIV 2.0798680 2.1419807 2.0798680 2.0264965 2.1419807 6.3432956 2.0718318 2.0718318 0.0000000 2.2753234 6.3432956 2.2536053 2.0264965 2.0619292 2.1198295 
MG570131_Megalocytivirus_pagrus1_TRBIV                   0.0778917 0.0829781 0.0778917 0.0790875 0.0829781 5.9945894 0.0787593 0.0787593 2.2753234 0.0000000 5.9945894 0.0102051 0.0790875 0.0948600 0.0211979 
MT521409_Megalocytivirus_lates1_SDDV                     5.3729784 5.5634065 5.3729784 5.4361675 5.5634065 0.0000010 5.1777568 5.1777568 6.3432956 5.9945894 0.0000000 6.0150675 5.4361675 5.1624675 5.6799963 
MG570132_Megalocytivirus_pagrus1_TRBIV                   0.0899706 0.0957585 0.0899706 0.0913813 0.0957585 6.0150675 0.0909929 0.0909929 2.2536053 0.0102051 6.0150675 0.0000000 0.0913813 0.1077587 0.0321480 
OP009387_Megalocytivirus_pagrus1_ISKNV                   0.0207147 0.0375739 0.0207147 0.0000010 0.0375739 5.4361675 0.0424590 0.0424590 2.0264965 0.0790875 5.4361675 0.0913813 0.0000000 0.0494888 0.0536544 
ON743042_Megalocytivirus_pagrus1_RSIV                    0.0487334 0.0319053 0.0487334 0.0494888 0.0319053 5.1624675 0.0107355 0.0107355 2.0619292 0.0948600 5.1624675 0.1077587 0.0494888 0.0000000 0.0676857 
GQ273492_Megalocytivirus_pagrus1_TRBIV                   0.0529014 0.0563764 0.0529014 0.0536544 0.0563764 5.6799963 0.0534475 0.0534475 2.1198295 0.0211979 5.6799963 0.0321480 0.0536544 0.0676857 0.0000000 
