17
OR670976_Megalocytivirus_pagrus1_ISKNV                   0.0000000 0.1323055 0.0000010 0.1257991 0.1323055 0.1432978 0.1432978 0.0225806 0.0225806 0.1690741 3.6143596 0.0027880 0.1506830 1.9452152 0.0027930 0.1690741 0.1355039 
MT798582_Megalocytivirus_pagrus1_RSIV                    0.1323055 0.0000000 0.1323055 0.0055472 0.0000010 0.0641897 0.0641897 0.1230856 0.1230856 0.1520507 3.7849982 0.1354105 0.1309148 1.9495851 0.1356660 0.1520507 0.0027653 
MW883603_Megalocytivirus_pagrus1_ISKNV                   0.0000010 0.1323055 0.0000000 0.1257991 0.1323055 0.1432978 0.1432978 0.0225806 0.0225806 0.1690741 3.6143596 0.0027880 0.1506830 1.9452152 0.0027930 0.1690741 0.1355039 
MW883598_Megalocytivirus_pagrus1_RSIV                    0.1257991 0.0055472 0.1257991 0.0000000 0.0055472 0.0582050 0.0582050 0.1166105 0.1166105 0.1454315 3.8117587 0.1288938 0.1243377 1.9461607 0.1291368 0.1454315 0.0083295 
OK042108_Megalocytivirus_pagrus1_RSIV                    0.1323055 0.0000010 0.1323055 0.0055472 0.0000000 0.0641897 0.0641897 0.1230856 0.1230856 0.1520507 3.7849982 0.1354105 0.1309148 1.9495851 0.1356660 0.1520507 0.0027653 
BD143114_Megalocytivirus_pagrus1_RSIV                    0.1432978 0.0641897 0.1432978 0.0582050 0.0641897 0.0000000 0.0000010 0.1341094 0.1341094 0.1404314 3.8201035 0.1463923 0.1221439 2.0136132 0.1466665 0.1404314 0.0671579 
MK098187_Megalocytivirus_pagrus1_RSIV                    0.1432978 0.0641897 0.1432978 0.0582050 0.0641897 0.0000010 0.0000000 0.1341094 0.1341094 0.1404314 3.8201035 0.1463923 0.1221439 2.0136132 0.1466665 0.1404314 0.0671579 
OP009387_Megalocytivirus_pagrus1_ISKNV                   0.0225806 0.1230856 0.0225806 0.1166105 0.1230856 0.1341094 0.1341094 0.0000000 0.0000010 0.1530613 3.6004867 0.0254138 0.1412242 1.9628944 0.0254593 0.1530613 0.1262717 
PP974677_Megalocytivirus_pagrus1_ISKNV                   0.0225806 0.1230856 0.0225806 0.1166105 0.1230856 0.1341094 0.1341094 0.0000010 0.0000000 0.1530613 3.6004867 0.0254138 0.1412242 1.9628944 0.0254593 0.1530613 0.1262717 
MG570132_Megalocytivirus_pagrus1_TRBIV                   0.1690741 0.1520507 0.1690741 0.1454315 0.1520507 0.1404314 0.1404314 0.1530613 0.1530613 0.0000000 4.0302120 0.1722560 0.0761570 1.9293313 0.1725846 0.0000010 0.1552978 
LS484712_Daphniairidovirus_daphnia1_n/a                  3.6143596 3.7849982 3.6143596 3.8117587 3.7849982 3.8201035 3.8201035 3.6004867 3.6004867 4.0302120 0.0000000 3.6010498 3.8201294 6.1152753 3.5763763 4.0302120 3.7849982 
MT926123_Megalocytivirus_pagrus1_ISKNV                   0.0027880 0.1354105 0.0027880 0.1288938 0.1354105 0.1463923 0.1463923 0.0254138 0.0254138 0.1722560 3.6010498 0.0000000 0.1538599 1.9372012 0.0055882 0.1722560 0.1386129 
GQ273492_Megalocytivirus_pagrus1_TRBIV                   0.1506830 0.1309148 0.1506830 0.1243377 0.1309148 0.1221439 0.1221439 0.1412242 0.1412242 0.0761570 3.8201294 0.1538599 0.0000000 1.8541734 0.1541549 0.0761570 0.1341482 
PQ335173_PQ335174_Threespine_stickleback_iridovirus_TSIV 1.9452152 1.9495851 1.9452152 1.9461607 1.9495851 2.0136132 2.0136132 1.9628944 1.9628944 1.9293313 6.1152753 1.9372012 1.8541734 0.0000000 1.9302694 1.9293313 1.9532799 
MW273353_Megalocytivirus_pagrus1_ISKNV                   0.0027930 0.1356660 0.0027930 0.1291368 0.1356660 0.1466665 0.1466665 0.0254593 0.0254593 0.1725846 3.5763763 0.0055882 0.1541549 1.9302694 0.0000000 0.1725846 0.1388745 
MG570131_Megalocytivirus_pagrus1_TRBIV                   0.1690741 0.1520507 0.1690741 0.1454315 0.1520507 0.1404314 0.1404314 0.1530613 0.1530613 0.0000010 4.0302120 0.1722560 0.0761570 1.9293313 0.1725846 0.0000000 0.1552978 
OK042109_Megalocytivirus_pagrus1_RSIV                    0.1355039 0.0027653 0.1355039 0.0083295 0.0027653 0.0671579 0.0671579 0.1262717 0.1262717 0.1552978 3.7849982 0.1386129 0.1341482 1.9532799 0.1388745 0.1552978 0.0000000 
