15
MT798582_Megalocytivirus_pagrus1_RSIV                    0.0000000 0.0402449 0.0402449 0.0000010 0.0190795 1.8571003 0.0519021 0.0472714 0.0472714 0.5570555 0.0190795 0.0447956 1.8571003 0.0447956 0.0519021 
MW273353_Megalocytivirus_pagrus1_ISKNV                   0.0402449 0.0000000 0.0000010 0.0402449 0.0483824 1.8247665 0.0494502 0.0616489 0.0616489 0.5205730 0.0483824 0.0038356 1.8247665 0.0038356 0.0494502 
ON212400_Megalocytivirus_pagrus1_ISKNV                   0.0402449 0.0000010 0.0000000 0.0402449 0.0483824 1.8247665 0.0494502 0.0616489 0.0616489 0.5205730 0.0483824 0.0038356 1.8247665 0.0038356 0.0494502 
MK689686_Megalocytivirus_pagrus1_RSIV                    0.0000010 0.0402449 0.0402449 0.0000000 0.0190795 1.8571003 0.0519021 0.0472714 0.0472714 0.5570555 0.0190795 0.0447956 1.8571003 0.0447956 0.0519021 
MK098185_Megalocytivirus_pagrus1_RSIV                    0.0190795 0.0483824 0.0483824 0.0190795 0.0000000 1.8236120 0.0601362 0.0553903 0.0553903 0.5640012 0.0000010 0.0530352 1.8236120 0.0530352 0.0601362 
MN562489_Megalocytivirus_lates1_SDDV                     1.8571003 1.8247665 1.8247665 1.8571003 1.8236120 0.0000000 1.8864684 1.9142770 1.9142770 1.8532630 1.8236120 1.8630466 0.0000010 1.8630466 1.8864684 
MG570131_Megalocytivirus_pagrus1_TRBIV                   0.0519021 0.0494502 0.0494502 0.0519021 0.0601362 1.8864684 0.0000000 0.0229784 0.0229784 0.5465529 0.0601362 0.0542156 1.8864684 0.0542156 0.0000010 
GQ273492_Megalocytivirus_pagrus1_TRBIV                   0.0472714 0.0616489 0.0616489 0.0472714 0.0553903 1.9142770 0.0229784 0.0000000 0.0000010 0.5609338 0.0553903 0.0665513 1.9142770 0.0665513 0.0229784 
OK042109_Megalocytivirus_pagrus1_RSIV                    0.0472714 0.0616489 0.0616489 0.0472714 0.0553903 1.9142770 0.0229784 0.0000010 0.0000000 0.5609338 0.0553903 0.0665513 1.9142770 0.0665513 0.0229784 
PQ335173_PQ335174_Threespine_stickleback_iridovirus_TSIV 0.5570555 0.5205730 0.5205730 0.5570555 0.5640012 1.8532630 0.5465529 0.5609338 0.5609338 0.0000000 0.5640012 0.5323764 1.8532630 0.5323764 0.5465529 
MK098186_Megalocytivirus_pagrus1_RSIV                    0.0190795 0.0483824 0.0483824 0.0190795 0.0000010 1.8236120 0.0601362 0.0553903 0.0553903 0.5640012 0.0000000 0.0530352 1.8236120 0.0530352 0.0601362 
23043610005_Megalocytivirus_pagrus1_ISKNV                0.0447956 0.0038356 0.0038356 0.0447956 0.0530352 1.8630466 0.0542156 0.0665513 0.0665513 0.5323764 0.0530352 0.0000000 1.8630466 0.0000010 0.0542156 
MT521409_Megalocytivirus_lates1_SDDV                     1.8571003 1.8247665 1.8247665 1.8571003 1.8236120 0.0000010 1.8864684 1.9142770 1.9142770 1.8532630 1.8236120 1.8630466 0.0000000 1.8630466 1.8864684 
23043610003_Megalocytivirus_pagrus1_ISKNV                0.0447956 0.0038356 0.0038356 0.0447956 0.0530352 1.8630466 0.0542156 0.0665513 0.0665513 0.5323764 0.0530352 0.0000010 1.8630466 0.0000000 0.0542156 
MG570132_Megalocytivirus_pagrus1_TRBIV                   0.0519021 0.0494502 0.0494502 0.0519021 0.0601362 1.8864684 0.0000010 0.0229784 0.0229784 0.5465529 0.0601362 0.0542156 1.8864684 0.0542156 0.0000000 
