29
OQ513807_Megalocytivirus_pagrus1_ISKNV                   0.0000000 0.0383177 1.2580920 0.0383177 0.0428107 0.0020517 5.9579923 3.7623273 4.3661089 4.9487244 0.0000010 0.0103750 0.0020496 0.0082685 0.0470038 0.0449173 0.0449720 0.0020503 0.0082685 0.0428107 0.0020496 0.0020540 0.0020497 0.0020503 0.0103750 1.2580920 0.4364054 0.0406010 0.0471090 
OL774653_Megalocytivirus_pagrus1_RSIV                    0.0383177 0.0000000 1.2588648 0.0000010 0.0124057 0.0383603 5.6764284 3.7009652 4.3418365 4.9165721 0.0383177 0.0384606 0.0404879 0.0383052 0.0292725 0.0272110 0.0144802 0.0405028 0.0383052 0.0124057 0.0404879 0.0405769 0.0404915 0.0405028 0.0384606 1.2588648 0.4453807 0.0020524 0.0293370 
OM037668_Megalocytivirus_lates1_SDDV                     1.2580920 1.2588648 0.0000000 1.2588648 1.2648034 1.2609413 5.2772991 4.1011831 4.1756139 5.0887530 1.2580920 1.2889136 1.2613756 1.2855424 1.2737126 1.2679216 1.2659686 1.2576374 1.2855424 1.2648034 1.2613756 1.2623795 1.2614335 1.2576374 1.2889136 0.0000010 1.3367513 1.2538880 1.2701971 
AY894343_Megalocytivirus_pagrus1_RSIV                    0.0383177 0.0000010 1.2588648 0.0000000 0.0124057 0.0383603 5.6764284 3.7009652 4.3418365 4.9165721 0.0383177 0.0384606 0.0404879 0.0383052 0.0292725 0.0272110 0.0144802 0.0405028 0.0383052 0.0124057 0.0404879 0.0405769 0.0404915 0.0405028 0.0384606 1.2588648 0.4453807 0.0020524 0.0293370 
BD143114_Megalocytivirus_pagrus1_RSIV                    0.0428107 0.0124057 1.2648034 0.0124057 0.0000000 0.0428592 5.6764284 3.7009652 4.3418365 4.9165721 0.0428107 0.0429719 0.0449976 0.0427974 0.0294164 0.0229922 0.0020511 0.0450142 0.0427974 0.0000010 0.0449976 0.0450967 0.0450016 0.0450142 0.0429719 1.2648034 0.4341262 0.0145281 0.0251104 
OR536350_Megalocytivirus_pagrus1_ISKNV                   0.0020517 0.0383603 1.2609413 0.0383603 0.0428592 0.0000000 6.0232578 3.8024723 4.3784507 4.9648401 0.0020517 0.0124764 0.0041076 0.0103584 0.0492482 0.0471594 0.0450232 0.0041092 0.0103584 0.0428592 0.0041076 0.0041166 0.0041080 0.0041092 0.0124764 1.2609413 0.4407289 0.0406466 0.0493586 
HF920637_Iridovirus_armadillidium1_n/a                   5.9579923 5.6764284 5.2772991 5.6764284 5.6764284 6.0232578 0.0000000 1.0192793 2.5372662 2.5555458 5.9579923 5.9570514 5.9579923 5.9570514 5.7846309 5.7553671 5.6764284 5.9491560 5.9570514 5.6764284 5.9579923 5.9579923 5.9579923 5.9491560 5.9570514 5.2772991 6.0963367 5.6764284 5.7553671 
AF303741_Iridovirus_chilo1_n/a                           3.7623273 3.7009652 4.1011831 3.7009652 3.7009652 3.8024723 1.0192793 0.0000000 2.4373052 2.4282300 3.7623273 3.8814365 3.7623273 3.8814365 3.8535263 3.7502512 3.7009652 3.7351050 3.8814365 3.7009652 3.7623273 3.7623273 3.7623273 3.7351050 3.8814365 4.1011831 4.3796532 3.7009652 3.7502512 
HF920633_Chloriridovirus_simulium1_n/a                   4.3661089 4.3418365 4.1756139 4.3418365 4.3418365 4.3784507 2.5372662 2.4373052 0.0000000 0.6253503 4.3661089 4.3718811 4.3661089 4.3718811 4.2630015 4.3645022 4.3418365 4.3408006 4.3718811 4.3418365 4.3661089 4.3661089 4.3661089 4.3408006 4.3718811 4.1756139 4.2611194 4.3418365 4.3645022 
KF938901_Chloriridovirus_anopheles1_n/a                  4.9487244 4.9165721 5.0887530 4.9165721 4.9165721 4.9648401 2.5555458 2.4282300 0.6253503 0.0000000 4.9487244 4.9885261 4.9487244 4.9885261 4.7161305 4.9441601 4.9165721 4.9194183 4.9885261 4.9165721 4.9487244 4.9487244 4.9487244 4.9194183 4.9885261 5.0887530 4.7168132 4.9165721 4.9441601 
MW883600_Megalocytivirus_pagrus1_ISKNV                   0.0000010 0.0383177 1.2580920 0.0383177 0.0428107 0.0020517 5.9579923 3.7623273 4.3661089 4.9487244 0.0000000 0.0103750 0.0020496 0.0082685 0.0470038 0.0449173 0.0449720 0.0020503 0.0082685 0.0428107 0.0020496 0.0020540 0.0020497 0.0020503 0.0103750 1.2580920 0.4364054 0.0406010 0.0471090 
PP974677_Megalocytivirus_pagrus1_ISKNV                   0.0103750 0.0384606 1.2889136 0.0384606 0.0429719 0.0124764 5.9570514 3.8814365 4.3718811 4.9885261 0.0103750 0.0000000 0.0124630 0.0020559 0.0471810 0.0450865 0.0451417 0.0124676 0.0020559 0.0429719 0.0124630 0.0124902 0.0124641 0.0124676 0.0000010 1.2889136 0.4393262 0.0407533 0.0472871 
MW883603_Megalocytivirus_pagrus1_ISKNV                   0.0020496 0.0404879 1.2613756 0.0404879 0.0449976 0.0041076 5.9579923 3.7623273 4.3661089 4.9487244 0.0020496 0.0124630 0.0000000 0.0103474 0.0491907 0.0471045 0.0471621 0.0041048 0.0103474 0.0449976 0.0000010 0.0041122 0.0041037 0.0041048 0.0124630 1.2613756 0.4397495 0.0427817 0.0493009 
MN432490_Megalocytivirus_pagrus1_ISKNV                   0.0082685 0.0383052 1.2855424 0.0383052 0.0427974 0.0103584 5.9570514 3.8814365 4.3718811 4.9885261 0.0082685 0.0020559 0.0103474 0.0000000 0.0469899 0.0449036 0.0449584 0.0103512 0.0000010 0.0427974 0.0103474 0.0103698 0.0103483 0.0103512 0.0020559 1.2855424 0.4388925 0.0405881 0.0470951 
GQ273492_Megalocytivirus_pagrus1_TRBIV                   0.0470038 0.0292725 1.2737126 0.0292725 0.0294164 0.0492482 5.7846309 3.8535263 4.2630015 4.7161305 0.0470038 0.0471810 0.0491907 0.0469899 0.0000000 0.0145325 0.0315327 0.0492088 0.0469899 0.0294164 0.0491907 0.0492986 0.0471229 0.0492088 0.0471810 1.2737126 0.4377964 0.0293326 0.0166273 
MG570132_Megalocytivirus_pagrus1_TRBIV                   0.0449173 0.0272110 1.2679216 0.0272110 0.0229922 0.0471594 5.7553671 3.7502512 4.3645022 4.9441601 0.0449173 0.0450865 0.0471045 0.0449036 0.0145325 0.0000000 0.0250941 0.0471218 0.0449036 0.0229922 0.0471045 0.0472080 0.0450313 0.0471218 0.0450865 1.2679216 0.4334204 0.0272669 0.0020558 
MK098187_Megalocytivirus_pagrus1_RSIV                    0.0449720 0.0144802 1.2659686 0.0144802 0.0020511 0.0450232 5.6764284 3.7009652 4.3418365 4.9165721 0.0449720 0.0451417 0.0471621 0.0449584 0.0315327 0.0250941 0.0000000 0.0471795 0.0449584 0.0020511 0.0471621 0.0472659 0.0471663 0.0471795 0.0451417 1.2659686 0.4371848 0.0166113 0.0272156 
MW883602_Megalocytivirus_pagrus1_ISKNV                   0.0020503 0.0405028 1.2576374 0.0405028 0.0450142 0.0041092 5.9491560 3.7351050 4.3408006 4.9194183 0.0020503 0.0124676 0.0041048 0.0103512 0.0492088 0.0471218 0.0471795 0.0000000 0.0103512 0.0450142 0.0041048 0.0041137 0.0041052 0.0000010 0.0124676 1.2576374 0.4362077 0.0427975 0.0493190 
OP009387_Megalocytivirus_pagrus1_ISKNV                   0.0082685 0.0383052 1.2855424 0.0383052 0.0427974 0.0103584 5.9570514 3.8814365 4.3718811 4.9885261 0.0082685 0.0020559 0.0103474 0.0000010 0.0469899 0.0449036 0.0449584 0.0103512 0.0000000 0.0427974 0.0103474 0.0103698 0.0103483 0.0103512 0.0020559 1.2855424 0.4388925 0.0405881 0.0470951 
MK098186_Megalocytivirus_pagrus1_RSIV                    0.0428107 0.0124057 1.2648034 0.0124057 0.0000010 0.0428592 5.6764284 3.7009652 4.3418365 4.9165721 0.0428107 0.0429719 0.0449976 0.0427974 0.0294164 0.0229922 0.0020511 0.0450142 0.0427974 0.0000000 0.0449976 0.0450967 0.0450016 0.0450142 0.0429719 1.2648034 0.4341262 0.0145281 0.0251104 
MT128667_Megalocytivirus_pagrus1_ISKNV                   0.0020496 0.0404879 1.2613756 0.0404879 0.0449976 0.0041076 5.9579923 3.7623273 4.3661089 4.9487244 0.0020496 0.0124630 0.0000010 0.0103474 0.0491907 0.0471045 0.0471621 0.0041048 0.0103474 0.0449976 0.0000000 0.0041122 0.0041037 0.0041048 0.0124630 1.2613756 0.4397495 0.0427817 0.0493009 
MT926123_Megalocytivirus_pagrus1_ISKNV                   0.0020540 0.0405769 1.2623795 0.0405769 0.0450967 0.0041166 5.9579923 3.7623273 4.3661089 4.9487244 0.0020540 0.0124902 0.0041122 0.0103698 0.0492986 0.0472080 0.0472659 0.0041137 0.0103698 0.0450967 0.0041122 0.0000000 0.0041126 0.0041137 0.0124902 1.2623795 0.4408049 0.0428759 0.0494092 
MW883593_Megalocytivirus_pagrus1_ISKNV                   0.0020497 0.0404915 1.2614335 0.0404915 0.0450016 0.0041080 5.9579923 3.7623273 4.3661089 4.9487244 0.0020497 0.0124641 0.0041037 0.0103483 0.0471229 0.0450313 0.0471663 0.0041052 0.0103483 0.0450016 0.0041037 0.0041126 0.0000000 0.0041052 0.0124641 1.2614335 0.4379405 0.0427855 0.0472286 
MW273354_Megalocytivirus_pagrus1_ISKNV                   0.0020503 0.0405028 1.2576374 0.0405028 0.0450142 0.0041092 5.9491560 3.7351050 4.3408006 4.9194183 0.0020503 0.0124676 0.0041048 0.0103512 0.0492088 0.0471218 0.0471795 0.0000010 0.0103512 0.0450142 0.0041048 0.0041137 0.0041052 0.0000000 0.0124676 1.2576374 0.4362077 0.0427975 0.0493190 
PP151097_Megalocytivirus_pagrus1_ISKNV                   0.0103750 0.0384606 1.2889136 0.0384606 0.0429719 0.0124764 5.9570514 3.8814365 4.3718811 4.9885261 0.0103750 0.0000010 0.0124630 0.0020559 0.0471810 0.0450865 0.0451417 0.0124676 0.0020559 0.0429719 0.0124630 0.0124902 0.0124641 0.0124676 0.0000000 1.2889136 0.4393262 0.0407533 0.0472871 
MT521409_Megalocytivirus_lates1_SDDV                     1.2580920 1.2588648 0.0000010 1.2588648 1.2648034 1.2609413 5.2772991 4.1011831 4.1756139 5.0887530 1.2580920 1.2889136 1.2613756 1.2855424 1.2737126 1.2679216 1.2659686 1.2576374 1.2855424 1.2648034 1.2613756 1.2623795 1.2614335 1.2576374 1.2889136 0.0000000 1.3367513 1.2538880 1.2701971 
PQ335173_PQ335174_Threespine_stickleback_iridovirus_TSIV 0.4364054 0.4453807 1.3367513 0.4453807 0.4341262 0.4407289 6.0963367 4.3796532 4.2611194 4.7168132 0.4364054 0.4393262 0.4397495 0.4388925 0.4377964 0.4334204 0.4371848 0.4362077 0.4388925 0.4341262 0.4397495 0.4408049 0.4379405 0.4362077 0.4393262 1.3367513 0.0000000 0.4401397 0.4368436 
OK042109_Megalocytivirus_pagrus1_RSIV                    0.0406010 0.0020524 1.2538880 0.0020524 0.0145281 0.0406466 5.6764284 3.7009652 4.3418365 4.9165721 0.0406010 0.0407533 0.0427817 0.0405881 0.0293326 0.0272669 0.0166113 0.0427975 0.0405881 0.0145281 0.0427817 0.0428759 0.0427855 0.0427975 0.0407533 1.2538880 0.4401397 0.0000000 0.0293974 
MG570131_Megalocytivirus_pagrus1_TRBIV                   0.0471090 0.0293370 1.2701971 0.0293370 0.0251104 0.0493586 5.7553671 3.7502512 4.3645022 4.9441601 0.0471090 0.0472871 0.0493009 0.0470951 0.0166273 0.0020558 0.0272156 0.0493190 0.0470951 0.0251104 0.0493009 0.0494092 0.0472286 0.0493190 0.0472871 1.2701971 0.4368436 0.0293974 0.0000000 
