30
OK042108_Megalocytivirus_pagrus1_RSIV                    0.0000000 0.0753815 2.3315409 0.0753815 0.0778331 0.0758042 0.0019163 0.0000010 2.3315409 0.0000010 0.0780555 0.0318401 0.1202362 0.0318401 0.0000010 0.0918478 0.1202362 0.0758042 1.0599482 0.0280071 0.0918987 0.0117111 0.0280071 0.0479077 0.1009567 0.0918478 0.0778524 0.1093984 0.0918987 0.0778331 
NC_003494_Megalocytivirus_pagrus1_ISKNV                  0.0753815 0.0000000 2.4746854 0.0000010 0.0019972 0.0000010 0.0753815 0.0753815 2.4746854 0.0753815 0.0020037 0.0716573 0.0983045 0.0716573 0.0753815 0.0123199 0.0983045 0.0000010 1.0613776 0.0716573 0.0102213 0.0755639 0.0716573 0.0812185 0.0102213 0.0123199 0.0019983 0.0949491 0.0102213 0.0019972 
OM037668_Megalocytivirus_lates1_SDDV                     2.3315409 2.4746854 0.0000000 2.4746854 2.4823795 2.4579736 2.3315409 2.3315409 0.0000010 2.3315409 2.4754181 2.3536927 2.5189355 2.3536927 2.3315409 2.4457177 2.5189355 2.4579736 2.4918128 2.3536927 2.4432314 2.3388832 2.3536927 2.4234052 2.4432314 2.4457177 2.4698821 2.5183135 2.4432314 2.4823795 
MW883599_Megalocytivirus_pagrus1_ISKNV                   0.0753815 0.0000010 2.4746854 0.0000000 0.0019972 0.0000010 0.0753815 0.0753815 2.4746854 0.0753815 0.0020037 0.0716573 0.0983045 0.0716573 0.0753815 0.0123199 0.0983045 0.0000010 1.0613776 0.0716573 0.0102213 0.0755639 0.0716573 0.0812185 0.0102213 0.0123199 0.0019983 0.0949491 0.0102213 0.0019972 
OR670976_Megalocytivirus_pagrus1_ISKNV                   0.0778331 0.0019972 2.4823795 0.0019972 0.0000000 0.0020066 0.0778331 0.0778331 2.4823795 0.0778331 0.0040135 0.0741149 0.1008607 0.0741149 0.0778331 0.0143950 0.1008607 0.0020066 1.0684512 0.0741149 0.0122842 0.0780191 0.0741149 0.0837520 0.0122842 0.0143950 0.0040027 0.0974837 0.0122842 0.0000010 
MW273354_Megalocytivirus_pagrus1_ISKNV                   0.0758042 0.0000010 2.4579736 0.0000010 0.0020066 0.0000000 0.0758042 0.0758042 2.4579736 0.0758042 0.0020132 0.0720613 0.0958006 0.0720613 0.0758042 0.0123801 0.0958006 0.0000010 1.0542912 0.0720613 0.0102710 0.0759882 0.0720613 0.0816873 0.0102710 0.0123801 0.0020078 0.0866077 0.0102710 0.0020066 
OL774655_Megalocytivirus_pagrus1_RSIV                    0.0019163 0.0753815 2.3315409 0.0753815 0.0778331 0.0758042 0.0000000 0.0019163 2.3315409 0.0019421 0.0780555 0.0282703 0.1202362 0.0282703 0.0019421 0.0918478 0.1202362 0.0758042 1.0553252 0.0264623 0.0918987 0.0116559 0.0264623 0.0443761 0.1009196 0.0918478 0.0778524 0.1093984 0.0918987 0.0778331 
BD143114_Megalocytivirus_pagrus1_RSIV                    0.0000010 0.0753815 2.3315409 0.0753815 0.0778331 0.0758042 0.0019163 0.0000000 2.3315409 0.0000010 0.0780555 0.0318401 0.1202362 0.0318401 0.0000010 0.0918478 0.1202362 0.0758042 1.0599482 0.0280071 0.0918987 0.0117111 0.0280071 0.0479077 0.1009567 0.0918478 0.0778524 0.1093984 0.0918987 0.0778331 
MN562489_Megalocytivirus_lates1_SDDV                     2.3315409 2.4746854 0.0000010 2.4746854 2.4823795 2.4579736 2.3315409 2.3315409 0.0000000 2.3315409 2.4754181 2.3536927 2.5189355 2.3536927 2.3315409 2.4457177 2.5189355 2.4579736 2.4918128 2.3536927 2.4432314 2.3388832 2.3536927 2.4234052 2.4432314 2.4457177 2.4698821 2.5183135 2.4432314 2.4823795 
ON740976_Megalocytivirus_pagrus1_RSIV                    0.0000010 0.0753815 2.3315409 0.0753815 0.0778331 0.0758042 0.0019421 0.0000010 2.3315409 0.0000000 0.0780555 0.0302180 0.1162310 0.0302180 0.0000010 0.0867349 0.1162310 0.0758042 1.0452417 0.0263290 0.0867835 0.0118718 0.0263290 0.0464207 0.0938674 0.0867349 0.0778524 0.1093984 0.0867835 0.0778331 
MT926123_Megalocytivirus_pagrus1_ISKNV                   0.0780555 0.0020037 2.4754181 0.0020037 0.0040135 0.0020132 0.0780555 0.0780555 2.4754181 0.0780555 0.0000000 0.0743321 0.1011177 0.0743321 0.0780555 0.0144422 0.1011177 0.0020132 1.0618910 0.0743321 0.0123246 0.0782420 0.0743321 0.0839900 0.0123246 0.0144422 0.0040158 0.0977360 0.0123246 0.0040135 
KC244182_Megalocytivirus_pagrus1_RSIV                    0.0318401 0.0716573 2.3536927 0.0716573 0.0741149 0.0720613 0.0282703 0.0318401 2.3536927 0.0302180 0.0743321 0.0000000 0.1110705 0.0000010 0.0302180 0.0869164 0.1110705 0.0720613 1.0879910 0.0000010 0.0869656 0.0380523 0.0000010 0.0138215 0.0982502 0.0869164 0.0741353 0.1024302 0.0869656 0.0741149 
MG570131_Megalocytivirus_pagrus1_TRBIV                   0.1202362 0.0983045 2.5189355 0.0983045 0.1008607 0.0958006 0.1202362 0.1202362 2.5189355 0.1162310 0.1011177 0.1110705 0.0000000 0.1110705 0.1162310 0.1153563 0.0000010 0.0958006 1.0740812 0.1110705 0.1181313 0.1177933 0.1110705 0.1214191 0.1232342 0.1153563 0.1008686 0.0524083 0.1181313 0.1008607 
MK689686_Megalocytivirus_pagrus1_RSIV                    0.0318401 0.0716573 2.3536927 0.0716573 0.0741149 0.0720613 0.0282703 0.0318401 2.3536927 0.0302180 0.0743321 0.0000010 0.1110705 0.0000000 0.0302180 0.0869164 0.1110705 0.0720613 1.0879910 0.0000010 0.0869656 0.0380523 0.0000010 0.0138215 0.0982502 0.0869164 0.0741353 0.1024302 0.0869656 0.0741149 
ON743042_Megalocytivirus_pagrus1_RSIV                    0.0000010 0.0753815 2.3315409 0.0753815 0.0778331 0.0758042 0.0019421 0.0000010 2.3315409 0.0000010 0.0780555 0.0302180 0.1162310 0.0302180 0.0000000 0.0867349 0.1162310 0.0758042 1.0452417 0.0263290 0.0867835 0.0118718 0.0263290 0.0464207 0.0938674 0.0867349 0.0778524 0.1093984 0.0867835 0.0778331 
MW883595_Megalocytivirus_pagrus1_ISKNV                   0.0918478 0.0123199 2.4457177 0.0123199 0.0143950 0.0123801 0.0918478 0.0918478 2.4457177 0.0867349 0.0144422 0.0869164 0.1153563 0.0869164 0.0867349 0.0000000 0.1153563 0.0123801 1.1123792 0.0869164 0.0019768 0.0894601 0.0869164 0.0968622 0.0019768 0.0000010 0.0144030 0.0995456 0.0019768 0.0143950 
MG570132_Megalocytivirus_pagrus1_TRBIV                   0.1202362 0.0983045 2.5189355 0.0983045 0.1008607 0.0958006 0.1202362 0.1202362 2.5189355 0.1162310 0.1011177 0.1110705 0.0000010 0.1110705 0.1162310 0.1153563 0.0000000 0.0958006 1.0740812 0.1110705 0.1181313 0.1177933 0.1110705 0.1214191 0.1232342 0.1153563 0.1008686 0.0524083 0.1181313 0.1008607 
MW883594_Megalocytivirus_pagrus1_ISKNV                   0.0758042 0.0000010 2.4579736 0.0000010 0.0020066 0.0000010 0.0758042 0.0758042 2.4579736 0.0758042 0.0020132 0.0720613 0.0958006 0.0720613 0.0758042 0.0123801 0.0958006 0.0000000 1.0542912 0.0720613 0.0102710 0.0759882 0.0720613 0.0816873 0.0102710 0.0123801 0.0020078 0.0866077 0.0102710 0.0020066 
PQ335173_PQ335174_Threespine_stickleback_iridovirus_TSIV 1.0599482 1.0613776 2.4918128 1.0613776 1.0684512 1.0542912 1.0553252 1.0599482 2.4918128 1.0452417 1.0618910 1.0879910 1.0740812 1.0879910 1.0452417 1.1123792 1.0740812 1.0542912 0.0000000 1.0593070 1.1031477 1.0733659 1.0593070 1.1108175 1.1246699 1.1123792 1.0555495 1.0714290 1.1031477 1.0684512 
KT804738_Megalocytivirus_pagrus1_RSIV                    0.0280071 0.0716573 2.3536927 0.0716573 0.0741149 0.0720613 0.0264623 0.0280071 2.3536927 0.0263290 0.0743321 0.0000010 0.1110705 0.0000010 0.0263290 0.0869164 0.1110705 0.0720613 1.0593070 0.0000000 0.0869656 0.0342865 0.0000010 0.0139825 0.0989417 0.0869164 0.0741353 0.1024302 0.0869656 0.0741149 
PP974677_Megalocytivirus_pagrus1_ISKNV                   0.0918987 0.0102213 2.4432314 0.0102213 0.0122842 0.0102710 0.0918987 0.0918987 2.4432314 0.0867835 0.0123246 0.0869656 0.1181313 0.0869656 0.0867835 0.0019768 0.1181313 0.0102710 1.1031477 0.0869656 0.0000000 0.0920996 0.0869656 0.0969166 0.0000010 0.0019768 0.0122911 0.1022384 0.0000010 0.0122842 
OQ475017_Megalocytivirus_pagrus1_RSIV                    0.0117111 0.0755639 2.3388832 0.0755639 0.0780191 0.0759882 0.0116559 0.0117111 2.3388832 0.0118718 0.0782420 0.0380523 0.1177933 0.0380523 0.0118718 0.0894601 0.1177933 0.0759882 1.0733659 0.0342865 0.0920996 0.0000000 0.0342865 0.0544780 0.1011630 0.0894601 0.0780382 0.0963707 0.0920996 0.0780191 
OK042109_Megalocytivirus_pagrus1_RSIV                    0.0280071 0.0716573 2.3536927 0.0716573 0.0741149 0.0720613 0.0264623 0.0280071 2.3536927 0.0263290 0.0743321 0.0000010 0.1110705 0.0000010 0.0263290 0.0869164 0.1110705 0.0720613 1.0593070 0.0000010 0.0869656 0.0342865 0.0000000 0.0139825 0.0989417 0.0869164 0.0741353 0.1024302 0.0869656 0.0741149 
MW883598_Megalocytivirus_pagrus1_RSIV                    0.0479077 0.0812185 2.4234052 0.0812185 0.0837520 0.0816873 0.0443761 0.0479077 2.4234052 0.0464207 0.0839900 0.0138215 0.1214191 0.0138215 0.0464207 0.0968622 0.1214191 0.0816873 1.1108175 0.0139825 0.0969166 0.0544780 0.0139825 0.0000000 0.1083545 0.0968622 0.0837695 0.1126703 0.0969166 0.0837520 
PP151097_Megalocytivirus_pagrus1_ISKNV                   0.1009567 0.0102213 2.4432314 0.0102213 0.0122842 0.0102710 0.1009196 0.1009567 2.4432314 0.0938674 0.0123246 0.0982502 0.1232342 0.0982502 0.0938674 0.0019768 0.1232342 0.0102710 1.1246699 0.0989417 0.0000010 0.1011630 0.0989417 0.1083545 0.0000000 0.0019768 0.0122911 0.1047388 0.0000010 0.0122842 
MN432490_Megalocytivirus_pagrus1_ISKNV                   0.0918478 0.0123199 2.4457177 0.0123199 0.0143950 0.0123801 0.0918478 0.0918478 2.4457177 0.0867349 0.0144422 0.0869164 0.1153563 0.0869164 0.0867349 0.0000010 0.1153563 0.0123801 1.1123792 0.0869164 0.0019768 0.0894601 0.0869164 0.0968622 0.0019768 0.0000000 0.0144030 0.0995456 0.0019768 0.0143950 
MK689685_Megalocytivirus_pagrus1_ISKNV                   0.0778524 0.0019983 2.4698821 0.0019983 0.0040027 0.0020078 0.0778524 0.0778524 2.4698821 0.0778524 0.0040158 0.0741353 0.1008686 0.0741353 0.0778524 0.0144030 0.1008686 0.0020078 1.0555495 0.0741353 0.0122911 0.0780382 0.0741353 0.0837695 0.0122911 0.0144030 0.0000000 0.0974937 0.0122911 0.0040027 
GQ273492_Megalocytivirus_pagrus1_TRBIV                   0.1093984 0.0949491 2.5183135 0.0949491 0.0974837 0.0866077 0.1093984 0.1093984 2.5183135 0.1093984 0.0977360 0.1024302 0.0524083 0.1024302 0.1093984 0.0995456 0.0524083 0.0866077 1.0714290 0.1024302 0.1022384 0.0963707 0.1024302 0.1126703 0.1047388 0.0995456 0.0974937 0.0000000 0.1022384 0.0974837 
MT986830_Megalocytivirus_pagrus1_ISKNV                   0.0918987 0.0102213 2.4432314 0.0102213 0.0122842 0.0102710 0.0918987 0.0918987 2.4432314 0.0867835 0.0123246 0.0869656 0.1181313 0.0869656 0.0867835 0.0019768 0.1181313 0.0102710 1.1031477 0.0869656 0.0000010 0.0920996 0.0869656 0.0969166 0.0000010 0.0019768 0.0122911 0.1022384 0.0000000 0.0122842 
OQ513807_Megalocytivirus_pagrus1_ISKNV                   0.0778331 0.0019972 2.4823795 0.0019972 0.0000010 0.0020066 0.0778331 0.0778331 2.4823795 0.0778331 0.0040135 0.0741149 0.1008607 0.0741149 0.0778331 0.0143950 0.1008607 0.0020066 1.0684512 0.0741149 0.0122842 0.0780191 0.0741149 0.0837520 0.0122842 0.0143950 0.0040027 0.0974837 0.0122842 0.0000000 
