42
MT986830_Megalocytivirus_pagrus1_ISKNV                   0.0000000 0.0287352 0.0287352 0.0041850 0.0031351 0.0041820 0.0041845 1.7914817 0.9216670 1.9714933 0.4092684 0.0031351 0.0221766 2.4299816 0.0232383 0.0041873 0.0000010 0.0041870 0.0221766 0.0052325 0.0232383 0.0409340 1.8211246 1.8789756 0.9253856 0.0419267 0.0041845 1.8367890 0.0041850 0.0211153 2.3159511 0.0298243 0.0041850 0.0041845 0.0430823 0.0041832 0.0298243 3.3588918 0.0052325 2.3411442 0.9253856 2.4205636 
OL774653_Megalocytivirus_pagrus1_RSIV                    0.0287352 0.0000000 0.0000010 0.0309062 0.0298042 0.0308832 0.0309012 1.7639152 0.9294633 1.9659082 0.4223276 0.0298042 0.0211433 2.4605398 0.0222060 0.0309216 0.0287352 0.0309206 0.0211433 0.0319702 0.0222060 0.0482002 1.8414533 1.8898268 0.9332075 0.0458190 0.0309012 1.8152336 0.0309062 0.0200811 2.3063810 0.0010425 0.0309062 0.0309012 0.0469966 0.0308915 0.0010425 3.3163393 0.0319702 2.3586297 0.9332075 2.4315897 
MK098185_Megalocytivirus_pagrus1_RSIV                    0.0287352 0.0000010 0.0000000 0.0309062 0.0298042 0.0308832 0.0309012 1.7639152 0.9294633 1.9659082 0.4223276 0.0298042 0.0211433 2.4605398 0.0222060 0.0309216 0.0287352 0.0309206 0.0211433 0.0319702 0.0222060 0.0482002 1.8414533 1.8898268 0.9332075 0.0458190 0.0309012 1.8152336 0.0309062 0.0200811 2.3063810 0.0010425 0.0309062 0.0309012 0.0469966 0.0308915 0.0010425 3.3163393 0.0319702 2.3586297 0.9332075 2.4315897 
MK689685_Megalocytivirus_pagrus1_ISKNV                   0.0041850 0.0309062 0.0309062 0.0000000 0.0010435 0.0020879 0.0020891 1.7943277 0.9243310 1.9725133 0.4085563 0.0010435 0.0243216 2.4325997 0.0253853 0.0020905 0.0041850 0.0020903 0.0243216 0.0031340 0.0253853 0.0431466 1.8229554 1.8818053 0.9280577 0.0430467 0.0020891 1.8371107 0.0020894 0.0232584 2.3257998 0.0319986 0.0020894 0.0020891 0.0442056 0.0020884 0.0319986 3.3652781 0.0031340 2.3439622 0.9280577 2.4356048 
OP896201_Megalocytivirus_pagrus1_ISKNV                   0.0031351 0.0298042 0.0298042 0.0010435 0.0000000 0.0010427 0.0010433 1.7895467 0.9255035 1.9700594 0.4087746 0.0000010 0.0232363 2.4262659 0.0242985 0.0010440 0.0031351 0.0010439 0.0232363 0.0020869 0.0242985 0.0420170 1.8222001 1.8794130 0.9292330 0.0430078 0.0010433 1.8348513 0.0010435 0.0221746 2.3248917 0.0308944 0.0010435 0.0010433 0.0441656 0.0010430 0.0308944 3.3563809 0.0020869 2.3407942 0.9292330 2.4293870 
OR536350_Megalocytivirus_pagrus1_ISKNV                   0.0041820 0.0308832 0.0308832 0.0020879 0.0010427 0.0000000 0.0020876 1.7951512 0.9228368 1.9750492 0.4104838 0.0010427 0.0243038 2.4283699 0.0253667 0.0020890 0.0041820 0.0020888 0.0243038 0.0031318 0.0253667 0.0431140 1.8231153 1.8841598 0.9265603 0.0441033 0.0020876 1.8406255 0.0020879 0.0232414 2.3309175 0.0319748 0.0020879 0.0020876 0.0452635 0.0020869 0.0319748 3.3615422 0.0031318 2.3427771 0.9265603 2.4356250 
MW883596_Megalocytivirus_pagrus1_ISKNV                   0.0041845 0.0309012 0.0309012 0.0020891 0.0010433 0.0020876 0.0000000 1.7900418 0.9295819 1.9782212 0.4107813 0.0010433 0.0243179 2.4366133 0.0253814 0.0020902 0.0041845 0.0020900 0.0243179 0.0031336 0.0253814 0.0431393 1.8298268 1.8833241 0.9333219 0.0441292 0.0020888 1.8353792 0.0020891 0.0232548 2.3347113 0.0319935 0.0020891 0.0000010 0.0452902 0.0020881 0.0319935 3.3528398 0.0031336 2.3506267 0.9333219 2.4395465 
MN803438_Lymphocystivirus_micropogonias1_n/a             1.7914817 1.7639152 1.7639152 1.7943277 1.7895467 1.7951512 1.7900418 0.0000000 1.8637053 1.4335489 1.8807600 1.7895467 1.7857541 2.1052673 1.7864546 1.7898909 1.7914817 1.7963768 1.7857541 1.7911496 1.7864546 1.7986416 1.4393228 1.4934157 1.8656607 1.8298042 1.7971292 0.1482202 1.7911332 1.7840023 2.0108761 1.7704612 1.7911332 1.7900418 1.8280157 1.7898812 1.7704612 3.5972344 1.7911496 2.1194695 1.8656607 1.9554139 
OM037668_Megalocytivirus_lates1_SDDV                     0.9216670 0.9294633 0.9294633 0.9243310 0.9255035 0.9228368 0.9295819 1.8637053 0.0000000 1.9309169 0.9270684 0.9255035 0.9300643 2.5042548 0.9295796 0.9275623 0.9216670 0.9283683 0.9300643 0.9306701 0.9295796 0.9544493 1.8434053 1.9145596 0.0010552 0.9552568 0.9254859 1.8681119 0.9251841 0.9297051 2.2768435 0.9328763 0.9251841 0.9295819 0.9507899 0.9260948 0.9328763 3.7534028 0.9306701 2.3491211 0.0010552 2.2750947 
MF599468_Decapodiridovirus_litopenaeus1_n/a              1.9714933 1.9659082 1.9659082 1.9725133 1.9700594 1.9750492 1.9782212 1.4335489 1.9309169 0.0000000 2.1272597 1.9700594 1.9483571 1.6868091 1.9491035 1.9742712 1.9714933 1.9598750 1.9483571 1.9717165 1.9491035 1.9173132 1.6540480 1.5401828 1.9329242 1.9089701 1.9782212 1.4410945 1.9718750 1.9470296 1.5932367 1.9643604 1.9718750 1.9782212 1.9051830 1.9718928 1.9643604 3.9642917 1.9717165 1.6394850 1.9329242 1.6274464 
PQ335173_PQ335174_Threespine_stickleback_iridovirus_TSIV 0.4092684 0.4223276 0.4223276 0.4085563 0.4087746 0.4104838 0.4107813 1.8807600 0.9270684 2.1272597 0.0000000 0.4087746 0.4112784 2.5589550 0.4127381 0.4094094 0.4092684 0.4091185 0.4112784 0.4087351 0.4127381 0.4279717 1.9151484 1.9568828 0.9307805 0.4362543 0.4086892 1.9306757 0.4091988 0.4099667 2.4648811 0.4242598 0.4091988 0.4107813 0.4370712 0.4090257 0.4242598 3.6887003 0.4087351 2.4189179 0.9307805 2.4991865 
MW883599_Megalocytivirus_pagrus1_ISKNV                   0.0031351 0.0298042 0.0298042 0.0010435 0.0000010 0.0010427 0.0010433 1.7895467 0.9255035 1.9700594 0.4087746 0.0000000 0.0232363 2.4262659 0.0242985 0.0010440 0.0031351 0.0010439 0.0232363 0.0020869 0.0242985 0.0420170 1.8222001 1.8794130 0.9292330 0.0430078 0.0010433 1.8348513 0.0010435 0.0221746 2.3248917 0.0308944 0.0010435 0.0010433 0.0441656 0.0010430 0.0308944 3.3563809 0.0020869 2.3407942 0.9292330 2.4293870 
MK689686_Megalocytivirus_pagrus1_RSIV                    0.0221766 0.0211433 0.0211433 0.0243216 0.0232363 0.0243038 0.0243179 1.7857541 0.9300643 1.9483571 0.4112784 0.0232363 0.0000000 2.4391195 0.0010410 0.0243339 0.0221766 0.0243329 0.0000010 0.0253780 0.0010410 0.0420468 1.8167930 1.8635499 0.9337990 0.0419084 0.0243179 1.8313615 0.0243216 0.0010410 2.3163224 0.0222189 0.0243216 0.0243179 0.0430636 0.0243103 0.0222189 3.3577155 0.0253780 2.3509270 0.9337990 2.4339836 
HF920637_Iridovirus_armadillidium1_n/a                   2.4299816 2.4605398 2.4605398 2.4325997 2.4262659 2.4283699 2.4366133 2.1052673 2.5042548 1.6868091 2.5589550 2.4262659 2.4391195 0.0000000 2.4400606 2.4315741 2.4299816 2.4188368 2.4391195 2.4281924 2.4400606 2.4345471 2.4710677 2.4238230 2.5068127 2.4259727 2.4273562 2.1232617 2.4325997 2.4369804 1.2863147 2.4595247 2.4325997 2.4366133 2.3991927 2.4265370 2.4595247 4.2714321 2.4281924 0.7359837 2.5068127 1.3617642 
OK042109_Megalocytivirus_pagrus1_RSIV                    0.0232383 0.0222060 0.0222060 0.0253853 0.0242985 0.0253667 0.0253814 1.7864546 0.9295796 1.9491035 0.4127381 0.0242985 0.0010410 2.4400606 0.0000000 0.0253981 0.0232383 0.0253971 0.0010410 0.0264419 0.0000010 0.0431337 1.8179136 1.8655448 0.9333171 0.0429924 0.0253814 1.8320806 0.0253853 0.0020826 2.3172120 0.0232827 0.0253853 0.0253814 0.0441497 0.0253735 0.0232827 3.3598255 0.0264419 2.3511851 0.9333171 2.4349020 
MW883602_Megalocytivirus_pagrus1_ISKNV                   0.0041873 0.0309216 0.0309216 0.0020905 0.0010440 0.0020890 0.0020902 1.7898909 0.9275623 1.9742712 0.4094094 0.0010440 0.0243339 2.4315741 0.0253981 0.0000000 0.0041873 0.0020915 0.0243339 0.0031357 0.0253981 0.0431675 1.8279464 1.8833819 0.9312982 0.0441579 0.0020902 1.8351777 0.0020905 0.0232702 2.3299415 0.0320145 0.0020905 0.0020902 0.0453196 0.0020896 0.0320145 3.3472503 0.0031357 2.3458489 0.9312982 2.4345985 
MW883595_Megalocytivirus_pagrus1_ISKNV                   0.0000010 0.0287352 0.0287352 0.0041850 0.0031351 0.0041820 0.0041845 1.7914817 0.9216670 1.9714933 0.4092684 0.0031351 0.0221766 2.4299816 0.0232383 0.0041873 0.0000000 0.0041870 0.0221766 0.0052325 0.0232383 0.0409340 1.8211246 1.8789756 0.9253856 0.0419267 0.0041845 1.8367890 0.0041850 0.0211153 2.3159511 0.0298243 0.0041850 0.0041845 0.0430823 0.0041832 0.0298243 3.3588918 0.0052325 2.3411442 0.9253856 2.4205636 
MW273353_Megalocytivirus_pagrus1_ISKNV                   0.0041870 0.0309206 0.0309206 0.0020903 0.0010439 0.0020888 0.0020900 1.7963768 0.9283683 1.9598750 0.4091185 0.0010439 0.0243329 2.4188368 0.0253971 0.0020915 0.0041870 0.0000000 0.0243329 0.0031355 0.0253971 0.0431670 1.8170165 1.8865137 0.9321104 0.0441574 0.0020900 1.8362699 0.0020903 0.0232692 2.3123627 0.0320136 0.0020903 0.0020900 0.0453192 0.0020894 0.0320136 3.3645002 0.0031355 2.3502701 0.9321104 2.4346640 
AP017456_Megalocytivirus_pagrus1_RSIV                    0.0221766 0.0211433 0.0211433 0.0243216 0.0232363 0.0243038 0.0243179 1.7857541 0.9300643 1.9483571 0.4112784 0.0232363 0.0000010 2.4391195 0.0010410 0.0243339 0.0221766 0.0243329 0.0000000 0.0253780 0.0010410 0.0420468 1.8167930 1.8635499 0.9337990 0.0419084 0.0243179 1.8313615 0.0243216 0.0010410 2.3163224 0.0222189 0.0243216 0.0243179 0.0430636 0.0243103 0.0222189 3.3577155 0.0253780 2.3509270 0.9337990 2.4339836 
OQ513807_Megalocytivirus_pagrus1_ISKNV                   0.0052325 0.0319702 0.0319702 0.0031340 0.0020869 0.0031318 0.0031336 1.7911496 0.9306701 1.9717165 0.4087351 0.0020869 0.0253780 2.4281924 0.0264419 0.0031357 0.0052325 0.0031355 0.0253780 0.0000000 0.0264419 0.0442210 1.8237999 1.8810225 0.9344101 0.0452089 0.0031336 1.8364805 0.0031340 0.0243147 2.3267538 0.0330635 0.0031340 0.0031336 0.0463719 0.0031326 0.0330635 3.3587908 0.0000010 2.3426534 0.9344101 2.4312775 
MT798582_Megalocytivirus_pagrus1_RSIV                    0.0232383 0.0222060 0.0222060 0.0253853 0.0242985 0.0253667 0.0253814 1.7864546 0.9295796 1.9491035 0.4127381 0.0242985 0.0010410 2.4400606 0.0000010 0.0253981 0.0232383 0.0253971 0.0010410 0.0264419 0.0000000 0.0431337 1.8179136 1.8655448 0.9333171 0.0429924 0.0253814 1.8320806 0.0253853 0.0020826 2.3172120 0.0232827 0.0253853 0.0253814 0.0441497 0.0253735 0.0232827 3.3598255 0.0264419 2.3511851 0.9333171 2.4349020 
GQ273492_Megalocytivirus_pagrus1_TRBIV                   0.0409340 0.0482002 0.0482002 0.0431466 0.0420170 0.0431140 0.0431393 1.7986416 0.9544493 1.9173132 0.4279717 0.0420170 0.0420468 2.4345471 0.0431337 0.0431675 0.0409340 0.0431670 0.0420468 0.0442210 0.0431337 0.0000000 1.8618360 1.9265873 0.9582328 0.0211175 0.0431393 1.8394934 0.0431466 0.0409603 2.2817847 0.0493341 0.0431466 0.0431393 0.0222154 0.0431255 0.0493341 3.3931530 0.0442210 2.3704474 0.9582328 2.4270462 
AY521625_Ranavirus_epinephelus1_n/a                      1.8211246 1.8414533 1.8414533 1.8229554 1.8222001 1.8231153 1.8298268 1.4393228 1.8434053 1.6540480 1.9151484 1.8222001 1.8167930 2.4710677 1.8179136 1.8279464 1.8211246 1.8170165 1.8167930 1.8237999 1.8179136 1.8618360 0.0000000 0.4676290 1.8497138 1.8535332 1.8272921 1.4144797 1.8242386 1.8155305 2.0766257 1.8482151 1.8242386 1.8298268 1.8575513 1.8221920 1.8482151 3.9602425 1.8237999 2.2335981 1.8497138 2.1516186 
NC_005946_Ranavirus_rana1_n/a                            1.8789756 1.8898268 1.8898268 1.8818053 1.8794130 1.8841598 1.8833241 1.4934157 1.9145596 1.5401828 1.9568828 1.8794130 1.8635499 2.4238230 1.8655448 1.8833819 1.8789756 1.8865137 1.8635499 1.8810225 1.8655448 1.9265873 0.4676290 0.0000000 1.9210769 1.9069437 1.8805202 1.5080948 1.8824347 1.8622727 2.0992866 1.8967152 1.8824347 1.8833241 1.9116080 1.8800888 1.8967152 3.7974486 1.8810225 2.2374491 1.9210769 2.1102286 
MN562489_Megalocytivirus_lates1_SDDV                     0.9253856 0.9332075 0.9332075 0.9280577 0.9292330 0.9265603 0.9333219 1.8656607 0.0010552 1.9329242 0.9307805 0.9292330 0.9337990 2.5068127 0.9333171 0.9312982 0.9253856 0.9321104 0.9337990 0.9344101 0.9333171 0.9582328 1.8497138 1.9210769 0.0000000 0.9590396 0.9292171 1.8717387 0.9289149 0.9334387 2.2697454 0.9366295 0.9289149 0.9333219 0.9545623 0.9298259 0.9366295 3.7469587 0.9344101 2.3515404 0.0000010 2.2826276 
MG570131_Megalocytivirus_pagrus1_TRBIV                   0.0419267 0.0458190 0.0458190 0.0430467 0.0430078 0.0441033 0.0441292 1.8298042 0.9552568 1.9089701 0.4362543 0.0430078 0.0419084 2.4259727 0.0429924 0.0441579 0.0419267 0.0441574 0.0419084 0.0452089 0.0429924 0.0211175 1.8535332 1.9069437 0.9590396 0.0000000 0.0441292 1.8614712 0.0441367 0.0408249 2.2793637 0.0469471 0.0441367 0.0441292 0.0052273 0.0441150 0.0469471 3.3435619 0.0452089 2.3643636 0.9590396 2.4013750 
MW883603_Megalocytivirus_pagrus1_ISKNV                   0.0041845 0.0309012 0.0309012 0.0020891 0.0010433 0.0020876 0.0020888 1.7971292 0.9254859 1.9782212 0.4086892 0.0010433 0.0243179 2.4273562 0.0253814 0.0020902 0.0041845 0.0020900 0.0243179 0.0031336 0.0253814 0.0431393 1.8272921 1.8805202 0.9292171 0.0441292 0.0000000 1.8426415 0.0020891 0.0232548 2.3259267 0.0319935 0.0020891 0.0020888 0.0452902 0.0020881 0.0319935 3.3581979 0.0031336 2.3303810 0.9292171 2.4304576 
KX643370_Lymphocystivirus_sparus1_n/a                    1.8367890 1.8152336 1.8152336 1.8371107 1.8348513 1.8406255 1.8353792 0.1482202 1.8681119 1.4410945 1.9306757 1.8348513 1.8313615 2.1232617 1.8320806 1.8351777 1.8367890 1.8362699 1.8313615 1.8364805 1.8320806 1.8394934 1.4144797 1.5080948 1.8717387 1.8614712 1.8426415 0.0000000 1.8365092 1.8295785 2.0163292 1.8220066 1.8365092 1.8353792 1.8544554 1.8351837 1.8220066 3.5756730 1.8364805 2.0930364 1.8717387 1.9717495 
23043610005_Megalocytivirus_pagrus1_ISKNV                0.0041850 0.0309062 0.0309062 0.0020894 0.0010435 0.0020879 0.0020891 1.7911332 0.9251841 1.9718750 0.4091988 0.0010435 0.0243216 2.4325997 0.0253853 0.0020905 0.0041850 0.0020903 0.0243216 0.0031340 0.0253853 0.0431466 1.8242386 1.8824347 0.9289149 0.0441367 0.0020891 1.8365092 0.0000000 0.0232584 2.3274681 0.0319986 0.0000010 0.0020891 0.0452979 0.0020884 0.0319986 3.3606969 0.0031340 2.3433787 0.9289149 2.4320829 
MW883598_Megalocytivirus_pagrus1_RSIV                    0.0211153 0.0200811 0.0200811 0.0232584 0.0221746 0.0232414 0.0232548 1.7840023 0.9297051 1.9470296 0.4099667 0.0221746 0.0010410 2.4369804 0.0020826 0.0232702 0.0211153 0.0232692 0.0010410 0.0243147 0.0020826 0.0409603 1.8155305 1.8622727 0.9334387 0.0408249 0.0232548 1.8295785 0.0232584 0.0000000 2.3142709 0.0211555 0.0232584 0.0232548 0.0419778 0.0232476 0.0211555 3.3545707 0.0243147 2.3500325 0.9334387 2.4318949 
KF938901_Chloriridovirus_anopheles1_n/a                  2.3159511 2.3063810 2.3063810 2.3257998 2.3248917 2.3309175 2.3347113 2.0108761 2.2768435 1.5932367 2.4648811 2.3248917 2.3163224 1.2863147 2.3172120 2.3299415 2.3159511 2.3123627 2.3163224 2.3267538 2.3172120 2.2817847 2.0766257 2.0992866 2.2697454 2.2793637 2.3259267 2.0163292 2.3274681 2.3142709 0.0000000 2.3054286 2.3274681 2.3347113 2.2680624 2.3252223 2.3054286 3.5684094 2.3267538 1.4595340 2.2697454 0.4468307 
MK098186_Megalocytivirus_pagrus1_RSIV                    0.0298243 0.0010425 0.0010425 0.0319986 0.0308944 0.0319748 0.0319935 1.7704612 0.9328763 1.9643604 0.4242598 0.0308944 0.0222189 2.4595247 0.0232827 0.0320145 0.0298243 0.0320136 0.0222189 0.0330635 0.0232827 0.0493341 1.8482151 1.8967152 0.9366295 0.0469471 0.0319935 1.8220066 0.0319986 0.0211555 2.3054286 0.0000000 0.0319986 0.0319935 0.0481277 0.0319834 0.0000010 3.3130326 0.0330635 2.3641442 0.9366295 2.4306090 
23043610003_Megalocytivirus_pagrus1_ISKNV                0.0041850 0.0309062 0.0309062 0.0020894 0.0010435 0.0020879 0.0020891 1.7911332 0.9251841 1.9718750 0.4091988 0.0010435 0.0243216 2.4325997 0.0253853 0.0020905 0.0041850 0.0020903 0.0243216 0.0031340 0.0253853 0.0431466 1.8242386 1.8824347 0.9289149 0.0441367 0.0020891 1.8365092 0.0000010 0.0232584 2.3274681 0.0319986 0.0000000 0.0020891 0.0452979 0.0020884 0.0319986 3.3606969 0.0031340 2.3433787 0.9289149 2.4320829 
MW883597_Megalocytivirus_pagrus1_ISKNV                   0.0041845 0.0309012 0.0309012 0.0020891 0.0010433 0.0020876 0.0000010 1.7900418 0.9295819 1.9782212 0.4107813 0.0010433 0.0243179 2.4366133 0.0253814 0.0020902 0.0041845 0.0020900 0.0243179 0.0031336 0.0253814 0.0431393 1.8298268 1.8833241 0.9333219 0.0441292 0.0020888 1.8353792 0.0020891 0.0232548 2.3347113 0.0319935 0.0020891 0.0000000 0.0452902 0.0020881 0.0319935 3.3528398 0.0031336 2.3506267 0.9333219 2.4395465 
MG570132_Megalocytivirus_pagrus1_TRBIV                   0.0430823 0.0469966 0.0469966 0.0442056 0.0441656 0.0452635 0.0452902 1.8280157 0.9507899 1.9051830 0.4370712 0.0441656 0.0430636 2.3991927 0.0441497 0.0453196 0.0430823 0.0453192 0.0430636 0.0463719 0.0441497 0.0222154 1.8575513 1.9116080 0.9545623 0.0052273 0.0452902 1.8544554 0.0452979 0.0419778 2.2680624 0.0481277 0.0452979 0.0452902 0.0000000 0.0452756 0.0481277 3.3816661 0.0463719 2.3593541 0.9545623 2.3942464 
MW883600_Megalocytivirus_pagrus1_ISKNV                   0.0041832 0.0308915 0.0308915 0.0020884 0.0010430 0.0020869 0.0020881 1.7898812 0.9260948 1.9718928 0.4090257 0.0010430 0.0243103 2.4265370 0.0253735 0.0020896 0.0041832 0.0020894 0.0243103 0.0031326 0.0253735 0.0431255 1.8221920 1.8800888 0.9298259 0.0441150 0.0020881 1.8351837 0.0020884 0.0232476 2.3252223 0.0319834 0.0020884 0.0020881 0.0452756 0.0000000 0.0319834 3.3610841 0.0031326 2.3403248 0.9298259 2.4297258 
MK098187_Megalocytivirus_pagrus1_RSIV                    0.0298243 0.0010425 0.0010425 0.0319986 0.0308944 0.0319748 0.0319935 1.7704612 0.9328763 1.9643604 0.4242598 0.0308944 0.0222189 2.4595247 0.0232827 0.0320145 0.0298243 0.0320136 0.0222189 0.0330635 0.0232827 0.0493341 1.8482151 1.8967152 0.9366295 0.0469471 0.0319935 1.8220066 0.0319986 0.0211555 2.3054286 0.0000010 0.0319986 0.0319935 0.0481277 0.0319834 0.0000000 3.3130326 0.0330635 2.3641442 0.9366295 2.4306090 
LS484712_Daphniairidovirus_daphnia1_n/a                  3.3588918 3.3163393 3.3163393 3.3652781 3.3563809 3.3615422 3.3528398 3.5972344 3.7534028 3.9642917 3.6887003 3.3563809 3.3577155 4.2714321 3.3598255 3.3472503 3.3588918 3.3645002 3.3577155 3.3587908 3.3598255 3.3931530 3.9602425 3.7974486 3.7469587 3.3435619 3.3581979 3.5756730 3.3606969 3.3545707 3.5684094 3.3130326 3.3606969 3.3528398 3.3816661 3.3610841 3.3130326 0.0000000 3.3587908 3.7028721 3.7469587 3.6158454 
OR670976_Megalocytivirus_pagrus1_ISKNV                   0.0052325 0.0319702 0.0319702 0.0031340 0.0020869 0.0031318 0.0031336 1.7911496 0.9306701 1.9717165 0.4087351 0.0020869 0.0253780 2.4281924 0.0264419 0.0031357 0.0052325 0.0031355 0.0253780 0.0000010 0.0264419 0.0442210 1.8237999 1.8810225 0.9344101 0.0452089 0.0031336 1.8364805 0.0031340 0.0243147 2.3267538 0.0330635 0.0031340 0.0031336 0.0463719 0.0031326 0.0330635 3.3587908 0.0000000 2.3426534 0.9344101 2.4312775 
AF303741_Iridovirus_chilo1_n/a                           2.3411442 2.3586297 2.3586297 2.3439622 2.3407942 2.3427771 2.3506267 2.1194695 2.3491211 1.6394850 2.4189179 2.3407942 2.3509270 0.7359837 2.3511851 2.3458489 2.3411442 2.3502701 2.3509270 2.3426534 2.3511851 2.3704474 2.2335981 2.2374491 2.3515404 2.3643636 2.3303810 2.0930364 2.3433787 2.3500325 1.4595340 2.3641442 2.3433787 2.3506267 2.3593541 2.3403248 2.3641442 3.7028721 2.3426534 0.0000000 2.3515404 1.4636927 
MT521409_Megalocytivirus_lates1_SDDV                     0.9253856 0.9332075 0.9332075 0.9280577 0.9292330 0.9265603 0.9333219 1.8656607 0.0010552 1.9329242 0.9307805 0.9292330 0.9337990 2.5068127 0.9333171 0.9312982 0.9253856 0.9321104 0.9337990 0.9344101 0.9333171 0.9582328 1.8497138 1.9210769 0.0000010 0.9590396 0.9292171 1.8717387 0.9289149 0.9334387 2.2697454 0.9366295 0.9289149 0.9333219 0.9545623 0.9298259 0.9366295 3.7469587 0.9344101 2.3515404 0.0000000 2.2826276 
HF920633_Chloriridovirus_simulium1_n/a                   2.4205636 2.4315897 2.4315897 2.4356048 2.4293870 2.4356250 2.4395465 1.9554139 2.2750947 1.6274464 2.4991865 2.4293870 2.4339836 1.3617642 2.4349020 2.4345985 2.4205636 2.4346640 2.4339836 2.4312775 2.4349020 2.4270462 2.1516186 2.1102286 2.2826276 2.4013750 2.4304576 1.9717495 2.4320829 2.4318949 0.4468307 2.4306090 2.4320829 2.4395465 2.3942464 2.4297258 2.4306090 3.6158454 2.4312775 1.4636927 2.2826276 0.0000000 
