13
ON743042_Megalocytivirus_pagrus1_RSIV                    0.0000000 0.0121637 0.0264405 0.0000010 0.0714822 0.0121637 2.2524002 0.0264405 1.0529787 0.0683002 2.2524002 0.0273207 0.0714822 
BD143114_Megalocytivirus_pagrus1_RSIV                    0.0121637 0.0000000 0.0126963 0.0121637 0.0553106 0.0000010 2.3176033 0.0126963 1.0493023 0.0523313 2.3176033 0.0279225 0.0553106 
MT128667_Megalocytivirus_pagrus1_ISKNV                   0.0264405 0.0126963 0.0000000 0.0264405 0.0525090 0.0126963 2.3062689 0.0000010 1.0467831 0.0496959 2.3062689 0.0127718 0.0525090 
ON740976_Megalocytivirus_pagrus1_RSIV                    0.0000010 0.0121637 0.0264405 0.0000000 0.0714822 0.0121637 2.2524002 0.0264405 1.0529787 0.0683002 2.2524002 0.0273207 0.0714822 
MG570132_Megalocytivirus_pagrus1_TRBIV                   0.0714822 0.0553106 0.0525090 0.0714822 0.0000000 0.0553106 2.3154855 0.0525090 1.0471090 0.0248688 2.3154855 0.0710401 0.0000010 
MK098186_Megalocytivirus_pagrus1_RSIV                    0.0121637 0.0000010 0.0126963 0.0121637 0.0553106 0.0000000 2.3176033 0.0126963 1.0493023 0.0523313 2.3176033 0.0279225 0.0553106 
MN562489_Megalocytivirus_lates1_SDDV                     2.2524002 2.3176033 2.3062689 2.2524002 2.3154855 2.3176033 0.0000000 2.3062689 3.3514573 2.3767193 0.0000010 2.3161366 2.3154855 
23043610005_Megalocytivirus_pagrus1_ISKNV                0.0264405 0.0126963 0.0000010 0.0264405 0.0525090 0.0126963 2.3062689 0.0000000 1.0467831 0.0496959 2.3062689 0.0127718 0.0525090 
PQ335173_PQ335174_Threespine_stickleback_iridovirus_TSIV 1.0529787 1.0493023 1.0467831 1.0529787 1.0471090 1.0493023 3.3514573 1.0467831 0.0000000 0.9572460 3.3514573 1.0491915 1.0471090 
GQ273492_Megalocytivirus_pagrus1_TRBIV                   0.0683002 0.0523313 0.0496959 0.0683002 0.0248688 0.0523313 2.3767193 0.0496959 0.9572460 0.0000000 2.3767193 0.0678766 0.0248688 
MT521409_Megalocytivirus_lates1_SDDV                     2.2524002 2.3176033 2.3062689 2.2524002 2.3154855 2.3176033 0.0000010 2.3062689 3.3514573 2.3767193 0.0000000 2.3161366 2.3154855 
MT926123_Megalocytivirus_pagrus1_ISKNV                   0.0273207 0.0279225 0.0127718 0.0273207 0.0710401 0.0279225 2.3161366 0.0127718 1.0491915 0.0678766 2.3161366 0.0000000 0.0710401 
MG570131_Megalocytivirus_pagrus1_TRBIV                   0.0714822 0.0553106 0.0525090 0.0714822 0.0000010 0.0553106 2.3154855 0.0525090 1.0471090 0.0248688 2.3154855 0.0710401 0.0000000 
