20
MW883594_Megalocytivirus_pagrus1_ISKNV                   0.0000000 0.0000010 0.2825289 0.0809443 0.2825289 0.4298281 0.4298281 0.4636708 0.0804667 0.4032542 0.0047629 0.0047020 0.0047020 0.4260525 0.2640672 0.0047629 0.4636708 0.0047032 2.9887285 0.0047220 
MW883603_Megalocytivirus_pagrus1_ISKNV                   0.0000010 0.0000000 0.2825289 0.0809443 0.2825289 0.4298281 0.4298281 0.4636708 0.0804667 0.4032542 0.0047629 0.0047020 0.0047020 0.4260525 0.2640672 0.0047629 0.4636708 0.0047032 2.9887285 0.0047220 
MK098185_Megalocytivirus_pagrus1_RSIV                    0.2825289 0.2825289 0.0000000 0.3173375 0.0000010 0.2747386 0.2747386 0.4461790 0.3173375 0.1975843 0.2928468 0.2889834 0.2889834 0.3801385 0.0000010 0.2928468 0.4461790 0.2882840 3.0388646 0.2741990 
MW883595_Megalocytivirus_pagrus1_ISKNV                   0.0809443 0.0809443 0.3173375 0.0000000 0.3173375 0.4503746 0.4503746 0.4879152 0.0000010 0.4204203 0.0872345 0.0861199 0.0861199 0.4444486 0.2776208 0.0872345 0.4879152 0.0755339 3.1322835 0.0753809 
MW139932_Megalocytivirus_pagrus1_RSIV                    0.2825289 0.2825289 0.0000010 0.3173375 0.0000000 0.2747386 0.2747386 0.4461790 0.3173375 0.1975843 0.2928468 0.2889834 0.2889834 0.3801385 0.0000010 0.2928468 0.4461790 0.2882840 3.0388646 0.2741990 
ON075463_Megalocytivirus_pagrus1_RSIV                    0.4298281 0.4298281 0.2747386 0.4503746 0.2747386 0.0000000 0.0000010 0.6423404 0.4503746 0.0500280 0.4435409 0.4374404 0.4374404 0.5861068 0.1140419 0.4435409 0.6423404 0.4376192 2.7539298 0.4188775 
MW883598_Megalocytivirus_pagrus1_RSIV                    0.4298281 0.4298281 0.2747386 0.4503746 0.2747386 0.0000010 0.0000000 0.6423404 0.4503746 0.0500280 0.4435409 0.4374404 0.4374404 0.5861068 0.1140419 0.4435409 0.6423404 0.4376192 2.7539298 0.4188775 
MG570132_Megalocytivirus_pagrus1_TRBIV                   0.4636708 0.4636708 0.4461790 0.4879152 0.4461790 0.6423404 0.6423404 0.0000000 0.4879152 0.6415843 0.4514363 0.4714341 0.4714341 0.1173445 0.4186016 0.4514363 0.0000010 0.4716141 3.2567549 0.4522700 
MN432490_Megalocytivirus_pagrus1_ISKNV                   0.0804667 0.0804667 0.3173375 0.0000010 0.3173375 0.4503746 0.4503746 0.4879152 0.0000000 0.4204203 0.0867129 0.0856110 0.0856110 0.4444486 0.2776208 0.0867129 0.4879152 0.0750904 3.2175407 0.0749393 
OK042108_Megalocytivirus_pagrus1_RSIV                    0.4032542 0.4032542 0.1975843 0.4204203 0.1975843 0.0500280 0.0500280 0.6415843 0.4204203 0.0000000 0.4164108 0.4106908 0.4106908 0.5848294 0.0510399 0.4164108 0.6415843 0.4108648 2.9057310 0.3927448 
OR670976_Megalocytivirus_pagrus1_ISKNV                   0.0047629 0.0047629 0.2928468 0.0872345 0.2928468 0.4435409 0.4435409 0.4514363 0.0867129 0.4164108 0.0000000 0.0095383 0.0095383 0.4144826 0.2752807 0.0000010 0.4514363 0.0095407 2.9887285 0.0095796 
MW883601_Megalocytivirus_pagrus1_ISKNV                   0.0047020 0.0047020 0.2889834 0.0861199 0.2889834 0.4374404 0.4374404 0.4714341 0.0856110 0.4106908 0.0095383 0.0000000 0.0000010 0.4335450 0.2712041 0.0095383 0.4714341 0.0094192 2.9026394 0.0094571 
MT986830_Megalocytivirus_pagrus1_ISKNV                   0.0047020 0.0047020 0.2889834 0.0861199 0.2889834 0.4374404 0.4374404 0.4714341 0.0856110 0.4106908 0.0095383 0.0000010 0.0000000 0.4335450 0.2712041 0.0095383 0.4714341 0.0094192 2.9026394 0.0094571 
GQ273492_Megalocytivirus_pagrus1_TRBIV                   0.4260525 0.4260525 0.3801385 0.4444486 0.3801385 0.5861068 0.5861068 0.1173445 0.4444486 0.5848294 0.4144826 0.4335450 0.4335450 0.0000000 0.3603386 0.4144826 0.1173445 0.4337210 3.2281884 0.4153080 
OQ475017_Megalocytivirus_pagrus1_RSIV                    0.2640672 0.2640672 0.0000010 0.2776208 0.0000010 0.1140419 0.1140419 0.4186016 0.2776208 0.0510399 0.2752807 0.2712041 0.2712041 0.3603386 0.0000000 0.2752807 0.4186016 0.2703125 3.0388646 0.2550092 
OQ513807_Megalocytivirus_pagrus1_ISKNV                   0.0047629 0.0047629 0.2928468 0.0872345 0.2928468 0.4435409 0.4435409 0.4514363 0.0867129 0.4164108 0.0000010 0.0095383 0.0095383 0.4144826 0.2752807 0.0000000 0.4514363 0.0095407 2.9887285 0.0095796 
MG570131_Megalocytivirus_pagrus1_TRBIV                   0.4636708 0.4636708 0.4461790 0.4879152 0.4461790 0.6423404 0.6423404 0.0000010 0.4879152 0.6415843 0.4514363 0.4714341 0.4714341 0.1173445 0.4186016 0.4514363 0.0000000 0.4716141 3.2567549 0.4522700 
MW883602_Megalocytivirus_pagrus1_ISKNV                   0.0047032 0.0047032 0.2882840 0.0755339 0.2882840 0.4376192 0.4376192 0.4716141 0.0750904 0.4108648 0.0095407 0.0094192 0.0094192 0.4337210 0.2703125 0.0095407 0.4716141 0.0000000 2.9887285 0.0094595 
PQ335173_PQ335174_Threespine_stickleback_iridovirus_TSIV 2.9887285 2.9887285 3.0388646 3.1322835 3.0388646 2.7539298 2.7539298 3.2567549 3.2175407 2.9057310 2.9887285 2.9026394 2.9026394 3.2281884 3.0388646 2.9887285 3.2567549 2.9887285 0.0000000 3.0360658 
MW883600_Megalocytivirus_pagrus1_ISKNV                   0.0047220 0.0047220 0.2741990 0.0753809 0.2741990 0.4188775 0.4188775 0.4522700 0.0749393 0.3927448 0.0095796 0.0094571 0.0094571 0.4153080 0.2550092 0.0095796 0.4522700 0.0094595 3.0360658 0.0000000 
