27
MW883601_Megalocytivirus_pagrus1_ISKNV                   0.0000000 0.0916341 0.0788246 0.0022142 0.0888665 0.0888665 0.0000010 0.0180229 0.0022142 0.0180229 1.2092593 0.0788246 0.0022165 0.0632517 0.0915591 0.0915591 0.0632517 0.1054656 0.0022235 0.0785483 0.0044407 0.0785483 0.0044407 0.0813514 0.0022165 0.0658053 0.0658053 
OK042108_Megalocytivirus_pagrus1_RSIV                    0.0916341 0.0000000 0.0866961 0.0941071 0.0022070 0.0022070 0.0916341 0.0866146 0.0909588 0.0866146 1.2161244 0.0866961 0.0942112 0.0390299 0.0044282 0.0044282 0.0390299 0.0157605 0.0945329 0.0990930 0.0915874 0.0990930 0.0915874 0.0633773 0.0942112 0.0414572 0.0414572 
OL774655_Megalocytivirus_pagrus1_RSIV                    0.0788246 0.0866961 0.0000000 0.0812673 0.0839550 0.0839550 0.0788246 0.0733049 0.0800589 0.0733049 1.2701502 0.0000010 0.0813564 0.0665917 0.0866244 0.0866244 0.0665917 0.1003944 0.0816320 0.0340915 0.0787871 0.0340915 0.0787871 0.0251541 0.0813564 0.0691870 0.0691870 
ON212400_Megalocytivirus_pagrus1_ISKNV                   0.0022142 0.0941071 0.0812673 0.0000000 0.0913285 0.0913285 0.0022142 0.0202903 0.0044317 0.0202903 1.2043813 0.0812673 0.0044362 0.0656407 0.0940300 0.0940300 0.0656407 0.1079887 0.0044502 0.0809826 0.0066658 0.0809826 0.0066658 0.0838024 0.0044362 0.0682033 0.0682033 
AY894343_Megalocytivirus_pagrus1_RSIV                    0.0888665 0.0022070 0.0839550 0.0913285 0.0000000 0.0000010 0.0888665 0.0838751 0.0882107 0.0838751 1.2064369 0.0839550 0.0914292 0.0365892 0.0022054 0.0022054 0.0365892 0.0134557 0.0917392 0.0962936 0.0888220 0.0962936 0.0888220 0.0607883 0.0914292 0.0389997 0.0389997 
KC244182_Megalocytivirus_pagrus1_RSIV                    0.0888665 0.0022070 0.0839550 0.0913285 0.0000010 0.0000000 0.0888665 0.0838751 0.0882107 0.0838751 1.2064369 0.0839550 0.0914292 0.0365892 0.0022054 0.0022054 0.0365892 0.0134557 0.0917392 0.0962936 0.0888220 0.0962936 0.0888220 0.0607883 0.0914292 0.0389997 0.0389997 
MW273354_Megalocytivirus_pagrus1_ISKNV                   0.0000010 0.0916341 0.0788246 0.0022142 0.0888665 0.0888665 0.0000000 0.0180229 0.0022142 0.0180229 1.2092593 0.0788246 0.0022165 0.0632517 0.0915591 0.0915591 0.0632517 0.1054656 0.0022235 0.0785483 0.0044407 0.0785483 0.0044407 0.0813514 0.0022165 0.0658053 0.0658053 
MT986830_Megalocytivirus_pagrus1_ISKNV                   0.0180229 0.0866146 0.0733049 0.0202903 0.0838751 0.0838751 0.0180229 0.0000000 0.0202903 0.0000010 1.2035392 0.0733049 0.0203114 0.0584480 0.0865439 0.0865439 0.0584480 0.1003109 0.0203764 0.0757819 0.0226082 0.0757819 0.0226082 0.0757915 0.0203114 0.0609800 0.0609800 
MW883594_Megalocytivirus_pagrus1_ISKNV                   0.0022142 0.0909588 0.0800589 0.0044317 0.0882107 0.0882107 0.0022142 0.0202903 0.0000000 0.0202903 1.2043813 0.0800589 0.0044362 0.0643516 0.0908847 0.0908847 0.0643516 0.1046937 0.0044502 0.0797765 0.0066658 0.0797765 0.0066658 0.0826049 0.0044362 0.0669291 0.0669291 
OP009387_Megalocytivirus_pagrus1_ISKNV                   0.0180229 0.0866146 0.0733049 0.0202903 0.0838751 0.0838751 0.0180229 0.0000010 0.0202903 0.0000000 1.2035392 0.0733049 0.0203114 0.0584480 0.0865439 0.0865439 0.0584480 0.1003109 0.0203764 0.0757819 0.0226082 0.0757819 0.0226082 0.0757915 0.0203114 0.0609800 0.0609800 
PQ335173_PQ335174_Threespine_stickleback_iridovirus_TSIV 1.2092593 1.2161244 1.2701502 1.2043813 1.2064369 1.2064369 1.2092593 1.2035392 1.2043813 1.2035392 0.0000000 1.2701502 1.2092641 1.2520375 1.2150935 1.2150935 1.2520375 1.2468654 1.2228303 1.2844535 1.2113670 1.2844535 1.2113670 1.2501465 1.2092641 1.2609684 1.2609684 
OL774654_Megalocytivirus_pagrus1_RSIV                    0.0788246 0.0866961 0.0000010 0.0812673 0.0839550 0.0839550 0.0788246 0.0733049 0.0800589 0.0733049 1.2701502 0.0000000 0.0813564 0.0665917 0.0866244 0.0866244 0.0665917 0.1003944 0.0816320 0.0340915 0.0787871 0.0340915 0.0787871 0.0251541 0.0813564 0.0691870 0.0691870 
KT781098_Megalocytivirus_pagrus1_ISKNV                   0.0022165 0.0942112 0.0813564 0.0044362 0.0914292 0.0914292 0.0022165 0.0203114 0.0044362 0.0203114 1.2092641 0.0813564 0.0000000 0.0657115 0.0941339 0.0941339 0.0657115 0.1081101 0.0044547 0.0810712 0.0066726 0.0810712 0.0066726 0.0838946 0.0000010 0.0682771 0.0682771 
MK098185_Megalocytivirus_pagrus1_RSIV                    0.0632517 0.0390299 0.0665917 0.0656407 0.0365892 0.0365892 0.0632517 0.0584480 0.0643516 0.0584480 1.2520375 0.0665917 0.0657115 0.0000000 0.0389997 0.0389997 0.0000010 0.0513424 0.0659294 0.0786161 0.0632244 0.0786161 0.0632244 0.0391992 0.0657115 0.0022207 0.0022207 
MT798582_Megalocytivirus_pagrus1_RSIV                    0.0915591 0.0044282 0.0866244 0.0940300 0.0022054 0.0022054 0.0915591 0.0865439 0.0908847 0.0865439 1.2150935 0.0866244 0.0941339 0.0389997 0.0000000 0.0000010 0.0389997 0.0157485 0.0944540 0.0990116 0.0915125 0.0990116 0.0915125 0.0633270 0.0941339 0.0414253 0.0414253 
ON075463_Megalocytivirus_pagrus1_RSIV                    0.0915591 0.0044282 0.0866244 0.0940300 0.0022054 0.0022054 0.0915591 0.0865439 0.0908847 0.0865439 1.2150935 0.0866244 0.0941339 0.0389997 0.0000010 0.0000000 0.0389997 0.0157485 0.0944540 0.0990116 0.0915125 0.0990116 0.0915125 0.0633270 0.0941339 0.0414253 0.0414253 
AB104413_Megalocytivirus_pagrus1_RSIV                    0.0632517 0.0390299 0.0665917 0.0656407 0.0365892 0.0365892 0.0632517 0.0584480 0.0643516 0.0584480 1.2520375 0.0665917 0.0657115 0.0000010 0.0389997 0.0389997 0.0000000 0.0513424 0.0659294 0.0786161 0.0632244 0.0786161 0.0632244 0.0391992 0.0657115 0.0022207 0.0022207 
MW883598_Megalocytivirus_pagrus1_RSIV                    0.1054656 0.0157605 0.1003944 0.1079887 0.0134557 0.0134557 0.1054656 0.1003109 0.1046937 0.1003109 1.2468654 0.1003944 0.1081101 0.0513424 0.0157485 0.0157485 0.0513424 0.0000000 0.1084843 0.1130653 0.1054074 0.1130653 0.1054074 0.0763719 0.1081101 0.0538482 0.0538482 
MW883599_Megalocytivirus_pagrus1_ISKNV                   0.0022235 0.0945329 0.0816320 0.0044502 0.0917392 0.0917392 0.0022235 0.0203764 0.0044502 0.0203764 1.2228303 0.0816320 0.0044547 0.0659294 0.0944540 0.0944540 0.0659294 0.1084843 0.0000000 0.0813438 0.0066937 0.0813438 0.0066937 0.0841794 0.0044547 0.0685042 0.0685042 
MG570132_Megalocytivirus_pagrus1_TRBIV                   0.0785483 0.0990930 0.0340915 0.0809826 0.0962936 0.0962936 0.0785483 0.0757819 0.0797765 0.0757819 1.2844535 0.0340915 0.0810712 0.0786161 0.0990116 0.0990116 0.0786161 0.1130653 0.0813438 0.0000000 0.0785111 0.0000010 0.0785111 0.0532850 0.0810712 0.0812549 0.0812549 
OQ513807_Megalocytivirus_pagrus1_ISKNV                   0.0044407 0.0915874 0.0787871 0.0066658 0.0888220 0.0888220 0.0044407 0.0226082 0.0066658 0.0226082 1.2113670 0.0787871 0.0066726 0.0632244 0.0915125 0.0915125 0.0632244 0.1054074 0.0066937 0.0785111 0.0000000 0.0785111 0.0000010 0.0813121 0.0066726 0.0657764 0.0657764 
MG570131_Megalocytivirus_pagrus1_TRBIV                   0.0785483 0.0990930 0.0340915 0.0809826 0.0962936 0.0962936 0.0785483 0.0757819 0.0797765 0.0757819 1.2844535 0.0340915 0.0810712 0.0786161 0.0990116 0.0990116 0.0786161 0.1130653 0.0813438 0.0000010 0.0785111 0.0000000 0.0785111 0.0532850 0.0810712 0.0812549 0.0812549 
OR670976_Megalocytivirus_pagrus1_ISKNV                   0.0044407 0.0915874 0.0787871 0.0066658 0.0888220 0.0888220 0.0044407 0.0226082 0.0066658 0.0226082 1.2113670 0.0787871 0.0066726 0.0632244 0.0915125 0.0915125 0.0632244 0.1054074 0.0066937 0.0785111 0.0000010 0.0785111 0.0000000 0.0813121 0.0066726 0.0657764 0.0657764 
OQ475017_Megalocytivirus_pagrus1_RSIV                    0.0813514 0.0633773 0.0251541 0.0838024 0.0607883 0.0607883 0.0813514 0.0757915 0.0826049 0.0757915 1.2501465 0.0251541 0.0838946 0.0391992 0.0633270 0.0633270 0.0391992 0.0763719 0.0841794 0.0532850 0.0813121 0.0532850 0.0813121 0.0000000 0.0838946 0.0416368 0.0416368 
MT926123_Megalocytivirus_pagrus1_ISKNV                   0.0022165 0.0942112 0.0813564 0.0044362 0.0914292 0.0914292 0.0022165 0.0203114 0.0044362 0.0203114 1.2092641 0.0813564 0.0000010 0.0657115 0.0941339 0.0941339 0.0657115 0.1081101 0.0044547 0.0810712 0.0066726 0.0810712 0.0066726 0.0838946 0.0000000 0.0682771 0.0682771 
MK098186_Megalocytivirus_pagrus1_RSIV                    0.0658053 0.0414572 0.0691870 0.0682033 0.0389997 0.0389997 0.0658053 0.0609800 0.0669291 0.0609800 1.2609684 0.0691870 0.0682771 0.0022207 0.0414253 0.0414253 0.0022207 0.0538482 0.0685042 0.0812549 0.0657764 0.0812549 0.0657764 0.0416368 0.0682771 0.0000000 0.0000010 
MK098187_Megalocytivirus_pagrus1_RSIV                    0.0658053 0.0414572 0.0691870 0.0682033 0.0389997 0.0389997 0.0658053 0.0609800 0.0669291 0.0609800 1.2609684 0.0691870 0.0682771 0.0022207 0.0414253 0.0414253 0.0022207 0.0538482 0.0685042 0.0812549 0.0657764 0.0812549 0.0657764 0.0416368 0.0682771 0.0000010 0.0000000 
