26
MN432490_Megalocytivirus_pagrus1_ISKNV                   0.0000000 2.3929741 0.0344941 0.0000010 0.9463971 0.0344942 0.0075328 0.0075328 0.0344941 2.8193101 2.4417172 0.0344942 2.8422815 3.1311121 2.4639469 0.9463971 2.8905068 0.0383089 0.3865820 0.0426701 0.0384012 0.0344055 3.0426210 0.0426701 2.3670539 0.0345047 
KX643370_Lymphocystivirus_sparus1_n/a                    2.3929741 0.0000000 2.4298370 2.3929741 2.3723472 2.4413506 2.3909701 2.3909701 2.4298370 2.0278933 1.2917163 2.4413506 2.4736380 2.5903304 0.0595905 2.3723472 2.2950395 2.4833555 2.7773250 2.4330813 2.4069070 2.4522502 2.4242110 2.4330813 1.1679507 2.4590600 
ON075463_Megalocytivirus_pagrus1_RSIV                    0.0344941 2.4298370 0.0000000 0.0344941 0.9268777 0.0075434 0.0345169 0.0345169 0.0000010 2.8635022 2.4519524 0.0075434 2.8844737 3.1070096 2.4760224 0.9268777 2.8807131 0.0189184 0.3826351 0.0118501 0.0037568 0.0151029 3.0053404 0.0118501 2.3928200 0.0151457 
PP151097_Megalocytivirus_pagrus1_ISKNV                   0.0000010 2.3929741 0.0344941 0.0000000 0.9463971 0.0344942 0.0075328 0.0075328 0.0344941 2.8193101 2.4417172 0.0344942 2.8422815 3.1311121 2.4639469 0.9463971 2.8905068 0.0383089 0.3865820 0.0426701 0.0384012 0.0344055 3.0426210 0.0426701 2.3670539 0.0345047 
OM037668_Megalocytivirus_lates1_SDDV                     0.9463971 2.3723472 0.9268777 0.9463971 0.0000000 0.9298412 0.9569990 0.9569990 0.9268777 2.7240928 2.3004167 0.9298412 2.8262131 3.3745488 2.3066391 0.0000010 2.9915153 0.9227590 1.1198281 0.9208831 0.9283642 0.9239769 3.1480807 0.9208831 2.0879267 0.9267898 
OL774655_Megalocytivirus_pagrus1_RSIV                    0.0344942 2.4413506 0.0075434 0.0344942 0.9298412 0.0000000 0.0345169 0.0345169 0.0075434 2.8710815 2.4636618 0.0000010 2.9194652 3.1217308 2.4877172 0.9298412 2.8436254 0.0189180 0.3865447 0.0075877 0.0113370 0.0151025 2.9653287 0.0075877 2.3983544 0.0151454 
OR356116_Megalocytivirus_pagrus1_ISKNV                   0.0075328 2.3909701 0.0345169 0.0075328 0.9569990 0.0345169 0.0000000 0.0000010 0.0345169 2.8171466 2.4458158 0.0345169 2.8436840 3.0878865 2.4619212 0.9569990 2.8529637 0.0383340 0.3873377 0.0426983 0.0384265 0.0344281 3.0052279 0.0426983 2.3658112 0.0345274 
MW883593_Megalocytivirus_pagrus1_ISKNV                   0.0075328 2.3909701 0.0345169 0.0075328 0.9569990 0.0345169 0.0000010 0.0000000 0.0345169 2.8171466 2.4458158 0.0345169 2.8436840 3.0878865 2.4619212 0.9569990 2.8529637 0.0383340 0.3873377 0.0426983 0.0384265 0.0344281 3.0052279 0.0426983 2.3658112 0.0345274 
AP017456_Megalocytivirus_pagrus1_RSIV                    0.0344941 2.4298370 0.0000010 0.0344941 0.9268777 0.0075434 0.0345169 0.0345169 0.0000000 2.8635022 2.4519524 0.0075434 2.8844737 3.1070096 2.4760224 0.9268777 2.8807131 0.0189184 0.3826351 0.0118501 0.0037568 0.0151029 3.0053404 0.0118501 2.3928200 0.0151457 
MF599468_Decapodiridovirus_litopenaeus1_n/a              2.8193101 2.0278933 2.8635022 2.8193101 2.7240928 2.8710815 2.8171466 2.8171466 2.8635022 0.0000000 2.0037221 2.8710815 2.5784560 2.3453594 2.0875179 2.7240928 2.2776187 2.8949449 3.2525238 2.8678365 2.8755595 2.8728985 2.5526212 2.8678365 1.9019585 2.8828243 
NC_005946_Ranavirus_rana1_n/a                            2.4417172 1.2917163 2.4519524 2.4417172 2.3004167 2.4636618 2.4458158 2.4458158 2.4519524 2.0037221 0.0000000 2.4636618 2.2911661 2.1401344 1.2351392 2.3004167 1.9991842 2.4282443 2.6545347 2.4602998 2.4518406 2.4103507 2.3491256 2.4602998 0.8382331 2.4184176 
OL774653_Megalocytivirus_pagrus1_RSIV                    0.0344942 2.4413506 0.0075434 0.0344942 0.9298412 0.0000010 0.0345169 0.0345169 0.0075434 2.8710815 2.4636618 0.0000000 2.9194652 3.1217308 2.4877172 0.9298412 2.8436254 0.0189180 0.3865447 0.0075877 0.0113370 0.0151025 2.9653287 0.0075877 2.3983544 0.0151454 
KF938901_Chloriridovirus_anopheles1_n/a                  2.8422815 2.4736380 2.8844737 2.8422815 2.8262131 2.9194652 2.8436840 2.8436840 2.8844737 2.5784560 2.2911661 2.9194652 0.0000000 1.7588203 2.4491256 2.8262131 1.6469268 2.8410307 3.0690040 2.9102337 2.8844737 2.8459154 0.2666085 2.9102337 2.4299165 2.8234489 
AF303741_Iridovirus_chilo1_n/a                           3.1311121 2.5903304 3.1070096 3.1311121 3.3745488 3.1217308 3.0878865 3.0878865 3.1070096 2.3453594 2.1401344 3.1217308 1.7588203 0.0000000 2.5875636 3.3745488 0.5156171 3.0519534 3.5507841 3.1446049 3.1281149 3.0526567 1.7716682 3.1446049 2.1279805 3.0788556 
MN803438_Lymphocystivirus_micropogonias1_n/a             2.4639469 0.0595905 2.4760224 2.4639469 2.3066391 2.4877172 2.4619212 2.4619212 2.4760224 2.0875179 1.2351392 2.4877172 2.4491256 2.5875636 0.0000000 2.3066391 2.2395676 2.5306732 2.7809178 2.4793866 2.4527149 2.4989173 2.4131652 2.4793866 1.1600763 2.5058109 
MT521409_Megalocytivirus_lates1_SDDV                     0.9463971 2.3723472 0.9268777 0.9463971 0.0000010 0.9298412 0.9569990 0.9569990 0.9268777 2.7240928 2.3004167 0.9298412 2.8262131 3.3745488 2.3066391 0.0000000 2.9915153 0.9227590 1.1198281 0.9208831 0.9283642 0.9239769 3.1480807 0.9208831 2.0879267 0.9267898 
HF920637_Iridovirus_armadillidium1_n/a                   2.8905068 2.2950395 2.8807131 2.8905068 2.9915153 2.8436254 2.8529637 2.8529637 2.8807131 2.2776187 1.9991842 2.8436254 1.6469268 0.5156171 2.2395676 2.9915153 0.0000000 2.8511453 3.1341285 2.8628831 2.8996992 2.8519189 1.7202160 2.8628831 2.1808547 2.8651761 
MG570131_Megalocytivirus_pagrus1_TRBIV                   0.0383089 2.4833555 0.0189184 0.0383089 0.9227590 0.0189180 0.0383340 0.0383340 0.0189184 2.8949449 2.4282443 0.0189180 2.8410307 3.0519534 2.5306732 0.9227590 2.8511453 0.0000000 0.3842654 0.0268047 0.0227460 0.0037450 2.9652417 0.0268047 2.3773358 0.0113120 
PQ335173_PQ335174_Threespine_stickleback_iridovirus_TSIV 0.3865820 2.7773250 0.3826351 0.3865820 1.1198281 0.3865447 0.3873377 0.3873377 0.3826351 3.2525238 2.6545347 0.3865447 3.0690040 3.5507841 2.7809178 1.1198281 3.1341285 0.3842654 0.0000000 0.3894508 0.3836684 0.3906490 3.2721832 0.3894508 2.5951533 0.3921590 
MK098186_Megalocytivirus_pagrus1_RSIV                    0.0426701 2.4330813 0.0118501 0.0426701 0.9208831 0.0075877 0.0426983 0.0426983 0.0118501 2.8678365 2.4602998 0.0075877 2.9102337 3.1446049 2.4793866 0.9208831 2.8628831 0.0268047 0.3894508 0.0000000 0.0158058 0.0229269 2.9541871 0.0000010 2.3901164 0.0229928 
AY894343_Megalocytivirus_pagrus1_RSIV                    0.0384012 2.4069070 0.0037568 0.0384012 0.9283642 0.0113370 0.0384265 0.0384265 0.0037568 2.8755595 2.4518406 0.0113370 2.8844737 3.1281149 2.4527149 0.9283642 2.8996992 0.0227460 0.3836684 0.0158058 0.0000000 0.0189151 3.0053404 0.0158058 2.3700890 0.0189689 
MG570132_Megalocytivirus_pagrus1_TRBIV                   0.0344055 2.4522502 0.0151029 0.0344055 0.9239769 0.0151025 0.0344281 0.0344281 0.0151029 2.8728985 2.4103507 0.0151025 2.8459154 3.0526567 2.4989173 0.9239769 2.8519189 0.0037450 0.3906490 0.0229269 0.0189151 0.0000000 2.9647610 0.0229269 2.3598816 0.0075255 
HF920633_Chloriridovirus_simulium1_n/a                   3.0426210 2.4242110 3.0053404 3.0426210 3.1480807 2.9653287 3.0052279 3.0052279 3.0053404 2.5526212 2.3491256 2.9653287 0.2666085 1.7716682 2.4131652 3.1480807 1.7202160 2.9652417 3.2721832 2.9541871 3.0053404 2.9647610 0.0000000 2.9541871 2.3732146 2.9407758 
MK098187_Megalocytivirus_pagrus1_RSIV                    0.0426701 2.4330813 0.0118501 0.0426701 0.9208831 0.0075877 0.0426983 0.0426983 0.0118501 2.8678365 2.4602998 0.0075877 2.9102337 3.1446049 2.4793866 0.9208831 2.8628831 0.0268047 0.3894508 0.0000010 0.0158058 0.0229269 2.9541871 0.0000000 2.3901164 0.0229928 
AY521625_Ranavirus_epinephelus1_n/a                      2.3670539 1.1679507 2.3928200 2.3670539 2.0879267 2.3983544 2.3658112 2.3658112 2.3928200 1.9019585 0.8382331 2.3983544 2.4299165 2.1279805 1.1600763 2.0879267 2.1808547 2.3773358 2.5951533 2.3901164 2.3700890 2.3598816 2.3732146 2.3901164 0.0000000 2.3602762 
GQ273492_Megalocytivirus_pagrus1_TRBIV                   0.0345047 2.4590600 0.0151457 0.0345047 0.9267898 0.0151454 0.0345274 0.0345274 0.0151457 2.8828243 2.4184176 0.0151454 2.8234489 3.0788556 2.5058109 0.9267898 2.8651761 0.0113120 0.3921590 0.0229928 0.0189689 0.0075255 2.9407758 0.0229928 2.3602762 0.0000000 
