18
KC244182_Megalocytivirus_pagrus1_RSIV                    0.0000000 0.1051421 0.1500844 0.1500844 1.6689528 0.0365444 0.0000010 0.1051421 0.0365444 0.1519643 0.8073685 0.0179381 1.6689528 0.1519643 0.1036114 0.1032839 0.1032839 0.1036114 
MW883595_Megalocytivirus_pagrus1_ISKNV                   0.1051421 0.0000000 0.0371330 0.0371330 1.7002896 0.1182313 0.1051421 0.0000010 0.1182313 0.0375648 0.8570818 0.0848356 1.7002896 0.0375648 0.0881614 0.1125748 0.1125748 0.0881614 
MK689685_Megalocytivirus_pagrus1_ISKNV                   0.1500844 0.0371330 0.0000000 0.0000010 1.6795015 0.1406762 0.1500844 0.0371330 0.1406762 0.0000010 0.9082007 0.1282310 1.6795015 0.0000010 0.1113553 0.1377112 0.1377112 0.1113553 
OR670976_Megalocytivirus_pagrus1_ISKNV                   0.1500844 0.0371330 0.0000010 0.0000000 1.6795015 0.1406762 0.1500844 0.0371330 0.1406762 0.0000010 0.9082007 0.1282310 1.6795015 0.0000010 0.1113553 0.1377112 0.1377112 0.1113553 
MN562489_Megalocytivirus_lates1_SDDV                     1.6689528 1.7002896 1.6795015 1.6795015 0.0000000 1.6105747 1.6689528 1.7002896 1.6105747 1.6433552 2.0312172 1.6664615 0.0000010 1.6433552 1.6635134 1.7292077 1.7292077 1.6635134 
ON743042_Megalocytivirus_pagrus1_RSIV                    0.0365444 0.1182313 0.1406762 0.1406762 1.6105747 0.0000000 0.0365444 0.1182313 0.0000010 0.1442382 0.7955209 0.0551058 1.6105747 0.1442382 0.0901588 0.1037802 0.1037802 0.0901588 
AP017456_Megalocytivirus_pagrus1_RSIV                    0.0000010 0.1051421 0.1500844 0.1500844 1.6689528 0.0365444 0.0000000 0.1051421 0.0365444 0.1519643 0.8073685 0.0179381 1.6689528 0.1519643 0.1036114 0.1032839 0.1032839 0.1036114 
OP009387_Megalocytivirus_pagrus1_ISKNV                   0.1051421 0.0000010 0.0371330 0.0371330 1.7002896 0.1182313 0.1051421 0.0000000 0.1182313 0.0375648 0.8570818 0.0848356 1.7002896 0.0375648 0.0881614 0.1125748 0.1125748 0.0881614 
BD143114_Megalocytivirus_pagrus1_RSIV                    0.0365444 0.1182313 0.1406762 0.1406762 1.6105747 0.0000010 0.0365444 0.1182313 0.0000000 0.1442382 0.7955209 0.0551058 1.6105747 0.1442382 0.0901588 0.1037802 0.1037802 0.0901588 
MW883597_Megalocytivirus_pagrus1_ISKNV                   0.1519643 0.0375648 0.0000010 0.0000010 1.6433552 0.1442382 0.1519643 0.0375648 0.1442382 0.0000000 0.9082007 0.1298159 1.6433552 0.0000010 0.1127660 0.1395384 0.1395384 0.1127660 
PQ335173_PQ335174_Threespine_stickleback_iridovirus_TSIV 0.8073685 0.8570818 0.9082007 0.9082007 2.0312172 0.7955209 0.8073685 0.8570818 0.7955209 0.9082007 0.0000000 0.7990613 2.0312172 0.9082007 0.7745849 0.7986947 0.7986947 0.7745849 
MW883598_Megalocytivirus_pagrus1_RSIV                    0.0179381 0.0848356 0.1282310 0.1282310 1.6664615 0.0551058 0.0179381 0.0848356 0.0551058 0.1298159 0.7990613 0.0000000 1.6664615 0.1298159 0.1028733 0.1138698 0.1138698 0.1028733 
MT521409_Megalocytivirus_lates1_SDDV                     1.6689528 1.7002896 1.6795015 1.6795015 0.0000010 1.6105747 1.6689528 1.7002896 1.6105747 1.6433552 2.0312172 1.6664615 0.0000000 1.6433552 1.6635134 1.7292077 1.7292077 1.6635134 
MW883596_Megalocytivirus_pagrus1_ISKNV                   0.1519643 0.0375648 0.0000010 0.0000010 1.6433552 0.1442382 0.1519643 0.0375648 0.1442382 0.0000010 0.9082007 0.1298159 1.6433552 0.0000000 0.1127660 0.1395384 0.1395384 0.1127660 
OK042109_Megalocytivirus_pagrus1_RSIV                    0.1036114 0.0881614 0.1113553 0.1113553 1.6635134 0.0901588 0.1036114 0.0881614 0.0901588 0.1127660 0.7745849 0.1028733 1.6635134 0.1127660 0.0000000 0.0508587 0.0508587 0.0000010 
MG570132_Megalocytivirus_pagrus1_TRBIV                   0.1032839 0.1125748 0.1377112 0.1377112 1.7292077 0.1037802 0.1032839 0.1125748 0.1037802 0.1395384 0.7986947 0.1138698 1.7292077 0.1395384 0.0508587 0.0000000 0.0000010 0.0508587 
MG570131_Megalocytivirus_pagrus1_TRBIV                   0.1032839 0.1125748 0.1377112 0.1377112 1.7292077 0.1037802 0.1032839 0.1125748 0.1037802 0.1395384 0.7986947 0.1138698 1.7292077 0.1395384 0.0508587 0.0000010 0.0000000 0.0508587 
GQ273492_Megalocytivirus_pagrus1_TRBIV                   0.1036114 0.0881614 0.1113553 0.1113553 1.6635134 0.0901588 0.1036114 0.0881614 0.0901588 0.1127660 0.7745849 0.1028733 1.6635134 0.1127660 0.0000010 0.0508587 0.0508587 0.0000000 
