16
AF371960_Megalocytivirus_pagrus1_ISKNV                   0.0000000 0.1210068 0.0049584 0.0000010 0.1273867 0.1273867 0.1210068 3.4373918 0.1782136 0.1621594 0.0049597 0.1214925 0.1782136 0.0200467 0.0049597 0.0200467 
MT798582_Megalocytivirus_pagrus1_RSIV                    0.1210068 0.0000000 0.1269541 0.1210068 0.0350251 0.0350251 0.0000010 3.3913076 0.1050748 0.0918326 0.1269526 0.0000010 0.1050748 0.1203786 0.1269526 0.1203786 
MW273354_Megalocytivirus_pagrus1_ISKNV                   0.0049584 0.1269541 0.0000000 0.0049584 0.1333740 0.1333740 0.1269541 3.4761081 0.1847191 0.1684898 0.0099442 0.1274659 0.1847191 0.0251215 0.0099442 0.0251215 
MW883606_Megalocytivirus_pagrus1_ISKNV                   0.0000010 0.1210068 0.0049584 0.0000000 0.1273867 0.1273867 0.1210068 3.4373918 0.1782136 0.1621594 0.0049597 0.1214925 0.1782136 0.0200467 0.0049597 0.0200467 
MK098187_Megalocytivirus_pagrus1_RSIV                    0.1273867 0.0350251 0.1333740 0.1273867 0.0000000 0.0000010 0.0350251 3.4675106 0.0986702 0.0928869 0.1333703 0.0351452 0.0986702 0.1267229 0.1333703 0.1267229 
MK098186_Megalocytivirus_pagrus1_RSIV                    0.1273867 0.0350251 0.1333740 0.1273867 0.0000010 0.0000000 0.0350251 3.4675106 0.0986702 0.0928869 0.1333703 0.0351452 0.0986702 0.1267229 0.1333703 0.1267229 
OK042109_Megalocytivirus_pagrus1_RSIV                    0.1210068 0.0000010 0.1269541 0.1210068 0.0350251 0.0350251 0.0000000 3.3913076 0.1050748 0.0918326 0.1269526 0.0000010 0.1050748 0.1203786 0.1269526 0.1203786 
PQ335173_PQ335174_Threespine_stickleback_iridovirus_TSIV 3.4373918 3.3913076 3.4761081 3.4373918 3.4675106 3.4675106 3.3913076 0.0000000 3.5117854 3.2227179 3.4389288 3.3913076 3.5117854 3.4436755 3.4389288 3.4436755 
MG570131_Megalocytivirus_pagrus1_TRBIV                   0.1782136 0.1050748 0.1847191 0.1782136 0.0986702 0.0986702 0.1050748 3.5117854 0.0000000 0.0709054 0.1846905 0.1054882 0.0000010 0.1719557 0.1846905 0.1719557 
GQ273492_Megalocytivirus_pagrus1_TRBIV                   0.1621594 0.0918326 0.1684898 0.1621594 0.0928869 0.0928869 0.0918326 3.2227179 0.0709054 0.0000000 0.1684707 0.0864331 0.0709054 0.1560686 0.1684707 0.1560686 
MW883594_Megalocytivirus_pagrus1_ISKNV                   0.0049597 0.1269526 0.0099442 0.0049597 0.1333703 0.1333703 0.1269526 3.4389288 0.1846905 0.1684707 0.0000000 0.1274642 0.1846905 0.0251268 0.0000010 0.0251268 
AP017456_Megalocytivirus_pagrus1_RSIV                    0.1214925 0.0000010 0.1274659 0.1214925 0.0351452 0.0351452 0.0000010 3.3913076 0.1054882 0.0864331 0.1274642 0.0000000 0.1054882 0.1208592 0.1274642 0.1208592 
MG570132_Megalocytivirus_pagrus1_TRBIV                   0.1782136 0.1050748 0.1847191 0.1782136 0.0986702 0.0986702 0.1050748 3.5117854 0.0000010 0.0709054 0.1846905 0.1054882 0.0000000 0.1719557 0.1846905 0.1719557 
MN432490_Megalocytivirus_pagrus1_ISKNV                   0.0200467 0.1203786 0.0251215 0.0200467 0.1267229 0.1267229 0.1203786 3.4436755 0.1719557 0.1560686 0.0251268 0.1208592 0.1719557 0.0000000 0.0251268 0.0000010 
MW883599_Megalocytivirus_pagrus1_ISKNV                   0.0049597 0.1269526 0.0099442 0.0049597 0.1333703 0.1333703 0.1269526 3.4389288 0.1846905 0.1684707 0.0000010 0.1274642 0.1846905 0.0251268 0.0000000 0.0251268 
MW883595_Megalocytivirus_pagrus1_ISKNV                   0.0200467 0.1203786 0.0251215 0.0200467 0.1267229 0.1267229 0.1203786 3.4436755 0.1719557 0.1560686 0.0251268 0.1208592 0.1719557 0.0000010 0.0251268 0.0000000 
