28
OP009387_Megalocytivirus_pagrus1_ISKNV                   0.0000000 0.0879113 0.0457977 0.0406306 0.1045198 0.1045198 0.1118945 0.1458065 0.0406306 0.0000010 0.0879113 0.0308279 0.0432669 2.7657455 0.0332196 0.0432109 0.1441494 0.0431097 0.1076909 0.1104587 0.0431553 0.0431097 0.1104587 0.1441494 0.0430661 0.0908189 0.0908189 0.0430661 
OK042108_Megalocytivirus_pagrus1_RSIV                    0.0879113 0.0000000 0.1141922 0.1109633 0.0393774 0.0393774 0.0827437 0.1406938 0.1109633 0.0879113 0.0000010 0.1087990 0.1143956 2.8108496 0.1115595 0.1142154 0.1442619 0.1138966 0.0420137 0.0445095 0.1140288 0.1138966 0.0445095 0.1442619 0.1115202 0.0023700 0.0023700 0.1115202 
MW273354_Megalocytivirus_pagrus1_ISKNV                   0.0457977 0.1141922 0.0000000 0.0045663 0.1234621 0.1234621 0.1366455 0.1598018 0.0045663 0.0457977 0.1141922 0.0138382 0.0068871 2.7266292 0.0161555 0.0068790 0.1634226 0.0068642 0.1267515 0.1295670 0.0068713 0.0068642 0.1295670 0.1634226 0.0068571 0.1172270 0.1172270 0.0068571 
MW883600_Megalocytivirus_pagrus1_ISKNV                   0.0406306 0.1109633 0.0045663 0.0000000 0.1201674 0.1201674 0.1332977 0.1530266 0.0000010 0.0406306 0.1109633 0.0091455 0.0022765 2.7063904 0.0114421 0.0022738 0.1565476 0.0022690 0.1234297 0.1262314 0.0022714 0.0022690 0.1262314 0.1565476 0.0022667 0.1139772 0.1139772 0.0022667 
OL774654_Megalocytivirus_pagrus1_RSIV                    0.1045198 0.0393774 0.1234621 0.1201674 0.0000000 0.0000010 0.1095730 0.1552152 0.1201674 0.1045198 0.0393774 0.1237972 0.1236893 2.7996626 0.1265884 0.1234913 0.1627190 0.1231422 0.0023594 0.0047219 0.1232859 0.1231422 0.0047219 0.1627190 0.1207620 0.0419526 0.0419526 0.1207620 
OL774655_Megalocytivirus_pagrus1_RSIV                    0.1045198 0.0393774 0.1234621 0.1201674 0.0000010 0.0000000 0.1095730 0.1552152 0.1201674 0.1045198 0.0393774 0.1237972 0.1236893 2.7996626 0.1265884 0.1234913 0.1627190 0.1231422 0.0023594 0.0047219 0.1232859 0.1231422 0.0047219 0.1627190 0.1207620 0.0419526 0.0419526 0.1207620 
OK042109_Megalocytivirus_pagrus1_RSIV                    0.1118945 0.0827437 0.1366455 0.1332977 0.1095730 0.1095730 0.0000000 0.0560162 0.1332977 0.1118945 0.0827437 0.1273887 0.1369055 2.8718959 0.1301588 0.1366841 0.1053946 0.1362956 0.1127783 0.1155612 0.1364540 0.1362956 0.1155612 0.1053946 0.1363050 0.0798373 0.0798373 0.1363050 
GQ273492_Megalocytivirus_pagrus1_TRBIV                   0.1458065 0.1406938 0.1598018 0.1530266 0.1552152 0.1552152 0.0560162 0.0000000 0.1530266 0.1458065 0.1406938 0.1501674 0.1567222 2.7985004 0.1529250 0.1564684 0.0851814 0.1560259 0.1587758 0.1617377 0.1562042 0.1560259 0.1617377 0.0851814 0.1560016 0.1439036 0.1439036 0.1560016 
MK689685_Megalocytivirus_pagrus1_ISKNV                   0.0406306 0.1109633 0.0045663 0.0000010 0.1201674 0.1201674 0.1332977 0.1530266 0.0000000 0.0406306 0.1109633 0.0091455 0.0022765 2.7063904 0.0114421 0.0022738 0.1565476 0.0022690 0.1234297 0.1262314 0.0022714 0.0022690 0.1262314 0.1565476 0.0022667 0.1139772 0.1139772 0.0022667 
PP151097_Megalocytivirus_pagrus1_ISKNV                   0.0000010 0.0879113 0.0457977 0.0406306 0.1045198 0.1045198 0.1118945 0.1458065 0.0406306 0.0000000 0.0879113 0.0308279 0.0432669 2.7657455 0.0332196 0.0432109 0.1441494 0.0431097 0.1076909 0.1104587 0.0431553 0.0431097 0.1104587 0.1441494 0.0430661 0.0908189 0.0908189 0.0430661 
KT804738_Megalocytivirus_pagrus1_RSIV                    0.0879113 0.0000010 0.1141922 0.1109633 0.0393774 0.0393774 0.0827437 0.1406938 0.1109633 0.0879113 0.0000000 0.1087990 0.1143956 2.8108496 0.1115595 0.1142154 0.1442619 0.1138966 0.0420137 0.0445095 0.1140288 0.1138966 0.0445095 0.1442619 0.1115202 0.0023700 0.0023700 0.1115202 
MT986830_Megalocytivirus_pagrus1_ISKNV                   0.0308279 0.1087990 0.0138382 0.0091455 0.1237972 0.1237972 0.1273887 0.1501674 0.0091455 0.0308279 0.1087990 0.0000000 0.0114973 2.7355498 0.0022712 0.0114836 0.1501662 0.0114588 0.1270885 0.1299044 0.0114706 0.0114588 0.1299044 0.1501662 0.0114470 0.1118189 0.1118189 0.0114470 
MW883594_Megalocytivirus_pagrus1_ISKNV                   0.0432669 0.1143956 0.0068871 0.0022765 0.1236893 0.1236893 0.1369055 0.1567222 0.0022765 0.0432669 0.1143956 0.0114973 0.0000000 2.7076320 0.0138073 0.0045725 0.1603060 0.0045628 0.1269877 0.1298104 0.0045675 0.0045628 0.1298104 0.1603060 0.0045580 0.1174380 0.1174380 0.0045580 
PQ335173_PQ335174_Threespine_stickleback_iridovirus_TSIV 2.7657455 2.8108496 2.7266292 2.7063904 2.7996626 2.7996626 2.8718959 2.7985004 2.7063904 2.7657455 2.8108496 2.7355498 2.7076320 0.0000000 2.7314116 2.7101442 2.8221789 2.7273741 2.8031342 2.8375254 2.7052004 2.7273741 2.8375254 2.8221789 2.7114677 2.8359428 2.8359428 2.7114677 
PP974677_Megalocytivirus_pagrus1_ISKNV                   0.0332196 0.1115595 0.0161555 0.0114421 0.1265884 0.1265884 0.1301588 0.1529250 0.0114421 0.0332196 0.1115595 0.0022712 0.0138073 2.7314116 0.0000000 0.0137909 0.1529413 0.0137610 0.1298926 0.1327119 0.0137751 0.0137610 0.1327119 0.1529413 0.0137468 0.1145879 0.1145879 0.0137468 
MW883593_Megalocytivirus_pagrus1_ISKNV                   0.0432109 0.1142154 0.0068790 0.0022738 0.1234913 0.1234913 0.1366841 0.1564684 0.0022738 0.0432109 0.1142154 0.0114836 0.0045725 2.7101442 0.0137909 0.0000000 0.1600431 0.0045575 0.1267830 0.1296006 0.0045622 0.0045575 0.1296006 0.1600431 0.0045528 0.1172521 0.1172521 0.0045528 
MG570132_Megalocytivirus_pagrus1_TRBIV                   0.1441494 0.1442619 0.1634226 0.1565476 0.1627190 0.1627190 0.1053946 0.0851814 0.1565476 0.1441494 0.1442619 0.1501662 0.1603060 2.8221789 0.1529413 0.1600431 0.0000000 0.1595854 0.1663855 0.1694171 0.1597695 0.1595854 0.1694171 0.0000010 0.1595536 0.1475331 0.1475331 0.1595536 
OQ513807_Megalocytivirus_pagrus1_ISKNV                   0.0431097 0.1138966 0.0068642 0.0022690 0.1231422 0.1231422 0.1362956 0.1560259 0.0022690 0.0431097 0.1138966 0.0114588 0.0045628 2.7273741 0.0137610 0.0045575 0.1595854 0.0000000 0.1264226 0.1292314 0.0045525 0.0000010 0.1292314 0.1595854 0.0045431 0.1169235 0.1169235 0.0045431 
OQ475017_Megalocytivirus_pagrus1_RSIV                    0.1076909 0.0420137 0.1267515 0.1234297 0.0023594 0.0023594 0.1127783 0.1587758 0.1234297 0.1076909 0.0420137 0.1270885 0.1269877 2.8031342 0.1298926 0.1267830 0.1663855 0.1264226 0.0000000 0.0071120 0.1265705 0.1264226 0.0071120 0.1663855 0.1240381 0.0446066 0.0446066 0.1240381 
MK098186_Megalocytivirus_pagrus1_RSIV                    0.1104587 0.0445095 0.1295670 0.1262314 0.0047219 0.0047219 0.1155612 0.1617377 0.1262314 0.1104587 0.0445095 0.1299044 0.1298104 2.8375254 0.1327119 0.1296006 0.1694171 0.1292314 0.0071120 0.0000000 0.1293827 0.1292314 0.0000010 0.1694171 0.1268499 0.0471114 0.0471114 0.1268499 
OR536350_Megalocytivirus_pagrus1_ISKNV                   0.0431553 0.1140288 0.0068713 0.0022714 0.1232859 0.1232859 0.1364540 0.1562042 0.0022714 0.0431553 0.1140288 0.0114706 0.0045675 2.7052004 0.0137751 0.0045622 0.1597695 0.0045525 0.1265705 0.1293827 0.0000000 0.0045525 0.1293827 0.1597695 0.0045477 0.1170594 0.1170594 0.0045477 
OR670976_Megalocytivirus_pagrus1_ISKNV                   0.0431097 0.1138966 0.0068642 0.0022690 0.1231422 0.1231422 0.1362956 0.1560259 0.0022690 0.0431097 0.1138966 0.0114588 0.0045628 2.7273741 0.0137610 0.0045575 0.1595854 0.0000010 0.1264226 0.1292314 0.0045525 0.0000000 0.1292314 0.1595854 0.0045431 0.1169235 0.1169235 0.0045431 
MK098187_Megalocytivirus_pagrus1_RSIV                    0.1104587 0.0445095 0.1295670 0.1262314 0.0047219 0.0047219 0.1155612 0.1617377 0.1262314 0.1104587 0.0445095 0.1299044 0.1298104 2.8375254 0.1327119 0.1296006 0.1694171 0.1292314 0.0071120 0.0000010 0.1293827 0.1292314 0.0000000 0.1694171 0.1268499 0.0471114 0.0471114 0.1268499 
MG570131_Megalocytivirus_pagrus1_TRBIV                   0.1441494 0.1442619 0.1634226 0.1565476 0.1627190 0.1627190 0.1053946 0.0851814 0.1565476 0.1441494 0.1442619 0.1501662 0.1603060 2.8221789 0.1529413 0.1600431 0.0000010 0.1595854 0.1663855 0.1694171 0.1597695 0.1595854 0.1694171 0.0000000 0.1595536 0.1475331 0.1475331 0.1595536 
23043610005_Megalocytivirus_pagrus1_ISKNV                0.0430661 0.1115202 0.0068571 0.0022667 0.1207620 0.1207620 0.1363050 0.1560016 0.0022667 0.0430661 0.1115202 0.0114470 0.0045580 2.7114677 0.0137468 0.0045528 0.1595536 0.0045431 0.1240381 0.1268499 0.0045477 0.0045431 0.1268499 0.1595536 0.0000000 0.1145465 0.1145465 0.0000010 
ON740976_Megalocytivirus_pagrus1_RSIV                    0.0908189 0.0023700 0.1172270 0.1139772 0.0419526 0.0419526 0.0798373 0.1439036 0.1139772 0.0908189 0.0023700 0.1118189 0.1174380 2.8359428 0.1145879 0.1172521 0.1475331 0.1169235 0.0446066 0.0471114 0.1170594 0.1169235 0.0471114 0.1475331 0.1145465 0.0000000 0.0000010 0.1145465 
ON075463_Megalocytivirus_pagrus1_RSIV                    0.0908189 0.0023700 0.1172270 0.1139772 0.0419526 0.0419526 0.0798373 0.1439036 0.1139772 0.0908189 0.0023700 0.1118189 0.1174380 2.8359428 0.1145879 0.1172521 0.1475331 0.1169235 0.0446066 0.0471114 0.1170594 0.1169235 0.0471114 0.1475331 0.1145465 0.0000010 0.0000000 0.1145465 
23043610003_Megalocytivirus_pagrus1_ISKNV                0.0430661 0.1115202 0.0068571 0.0022667 0.1207620 0.1207620 0.1363050 0.1560016 0.0022667 0.0430661 0.1115202 0.0114470 0.0045580 2.7114677 0.0137468 0.0045528 0.1595536 0.0045431 0.1240381 0.1268499 0.0045477 0.0045431 0.1268499 0.1595536 0.0000010 0.1145465 0.1145465 0.0000000 
