17
MW883597_Megalocytivirus_pagrus1_ISKNV                   0.0000000 0.0000010 0.1264421 0.0021367 0.1419483 0.1213729 0.1419483 0.1377258 0.1213729 0.1390450 1.2309213 0.0000010 0.1282370 0.0575294 0.0599461 0.1119459 0.0000010 
PP151097_Megalocytivirus_pagrus1_ISKNV                   0.0000010 0.0000000 0.1264421 0.0021367 0.1419483 0.1213729 0.1419483 0.1377258 0.1213729 0.1390450 1.2309213 0.0000010 0.1282370 0.0575294 0.0599461 0.1119459 0.0000010 
GQ273492_Megalocytivirus_pagrus1_TRBIV                   0.1264421 0.1264421 0.0000000 0.1292907 0.1497148 0.1536207 0.1497148 0.0567949 0.1536207 0.0594732 1.2396968 0.1267301 0.1486769 0.1422509 0.1395574 0.1497062 0.1267301 
MW883603_Megalocytivirus_pagrus1_ISKNV                   0.0021367 0.0021367 0.1292907 0.0000000 0.1449121 0.1242548 0.1449121 0.1405908 0.1242548 0.1419267 1.2422307 0.0021407 0.1311109 0.0600105 0.0624320 0.1149139 0.0021407 
MK098187_Megalocytivirus_pagrus1_RSIV                    0.1419483 0.1419483 0.1497148 0.1449121 0.0000000 0.0431932 0.0000010 0.1896333 0.0431932 0.1913365 1.2914705 0.1419483 0.0088886 0.1630093 0.1602765 0.0453185 0.1419483 
MT798582_Megalocytivirus_pagrus1_RSIV                    0.1213729 0.1213729 0.1536207 0.1242548 0.0431932 0.0000000 0.0431932 0.1839767 0.0000010 0.1856445 1.3223571 0.1213729 0.0556683 0.1446661 0.1474662 0.0000010 0.1213729 
MK098185_Megalocytivirus_pagrus1_RSIV                    0.1419483 0.1419483 0.1497148 0.1449121 0.0000010 0.0431932 0.0000000 0.1896333 0.0431932 0.1913365 1.2914705 0.1419483 0.0088886 0.1630093 0.1602765 0.0453185 0.1419483 
MG570132_Megalocytivirus_pagrus1_TRBIV                   0.1377258 0.1377258 0.0567949 0.1405908 0.1896333 0.1839767 0.1896333 0.0000000 0.1839767 0.0021768 1.2408567 0.1377258 0.1863076 0.1688997 0.1661996 0.1841906 0.1377258 
KT804738_Megalocytivirus_pagrus1_RSIV                    0.1213729 0.1213729 0.1536207 0.1242548 0.0431932 0.0000010 0.0431932 0.1839767 0.0000000 0.1856445 1.3223571 0.1213729 0.0556683 0.1446661 0.1474662 0.0000010 0.1213729 
MG570131_Megalocytivirus_pagrus1_TRBIV                   0.1390450 0.1390450 0.0594732 0.1419267 0.1913365 0.1856445 0.1913365 0.0021768 0.1856445 0.0000000 1.2408567 0.1390450 0.1879919 0.1704191 0.1677072 0.1859426 0.1390450 
PQ335173_PQ335174_Threespine_stickleback_iridovirus_TSIV 1.2309213 1.2309213 1.2396968 1.2422307 1.2914705 1.3223571 1.2914705 1.2408567 1.3223571 1.2408567 0.0000000 1.2309213 1.2788673 1.2454337 1.2384933 1.3003838 1.2309213 
MW883599_Megalocytivirus_pagrus1_ISKNV                   0.0000010 0.0000010 0.1267301 0.0021407 0.1419483 0.1213729 0.1419483 0.1377258 0.1213729 0.1390450 1.2309213 0.0000000 0.1285313 0.0575294 0.0599461 0.1119459 0.0000010 
OQ475017_Megalocytivirus_pagrus1_RSIV                    0.1282370 0.1282370 0.1486769 0.1311109 0.0088886 0.0556683 0.0088886 0.1863076 0.0556683 0.1879919 1.2788673 0.1285313 0.0000000 0.1629397 0.1602106 0.0453185 0.1285313 
MN432490_Megalocytivirus_pagrus1_ISKNV                   0.0575294 0.0575294 0.1422509 0.0600105 0.1630093 0.1446661 0.1630093 0.1688997 0.1446661 0.1704191 1.2454337 0.0575294 0.1629397 0.0000000 0.0021455 0.1398924 0.0575294 
MW883595_Megalocytivirus_pagrus1_ISKNV                   0.0599461 0.0599461 0.1395574 0.0624320 0.1602765 0.1474662 0.1602765 0.1661996 0.1474662 0.1677072 1.2384933 0.0599461 0.1602106 0.0021455 0.0000000 0.1428191 0.0599461 
KC244182_Megalocytivirus_pagrus1_RSIV                    0.1119459 0.1119459 0.1497062 0.1149139 0.0453185 0.0000010 0.0453185 0.1841906 0.0000010 0.1859426 1.3003838 0.1119459 0.0453185 0.1398924 0.1428191 0.0000000 0.1119459 
MW883601_Megalocytivirus_pagrus1_ISKNV                   0.0000010 0.0000010 0.1267301 0.0021407 0.1419483 0.1213729 0.1419483 0.1377258 0.1213729 0.1390450 1.2309213 0.0000010 0.1285313 0.0575294 0.0599461 0.1119459 0.0000000 
