21
OL774655_Megalocytivirus_pagrus1_RSIV                    0.0000000 0.1188133 0.1188133 0.1073493 0.0314461 0.0155216 0.1210729 0.0000010 0.0260493 0.0314461 0.1252250 0.1210729 0.1254991 0.1252250 0.1073493 0.0260493 1.7308392 0.0313747 1.3039046 0.0313912 0.1192263 
ON212400_Megalocytivirus_pagrus1_ISKNV                   0.1188133 0.0000000 0.0000010 0.1233870 0.1126228 0.1185144 0.0053765 0.1188133 0.1059988 0.1126228 0.0053774 0.0053765 0.0053895 0.0053774 0.1233870 0.1059988 1.6967299 0.1123509 1.2758782 0.1123830 0.1493780 
MW883601_Megalocytivirus_pagrus1_ISKNV                   0.1188133 0.0000010 0.0000000 0.1233870 0.1126228 0.1185144 0.0053765 0.1188133 0.1059988 0.1126228 0.0053774 0.0053765 0.0053895 0.0053774 0.1233870 0.1059988 1.6967299 0.1123509 1.2758782 0.1123830 0.1493780 
MG570132_Megalocytivirus_pagrus1_TRBIV                   0.1073493 0.1233870 0.1233870 0.0000000 0.1251140 0.1131486 0.1256922 0.1073493 0.1186482 0.1251140 0.1297779 0.1256922 0.1300588 0.1297779 0.0000010 0.1186482 1.6502694 0.1248254 1.3737287 0.1248543 0.0650654 
KT804738_Megalocytivirus_pagrus1_RSIV                    0.0314461 0.1126228 0.1126228 0.1251140 0.0000000 0.0154531 0.1147942 0.0314461 0.0051412 0.0000010 0.1189961 0.1147942 0.1192581 0.1189961 0.1251140 0.0051412 1.7685793 0.0103193 1.3376122 0.0103254 0.1371926 
OK042108_Megalocytivirus_pagrus1_RSIV                    0.0155216 0.1185144 0.1185144 0.1131486 0.0154531 0.0000000 0.1207665 0.0155216 0.0206947 0.0154531 0.1249149 0.1207665 0.1251881 0.1249149 0.1131486 0.0206947 1.7435154 0.0259633 1.3151955 0.0259774 0.1250829 
MN432490_Megalocytivirus_pagrus1_ISKNV                   0.1210729 0.0053765 0.0053765 0.1256922 0.1147942 0.1207665 0.0000000 0.1210729 0.1080635 0.1147942 0.0107889 0.0000010 0.0108131 0.0107889 0.1256922 0.1080635 1.6904699 0.1145137 1.2709199 0.1145460 0.1520487 
ON740976_Megalocytivirus_pagrus1_RSIV                    0.0000010 0.1188133 0.1188133 0.1073493 0.0314461 0.0155216 0.1210729 0.0000000 0.0260493 0.0314461 0.1252250 0.1210729 0.1254991 0.1252250 0.1073493 0.0260493 1.7308392 0.0313747 1.3039046 0.0313912 0.1192263 
MT798582_Megalocytivirus_pagrus1_RSIV                    0.0260493 0.1059988 0.1059988 0.1186482 0.0051412 0.0206947 0.1080635 0.0260493 0.0000000 0.0051412 0.1123016 0.1080635 0.1125490 0.1123016 0.1186482 0.0000010 1.7768652 0.0051295 1.3411538 0.0051326 0.1306094 
AP017456_Megalocytivirus_pagrus1_RSIV                    0.0314461 0.1126228 0.1126228 0.1251140 0.0000010 0.0154531 0.1147942 0.0314461 0.0051412 0.0000000 0.1189961 0.1147942 0.1192581 0.1189961 0.1251140 0.0051412 1.7685793 0.0103193 1.3376122 0.0103254 0.1371926 
OR670976_Megalocytivirus_pagrus1_ISKNV                   0.1252250 0.0053774 0.0053774 0.1297779 0.1189961 0.1249149 0.0107889 0.1252250 0.1123016 0.1189961 0.0000000 0.0107889 0.0108151 0.0000010 0.1297779 0.1123016 1.6941149 0.1187089 1.3015577 0.1187402 0.1559957 
PP974677_Megalocytivirus_pagrus1_ISKNV                   0.1210729 0.0053765 0.0053765 0.1256922 0.1147942 0.1207665 0.0000010 0.1210729 0.1080635 0.1147942 0.0107889 0.0000000 0.0108131 0.0107889 0.1256922 0.1080635 1.6904699 0.1145137 1.2709199 0.1145460 0.1520487 
MT926123_Megalocytivirus_pagrus1_ISKNV                   0.1254991 0.0053895 0.0053895 0.1300588 0.1192581 0.1251881 0.0108131 0.1254991 0.1125490 0.1192581 0.0108151 0.0108131 0.0000000 0.0108151 0.1300588 0.1125490 1.7293386 0.1189698 1.3019574 0.1190011 0.1563286 
OQ513807_Megalocytivirus_pagrus1_ISKNV                   0.1252250 0.0053774 0.0053774 0.1297779 0.1189961 0.1249149 0.0107889 0.1252250 0.1123016 0.1189961 0.0000010 0.0107889 0.0108151 0.0000000 0.1297779 0.1123016 1.6941149 0.1187089 1.3015577 0.1187402 0.1559957 
MG570131_Megalocytivirus_pagrus1_TRBIV                   0.1073493 0.1233870 0.1233870 0.0000010 0.1251140 0.1131486 0.1256922 0.1073493 0.1186482 0.1251140 0.1297779 0.1256922 0.1300588 0.1297779 0.0000000 0.1186482 1.6502694 0.1248254 1.3737287 0.1248543 0.0650654 
MW883598_Megalocytivirus_pagrus1_RSIV                    0.0260493 0.1059988 0.1059988 0.1186482 0.0051412 0.0206947 0.1080635 0.0260493 0.0000010 0.0051412 0.1123016 0.1080635 0.1125490 0.1123016 0.1186482 0.0000000 1.7768652 0.0051295 1.3411538 0.0051326 0.1306094 
MF599468_Decapodiridovirus_litopenaeus1_n/a              1.7308392 1.6967299 1.6967299 1.6502694 1.7685793 1.7435154 1.6904699 1.7308392 1.7768652 1.7685793 1.6941149 1.6904699 1.7293386 1.6941149 1.6502694 1.7768652 0.0000000 1.7939651 1.7276202 1.7950500 1.7636868 
KC244182_Megalocytivirus_pagrus1_RSIV                    0.0313747 0.1123509 0.1123509 0.1248254 0.0103193 0.0259633 0.1145137 0.0313747 0.0051295 0.0103193 0.1187089 0.1145137 0.1189698 0.1187089 0.1248254 0.0051295 1.7939651 0.0000000 1.3549691 0.0103019 0.1326308 
PQ335173_PQ335174_Threespine_stickleback_iridovirus_TSIV 1.3039046 1.2758782 1.2758782 1.3737287 1.3376122 1.3151955 1.2709199 1.3039046 1.3411538 1.3376122 1.3015577 1.2709199 1.3019574 1.3015577 1.3737287 1.3411538 1.7276202 1.3549691 0.0000000 1.3570702 1.4896162 
OK042109_Megalocytivirus_pagrus1_RSIV                    0.0313912 0.1123830 0.1123830 0.1248543 0.0103254 0.0259774 0.1145460 0.0313912 0.0051326 0.0103254 0.1187402 0.1145460 0.1190011 0.1187402 0.1248543 0.0051326 1.7950500 0.0103019 1.3570702 0.0000000 0.1369030 
GQ273492_Megalocytivirus_pagrus1_TRBIV                   0.1192263 0.1493780 0.1493780 0.0650654 0.1371926 0.1250829 0.1520487 0.1192263 0.1306094 0.1371926 0.1559957 0.1520487 0.1563286 0.1559957 0.0650654 0.1306094 1.7636868 0.1326308 1.4896162 0.1369030 0.0000000 
