33
OK042109_Megalocytivirus_pagrus1_RSIV                    0.0000000 0.0475057 0.0475057 0.0000010 0.0124015 2.5691503 2.0679292 0.0498223 1.1138009 0.0124015 0.0498223 0.0499675 2.0048697 0.0486402 2.4293638 0.0297549 2.8147668 2.8930813 0.4007786 2.5589894 0.0011176 0.0472325 1.1138009 0.0472325 1.9856167 0.0448532 0.0486402 0.0044753 3.0232801 1.9965410 0.0499675 0.0487091 0.0486934 
MW883601_Megalocytivirus_pagrus1_ISKNV                   0.0475057 0.0000000 0.0000010 0.0475057 0.0488178 2.6316702 2.0683513 0.0056450 1.1485793 0.0488178 0.0056450 0.0022550 2.0203737 0.0045139 2.4545337 0.0170348 2.7850893 2.8806225 0.3970644 2.6389192 0.0487678 0.0451278 1.1485793 0.0451278 2.0123019 0.0439198 0.0045139 0.0451054 3.0012101 2.0078405 0.0022550 0.0011253 0.0011249 
MW883597_Megalocytivirus_pagrus1_ISKNV                   0.0475057 0.0000010 0.0000000 0.0475057 0.0488178 2.6316702 2.0683513 0.0056450 1.1485793 0.0488178 0.0056450 0.0022550 2.0203737 0.0045139 2.4545337 0.0170348 2.7850893 2.8806225 0.3970644 2.6389192 0.0487678 0.0451278 1.1485793 0.0451278 2.0123019 0.0439198 0.0045139 0.0451054 3.0012101 2.0078405 0.0022550 0.0011253 0.0011249 
ON740976_Megalocytivirus_pagrus1_RSIV                    0.0000010 0.0475057 0.0475057 0.0000000 0.0124015 2.5691503 2.0679292 0.0498223 1.1138009 0.0124015 0.0498223 0.0499675 2.0048697 0.0486402 2.4293638 0.0297549 2.8147668 2.8930813 0.4007786 2.5589894 0.0011176 0.0472325 1.1138009 0.0472325 1.9856167 0.0448532 0.0486402 0.0044753 3.0232801 1.9965410 0.0499675 0.0487091 0.0486934 
AB104413_Megalocytivirus_pagrus1_RSIV                    0.0124015 0.0488178 0.0488178 0.0124015 0.0000000 2.5855291 2.0798913 0.0511416 1.1283655 0.0000010 0.0511416 0.0487787 2.0270955 0.0499552 2.4622349 0.0357016 2.8209729 2.9169217 0.4051911 2.5647180 0.0135574 0.0485360 1.1283655 0.0485360 2.0052746 0.0461474 0.0499552 0.0078686 3.0262052 2.0032205 0.0487787 0.0500262 0.0500100 
KF938901_Chloriridovirus_anopheles1_n/a                  2.5691503 2.6316702 2.6316702 2.5691503 2.5855291 0.0000000 2.4142978 2.6314016 2.5591709 2.5855291 2.6314016 2.6285331 2.5799898 2.6362147 2.0839318 2.5857769 1.8770055 1.9159567 2.6478597 0.4487564 2.5691503 2.5997483 2.5591709 2.5997483 2.4619449 2.5907681 2.6362147 2.5614215 3.5265266 2.4291285 2.6285331 2.6316702 2.6318444 
MN803438_Lymphocystivirus_micropogonias1_n/a             2.0679292 2.0683513 2.0683513 2.0679292 2.0798913 2.4142978 0.0000000 2.0699059 1.9573136 2.0798913 2.0699059 2.0622098 1.3687404 2.0664093 1.8815328 2.0865588 2.2311511 2.2840676 2.0589816 2.5460557 2.0680930 2.0837497 1.9573136 2.0837497 1.4359840 2.0756979 2.0664093 2.0689335 4.2552348 0.1074881 2.0622098 2.0738323 2.0641868 
MT986830_Megalocytivirus_pagrus1_ISKNV                   0.0498223 0.0056450 0.0056450 0.0498223 0.0511416 2.6314016 2.0699059 0.0000000 1.1514008 0.0511416 0.0000010 0.0079260 2.0070225 0.0011237 2.4493254 0.0228094 2.7823345 2.8748296 0.3994658 2.6381655 0.0510892 0.0450180 1.1514008 0.0450180 2.0077050 0.0438130 0.0011237 0.0474177 2.9908237 2.0090306 0.0079260 0.0067801 0.0067780 
MN562489_Megalocytivirus_lates1_SDDV                     1.1138009 1.1485793 1.1485793 1.1138009 1.1283655 2.5591709 1.9573136 1.1514008 0.0000000 1.1283655 1.1514008 1.1449856 2.0942791 1.1497216 2.4086372 1.1340577 2.7775103 2.9508184 1.2124554 2.6886929 1.1140689 1.1550727 0.0000010 1.1550727 2.0637272 1.1528087 1.1497216 1.1206835 4.0639734 1.9425272 1.1449856 1.1491212 1.1471681 
MK098187_Megalocytivirus_pagrus1_RSIV                    0.0124015 0.0488178 0.0488178 0.0124015 0.0000010 2.5855291 2.0798913 0.0511416 1.1283655 0.0000000 0.0511416 0.0487787 2.0270955 0.0499552 2.4622349 0.0357016 2.8209729 2.9169217 0.4051911 2.5647180 0.0135574 0.0485360 1.1283655 0.0485360 2.0052746 0.0461474 0.0499552 0.0078686 3.0262052 2.0032205 0.0487787 0.0500262 0.0500100 
PP151097_Megalocytivirus_pagrus1_ISKNV                   0.0498223 0.0056450 0.0056450 0.0498223 0.0511416 2.6314016 2.0699059 0.0000010 1.1514008 0.0511416 0.0000000 0.0079260 2.0070225 0.0011237 2.4493254 0.0228094 2.7823345 2.8748296 0.3994658 2.6381655 0.0510892 0.0450180 1.1514008 0.0450180 2.0077050 0.0438130 0.0011237 0.0474177 2.9908237 2.0090306 0.0079260 0.0067801 0.0067780 
OR670976_Megalocytivirus_pagrus1_ISKNV                   0.0499675 0.0022550 0.0022550 0.0499675 0.0487787 2.6285331 2.0622098 0.0079260 1.1449856 0.0487787 0.0079260 0.0000000 2.0140945 0.0067905 2.4580239 0.0193620 2.7818628 2.8772446 0.3968324 2.6357767 0.0512383 0.0475792 1.1449856 0.0475792 2.0101920 0.0463654 0.0067905 0.0475558 3.0006751 1.9974307 0.0000010 0.0033856 0.0033845 
AY521625_Ranavirus_epinephelus1_n/a                      2.0048697 2.0203737 2.0203737 2.0048697 2.0270955 2.5799898 1.3687404 2.0070225 2.0942791 2.0270955 2.0070225 2.0140945 0.0000000 2.0128368 2.0633882 2.0121004 2.4762388 2.4300928 2.0555534 2.4989088 2.0050412 2.0281582 2.0942791 2.0281582 0.6014979 2.0131946 2.0128368 2.0128399 4.1895484 1.3730205 2.0140945 2.0203096 2.0203737 
MW883595_Megalocytivirus_pagrus1_ISKNV                   0.0486402 0.0045139 0.0045139 0.0486402 0.0499552 2.6362147 2.0664093 0.0011237 1.1497216 0.0499552 0.0011237 0.0067905 2.0128368 0.0000000 2.4428381 0.0216587 2.7793752 2.8729586 0.3980241 2.6408979 0.0499040 0.0438428 1.1497216 0.0438428 2.0135568 0.0426396 0.0000010 0.0462390 2.9859685 2.0056439 0.0067905 0.0056475 0.0056457 
MF599468_Decapodiridovirus_litopenaeus1_n/a              2.4293638 2.4545337 2.4545337 2.4293638 2.4622349 2.0839318 1.8815328 2.4493254 2.4086372 2.4622349 2.4493254 2.4580239 2.0633882 2.4428381 0.0000000 2.4666156 1.9234372 2.0964630 2.4172849 2.0972481 2.4295030 2.4714480 2.4086372 2.4714480 2.0513617 2.4534822 2.4428381 2.4327128 3.9202275 1.8731029 2.4580239 2.4635899 2.4545337 
KT781098_Megalocytivirus_pagrus1_ISKNV                   0.0297549 0.0170348 0.0170348 0.0297549 0.0357016 2.5857769 2.0865588 0.0228094 1.1340577 0.0357016 0.0228094 0.0193620 2.0121004 0.0216587 2.4666156 0.0000000 2.7861535 2.9130351 0.4008973 2.5779405 0.0309648 0.0438281 1.1340577 0.0438281 2.0019785 0.0426253 0.0216587 0.0320873 3.0043578 2.0254302 0.0193620 0.0181869 0.0181811 
AF303741_Iridovirus_chilo1_n/a                           2.8147668 2.7850893 2.7850893 2.8147668 2.8209729 1.8770055 2.2311511 2.7823345 2.7775103 2.8209729 2.7823345 2.7818628 2.4762388 2.7793752 1.9234372 2.7861535 0.0000000 0.5866184 2.8388334 1.8710749 2.8086049 2.8245665 2.7775103 2.8245665 2.4393304 2.8020567 2.7793752 2.8021466 4.3659182 2.2424277 2.7818628 2.7959863 2.7873996 
HF920637_Iridovirus_armadillidium1_n/a                   2.8930813 2.8806225 2.8806225 2.8930813 2.9169217 1.9159567 2.2840676 2.8748296 2.9508184 2.9169217 2.8748296 2.8772446 2.4300928 2.8729586 2.0964630 2.9130351 0.5866184 0.0000000 2.7988601 1.8380778 2.8847271 2.9021739 2.9508184 2.9021739 2.5143660 2.8716328 2.8729586 2.8965411 4.4445601 2.2511198 2.8772446 2.8919861 2.8776285 
PQ335173_PQ335174_Threespine_stickleback_iridovirus_TSIV 0.4007786 0.3970644 0.3970644 0.4007786 0.4051911 2.6478597 2.0589816 0.3994658 1.2124554 0.4051911 0.3994658 0.3968324 2.0555534 0.3980241 2.4172849 0.4008973 2.8388334 2.7988601 0.0000000 2.7768522 0.4032947 0.4001293 1.2124554 0.4001293 2.1128026 0.3973767 0.3980241 0.3995338 3.2561424 2.0759748 0.3968324 0.3982653 0.3955923 
HF920633_Chloriridovirus_simulium1_n/a                   2.5589894 2.6389192 2.6389192 2.5589894 2.5647180 0.4487564 2.5460557 2.6381655 2.6886929 2.5647180 2.6381655 2.6357767 2.4989088 2.6408979 2.0972481 2.5779405 1.8710749 1.8380778 2.7768522 0.0000000 2.5589894 2.6135135 2.6886929 2.6135135 2.5556561 2.6289309 2.6408979 2.5597746 3.6119729 2.5602756 2.6357767 2.6389192 2.6390985 
AY894343_Megalocytivirus_pagrus1_RSIV                    0.0011176 0.0487678 0.0487678 0.0011176 0.0135574 2.5691503 2.0680930 0.0510892 1.1140689 0.0135574 0.0510892 0.0512383 2.0050412 0.0499040 2.4295030 0.0309648 2.8086049 2.8847271 0.4032947 2.5589894 0.0000000 0.0484866 1.1140689 0.0484866 1.9857913 0.0461005 0.0499040 0.0056059 3.0163579 1.9967123 0.0512383 0.0499749 0.0499588 
MG570132_Megalocytivirus_pagrus1_TRBIV                   0.0472325 0.0451278 0.0451278 0.0472325 0.0485360 2.5997483 2.0837497 0.0450180 1.1550727 0.0485360 0.0450180 0.0475792 2.0281582 0.0438428 2.4714480 0.0438281 2.8245665 2.9021739 0.4001293 2.6135135 0.0484866 0.0000000 1.1550727 0.0000010 2.0153045 0.0203772 0.0438428 0.0448466 2.9980770 2.0285431 0.0475792 0.0463272 0.0463123 
OM037668_Megalocytivirus_lates1_SDDV                     1.1138009 1.1485793 1.1485793 1.1138009 1.1283655 2.5591709 1.9573136 1.1514008 0.0000010 1.1283655 1.1514008 1.1449856 2.0942791 1.1497216 2.4086372 1.1340577 2.7775103 2.9508184 1.2124554 2.6886929 1.1140689 1.1550727 0.0000000 1.1550727 2.0637272 1.1528087 1.1497216 1.1206835 4.0639734 1.9425272 1.1449856 1.1491212 1.1471681 
MG570131_Megalocytivirus_pagrus1_TRBIV                   0.0472325 0.0451278 0.0451278 0.0472325 0.0485360 2.5997483 2.0837497 0.0450180 1.1550727 0.0485360 0.0450180 0.0475792 2.0281582 0.0438428 2.4714480 0.0438281 2.8245665 2.9021739 0.4001293 2.6135135 0.0484866 0.0000010 1.1550727 0.0000000 2.0153045 0.0203772 0.0438428 0.0448466 2.9980770 2.0285431 0.0475792 0.0463272 0.0463123 
NC_005946_Ranavirus_rana1_n/a                            1.9856167 2.0123019 2.0123019 1.9856167 2.0052746 2.4619449 1.4359840 2.0077050 2.0637272 2.0052746 2.0077050 2.0101920 0.6014979 2.0135568 2.0513617 2.0019785 2.4393304 2.5143660 2.1128026 2.5556561 1.9857913 2.0153045 2.0637272 2.0153045 0.0000000 1.9932432 2.0135568 1.9940592 4.3013706 1.4611808 2.0101920 2.0128490 2.0123019 
GQ273492_Megalocytivirus_pagrus1_TRBIV                   0.0448532 0.0439198 0.0439198 0.0448532 0.0461474 2.5907681 2.0756979 0.0438130 1.1528087 0.0461474 0.0438130 0.0463654 2.0131946 0.0426396 2.4534822 0.0426253 2.8020567 2.8716328 0.3973767 2.6289309 0.0461005 0.0203772 1.1528087 0.0203772 1.9932432 0.0000000 0.0426396 0.0424752 2.9744532 2.0207062 0.0463654 0.0451169 0.0451024 
MN432490_Megalocytivirus_pagrus1_ISKNV                   0.0486402 0.0045139 0.0045139 0.0486402 0.0499552 2.6362147 2.0664093 0.0011237 1.1497216 0.0499552 0.0011237 0.0067905 2.0128368 0.0000010 2.4428381 0.0216587 2.7793752 2.8729586 0.3980241 2.6408979 0.0499040 0.0438428 1.1497216 0.0438428 2.0135568 0.0426396 0.0000000 0.0462390 2.9859685 2.0056439 0.0067905 0.0056475 0.0056457 
OQ475017_Megalocytivirus_pagrus1_RSIV                    0.0044753 0.0451054 0.0451054 0.0044753 0.0078686 2.5614215 2.0689335 0.0474177 1.1206835 0.0078686 0.0474177 0.0475558 2.0128399 0.0462390 2.4327128 0.0320873 2.8021466 2.8965411 0.3995338 2.5597746 0.0056059 0.0448466 1.1206835 0.0448466 1.9940592 0.0424752 0.0462390 0.0000000 3.0072583 1.9975383 0.0475558 0.0463043 0.0462894 
LS484712_Daphniairidovirus_daphnia1_n/a                  3.0232801 3.0012101 3.0012101 3.0232801 3.0262052 3.5265266 4.2552348 2.9908237 4.0639734 3.0262052 2.9908237 3.0006751 4.1895484 2.9859685 3.9202275 3.0043578 4.3659182 4.4445601 3.2561424 3.6119729 3.0163579 2.9980770 4.0639734 2.9980770 4.3013706 2.9744532 2.9859685 3.0072583 0.0000000 4.3357191 3.0006751 3.0138578 3.0012101 
KX643370_Lymphocystivirus_sparus1_n/a                    1.9965410 2.0078405 2.0078405 1.9965410 2.0032205 2.4291285 0.1074881 2.0090306 1.9425272 2.0032205 2.0090306 1.9974307 1.3730205 2.0056439 1.8731029 2.0254302 2.2424277 2.2511198 2.0759748 2.5602756 1.9967123 2.0285431 1.9425272 2.0285431 1.4611808 2.0207062 2.0056439 1.9975383 4.3357191 0.0000000 1.9974307 2.0131787 2.0061825 
OQ513807_Megalocytivirus_pagrus1_ISKNV                   0.0499675 0.0022550 0.0022550 0.0499675 0.0487787 2.6285331 2.0622098 0.0079260 1.1449856 0.0487787 0.0079260 0.0000010 2.0140945 0.0067905 2.4580239 0.0193620 2.7818628 2.8772446 0.3968324 2.6357767 0.0512383 0.0475792 1.1449856 0.0475792 2.0101920 0.0463654 0.0067905 0.0475558 3.0006751 1.9974307 0.0000000 0.0033856 0.0033845 
MW883603_Megalocytivirus_pagrus1_ISKNV                   0.0487091 0.0011253 0.0011253 0.0487091 0.0500262 2.6316702 2.0738323 0.0067801 1.1491212 0.0500262 0.0067801 0.0033856 2.0203096 0.0056475 2.4635899 0.0181869 2.7959863 2.8919861 0.3982653 2.6389192 0.0499749 0.0463272 1.1491212 0.0463272 2.0128490 0.0451169 0.0056475 0.0463043 3.0138578 2.0131787 0.0033856 0.0000000 0.0022518 
MT926123_Megalocytivirus_pagrus1_ISKNV                   0.0486934 0.0011249 0.0011249 0.0486934 0.0500100 2.6318444 2.0641868 0.0067780 1.1471681 0.0500100 0.0067780 0.0033845 2.0203737 0.0056457 2.4545337 0.0181811 2.7873996 2.8776285 0.3955923 2.6390985 0.0499588 0.0463123 1.1471681 0.0463123 2.0123019 0.0451024 0.0056457 0.0462894 3.0012101 2.0061825 0.0033845 0.0022518 0.0000000 
