27
MW883598_Megalocytivirus_pagrus1_RSIV     0.0000000 0.1917240 0.0672156 0.0286552 0.1613697 0.0672156 0.1644700 0.1613697 0.0233555 0.1571285 0.1619323 0.1613697 0.1649082 0.0887408 0.0260014 0.1649013 0.0260014 0.0259994 0.1613697 0.0024401 0.0233555 0.1613697 0.1649013 0.1713471 0.1523797 0.1713471 0.1613697 
GQ273492_Megalocytivirus_pagrus1_TRBIV    0.1917240 0.0000000 0.1311475 0.1472130 0.1870262 0.1311475 0.1922927 0.1870262 0.1470442 0.2194411 0.2052095 0.1898716 0.1900991 0.1158782 0.1441420 0.1900827 0.1441420 0.1440546 0.1896827 0.1949461 0.1470442 0.1898716 0.1900827 0.0789599 0.1949759 0.0789599 0.1898727 
ON743042_Megalocytivirus_pagrus1_RSIV     0.0672156 0.1311475 0.0000000 0.0497734 0.1207220 0.0000010 0.1235337 0.1207220 0.0497256 0.1350303 0.1207220 0.1207220 0.1238170 0.0000010 0.0472015 0.1238235 0.0472015 0.0523039 0.1207220 0.0699920 0.0497256 0.1207220 0.1238235 0.1195517 0.1235337 0.1195517 0.1207220 
OK042109_Megalocytivirus_pagrus1_RSIV     0.0286552 0.1472130 0.0497734 0.0000000 0.1259680 0.0497734 0.1288324 0.1259680 0.0047989 0.1429478 0.1259680 0.1259680 0.1291356 0.0497734 0.0023974 0.1291410 0.0023974 0.0072110 0.1259680 0.0260122 0.0047989 0.1259680 0.1291410 0.1288519 0.1288324 0.1288519 0.1259680 
MW883594_Megalocytivirus_pagrus1_ISKNV    0.1613697 0.1870262 0.1207220 0.1259680 0.0000000 0.1207220 0.0040916 0.0000010 0.1258295 0.0307480 0.0104811 0.0020449 0.0020464 0.1372641 0.1230207 0.0020469 0.1230207 0.1287831 0.0020432 0.1644700 0.1258295 0.0020449 0.0020469 0.1929998 0.0041389 0.1929998 0.0020452 
OL774655_Megalocytivirus_pagrus1_RSIV     0.0672156 0.1311475 0.0000010 0.0497734 0.1207220 0.0000000 0.1235337 0.1207220 0.0497256 0.1350303 0.1207220 0.1207220 0.1238170 0.0000010 0.0472015 0.1238235 0.0472015 0.0523039 0.1207220 0.0699920 0.0497256 0.1207220 0.1238235 0.1195517 0.1235337 0.1195517 0.1207220 
MN432490_Megalocytivirus_pagrus1_ISKNV    0.1644700 0.1922927 0.1235337 0.1288324 0.0040916 0.1235337 0.0000000 0.0040916 0.1286903 0.0333506 0.0147051 0.0061482 0.0061526 0.1420849 0.1258778 0.0061540 0.1258778 0.1316524 0.0061429 0.1675752 0.1286903 0.0061482 0.0061540 0.1983476 0.0000010 0.1983476 0.0061491 
MW883606_Megalocytivirus_pagrus1_ISKNV    0.1613697 0.1870262 0.1207220 0.1259680 0.0000010 0.1207220 0.0040916 0.0000000 0.1258295 0.0307480 0.0104811 0.0020449 0.0020464 0.1372641 0.1230207 0.0020469 0.1230207 0.1287831 0.0020432 0.1644700 0.1258295 0.0020449 0.0020469 0.1929998 0.0041389 0.1929998 0.0020452 
KT804738_Megalocytivirus_pagrus1_RSIV     0.0233555 0.1470442 0.0497256 0.0047989 0.1258295 0.0497256 0.1286903 0.1258295 0.0000000 0.1427834 0.1258295 0.1258295 0.1289928 0.0497256 0.0023952 0.1289981 0.0023952 0.0023950 0.1258295 0.0207300 0.0000010 0.1258295 0.1289981 0.1287070 0.1286903 0.1287070 0.1258295 
KT781098_Megalocytivirus_pagrus1_ISKNV    0.1571285 0.2194411 0.1350303 0.1429478 0.0307480 0.1350303 0.0333506 0.0307480 0.1427834 0.0000000 0.0366118 0.0307480 0.0334119 0.1483956 0.1398508 0.0334198 0.1398508 0.1458875 0.0307480 0.1602566 0.1427834 0.0307480 0.0334198 0.2126369 0.0227274 0.2126369 0.0307480 
PP974677_Megalocytivirus_pagrus1_ISKNV    0.1619323 0.2052095 0.1207220 0.1259680 0.0104811 0.1207220 0.0147051 0.0104811 0.1258295 0.0366118 0.0000000 0.0125995 0.0126089 0.1528180 0.1230207 0.0126118 0.1230207 0.1287831 0.0125885 0.1650442 0.1258295 0.0125995 0.0126118 0.2116029 0.0041389 0.2116029 0.0126014 
OQ513807_Megalocytivirus_pagrus1_ISKNV    0.1613697 0.1898716 0.1207220 0.1259680 0.0020449 0.1207220 0.0061482 0.0020449 0.1258295 0.0307480 0.0125995 0.0000000 0.0040999 0.1398089 0.1230207 0.0041009 0.1230207 0.1287831 0.0040935 0.1644700 0.1258295 0.0000010 0.0041009 0.1958974 0.0062193 0.1958974 0.0040976 
MK689685_Megalocytivirus_pagrus1_ISKNV    0.1649082 0.1900991 0.1238170 0.1291356 0.0020464 0.1238170 0.0061526 0.0020464 0.1289928 0.0334119 0.0126089 0.0040999 0.0000000 0.1399530 0.1261721 0.0041038 0.1261721 0.1319638 0.0040964 0.1680241 0.1289928 0.0040999 0.0041038 0.1961374 0.0062238 0.1961374 0.0041006 
OQ475017_Megalocytivirus_pagrus1_RSIV     0.0887408 0.1158782 0.0000010 0.0497734 0.1372641 0.0000010 0.1420849 0.1372641 0.0497256 0.1483956 0.1528180 0.1398089 0.1399530 0.0000000 0.0472015 0.1399550 0.0472015 0.0523039 0.1396786 0.0915406 0.0497256 0.1398089 0.1399550 0.1170139 0.1439216 0.1170139 0.1398152 
MT798582_Megalocytivirus_pagrus1_RSIV     0.0260014 0.1441420 0.0472015 0.0023974 0.1230207 0.0472015 0.1258778 0.1230207 0.0023952 0.1398508 0.1230207 0.1230207 0.1261721 0.0472015 0.0000000 0.1261782 0.0000010 0.0047989 0.1230207 0.0233670 0.0023952 0.1230207 0.1261782 0.1258387 0.1258778 0.1258387 0.1230207 
23043610003_Megalocytivirus_pagrus1_ISKNV 0.1649013 0.1900827 0.1238235 0.1291410 0.0020469 0.1238235 0.0061540 0.0020469 0.1289981 0.0334198 0.0126118 0.0041009 0.0041038 0.1399550 0.1261782 0.0000000 0.1261782 0.1319684 0.0040974 0.1680158 0.1289981 0.0041009 0.0000010 0.1961178 0.0062253 0.1961178 0.0041015 
KC244182_Megalocytivirus_pagrus1_RSIV     0.0260014 0.1441420 0.0472015 0.0023974 0.1230207 0.0472015 0.1258778 0.1230207 0.0023952 0.1398508 0.1230207 0.1230207 0.1261721 0.0472015 0.0000010 0.1261782 0.0000000 0.0047989 0.1230207 0.0233670 0.0023952 0.1230207 0.1261782 0.1258387 0.1258778 0.1258387 0.1230207 
AP017456_Megalocytivirus_pagrus1_RSIV     0.0259994 0.1440546 0.0523039 0.0072110 0.1287831 0.0523039 0.1316524 0.1287831 0.0023950 0.1458875 0.1287831 0.1287831 0.1319638 0.0523039 0.0047989 0.1319684 0.0047989 0.0000000 0.1287831 0.0233652 0.0023950 0.1287831 0.1319684 0.1257665 0.1316524 0.1257665 0.1287831 
ON212400_Megalocytivirus_pagrus1_ISKNV    0.1613697 0.1896827 0.1207220 0.1259680 0.0020432 0.1207220 0.0061429 0.0020432 0.1258295 0.0307480 0.0125885 0.0040935 0.0040964 0.1396786 0.1230207 0.0040974 0.1230207 0.1287831 0.0000000 0.1644700 0.1258295 0.0040935 0.0040974 0.1957001 0.0062139 0.1957001 0.0040941 
MK689686_Megalocytivirus_pagrus1_RSIV     0.0024401 0.1949461 0.0699920 0.0260122 0.1644700 0.0699920 0.1675752 0.1644700 0.0207300 0.1602566 0.1650442 0.1644700 0.1680241 0.0915406 0.0233670 0.1680158 0.0233670 0.0233652 0.1644700 0.0000000 0.0207300 0.1644700 0.1680158 0.1745215 0.1554672 0.1745215 0.1644700 
AY894343_Megalocytivirus_pagrus1_RSIV     0.0233555 0.1470442 0.0497256 0.0047989 0.1258295 0.0497256 0.1286903 0.1258295 0.0000010 0.1427834 0.1258295 0.1258295 0.1289928 0.0497256 0.0023952 0.1289981 0.0023952 0.0023950 0.1258295 0.0207300 0.0000000 0.1258295 0.1289981 0.1287070 0.1286903 0.1287070 0.1258295 
MW883601_Megalocytivirus_pagrus1_ISKNV    0.1613697 0.1898716 0.1207220 0.1259680 0.0020449 0.1207220 0.0061482 0.0020449 0.1258295 0.0307480 0.0125995 0.0000010 0.0040999 0.1398089 0.1230207 0.0041009 0.1230207 0.1287831 0.0040935 0.1644700 0.1258295 0.0000000 0.0041009 0.1958974 0.0062193 0.1958974 0.0040976 
23043610005_Megalocytivirus_pagrus1_ISKNV 0.1649013 0.1900827 0.1238235 0.1291410 0.0020469 0.1238235 0.0061540 0.0020469 0.1289981 0.0334198 0.0126118 0.0041009 0.0041038 0.1399550 0.1261782 0.0000010 0.1261782 0.1319684 0.0040974 0.1680158 0.1289981 0.0041009 0.0000000 0.1961178 0.0062253 0.1961178 0.0041015 
MG570132_Megalocytivirus_pagrus1_TRBIV    0.1713471 0.0789599 0.1195517 0.1288519 0.1929998 0.1195517 0.1983476 0.1929998 0.1287070 0.2126369 0.2116029 0.1958974 0.1961374 0.1170139 0.1258387 0.1961178 0.1258387 0.1257665 0.1957001 0.1745215 0.1287070 0.1958974 0.1961178 0.0000000 0.2011533 0.0000010 0.1958977 
MW883595_Megalocytivirus_pagrus1_ISKNV    0.1523797 0.1949759 0.1235337 0.1288324 0.0041389 0.1235337 0.0000010 0.0041389 0.1286903 0.0227274 0.0041389 0.0062193 0.0062238 0.1439216 0.1258778 0.0062253 0.1258778 0.1316524 0.0062139 0.1554672 0.1286903 0.0062193 0.0062253 0.2011533 0.0000000 0.2011533 0.0062203 
MG570131_Megalocytivirus_pagrus1_TRBIV    0.1713471 0.0789599 0.1195517 0.1288519 0.1929998 0.1195517 0.1983476 0.1929998 0.1287070 0.2126369 0.2116029 0.1958974 0.1961374 0.1170139 0.1258387 0.1961178 0.1258387 0.1257665 0.1957001 0.1745215 0.1287070 0.1958974 0.1961178 0.0000010 0.2011533 0.0000000 0.1958977 
OR536350_Megalocytivirus_pagrus1_ISKNV    0.1613697 0.1898727 0.1207220 0.1259680 0.0020452 0.1207220 0.0061491 0.0020452 0.1258295 0.0307480 0.0126014 0.0040976 0.0041006 0.1398152 0.1230207 0.0041015 0.1230207 0.1287831 0.0040941 0.1644700 0.1258295 0.0040976 0.0041015 0.1958977 0.0062203 0.1958977 0.0000000 
