16
ON740976_Megalocytivirus_pagrus1_RSIV  0.0000000 0.3534062 0.0737313 0.3062328 0.3074519 0.0737313 0.0000010 0.3074519 0.3062328 0.2405604 0.0740631 0.3127100 0.0740631 0.2510465 0.2510465 0.2405604 
MW883600_Megalocytivirus_pagrus1_ISKNV 0.3534062 0.0000000 0.3677043 0.0778396 0.0379210 0.3677043 0.3534062 0.0379210 0.0778396 0.2731297 0.4197669 0.4086275 0.4197669 0.1995359 0.1995359 0.2731297 
AB104413_Megalocytivirus_pagrus1_RSIV  0.0737313 0.3677043 0.0000000 0.3179883 0.3193488 0.0000010 0.0737313 0.3193488 0.3179883 0.2484936 0.0356452 0.3234346 0.0356452 0.2598529 0.2598529 0.2484936 
OR670976_Megalocytivirus_pagrus1_ISKNV 0.3062328 0.0778396 0.3179883 0.0000000 0.0384757 0.3179883 0.3062328 0.0384757 0.0000010 0.2792475 0.3692525 0.4186377 0.3692525 0.2031742 0.2031742 0.2792475 
MW883602_Megalocytivirus_pagrus1_ISKNV 0.3074519 0.0379210 0.3193488 0.0384757 0.0000000 0.3193488 0.3074519 0.0000010 0.0384757 0.2257836 0.3710120 0.3623792 0.3710120 0.1582957 0.1582957 0.2257836 
MW139932_Megalocytivirus_pagrus1_RSIV  0.0737313 0.3677043 0.0000010 0.3179883 0.3193488 0.0000000 0.0737313 0.3193488 0.3179883 0.2484936 0.0356452 0.3234346 0.0356452 0.2598529 0.2598529 0.2484936 
OK042109_Megalocytivirus_pagrus1_RSIV  0.0000010 0.3534062 0.0737313 0.3062328 0.3074519 0.0737313 0.0000000 0.3074519 0.3062328 0.2405604 0.0740631 0.3127100 0.0740631 0.2510465 0.2510465 0.2405604 
MW883601_Megalocytivirus_pagrus1_ISKNV 0.3074519 0.0379210 0.3193488 0.0384757 0.0000010 0.3193488 0.3074519 0.0000000 0.0384757 0.2257836 0.3710120 0.3623792 0.3710120 0.1582957 0.1582957 0.2257836 
PP974677_Megalocytivirus_pagrus1_ISKNV 0.3062328 0.0778396 0.3179883 0.0000010 0.0384757 0.3179883 0.3062328 0.0384757 0.0000000 0.2792475 0.3692525 0.4186377 0.3692525 0.2031742 0.2031742 0.2792475 
MG570132_Megalocytivirus_pagrus1_TRBIV 0.2405604 0.2731297 0.2484936 0.2792475 0.2257836 0.2484936 0.2405604 0.2257836 0.2792475 0.0000000 0.2946675 0.1130992 0.2946675 0.2863779 0.2863779 0.0000010 
MK098186_Megalocytivirus_pagrus1_RSIV  0.0740631 0.4197669 0.0356452 0.3692525 0.3710120 0.0356452 0.0740631 0.3710120 0.3692525 0.2946675 0.0000000 0.3689155 0.0000010 0.3087204 0.3087204 0.2946675 
GQ273492_Megalocytivirus_pagrus1_TRBIV 0.3127100 0.4086275 0.3234346 0.4186377 0.3623792 0.3234346 0.3127100 0.3623792 0.4186377 0.1130992 0.3689155 0.0000000 0.3689155 0.3286658 0.3286658 0.1130992 
MK098187_Megalocytivirus_pagrus1_RSIV  0.0740631 0.4197669 0.0356452 0.3692525 0.3710120 0.0356452 0.0740631 0.3710120 0.3692525 0.2946675 0.0000010 0.3689155 0.0000000 0.3087204 0.3087204 0.2946675 
MN432490_Megalocytivirus_pagrus1_ISKNV 0.2510465 0.1995359 0.2598529 0.2031742 0.1582957 0.2598529 0.2510465 0.1582957 0.2031742 0.2863779 0.3087204 0.3286658 0.3087204 0.0000000 0.0000010 0.2863779 
MW883595_Megalocytivirus_pagrus1_ISKNV 0.2510465 0.1995359 0.2598529 0.2031742 0.1582957 0.2598529 0.2510465 0.1582957 0.2031742 0.2863779 0.3087204 0.3286658 0.3087204 0.0000010 0.0000000 0.2863779 
MG570131_Megalocytivirus_pagrus1_TRBIV 0.2405604 0.2731297 0.2484936 0.2792475 0.2257836 0.2484936 0.2405604 0.2257836 0.2792475 0.0000010 0.2946675 0.1130992 0.2946675 0.2863779 0.2863779 0.0000000 
