18
MK098187_Megalocytivirus_pagrus1_RSIV                    0.0000000 0.0364546 0.0493367 0.0364546 0.0370135 0.0496032 0.0000010 0.0370135 0.0493367 2.4751305 1.4174452 1.4174452 0.0689713 1.6115337 1.3697409 0.0496032 0.0689713 0.6915693 
ON075463_Megalocytivirus_pagrus1_RSIV                    0.0364546 0.0000000 0.0615700 0.0000010 0.0492698 0.0619126 0.0364546 0.0492698 0.0615700 2.4657970 1.4192961 1.4192961 0.0818130 1.5644599 1.3713208 0.0619126 0.0818130 0.6670763 
OK042109_Megalocytivirus_pagrus1_RSIV                    0.0493367 0.0615700 0.0000000 0.0615700 0.0368728 0.0494146 0.0493367 0.0368728 0.0000010 2.5144140 1.4848261 1.4848261 0.0686981 1.6119664 1.4350929 0.0494146 0.0686981 0.7238452 
AP017456_Megalocytivirus_pagrus1_RSIV                    0.0364546 0.0000010 0.0615700 0.0000000 0.0492698 0.0619126 0.0364546 0.0492698 0.0615700 2.4657970 1.4192961 1.4192961 0.0818130 1.5644599 1.3713208 0.0619126 0.0818130 0.6670763 
PP974677_Megalocytivirus_pagrus1_ISKNV                   0.0370135 0.0492698 0.0368728 0.0492698 0.0000000 0.0120320 0.0370135 0.0000010 0.0368728 2.5539657 1.4856838 1.4856838 0.0556603 1.6100461 1.4363423 0.0120320 0.0556603 0.7242905 
MN432490_Megalocytivirus_pagrus1_ISKNV                   0.0496032 0.0619126 0.0494146 0.0619126 0.0120320 0.0000000 0.0496032 0.0120320 0.0494146 2.5131318 1.4807385 1.4807385 0.0691087 1.5949801 1.4319509 0.0000010 0.0691087 0.6870812 
OL774654_Megalocytivirus_pagrus1_RSIV                    0.0000010 0.0364546 0.0493367 0.0364546 0.0370135 0.0496032 0.0000000 0.0370135 0.0493367 2.4751305 1.4174452 1.4174452 0.0689713 1.6115337 1.3697409 0.0496032 0.0689713 0.6915693 
OP896201_Megalocytivirus_pagrus1_ISKNV                   0.0370135 0.0492698 0.0368728 0.0492698 0.0000010 0.0120320 0.0370135 0.0000000 0.0368728 2.5539657 1.4856838 1.4856838 0.0556603 1.6100461 1.4363423 0.0120320 0.0556603 0.7242905 
GQ273492_Megalocytivirus_pagrus1_TRBIV                   0.0493367 0.0615700 0.0000010 0.0615700 0.0368728 0.0494146 0.0493367 0.0368728 0.0000000 2.5144140 1.4848261 1.4848261 0.0686981 1.6119664 1.4350929 0.0494146 0.0686981 0.7238452 
MF599468_Decapodiridovirus_litopenaeus1_n/a              2.4751305 2.4657970 2.5144140 2.4657970 2.5539657 2.5131318 2.4751305 2.5539657 2.5144140 0.0000000 2.4061455 2.4061455 2.6893852 5.7755630 2.3519928 2.5131318 2.6893852 2.2826650 
MN562489_Megalocytivirus_lates1_SDDV                     1.4174452 1.4192961 1.4848261 1.4192961 1.4856838 1.4807385 1.4174452 1.4856838 1.4848261 2.4061455 0.0000000 0.0000010 1.4839272 4.4320405 0.0121280 1.4807385 1.4839272 1.2695876 
MT521409_Megalocytivirus_lates1_SDDV                     1.4174452 1.4192961 1.4848261 1.4192961 1.4856838 1.4807385 1.4174452 1.4856838 1.4848261 2.4061455 0.0000010 0.0000000 1.4839272 4.4320405 0.0121280 1.4807385 1.4839272 1.2695876 
MG570131_Megalocytivirus_pagrus1_TRBIV                   0.0689713 0.0818130 0.0686981 0.0818130 0.0556603 0.0691087 0.0689713 0.0556603 0.0686981 2.6893852 1.4839272 1.4839272 0.0000000 1.6224833 1.4344263 0.0691087 0.0000010 0.6922016 
KT804738_Megalocytivirus_pagrus1_RSIV                    1.6115337 1.5644599 1.6119664 1.5644599 1.6100461 1.5949801 1.6115337 1.6100461 1.6119664 5.7755630 4.4320405 4.4320405 1.6224833 0.0000000 4.3457390 1.5949801 1.6224833 2.3740822 
OM037668_Megalocytivirus_lates1_SDDV                     1.3697409 1.3713208 1.4350929 1.3713208 1.4363423 1.4319509 1.3697409 1.4363423 1.4350929 2.3519928 0.0121280 0.0121280 1.4344263 4.3457390 0.0000000 1.4319509 1.4344263 1.2736743 
OP009387_Megalocytivirus_pagrus1_ISKNV                   0.0496032 0.0619126 0.0494146 0.0619126 0.0120320 0.0000010 0.0496032 0.0120320 0.0494146 2.5131318 1.4807385 1.4807385 0.0691087 1.5949801 1.4319509 0.0000000 0.0691087 0.6870812 
MG570132_Megalocytivirus_pagrus1_TRBIV                   0.0689713 0.0818130 0.0686981 0.0818130 0.0556603 0.0691087 0.0689713 0.0556603 0.0686981 2.6893852 1.4839272 1.4839272 0.0000010 1.6224833 1.4344263 0.0691087 0.0000000 0.6922016 
PQ335173_PQ335174_Threespine_stickleback_iridovirus_TSIV 0.6915693 0.6670763 0.7238452 0.6670763 0.7242905 0.6870812 0.6915693 0.7242905 0.7238452 2.2826650 1.2695876 1.2695876 0.6922016 2.3740822 1.2736743 0.6870812 0.6922016 0.0000000 
