27
AY894343_Megalocytivirus_pagrus1_RSIV                    0.0000000 0.0912019 0.0926909 0.0926909 0.0064643 0.0194956 2.0063052 0.0912019 1.8039018 0.9633076 1.4272120 0.0000010 0.5525935 1.4429415 0.0194956 1.9933951 2.2149962 0.1288060 1.9190780 0.0261005 0.1192940 0.9633076 1.4666758 2.4741229 1.8297092 0.1108175 0.1288060 
OP009387_Megalocytivirus_pagrus1_ISKNV                   0.0912019 0.0000000 0.0131707 0.0131707 0.0837663 0.0836118 2.0502709 0.0000010 1.8399492 0.9784000 1.4150298 0.0912019 0.4996520 1.4331836 0.0836118 1.8869306 2.1531806 0.1111643 1.9701297 0.0909535 0.1107669 0.9784000 1.4571329 2.6913517 1.9081583 0.1100720 0.1111643 
MW883606_Megalocytivirus_pagrus1_ISKNV                   0.0926909 0.0131707 0.0000000 0.0000010 0.0851320 0.0849718 2.0146143 0.0131707 1.8355684 0.9784000 1.4702219 0.0926909 0.4996520 1.4405607 0.0849718 1.9340494 2.1321186 0.1097955 1.9355251 0.0924337 0.1286579 0.9784000 1.4645533 2.5712261 1.9270157 0.1278345 0.1097955 
MW883599_Megalocytivirus_pagrus1_ISKNV                   0.0926909 0.0131707 0.0000010 0.0000000 0.0851320 0.0849718 2.0146143 0.0131707 1.8355684 0.9784000 1.4702219 0.0926909 0.4996520 1.4405607 0.0849718 1.9340494 2.1321186 0.1097955 1.9355251 0.0924337 0.1286579 0.9784000 1.4645533 2.5712261 1.9270157 0.1278345 0.1097955 
MW883598_Megalocytivirus_pagrus1_RSIV                    0.0064643 0.0837663 0.0851320 0.0851320 0.0000000 0.0129333 2.0205841 0.0837663 1.8310452 0.9633560 1.4249549 0.0064643 0.5384438 1.4404891 0.0129333 1.9907087 2.2187446 0.1206323 1.9329202 0.0194798 0.1112829 0.9633560 1.4642617 2.4713947 1.8272908 0.1029205 0.1206323 
MK098185_Megalocytivirus_pagrus1_RSIV                    0.0194956 0.0836118 0.0849718 0.0849718 0.0129333 0.0000000 2.0432558 0.0836118 1.7822296 0.9508015 1.4034004 0.0194956 0.5320370 1.4258718 0.0000010 1.9395409 2.1621966 0.1201328 1.9639781 0.0064639 0.1108077 0.9508015 1.4266124 2.5150117 1.7748033 0.1024674 0.1201328 
HF920637_Iridovirus_armadillidium1_n/a                   2.0063052 2.0502709 2.0146143 2.0146143 2.0205841 2.0432558 0.0000000 2.0502709 1.5323303 1.9455125 1.7972061 2.0063052 1.8974987 1.9445559 2.0432558 2.6714021 2.6729643 1.9183967 0.3366097 2.0660507 1.9161370 1.9455125 1.8981250 3.2576941 1.4486099 1.9161370 1.9183967 
PP974677_Megalocytivirus_pagrus1_ISKNV                   0.0912019 0.0000010 0.0131707 0.0131707 0.0837663 0.0836118 2.0502709 0.0000000 1.8399492 0.9784000 1.4150298 0.0912019 0.4996520 1.4331836 0.0836118 1.8869306 2.1531806 0.1111643 1.9701297 0.0909535 0.1107669 0.9784000 1.4571329 2.6913517 1.9081583 0.1100720 0.1111643 
KF938901_Chloriridovirus_anopheles1_n/a                  1.8039018 1.8399492 1.8355684 1.8355684 1.8310452 1.7822296 1.5323303 1.8399492 0.0000000 1.8200887 1.6818107 1.8039018 1.5390736 1.7446886 1.7822296 2.9759704 2.8474199 2.0496349 1.4294017 1.8027077 2.0311505 1.8200887 1.7502656 3.2000368 0.4655813 2.0423433 2.0496349 
MN562489_Megalocytivirus_lates1_SDDV                     0.9633076 0.9784000 0.9784000 0.9784000 0.9633560 0.9508015 1.9455125 0.9784000 1.8200887 0.0000000 1.6380108 0.9633076 0.9411685 1.4037223 0.9508015 1.4831641 2.2124011 0.9734136 1.8870627 0.9672636 0.9844615 0.0000010 1.4144282 2.4176228 1.5879981 0.9838009 0.9734136 
MF599468_Decapodiridovirus_litopenaeus1_n/a              1.4272120 1.4150298 1.4702219 1.4702219 1.4249549 1.4034004 1.7972061 1.4150298 1.6818107 1.6380108 0.0000000 1.4272120 1.5241533 1.4816367 1.4034004 2.2291124 2.7784040 1.4898699 1.7868842 1.4212369 1.4552166 1.6380108 1.4170136 2.6363143 1.7381938 1.4616107 1.4898699 
ON743042_Megalocytivirus_pagrus1_RSIV                    0.0000010 0.0912019 0.0926909 0.0926909 0.0064643 0.0194956 2.0063052 0.0912019 1.8039018 0.9633076 1.4272120 0.0000000 0.5525935 1.4429415 0.0194956 1.9933951 2.2149962 0.1288060 1.9190780 0.0261005 0.1192940 0.9633076 1.4666758 2.4741229 1.8297092 0.1108175 0.1288060 
PQ335173_PQ335174_Threespine_stickleback_iridovirus_TSIV 0.5525935 0.4996520 0.4996520 0.4996520 0.5384438 0.5320370 1.8974987 0.4996520 1.5390736 0.9411685 1.5241533 0.5525935 0.0000000 1.6329896 0.5320370 1.8306431 1.8606306 0.5073035 1.9535473 0.5453737 0.5297141 0.9411685 1.5424824 2.1764167 1.6610027 0.5253292 0.5073035 
MN803438_Lymphocystivirus_micropogonias1_n/a             1.4429415 1.4331836 1.4405607 1.4405607 1.4404891 1.4258718 1.9445559 1.4331836 1.7446886 1.4037223 1.4816367 1.4429415 1.6329896 0.0000000 1.4258718 1.6728027 2.2175784 1.5548719 1.9208390 1.4452274 1.5394914 1.4037223 0.1717692 2.6826707 1.5745277 1.5394914 1.5548719 
OL774654_Megalocytivirus_pagrus1_RSIV                    0.0194956 0.0836118 0.0849718 0.0849718 0.0129333 0.0000010 2.0432558 0.0836118 1.7822296 0.9508015 1.4034004 0.0194956 0.5320370 1.4258718 0.0000000 1.9395409 2.1621966 0.1201328 1.9639781 0.0064639 0.1108077 0.9508015 1.4266124 2.5150117 1.7748033 0.1024674 0.1201328 
AY521625_Ranavirus_epinephelus1_n/a                      1.9933951 1.8869306 1.9340494 1.9340494 1.9907087 1.9395409 2.6714021 1.8869306 2.9759704 1.4831641 2.2291124 1.9933951 1.8306431 1.6728027 1.9395409 0.0000000 0.9194686 2.1108349 2.4129855 1.9630911 2.0980645 1.4831641 1.8484800 3.2384918 2.5037172 2.0980645 2.1108349 
NC_005946_Ranavirus_rana1_n/a                            2.2149962 2.1531806 2.1321186 2.1321186 2.2187446 2.1621966 2.6729643 2.1531806 2.8474199 2.2124011 2.7784040 2.2149962 1.8606306 2.2175784 2.1621966 0.9194686 0.0000000 2.4377422 2.5572605 2.1871482 2.4225042 2.2124011 2.2072069 3.7844460 2.8552469 2.4225042 2.4377422 
MG570131_Megalocytivirus_pagrus1_TRBIV                   0.1288060 0.1111643 0.1097955 0.1097955 0.1206323 0.1201328 1.9183967 0.1111643 2.0496349 0.9734136 1.4898699 0.1288060 0.5073035 1.5548719 0.1201328 2.1108349 2.4377422 0.0000000 1.8466510 0.1281816 0.0134104 0.9734136 1.5001541 2.5783243 2.1378542 0.0133328 0.0000010 
AF303741_Iridovirus_chilo1_n/a                           1.9190780 1.9701297 1.9355251 1.9355251 1.9329202 1.9639781 0.3366097 1.9701297 1.4294017 1.8870627 1.7868842 1.9190780 1.9535473 1.9208390 1.9639781 2.4129855 2.5572605 1.8466510 0.0000000 1.9865503 1.8444002 1.8870627 2.0404228 3.1106754 1.4164868 1.8444002 1.8466510 
OQ475017_Megalocytivirus_pagrus1_RSIV                    0.0261005 0.0909535 0.0924337 0.0924337 0.0194798 0.0064639 2.0660507 0.0909535 1.8027077 0.9672636 1.4212369 0.0261005 0.5453737 1.4452274 0.0064639 1.9630911 2.1871482 0.1281816 1.9865503 0.0000000 0.1187009 0.9672636 1.4457805 2.5402957 1.7954924 0.1102522 0.1281816 
GQ273492_Megalocytivirus_pagrus1_TRBIV                   0.1192940 0.1107669 0.1286579 0.1286579 0.1112829 0.1108077 1.9161370 0.1107669 2.0311505 0.9844615 1.4552166 0.1192940 0.5297141 1.5394914 0.1108077 2.0980645 2.4225042 0.0134104 1.8444002 0.1187009 0.0000000 0.9844615 1.4857295 2.7056839 2.1047738 0.0065632 0.0134104 
MT521409_Megalocytivirus_lates1_SDDV                     0.9633076 0.9784000 0.9784000 0.9784000 0.9633560 0.9508015 1.9455125 0.9784000 1.8200887 0.0000010 1.6380108 0.9633076 0.9411685 1.4037223 0.9508015 1.4831641 2.2124011 0.9734136 1.8870627 0.9672636 0.9844615 0.0000000 1.4144282 2.4176228 1.5879981 0.9838009 0.9734136 
KX643370_Lymphocystivirus_sparus1_n/a                    1.4666758 1.4571329 1.4645533 1.4645533 1.4642617 1.4266124 1.8981250 1.4571329 1.7502656 1.4144282 1.4170136 1.4666758 1.5424824 0.1717692 1.4266124 1.8484800 2.2072069 1.5001541 2.0404228 1.4457805 1.4857295 1.4144282 0.0000000 2.8014518 1.5577898 1.4857295 1.5001541 
LS484712_Daphniairidovirus_daphnia1_n/a                  2.4741229 2.6913517 2.5712261 2.5712261 2.4713947 2.5150117 3.2576941 2.6913517 3.2000368 2.4176228 2.6363143 2.4741229 2.1764167 2.6826707 2.5150117 3.2384918 3.7844460 2.5783243 3.1106754 2.5402957 2.7056839 2.4176228 2.8014518 0.0000000 2.7495033 2.6116361 2.5783243 
HF920633_Chloriridovirus_simulium1_n/a                   1.8297092 1.9081583 1.9270157 1.9270157 1.8272908 1.7748033 1.4486099 1.9081583 0.4655813 1.5879981 1.7381938 1.8297092 1.6610027 1.5745277 1.7748033 2.5037172 2.8552469 2.1378542 1.4164868 1.7954924 2.1047738 1.5879981 1.5577898 2.7495033 0.0000000 2.1165433 2.1378542 
OK042109_Megalocytivirus_pagrus1_RSIV                    0.1108175 0.1100720 0.1278345 0.1278345 0.1029205 0.1024674 1.9161370 0.1100720 2.0423433 0.9838009 1.4616107 0.1108175 0.5253292 1.5394914 0.1024674 2.0980645 2.4225042 0.0133328 1.8444002 0.1102522 0.0065632 0.9838009 1.4857295 2.6116361 2.1165433 0.0000000 0.0133328 
MG570132_Megalocytivirus_pagrus1_TRBIV                   0.1288060 0.1111643 0.1097955 0.1097955 0.1206323 0.1201328 1.9183967 0.1111643 2.0496349 0.9734136 1.4898699 0.1288060 0.5073035 1.5548719 0.1201328 2.1108349 2.4377422 0.0000010 1.8466510 0.1281816 0.0134104 0.9734136 1.5001541 2.5783243 2.1378542 0.0133328 0.0000000 
