23
KT804738_Megalocytivirus_pagrus1_RSIV                    0.0000000 0.0764182 0.0076034 0.0788199 0.0764554 0.0173007 0.0000010 0.0764554 0.0741602 0.0076034 1.6061625 0.0683855 0.0741602 0.0779403 0.0440301 0.0779403 0.0719636 0.0719636 0.0795724 0.0791749 0.0764182 0.0037697 0.0802385 
MW883596_Megalocytivirus_pagrus1_ISKNV                   0.0764182 0.0000000 0.0765713 0.0778198 0.0037644 0.0741399 0.0764182 0.0037644 0.0018789 0.0765713 1.5964169 0.0739352 0.0018789 0.0325301 0.0276937 0.0325301 0.0037629 0.0037629 0.0057100 0.0781782 0.0000010 0.0716868 0.0346055 
OL774655_Megalocytivirus_pagrus1_RSIV                    0.0076034 0.0765713 0.0000000 0.0860808 0.0766087 0.0133549 0.0076034 0.0766087 0.0743089 0.0000010 1.5764009 0.0753999 0.0743089 0.0780969 0.0484866 0.0780969 0.0721081 0.0721081 0.0797331 0.0864532 0.0765713 0.0037764 0.0803996 
MG570131_Megalocytivirus_pagrus1_TRBIV                   0.0788199 0.0778198 0.0860808 0.0000000 0.0778588 0.0745251 0.0788199 0.0778588 0.0755386 0.0860808 1.5833226 0.0421367 0.0755386 0.0672394 0.0796375 0.0672394 0.0733210 0.0733210 0.0810231 0.0018850 0.0778198 0.0811022 0.0694961 
23043610005_Megalocytivirus_pagrus1_ISKNV                0.0764554 0.0037644 0.0766087 0.0778588 0.0000000 0.0741747 0.0764554 0.0000010 0.0018788 0.0766087 1.5925334 0.0739696 0.0018788 0.0325352 0.0276970 0.0325352 0.0037628 0.0037628 0.0057100 0.0782177 0.0037644 0.0717190 0.0346113 
OQ475017_Megalocytivirus_pagrus1_RSIV                    0.0173007 0.0741399 0.0133549 0.0745251 0.0741747 0.0000000 0.0173007 0.0741747 0.0718868 0.0133549 1.5862533 0.0597067 0.0718868 0.0665958 0.0462251 0.0665958 0.0696943 0.0696943 0.0772626 0.0748709 0.0741399 0.0133686 0.0688507 
ON743042_Megalocytivirus_pagrus1_RSIV                    0.0000010 0.0764182 0.0076034 0.0788199 0.0764554 0.0173007 0.0000000 0.0764554 0.0741602 0.0076034 1.6061625 0.0683855 0.0741602 0.0779403 0.0440301 0.0779403 0.0719636 0.0719636 0.0795724 0.0791749 0.0764182 0.0037697 0.0802385 
MW883594_Megalocytivirus_pagrus1_ISKNV                   0.0764554 0.0037644 0.0766087 0.0778588 0.0000010 0.0741747 0.0764554 0.0000000 0.0018788 0.0766087 1.5925334 0.0739696 0.0018788 0.0325352 0.0276970 0.0325352 0.0037628 0.0037628 0.0057100 0.0782177 0.0037644 0.0717190 0.0346113 
ON212400_Megalocytivirus_pagrus1_ISKNV                   0.0741602 0.0018789 0.0743089 0.0755386 0.0018788 0.0718868 0.0741602 0.0018788 0.0000000 0.0743089 1.5878298 0.0716952 0.0000010 0.0304558 0.0256748 0.0304558 0.0018781 0.0018781 0.0037998 0.0758919 0.0018789 0.0694489 0.0325255 
OL774654_Megalocytivirus_pagrus1_RSIV                    0.0076034 0.0765713 0.0000010 0.0860808 0.0766087 0.0133549 0.0076034 0.0766087 0.0743089 0.0000000 1.5764009 0.0753999 0.0743089 0.0780969 0.0484866 0.0780969 0.0721081 0.0721081 0.0797331 0.0864532 0.0765713 0.0037764 0.0803996 
PQ335173_PQ335174_Threespine_stickleback_iridovirus_TSIV 1.6061625 1.5964169 1.5764009 1.5833226 1.5925334 1.5862533 1.6061625 1.5925334 1.5878298 1.5764009 0.0000000 1.5968684 1.5878298 1.5610022 1.6212570 1.5610022 1.5871668 1.5871668 1.5998624 1.5828610 1.5964169 1.5948678 1.5610022 
GQ273492_Megalocytivirus_pagrus1_TRBIV                   0.0683855 0.0739352 0.0753999 0.0421367 0.0739696 0.0597067 0.0683855 0.0739696 0.0716952 0.0753999 1.5968684 0.0000000 0.0716952 0.0664417 0.0807046 0.0664417 0.0695170 0.0695170 0.0770400 0.0442530 0.0739352 0.0705965 0.0686791 
AF371960_Megalocytivirus_pagrus1_ISKNV                   0.0741602 0.0018789 0.0743089 0.0755386 0.0018788 0.0718868 0.0741602 0.0018788 0.0000010 0.0743089 1.5878298 0.0716952 0.0000000 0.0304558 0.0256748 0.0304558 0.0018781 0.0018781 0.0037998 0.0758919 0.0018789 0.0694489 0.0325255 
PP974677_Megalocytivirus_pagrus1_ISKNV                   0.0779403 0.0325301 0.0780969 0.0672394 0.0325352 0.0665958 0.0779403 0.0325352 0.0304558 0.0780969 1.5610022 0.0664417 0.0304558 0.0000000 0.0536684 0.0000010 0.0325159 0.0325159 0.0349722 0.0675713 0.0325301 0.0731711 0.0018784 
KT781098_Megalocytivirus_pagrus1_ISKNV                   0.0440301 0.0276937 0.0484866 0.0796375 0.0276970 0.0462251 0.0440301 0.0276970 0.0256748 0.0484866 1.6212570 0.0807046 0.0256748 0.0536684 0.0000000 0.0536684 0.0236828 0.0236828 0.0300213 0.0799991 0.0276937 0.0439917 0.0558656 
MW883595_Megalocytivirus_pagrus1_ISKNV                   0.0779403 0.0325301 0.0780969 0.0672394 0.0325352 0.0665958 0.0779403 0.0325352 0.0304558 0.0780969 1.5610022 0.0664417 0.0304558 0.0000010 0.0536684 0.0000000 0.0325159 0.0325159 0.0349722 0.0675713 0.0325301 0.0731711 0.0018784 
OR670976_Megalocytivirus_pagrus1_ISKNV                   0.0719636 0.0037629 0.0721081 0.0733210 0.0037628 0.0696943 0.0719636 0.0037628 0.0018781 0.0721081 1.5871668 0.0695170 0.0018781 0.0325159 0.0236828 0.0325159 0.0000000 0.0000010 0.0057076 0.0736691 0.0037629 0.0672697 0.0345904 
OQ513807_Megalocytivirus_pagrus1_ISKNV                   0.0719636 0.0037629 0.0721081 0.0733210 0.0037628 0.0696943 0.0719636 0.0037628 0.0018781 0.0721081 1.5871668 0.0695170 0.0018781 0.0325159 0.0236828 0.0325159 0.0000010 0.0000000 0.0057076 0.0736691 0.0037629 0.0672697 0.0345904 
MT926123_Megalocytivirus_pagrus1_ISKNV                   0.0795724 0.0057100 0.0797331 0.0810231 0.0057100 0.0772626 0.0795724 0.0057100 0.0037998 0.0797331 1.5998624 0.0770400 0.0037998 0.0349722 0.0300213 0.0349722 0.0057076 0.0057076 0.0000000 0.0813923 0.0057100 0.0747618 0.0370763 
MG570132_Megalocytivirus_pagrus1_TRBIV                   0.0791749 0.0781782 0.0864532 0.0018850 0.0782177 0.0748709 0.0791749 0.0782177 0.0758919 0.0864532 1.5828610 0.0442530 0.0758919 0.0675713 0.0799991 0.0675713 0.0736691 0.0736691 0.0813923 0.0000000 0.0781782 0.0814624 0.0698341 
MW883597_Megalocytivirus_pagrus1_ISKNV                   0.0764182 0.0000010 0.0765713 0.0778198 0.0037644 0.0741399 0.0764182 0.0037644 0.0018789 0.0765713 1.5964169 0.0739352 0.0018789 0.0325301 0.0276937 0.0325301 0.0037629 0.0037629 0.0057100 0.0781782 0.0000000 0.0716868 0.0346055 
MW883598_Megalocytivirus_pagrus1_RSIV                    0.0037697 0.0716868 0.0037764 0.0811022 0.0717190 0.0133686 0.0037697 0.0717190 0.0694489 0.0037764 1.5948678 0.0705965 0.0694489 0.0731711 0.0439917 0.0731711 0.0672697 0.0672697 0.0747618 0.0814624 0.0716868 0.0000000 0.0754459 
MN432490_Megalocytivirus_pagrus1_ISKNV                   0.0802385 0.0346055 0.0803996 0.0694961 0.0346113 0.0688507 0.0802385 0.0346113 0.0325255 0.0803996 1.5610022 0.0686791 0.0325255 0.0018784 0.0558656 0.0018784 0.0345904 0.0345904 0.0370763 0.0698341 0.0346055 0.0754459 0.0000000 
