18
MW883606_Megalocytivirus_pagrus1_ISKNV                   0.0000000 0.0074881 0.0615180 0.0615180 0.0074881 0.0536601 0.9234456 0.0302460 0.0302460 0.0615656 0.0693966 0.0615656 1.1574335 0.9008750 0.0537615 0.0150220 0.0150220 0.0536601 
MW883599_Megalocytivirus_pagrus1_ISKNV                   0.0074881 0.0000000 0.0535818 0.0535818 0.0000010 0.0457864 0.9197018 0.0225833 0.0225833 0.0536249 0.0614025 0.0536249 1.1618481 0.8971868 0.0458708 0.0074772 0.0074772 0.0457864 
ON075463_Megalocytivirus_pagrus1_RSIV                    0.0615180 0.0535818 0.0000000 0.0000010 0.0535818 0.0536824 0.8684833 0.0457447 0.0457447 0.0615907 0.0075250 0.0615907 1.1319892 0.8465748 0.0075255 0.0614254 0.0614254 0.0536824 
MK098187_Megalocytivirus_pagrus1_RSIV                    0.0615180 0.0535818 0.0000010 0.0000000 0.0535818 0.0536824 0.8684833 0.0457447 0.0457447 0.0615907 0.0075250 0.0615907 1.1319892 0.8465748 0.0075255 0.0614254 0.0614254 0.0536824 
MW883601_Megalocytivirus_pagrus1_ISKNV                   0.0074881 0.0000010 0.0535818 0.0535818 0.0000000 0.0457864 0.9197018 0.0225833 0.0225833 0.0536249 0.0614025 0.0536249 1.1618481 0.8971868 0.0458708 0.0074772 0.0074772 0.0457864 
OK042109_Megalocytivirus_pagrus1_RSIV                    0.0536601 0.0457864 0.0536824 0.0536824 0.0457864 0.0000000 0.9743760 0.0535733 0.0535733 0.0074804 0.0615155 0.0074804 1.1047369 0.9514040 0.0459586 0.0535798 0.0535798 0.0000010 
AY894343_Megalocytivirus_pagrus1_RSIV                    0.9234456 0.9197018 0.8684833 0.8684833 0.9197018 0.9743760 0.0000000 0.9144948 0.9144948 0.9725887 0.8878478 0.9725887 2.9101553 0.0000010 0.8785075 0.9409294 0.9409294 0.9743760 
PP974677_Megalocytivirus_pagrus1_ISKNV                   0.0302460 0.0225833 0.0457447 0.0457447 0.0225833 0.0535733 0.9144948 0.0000000 0.0000010 0.0614649 0.0535122 0.0614649 1.1630329 0.8921755 0.0380743 0.0302016 0.0302016 0.0535733 
MN432490_Megalocytivirus_pagrus1_ISKNV                   0.0302460 0.0225833 0.0457447 0.0457447 0.0225833 0.0535733 0.9144948 0.0000010 0.0000000 0.0614649 0.0535122 0.0614649 1.1630329 0.8921755 0.0380743 0.0302016 0.0302016 0.0535733 
MG570132_Megalocytivirus_pagrus1_TRBIV                   0.0615656 0.0536249 0.0615907 0.0615907 0.0536249 0.0074804 0.9725887 0.0614649 0.0614649 0.0000000 0.0694759 0.0000010 1.0856367 0.9496754 0.0538272 0.0614730 0.0614730 0.0074804 
ON740976_Megalocytivirus_pagrus1_RSIV                    0.0693966 0.0614025 0.0075250 0.0075250 0.0614025 0.0615155 0.8878478 0.0535122 0.0535122 0.0694759 0.0000000 0.0694759 1.1207613 0.8657706 0.0150916 0.0692918 0.0692918 0.0615155 
MG570131_Megalocytivirus_pagrus1_TRBIV                   0.0615656 0.0536249 0.0615907 0.0615907 0.0536249 0.0074804 0.9725887 0.0614649 0.0614649 0.0000010 0.0694759 0.0000000 1.0856367 0.9496754 0.0538272 0.0614730 0.0614730 0.0074804 
PQ335173_PQ335174_Threespine_stickleback_iridovirus_TSIV 1.1574335 1.1618481 1.1319892 1.1319892 1.1618481 1.1047369 2.9101553 1.1630329 1.1630329 1.0856367 1.1207613 1.0856367 0.0000000 2.8685661 1.1518893 1.1814862 1.1814862 1.1047369 
KT804738_Megalocytivirus_pagrus1_RSIV                    0.9008750 0.8971868 0.8465748 0.8465748 0.8971868 0.9514040 0.0000010 0.8921755 0.8921755 0.9496754 0.8657706 0.9496754 2.8685661 0.0000000 0.8565001 0.9181851 0.9181851 0.9514040 
MW883598_Megalocytivirus_pagrus1_RSIV                    0.0537615 0.0458708 0.0075255 0.0075255 0.0458708 0.0459586 0.8785075 0.0380743 0.0380743 0.0538272 0.0150916 0.0538272 1.1518893 0.8565001 0.0000000 0.0536809 0.0536809 0.0459586 
OR670976_Megalocytivirus_pagrus1_ISKNV                   0.0150220 0.0074772 0.0614254 0.0614254 0.0074772 0.0535798 0.9409294 0.0302016 0.0302016 0.0614730 0.0692918 0.0614730 1.1814862 0.9181851 0.0536809 0.0000000 0.0000010 0.0535798 
OQ513807_Megalocytivirus_pagrus1_ISKNV                   0.0150220 0.0074772 0.0614254 0.0614254 0.0074772 0.0535798 0.9409294 0.0302016 0.0302016 0.0614730 0.0692918 0.0614730 1.1814862 0.9181851 0.0536809 0.0000010 0.0000000 0.0535798 
GQ273492_Megalocytivirus_pagrus1_TRBIV                   0.0536601 0.0457864 0.0536824 0.0536824 0.0457864 0.0000010 0.9743760 0.0535733 0.0535733 0.0074804 0.0615155 0.0074804 1.1047369 0.9514040 0.0459586 0.0535798 0.0535798 0.0000000 
