24
ON743042_Megalocytivirus_pagrus1_RSIV                    0.0000000 0.5636971 0.0391046 0.0323964 0.0323964 0.9881307 0.0000010 2.3205854 2.4850541 2.0542304 0.0104572 2.7272966 0.0457664 0.0104572 1.9632114 0.0216314 0.0216314 3.0538739 0.0391046 2.2081040 0.9881307 2.8789098 2.5864266 2.3388788 
PQ335173_PQ335174_Threespine_stickleback_iridovirus_TSIV 0.5636971 0.0000000 0.5245723 0.5751883 0.5751883 0.9387767 0.5636971 2.6393737 2.5100972 2.2010895 0.5554499 2.8023469 0.5341003 0.5554499 2.3637052 0.5853996 0.5853996 3.0628633 0.5245723 2.4883481 0.9387767 3.2960996 2.8285553 2.4884639 
MG570132_Megalocytivirus_pagrus1_TRBIV                   0.0391046 0.5245723 0.0000000 0.0565374 0.0565374 0.9231011 0.0391046 2.3447790 2.3822848 2.0618345 0.0446975 2.5694079 0.0219672 0.0446975 1.9504243 0.0397740 0.0397740 3.0681456 0.0000010 2.2294064 0.9231011 2.8764447 2.7582201 2.3499753 
MK689685_Megalocytivirus_pagrus1_ISKNV                   0.0323964 0.5751883 0.0565374 0.0000000 0.0000010 1.0149451 0.0323964 2.3444263 2.4753324 2.1188882 0.0273757 2.7387220 0.0635421 0.0273757 2.0141323 0.0216236 0.0216236 3.2540691 0.0565374 2.2650648 1.0149451 2.9425848 2.6566946 2.3929310 
MT986830_Megalocytivirus_pagrus1_ISKNV                   0.0323964 0.5751883 0.0565374 0.0000010 0.0000000 1.0149451 0.0323964 2.3444263 2.4753324 2.1188882 0.0273757 2.7387220 0.0635421 0.0273757 2.0141323 0.0216236 0.0216236 3.2540691 0.0565374 2.2650648 1.0149451 2.9425848 2.6566946 2.3929310 
OM037668_Megalocytivirus_lates1_SDDV                     0.9881307 0.9387767 0.9231011 1.0149451 1.0149451 0.0000000 0.9881307 2.4343937 2.8439664 1.9940995 0.9776778 2.5739483 0.9610857 0.9776778 2.1022097 1.0065368 1.0065368 2.7736257 0.9231011 2.1365660 0.0000010 3.0720211 2.6435897 2.2508429 
AY894343_Megalocytivirus_pagrus1_RSIV                    0.0000010 0.5636971 0.0391046 0.0323964 0.0323964 0.9881307 0.0000000 2.3205854 2.4850541 2.0542304 0.0104572 2.7272966 0.0457664 0.0104572 1.9632114 0.0216314 0.0216314 3.0538739 0.0391046 2.2081040 0.9881307 2.8789098 2.5864266 2.3388788 
AY521625_Ranavirus_epinephelus1_n/a                      2.3205854 2.6393737 2.3447790 2.3444263 2.3444263 2.4343937 2.3205854 0.0000000 1.0565067 2.5894185 2.3101602 3.2686698 2.2979789 2.3101602 2.7346637 2.3662137 2.3662137 3.7914170 2.3447790 3.2864538 2.4343937 4.3899173 4.2426203 3.3895166 
NC_005946_Ranavirus_rana1_n/a                            2.4850541 2.5100972 2.3822848 2.4753324 2.4753324 2.8439664 2.4850541 1.0565067 0.0000000 1.8877924 2.4720273 2.9748233 2.2914590 2.4720273 2.1537465 2.5515003 2.5515003 3.7845490 2.3822848 3.0349182 2.8439664 3.4481593 3.7623420 3.2066278 
MN803438_Lymphocystivirus_micropogonias1_n/a             2.0542304 2.2010895 2.0618345 2.1188882 2.1188882 1.9940995 2.0542304 2.5894185 1.8877924 0.0000000 2.0656507 2.1897423 2.1268409 2.0656507 0.2501730 2.1277370 2.1277370 2.3543480 2.0618345 2.0792632 1.9940995 2.5265392 2.5413324 2.0229622 
MW139932_Megalocytivirus_pagrus1_RSIV                    0.0104572 0.5554499 0.0446975 0.0273757 0.0273757 0.9776778 0.0104572 2.3101602 2.4720273 2.0656507 0.0000000 2.7132413 0.0514485 0.0000010 1.9738600 0.0274931 0.0274931 3.1005360 0.0446975 2.2098000 0.9776778 2.8943321 2.5800180 2.3405049 
MF599468_Decapodiridovirus_litopenaeus1_n/a              2.7272966 2.8023469 2.5694079 2.7387220 2.7387220 2.5739483 2.7272966 3.2686698 2.9748233 2.1897423 2.7132413 0.0000000 2.6258907 2.7132413 2.3000511 2.7315706 2.7315706 1.7331782 2.5694079 1.3583834 2.5739483 2.0706644 1.9766149 1.2748493 
GQ273492_Megalocytivirus_pagrus1_TRBIV                   0.0457664 0.5341003 0.0219672 0.0635421 0.0635421 0.9610857 0.0457664 2.2979789 2.2914590 2.1268409 0.0514485 2.6258907 0.0000000 0.0514485 2.0198980 0.0465610 0.0465610 2.9993091 0.0219672 2.2836255 0.9610857 3.0037224 2.7008960 2.3951471 
OQ475017_Megalocytivirus_pagrus1_RSIV                    0.0104572 0.5554499 0.0446975 0.0273757 0.0273757 0.9776778 0.0104572 2.3101602 2.4720273 2.0656507 0.0000010 2.7132413 0.0514485 0.0000000 1.9738600 0.0274931 0.0274931 3.1005360 0.0446975 2.2098000 0.9776778 2.8943321 2.5800180 2.3405049 
KX643370_Lymphocystivirus_sparus1_n/a                    1.9632114 2.3637052 1.9504243 2.0141323 2.0141323 2.1022097 1.9632114 2.7346637 2.1537465 0.2501730 1.9738600 2.3000511 2.0198980 1.9738600 0.0000000 2.0219692 2.0219692 2.4336196 1.9504243 2.1355985 2.1022097 2.5268620 2.6142506 2.0583227 
MW883595_Megalocytivirus_pagrus1_ISKNV                   0.0216314 0.5853996 0.0397740 0.0216236 0.0216236 1.0065368 0.0216314 2.3662137 2.5515003 2.1277370 0.0274931 2.7315706 0.0465610 0.0274931 2.0219692 0.0000000 0.0000010 3.1652756 0.0397740 2.2436096 1.0065368 2.9952077 2.6052514 2.3762865 
OP009387_Megalocytivirus_pagrus1_ISKNV                   0.0216314 0.5853996 0.0397740 0.0216236 0.0216236 1.0065368 0.0216314 2.3662137 2.5515003 2.1277370 0.0274931 2.7315706 0.0465610 0.0274931 2.0219692 0.0000010 0.0000000 3.1652756 0.0397740 2.2436096 1.0065368 2.9952077 2.6052514 2.3762865 
HF920633_Chloriridovirus_simulium1_n/a                   3.0538739 3.0628633 3.0681456 3.2540691 3.2540691 2.7736257 3.0538739 3.7914170 3.7845490 2.3543480 3.1005360 1.7331782 2.9993091 3.1005360 2.4336196 3.1652756 3.1652756 0.0000000 3.0681456 1.3653317 2.7736257 1.8428691 0.4886630 1.4249500 
MG570131_Megalocytivirus_pagrus1_TRBIV                   0.0391046 0.5245723 0.0000010 0.0565374 0.0565374 0.9231011 0.0391046 2.3447790 2.3822848 2.0618345 0.0446975 2.5694079 0.0219672 0.0446975 1.9504243 0.0397740 0.0397740 3.0681456 0.0000000 2.2294064 0.9231011 2.8764447 2.7582201 2.3499753 
HF920637_Iridovirus_armadillidium1_n/a                   2.2081040 2.4883481 2.2294064 2.2650648 2.2650648 2.1365660 2.2081040 3.2864538 3.0349182 2.0792632 2.2098000 1.3583834 2.2836255 2.2098000 2.1355985 2.2436096 2.2436096 1.3653317 2.2294064 0.0000000 2.1365660 2.5115330 1.3519151 0.3950526 
MT521409_Megalocytivirus_lates1_SDDV                     0.9881307 0.9387767 0.9231011 1.0149451 1.0149451 0.0000010 0.9881307 2.4343937 2.8439664 1.9940995 0.9776778 2.5739483 0.9610857 0.9776778 2.1022097 1.0065368 1.0065368 2.7736257 0.9231011 2.1365660 0.0000000 3.0720211 2.6435897 2.2508429 
LS484712_Daphniairidovirus_daphnia1_n/a                  2.8789098 3.2960996 2.8764447 2.9425848 2.9425848 3.0720211 2.8789098 4.3899173 3.4481593 2.5265392 2.8943321 2.0706644 3.0037224 2.8943321 2.5268620 2.9952077 2.9952077 1.8428691 2.8764447 2.5115330 3.0720211 0.0000000 2.0988531 2.7685748 
KF938901_Chloriridovirus_anopheles1_n/a                  2.5864266 2.8285553 2.7582201 2.6566946 2.6566946 2.6435897 2.5864266 4.2426203 3.7623420 2.5413324 2.5800180 1.9766149 2.7008960 2.5800180 2.6142506 2.6052514 2.6052514 0.4886630 2.7582201 1.3519151 2.6435897 2.0988531 0.0000000 1.4158857 
AF303741_Iridovirus_chilo1_n/a                           2.3388788 2.4884639 2.3499753 2.3929310 2.3929310 2.2508429 2.3388788 3.3895166 3.2066278 2.0229622 2.3405049 1.2748493 2.3951471 2.3405049 2.0583227 2.3762865 2.3762865 1.4249500 2.3499753 0.3950526 2.2508429 2.7685748 1.4158857 0.0000000 
