26
NC_003494_Megalocytivirus_pagrus1_ISKNV                  0.0000000 0.0000010 0.1455692 0.1385074 0.0183307 0.0000010 0.1385074 0.0060717 0.1484560 0.0060717 1.9808830 0.0060738 0.0121868 0.1455692 0.2339302 0.0061356 0.2156610 0.0434065 0.0434065 0.0121868 0.2009921 0.0060738 0.0000010 0.0183307 0.2339302 0.0121868 
AF371960_Megalocytivirus_pagrus1_ISKNV                   0.0000010 0.0000000 0.1455692 0.1385074 0.0183307 0.0000010 0.1385074 0.0060717 0.1484560 0.0060717 1.9808830 0.0060738 0.0121868 0.1455692 0.2339302 0.0061356 0.2156610 0.0434065 0.0434065 0.0121868 0.2009921 0.0060738 0.0000010 0.0183307 0.2339302 0.0121868 
AB104413_Megalocytivirus_pagrus1_RSIV                    0.1455692 0.1455692 0.0000000 0.0208776 0.1700701 0.1460858 0.0208776 0.1533975 0.0213839 0.1533975 1.9639843 0.1534478 0.1617853 0.0000010 0.1727091 0.1554383 0.1409826 0.1476434 0.1476434 0.1781595 0.1185475 0.1534478 0.1466063 0.1700701 0.1727091 0.1617853 
AY894343_Megalocytivirus_pagrus1_RSIV                    0.1385074 0.1385074 0.0208776 0.0000000 0.1630346 0.1390001 0.0000010 0.1463562 0.0069563 0.1463562 1.8705840 0.1464053 0.1547435 0.0208776 0.1563652 0.1483111 0.1408430 0.1492379 0.1492379 0.1632058 0.1174003 0.1464053 0.1394964 0.1630346 0.1563652 0.1547435 
23043610003_Megalocytivirus_pagrus1_ISKNV                0.0183307 0.0183307 0.1700701 0.1630346 0.0000000 0.0183812 0.1630346 0.0121771 0.1734342 0.0121771 1.9972886 0.0244711 0.0306894 0.1700701 0.2607136 0.0123057 0.2420059 0.0624810 0.0624810 0.0306894 0.2273287 0.0244711 0.0184319 0.0000010 0.2607136 0.0306894 
ON212400_Megalocytivirus_pagrus1_ISKNV                   0.0000010 0.0000010 0.1460858 0.1390001 0.0183812 0.0000000 0.1390001 0.0060883 0.1484560 0.0060883 2.0081277 0.0060904 0.0122203 0.1460858 0.2264022 0.0061525 0.2156610 0.0435284 0.0435284 0.0122203 0.2009921 0.0060904 0.0000010 0.0183812 0.2264022 0.0122203 
ON740976_Megalocytivirus_pagrus1_RSIV                    0.1385074 0.1385074 0.0208776 0.0000010 0.1630346 0.1390001 0.0000000 0.1463562 0.0069563 0.1463562 1.8705840 0.1464053 0.1547435 0.0208776 0.1563652 0.1483111 0.1408430 0.1492379 0.1492379 0.1632058 0.1174003 0.1464053 0.1394964 0.1630346 0.1563652 0.1547435 
MW883599_Megalocytivirus_pagrus1_ISKNV                   0.0060717 0.0060717 0.1533975 0.1463562 0.0121771 0.0060883 0.1463562 0.0000000 0.1564313 0.0000010 1.9448430 0.0121581 0.0182962 0.1533975 0.2423277 0.0000010 0.2239504 0.0496545 0.0496545 0.0182962 0.2093038 0.0121581 0.0061049 0.0121771 0.2423277 0.0182962 
ON743042_Megalocytivirus_pagrus1_RSIV                    0.1484560 0.1484560 0.0213839 0.0069563 0.1734342 0.1484560 0.0069563 0.1564313 0.0000000 0.1564313 1.9672859 0.1564831 0.1649865 0.0213839 0.1515375 0.1585508 0.1425229 0.1503273 0.1503273 0.1649865 0.1188083 0.1564831 0.1394964 0.1734342 0.1515375 0.1649865 
MW883594_Megalocytivirus_pagrus1_ISKNV                   0.0060717 0.0060717 0.1533975 0.1463562 0.0121771 0.0060883 0.1463562 0.0000010 0.1564313 0.0000000 1.9448430 0.0121581 0.0182962 0.1533975 0.2423277 0.0000010 0.2239504 0.0496545 0.0496545 0.0182962 0.2093038 0.0121581 0.0061049 0.0121771 0.2423277 0.0182962 
PQ335173_PQ335174_Threespine_stickleback_iridovirus_TSIV 1.9808830 1.9808830 1.9639843 1.8705840 1.9972886 2.0081277 1.8705840 1.9448430 1.9672859 1.9448430 0.0000000 2.0206656 2.0426057 1.9639843 1.9183359 1.9648180 1.9279947 2.0290881 2.0290881 2.0426057 1.8901907 2.0206656 2.0364227 1.9972886 1.9183359 2.0426057 
OP896201_Megalocytivirus_pagrus1_ISKNV                   0.0060738 0.0060738 0.1534478 0.1464053 0.0244711 0.0060904 0.1464053 0.0121581 0.1564831 0.0121581 2.0206656 0.0000000 0.0060789 0.1534478 0.2423915 0.0122862 0.2240127 0.0496712 0.0496712 0.0060789 0.2093652 0.0000010 0.0061071 0.0244711 0.2423915 0.0060789 
MW883600_Megalocytivirus_pagrus1_ISKNV                   0.0121868 0.0121868 0.1617853 0.1547435 0.0306894 0.0122203 0.1547435 0.0182962 0.1649865 0.0182962 2.0426057 0.0060789 0.0000000 0.1617853 0.2516193 0.0184897 0.2330657 0.0560698 0.0560698 0.0000010 0.2183973 0.0060789 0.0122538 0.0306894 0.2516193 0.0000010 
BD143114_Megalocytivirus_pagrus1_RSIV                    0.1455692 0.1455692 0.0000010 0.0208776 0.1700701 0.1460858 0.0208776 0.1533975 0.0213839 0.1533975 1.9639843 0.1534478 0.1617853 0.0000000 0.1727091 0.1554383 0.1409826 0.1476434 0.1476434 0.1781595 0.1185475 0.1534478 0.1466063 0.1700701 0.1727091 0.1617853 
MG570131_Megalocytivirus_pagrus1_TRBIV                   0.2339302 0.2339302 0.1727091 0.1563652 0.2607136 0.2264022 0.1563652 0.2423277 0.1515375 0.2423277 1.9183359 0.2423915 0.2516193 0.1727091 0.0000000 0.2423277 0.0854419 0.2446578 0.2446578 0.2586721 0.1018757 0.2423915 0.2272676 0.2607136 0.0000010 0.2516193 
MW883601_Megalocytivirus_pagrus1_ISKNV                   0.0061356 0.0061356 0.1554383 0.1483111 0.0123057 0.0061525 0.1483111 0.0000010 0.1585508 0.0000010 1.9648180 0.0122862 0.0184897 0.1554383 0.2423277 0.0000000 0.2239504 0.0501897 0.0501897 0.0184897 0.2093038 0.0122862 0.0061696 0.0123057 0.2423277 0.0184897 
GQ273492_Megalocytivirus_pagrus1_TRBIV                   0.2156610 0.2156610 0.1409826 0.1408430 0.2420059 0.2156610 0.1408430 0.2239504 0.1425229 0.2239504 1.9279947 0.2240127 0.2330657 0.1409826 0.0854419 0.2239504 0.0000000 0.2169549 0.2169549 0.2410421 0.0495060 0.2240127 0.2164739 0.2420059 0.0854419 0.2330657 
MW883595_Megalocytivirus_pagrus1_ISKNV                   0.0434065 0.0434065 0.1476434 0.1492379 0.0624810 0.0435284 0.1492379 0.0496545 0.1503273 0.0496545 2.0290881 0.0496712 0.0560698 0.1476434 0.2446578 0.0501897 0.2169549 0.0000000 0.0000010 0.0559119 0.2116995 0.0496712 0.0436510 0.0624810 0.2446578 0.0560698 
MN432490_Megalocytivirus_pagrus1_ISKNV                   0.0434065 0.0434065 0.1476434 0.1492379 0.0624810 0.0435284 0.1492379 0.0496545 0.1503273 0.0496545 2.0290881 0.0496712 0.0560698 0.1476434 0.2446578 0.0501897 0.2169549 0.0000010 0.0000000 0.0559119 0.2116995 0.0496712 0.0436510 0.0624810 0.2446578 0.0560698 
MW883602_Megalocytivirus_pagrus1_ISKNV                   0.0121868 0.0121868 0.1781595 0.1632058 0.0306894 0.0122203 0.1632058 0.0182962 0.1649865 0.0182962 2.0426057 0.0060789 0.0000010 0.1781595 0.2586721 0.0184897 0.2410421 0.0559119 0.0559119 0.0000000 0.2264171 0.0060789 0.0122538 0.0306894 0.2586721 0.0000010 
OK042109_Megalocytivirus_pagrus1_RSIV                    0.2009921 0.2009921 0.1185475 0.1174003 0.2273287 0.2009921 0.1174003 0.2093038 0.1188083 0.2093038 1.8901907 0.2093652 0.2183973 0.1185475 0.1018757 0.2093038 0.0495060 0.2116995 0.2116995 0.2264171 0.0000000 0.2093652 0.2017514 0.2273287 0.1018757 0.2183973 
OR356116_Megalocytivirus_pagrus1_ISKNV                   0.0060738 0.0060738 0.1534478 0.1464053 0.0244711 0.0060904 0.1464053 0.0121581 0.1564831 0.0121581 2.0206656 0.0000010 0.0060789 0.1534478 0.2423915 0.0122862 0.2240127 0.0496712 0.0496712 0.0060789 0.2093652 0.0000000 0.0061071 0.0244711 0.2423915 0.0060789 
MW273353_Megalocytivirus_pagrus1_ISKNV                   0.0000010 0.0000010 0.1466063 0.1394964 0.0184319 0.0000010 0.1394964 0.0061049 0.1394964 0.0061049 2.0364227 0.0061071 0.0122538 0.1466063 0.2272676 0.0061696 0.2164739 0.0436510 0.0436510 0.0122538 0.2017514 0.0061071 0.0000000 0.0184319 0.2272676 0.0122538 
23043610005_Megalocytivirus_pagrus1_ISKNV                0.0183307 0.0183307 0.1700701 0.1630346 0.0000010 0.0183812 0.1630346 0.0121771 0.1734342 0.0121771 1.9972886 0.0244711 0.0306894 0.1700701 0.2607136 0.0123057 0.2420059 0.0624810 0.0624810 0.0306894 0.2273287 0.0244711 0.0184319 0.0000000 0.2607136 0.0306894 
MG570132_Megalocytivirus_pagrus1_TRBIV                   0.2339302 0.2339302 0.1727091 0.1563652 0.2607136 0.2264022 0.1563652 0.2423277 0.1515375 0.2423277 1.9183359 0.2423915 0.2516193 0.1727091 0.0000010 0.2423277 0.0854419 0.2446578 0.2446578 0.2586721 0.1018757 0.2423915 0.2272676 0.2607136 0.0000000 0.2516193 
MW273354_Megalocytivirus_pagrus1_ISKNV                   0.0121868 0.0121868 0.1617853 0.1547435 0.0306894 0.0122203 0.1547435 0.0182962 0.1649865 0.0182962 2.0426057 0.0060789 0.0000010 0.1617853 0.2516193 0.0184897 0.2330657 0.0560698 0.0560698 0.0000010 0.2183973 0.0060789 0.0122538 0.0306894 0.2516193 0.0000000 
