27
AB104413_Megalocytivirus_pagrus1_RSIV                    0.0000000 0.0306620 0.0306620 0.0000010 0.0306796 3.8155107 0.0536211 0.0393148 0.0336205 0.0000010 0.0393148 2.0676773 0.0306796 0.0335200 2.0676773 0.0137994 0.0137994 0.6652242 0.0052900 0.0335794 0.0336205 0.0307195 0.0536211 0.0335794 0.0563952 0.0166244 0.0363877 
OP896201_Megalocytivirus_pagrus1_ISKNV                   0.0306620 0.0000000 0.0000010 0.0306620 0.0161923 3.8510940 0.0627382 0.0135012 0.0026815 0.0293240 0.0135012 2.0406911 0.0161923 0.0026732 2.0406911 0.0462001 0.0462001 0.6641944 0.0362772 0.0026779 0.0026815 0.0000010 0.0627382 0.0026779 0.0655396 0.0433329 0.0107645 
MT926123_Megalocytivirus_pagrus1_ISKNV                   0.0306620 0.0000010 0.0000000 0.0306620 0.0161923 3.8510940 0.0627382 0.0135012 0.0026815 0.0293240 0.0135012 2.0406911 0.0161923 0.0026732 2.0406911 0.0462001 0.0462001 0.6641944 0.0362772 0.0026779 0.0026815 0.0000010 0.0627382 0.0026779 0.0655396 0.0433329 0.0107645 
BD143114_Megalocytivirus_pagrus1_RSIV                    0.0000010 0.0306620 0.0306620 0.0000000 0.0306796 3.8155107 0.0536211 0.0393148 0.0336205 0.0000010 0.0393148 2.0676773 0.0306796 0.0335200 2.0676773 0.0137994 0.0137994 0.6652242 0.0052900 0.0335794 0.0336205 0.0307195 0.0536211 0.0335794 0.0563952 0.0166244 0.0363877 
MW883595_Megalocytivirus_pagrus1_ISKNV                   0.0306796 0.0161923 0.0161923 0.0306796 0.0000000 3.8240657 0.0565731 0.0080248 0.0189906 0.0323456 0.0080248 2.0070246 0.0000010 0.0189336 2.0070246 0.0462284 0.0462284 0.6720607 0.0362984 0.0189669 0.0189906 0.0162215 0.0565731 0.0189669 0.0593541 0.0433594 0.0053320 
AY521625_Ranavirus_epinephelus1_n/a                      3.8155107 3.8510940 3.8510940 3.8155107 3.8240657 0.0000000 3.8971818 3.8545543 3.8585904 3.7807613 3.8545543 3.9613225 3.8240657 3.8215686 3.9613225 3.8272761 3.8272761 4.1303781 3.8013411 3.8560437 3.8585904 3.8621093 3.8971818 3.8560437 3.8762228 3.8781794 3.8560892 
MG570132_Megalocytivirus_pagrus1_TRBIV                   0.0536211 0.0627382 0.0627382 0.0536211 0.0565731 3.8971818 0.0000000 0.0655198 0.0659241 0.0565768 0.0655198 2.0911209 0.0565731 0.0657368 2.0911209 0.0698995 0.0698995 0.6452733 0.0593356 0.0658501 0.0659241 0.0628610 0.0000010 0.0658501 0.0106242 0.0731404 0.0624615 
PP974677_Megalocytivirus_pagrus1_ISKNV                   0.0393148 0.0135012 0.0135012 0.0393148 0.0080248 3.8545543 0.0655198 0.0000000 0.0162873 0.0414665 0.0000010 2.0169462 0.0080248 0.0162381 2.0169462 0.0551832 0.0551832 0.6751991 0.0449814 0.0162668 0.0162873 0.0135256 0.0655198 0.0162668 0.0652957 0.0522981 0.0026670 
MW883596_Megalocytivirus_pagrus1_ISKNV                   0.0336205 0.0026815 0.0026815 0.0336205 0.0189906 3.8585904 0.0659241 0.0162873 0.0000000 0.0324305 0.0162873 2.0445430 0.0189906 0.0053749 2.0445430 0.0493099 0.0493099 0.6660987 0.0392664 0.0053845 0.0000010 0.0026862 0.0659241 0.0053845 0.0687377 0.0464302 0.0135270 
OQ475017_Megalocytivirus_pagrus1_RSIV                    0.0000010 0.0293240 0.0293240 0.0000010 0.0323456 3.7807613 0.0565768 0.0414665 0.0324305 0.0000000 0.0414665 2.1625489 0.0323456 0.0323282 2.1625489 0.0145363 0.0145363 0.6760988 0.0055614 0.0323886 0.0324305 0.0293818 0.0565768 0.0323886 0.0595033 0.0175155 0.0383720 
PP151097_Megalocytivirus_pagrus1_ISKNV                   0.0393148 0.0135012 0.0135012 0.0393148 0.0080248 3.8545543 0.0655198 0.0000010 0.0162873 0.0414665 0.0000000 2.0169462 0.0080248 0.0162381 2.0169462 0.0551832 0.0551832 0.6751991 0.0449814 0.0162668 0.0162873 0.0135256 0.0655198 0.0162668 0.0652957 0.0522981 0.0026670 
OM037668_Megalocytivirus_lates1_SDDV                     2.0676773 2.0406911 2.0406911 2.0676773 2.0070246 3.9613225 2.0911209 2.0169462 2.0445430 2.1625489 2.0169462 0.0000000 2.0070246 2.0282528 0.0000010 2.0872103 2.0872103 2.0712961 2.0588407 2.0483528 2.0445430 2.0400500 2.0911209 2.0483528 2.0575976 2.1093546 2.0163541 
MN432490_Megalocytivirus_pagrus1_ISKNV                   0.0306796 0.0161923 0.0161923 0.0306796 0.0000010 3.8240657 0.0565731 0.0080248 0.0189906 0.0323456 0.0080248 2.0070246 0.0000000 0.0189336 2.0070246 0.0462284 0.0462284 0.6720607 0.0362984 0.0189669 0.0189906 0.0162215 0.0565731 0.0189669 0.0593541 0.0433594 0.0053320 
OR670976_Megalocytivirus_pagrus1_ISKNV                   0.0335200 0.0026732 0.0026732 0.0335200 0.0189336 3.8215686 0.0657368 0.0162381 0.0053749 0.0323282 0.0162381 2.0282528 0.0189336 0.0000000 2.0282528 0.0491642 0.0491642 0.6706522 0.0391504 0.0053679 0.0053749 0.0000010 0.0657368 0.0053679 0.0685437 0.0462921 0.0134860 
MN562489_Megalocytivirus_lates1_SDDV                     2.0676773 2.0406911 2.0406911 2.0676773 2.0070246 3.9613225 2.0911209 2.0169462 2.0445430 2.1625489 2.0169462 0.0000010 2.0070246 2.0282528 0.0000000 2.0872103 2.0872103 2.0712961 2.0588407 2.0483528 2.0445430 2.0400500 2.0911209 2.0483528 2.0575976 2.1093546 2.0163541 
OK042109_Megalocytivirus_pagrus1_RSIV                    0.0137994 0.0462001 0.0462001 0.0137994 0.0462284 3.8272761 0.0698995 0.0551832 0.0493099 0.0145363 0.0551832 2.0872103 0.0462284 0.0491642 2.0872103 0.0000000 0.0000010 0.6609277 0.0082567 0.0492513 0.0493099 0.0462897 0.0698995 0.0492513 0.0727257 0.0079726 0.0521342 
ON075463_Megalocytivirus_pagrus1_RSIV                    0.0137994 0.0462001 0.0462001 0.0137994 0.0462284 3.8272761 0.0698995 0.0551832 0.0493099 0.0145363 0.0551832 2.0872103 0.0462284 0.0491642 2.0872103 0.0000010 0.0000000 0.6609277 0.0082567 0.0492513 0.0493099 0.0462897 0.0698995 0.0492513 0.0727257 0.0079726 0.0521342 
PQ335173_PQ335174_Threespine_stickleback_iridovirus_TSIV 0.6652242 0.6641944 0.6641944 0.6652242 0.6720607 4.1303781 0.6452733 0.6751991 0.6660987 0.6760988 0.6751991 2.0712961 0.6720607 0.6706522 2.0712961 0.6609277 0.6609277 0.0000000 0.6673213 0.6636094 0.6660987 0.6667327 0.6452733 0.6636094 0.6285703 0.6715707 0.6747830 
ON740976_Megalocytivirus_pagrus1_RSIV                    0.0052900 0.0362772 0.0362772 0.0052900 0.0362984 3.8013411 0.0593356 0.0449814 0.0392664 0.0055614 0.0449814 2.0588407 0.0362984 0.0391504 2.0588407 0.0082567 0.0082567 0.6673213 0.0000000 0.0392193 0.0392664 0.0363456 0.0593356 0.0392193 0.0621107 0.0166199 0.0420327 
23043610005_Megalocytivirus_pagrus1_ISKNV                0.0335794 0.0026779 0.0026779 0.0335794 0.0189669 3.8560437 0.0658501 0.0162668 0.0053845 0.0323886 0.0162668 2.0483528 0.0189669 0.0053679 2.0483528 0.0492513 0.0492513 0.6636094 0.0392193 0.0000000 0.0053845 0.0026827 0.0658501 0.0000010 0.0686612 0.0463745 0.0135098 
MW883597_Megalocytivirus_pagrus1_ISKNV                   0.0336205 0.0026815 0.0026815 0.0336205 0.0189906 3.8585904 0.0659241 0.0162873 0.0000010 0.0324305 0.0162873 2.0445430 0.0189906 0.0053749 2.0445430 0.0493099 0.0493099 0.6660987 0.0392664 0.0053845 0.0000000 0.0026862 0.0659241 0.0053845 0.0687377 0.0464302 0.0135270 
OQ513807_Megalocytivirus_pagrus1_ISKNV                   0.0307195 0.0000010 0.0000010 0.0307195 0.0162215 3.8621093 0.0628610 0.0135256 0.0026862 0.0293818 0.0135256 2.0400500 0.0162215 0.0000010 2.0400500 0.0462897 0.0462897 0.6667327 0.0363456 0.0026827 0.0026862 0.0000000 0.0628610 0.0026827 0.0656681 0.0434169 0.0107838 
MG570131_Megalocytivirus_pagrus1_TRBIV                   0.0536211 0.0627382 0.0627382 0.0536211 0.0565731 3.8971818 0.0000010 0.0655198 0.0659241 0.0565768 0.0655198 2.0911209 0.0565731 0.0657368 2.0911209 0.0698995 0.0698995 0.6452733 0.0593356 0.0658501 0.0659241 0.0628610 0.0000000 0.0658501 0.0106242 0.0731404 0.0624615 
MW883594_Megalocytivirus_pagrus1_ISKNV                   0.0335794 0.0026779 0.0026779 0.0335794 0.0189669 3.8560437 0.0658501 0.0162668 0.0053845 0.0323886 0.0162668 2.0483528 0.0189669 0.0053679 2.0483528 0.0492513 0.0492513 0.6636094 0.0392193 0.0000010 0.0053845 0.0026827 0.0658501 0.0000000 0.0686612 0.0463745 0.0135098 
GQ273492_Megalocytivirus_pagrus1_TRBIV                   0.0563952 0.0655396 0.0655396 0.0563952 0.0593541 3.8762228 0.0106242 0.0652957 0.0687377 0.0595033 0.0652957 2.0575976 0.0593541 0.0685437 2.0575976 0.0727257 0.0727257 0.6285703 0.0621107 0.0686612 0.0687377 0.0656681 0.0106242 0.0686612 0.0000000 0.0759792 0.0652505 
MW883598_Megalocytivirus_pagrus1_RSIV                    0.0166244 0.0433329 0.0433329 0.0166244 0.0433594 3.8781794 0.0731404 0.0522981 0.0464302 0.0175155 0.0522981 2.1093546 0.0433594 0.0462921 2.1093546 0.0079726 0.0079726 0.6715707 0.0166199 0.0463745 0.0464302 0.0434169 0.0731404 0.0463745 0.0759792 0.0000000 0.0492575 
OP009387_Megalocytivirus_pagrus1_ISKNV                   0.0363877 0.0107645 0.0107645 0.0363877 0.0053320 3.8560892 0.0624615 0.0026670 0.0135270 0.0383720 0.0026670 2.0163541 0.0053320 0.0134860 2.0163541 0.0521342 0.0521342 0.6747830 0.0420327 0.0135098 0.0135270 0.0107838 0.0624615 0.0135098 0.0652505 0.0492575 0.0000000 
