38
OP896201_Megalocytivirus_pagrus1_ISKNV                   0.0000000 3.5463316 0.0011696 0.0000010 1.8558724 0.0472674 0.0510212 0.0058700 0.0011699 0.0058700 3.5807415 0.0011702 3.1201383 0.0637260 0.0510212 0.0637260 0.0473164 4.2838584 3.8092724 3.4416954 1.8558724 0.0011691 3.8535961 0.1018952 0.0070490 0.0472674 0.0011710 0.7862888 0.0011710 0.0473164 0.0011699 0.0536333 0.0011699 0.0070490 0.0011696 0.0011702 3.6536792 3.5668421 
KX643370_Lymphocystivirus_sparus1_n/a                    3.5463316 0.0000000 3.5463316 3.5463316 4.2623728 3.5670013 3.5663277 3.5489573 3.5479505 3.5489573 2.6958389 3.5575543 2.5902160 3.6080634 3.5663277 3.6080634 3.5757283 2.6782665 2.5334300 0.1735793 4.2623728 3.5351721 2.4445351 3.6824543 3.5442332 3.5670013 3.5463316 3.9630013 3.5463316 3.5757283 3.5463316 3.5639131 3.5479505 3.5442332 3.5463316 3.5575543 2.5669663 1.8840011 
MW883596_Megalocytivirus_pagrus1_ISKNV                   0.0011696 3.5463316 0.0000000 0.0011696 1.8617235 0.0485125 0.0522716 0.0070488 0.0023430 0.0070488 3.5779012 0.0023436 3.1192635 0.0649964 0.0522716 0.0649964 0.0485628 4.2838584 3.8062531 3.4416954 1.8617235 0.0023415 3.8513125 0.1032729 0.0082294 0.0485125 0.0023451 0.7890102 0.0023451 0.0485628 0.0023430 0.0548897 0.0023430 0.0082294 0.0000010 0.0023436 3.6536792 3.5668421 
MW883603_Megalocytivirus_pagrus1_ISKNV                   0.0000010 3.5463316 0.0011696 0.0000000 1.8558724 0.0472674 0.0510212 0.0058700 0.0011699 0.0058700 3.5807415 0.0011702 3.1201383 0.0637260 0.0510212 0.0637260 0.0473164 4.2838584 3.8092724 3.4416954 1.8558724 0.0011691 3.8535961 0.1018952 0.0070490 0.0472674 0.0011710 0.7862888 0.0011710 0.0473164 0.0011699 0.0536333 0.0011699 0.0070490 0.0011696 0.0011702 3.6536792 3.5668421 
OM037668_Megalocytivirus_lates1_SDDV                     1.8558724 4.2623728 1.8617235 1.8558724 0.0000000 1.8818257 1.8832341 1.8517056 1.8566651 1.8517056 4.3352496 1.8649777 4.2182591 1.8663840 1.8832341 1.8663840 1.8837435 6.0012388 4.6037793 4.1005237 0.0000010 1.8506834 4.9287439 1.9595329 1.8507486 1.8818257 1.8641700 2.1048649 1.8641700 1.8837435 1.8562831 1.8694626 1.8566651 1.8507486 1.8617235 1.8649777 5.4274233 4.1628993 
OL774655_Megalocytivirus_pagrus1_RSIV                    0.0472674 3.5670013 0.0485125 0.0472674 1.8818257 0.0000000 0.0154013 0.0485609 0.0485239 0.0485609 3.5565805 0.0485404 3.1930124 0.0600356 0.0154013 0.0600356 0.0023488 4.3816100 3.8360312 3.4764029 1.8818257 0.0484926 3.9122629 0.0636532 0.0498103 0.0000010 0.0485689 0.7880857 0.0485689 0.0023488 0.0485239 0.0499335 0.0485239 0.0498103 0.0485125 0.0485404 3.7010309 3.5650786 
ON743042_Megalocytivirus_pagrus1_RSIV                    0.0510212 3.5663277 0.0522716 0.0510212 1.8832341 0.0154013 0.0000000 0.0523238 0.0522838 0.0523238 3.5910130 0.0523019 3.1867942 0.0626284 0.0000010 0.0626284 0.0141872 4.3599542 3.8025629 3.4487936 1.8832341 0.0522501 3.9044584 0.0465476 0.0535785 0.0154013 0.0523323 0.7926006 0.0523323 0.0141872 0.0522838 0.0524892 0.0522838 0.0535785 0.0522716 0.0523019 3.7455008 3.5790787 
MN432490_Megalocytivirus_pagrus1_ISKNV                   0.0058700 3.5489573 0.0070488 0.0058700 1.8517056 0.0485609 0.0523238 0.0000000 0.0070505 0.0000010 3.5886788 0.0070523 3.1187893 0.0636491 0.0523238 0.0636491 0.0486112 4.2634915 3.8116986 3.4431744 1.8517056 0.0070460 3.8580902 0.1020158 0.0011678 0.0485609 0.0070570 0.7787842 0.0070570 0.0486112 0.0046927 0.0535689 0.0070505 0.0011678 0.0070488 0.0070523 3.6569624 3.5689803 
OR536350_Megalocytivirus_pagrus1_ISKNV                   0.0011699 3.5479505 0.0023430 0.0011699 1.8566651 0.0485239 0.0522838 0.0070505 0.0000000 0.0070505 3.5822836 0.0023441 3.1214651 0.0650114 0.0522838 0.0650114 0.0485742 4.2859934 3.8109060 3.4432525 1.8566651 0.0023421 3.8552645 0.1032966 0.0082314 0.0485239 0.0023457 0.7849737 0.0023457 0.0485742 0.0023435 0.0549026 0.0000010 0.0082314 0.0023430 0.0023441 3.6554476 3.5683933 
OP009387_Megalocytivirus_pagrus1_ISKNV                   0.0058700 3.5489573 0.0070488 0.0058700 1.8517056 0.0485609 0.0523238 0.0000010 0.0070505 0.0000000 3.5886788 0.0070523 3.1187893 0.0636491 0.0523238 0.0636491 0.0486112 4.2634915 3.8116986 3.4431744 1.8517056 0.0070460 3.8580902 0.1020158 0.0011678 0.0485609 0.0070570 0.7787842 0.0070570 0.0486112 0.0046927 0.0535689 0.0070505 0.0011678 0.0070488 0.0070523 3.6569624 3.5689803 
AF303741_Iridovirus_chilo1_n/a                           3.5807415 2.6958389 3.5779012 3.5807415 4.3352496 3.5565805 3.5910130 3.5886788 3.5822836 3.5886788 0.0000000 3.5914926 0.7860995 3.6790917 3.5910130 3.6790917 3.5754701 3.4375175 1.4188300 2.6072655 4.3352496 3.5701191 1.4986114 3.6552390 3.5890907 3.5565805 3.5807415 3.8672802 3.5807415 3.5754701 3.5924337 3.6259708 3.5822836 3.5890907 3.5779012 3.5914926 3.1758793 2.1376013 
OR670976_Megalocytivirus_pagrus1_ISKNV                   0.0011702 3.5575543 0.0023436 0.0011702 1.8649777 0.0485404 0.0523019 0.0070523 0.0023441 0.0070523 3.5914926 0.0000000 3.1286326 0.0650353 0.0523019 0.0650353 0.0485907 4.2838584 3.8210937 3.4522937 1.8649777 0.0023427 3.8657533 0.1033432 0.0082335 0.0485404 0.0023463 0.7901096 0.0023463 0.0485907 0.0023441 0.0549218 0.0023441 0.0082335 0.0023436 0.0000010 3.6536792 3.5790656 
HF920637_Iridovirus_armadillidium1_n/a                   3.1201383 2.5902160 3.1192635 3.1201383 4.2182591 3.1930124 3.1867942 3.1187893 3.1214651 3.1187893 0.7860995 3.1286326 0.0000000 3.1537158 3.1867942 3.1537158 3.1771171 3.3514602 1.6048679 2.4742751 4.2182591 3.1284174 1.6186642 3.3244887 3.1159897 3.1930124 3.1201383 3.8831537 3.1201383 3.1771171 3.1302980 3.1289421 3.1214651 3.1159897 3.1192635 3.1286326 2.8871099 2.2413314 
MG570131_Megalocytivirus_pagrus1_TRBIV                   0.0637260 3.6080634 0.0649964 0.0637260 1.8663840 0.0600356 0.0626284 0.0636491 0.0650114 0.0636491 3.6790917 0.0650353 3.1537158 0.0000000 0.0626284 0.0000010 0.0626231 4.2819547 3.8125038 3.5028879 1.8663840 0.0649693 3.8812851 0.1147968 0.0649194 0.0600356 0.0650717 0.7887384 0.0650717 0.0626231 0.0650114 0.0226109 0.0650114 0.0649194 0.0649964 0.0650353 3.7812321 3.6058671 
AP017456_Megalocytivirus_pagrus1_RSIV                    0.0510212 3.5663277 0.0522716 0.0510212 1.8832341 0.0154013 0.0000010 0.0523238 0.0522838 0.0523238 3.5910130 0.0523019 3.1867942 0.0626284 0.0000000 0.0626284 0.0141872 4.3599542 3.8025629 3.4487936 1.8832341 0.0522501 3.9044584 0.0465476 0.0535785 0.0154013 0.0523323 0.7926006 0.0523323 0.0141872 0.0522838 0.0524892 0.0522838 0.0535785 0.0522716 0.0523019 3.7455008 3.5790787 
MG570132_Megalocytivirus_pagrus1_TRBIV                   0.0637260 3.6080634 0.0649964 0.0637260 1.8663840 0.0600356 0.0626284 0.0636491 0.0650114 0.0636491 3.6790917 0.0650353 3.1537158 0.0000010 0.0626284 0.0000000 0.0626231 4.2819547 3.8125038 3.5028879 1.8663840 0.0649693 3.8812851 0.1147968 0.0649194 0.0600356 0.0650717 0.7887384 0.0650717 0.0626231 0.0650114 0.0226109 0.0650114 0.0649194 0.0649964 0.0650353 3.7812321 3.6058671 
MK098185_Megalocytivirus_pagrus1_RSIV                    0.0473164 3.5757283 0.0485628 0.0473164 1.8837435 0.0023488 0.0141872 0.0486112 0.0485742 0.0486112 3.5754701 0.0485907 3.1771171 0.0626231 0.0141872 0.0626231 0.0000000 4.3837633 3.8270373 3.4733989 1.8837435 0.0485428 3.9105085 0.0622491 0.0498618 0.0023488 0.0486192 0.7890298 0.0486192 0.0000010 0.0485742 0.0524839 0.0485742 0.0498618 0.0485628 0.0485907 3.6972840 3.5723767 
NC_005946_Ranavirus_rana1_n/a                            4.2838584 2.6782665 4.2838584 4.2838584 6.0012388 4.3816100 4.3599542 4.2634915 4.2859934 4.2634915 3.4375175 4.2838584 3.3514602 4.2819547 4.3599542 4.2819547 4.3837633 0.0000000 3.1774771 2.7151195 6.0012388 4.2852497 3.4448163 4.4343347 4.2804686 4.3816100 4.2838584 4.5299729 4.2838584 4.3837633 4.2838584 4.2641083 4.2859934 4.2804686 4.2838584 4.2838584 1.1624129 3.4322542 
HF920633_Chloriridovirus_simulium1_n/a                   3.8092724 2.5334300 3.8062531 3.8092724 4.6037793 3.8360312 3.8025629 3.8116986 3.8109060 3.8116986 1.4188300 3.8210937 1.6048679 3.8125038 3.8025629 3.8125038 3.8270373 3.1774771 0.0000000 2.4121812 4.6037793 3.8053044 0.6161921 3.7640866 3.8111399 3.8360312 3.8092724 4.1657212 3.8092724 3.8270373 3.8092724 3.8426765 3.8109060 3.8111399 3.8062531 3.8210937 3.1528182 2.1903077 
MN803438_Lymphocystivirus_micropogonias1_n/a             3.4416954 0.1735793 3.4416954 3.4416954 4.1005237 3.4764029 3.4487936 3.4431744 3.4432525 3.4431744 2.6072655 3.4522937 2.4742751 3.5028879 3.4487936 3.5028879 3.4733989 2.7151195 2.4121812 0.0000000 4.1005237 3.4309412 2.3495808 3.5492999 3.4386125 3.4764029 3.4416954 4.0524479 3.4416954 3.4733989 3.4416954 3.4404252 3.4432525 3.4386125 3.4416954 3.4522937 2.4918944 1.8939203 
MT521409_Megalocytivirus_lates1_SDDV                     1.8558724 4.2623728 1.8617235 1.8558724 0.0000010 1.8818257 1.8832341 1.8517056 1.8566651 1.8517056 4.3352496 1.8649777 4.2182591 1.8663840 1.8832341 1.8663840 1.8837435 6.0012388 4.6037793 4.1005237 0.0000000 1.8506834 4.9287439 1.9595329 1.8507486 1.8818257 1.8641700 2.1048649 1.8641700 1.8837435 1.8562831 1.8694626 1.8566651 1.8507486 1.8617235 1.8649777 5.4274233 4.1628993 
ON212400_Megalocytivirus_pagrus1_ISKNV                   0.0011691 3.5351721 0.0023415 0.0011691 1.8506834 0.0484926 0.0522501 0.0070460 0.0023421 0.0070460 3.5701191 0.0023427 3.1284174 0.0649693 0.0522501 0.0649693 0.0485428 4.2852497 3.8053044 3.4309412 1.8506834 0.0000000 3.8547078 0.1032268 0.0082261 0.0484926 0.0023442 0.7884913 0.0023442 0.0485428 0.0023421 0.0548671 0.0023421 0.0082261 0.0023415 0.0023427 3.6527393 3.5660275 
KF938901_Chloriridovirus_anopheles1_n/a                  3.8535961 2.4445351 3.8513125 3.8535961 4.9287439 3.9122629 3.9044584 3.8580902 3.8552645 3.8580902 1.4986114 3.8657533 1.6186642 3.8812851 3.9044584 3.8812851 3.9105085 3.4448163 0.6161921 2.3495808 4.9287439 3.8547078 0.0000000 3.8576404 3.8563683 3.9122629 3.8535961 4.0383513 3.8535961 3.9105085 3.8535961 3.9055807 3.8552645 3.8563683 3.8513125 3.8657533 3.3431345 2.1889132 
AY894343_Megalocytivirus_pagrus1_RSIV                    0.1018952 3.6824543 0.1032729 0.1018952 1.9595329 0.0636532 0.0465476 0.1020158 0.1032966 0.1020158 3.6552390 0.1033432 3.3244887 0.1147968 0.0465476 0.1147968 0.0622491 4.4343347 3.7640866 3.5492999 1.9595329 0.1032268 3.8576404 0.0000000 0.1023099 0.0636532 0.1018952 0.8869146 0.1018952 0.0622491 0.1032966 0.1035992 0.1032966 0.1023099 0.1032729 0.1033432 3.8602167 3.7979484 
PP974677_Megalocytivirus_pagrus1_ISKNV                   0.0070490 3.5442332 0.0082294 0.0070490 1.8507486 0.0498103 0.0535785 0.0011678 0.0082314 0.0011678 3.5890907 0.0082335 3.1159897 0.0649194 0.0535785 0.0649194 0.0498618 4.2804686 3.8111399 3.4386125 1.8507486 0.0082261 3.8563683 0.1023099 0.0000000 0.0498103 0.0082389 0.7813985 0.0082389 0.0498618 0.0058700 0.0548251 0.0082314 0.0000010 0.0082294 0.0082335 3.6711889 3.5813924 
OL774653_Megalocytivirus_pagrus1_RSIV                    0.0472674 3.5670013 0.0485125 0.0472674 1.8818257 0.0000010 0.0154013 0.0485609 0.0485239 0.0485609 3.5565805 0.0485404 3.1930124 0.0600356 0.0154013 0.0600356 0.0023488 4.3816100 3.8360312 3.4764029 1.8818257 0.0484926 3.9122629 0.0636532 0.0498103 0.0000000 0.0485689 0.7880857 0.0485689 0.0023488 0.0485239 0.0499335 0.0485239 0.0498103 0.0485125 0.0485404 3.7010309 3.5650786 
MT128667_Megalocytivirus_pagrus1_ISKNV                   0.0011710 3.5463316 0.0023451 0.0011710 1.8641700 0.0485689 0.0523323 0.0070570 0.0023457 0.0070570 3.5807415 0.0023463 3.1201383 0.0650717 0.0523323 0.0650717 0.0486192 4.2838584 3.8092724 3.4416954 1.8641700 0.0023442 3.8535961 0.1018952 0.0082389 0.0485689 0.0000000 0.7878560 0.0000010 0.0486192 0.0023457 0.0549535 0.0023457 0.0082389 0.0023451 0.0023463 3.6536792 3.5668421 
PQ335173_PQ335174_Threespine_stickleback_iridovirus_TSIV 0.7862888 3.9630013 0.7890102 0.7862888 2.1048649 0.7880857 0.7926006 0.7787842 0.7849737 0.7787842 3.8672802 0.7901096 3.8831537 0.7887384 0.7926006 0.7887384 0.7890298 4.5299729 4.1657212 4.0524479 2.1048649 0.7884913 4.0383513 0.8869146 0.7813985 0.7880857 0.7878560 0.0000000 0.7878560 0.7890298 0.7849737 0.7884707 0.7849737 0.7813985 0.7890102 0.7901096 4.2458805 4.0304799 
MT128666_Megalocytivirus_pagrus1_ISKNV                   0.0011710 3.5463316 0.0023451 0.0011710 1.8641700 0.0485689 0.0523323 0.0070570 0.0023457 0.0070570 3.5807415 0.0023463 3.1201383 0.0650717 0.0523323 0.0650717 0.0486192 4.2838584 3.8092724 3.4416954 1.8641700 0.0023442 3.8535961 0.1018952 0.0082389 0.0485689 0.0000010 0.7878560 0.0000000 0.0486192 0.0023457 0.0549535 0.0023457 0.0082389 0.0023451 0.0023463 3.6536792 3.5668421 
AB104413_Megalocytivirus_pagrus1_RSIV                    0.0473164 3.5757283 0.0485628 0.0473164 1.8837435 0.0023488 0.0141872 0.0486112 0.0485742 0.0486112 3.5754701 0.0485907 3.1771171 0.0626231 0.0141872 0.0626231 0.0000010 4.3837633 3.8270373 3.4733989 1.8837435 0.0485428 3.9105085 0.0622491 0.0498618 0.0023488 0.0486192 0.7890298 0.0486192 0.0000000 0.0485742 0.0524839 0.0485742 0.0498618 0.0485628 0.0485907 3.6972840 3.5723767 
PP151097_Megalocytivirus_pagrus1_ISKNV                   0.0011699 3.5463316 0.0023430 0.0011699 1.8562831 0.0485239 0.0522838 0.0046927 0.0023435 0.0046927 3.5924337 0.0023441 3.1302980 0.0650114 0.0522838 0.0650114 0.0485742 4.2838584 3.8092724 3.4416954 1.8562831 0.0023421 3.8535961 0.1032966 0.0058700 0.0485239 0.0023457 0.7849737 0.0023457 0.0485742 0.0000000 0.0549026 0.0023435 0.0058700 0.0023430 0.0023441 3.6536792 3.5668421 
GQ273492_Megalocytivirus_pagrus1_TRBIV                   0.0536333 3.5639131 0.0548897 0.0536333 1.8694626 0.0499335 0.0524892 0.0535689 0.0549026 0.0535689 3.6259708 0.0549218 3.1289421 0.0226109 0.0524892 0.0226109 0.0524839 4.2641083 3.8426765 3.4404252 1.8694626 0.0548671 3.9055807 0.1035992 0.0548251 0.0499335 0.0549535 0.7884707 0.0549535 0.0524839 0.0549026 0.0000000 0.0549026 0.0548251 0.0548897 0.0549218 3.7256228 3.6104313 
MW883600_Megalocytivirus_pagrus1_ISKNV                   0.0011699 3.5479505 0.0023430 0.0011699 1.8566651 0.0485239 0.0522838 0.0070505 0.0000010 0.0070505 3.5822836 0.0023441 3.1214651 0.0650114 0.0522838 0.0650114 0.0485742 4.2859934 3.8109060 3.4432525 1.8566651 0.0023421 3.8552645 0.1032966 0.0082314 0.0485239 0.0023457 0.7849737 0.0023457 0.0485742 0.0023435 0.0549026 0.0000000 0.0082314 0.0023430 0.0023441 3.6554476 3.5683933 
MT986830_Megalocytivirus_pagrus1_ISKNV                   0.0070490 3.5442332 0.0082294 0.0070490 1.8507486 0.0498103 0.0535785 0.0011678 0.0082314 0.0011678 3.5890907 0.0082335 3.1159897 0.0649194 0.0535785 0.0649194 0.0498618 4.2804686 3.8111399 3.4386125 1.8507486 0.0082261 3.8563683 0.1023099 0.0000010 0.0498103 0.0082389 0.7813985 0.0082389 0.0498618 0.0058700 0.0548251 0.0082314 0.0000000 0.0082294 0.0082335 3.6711889 3.5813924 
MW883597_Megalocytivirus_pagrus1_ISKNV                   0.0011696 3.5463316 0.0000010 0.0011696 1.8617235 0.0485125 0.0522716 0.0070488 0.0023430 0.0070488 3.5779012 0.0023436 3.1192635 0.0649964 0.0522716 0.0649964 0.0485628 4.2838584 3.8062531 3.4416954 1.8617235 0.0023415 3.8513125 0.1032729 0.0082294 0.0485125 0.0023451 0.7890102 0.0023451 0.0485628 0.0023430 0.0548897 0.0023430 0.0082294 0.0000000 0.0023436 3.6536792 3.5668421 
OQ513807_Megalocytivirus_pagrus1_ISKNV                   0.0011702 3.5575543 0.0023436 0.0011702 1.8649777 0.0485404 0.0523019 0.0070523 0.0023441 0.0070523 3.5914926 0.0000010 3.1286326 0.0650353 0.0523019 0.0650353 0.0485907 4.2838584 3.8210937 3.4522937 1.8649777 0.0023427 3.8657533 0.1033432 0.0082335 0.0485404 0.0023463 0.7901096 0.0023463 0.0485907 0.0023441 0.0549218 0.0023441 0.0082335 0.0023436 0.0000000 3.6536792 3.5790656 
AY521625_Ranavirus_epinephelus1_n/a                      3.6536792 2.5669663 3.6536792 3.6536792 5.4274233 3.7010309 3.7455008 3.6569624 3.6554476 3.6569624 3.1758793 3.6536792 2.8871099 3.7812321 3.7455008 3.7812321 3.6972840 1.1624129 3.1528182 2.4918944 5.4274233 3.6527393 3.3431345 3.8602167 3.6711889 3.7010309 3.6536792 4.2458805 3.6536792 3.6972840 3.6536792 3.7256228 3.6554476 3.6711889 3.6536792 3.6536792 0.0000000 3.0839137 
MF599468_Decapodiridovirus_litopenaeus1_n/a              3.5668421 1.8840011 3.5668421 3.5668421 4.1628993 3.5650786 3.5790787 3.5689803 3.5683933 3.5689803 2.1376013 3.5790656 2.2413314 3.6058671 3.5790787 3.6058671 3.5723767 3.4322542 2.1903077 1.8939203 4.1628993 3.5660275 2.1889132 3.7979484 3.5813924 3.5650786 3.5668421 4.0304799 3.5668421 3.5723767 3.5668421 3.6104313 3.5683933 3.5813924 3.5668421 3.5790656 3.0839137 0.0000000 
