18
PP151097_Megalocytivirus_pagrus1_ISKNV 0.0000000 0.0000010 0.1471003 0.1988753 0.1905130 0.1827331 0.1905130 0.0052598 0.1965954 0.1965954 0.1471003 0.1234388 1.1833677 0.0901307 1.1833677 0.9774788 0.1973366 0.1234388 
MN432490_Megalocytivirus_pagrus1_ISKNV 0.0000010 0.0000000 0.1471003 0.1988753 0.1905130 0.1827331 0.1905130 0.0052598 0.1965954 0.1965954 0.1471003 0.1234388 1.1833677 0.0901307 1.1833677 0.9774788 0.1973366 0.1234388 
ON740976_Megalocytivirus_pagrus1_RSIV  0.1471003 0.1471003 0.0000000 0.1976354 0.1891662 0.0922792 0.1891662 0.1538892 0.1785666 0.1785666 0.0000010 0.0695642 1.3632514 0.0184301 1.3632514 0.9784933 0.1960834 0.0695642 
AY894343_Megalocytivirus_pagrus1_RSIV  0.1988753 0.1988753 0.1976354 0.0000000 0.0054176 0.1489123 0.0054176 0.2062261 0.0812589 0.0812589 0.1976354 0.1756285 1.3041329 0.1778664 1.3041329 0.7738708 0.0108617 0.1756285 
MT798582_Megalocytivirus_pagrus1_RSIV  0.1905130 0.1905130 0.1891662 0.0054176 0.0000000 0.1411118 0.0000010 0.1977535 0.0747627 0.0747627 0.1891662 0.1667493 1.2902806 0.1688636 1.2902806 0.7530223 0.0053802 0.1667493 
OK042108_Megalocytivirus_pagrus1_RSIV  0.1827331 0.1827331 0.0922792 0.1489123 0.1411118 0.0000000 0.1411118 0.1898431 0.0711387 0.0711387 0.0922792 0.1482155 1.3457315 0.1255995 1.3457315 0.8650169 0.1477576 0.1482155 
MW883598_Megalocytivirus_pagrus1_RSIV  0.1905130 0.1905130 0.1891662 0.0054176 0.0000010 0.1411118 0.0000000 0.1977535 0.0747627 0.0747627 0.1891662 0.1667493 1.2902806 0.1688636 1.2902806 0.7530223 0.0053802 0.1667493 
MW883602_Megalocytivirus_pagrus1_ISKNV 0.0052598 0.0052598 0.1538892 0.2062261 0.1977535 0.1898431 0.1977535 0.0000000 0.2038261 0.2038261 0.1538892 0.1305497 1.2052489 0.0970178 1.2052489 0.9774788 0.2046246 0.1305497 
MK098185_Megalocytivirus_pagrus1_RSIV  0.1965954 0.1965954 0.1785666 0.0812589 0.0747627 0.0711387 0.0747627 0.2038261 0.0000000 0.0000010 0.1785666 0.1707632 1.3147317 0.1723528 1.3147317 0.6343083 0.0806745 0.1707632 
ON743042_Megalocytivirus_pagrus1_RSIV  0.1965954 0.1965954 0.1785666 0.0812589 0.0747627 0.0711387 0.0747627 0.2038261 0.0000010 0.0000000 0.1785666 0.1707632 1.3147317 0.1723528 1.3147317 0.6343083 0.0806745 0.1707632 
MW139932_Megalocytivirus_pagrus1_RSIV  0.1471003 0.1471003 0.0000010 0.1976354 0.1891662 0.0922792 0.1891662 0.1538892 0.1785666 0.1785666 0.0000000 0.0695642 1.3632514 0.0184301 1.3632514 0.9784933 0.1960834 0.0695642 
MG570132_Megalocytivirus_pagrus1_TRBIV 0.1234388 0.1234388 0.0695642 0.1756285 0.1667493 0.1482155 0.1667493 0.1305497 0.1707632 0.1707632 0.0695642 0.0000000 1.2821915 0.0622983 1.2821915 1.0297950 0.1741365 0.0000010 
MN562489_Megalocytivirus_lates1_SDDV   1.1833677 1.1833677 1.3632514 1.3041329 1.2902806 1.3457315 1.2902806 1.2052489 1.3147317 1.3147317 1.3632514 1.2821915 0.0000000 1.3054181 0.0000010 3.0029680 1.2777547 1.2821915 
GQ273492_Megalocytivirus_pagrus1_TRBIV 0.0901307 0.0901307 0.0184301 0.1778664 0.1688636 0.1255995 0.1688636 0.0970178 0.1723528 0.1723528 0.0184301 0.0622983 1.3054181 0.0000000 1.3054181 1.0457074 0.1763395 0.0622983 
MT521409_Megalocytivirus_lates1_SDDV   1.1833677 1.1833677 1.3632514 1.3041329 1.2902806 1.3457315 1.2902806 1.2052489 1.3147317 1.3147317 1.3632514 1.2821915 0.0000010 1.3054181 0.0000000 3.0029680 1.2777547 1.2821915 
BD143114_Megalocytivirus_pagrus1_RSIV  0.9774788 0.9774788 0.9784933 0.7738708 0.7530223 0.8650169 0.7530223 0.9774788 0.6343083 0.6343083 0.9784933 1.0297950 3.0029680 1.0457074 3.0029680 0.0000000 0.7656967 1.0297950 
KT804738_Megalocytivirus_pagrus1_RSIV  0.1973366 0.1973366 0.1960834 0.0108617 0.0053802 0.1477576 0.0053802 0.2046246 0.0806745 0.0806745 0.1960834 0.1741365 1.2777547 0.1763395 1.2777547 0.7656967 0.0000000 0.1741365 
MG570131_Megalocytivirus_pagrus1_TRBIV 0.1234388 0.1234388 0.0695642 0.1756285 0.1667493 0.1482155 0.1667493 0.1305497 0.1707632 0.1707632 0.0695642 0.0000010 1.2821915 0.0622983 1.2821915 1.0297950 0.1741365 0.0000000 
