37
OP896201_Megalocytivirus_pagrus1_ISKNV                   0.0000000 0.0283756 0.0282730 0.0272356 0.0302004 0.0000010 0.0292061 3.0263213 1.7338003 2.5038766 0.0283756 2.3572711 0.0106348 0.0283621 0.6701120 0.0283621 0.0057333 0.0292061 0.0096557 0.0009530 1.4554442 1.6907813 0.0409293 0.0272356 0.0304012 2.4444887 0.0019102 0.0106348 0.2868696 0.0009530 1.4089107 1.5140568 0.0009532 1.4310844 0.6701120 2.7014943 0.0019066 
MK689686_Megalocytivirus_pagrus1_RSIV                    0.0283756 0.0000000 0.0009426 0.0133674 0.0085362 0.0283756 0.0075825 3.0445424 1.7163325 2.4939481 0.0000010 2.3617069 0.0264362 0.0244631 0.6780876 0.0244631 0.0224074 0.0075825 0.0254236 0.0294136 1.4863943 1.7186405 0.0125763 0.0133674 0.0272995 2.4651552 0.0304627 0.0264362 0.2930832 0.0294136 1.4227207 1.5340292 0.0294203 1.4492616 0.6780876 2.7322885 0.0304040 
MW883598_Megalocytivirus_pagrus1_RSIV                    0.0282730 0.0009426 0.0000000 0.0124022 0.0075814 0.0282730 0.0066292 3.0445424 1.7278301 2.5018450 0.0009426 2.3635322 0.0263400 0.0243737 0.6781965 0.0243737 0.0223254 0.0066292 0.0253310 0.0293073 1.4817196 1.7145890 0.0135539 0.0124022 0.0272009 2.4670369 0.0303527 0.0263400 0.2922489 0.0293073 1.4181169 1.5292395 0.0293140 1.4445874 0.6781965 2.7326041 0.0302944 
OL774655_Megalocytivirus_pagrus1_RSIV                    0.0272356 0.0133674 0.0124022 0.0000000 0.0085573 0.0272356 0.0076013 3.0613775 1.7133476 2.4767461 0.0133674 2.3696630 0.0263622 0.0193565 0.6867007 0.0193565 0.0232824 0.0076013 0.0253525 0.0282656 1.4814948 1.7184309 0.0254406 0.0000010 0.0212267 2.4726158 0.0293063 0.0263622 0.2889031 0.0282656 1.4211404 1.5246701 0.0282720 1.4490719 0.6867007 2.7081684 0.0292501 
OQ475017_Megalocytivirus_pagrus1_RSIV                    0.0302004 0.0085362 0.0075814 0.0085573 0.0000000 0.0302004 0.0009424 3.0199228 1.7098892 2.4701654 0.0085362 2.3661171 0.0282702 0.0263040 0.6860188 0.0263040 0.0262334 0.0009424 0.0272592 0.0312378 1.4935561 1.7041900 0.0204153 0.0085573 0.0291490 2.4630646 0.0322867 0.0282702 0.2845551 0.0312378 1.4191325 1.5385827 0.0312449 1.4456226 0.6860188 2.7218206 0.0322248 
MW883602_Megalocytivirus_pagrus1_ISKNV                   0.0000010 0.0283756 0.0282730 0.0272356 0.0302004 0.0000000 0.0292061 3.0263213 1.7338003 2.5038766 0.0283756 2.3572711 0.0106348 0.0283621 0.6701120 0.0283621 0.0057333 0.0292061 0.0096557 0.0009530 1.4554442 1.6907813 0.0409293 0.0272356 0.0304012 2.4444887 0.0019102 0.0106348 0.2868696 0.0009530 1.4089107 1.5140568 0.0009532 1.4310844 0.6701120 2.7014943 0.0019066 
MK098187_Megalocytivirus_pagrus1_RSIV                    0.0292061 0.0075825 0.0066292 0.0076013 0.0009424 0.0292061 0.0000000 3.0199228 1.7133476 2.4722614 0.0075825 2.3681759 0.0272765 0.0253123 0.6839407 0.0253123 0.0252444 0.0000010 0.0262676 0.0302408 1.4896818 1.7057569 0.0194308 0.0076013 0.0281580 2.4639591 0.0312868 0.0272765 0.2860228 0.0302408 1.4153467 1.5346169 0.0302477 1.4417778 0.6839407 2.7228790 0.0312269 
KF938901_Chloriridovirus_anopheles1_n/a_1                3.0263213 3.0445424 3.0445424 3.0613775 3.0199228 3.0263213 3.0199228 0.0000000 0.0000010 0.3281548 3.0445424 1.7046220 3.0988190 3.0587220 3.4052097 3.0587220 3.0528533 3.0199228 3.0667488 3.0263213 2.9290703 2.3568849 3.2800136 3.0613775 3.0546333 1.6151189 3.0263213 3.0988190 3.3597140 3.0263213 3.0415140 3.1311493 3.0263213 3.0641454 3.4052097 2.1977488 3.0263213 
KF938901_Chloriridovirus_anopheles1_n/a_2                1.7338003 1.7163325 1.7278301 1.7133476 1.7098892 1.7338003 1.7133476 0.0000010 0.0000000 0.2228153 1.7163325 1.1324049 1.7239601 1.7033942 1.7360110 1.7033942 1.7338003 1.7133476 1.7239601 1.7361246 1.7489292 1.4479192 1.7163325 1.7133476 1.7280831 1.0950654 1.7361246 1.7239601 1.6697422 1.7361246 1.7726395 1.8155599 1.7338003 1.8021655 1.7360110 1.4245541 1.7269339 
HF920633_Chloriridovirus_simulium1_n/a                   2.5038766 2.4939481 2.5018450 2.4767461 2.4701654 2.5038766 2.4722614 0.3281548 0.2228153 0.0000000 2.4939481 1.4012652 2.5411991 2.4855007 2.6255261 2.4855007 2.5188239 2.4722614 2.5282956 2.5025705 2.4230334 1.9539870 2.5807971 2.4767461 2.4960490 1.3704832 2.5042820 2.5411991 2.6110981 2.5025705 2.4633129 2.5271451 2.5055888 2.4566655 2.6255261 1.9431703 2.5002115 
AP017456_Megalocytivirus_pagrus1_RSIV                    0.0283756 0.0000010 0.0009426 0.0133674 0.0085362 0.0283756 0.0075825 3.0445424 1.7163325 2.4939481 0.0000000 2.3617069 0.0264362 0.0244631 0.6780876 0.0244631 0.0224074 0.0075825 0.0254236 0.0294136 1.4863943 1.7186405 0.0125763 0.0133674 0.0272995 2.4651552 0.0304627 0.0264362 0.2930832 0.0294136 1.4227207 1.5340292 0.0294203 1.4492616 0.6780876 2.7322885 0.0304040 
HF920637_Iridovirus_armadillidium1_n/a                   2.3572711 2.3617069 2.3635322 2.3696630 2.3661171 2.3572711 2.3681759 1.7046220 1.1324049 1.4012652 2.3617069 0.0000000 2.3581991 2.3394197 2.3170105 2.3394197 2.3669387 2.3681759 2.3514824 2.3584317 2.2272139 2.0008673 2.4643833 2.3696630 2.3701612 0.5148810 2.3623199 2.3581991 2.5174609 2.3584317 2.4050706 2.2078650 2.3611574 2.4179689 2.3170105 2.1827909 2.3561586 
MN432490_Megalocytivirus_pagrus1_ISKNV                   0.0106348 0.0264362 0.0263400 0.0263622 0.0282702 0.0106348 0.0272765 3.0988190 1.7239601 2.5411991 0.0264362 2.3581991 0.0000000 0.0274880 0.6700503 0.0274880 0.0165048 0.0272765 0.0009532 0.0116251 1.4722924 1.7178435 0.0401677 0.0263622 0.0295319 2.4612899 0.0126221 0.0000010 0.2862495 0.0116251 1.4154578 1.5099676 0.0116276 1.4371250 0.6700503 2.7543855 0.0125980 
MG570132_Megalocytivirus_pagrus1_TRBIV                   0.0283621 0.0244631 0.0243737 0.0193565 0.0263040 0.0283621 0.0253123 3.0587220 1.7033942 2.4855007 0.0244631 2.3394197 0.0274880 0.0000000 0.6687243 0.0000010 0.0273493 0.0253123 0.0264713 0.0293999 1.4595492 1.7048446 0.0381394 0.0193565 0.0125540 2.4474348 0.0294332 0.0274880 0.2838207 0.0293999 1.4165087 1.5135200 0.0283942 1.4272042 0.6687243 2.6801617 0.0303901 
MT521409_Megalocytivirus_lates1_SDDV                     0.6701120 0.6780876 0.6781965 0.6867007 0.6860188 0.6701120 0.6839407 3.4052097 1.7360110 2.6255261 0.6780876 2.3170105 0.6700503 0.6687243 0.0000000 0.6687243 0.6716181 0.6839407 0.6692283 0.6733706 1.3730318 1.6757949 0.7101527 0.6867007 0.6865127 2.3416057 0.6727534 0.6700503 0.6747128 0.6733706 1.3294567 1.4263768 0.6694978 1.3363112 0.0000010 2.9311188 0.6751816 
MG570131_Megalocytivirus_pagrus1_TRBIV                   0.0283621 0.0244631 0.0243737 0.0193565 0.0263040 0.0283621 0.0253123 3.0587220 1.7033942 2.4855007 0.0244631 2.3394197 0.0274880 0.0000010 0.6687243 0.0000000 0.0273493 0.0253123 0.0264713 0.0293999 1.4595492 1.7048446 0.0381394 0.0193565 0.0125540 2.4474348 0.0294332 0.0274880 0.2838207 0.0293999 1.4165087 1.5135200 0.0283942 1.4272042 0.6687243 2.6801617 0.0303901 
KT781098_Megalocytivirus_pagrus1_ISKNV                   0.0057333 0.0224074 0.0223254 0.0232824 0.0262334 0.0057333 0.0252444 3.0528533 1.7338003 2.5188239 0.0224074 2.3669387 0.0165048 0.0273493 0.6716181 0.0273493 0.0000000 0.0252444 0.0155139 0.0067024 1.4642364 1.6965642 0.0347888 0.0232824 0.0283937 2.4554645 0.0076770 0.0165048 0.2898772 0.0067024 1.4143697 1.5236401 0.0067038 1.4365883 0.6716181 2.7021515 0.0076625 
BD143114_Megalocytivirus_pagrus1_RSIV                    0.0292061 0.0075825 0.0066292 0.0076013 0.0009424 0.0292061 0.0000010 3.0199228 1.7133476 2.4722614 0.0075825 2.3681759 0.0272765 0.0253123 0.6839407 0.0253123 0.0252444 0.0000000 0.0262676 0.0302408 1.4896818 1.7057569 0.0194308 0.0076013 0.0281580 2.4639591 0.0312868 0.0272765 0.2860228 0.0302408 1.4153467 1.5346169 0.0302477 1.4417778 0.6839407 2.7228790 0.0312269 
OP009387_Megalocytivirus_pagrus1_ISKNV                   0.0096557 0.0254236 0.0253310 0.0253525 0.0272592 0.0096557 0.0262676 3.0667488 1.7239601 2.5282956 0.0254236 2.3514824 0.0009532 0.0264713 0.6692283 0.0264713 0.0155139 0.0262676 0.0000000 0.0106428 1.4652839 1.7095394 0.0391119 0.0253525 0.0285097 2.4542086 0.0116363 0.0009532 0.2860554 0.0106428 1.4085339 1.5028157 0.0106451 1.4301116 0.6692283 2.7397511 0.0116141 
23043610003_Megalocytivirus_pagrus1_ISKNV                0.0009530 0.0294136 0.0293073 0.0282656 0.0312378 0.0009530 0.0302408 3.0263213 1.7361246 2.5025705 0.0294136 2.3584317 0.0116251 0.0293999 0.6733706 0.0293999 0.0067024 0.0302408 0.0106428 0.0000000 1.4549548 1.6900094 0.0420130 0.0282656 0.0314458 2.4454835 0.0009526 0.0116251 0.2887410 0.0000010 1.4100440 1.5133431 0.0019102 1.4322107 0.6733706 2.7024935 0.0009508 
AY521625_Ranavirus_epinephelus1_n/a                      1.4554442 1.4863943 1.4817196 1.4814948 1.4935561 1.4554442 1.4896818 2.9290703 1.7489292 2.4230334 1.4863943 2.2272139 1.4722924 1.4595492 1.3730318 1.4595492 1.4642364 1.4896818 1.4652839 1.4549548 0.0000000 1.4423218 1.5085499 1.4814948 1.4847034 2.3339393 1.4544187 1.4722924 1.4343305 1.4549548 1.0108386 0.4181034 1.4549081 1.0127488 1.3730318 3.0374479 1.4549548 
MF599468_Decapodiridovirus_litopenaeus1_n/a              1.6907813 1.7186405 1.7145890 1.7184309 1.7041900 1.6907813 1.7057569 2.3568849 1.4479192 1.9539870 1.7186405 2.0008673 1.7178435 1.7048446 1.6757949 1.7048446 1.6965642 1.7057569 1.7095394 1.6900094 1.4423218 0.0000000 1.7689636 1.7184309 1.7200025 1.9238676 1.6900094 1.7178435 1.7729629 1.6900094 1.4994564 1.5933172 1.6907813 1.5072137 1.6757949 2.6241704 1.6921723 
KC244182_Megalocytivirus_pagrus1_RSIV                    0.0409293 0.0125763 0.0135539 0.0254406 0.0204153 0.0409293 0.0194308 3.2800136 1.7163325 2.5807971 0.0125763 2.4643833 0.0401677 0.0381394 0.7101527 0.0381394 0.0347888 0.0194308 0.0391119 0.0420130 1.5085499 1.7689636 0.0000000 0.0254406 0.0409915 2.5540007 0.0431115 0.0401677 0.3132167 0.0420130 1.4640807 1.5572340 0.0420231 1.4940297 0.7101527 2.8108671 0.0430270 
ON740976_Megalocytivirus_pagrus1_RSIV                    0.0272356 0.0133674 0.0124022 0.0000010 0.0085573 0.0272356 0.0076013 3.0613775 1.7133476 2.4767461 0.0133674 2.3696630 0.0263622 0.0193565 0.6867007 0.0193565 0.0232824 0.0076013 0.0253525 0.0282656 1.4814948 1.7184309 0.0254406 0.0000000 0.0212267 2.4726158 0.0293063 0.0263622 0.2889031 0.0282656 1.4211404 1.5246701 0.0282720 1.4490719 0.6867007 2.7081684 0.0292501 
GQ273492_Megalocytivirus_pagrus1_TRBIV                   0.0304012 0.0272995 0.0272009 0.0212267 0.0291490 0.0304012 0.0281580 3.0546333 1.7280831 2.4960490 0.0272995 2.3701612 0.0295319 0.0125540 0.6865127 0.0125540 0.0283937 0.0281580 0.0285097 0.0314458 1.4847034 1.7200025 0.0409915 0.0212267 0.0000000 2.4669254 0.0325022 0.0295319 0.2849490 0.0314458 1.4188728 1.5282413 0.0314531 1.4403707 0.6865127 2.6954507 0.0324394 
AF303741_Iridovirus_chilo1_n/a                           2.4444887 2.4651552 2.4670369 2.4726158 2.4630646 2.4444887 2.4639591 1.6151189 1.0950654 1.3704832 2.4651552 0.5148810 2.4612899 2.4474348 2.3416057 2.4474348 2.4554645 2.4639591 2.4542086 2.4454835 2.3339393 1.9238676 2.5540007 2.4726158 2.4669254 0.0000000 2.4474926 2.4612899 2.5527794 2.4454835 2.3356059 2.3736337 2.4464985 2.3329219 2.3416057 2.1380029 2.4488545 
MW883599_Megalocytivirus_pagrus1_ISKNV                   0.0019102 0.0304627 0.0303527 0.0293063 0.0322867 0.0019102 0.0312868 3.0263213 1.7361246 2.5042820 0.0304627 2.3623199 0.0126221 0.0294332 0.6727534 0.0294332 0.0076770 0.0312868 0.0116363 0.0009526 1.4544187 1.6900094 0.0431115 0.0293063 0.0325022 2.4474926 0.0000000 0.0126221 0.2907235 0.0009526 1.4122866 1.5120269 0.0009533 1.4316640 0.6727534 2.7024935 0.0019059 
MW883595_Megalocytivirus_pagrus1_ISKNV                   0.0106348 0.0264362 0.0263400 0.0263622 0.0282702 0.0106348 0.0272765 3.0988190 1.7239601 2.5411991 0.0264362 2.3581991 0.0000010 0.0274880 0.6700503 0.0274880 0.0165048 0.0272765 0.0009532 0.0116251 1.4722924 1.7178435 0.0401677 0.0263622 0.0295319 2.4612899 0.0126221 0.0000000 0.2862495 0.0116251 1.4154578 1.5099676 0.0116276 1.4371250 0.6700503 2.7543855 0.0125980 
PQ335173_PQ335174_Threespine_stickleback_iridovirus_TSIV 0.2868696 0.2930832 0.2922489 0.2889031 0.2845551 0.2868696 0.2860228 3.3597140 1.6697422 2.6110981 0.2930832 2.5174609 0.2862495 0.2838207 0.6747128 0.2838207 0.2898772 0.2860228 0.2860554 0.2887410 1.4343305 1.7729629 0.3132167 0.2889031 0.2849490 2.5527794 0.2907235 0.2862495 0.0000000 0.2887410 1.4605957 1.5419059 0.2888439 1.4567616 0.6747128 2.8933510 0.2900642 
MW883594_Megalocytivirus_pagrus1_ISKNV                   0.0009530 0.0294136 0.0293073 0.0282656 0.0312378 0.0009530 0.0302408 3.0263213 1.7361246 2.5025705 0.0294136 2.3584317 0.0116251 0.0293999 0.6733706 0.0293999 0.0067024 0.0302408 0.0106428 0.0000010 1.4549548 1.6900094 0.0420130 0.0282656 0.0314458 2.4454835 0.0009526 0.0116251 0.2887410 0.0000000 1.4100440 1.5133431 0.0019102 1.4322107 0.6733706 2.7024935 0.0009508 
KX643370_Lymphocystivirus_sparus1_n/a                    1.4089107 1.4227207 1.4181169 1.4211404 1.4191325 1.4089107 1.4153467 3.0415140 1.7726395 2.4633129 1.4227207 2.4050706 1.4154578 1.4165087 1.3294567 1.4165087 1.4143697 1.4153467 1.4085339 1.4100440 1.0108386 1.4994564 1.4640807 1.4211404 1.4188728 2.3356059 1.4122866 1.4154578 1.4605957 1.4100440 0.0000000 1.1241090 1.4111545 0.1177298 1.3294567 3.2123728 1.4100440 
NC_005946_Ranavirus_rana1_n/a                            1.5140568 1.5340292 1.5292395 1.5246701 1.5385827 1.5140568 1.5346169 3.1311493 1.8155599 2.5271451 1.5340292 2.2078650 1.5099676 1.5135200 1.4263768 1.5135200 1.5236401 1.5346169 1.5028157 1.5133431 0.4181034 1.5933172 1.5572340 1.5246701 1.5282413 2.3736337 1.5120269 1.5099676 1.5419059 1.5133431 1.1241090 0.0000000 1.5127403 1.1277794 1.4263768 2.9247191 1.5133431 
MW883601_Megalocytivirus_pagrus1_ISKNV                   0.0009532 0.0294203 0.0293140 0.0282720 0.0312449 0.0009532 0.0302477 3.0263213 1.7338003 2.5055888 0.0294203 2.3611574 0.0116276 0.0283942 0.6694978 0.0283942 0.0067038 0.0302477 0.0106451 0.0019102 1.4549081 1.6907813 0.0420231 0.0282720 0.0314531 2.4464985 0.0009533 0.0116276 0.2888439 0.0019102 1.4111545 1.5127403 0.0000000 1.4305373 0.6694978 2.7014943 0.0028677 
MN803438_Lymphocystivirus_micropogonias1_n/a             1.4310844 1.4492616 1.4445874 1.4490719 1.4456226 1.4310844 1.4417778 3.0641454 1.8021655 2.4566655 1.4492616 2.4179689 1.4371250 1.4272042 1.3363112 1.4272042 1.4365883 1.4417778 1.4301116 1.4322107 1.0127488 1.5072137 1.4940297 1.4490719 1.4403707 2.3329219 1.4316640 1.4371250 1.4567616 1.4322107 0.1177298 1.1277794 1.4305373 0.0000000 1.3363112 3.1356494 1.4322107 
MN562489_Megalocytivirus_lates1_SDDV                     0.6701120 0.6780876 0.6781965 0.6867007 0.6860188 0.6701120 0.6839407 3.4052097 1.7360110 2.6255261 0.6780876 2.3170105 0.6700503 0.6687243 0.0000010 0.6687243 0.6716181 0.6839407 0.6692283 0.6733706 1.3730318 1.6757949 0.7101527 0.6867007 0.6865127 2.3416057 0.6727534 0.6700503 0.6747128 0.6733706 1.3294567 1.4263768 0.6694978 1.3363112 0.0000000 2.9311188 0.6751816 
LS484712_Daphniairidovirus_daphnia1_n/a                  2.7014943 2.7322885 2.7326041 2.7081684 2.7218206 2.7014943 2.7228790 2.1977488 1.4245541 1.9431703 2.7322885 2.1827909 2.7543855 2.6801617 2.9311188 2.6801617 2.7021515 2.7228790 2.7397511 2.7024935 3.0374479 2.6241704 2.8108671 2.7081684 2.6954507 2.1380029 2.7024935 2.7543855 2.8933510 2.7024935 3.2123728 2.9247191 2.7014943 3.1356494 2.9311188 0.0000000 2.7006702 
23043610005_Megalocytivirus_pagrus1_ISKNV                0.0019066 0.0304040 0.0302944 0.0292501 0.0322248 0.0019066 0.0312269 3.0263213 1.7269339 2.5002115 0.0304040 2.3561586 0.0125980 0.0303901 0.6751816 0.0303901 0.0076625 0.0312269 0.0116141 0.0009508 1.4549548 1.6921723 0.0430270 0.0292501 0.0324394 2.4488545 0.0019059 0.0125980 0.2900642 0.0009508 1.4100440 1.5133431 0.0028677 1.4322107 0.6751816 2.7006702 0.0000000 
