18
OR356116_Megalocytivirus_pagrus1_ISKNV                   0.0000000 0.0000010 0.1958617 0.2038522 0.2038522 0.2118668 0.1958617 2.7859868 0.2118668 0.3145294 0.0515878 0.0449952 0.0062070 0.0515878 0.3145294 0.0062070 0.0449952 0.2951977 
MW273353_Megalocytivirus_pagrus1_ISKNV                   0.0000010 0.0000000 0.1958617 0.2038522 0.2038522 0.2118668 0.1958617 2.7859868 0.2118668 0.3145294 0.0515878 0.0449952 0.0062070 0.0515878 0.3145294 0.0062070 0.0449952 0.2951977 
MK098185_Megalocytivirus_pagrus1_RSIV                    0.1958617 0.1958617 0.0000000 0.0190957 0.0190957 0.0516177 0.0000010 2.7905372 0.0516177 0.1957047 0.2081945 0.2003356 0.2033703 0.2081945 0.1957047 0.2033703 0.2003356 0.1799317 
MW139932_Megalocytivirus_pagrus1_RSIV                    0.2038522 0.2038522 0.0190957 0.0000000 0.0000010 0.0319848 0.0190957 2.7478030 0.0319848 0.1880416 0.2164606 0.2085262 0.2114224 0.2164606 0.1880416 0.2114224 0.2085262 0.1723616 
ON740976_Megalocytivirus_pagrus1_RSIV                    0.2038522 0.2038522 0.0190957 0.0000010 0.0000000 0.0319848 0.0190957 2.7478030 0.0319848 0.1880416 0.2164606 0.2085262 0.2114224 0.2164606 0.1880416 0.2114224 0.2085262 0.1723616 
OK042109_Megalocytivirus_pagrus1_RSIV                    0.2118668 0.2118668 0.0516177 0.0319848 0.0319848 0.0000000 0.0516177 2.7390370 0.0000010 0.1959204 0.2385671 0.2305067 0.2195029 0.2385671 0.1959204 0.2195029 0.2305067 0.1957769 
BD143114_Megalocytivirus_pagrus1_RSIV                    0.1958617 0.1958617 0.0000010 0.0190957 0.0190957 0.0516177 0.0000000 2.7905372 0.0516177 0.1957047 0.2081945 0.2003356 0.2033703 0.2081945 0.1957047 0.2033703 0.2003356 0.1799317 
PQ335173_PQ335174_Threespine_stickleback_iridovirus_TSIV 2.7859868 2.7859868 2.7905372 2.7478030 2.7478030 2.7390370 2.7905372 0.0000000 2.7390370 2.4438903 2.8362470 2.7984375 2.7775861 2.8362470 2.4438903 2.7775861 2.7984375 2.4937501 
MK689686_Megalocytivirus_pagrus1_RSIV                    0.2118668 0.2118668 0.0516177 0.0319848 0.0319848 0.0000010 0.0516177 2.7390370 0.0000000 0.1959204 0.2385671 0.2305067 0.2195029 0.2385671 0.1959204 0.2195029 0.2305067 0.1957769 
MG570131_Megalocytivirus_pagrus1_TRBIV                   0.3145294 0.3145294 0.1957047 0.1880416 0.1880416 0.1959204 0.1957047 2.4438903 0.1959204 0.0000000 0.3194284 0.3102484 0.3232273 0.3194284 0.0000010 0.3232273 0.3102484 0.0525124 
MW883595_Megalocytivirus_pagrus1_ISKNV                   0.0515878 0.0515878 0.2081945 0.2164606 0.2164606 0.2385671 0.2081945 2.8362470 0.2385671 0.3194284 0.0000000 0.0063175 0.0581947 0.0000010 0.3194284 0.0581947 0.0063175 0.3203841 
MT986830_Megalocytivirus_pagrus1_ISKNV                   0.0449952 0.0449952 0.2003356 0.2085262 0.2085262 0.2305067 0.2003356 2.7984375 0.2305067 0.3102484 0.0063175 0.0000000 0.0515623 0.0063175 0.3102484 0.0515623 0.0000010 0.3111949 
MW883603_Megalocytivirus_pagrus1_ISKNV                   0.0062070 0.0062070 0.2033703 0.2114224 0.2114224 0.2195029 0.2033703 2.7775861 0.2195029 0.3232273 0.0581947 0.0515623 0.0000000 0.0581947 0.3232273 0.0000010 0.0515623 0.3009221 
MN432490_Megalocytivirus_pagrus1_ISKNV                   0.0515878 0.0515878 0.2081945 0.2164606 0.2164606 0.2385671 0.2081945 2.8362470 0.2385671 0.3194284 0.0000010 0.0063175 0.0581947 0.0000000 0.3194284 0.0581947 0.0063175 0.3203841 
MG570132_Megalocytivirus_pagrus1_TRBIV                   0.3145294 0.3145294 0.1957047 0.1880416 0.1880416 0.1959204 0.1957047 2.4438903 0.1959204 0.0000010 0.3194284 0.3102484 0.3232273 0.3194284 0.0000000 0.3232273 0.3102484 0.0525124 
MT128666_Megalocytivirus_pagrus1_ISKNV                   0.0062070 0.0062070 0.2033703 0.2114224 0.2114224 0.2195029 0.2033703 2.7775861 0.2195029 0.3232273 0.0581947 0.0515623 0.0000010 0.0581947 0.3232273 0.0000000 0.0515623 0.3009221 
OP009387_Megalocytivirus_pagrus1_ISKNV                   0.0449952 0.0449952 0.2003356 0.2085262 0.2085262 0.2305067 0.2003356 2.7984375 0.2305067 0.3102484 0.0063175 0.0000010 0.0515623 0.0063175 0.3102484 0.0515623 0.0000000 0.3111949 
GQ273492_Megalocytivirus_pagrus1_TRBIV                   0.2951977 0.2951977 0.1799317 0.1723616 0.1723616 0.1957769 0.1799317 2.4937501 0.1957769 0.0525124 0.3203841 0.3111949 0.3009221 0.3203841 0.0525124 0.3009221 0.3111949 0.0000000 
