13
MW883602_Megalocytivirus_pagrus1_ISKNV    0.0000000 0.0335325 0.0000010 0.0335755 0.0335325 0.0335755 0.0335755 0.0335755 0.0694109 0.0503865 0.0503865 0.0509679 0.0545687 
OK042109_Megalocytivirus_pagrus1_RSIV     0.0335325 0.0000000 0.0335325 0.0244001 0.0000010 0.0162276 0.0244001 0.0162276 0.0502862 0.0763828 0.0763828 0.0328377 0.0350753 
23043610005_Megalocytivirus_pagrus1_ISKNV 0.0000010 0.0335325 0.0000000 0.0335755 0.0335325 0.0335755 0.0335755 0.0335755 0.0694109 0.0503865 0.0503865 0.0509679 0.0545687 
AB104413_Megalocytivirus_pagrus1_RSIV     0.0335755 0.0244001 0.0335755 0.0000000 0.0244001 0.0080838 0.0000010 0.0080838 0.0588805 0.0764813 0.0764813 0.0411973 0.0440154 
MW883598_Megalocytivirus_pagrus1_RSIV     0.0335325 0.0000010 0.0335325 0.0244001 0.0000000 0.0162276 0.0244001 0.0162276 0.0502862 0.0763828 0.0763828 0.0328377 0.0350753 
MW139932_Megalocytivirus_pagrus1_RSIV     0.0335755 0.0162276 0.0335755 0.0080838 0.0162276 0.0000000 0.0080838 0.0000010 0.0503504 0.0764813 0.0764813 0.0328789 0.0351224 
MK098187_Megalocytivirus_pagrus1_RSIV     0.0335755 0.0244001 0.0335755 0.0000010 0.0244001 0.0080838 0.0000000 0.0080838 0.0588805 0.0764813 0.0764813 0.0411973 0.0440154 
OL774654_Megalocytivirus_pagrus1_RSIV     0.0335755 0.0162276 0.0335755 0.0080838 0.0162276 0.0000010 0.0080838 0.0000000 0.0503504 0.0764813 0.0764813 0.0328789 0.0351224 
GQ273492_Megalocytivirus_pagrus1_TRBIV    0.0694109 0.0502862 0.0694109 0.0588805 0.0502862 0.0503504 0.0588805 0.0503504 0.0000000 0.1037285 0.1037285 0.0328800 0.0351233 
MW883595_Megalocytivirus_pagrus1_ISKNV    0.0503865 0.0763828 0.0503865 0.0764813 0.0763828 0.0764813 0.0764813 0.0764813 0.1037285 0.0000000 0.0000010 0.0945871 0.1013565 
MT986830_Megalocytivirus_pagrus1_ISKNV    0.0503865 0.0763828 0.0503865 0.0764813 0.0763828 0.0764813 0.0764813 0.0764813 0.1037285 0.0000010 0.0000000 0.0945871 0.1013565 
MG570132_Megalocytivirus_pagrus1_TRBIV    0.0509679 0.0328377 0.0509679 0.0411973 0.0328377 0.0328789 0.0411973 0.0328789 0.0328800 0.0945871 0.0945871 0.0000000 0.0000010 
MG570131_Megalocytivirus_pagrus1_TRBIV    0.0545687 0.0350753 0.0545687 0.0440154 0.0350753 0.0351224 0.0440154 0.0351224 0.0351233 0.1013565 0.1013565 0.0000010 0.0000000 
