24
MT986830_Megalocytivirus_pagrus1_ISKNV                   0.0000000 0.0389755 0.0236849 0.0266799 0.0000010 0.0266799 0.0389511 0.0265703 2.7118311 0.4557203 0.0265703 2.7089755 0.0236849 2.6635835 2.6423415 1.3969048 0.0088293 3.0540287 1.3969048 2.9785708 3.2594610 2.7629491 0.0088293 0.0358616 
GQ273492_Megalocytivirus_pagrus1_TRBIV                   0.0389755 0.0000000 0.0480935 0.0511652 0.0389755 0.0511652 0.0177096 0.0448952 2.7126884 0.4621046 0.0448952 2.6960854 0.0480935 2.6699576 2.6548424 1.4002605 0.0421331 3.1061961 1.4002605 3.0072399 3.2450839 2.8141787 0.0421331 0.0147200 
MK098185_Megalocytivirus_pagrus1_RSIV                    0.0236849 0.0480935 0.0000000 0.0029117 0.0236849 0.0029117 0.0449798 0.0087628 2.7313943 0.4515560 0.0087628 2.6952131 0.0000010 2.6987881 2.6736975 1.4231950 0.0267780 3.0377053 1.4231950 2.9914146 3.2191624 2.7604989 0.0267780 0.0449428 
OK042108_Megalocytivirus_pagrus1_RSIV                    0.0266799 0.0511652 0.0029117 0.0000000 0.0266799 0.0000010 0.0480404 0.0116986 2.7495486 0.4470154 0.0116986 2.7027392 0.0029117 2.6953904 2.6706786 1.4325522 0.0297920 3.0165386 1.4325522 3.0117681 3.2040228 2.7591484 0.0297920 0.0480009 
OP896201_Megalocytivirus_pagrus1_ISKNV                   0.0000010 0.0389755 0.0236849 0.0266799 0.0000000 0.0266799 0.0389511 0.0265703 2.7118311 0.4557203 0.0265703 2.7089755 0.0236849 2.6635835 2.6423415 1.3969048 0.0088293 3.0540287 1.3969048 2.9785708 3.2594610 2.7629491 0.0088293 0.0358616 
MW883598_Megalocytivirus_pagrus1_RSIV                    0.0266799 0.0511652 0.0029117 0.0000010 0.0266799 0.0000000 0.0480404 0.0116986 2.7495486 0.4470154 0.0116986 2.7027392 0.0029117 2.6953904 2.6706786 1.4325522 0.0297920 3.0165386 1.4325522 3.0117681 3.2040228 2.7591484 0.0297920 0.0480009 
MG570131_Megalocytivirus_pagrus1_TRBIV                   0.0389511 0.0177096 0.0449798 0.0480404 0.0389511 0.0480404 0.0000000 0.0478395 2.6956194 0.4481203 0.0478395 2.7079811 0.0449798 2.6551911 2.6559636 1.4020799 0.0421068 3.0451869 1.4020799 2.9878843 3.2377799 2.8091554 0.0421068 0.0029226 
OL774655_Megalocytivirus_pagrus1_RSIV                    0.0265703 0.0448952 0.0087628 0.0116986 0.0265703 0.0116986 0.0478395 0.0000000 2.7498281 0.4563309 0.0000010 2.7174730 0.0087628 2.6707515 2.6814401 1.4199614 0.0296687 3.0233071 1.4199614 2.9966333 3.2188174 2.7667808 0.0296687 0.0478003 
AF303741_Iridovirus_chilo1_n/a                           2.7118311 2.7126884 2.7313943 2.7495486 2.7118311 2.7495486 2.6956194 2.7498281 0.0000000 3.0514463 2.7498281 1.9038816 2.7313943 2.1179209 3.7313268 3.0409111 2.7632312 2.8887394 3.0409111 0.9557725 2.5389936 3.8358756 2.7632312 2.6988813 
PQ335173_PQ335174_Threespine_stickleback_iridovirus_TSIV 0.4557203 0.4621046 0.4515560 0.4470154 0.4557203 0.4470154 0.4481203 0.4563309 3.0514463 0.0000000 0.4563309 2.9059768 0.4515560 2.6950335 2.8761623 1.5133287 0.4499445 3.1546315 1.5133287 3.4206176 3.4275360 3.1313219 0.4499445 0.4471509 
MW139932_Megalocytivirus_pagrus1_RSIV                    0.0265703 0.0448952 0.0087628 0.0116986 0.0265703 0.0116986 0.0478395 0.0000010 2.7498281 0.4563309 0.0000000 2.7174730 0.0087628 2.6707515 2.6814401 1.4199614 0.0296687 3.0233071 1.4199614 2.9966333 3.2188174 2.7667808 0.0296687 0.0478003 
KF938901_Chloriridovirus_anopheles1_n/a                  2.7089755 2.6960854 2.6952131 2.7027392 2.7089755 2.7027392 2.7079811 2.7174730 1.9038816 2.9059768 2.7174730 0.0000000 2.6952131 0.7047608 4.1044064 3.3083381 2.7331080 3.4892082 3.3083381 2.2817864 2.5262740 4.1530048 2.7331080 2.6915891 
BD143114_Megalocytivirus_pagrus1_RSIV                    0.0236849 0.0480935 0.0000010 0.0029117 0.0236849 0.0029117 0.0449798 0.0087628 2.7313943 0.4515560 0.0087628 2.6952131 0.0000000 2.6987881 2.6736975 1.4231950 0.0267780 3.0377053 1.4231950 2.9914146 3.2191624 2.7604989 0.0267780 0.0449428 
HF920633_Chloriridovirus_simulium1_n/a                   2.6635835 2.6699576 2.6987881 2.6953904 2.6635835 2.6953904 2.6551911 2.6707515 2.1179209 2.6950335 2.6707515 0.7047608 2.6987881 0.0000000 4.4120218 3.0116823 2.6703539 3.4046344 3.0116823 2.4783870 2.3121405 4.3065437 2.6703539 2.6358334 
KX643370_Lymphocystivirus_sparus1_n/a                    2.6423415 2.6548424 2.6736975 2.6706786 2.6423415 2.6706786 2.6559636 2.6814401 3.7313268 2.8761623 2.6814401 4.1044064 2.6736975 4.4120218 0.0000000 3.1999352 2.6916870 2.7801191 3.1999352 3.8602447 3.7362041 0.2543687 2.6916870 2.6559636 
OM037668_Megalocytivirus_lates1_SDDV                     1.3969048 1.4002605 1.4231950 1.4325522 1.3969048 1.4325522 1.4020799 1.4199614 3.0409111 1.5133287 1.4199614 3.3083381 1.4231950 3.0116823 3.1999352 0.0000000 1.3887284 3.9015363 0.0000010 3.6713265 3.6430212 3.3878770 1.3887284 1.3925113 
MN432490_Megalocytivirus_pagrus1_ISKNV                   0.0088293 0.0421331 0.0267780 0.0297920 0.0088293 0.0297920 0.0421068 0.0296687 2.7632312 0.4499445 0.0296687 2.7331080 0.0267780 2.6703539 2.6916870 1.3887284 0.0000000 3.0388309 1.3887284 2.9781208 3.2371843 2.7853029 0.0000010 0.0389975 
MF599468_Decapodiridovirus_litopenaeus1_n/a              3.0540287 3.1061961 3.0377053 3.0165386 3.0540287 3.0165386 3.0451869 3.0233071 2.8887394 3.1546315 3.0233071 3.4892082 3.0377053 3.4046344 2.7801191 3.9015363 3.0388309 0.0000000 3.9015363 3.2176883 3.6962776 3.0122656 3.0388309 3.0451869 
MN562489_Megalocytivirus_lates1_SDDV                     1.3969048 1.4002605 1.4231950 1.4325522 1.3969048 1.4325522 1.4020799 1.4199614 3.0409111 1.5133287 1.4199614 3.3083381 1.4231950 3.0116823 3.1999352 0.0000010 1.3887284 3.9015363 0.0000000 3.6713265 3.6430212 3.3878770 1.3887284 1.3925113 
HF920637_Iridovirus_armadillidium1_n/a                   2.9785708 3.0072399 2.9914146 3.0117681 2.9785708 3.0117681 2.9878843 2.9966333 0.9557725 3.4206176 2.9966333 2.2817864 2.9914146 2.4783870 3.8602447 3.6713265 2.9781208 3.2176883 3.6713265 0.0000000 2.9499257 4.0847096 2.9781208 2.9921226 
LS484712_Daphniairidovirus_daphnia1_n/a                  3.2594610 3.2450839 3.2191624 3.2040228 3.2594610 3.2040228 3.2377799 3.2188174 2.5389936 3.4275360 3.2188174 2.5262740 3.2191624 2.3121405 3.7362041 3.6430212 3.2371843 3.6962776 3.6430212 2.9499257 0.0000000 3.7865231 3.2371843 3.2409666 
MN803438_Lymphocystivirus_micropogonias1_n/a             2.7629491 2.8141787 2.7604989 2.7591484 2.7629491 2.7591484 2.8091554 2.7667808 3.8358756 3.1313219 2.7667808 4.1530048 2.7604989 4.3065437 0.2543687 3.3878770 2.7853029 3.0122656 3.3878770 4.0847096 3.7865231 0.0000000 2.7853029 2.8091554 
MW883595_Megalocytivirus_pagrus1_ISKNV                   0.0088293 0.0421331 0.0267780 0.0297920 0.0088293 0.0297920 0.0421068 0.0296687 2.7632312 0.4499445 0.0296687 2.7331080 0.0267780 2.6703539 2.6916870 1.3887284 0.0000010 3.0388309 1.3887284 2.9781208 3.2371843 2.7853029 0.0000000 0.0389975 
MG570132_Megalocytivirus_pagrus1_TRBIV                   0.0358616 0.0147200 0.0449428 0.0480009 0.0358616 0.0480009 0.0029226 0.0478003 2.6988813 0.4471509 0.0478003 2.6915891 0.0449428 2.6358334 2.6559636 1.3925113 0.0389975 3.0451869 1.3925113 2.9921226 3.2409666 2.8091554 0.0389975 0.0000000 
