33
ON740976_Megalocytivirus_pagrus1_RSIV                    0.0000000 2.7249966 0.0570850 0.0411835 2.9356828 0.0411835 0.0212891 0.0110979 0.0390920 0.0060558 0.0390920 2.6978215 2.6526371 0.0010027 0.0010027 0.0212891 0.0570850 3.3622056 2.6708887 3.1171833 0.0422375 0.0485018 3.3862929 1.3557429 0.0110979 0.0233541 2.7707751 1.3557429 0.0020075 0.0020074 1.3583416 0.5513870 3.1101158 
KX643370_Lymphocystivirus_sparus1_n/a                    2.7249966 0.0000000 2.7247655 2.7293721 4.0782277 2.7293721 2.7059932 2.7105235 2.7267711 2.7431255 2.7267711 2.2061586 2.2976052 2.7249966 2.7249966 2.7059932 2.7247655 3.3387924 0.2002689 4.2921078 2.7373686 2.7053176 3.6012392 3.0781083 2.7105235 2.7108172 5.4190818 3.0781083 2.7225931 2.7259808 3.0781083 3.0036923 2.2037479 
MG570132_Megalocytivirus_pagrus1_TRBIV                   0.0570850 2.7247655 0.0000000 0.0558847 2.9753746 0.0558847 0.0463564 0.0538574 0.0516736 0.0615277 0.0516736 2.7275548 2.6779876 0.0559714 0.0559714 0.0463564 0.0000010 3.3960846 2.6638181 3.2176990 0.0558182 0.0400996 3.4125849 1.3718578 0.0538574 0.0474442 2.8777751 1.3718578 0.0549001 0.0549194 1.3744805 0.5656586 3.1138845 
OR536350_Megalocytivirus_pagrus1_ISKNV                   0.0411835 2.7293721 0.0558847 0.0000000 2.9604959 0.0000010 0.0430571 0.0359114 0.0080511 0.0455155 0.0080511 2.7278253 2.6773049 0.0400999 0.0400999 0.0430571 0.0558847 3.3358977 2.6867688 3.1644049 0.0010006 0.0516024 3.3677952 1.3584991 0.0359114 0.0430916 2.7981789 1.3584991 0.0390472 0.0390608 1.3611009 0.5418155 3.0954883 
KF938901_Chloriridovirus_anopheles1_n/a                  2.9356828 4.0782277 2.9753746 2.9604959 0.0000000 2.9604959 2.9047231 2.9226844 2.9653011 2.9317251 2.9653011 4.7122566 4.8315481 2.9354727 2.9354727 2.9047231 2.9753746 3.9206726 3.9022648 0.9618116 2.9542156 2.9711807 4.1513846 3.8274730 2.9226844 2.9020629 5.3090224 3.8274730 2.9324805 2.9322692 3.8356930 3.4807280 4.2686328 
MW883596_Megalocytivirus_pagrus1_ISKNV                   0.0411835 2.7293721 0.0558847 0.0000010 2.9604959 0.0000000 0.0430571 0.0359114 0.0080511 0.0455155 0.0080511 2.7278253 2.6773049 0.0400999 0.0400999 0.0430571 0.0558847 3.3358977 2.6867688 3.1644049 0.0010006 0.0516024 3.3677952 1.3584991 0.0359114 0.0430916 2.7981789 1.3584991 0.0390472 0.0390608 1.3611009 0.5418155 3.0954883 
OL774653_Megalocytivirus_pagrus1_RSIV                    0.0212891 2.7059932 0.0463564 0.0430571 2.9047231 0.0430571 0.0000000 0.0141242 0.0409723 0.0254627 0.0409723 2.7232566 2.6640421 0.0202481 0.0202481 0.0000010 0.0463564 3.3196305 2.6404048 3.1061854 0.0441082 0.0317062 3.3578591 1.3522480 0.0141242 0.0060236 2.7641010 1.3522480 0.0192237 0.0192303 1.3548436 0.5605937 3.0854402 
BD143114_Megalocytivirus_pagrus1_RSIV                    0.0110979 2.7105235 0.0538574 0.0359114 2.9226844 0.0359114 0.0141242 0.0000000 0.0359301 0.0152041 0.0359301 2.7163160 2.6627958 0.0100754 0.0100754 0.0141242 0.0538574 3.3463750 2.6592284 3.1118519 0.0369588 0.0463947 3.3860518 1.3493321 0.0000010 0.0161678 2.7633923 1.3493321 0.0090622 0.0090653 1.3519232 0.5525204 3.1128839 
MN432490_Megalocytivirus_pagrus1_ISKNV                   0.0390920 2.7267711 0.0516736 0.0080511 2.9653011 0.0080511 0.0409723 0.0359301 0.0000000 0.0434107 0.0000010 2.7152666 2.6800446 0.0380121 0.0380121 0.0409723 0.0516736 3.3494303 2.6760028 3.1694514 0.0090627 0.0474087 3.3774694 1.3536586 0.0359301 0.0410052 2.7953289 1.3536586 0.0369615 0.0369744 1.3562550 0.5437618 3.0854520 
KC244182_Megalocytivirus_pagrus1_RSIV                    0.0060558 2.7431255 0.0615277 0.0455155 2.9317251 0.0455155 0.0254627 0.0152041 0.0434107 0.0000000 0.0434107 2.7044351 2.6505754 0.0050397 0.0050397 0.0254627 0.0615277 3.3778515 2.6912110 3.1010331 0.0465770 0.0528791 3.3863262 1.3808400 0.0152041 0.0275441 2.7582703 1.3808400 0.0060505 0.0060503 1.3834825 0.5610422 3.1151344 
MW883595_Megalocytivirus_pagrus1_ISKNV                   0.0390920 2.7267711 0.0516736 0.0080511 2.9653011 0.0080511 0.0409723 0.0359301 0.0000010 0.0434107 0.0000000 2.7152666 2.6800446 0.0380121 0.0380121 0.0409723 0.0516736 3.3494303 2.6760028 3.1694514 0.0090627 0.0474087 3.3774694 1.3536586 0.0359301 0.0410052 2.7953289 1.3536586 0.0369615 0.0369744 1.3562550 0.5437618 3.0854520 
AY521625_Ranavirus_epinephelus1_n/a                      2.6978215 2.2061586 2.7275548 2.7278253 4.7122566 2.7278253 2.7232566 2.7163160 2.7152666 2.7044351 2.7152666 0.0000000 0.7923900 2.6978215 2.6978215 2.7232566 2.7275548 3.7604541 2.2770569 4.5653242 2.7264503 2.7412294 3.7048085 3.2557770 2.7163160 2.7145244 5.2521254 3.2557770 2.6954189 2.6981203 3.2621512 2.8897217 2.9366485 
NC_005946_Ranavirus_rana1_n/a                            2.6526371 2.2976052 2.6779876 2.6773049 4.8315481 2.6773049 2.6640421 2.6627958 2.6800446 2.6505754 2.6800446 0.7923900 0.0000000 2.6526371 2.6526371 2.6640421 2.6779876 3.6418896 2.3501524 4.7113228 2.6850874 2.6691027 3.7779406 3.2356900 2.6627958 2.6500572 5.6172677 3.2356900 2.6475732 2.6529324 3.2419361 2.7596224 2.9564933 
AY894343_Megalocytivirus_pagrus1_RSIV                    0.0010027 2.7249966 0.0559714 0.0400999 2.9354727 0.0400999 0.0202481 0.0100754 0.0380121 0.0050397 0.0380121 2.6978215 2.6526371 0.0000000 0.0000010 0.0202481 0.0559714 3.3622056 2.6708887 3.1190401 0.0411520 0.0474058 3.3862929 1.3557429 0.0100754 0.0223088 2.7707751 1.3557429 0.0010018 0.0010018 1.3583416 0.5513870 3.1101158 
KT804738_Megalocytivirus_pagrus1_RSIV                    0.0010027 2.7249966 0.0559714 0.0400999 2.9354727 0.0400999 0.0202481 0.0100754 0.0380121 0.0050397 0.0380121 2.6978215 2.6526371 0.0000010 0.0000000 0.0202481 0.0559714 3.3622056 2.6708887 3.1190401 0.0411520 0.0474058 3.3862929 1.3557429 0.0100754 0.0223088 2.7707751 1.3557429 0.0010018 0.0010018 1.3583416 0.5513870 3.1101158 
OL774654_Megalocytivirus_pagrus1_RSIV                    0.0212891 2.7059932 0.0463564 0.0430571 2.9047231 0.0430571 0.0000010 0.0141242 0.0409723 0.0254627 0.0409723 2.7232566 2.6640421 0.0202481 0.0202481 0.0000000 0.0463564 3.3196305 2.6404048 3.1061854 0.0441082 0.0317062 3.3578591 1.3522480 0.0141242 0.0060236 2.7641010 1.3522480 0.0192237 0.0192303 1.3548436 0.5605937 3.0854402 
MG570131_Megalocytivirus_pagrus1_TRBIV                   0.0570850 2.7247655 0.0000010 0.0558847 2.9753746 0.0558847 0.0463564 0.0538574 0.0516736 0.0615277 0.0516736 2.7275548 2.6779876 0.0559714 0.0559714 0.0463564 0.0000000 3.3960846 2.6638181 3.2176990 0.0558182 0.0400996 3.4125849 1.3718578 0.0538574 0.0474442 2.8777751 1.3718578 0.0549001 0.0549194 1.3744805 0.5656586 3.1138845 
AF303741_Iridovirus_chilo1_n/a                           3.3622056 3.3387924 3.3960846 3.3358977 3.9206726 3.3358977 3.3196305 3.3463750 3.3494303 3.3778515 3.3494303 3.7604541 3.6418896 3.3622056 3.3622056 3.3196305 3.3960846 0.0000000 3.2174961 4.1505380 3.3295226 3.3410664 0.8814301 4.0495995 3.3463750 3.3221429 5.7276814 4.0495995 3.3531370 3.3620684 4.0495995 3.5305711 3.2228320 
MN803438_Lymphocystivirus_micropogonias1_n/a             2.6708887 0.2002689 2.6638181 2.6867688 3.9022648 2.6867688 2.6404048 2.6592284 2.6760028 2.6912110 2.6760028 2.2770569 2.3501524 2.6708887 2.6708887 2.6404048 2.6638181 3.2174961 0.0000000 4.4374880 2.6945887 2.6401769 3.4877688 2.9537670 2.6592284 2.6450692 5.5157743 2.9537670 2.6685462 2.6718443 2.9537670 2.9820276 2.1806077 
HF920633_Chloriridovirus_simulium1_n/a                   3.1171833 4.2921078 3.2176990 3.1644049 0.9618116 3.1644049 3.1061854 3.1118519 3.1694514 3.1010331 3.1694514 4.5653242 4.7113228 3.1190401 3.1190401 3.1061854 3.2176990 4.1505380 4.4374880 0.0000000 3.1578389 3.2003743 4.3093076 4.3274950 3.1118519 3.1128003 5.0624546 4.3274950 3.1175535 3.1193567 4.3316930 3.6324422 4.2576884 
ON212400_Megalocytivirus_pagrus1_ISKNV                   0.0422375 2.7373686 0.0558182 0.0010006 2.9542156 0.0010006 0.0441082 0.0369588 0.0090627 0.0465770 0.0090627 2.7264503 2.6850874 0.0411520 0.0411520 0.0441082 0.0558182 3.3295226 2.6945887 3.1578389 0.0000000 0.0526653 3.3552856 1.3584991 0.0369588 0.0441435 2.7963796 1.3584991 0.0400980 0.0401119 1.3611009 0.5397344 3.0984427 
GQ273492_Megalocytivirus_pagrus1_TRBIV                   0.0485018 2.7053176 0.0400996 0.0516024 2.9711807 0.0516024 0.0317062 0.0463947 0.0474087 0.0528791 0.0474087 2.7412294 2.6691027 0.0474058 0.0474058 0.0317062 0.0400996 3.3410664 2.6401769 3.2003743 0.0526653 0.0000000 3.4180540 1.3773821 0.0463947 0.0316967 2.8595508 1.3773821 0.0463459 0.0463621 1.3800147 0.5613269 3.1201720 
HF920637_Iridovirus_armadillidium1_n/a                   3.3862929 3.6012392 3.4125849 3.3677952 4.1513846 3.3677952 3.3578591 3.3860518 3.3774694 3.3863262 3.3774694 3.7048085 3.7779406 3.3862929 3.3862929 3.3578591 3.4125849 0.8814301 3.4877688 4.3093076 3.3552856 3.4180540 0.0000000 4.0655582 3.3860518 3.3565384 5.9673372 4.0655582 3.3850049 3.3852497 4.0655582 3.5749556 3.2284713 
MT521409_Megalocytivirus_lates1_SDDV                     1.3557429 3.0781083 1.3718578 1.3584991 3.8274730 1.3584991 1.3522480 1.3493321 1.3536586 1.3808400 1.3536586 3.2557770 3.2356900 1.3557429 1.3557429 1.3522480 1.3718578 4.0495995 2.9537670 4.3274950 1.3584991 1.3773821 4.0655582 0.0000000 1.3493321 1.3534282 4.7666462 0.0000010 1.3551451 1.3558627 0.0010484 1.4882538 3.2907315 
MK098187_Megalocytivirus_pagrus1_RSIV                    0.0110979 2.7105235 0.0538574 0.0359114 2.9226844 0.0359114 0.0141242 0.0000010 0.0359301 0.0152041 0.0359301 2.7163160 2.6627958 0.0100754 0.0100754 0.0141242 0.0538574 3.3463750 2.6592284 3.1118519 0.0369588 0.0463947 3.3860518 1.3493321 0.0000000 0.0161678 2.7633923 1.3493321 0.0090622 0.0090653 1.3519232 0.5525204 3.1128839 
OQ475017_Megalocytivirus_pagrus1_RSIV                    0.0233541 2.7108172 0.0474442 0.0430916 2.9020629 0.0430916 0.0060236 0.0161678 0.0410052 0.0275441 0.0410052 2.7145244 2.6500572 0.0223088 0.0223088 0.0060236 0.0474442 3.3221429 2.6450692 3.1128003 0.0441435 0.0316967 3.3565384 1.3534282 0.0161678 0.0000000 2.7915643 1.3534282 0.0212814 0.0212887 1.3560258 0.5587241 3.0834042 
LS484712_Daphniairidovirus_daphnia1_n/a                  2.7707751 5.4190818 2.8777751 2.7981789 5.3090224 2.7981789 2.7641010 2.7633923 2.7953289 2.7582703 2.7953289 5.2521254 5.6172677 2.7707751 2.7707751 2.7641010 2.8777751 5.7276814 5.5157743 5.0624546 2.7963796 2.8595508 5.9673372 4.7666462 2.7633923 2.7915643 0.0000000 4.7666462 2.7674115 2.7695793 4.7666462 3.5011932 5.2649427 
MN562489_Megalocytivirus_lates1_SDDV                     1.3557429 3.0781083 1.3718578 1.3584991 3.8274730 1.3584991 1.3522480 1.3493321 1.3536586 1.3808400 1.3536586 3.2557770 3.2356900 1.3557429 1.3557429 1.3522480 1.3718578 4.0495995 2.9537670 4.3274950 1.3584991 1.3773821 4.0655582 0.0000010 1.3493321 1.3534282 4.7666462 0.0000000 1.3551451 1.3558627 0.0010484 1.4882538 3.2907315 
OK042108_Megalocytivirus_pagrus1_RSIV                    0.0020075 2.7225931 0.0549001 0.0390472 2.9324805 0.0390472 0.0192237 0.0090622 0.0369615 0.0060505 0.0369615 2.6954189 2.6475732 0.0010018 0.0010018 0.0192237 0.0549001 3.3531370 2.6685462 3.1175535 0.0400980 0.0463459 3.3850049 1.3551451 0.0090622 0.0212814 2.7674115 1.3551451 0.0000000 0.0020057 1.3577426 0.5494683 3.1194919 
MW883598_Megalocytivirus_pagrus1_RSIV                    0.0020074 2.7259808 0.0549194 0.0390608 2.9322692 0.0390608 0.0192303 0.0090653 0.0369744 0.0060503 0.0369744 2.6981203 2.6529324 0.0010018 0.0010018 0.0192303 0.0549194 3.3620684 2.6718443 3.1193567 0.0401119 0.0463621 3.3852497 1.3558627 0.0090653 0.0212887 2.7695793 1.3558627 0.0020057 0.0000000 1.3584616 0.5514801 3.1101337 
OM037668_Megalocytivirus_lates1_SDDV                     1.3583416 3.0781083 1.3744805 1.3611009 3.8356930 1.3611009 1.3548436 1.3519232 1.3562550 1.3834825 1.3562550 3.2621512 3.2419361 1.3583416 1.3583416 1.3548436 1.3744805 4.0495995 2.9537670 4.3316930 1.3611009 1.3800147 4.0655582 0.0010484 1.3519232 1.3560258 4.7666462 0.0010484 1.3577426 1.3584616 0.0000000 1.4904631 3.2876865 
PQ335173_PQ335174_Threespine_stickleback_iridovirus_TSIV 0.5513870 3.0036923 0.5656586 0.5418155 3.4807280 0.5418155 0.5605937 0.5525204 0.5437618 0.5610422 0.5437618 2.8897217 2.7596224 0.5513870 0.5513870 0.5605937 0.5656586 3.5305711 2.9820276 3.6324422 0.5397344 0.5613269 3.5749556 1.4882538 0.5525204 0.5587241 3.5011932 1.4882538 0.5494683 0.5514801 1.4904631 0.0000000 3.2164496 
MF599468_Decapodiridovirus_litopenaeus1_n/a              3.1101158 2.2037479 3.1138845 3.0954883 4.2686328 3.0954883 3.0854402 3.1128839 3.0854520 3.1151344 3.0854520 2.9366485 2.9564933 3.1101158 3.1101158 3.0854402 3.1138845 3.2228320 2.1806077 4.2576884 3.0984427 3.1201720 3.2284713 3.2907315 3.1128839 3.0834042 5.2649427 3.2907315 3.1194919 3.1101337 3.2876865 3.2164496 0.0000000 
