34
MW883606_Megalocytivirus_pagrus1_ISKNV                   0.0000000 0.1254901 0.0020774 2.6086885 1.1854717 0.0956251 3.2039927 0.0000010 3.5212391 0.0041725 0.1034956 0.1093467 0.0020791 3.3580345 3.6095513 3.6288097 0.0041725 0.0041601 0.1034956 0.0979010 2.4161944 0.1057804 0.1279191 0.0020791 3.1651911 0.0979010 0.0020774 0.0940364 0.0956251 3.9828787 0.1057804 2.4161944 3.0830023 3.6472712 
MG570132_Megalocytivirus_pagrus1_TRBIV                   0.1254901 0.0000000 0.1278442 2.7157441 1.2025691 0.0974999 3.0315180 0.1254901 3.5961170 0.1228503 0.1047159 0.0402227 0.1279526 3.3159893 3.6378593 3.6745110 0.1228503 0.1278728 0.1047159 0.0997601 2.4315833 0.1069794 0.0020657 0.1279526 3.2143817 0.0997601 0.1278442 0.1000578 0.0974999 3.7816918 0.1069794 2.4315833 3.0775174 3.6640495 
23043610005_Megalocytivirus_pagrus1_ISKNV                0.0020774 0.1278442 0.0000000 2.5995603 1.1795895 0.0933133 3.2108170 0.0020774 3.5362074 0.0062636 0.1011614 0.1116741 0.0041613 3.3794933 3.6356215 3.6444976 0.0062636 0.0062450 0.1011614 0.0955859 2.4202600 0.1034435 0.1302790 0.0041613 3.1882524 0.0955859 0.0000010 0.0917222 0.0933133 3.9828787 0.1034435 2.4202600 3.1009148 3.6604370 
MF599468_Decapodiridovirus_litopenaeus1_n/a              2.6086885 2.7157441 2.5995603 0.0000000 3.2616345 2.5992894 4.5584893 2.6086885 5.7271648 2.6110879 2.6124786 2.7001758 2.6108041 4.8303174 4.4880626 5.4606737 2.6110879 2.6272794 2.6124786 2.5976552 3.8590159 2.6061742 2.7166510 2.6006335 5.0904430 2.5976552 2.5995603 2.6281219 2.5992894 4.9336133 2.6061742 3.8590159 4.3706940 4.3661209 
PQ335173_PQ335174_Threespine_stickleback_iridovirus_TSIV 1.1854717 1.2025691 1.1795895 3.2616345 0.0000000 1.2049717 4.0179676 1.1854717 4.4409422 1.1826764 1.2000236 1.1964050 1.1940082 4.2172938 3.9050272 4.3734589 1.1826764 1.1811777 1.2000236 1.2006536 2.6817424 1.2042858 1.2098835 1.1939943 3.5272592 1.2006536 1.1795895 1.2067559 1.2049717 4.4180181 1.2042858 2.6817424 3.3395365 4.3565708 
BD143114_Megalocytivirus_pagrus1_RSIV                    0.0956251 0.0974999 0.0933133 2.5992894 1.2049717 0.0000000 3.0713088 0.0956251 3.4643746 0.0906127 0.0313367 0.0900970 0.0980164 3.3571274 3.6571414 3.5145026 0.0906127 0.1002928 0.0313367 0.0020543 2.4170455 0.0334420 0.0998519 0.0955445 3.1922009 0.0020543 0.0933133 0.0270998 0.0000010 3.8547178 0.0334420 2.4170455 3.0651890 3.5968419 
AY521625_Ranavirus_epinephelus1_n/a                      3.2039927 3.0315180 3.2108170 4.5584893 4.0179676 3.0713088 0.0000000 3.2039927 2.2827776 3.1914500 3.0874770 3.1110091 3.2069120 6.2656461 5.4838626 2.4722530 3.1914500 3.2157424 3.0874770 3.0713088 4.2600498 3.0924887 3.0407217 3.2027026 1.5337908 3.0713088 3.2108170 3.1076344 3.0713088 6.4455759 3.0924887 4.2600498 5.0884747 5.8529473 
OQ513807_Megalocytivirus_pagrus1_ISKNV                   0.0000010 0.1254901 0.0020774 2.6086885 1.1854717 0.0956251 3.2039927 0.0000000 3.5212391 0.0041725 0.1034956 0.1093467 0.0020791 3.3580345 3.6095513 3.6288097 0.0041725 0.0041601 0.1034956 0.0979010 2.4161944 0.1057804 0.1279191 0.0020791 3.1651911 0.0979010 0.0020774 0.0940364 0.0956251 3.9828787 0.1057804 2.4161944 3.0830023 3.6472712 
KX643370_Lymphocystivirus_sparus1_n/a                    3.5212391 3.5961170 3.5362074 5.7271648 4.4409422 3.4643746 2.2827776 3.5212391 0.0000000 3.5052815 3.5402514 3.5971787 3.5247736 6.4434196 5.1468062 0.2711690 3.5052815 3.5374141 3.5402514 3.4643746 3.8462674 3.5463057 3.6243017 3.5188420 2.2550969 3.4643746 3.5362074 3.5154080 3.4643746 7.0784532 3.5463057 3.8462674 4.9021135 7.3041109 
MT986830_Megalocytivirus_pagrus1_ISKNV                   0.0041725 0.1228503 0.0062636 2.6110879 1.1826764 0.0906127 3.1914500 0.0041725 3.5052815 0.0000000 0.0984019 0.1070565 0.0062687 3.3590847 3.6205027 3.5978904 0.0000010 0.0083623 0.0984019 0.0928721 2.4000870 0.1006714 0.1252674 0.0062687 3.1281135 0.0928721 0.0062636 0.0890246 0.0906127 4.0063696 0.1006714 2.4000870 3.1016720 3.6602222 
OK042109_Megalocytivirus_pagrus1_RSIV                    0.1034956 0.1047159 0.1011614 2.6124786 1.2000236 0.0313367 3.0874770 0.1034956 3.5402514 0.0984019 0.0000000 0.0973491 0.1059163 3.3638737 3.6980401 3.5759548 0.0984019 0.1082111 0.0000010 0.0334431 2.4052288 0.0020500 0.1070885 0.1034076 3.2248045 0.0334431 0.1011614 0.0082325 0.0313367 3.8111122 0.0020500 2.4052288 3.0380826 3.6108538 
GQ273492_Megalocytivirus_pagrus1_TRBIV                   0.1093467 0.0402227 0.1116741 2.7001758 1.1964050 0.0900970 3.1110091 0.1093467 3.5971787 0.1070565 0.0973491 0.0000000 0.1117687 3.3279806 3.6315530 3.6563343 0.1070565 0.1140582 0.0973491 0.0923758 2.4179954 0.0996316 0.0423986 0.1117687 3.2485731 0.0923758 0.1116741 0.0906761 0.0900970 3.9007817 0.0996316 2.4179954 3.0254749 3.7208586 
MW883600_Megalocytivirus_pagrus1_ISKNV                   0.0020791 0.1279526 0.0041613 2.6108041 1.1940082 0.0980164 3.2069120 0.0020791 3.5247736 0.0062687 0.1059163 0.1117687 0.0000000 3.3744840 3.6494206 3.6325117 0.0062687 0.0062501 0.1059163 0.1002975 2.4365299 0.1082057 0.1303897 0.0041647 3.1682507 0.1002975 0.0041613 0.0964287 0.0980164 3.9828787 0.1082057 2.4365299 3.1158532 3.6648749 
KF938901_Chloriridovirus_anopheles1_n/a                  3.3580345 3.3159893 3.3794933 4.8303174 4.2172938 3.3571274 6.2656461 3.3580345 6.4434196 3.3590847 3.3638737 3.3279806 3.3744840 0.0000000 2.0292103 6.8056372 3.3590847 3.3506702 3.3638737 3.3518862 5.3145050 3.3577560 3.3373344 3.3744840 5.4102121 3.3518862 3.3794933 3.3247407 3.3571274 2.6328550 3.3577560 5.3145050 1.8695961 0.8784827 
HF920637_Iridovirus_armadillidium1_n/a                   3.6095513 3.6378593 3.6356215 4.4880626 3.9050272 3.6571414 5.4838626 3.6095513 5.1468062 3.6205027 3.6980401 3.6315530 3.6494206 2.0292103 0.0000000 4.8944914 3.6205027 3.6175672 3.6980401 3.6491628 4.3519549 3.7031286 3.6568793 3.6494206 6.4820234 3.6491628 3.6356215 3.6868115 3.6571414 2.6957971 3.7031286 4.3519549 0.7741490 1.9081488 
MN803438_Lymphocystivirus_micropogonias1_n/a             3.6288097 3.6745110 3.6444976 5.4606737 4.3734589 3.5145026 2.4722530 3.6288097 0.2711690 3.5978904 3.5759548 3.6563343 3.6325117 6.8056372 4.8944914 0.0000000 3.5978904 3.6288956 3.5759548 3.5145026 3.8872614 3.5820534 3.7032829 3.6262980 2.3853102 3.5145026 3.6444976 3.5575760 3.5145026 7.1358846 3.5820534 3.8872614 4.8525218 7.1635076 
PP974677_Megalocytivirus_pagrus1_ISKNV                   0.0041725 0.1228503 0.0062636 2.6110879 1.1826764 0.0906127 3.1914500 0.0041725 3.5052815 0.0000010 0.0984019 0.1070565 0.0062687 3.3590847 3.6205027 3.5978904 0.0000000 0.0083623 0.0984019 0.0928721 2.4000870 0.1006714 0.1252674 0.0062687 3.1281135 0.0928721 0.0062636 0.0890246 0.0906127 4.0063696 0.1006714 2.4000870 3.1016720 3.6602222 
ON212400_Megalocytivirus_pagrus1_ISKNV                   0.0041601 0.1278728 0.0062450 2.6272794 1.1811777 0.1002928 3.2157424 0.0041601 3.5374141 0.0083623 0.1082111 0.1140582 0.0062501 3.3506702 3.6175672 3.6288956 0.0083623 0.0000000 0.1082111 0.1025763 2.4062677 0.1105023 0.1303081 0.0062501 3.1557362 0.1025763 0.0062450 0.0987077 0.1002928 3.9854449 0.1105023 2.4062677 3.0835812 3.6404984 
KC244182_Megalocytivirus_pagrus1_RSIV                    0.1034956 0.1047159 0.1011614 2.6124786 1.2000236 0.0313367 3.0874770 0.1034956 3.5402514 0.0984019 0.0000010 0.0973491 0.1059163 3.3638737 3.6980401 3.5759548 0.0984019 0.1082111 0.0000000 0.0334431 2.4052288 0.0020500 0.1070885 0.1034076 3.2248045 0.0334431 0.1011614 0.0082325 0.0313367 3.8111122 0.0020500 2.4052288 3.0380826 3.6108538 
ON743042_Megalocytivirus_pagrus1_RSIV                    0.0979010 0.0997601 0.0955859 2.5976552 1.2006536 0.0020543 3.0713088 0.0979010 3.4643746 0.0928721 0.0334431 0.0923758 0.1002975 3.3518862 3.6491628 3.5145026 0.0928721 0.1025763 0.0334431 0.0000000 2.4135407 0.0355506 0.1021165 0.0978183 3.1922009 0.0000010 0.0955859 0.0292004 0.0020543 3.8494642 0.0355506 2.4135407 3.0587420 3.5945552 
MN562489_Megalocytivirus_lates1_SDDV                     2.4161944 2.4315833 2.4202600 3.8590159 2.6817424 2.4170455 4.2600498 2.4161944 3.8462674 2.4000870 2.4052288 2.4179954 2.4365299 5.3145050 4.3519549 3.8872614 2.4000870 2.4062677 2.4052288 2.4135407 0.0000000 2.3999650 2.4226132 2.4150830 4.4535177 2.4135407 2.4202600 2.4281898 2.4170455 5.1611921 2.3999650 0.0000010 4.2056531 5.8485461 
OL774655_Megalocytivirus_pagrus1_RSIV                    0.1057804 0.1069794 0.1034435 2.6061742 1.2042858 0.0334420 3.0924887 0.1057804 3.5463057 0.1006714 0.0020500 0.0996316 0.1082057 3.3577560 3.7031286 3.5820534 0.1006714 0.1105023 0.0020500 0.0355506 2.3999650 0.0000000 0.1093560 0.1056903 3.2303751 0.0355506 0.1034435 0.0102958 0.0334420 3.8177758 0.0000010 2.3999650 3.0441571 3.6053144 
MG570131_Megalocytivirus_pagrus1_TRBIV                   0.1279191 0.0020657 0.1302790 2.7166510 1.2098835 0.0998519 3.0407217 0.1279191 3.6243017 0.1252674 0.1070885 0.0423986 0.1303897 3.3373344 3.6568793 3.7032829 0.1252674 0.1303081 0.1070885 0.1021165 2.4226132 0.1093560 0.0000000 0.1303897 3.2312318 0.1021165 0.1302790 0.1024188 0.0998519 3.7816918 0.1093560 2.4226132 3.0880963 3.6835695 
OR536350_Megalocytivirus_pagrus1_ISKNV                   0.0020791 0.1279526 0.0041613 2.6006335 1.1939943 0.0955445 3.2027026 0.0020791 3.5188420 0.0062687 0.1034076 0.1117687 0.0041647 3.3744840 3.6494206 3.6262980 0.0062687 0.0062501 0.1034076 0.0978183 2.4150830 0.1056903 0.1303897 0.0000000 3.1631362 0.0978183 0.0041613 0.0939570 0.0955445 3.9902331 0.1056903 2.4150830 3.0756468 3.6538623 
NC_005946_Ranavirus_rana1_n/a                            3.1651911 3.2143817 3.1882524 5.0904430 3.5272592 3.1922009 1.5337908 3.1651911 2.2550969 3.1281135 3.2248045 3.2485731 3.1682507 5.4102121 6.4820234 2.3853102 3.1281135 3.1557362 3.2248045 3.1922009 4.4535177 3.2303751 3.2312318 3.1631362 0.0000000 3.1922009 3.1882524 3.2414542 3.1922009 6.1655549 3.2303751 4.4535177 5.6800578 6.0032527 
OQ475017_Megalocytivirus_pagrus1_RSIV                    0.0979010 0.0997601 0.0955859 2.5976552 1.2006536 0.0020543 3.0713088 0.0979010 3.4643746 0.0928721 0.0334431 0.0923758 0.1002975 3.3518862 3.6491628 3.5145026 0.0928721 0.1025763 0.0334431 0.0000010 2.4135407 0.0355506 0.1021165 0.0978183 3.1922009 0.0000000 0.0955859 0.0292004 0.0020543 3.8494642 0.0355506 2.4135407 3.0587420 3.5945552 
MW883594_Megalocytivirus_pagrus1_ISKNV                   0.0020774 0.1278442 0.0000010 2.5995603 1.1795895 0.0933133 3.2108170 0.0020774 3.5362074 0.0062636 0.1011614 0.1116741 0.0041613 3.3794933 3.6356215 3.6444976 0.0062636 0.0062450 0.1011614 0.0955859 2.4202600 0.1034435 0.1302790 0.0041613 3.1882524 0.0955859 0.0000000 0.0917222 0.0933133 3.9828787 0.1034435 2.4202600 3.1009148 3.6604370 
MW883598_Megalocytivirus_pagrus1_RSIV                    0.0940364 0.1000578 0.0917222 2.6281219 1.2067559 0.0270998 3.1076344 0.0940364 3.5154080 0.0890246 0.0082325 0.0906761 0.0964287 3.3247407 3.6868115 3.5575760 0.0890246 0.0987077 0.0082325 0.0292004 2.4281898 0.0102958 0.1024188 0.0939570 3.2414542 0.0292004 0.0917222 0.0000000 0.0270998 3.8377789 0.0102958 2.4281898 3.0517576 3.6075235 
AB104413_Megalocytivirus_pagrus1_RSIV                    0.0956251 0.0974999 0.0933133 2.5992894 1.2049717 0.0000010 3.0713088 0.0956251 3.4643746 0.0906127 0.0313367 0.0900970 0.0980164 3.3571274 3.6571414 3.5145026 0.0906127 0.1002928 0.0313367 0.0020543 2.4170455 0.0334420 0.0998519 0.0955445 3.1922009 0.0020543 0.0933133 0.0270998 0.0000000 3.8547178 0.0334420 2.4170455 3.0651890 3.5968419 
LS484712_Daphniairidovirus_daphnia1_n/a                  3.9828787 3.7816918 3.9828787 4.9336133 4.4180181 3.8547178 6.4455759 3.9828787 7.0784532 4.0063696 3.8111122 3.9007817 3.9828787 2.6328550 2.6957971 7.1358846 4.0063696 3.9854449 3.8111122 3.8494642 5.1611921 3.8177758 3.7816918 3.9902331 6.1655549 3.8494642 3.9828787 3.8377789 3.8547178 0.0000000 3.8177758 5.1611921 2.6648140 2.8981354 
OL774653_Megalocytivirus_pagrus1_RSIV                    0.1057804 0.1069794 0.1034435 2.6061742 1.2042858 0.0334420 3.0924887 0.1057804 3.5463057 0.1006714 0.0020500 0.0996316 0.1082057 3.3577560 3.7031286 3.5820534 0.1006714 0.1105023 0.0020500 0.0355506 2.3999650 0.0000010 0.1093560 0.1056903 3.2303751 0.0355506 0.1034435 0.0102958 0.0334420 3.8177758 0.0000000 2.3999650 3.0441571 3.6053144 
OM037668_Megalocytivirus_lates1_SDDV                     2.4161944 2.4315833 2.4202600 3.8590159 2.6817424 2.4170455 4.2600498 2.4161944 3.8462674 2.4000870 2.4052288 2.4179954 2.4365299 5.3145050 4.3519549 3.8872614 2.4000870 2.4062677 2.4052288 2.4135407 0.0000010 2.3999650 2.4226132 2.4150830 4.4535177 2.4135407 2.4202600 2.4281898 2.4170455 5.1611921 2.3999650 0.0000000 4.2056531 5.8485461 
AF303741_Iridovirus_chilo1_n/a                           3.0830023 3.0775174 3.1009148 4.3706940 3.3395365 3.0651890 5.0884747 3.0830023 4.9021135 3.1016720 3.0380826 3.0254749 3.1158532 1.8695961 0.7741490 4.8525218 3.1016720 3.0835812 3.0380826 3.0587420 4.2056531 3.0441571 3.0880963 3.0756468 5.6800578 3.0587420 3.1009148 3.0517576 3.0651890 2.6648140 3.0441571 4.2056531 0.0000000 2.0713237 
HF920633_Chloriridovirus_simulium1_n/a                   3.6472712 3.6640495 3.6604370 4.3661209 4.3565708 3.5968419 5.8529473 3.6472712 7.3041109 3.6602222 3.6108538 3.7208586 3.6648749 0.8784827 1.9081488 7.1635076 3.6602222 3.6404984 3.6108538 3.5945552 5.8485461 3.6053144 3.6835695 3.6538623 6.0032527 3.5945552 3.6604370 3.6075235 3.5968419 2.8981354 3.6053144 5.8485461 2.0713237 0.0000000 
