8
OQ475017_Megalocytivirus_pagrus1_RSIV                    0.0000000 0.0207809 0.0207809 0.0000010 0.4466879 0.6732875 0.6732875 0.4910900 
MT128667_Megalocytivirus_pagrus1_ISKNV                   0.0207809 0.0000000 0.0000010 0.0207809 0.4276434 0.6732875 0.6732875 0.4524703 
MW883593_Megalocytivirus_pagrus1_ISKNV                   0.0207809 0.0000010 0.0000000 0.0207809 0.4276434 0.6732875 0.6732875 0.4524703 
MK689686_Megalocytivirus_pagrus1_RSIV                    0.0000010 0.0207809 0.0207809 0.0000000 0.4466879 0.6732875 0.6732875 0.4910900 
PQ335173_PQ335174_Threespine_stickleback_iridovirus_TSIV 0.4466879 0.4276434 0.4276434 0.4466879 0.0000000 0.7242467 0.7242467 0.9291377 
MT521409_Megalocytivirus_lates1_SDDV                     0.6732875 0.6732875 0.6732875 0.6732875 0.7242467 0.0000000 0.0000010 1.2297367 
OM037668_Megalocytivirus_lates1_SDDV                     0.6732875 0.6732875 0.6732875 0.6732875 0.7242467 0.0000010 0.0000000 1.2297367 
23043610003_Megalocytivirus_pagrus1_ISKNV                0.4910900 0.4524703 0.4524703 0.4910900 0.9291377 1.2297367 1.2297367 0.0000000 
