17
MW883603_Megalocytivirus_pagrus1_ISKNV 0.0000000 0.2728030 0.4799341 0.1335206 0.1335206 0.0000010 0.2728030 0.1118539 0.4799341 0.2272220 0.2275734 0.1118539 0.2275734 0.0366339 0.2571867 0.0366339 0.2266548 
MG570131_Megalocytivirus_pagrus1_TRBIV 0.2728030 0.0000000 0.5714181 0.2817655 0.2817655 0.2728030 0.0000010 0.2970725 0.5714181 0.3554849 0.3875825 0.2970725 0.3875825 0.3197517 0.2058660 0.3197517 0.3581553 
OL774653_Megalocytivirus_pagrus1_RSIV  0.4799341 0.5714181 0.0000000 0.6477394 0.6477394 0.4799341 0.5714181 0.6348494 0.0000010 0.7939619 0.7914778 0.6348494 0.7914778 0.3902643 0.0946272 0.3902643 0.7914778 
ON740976_Megalocytivirus_pagrus1_RSIV  0.1335206 0.2817655 0.6477394 0.0000000 0.0000010 0.1335206 0.2817655 0.2305906 0.6477394 0.0874220 0.1802293 0.2305906 0.1802293 0.1830468 0.2571867 0.1830468 0.1802293 
AP017456_Megalocytivirus_pagrus1_RSIV  0.1335206 0.2817655 0.6477394 0.0000010 0.0000000 0.1335206 0.2817655 0.2305906 0.6477394 0.0874220 0.1802293 0.2305906 0.1802293 0.1830468 0.2571867 0.1830468 0.1802293 
OR536350_Megalocytivirus_pagrus1_ISKNV 0.0000010 0.2728030 0.4799341 0.1335206 0.1335206 0.0000000 0.2728030 0.1118539 0.4799341 0.2272220 0.2275734 0.1118539 0.2275734 0.0366339 0.2571867 0.0366339 0.2266548 
MG570132_Megalocytivirus_pagrus1_TRBIV 0.2728030 0.0000010 0.5714181 0.2817655 0.2817655 0.2728030 0.0000000 0.2970725 0.5714181 0.3554849 0.3875825 0.2970725 0.3875825 0.3197517 0.2058660 0.3197517 0.3581553 
MW883595_Megalocytivirus_pagrus1_ISKNV 0.1118539 0.2970725 0.6348494 0.2305906 0.2305906 0.1118539 0.2970725 0.0000000 0.6348494 0.2723613 0.3289878 0.0000010 0.3289878 0.1526573 0.3459230 0.1526573 0.2716722 
OL774654_Megalocytivirus_pagrus1_RSIV  0.4799341 0.5714181 0.0000010 0.6477394 0.6477394 0.4799341 0.5714181 0.6348494 0.0000000 0.7939619 0.7914778 0.6348494 0.7914778 0.3902643 0.0946272 0.3902643 0.7914778 
OQ475017_Megalocytivirus_pagrus1_RSIV  0.2272220 0.3554849 0.7939619 0.0874220 0.0874220 0.2272220 0.3554849 0.2723613 0.7939619 0.0000000 0.0868689 0.2723613 0.0868689 0.2714656 0.3701339 0.2714656 0.0723323 
MK098185_Megalocytivirus_pagrus1_RSIV  0.2275734 0.3875825 0.7914778 0.1802293 0.1802293 0.2275734 0.3875825 0.3289878 0.7914778 0.0868689 0.0000000 0.3289878 0.0000010 0.2810817 0.3689030 0.2810817 0.0000010 
OP009387_Megalocytivirus_pagrus1_ISKNV 0.1118539 0.2970725 0.6348494 0.2305906 0.2305906 0.1118539 0.2970725 0.0000010 0.6348494 0.2723613 0.3289878 0.0000000 0.3289878 0.1526573 0.3459230 0.1526573 0.2716722 
MK098187_Megalocytivirus_pagrus1_RSIV  0.2275734 0.3875825 0.7914778 0.1802293 0.1802293 0.2275734 0.3875825 0.3289878 0.7914778 0.0868689 0.0000010 0.3289878 0.0000000 0.2810817 0.3689030 0.2810817 0.0000010 
OQ513807_Megalocytivirus_pagrus1_ISKNV 0.0366339 0.3197517 0.3902643 0.1830468 0.1830468 0.0366339 0.3197517 0.1526573 0.3902643 0.2714656 0.2810817 0.1526573 0.2810817 0.0000000 0.1987871 0.0000010 0.2707787 
GQ273492_Megalocytivirus_pagrus1_TRBIV 0.2571867 0.2058660 0.0946272 0.2571867 0.2571867 0.2571867 0.2058660 0.3459230 0.0946272 0.3701339 0.3689030 0.3459230 0.3689030 0.1987871 0.0000000 0.1987871 0.3689030 
MW883593_Megalocytivirus_pagrus1_ISKNV 0.0366339 0.3197517 0.3902643 0.1830468 0.1830468 0.0366339 0.3197517 0.1526573 0.3902643 0.2714656 0.2810817 0.1526573 0.2810817 0.0000010 0.1987871 0.0000000 0.2707787 
AB104413_Megalocytivirus_pagrus1_RSIV  0.2266548 0.3581553 0.7914778 0.1802293 0.1802293 0.2266548 0.3581553 0.2716722 0.7914778 0.0723323 0.0000010 0.2716722 0.0000010 0.2707787 0.3689030 0.2707787 0.0000000 
