22
MG570132_Megalocytivirus_pagrus1_TRBIV  0.0000000 0.1941587 0.1038757 0.1859567 0.0974007 0.1810710 0.0974007 0.1810710 0.1859567 0.0375834 0.1041759 0.1038757 0.0954911 0.1907068 0.0893305 0.1034193 0.0000010 0.0954911 0.1941587 0.1933465 0.0893305 0.1933465 
MK689686_Megalocytivirus_pagrus1_RSIV   0.1941587 0.0000000 0.1936188 0.0049319 0.1860985 0.0637111 0.1860985 0.0637111 0.0049319 0.1592988 0.1956505 0.1936188 0.1791213 0.0696975 0.1720081 0.1941210 0.1941587 0.1791213 0.0000010 0.0099014 0.1720081 0.0099014 
OP896201_Megalocytivirus_pagrus1_ISKNV  0.1038757 0.1936188 0.0000000 0.1855292 0.0051342 0.1833278 0.0051342 0.1833278 0.1855292 0.0974075 0.0157271 0.0000010 0.0102998 0.1927367 0.0154939 0.0156242 0.1038757 0.0102998 0.1936188 0.1928201 0.0154939 0.1928201 
MT798582_Megalocytivirus_pagrus1_RSIV   0.1859567 0.0049319 0.1855292 0.0000000 0.1780418 0.0580305 0.1780418 0.0580305 0.0000010 0.1517467 0.1874810 0.1855292 0.1710790 0.0639222 0.1639814 0.1860125 0.1859567 0.1710790 0.0049319 0.0049187 0.1639814 0.0049187 
MW883593_Megalocytivirus_pagrus1_ISKNV  0.0974007 0.1860985 0.0051342 0.1780418 0.0000000 0.1758699 0.0000010 0.1758699 0.1780418 0.0909986 0.0104379 0.0051342 0.0051273 0.1851572 0.0102854 0.0103695 0.0974007 0.0051273 0.1860985 0.1853319 0.0102854 0.1853319 
AB104413_Megalocytivirus_pagrus1_RSIV   0.1810710 0.0637111 0.1833278 0.0580305 0.1758699 0.0000000 0.1758699 0.0000010 0.0580305 0.1468401 0.1852532 0.1833278 0.1689310 0.0049711 0.1618621 0.1838048 0.1810710 0.1689310 0.0637111 0.0635184 0.1618621 0.0635184 
NC_003494_Megalocytivirus_pagrus1_ISKNV 0.0974007 0.1860985 0.0051342 0.1780418 0.0000010 0.1758699 0.0000000 0.1758699 0.1780418 0.0909986 0.0104379 0.0051342 0.0051273 0.1851572 0.0102854 0.0103695 0.0974007 0.0051273 0.1860985 0.1853319 0.0102854 0.1853319 
OL774655_Megalocytivirus_pagrus1_RSIV   0.1810710 0.0637111 0.1833278 0.0580305 0.1758699 0.0000010 0.1758699 0.0000000 0.0580305 0.1468401 0.1852532 0.1833278 0.1689310 0.0049711 0.1618621 0.1838048 0.1810710 0.1689310 0.0637111 0.0635184 0.1618621 0.0635184 
ON075463_Megalocytivirus_pagrus1_RSIV   0.1859567 0.0049319 0.1855292 0.0000010 0.1780418 0.0580305 0.1780418 0.0580305 0.0000000 0.1517467 0.1874810 0.1855292 0.1710790 0.0639222 0.1639814 0.1860125 0.1859567 0.1710790 0.0049319 0.0049187 0.1639814 0.0049187 
GQ273492_Megalocytivirus_pagrus1_TRBIV  0.0375834 0.1592988 0.0974075 0.1517467 0.0909986 0.1468401 0.0909986 0.1468401 0.1517467 0.0000000 0.0990524 0.0974075 0.0892145 0.1553694 0.0831024 0.0983275 0.0375834 0.0892145 0.1592988 0.1586776 0.0831024 0.1586776 
OQ513807_Megalocytivirus_pagrus1_ISKNV  0.1041759 0.1956505 0.0157271 0.1874810 0.0104379 0.1852532 0.0104379 0.1852532 0.1874810 0.0990524 0.0000000 0.0157271 0.0157044 0.1947776 0.0209986 0.0000010 0.1041759 0.0157044 0.1956505 0.1948361 0.0209986 0.1948361 
OR356116_Megalocytivirus_pagrus1_ISKNV  0.1038757 0.1936188 0.0000010 0.1855292 0.0051342 0.1833278 0.0051342 0.1833278 0.1855292 0.0974075 0.0157271 0.0000000 0.0102998 0.1927367 0.0154939 0.0156242 0.1038757 0.0102998 0.1936188 0.1928201 0.0154939 0.1928201 
OP009387_Megalocytivirus_pagrus1_ISKNV  0.0954911 0.1791213 0.0102998 0.1710790 0.0051273 0.1689310 0.0051273 0.1689310 0.1710790 0.0892145 0.0157044 0.0102998 0.0000000 0.1781288 0.0051303 0.0156018 0.0954911 0.0000010 0.1791213 0.1783827 0.0051303 0.1783827 
MK098187_Megalocytivirus_pagrus1_RSIV   0.1907068 0.0696975 0.1927367 0.0639222 0.1851572 0.0049711 0.1851572 0.0049711 0.0639222 0.1553694 0.1947776 0.1927367 0.1781288 0.0000000 0.1709673 0.1932413 0.1907068 0.1781288 0.0696975 0.0694836 0.1709673 0.0694836 
MW883595_Megalocytivirus_pagrus1_ISKNV  0.0893305 0.1720081 0.0154939 0.1639814 0.0102854 0.1618621 0.0102854 0.1618621 0.1639814 0.0831024 0.0209986 0.0154939 0.0051303 0.1709673 0.0000000 0.0208614 0.0893305 0.0051303 0.1720081 0.1712987 0.0000010 0.1712987 
OR670976_Megalocytivirus_pagrus1_ISKNV  0.1034193 0.1941210 0.0156242 0.1860125 0.0103695 0.1838048 0.0103695 0.1838048 0.1860125 0.0983275 0.0000010 0.0156242 0.0156018 0.1932413 0.0208614 0.0000000 0.1034193 0.0156018 0.1941210 0.1933185 0.0208614 0.1933185 
MG570131_Megalocytivirus_pagrus1_TRBIV  0.0000010 0.1941587 0.1038757 0.1859567 0.0974007 0.1810710 0.0974007 0.1810710 0.1859567 0.0375834 0.1041759 0.1038757 0.0954911 0.1907068 0.0893305 0.1034193 0.0000000 0.0954911 0.1941587 0.1933465 0.0893305 0.1933465 
MT986830_Megalocytivirus_pagrus1_ISKNV  0.0954911 0.1791213 0.0102998 0.1710790 0.0051273 0.1689310 0.0051273 0.1689310 0.1710790 0.0892145 0.0157044 0.0102998 0.0000010 0.1781288 0.0051303 0.0156018 0.0954911 0.0000000 0.1791213 0.1783827 0.0051303 0.1783827 
MW883598_Megalocytivirus_pagrus1_RSIV   0.1941587 0.0000010 0.1936188 0.0049319 0.1860985 0.0637111 0.1860985 0.0637111 0.0049319 0.1592988 0.1956505 0.1936188 0.1791213 0.0696975 0.1720081 0.1941210 0.1941587 0.1791213 0.0000000 0.0099014 0.1720081 0.0099014 
OK042108_Megalocytivirus_pagrus1_RSIV   0.1933465 0.0099014 0.1928201 0.0049187 0.1853319 0.0635184 0.1853319 0.0635184 0.0049187 0.1586776 0.1948361 0.1928201 0.1783827 0.0694836 0.1712987 0.1933185 0.1933465 0.1783827 0.0099014 0.0000000 0.1712987 0.0000010 
MN432490_Megalocytivirus_pagrus1_ISKNV  0.0893305 0.1720081 0.0154939 0.1639814 0.0102854 0.1618621 0.0102854 0.1618621 0.1639814 0.0831024 0.0209986 0.0154939 0.0051303 0.1709673 0.0000010 0.0208614 0.0893305 0.0051303 0.1720081 0.1712987 0.0000000 0.1712987 
ON743042_Megalocytivirus_pagrus1_RSIV   0.1933465 0.0099014 0.1928201 0.0049187 0.1853319 0.0635184 0.1853319 0.0635184 0.0049187 0.1586776 0.1948361 0.1928201 0.1783827 0.0694836 0.1712987 0.1933185 0.1933465 0.1783827 0.0099014 0.0000010 0.1712987 0.0000000 
