29
MT926123_Megalocytivirus_pagrus1_ISKNV                   0.0000000 3.4109435 0.0388662 0.0000010 0.7965434 0.0355793 0.0423330 0.0355793 3.3113733 0.0388662 3.2831335 0.0389886 0.0423330 3.6713566 3.7992130 3.1952399 0.7965434 4.0208490 0.0000010 0.0389886 0.0063793 0.3705324 0.0063793 0.0425823 3.7232582 0.0425823 4.3633620 0.0388568 0.0096656 
HF920633_Chloriridovirus_simulium1_n/a                   3.4109435 0.0000000 3.4369577 3.4109435 4.1317669 3.3893299 3.4043920 3.3893299 0.9952849 3.4369577 1.1257031 3.4043920 3.4043920 1.5733975 1.7578502 0.1709175 4.1317669 1.8320606 3.4026012 3.4043920 3.4265821 3.6236901 3.4265821 3.3707198 1.6459497 3.3707198 1.1240214 3.4228322 3.4699247 
MW139932_Megalocytivirus_pagrus1_RSIV                    0.0388662 3.4369577 0.0000000 0.0388662 0.7787515 0.0095368 0.0192386 0.0095368 3.2463021 0.0000010 3.2664524 0.0159961 0.0192386 3.7319282 3.8290852 3.1727891 0.7787515 4.1017261 0.0390752 0.0159961 0.0458250 0.3753675 0.0458250 0.0323598 3.7722200 0.0323598 4.2616766 0.0191679 0.0495917 
KT781098_Megalocytivirus_pagrus1_ISKNV                   0.0000010 3.4109435 0.0388662 0.0000000 0.7965434 0.0355793 0.0423330 0.0355793 3.3113733 0.0388662 3.2831335 0.0389886 0.0423330 3.6713566 3.7992130 3.1952399 0.7965434 4.0208490 0.0000010 0.0389886 0.0063793 0.3705324 0.0063793 0.0425823 3.7232582 0.0425823 4.3633620 0.0388568 0.0096656 
OM037668_Megalocytivirus_lates1_SDDV                     0.7965434 4.1317669 0.7787515 0.7965434 0.0000000 0.7905339 0.7879511 0.7905339 3.9582133 0.7787515 3.8227723 0.7910130 0.7879511 4.0040792 3.9374259 4.2254920 0.0000010 4.3060886 0.7924327 0.7910130 0.7938175 0.7564447 0.7938175 0.7848840 4.3255844 0.7848840 4.5581100 0.7881278 0.7946756 
OQ475017_Megalocytivirus_pagrus1_RSIV                    0.0355793 3.3893299 0.0095368 0.0355793 0.7905339 0.0000000 0.0095773 0.0000010 3.2437163 0.0095368 3.2638483 0.0063705 0.0095773 3.7311474 3.7995368 3.1701066 0.7905339 4.0994611 0.0357702 0.0063705 0.0390691 0.3771359 0.0390691 0.0390922 3.7662373 0.0390922 4.2639116 0.0289617 0.0427503 
KC244182_Megalocytivirus_pagrus1_RSIV                    0.0423330 3.4043920 0.0192386 0.0423330 0.7879511 0.0095773 0.0000000 0.0095773 3.3069745 0.0192386 3.3116189 0.0031835 0.0000010 3.7460660 3.8239500 3.1862865 0.7879511 4.1168448 0.0425619 0.0031835 0.0458899 0.3746108 0.0458899 0.0459174 3.7725752 0.0459174 4.2779082 0.0356368 0.0496627 
ON743042_Megalocytivirus_pagrus1_RSIV                    0.0355793 3.3893299 0.0095368 0.0355793 0.7905339 0.0000010 0.0095773 0.0000000 3.2437163 0.0095368 3.2638483 0.0063705 0.0095773 3.7311474 3.7995368 3.1701066 0.7905339 4.0994611 0.0357702 0.0063705 0.0390691 0.3771359 0.0390691 0.0390922 3.7662373 0.0390922 4.2639116 0.0289617 0.0427503 
AF303741_Iridovirus_chilo1_n/a                           3.3113733 0.9952849 3.2463021 3.3113733 3.9582133 3.2437163 3.3069745 3.2437163 0.0000000 3.2463021 0.2332677 3.2702730 3.3069745 1.8097334 1.8962029 0.9551909 3.9582133 2.0006309 3.3401312 3.2702730 3.3127368 3.6958939 3.3127368 3.2900485 1.8777825 3.2900485 1.1548764 3.2474010 3.3385329 
OL774653_Megalocytivirus_pagrus1_RSIV                    0.0388662 3.4369577 0.0000010 0.0388662 0.7787515 0.0095368 0.0192386 0.0095368 3.2463021 0.0000000 3.2664524 0.0159961 0.0192386 3.7319282 3.8290852 3.1727891 0.7787515 4.1017261 0.0390752 0.0159961 0.0458250 0.3753675 0.0458250 0.0323598 3.7722200 0.0323598 4.2616766 0.0191679 0.0495917 
HF920637_Iridovirus_armadillidium1_n/a                   3.2831335 1.1257031 3.2664524 3.2831335 3.8227723 3.2638483 3.3116189 3.2638483 0.2332677 3.2664524 0.0000000 3.2745497 3.3116189 1.9324944 1.9283202 1.1125400 3.8227723 1.9877045 3.3115487 3.2745497 3.2844184 3.6096126 3.2844184 3.2906425 2.0174821 3.2906425 1.2005652 3.2797780 3.3101037 
MK689686_Megalocytivirus_pagrus1_RSIV                    0.0389886 3.4043920 0.0159961 0.0389886 0.7910130 0.0063705 0.0031835 0.0063705 3.2702730 0.0159961 3.2745497 0.0000000 0.0031835 3.7460660 3.8120764 3.1862865 0.7910130 4.0670115 0.0391989 0.0000010 0.0425161 0.3759442 0.0425161 0.0425415 3.7725752 0.0425415 4.2246148 0.0323242 0.0462478 
KT804738_Megalocytivirus_pagrus1_RSIV                    0.0423330 3.4043920 0.0192386 0.0423330 0.7879511 0.0095773 0.0000010 0.0095773 3.3069745 0.0192386 3.3116189 0.0031835 0.0000000 3.7460660 3.8239500 3.1862865 0.7879511 4.1168448 0.0425619 0.0031835 0.0458899 0.3746108 0.0458899 0.0459174 3.7725752 0.0459174 4.2779082 0.0356368 0.0496627 
MN803438_Lymphocystivirus_micropogonias1_n/a             3.6713566 1.5733975 3.7319282 3.6713566 4.0040792 3.7311474 3.7460660 3.7311474 1.8097334 3.7319282 1.9324944 3.7460660 3.7460660 0.0000000 0.8180082 1.6078669 4.0040792 0.8992424 3.6407267 3.7460660 3.6435700 3.9719523 3.6435700 3.6653675 0.1433175 3.6653675 1.7994664 3.6909232 3.6582117 
AY521625_Ranavirus_epinephelus1_n/a                      3.7992130 1.7578502 3.8290852 3.7992130 3.9374259 3.7995368 3.8239500 3.7995368 1.8962029 3.8290852 1.9283202 3.8120764 3.8239500 0.8180082 0.0000000 1.8304761 3.9374259 0.2706210 3.7830605 3.8120764 3.8173961 3.9605493 3.8173961 3.7511879 0.8112914 3.7511879 1.9675529 3.8154173 3.8658354 
KF938901_Chloriridovirus_anopheles1_n/a                  3.1952399 0.1709175 3.1727891 3.1952399 4.2254920 3.1701066 3.1862865 3.1701066 0.9551909 3.1727891 1.1125400 3.1862865 3.1862865 1.6078669 1.8304761 0.0000000 4.2254920 1.7724735 3.2229886 3.1862865 3.2471042 3.4811577 3.2471042 3.1182433 1.6074253 3.1182433 1.1166748 3.1645258 3.2880857 
MT521409_Megalocytivirus_lates1_SDDV                     0.7965434 4.1317669 0.7787515 0.7965434 0.0000010 0.7905339 0.7879511 0.7905339 3.9582133 0.7787515 3.8227723 0.7910130 0.7879511 4.0040792 3.9374259 4.2254920 0.0000000 4.3060886 0.7924327 0.7910130 0.7938175 0.7564447 0.7938175 0.7848840 4.3255844 0.7848840 4.5581100 0.7881278 0.7946756 
NC_005946_Ranavirus_rana1_n/a                            4.0208490 1.8320606 4.1017261 4.0208490 4.3060886 4.0994611 4.1168448 4.0994611 2.0006309 4.1017261 1.9877045 4.0670115 4.1168448 0.8992424 0.2706210 1.7724735 4.3060886 0.0000000 4.0209224 4.0670115 4.0368419 4.3135790 4.0368419 3.9254510 0.8520329 3.9254510 1.9726512 3.9961347 4.0877117 
MW273353_Megalocytivirus_pagrus1_ISKNV                   0.0000010 3.4026012 0.0390752 0.0000010 0.7924327 0.0357702 0.0425619 0.0357702 3.3401312 0.0390752 3.3115487 0.0391989 0.0425619 3.6407267 3.7830605 3.2229886 0.7924327 4.0209224 0.0000000 0.0391989 0.0064130 0.3660412 0.0064130 0.0428139 3.6924584 0.0428139 4.3378030 0.0390656 0.0097171 
MT798582_Megalocytivirus_pagrus1_RSIV                    0.0389886 3.4043920 0.0159961 0.0389886 0.7910130 0.0063705 0.0031835 0.0063705 3.2702730 0.0159961 3.2745497 0.0000010 0.0031835 3.7460660 3.8120764 3.1862865 0.7910130 4.0670115 0.0391989 0.0000000 0.0425161 0.3759442 0.0425161 0.0425415 3.7725752 0.0425415 4.2246148 0.0323242 0.0462478 
MW883595_Megalocytivirus_pagrus1_ISKNV                   0.0063793 3.4265821 0.0458250 0.0063793 0.7938175 0.0390691 0.0458899 0.0390691 3.3127368 0.0458250 3.2844184 0.0425161 0.0458899 3.6435700 3.8173961 3.2471042 0.7938175 4.0368419 0.0064130 0.0425161 0.0000000 0.3626929 0.0000010 0.0459136 3.6905344 0.0459136 4.3824742 0.0458140 0.0031778 
PQ335173_PQ335174_Threespine_stickleback_iridovirus_TSIV 0.3705324 3.6236901 0.3753675 0.3705324 0.7564447 0.3771359 0.3746108 0.3771359 3.6958939 0.3753675 3.6096126 0.3759442 0.3746108 3.9719523 3.9605493 3.4811577 0.7564447 4.3135790 0.3660412 0.3759442 0.3626929 0.0000000 0.3626929 0.3571502 3.9229311 0.3571502 4.2074325 0.3680434 0.3710274 
MN432490_Megalocytivirus_pagrus1_ISKNV                   0.0063793 3.4265821 0.0458250 0.0063793 0.7938175 0.0390691 0.0458899 0.0390691 3.3127368 0.0458250 3.2844184 0.0425161 0.0458899 3.6435700 3.8173961 3.2471042 0.7938175 4.0368419 0.0064130 0.0425161 0.0000010 0.3626929 0.0000000 0.0459136 3.6905344 0.0459136 4.3824742 0.0458140 0.0031778 
MG570132_Megalocytivirus_pagrus1_TRBIV                   0.0425823 3.3707198 0.0323598 0.0425823 0.7848840 0.0390922 0.0459174 0.0390922 3.2900485 0.0323598 3.2906425 0.0425415 0.0459174 3.6653675 3.7511879 3.1182433 0.7848840 3.9254510 0.0428139 0.0425415 0.0459136 0.3571502 0.0459136 0.0000000 3.7031032 0.0000010 4.2557135 0.0192837 0.0496881 
KX643370_Lymphocystivirus_sparus1_n/a                    3.7232582 1.6459497 3.7722200 3.7232582 4.3255844 3.7662373 3.7725752 3.7662373 1.8777825 3.7722200 2.0174821 3.7725752 3.7725752 0.1433175 0.8112914 1.6074253 4.3255844 0.8520329 3.6924584 3.7725752 3.6905344 3.9229311 3.6905344 3.7031032 0.0000000 3.7031032 1.8236058 3.7319081 3.7058025 
MG570131_Megalocytivirus_pagrus1_TRBIV                   0.0425823 3.3707198 0.0323598 0.0425823 0.7848840 0.0390922 0.0459174 0.0390922 3.2900485 0.0323598 3.2906425 0.0425415 0.0459174 3.6653675 3.7511879 3.1182433 0.7848840 3.9254510 0.0428139 0.0425415 0.0459136 0.3571502 0.0459136 0.0000010 3.7031032 0.0000000 4.2557135 0.0192837 0.0496881 
LS484712_Daphniairidovirus_daphnia1_n/a                  4.3633620 1.1240214 4.2616766 4.3633620 4.5581100 4.2639116 4.2779082 4.2639116 1.1548764 4.2616766 1.2005652 4.2246148 4.2779082 1.7994664 1.9675529 1.1166748 4.5581100 1.9726512 4.3378030 4.2246148 4.3824742 4.2074325 4.3824742 4.2557135 1.8236058 4.2557135 0.0000000 4.2762043 4.4822470 
GQ273492_Megalocytivirus_pagrus1_TRBIV                   0.0388568 3.4228322 0.0191679 0.0388568 0.7881278 0.0289617 0.0356368 0.0289617 3.2474010 0.0191679 3.2797780 0.0323242 0.0356368 3.6909232 3.8154173 3.1645258 0.7881278 3.9961347 0.0390656 0.0323242 0.0458140 0.3680434 0.0458140 0.0192837 3.7319081 0.0192837 4.2762043 0.0000000 0.0495798 
OP009387_Megalocytivirus_pagrus1_ISKNV                   0.0096656 3.4699247 0.0495917 0.0096656 0.7946756 0.0427503 0.0496627 0.0427503 3.3385329 0.0495917 3.3101037 0.0462478 0.0496627 3.6582117 3.8658354 3.2880857 0.7946756 4.0877117 0.0097171 0.0462478 0.0031778 0.3710274 0.0031778 0.0496881 3.7058025 0.0496881 4.4822470 0.0495798 0.0000000 
