15
AF371960_AF371960.1_00003 0.0000000 0.1048027 0.1259449 0.1972952 0.0949205 0.1048027 0.1909982 0.1909982 0.2642763 0.2642763 0.0000010 0.0758099 0.0949205 0.0758099 0.1259449 
AY894343_MK689686.1_00003 0.1048027 0.0000000 0.0963410 0.2061957 0.0092589 0.0000010 0.1940860 0.1940860 0.2570218 0.2570218 0.1048027 0.1576098 0.0092589 0.1576098 0.0963410 
BD143114_MK689686.1_00003 0.1259449 0.0963410 0.0000000 0.1777844 0.0863865 0.0963410 0.1991455 0.1991455 0.1515583 0.1515583 0.1259449 0.1570652 0.0863865 0.1570652 0.0000010 
GQ273492_GQ273492.1_00003 0.1972952 0.2061957 0.1777844 0.0000000 0.1933686 0.2061957 0.0901557 0.0901557 0.3743087 0.3743087 0.1972952 0.2392084 0.1933686 0.2392084 0.1777844 
KC244182_MK689686.1_00003 0.0949205 0.0092589 0.0863865 0.1933686 0.0000000 0.0092589 0.1813126 0.1813126 0.2571585 0.2571585 0.0949205 0.1573874 0.0000010 0.1573874 0.0863865 
KT804738_MK689686.1_00003 0.1048027 0.0000010 0.0963410 0.2061957 0.0092589 0.0000000 0.1940860 0.1940860 0.2570218 0.2570218 0.1048027 0.1576098 0.0092589 0.1576098 0.0963410 
MG570131_MG570131.1_00003 0.1909982 0.1940860 0.1991455 0.0901557 0.1813126 0.1940860 0.0000000 0.0000010 0.4131757 0.4131757 0.1909982 0.2318170 0.1813126 0.2318170 0.1991455 
MG570132_MG570132.1_00003 0.1909982 0.1940860 0.1991455 0.0901557 0.1813126 0.1940860 0.0000010 0.0000000 0.4131757 0.4131757 0.1909982 0.2318170 0.1813126 0.2318170 0.1991455 
MK098185_MK689686.1_00003 0.2642763 0.2570218 0.1515583 0.3743087 0.2571585 0.2570218 0.4131757 0.4131757 0.0000000 0.0000010 0.2642763 0.2854971 0.2571585 0.2854971 0.1515583 
MK098186_MK689686.1_00003 0.2642763 0.2570218 0.1515583 0.3743087 0.2571585 0.2570218 0.4131757 0.4131757 0.0000010 0.0000000 0.2642763 0.2854971 0.2571585 0.2854971 0.1515583 
MK689685_AF371960.1_00003 0.0000010 0.1048027 0.1259449 0.1972952 0.0949205 0.1048027 0.1909982 0.1909982 0.2642763 0.2642763 0.0000000 0.0758099 0.0949205 0.0758099 0.1259449 
MN432490_AF371960.1_00003 0.0758099 0.1576098 0.1570652 0.2392084 0.1573874 0.1576098 0.2318170 0.2318170 0.2854971 0.2854971 0.0758099 0.0000000 0.1573874 0.0000010 0.1570652 
MT798582_MK689686.1_00003 0.0949205 0.0092589 0.0863865 0.1933686 0.0000010 0.0092589 0.1813126 0.1813126 0.2571585 0.2571585 0.0949205 0.1573874 0.0000000 0.1573874 0.0863865 
MT986830_AF371960.1_00003 0.0758099 0.1576098 0.1570652 0.2392084 0.1573874 0.1576098 0.2318170 0.2318170 0.2854971 0.2854971 0.0758099 0.0000010 0.1573874 0.0000000 0.1570652 
MW139932_MK689686.1_00003 0.1259449 0.0963410 0.0000010 0.1777844 0.0863865 0.0963410 0.1991455 0.1991455 0.1515583 0.1515583 0.1259449 0.1570652 0.0863865 0.1570652 0.0000000 
