15
MCV_ML1_SDDV_MN562489_1_MCV_ML1_SDDV_MN562489.1_00132         0.0000000 0.0000010 0.0000010 1.2183744 1.2194498 1.2339542 1.2194498 1.2183744 1.1937875 1.2339542 1.1937875 1.1913538 1.2593143 1.2833017 1.2839569 
MCV_ML1_SDDV_MT521409_1_MCV_ML1_SDDV_MT521409.1_00133         0.0000010 0.0000000 0.0000010 1.2183744 1.2194498 1.2339542 1.2194498 1.2183744 1.1937875 1.2339542 1.1937875 1.1913538 1.2593143 1.2833017 1.2839569 
MCV_ML1_SDDV_OM037668_1_MCV_ML1_SDDV_OM037668.1_00005         0.0000010 0.0000010 0.0000000 1.2183744 1.2194498 1.2339542 1.2194498 1.2183744 1.1937875 1.2339542 1.1937875 1.1913538 1.2593143 1.2833017 1.2839569 
MCV_MP1_BCFI_MN432490_1_MCV_MP1_BCFI_MN432490.1_00014         1.2183744 1.2183744 1.2183744 0.0000000 0.0193813 0.0294169 0.0193813 0.0000010 0.0390311 0.0294169 0.0390311 0.0392340 0.0493262 0.0700296 0.0802242 
MCV_MP1_BCFI_MT926123_1_MCV_MP1_BCFI_MT926123.1_00014         1.2194498 1.2194498 1.2194498 0.0193813 0.0000000 0.0293058 0.0000010 0.0193813 0.0388850 0.0293058 0.0388850 0.0390853 0.0491378 0.0697568 0.0799100 
MCV_MP1_GSPI_KT804738_1_MCV_MP1_GSPI_KT804738.1_00014         1.2339542 1.2339542 1.2339542 0.0294169 0.0293058 0.0000000 0.0293058 0.0294169 0.0391965 0.0000010 0.0391965 0.0292369 0.0495348 0.0703265 0.0805625 
MCV_MP1_ISKNV_AF371960_1_MCV_MP1_ISKNV_AF371960.1_00014       1.2194498 1.2194498 1.2194498 0.0193813 0.0000010 0.0293058 0.0000000 0.0193813 0.0388850 0.0293058 0.0388850 0.0390853 0.0491378 0.0697568 0.0799100 
MCV_MP1_LBUSV_OP009387_1_MCV_MP1_LBUSV_OP009387.1_00014       1.2183744 1.2183744 1.2183744 0.0000010 0.0193813 0.0294169 0.0193813 0.0000000 0.0390311 0.0294169 0.0390311 0.0392340 0.0493262 0.0700296 0.0802242 
MCV_MP1_LYCI_AY779031_1_MCV_MP1_LYCI_AY779031.1_00014         1.1937875 1.1937875 1.1937875 0.0390311 0.0388850 0.0391965 0.0388850 0.0390311 0.0000000 0.0391965 0.0000010 0.0097110 0.0491253 0.0697403 0.0798919 
MCV_MP1_LYCI_MW139932_1_MCV_MP1_LYCI_MW139932.1_00014         1.2339542 1.2339542 1.2339542 0.0294169 0.0293058 0.0000010 0.0293058 0.0294169 0.0391965 0.0000000 0.0391965 0.0292369 0.0495348 0.0703265 0.0805625 
MCV_MP1_PI_MK098185_1_MCV_MP1_PI_MK098185.1_00014             1.1937875 1.1937875 1.1937875 0.0390311 0.0388850 0.0391965 0.0388850 0.0390311 0.0000010 0.0391965 0.0000000 0.0097110 0.0491253 0.0697403 0.0798919 
MCV_MP1_RSIV_ON743042_1_MCV_MP1_RSIV_ON743042.1_00014         1.1913538 1.1913538 1.1913538 0.0392340 0.0390853 0.0292369 0.0390853 0.0392340 0.0097110 0.0292369 0.0097110 0.0000000 0.0594596 0.0803989 0.0906633 
MCV_MP1_TRBIV_GQ273492_1_MCV_MP1_TRBIV_GQ273492.1_00014       1.2593143 1.2593143 1.2593143 0.0493262 0.0491378 0.0495348 0.0491378 0.0493262 0.0491253 0.0495348 0.0491253 0.0594596 0.0000000 0.0195663 0.0294143 
MCV_Unclassified_MG570131_1_MCV_Unclassified_MG570131.1_00015 1.2833017 1.2833017 1.2833017 0.0700296 0.0697568 0.0703265 0.0697568 0.0700296 0.0697403 0.0703265 0.0697403 0.0803989 0.0195663 0.0000000 0.0096453 
MCV_Unclassified_MG570132_1_MCV_Unclassified_MG570132.1_00015 1.2839569 1.2839569 1.2839569 0.0802242 0.0799100 0.0805625 0.0799100 0.0802242 0.0798919 0.0805625 0.0798919 0.0906633 0.0294143 0.0096453 0.0000000 
