15
AF371960_AF371960.1_00070 0.0000000 0.2651885 0.2613038 0.2394320 0.2750211 0.2651885 0.2652767 0.2652767 0.2613038 0.0000010 0.0838084 0.2750211 0.0080675 0.0838084 0.2763157 
AY894343_MK689686.1_00068 0.2651885 0.0000000 0.0945946 0.2638403 0.0081110 0.0000010 0.2722251 0.2722251 0.0945946 0.2651885 0.2521458 0.0081110 0.2750430 0.2521458 0.0163302 
BD143114_MK689686.1_00068 0.2613038 0.0945946 0.0000000 0.2977584 0.1035219 0.0945946 0.3060503 0.3060503 0.0000010 0.2613038 0.2367276 0.1035219 0.2713319 0.2367276 0.0766712 
GQ273492_GQ273492.1_00068 0.2394320 0.2638403 0.2977584 0.0000000 0.2736084 0.2638403 0.1076153 0.1076153 0.2977584 0.2394320 0.2788892 0.2736084 0.2489561 0.2788892 0.2748873 
KC244182_MK689686.1_00068 0.2750211 0.0081110 0.1035219 0.2736084 0.0000000 0.0081110 0.2819401 0.2819401 0.1035219 0.2750211 0.2622193 0.0000010 0.2849077 0.2622193 0.0245723 
KT804738_MK689686.1_00068 0.2651885 0.0000010 0.0945946 0.2638403 0.0081110 0.0000000 0.2722251 0.2722251 0.0945946 0.2651885 0.2521458 0.0081110 0.2750430 0.2521458 0.0163302 
MG570131_MG570131.1_00068 0.2652767 0.2722251 0.3060503 0.1076153 0.2819401 0.2722251 0.0000000 0.0000010 0.3060503 0.2652767 0.2867717 0.2819401 0.2747729 0.2867717 0.2832540 
MG570132_MG570132.1_00068 0.2652767 0.2722251 0.3060503 0.1076153 0.2819401 0.2722251 0.0000010 0.0000000 0.3060503 0.2652767 0.2867717 0.2819401 0.2747729 0.2867717 0.2832540 
MK098185_MK689686.1_00068 0.2613038 0.0945946 0.0000010 0.2977584 0.1035219 0.0945946 0.3060503 0.3060503 0.0000000 0.2613038 0.2367276 0.1035219 0.2713319 0.2367276 0.0766712 
MK689685_AF371960.1_00070 0.0000010 0.2651885 0.2613038 0.2394320 0.2750211 0.2651885 0.2652767 0.2652767 0.2613038 0.0000000 0.0838084 0.2750211 0.0080675 0.0838084 0.2763157 
MN432490_AF371960.1_00070 0.0838084 0.2521458 0.2367276 0.2788892 0.2622193 0.2521458 0.2867717 0.2867717 0.2367276 0.0838084 0.0000000 0.2622193 0.0924942 0.0000010 0.2523094 
MT798582_MK689686.1_00068 0.2750211 0.0081110 0.1035219 0.2736084 0.0000010 0.0081110 0.2819401 0.2819401 0.1035219 0.2750211 0.2622193 0.0000000 0.2849077 0.2622193 0.0245723 
MT926123_AF371960.1_00070 0.0080675 0.2750430 0.2713319 0.2489561 0.2849077 0.2750430 0.2747729 0.2747729 0.2713319 0.0080675 0.0924942 0.2849077 0.0000000 0.0924942 0.2862574 
MT986830_AF371960.1_00070 0.0838084 0.2521458 0.2367276 0.2788892 0.2622193 0.2521458 0.2867717 0.2867717 0.2367276 0.0838084 0.0000010 0.2622193 0.0924942 0.0000000 0.2523094 
ON743042_MK689686.1_00068 0.2763157 0.0163302 0.0766712 0.2748873 0.0245723 0.0163302 0.2832540 0.2832540 0.0766712 0.2763157 0.2523094 0.0245723 0.2862574 0.2523094 0.0000000 
