16
OK042108_Megalocytivirus_pagrus1_RSIV                    0.0000000 0.0548710 0.0000010 0.0661615 0.0548710 0.0212136 0.0321775 1.6067501 1.6067501 0.0212136 0.0212174 0.0321775 0.0323595 0.0661615 0.8826901 0.0212174 
MT128666_Megalocytivirus_pagrus1_ISKNV                   0.0548710 0.0000000 0.0548710 0.0105770 0.0000010 0.0773929 0.0657165 1.6152002 1.6152002 0.0773929 0.0774181 0.0657165 0.0430994 0.0105770 0.9605393 0.0774181 
AB104413_Megalocytivirus_pagrus1_RSIV                    0.0000010 0.0548710 0.0000000 0.0661615 0.0548710 0.0212136 0.0321775 1.6067501 1.6067501 0.0212136 0.0212174 0.0321775 0.0323595 0.0661615 0.8826901 0.0212174 
MW883595_Megalocytivirus_pagrus1_ISKNV                   0.0661615 0.0105770 0.0661615 0.0000000 0.0105770 0.0888609 0.0770249 1.6286322 1.6286322 0.0888609 0.0888927 0.0770249 0.0541248 0.0000010 0.9867260 0.0888927 
OP896201_Megalocytivirus_pagrus1_ISKNV                   0.0548710 0.0000010 0.0548710 0.0105770 0.0000000 0.0773929 0.0657165 1.6152002 1.6152002 0.0773929 0.0774181 0.0657165 0.0430994 0.0105770 0.9605393 0.0774181 
OK042109_Megalocytivirus_pagrus1_RSIV                    0.0212136 0.0773929 0.0212136 0.0888609 0.0773929 0.0000000 0.0106392 1.6112185 1.6112185 0.0000010 0.0427530 0.0106392 0.0324155 0.0888609 0.8767692 0.0427530 
AY894343_Megalocytivirus_pagrus1_RSIV                    0.0321775 0.0657165 0.0321775 0.0770249 0.0657165 0.0106392 0.0000000 1.6253281 1.6253281 0.0106392 0.0540412 0.0000010 0.0214112 0.0770249 0.8746085 0.0540412 
MN562489_Megalocytivirus_lates1_SDDV                     1.6067501 1.6152002 1.6067501 1.6286322 1.6152002 1.6112185 1.6253281 0.0000000 0.0000010 1.6112185 1.5853335 1.6253281 1.6614366 1.6286322 2.2206744 1.5853335 
MT521409_Megalocytivirus_lates1_SDDV                     1.6067501 1.6152002 1.6067501 1.6286322 1.6152002 1.6112185 1.6253281 0.0000010 0.0000000 1.6112185 1.5853335 1.6253281 1.6614366 1.6286322 2.2206744 1.5853335 
ON075463_Megalocytivirus_pagrus1_RSIV                    0.0212136 0.0773929 0.0212136 0.0888609 0.0773929 0.0000010 0.0106392 1.6112185 1.6112185 0.0000000 0.0427530 0.0106392 0.0324155 0.0888609 0.8767692 0.0427530 
MG570132_Megalocytivirus_pagrus1_TRBIV                   0.0212174 0.0774181 0.0212174 0.0888927 0.0774181 0.0427530 0.0540412 1.5853335 1.5853335 0.0427530 0.0000000 0.0540412 0.0543554 0.0888927 0.8616737 0.0000010 
ON743042_Megalocytivirus_pagrus1_RSIV                    0.0321775 0.0657165 0.0321775 0.0770249 0.0657165 0.0106392 0.0000010 1.6253281 1.6253281 0.0106392 0.0540412 0.0000000 0.0214112 0.0770249 0.8746085 0.0540412 
MW883598_Megalocytivirus_pagrus1_RSIV                    0.0323595 0.0430994 0.0323595 0.0541248 0.0430994 0.0324155 0.0214112 1.6614366 1.6614366 0.0324155 0.0543554 0.0214112 0.0000000 0.0541248 0.8936188 0.0543554 
MN432490_Megalocytivirus_pagrus1_ISKNV                   0.0661615 0.0105770 0.0661615 0.0000010 0.0105770 0.0888609 0.0770249 1.6286322 1.6286322 0.0888609 0.0888927 0.0770249 0.0541248 0.0000000 0.9867260 0.0888927 
PQ335173_PQ335174_Threespine_stickleback_iridovirus_TSIV 0.8826901 0.9605393 0.8826901 0.9867260 0.9605393 0.8767692 0.8746085 2.2206744 2.2206744 0.8767692 0.8616737 0.8746085 0.8936188 0.9867260 0.0000000 0.8616737 
MG570131_Megalocytivirus_pagrus1_TRBIV                   0.0212174 0.0774181 0.0212174 0.0888927 0.0774181 0.0427530 0.0540412 1.5853335 1.5853335 0.0427530 0.0000010 0.0540412 0.0543554 0.0888927 0.8616737 0.0000000 
