19
AF303741_AF303741.1_00154          0.0000000 4.2936432 3.0700041 4.3619428 4.3619428 4.2799828 1.8000509 0.7108260 3.5219888 3.4271935 4.2598436 4.2598436 4.2936432 4.3058438 3.7863095 3.3397239 3.7863095 3.6144673 4.3058438 
AF371960_AF371960.1_00045          4.2936432 0.0000000 2.0461656 0.0176920 0.0176920 0.0088191 4.0839081 3.7660597 1.9162051 4.4375054 0.0177108 0.0177108 0.0000010 0.0088677 0.8328033 1.9610564 0.8328033 1.9162427 0.0088677 
AY521625_AY521625.1_00062          3.0700041 2.0461656 0.0000000 2.0573729 2.0573729 2.0404013 3.4179080 2.2452072 2.2244554 4.8298859 2.0396575 2.0396575 2.0461656 2.1035540 1.9094118 2.1922397 1.9094118 1.0227062 2.1035540 
AY894343_MK689686.1_00043          4.3619428 0.0176920 2.0573729 0.0000000 0.0000010 0.0087595 3.9916247 3.8754381 1.9729922 4.5353958 0.0175914 0.0175914 0.0176920 0.0268595 0.8372878 2.0197035 0.8372878 1.9948842 0.0268595 
BD143114_MK689686.1_00043          4.3619428 0.0176920 2.0573729 0.0000010 0.0000000 0.0087595 3.9916247 3.8754381 1.9729922 4.5353958 0.0175914 0.0175914 0.0176920 0.0268595 0.8372878 2.0197035 0.8372878 1.9948842 0.0268595 
GQ273492_GQ273492.1_00044          4.2799828 0.0088191 2.0404013 0.0087595 0.0087595 0.0000000 3.9484729 3.7538040 1.9244860 4.5798731 0.0087686 0.0087686 0.0088191 0.0178521 0.8354358 1.9696394 0.8354358 1.9601365 0.0178521 
HF920633_HF920633.1_00017          1.8000509 4.0839081 3.4179080 3.9916247 3.9916247 3.9484729 0.0000000 1.6838995 3.5961187 3.8519143 3.9295778 3.9295778 4.0839081 4.1167454 3.8206585 3.4213917 3.8206585 3.9657788 4.1167454 
HF920637_HF920637.1_00033          0.7108260 3.7660597 2.2452072 3.8754381 3.8754381 3.7538040 1.6838995 0.0000000 2.7888059 4.0649075 3.7210785 3.7210785 3.7660597 3.7763561 3.2310499 2.6289679 3.2310499 2.7862975 3.7763561 
KX643370_Lymph_LDV3_KX643370_00089 3.5219888 1.9162051 2.2244554 1.9729922 1.9729922 1.9244860 3.5961187 2.7888059 0.0000000 4.2103188 1.9101025 1.9101025 1.9162051 1.9205609 1.8302183 0.2098672 1.8302183 2.4598306 1.9205609 
LS484712_LS484712.1_00117          3.4271935 4.4375054 4.8298859 4.5353958 4.5353958 4.5798731 3.8519143 4.0649075 4.2103188 0.0000000 4.5506680 4.5506680 4.4375054 4.4501698 4.6153143 4.3586475 4.6153143 3.7200023 4.4501698 
MG570131_MG570131.1_00045          4.2598436 0.0177108 2.0396575 0.0175914 0.0175914 0.0087686 3.9295778 3.7210785 1.9101025 4.5506680 0.0000000 0.0000010 0.0177108 0.0268884 0.8393034 1.9566952 0.8393034 1.9597302 0.0268884 
MG570132_MG570132.1_00045          4.2598436 0.0177108 2.0396575 0.0175914 0.0175914 0.0087686 3.9295778 3.7210785 1.9101025 4.5506680 0.0000010 0.0000000 0.0177108 0.0268884 0.8393034 1.9566952 0.8393034 1.9597302 0.0268884 
MK689685_AF371960.1_00045          4.2936432 0.0000010 2.0461656 0.0176920 0.0176920 0.0088191 4.0839081 3.7660597 1.9162051 4.4375054 0.0177108 0.0177108 0.0000000 0.0088677 0.8328033 1.9610564 0.8328033 1.9162427 0.0088677 
MN432490_AF371960.1_00045          4.3058438 0.0088677 2.1035540 0.0268595 0.0268595 0.0178521 4.1167454 3.7763561 1.9205609 4.4501698 0.0268884 0.0268884 0.0088677 0.0000000 0.8575505 2.0153222 0.8575505 1.9684690 0.0000010 
MN562489_OM037668.1_00113          3.7863095 0.8328033 1.9094118 0.8372878 0.8372878 0.8354358 3.8206585 3.2310499 1.8302183 4.6153143 0.8393034 0.8393034 0.8328033 0.8575505 0.0000000 1.6215137 0.0000010 2.1380532 0.8575505 
MN803438_MN803438.1_00077          3.3397239 1.9610564 2.1922397 2.0197035 2.0197035 1.9696394 3.4213917 2.6289679 0.2098672 4.3586475 1.9566952 1.9566952 1.9610564 2.0153222 1.6215137 0.0000000 1.6215137 2.4029183 2.0153222 
MT521409_OM037668.1_00113          3.7863095 0.8328033 1.9094118 0.8372878 0.8372878 0.8354358 3.8206585 3.2310499 1.8302183 4.6153143 0.8393034 0.8393034 0.8328033 0.8575505 0.0000010 1.6215137 0.0000000 2.1380532 0.8575505 
NC_005946_NC_005946.1_00089        3.6144673 1.9162427 1.0227062 1.9948842 1.9948842 1.9601365 3.9657788 2.7862975 2.4598306 3.7200023 1.9597302 1.9597302 1.9162427 1.9684690 2.1380532 2.4029183 2.1380532 0.0000000 1.9684690 
OP009387_AF371960.1_00045          4.3058438 0.0088677 2.1035540 0.0268595 0.0268595 0.0178521 4.1167454 3.7763561 1.9205609 4.4501698 0.0268884 0.0268884 0.0088677 0.0000010 0.8575505 2.0153222 0.8575505 1.9684690 0.0000000 
