12
OR536350_Megalocytivirus_pagrus1_ISKNV 0.0000000 0.0000010 0.0527355 0.0497394 0.0371371 0.0060929 0.0497394 0.0527355 0.0371371 0.0434242 0.0564527 0.0060929 
MT128667_Megalocytivirus_pagrus1_ISKNV 0.0000010 0.0000000 0.0527355 0.0497394 0.0371371 0.0060929 0.0497394 0.0527355 0.0371371 0.0434242 0.0564527 0.0060929 
MG570131_Megalocytivirus_pagrus1_TRBIV 0.0527355 0.0527355 0.0000000 0.0731940 0.0663795 0.0460981 0.0731940 0.0000010 0.0663795 0.0663795 0.0196246 0.0460981 
MW139932_Megalocytivirus_pagrus1_RSIV  0.0497394 0.0497394 0.0731940 0.0000000 0.0122701 0.0434801 0.0000010 0.0731940 0.0122701 0.0061250 0.0896399 0.0434801 
AY894343_Megalocytivirus_pagrus1_RSIV  0.0371371 0.0371371 0.0663795 0.0122701 0.0000000 0.0309183 0.0122701 0.0663795 0.0000010 0.0061210 0.0764809 0.0309183 
MN432490_Megalocytivirus_pagrus1_ISKNV 0.0060929 0.0060929 0.0460981 0.0434801 0.0309183 0.0000000 0.0434801 0.0460981 0.0309183 0.0371859 0.0501326 0.0000010 
OL774655_Megalocytivirus_pagrus1_RSIV  0.0497394 0.0497394 0.0731940 0.0000010 0.0122701 0.0434801 0.0000000 0.0731940 0.0122701 0.0061250 0.0896399 0.0434801 
MG570132_Megalocytivirus_pagrus1_TRBIV 0.0527355 0.0527355 0.0000010 0.0731940 0.0663795 0.0460981 0.0731940 0.0000000 0.0663795 0.0663795 0.0196246 0.0460981 
OK042108_Megalocytivirus_pagrus1_RSIV  0.0371371 0.0371371 0.0663795 0.0122701 0.0000010 0.0309183 0.0122701 0.0663795 0.0000000 0.0061210 0.0764809 0.0309183 
ON743042_Megalocytivirus_pagrus1_RSIV  0.0434242 0.0434242 0.0663795 0.0061250 0.0061210 0.0371859 0.0061250 0.0663795 0.0061210 0.0000000 0.0830460 0.0371859 
GQ273492_Megalocytivirus_pagrus1_TRBIV 0.0564527 0.0564527 0.0196246 0.0896399 0.0764809 0.0501326 0.0896399 0.0196246 0.0764809 0.0830460 0.0000000 0.0501326 
MW883595_Megalocytivirus_pagrus1_ISKNV 0.0060929 0.0060929 0.0460981 0.0434801 0.0309183 0.0000010 0.0434801 0.0460981 0.0309183 0.0371859 0.0501326 0.0000000 
