8
MK689686_Megalocytivirus_pagrus1_RSIV  0.0000000 0.0000010 1.3069305 1.3069305 0.0115252 0.0000010 0.0233586 0.0116450 
MW883598_Megalocytivirus_pagrus1_RSIV  0.0000010 0.0000000 1.3069305 1.3069305 0.0115252 0.0000010 0.0233586 0.0116450 
OM037668_Megalocytivirus_lates1_SDDV   1.3069305 1.3069305 0.0000000 0.0000010 1.3032821 1.3069305 1.2920892 1.3200516 
MN562489_Megalocytivirus_lates1_SDDV   1.3069305 1.3069305 0.0000010 0.0000000 1.3032821 1.3069305 1.2920892 1.3200516 
GQ273492_Megalocytivirus_pagrus1_TRBIV 0.0115252 0.0115252 1.3032821 1.3032821 0.0000000 0.0115252 0.0116497 0.0234539 
MG570131_Megalocytivirus_pagrus1_TRBIV 0.0000010 0.0000010 1.3069305 1.3069305 0.0115252 0.0000000 0.0233586 0.0116450 
OK042109_Megalocytivirus_pagrus1_RSIV  0.0233586 0.0233586 1.2920892 1.2920892 0.0116497 0.0233586 0.0000000 0.0356546 
MG570132_Megalocytivirus_pagrus1_TRBIV 0.0116450 0.0116450 1.3200516 1.3200516 0.0234539 0.0116450 0.0356546 0.0000000 
