9
MK637631_European_chub_iridovirus_ECIV 0.0000000 1.1118310 1.1118310 0.5106096 0.5106096 1.1017733 1.1118310 1.0925088 1.1528063 
MK689686_Megalocytivirus_pagrus1_RSIV  1.1118310 0.0000000 0.0000010 1.3069300 1.3069300 0.0115252 0.0000010 0.0233586 0.0116457 
MW883598_Megalocytivirus_pagrus1_RSIV  1.1118310 0.0000010 0.0000000 1.3069300 1.3069300 0.0115252 0.0000010 0.0233586 0.0116457 
OM037668_Megalocytivirus_lates1_SDDV   0.5106096 1.3069300 1.3069300 0.0000000 0.0000010 1.3032813 1.3069300 1.2920899 1.3200515 
MN562489_Megalocytivirus_lates1_SDDV   0.5106096 1.3069300 1.3069300 0.0000010 0.0000000 1.3032813 1.3069300 1.2920899 1.3200515 
GQ273492_Megalocytivirus_pagrus1_TRBIV 1.1017733 0.0115252 0.0115252 1.3032813 1.3032813 0.0000000 0.0115252 0.0116504 0.0234538 
MG570131_Megalocytivirus_pagrus1_TRBIV 1.1118310 0.0000010 0.0000010 1.3069300 1.3069300 0.0115252 0.0000000 0.0233586 0.0116457 
OK042109_Megalocytivirus_pagrus1_RSIV  1.0925088 0.0233586 0.0233586 1.2920899 1.2920899 0.0116504 0.0233586 0.0000000 0.0356545 
MG570132_Megalocytivirus_pagrus1_TRBIV 1.1528063 0.0116457 0.0116457 1.3200515 1.3200515 0.0234538 0.0116457 0.0356545 0.0000000 
