12
AF371960_AF371960.1_00115 0.0000000 0.0510914 0.0459355 0.0559571 0.0510914 0.0560148 0.0560148 0.0459355 0.0000010 1.1327023 1.1327023 0.0201206 
AY894343_MK689686.1_00114 0.0510914 0.0000000 0.0044509 0.0410555 0.0000010 0.0504945 0.0504945 0.0044509 0.0510914 1.1587598 1.1587598 0.0272708 
BD143114_MK689686.1_00114 0.0459355 0.0044509 0.0000000 0.0364618 0.0044509 0.0458639 0.0458639 0.0000010 0.0459355 1.1513836 1.1513836 0.0227052 
GQ273492_GQ273492.1_00112 0.0559571 0.0410555 0.0364618 0.0000000 0.0410555 0.0269781 0.0269781 0.0364618 0.0559571 1.1322579 1.1322579 0.0410212 
KC244182_MK689686.1_00114 0.0510914 0.0000010 0.0044509 0.0410555 0.0000000 0.0504945 0.0504945 0.0044509 0.0510914 1.1587598 1.1587598 0.0272708 
MG570131_MG570131.1_00112 0.0560148 0.0504945 0.0458639 0.0269781 0.0504945 0.0000000 0.0000010 0.0458639 0.0560148 1.1168084 1.1168084 0.0457709 
MG570132_MG570132.1_00112 0.0560148 0.0504945 0.0458639 0.0269781 0.0504945 0.0000010 0.0000000 0.0458639 0.0560148 1.1168084 1.1168084 0.0457709 
MK098185_MK689686.1_00114 0.0459355 0.0044509 0.0000010 0.0364618 0.0044509 0.0458639 0.0458639 0.0000000 0.0459355 1.1513836 1.1513836 0.0227052 
MK689685_AF371960.1_00115 0.0000010 0.0510914 0.0459355 0.0559571 0.0510914 0.0560148 0.0560148 0.0459355 0.0000000 1.1327023 1.1327023 0.0201206 
MN562489_OM037668.1_00079 1.1327023 1.1587598 1.1513836 1.1322579 1.1587598 1.1168084 1.1168084 1.1513836 1.1327023 0.0000000 0.0000010 1.1634554 
MT521409_OM037668.1_00079 1.1327023 1.1587598 1.1513836 1.1322579 1.1587598 1.1168084 1.1168084 1.1513836 1.1327023 0.0000010 0.0000000 1.1634554 
OQ475017_OQ475017.1_00114 0.0201206 0.0272708 0.0227052 0.0410212 0.0272708 0.0457709 0.0457709 0.0227052 0.0201206 1.1634554 1.1634554 0.0000000 
