21
MK637631_European_chub_iridovirus_ECIV                   0.0000000 1.2358401 1.1953013 2.6437918 1.1953013 1.2505715 1.2383722 1.2383722 1.2203079 1.2358401 1.2687078 1.2203079 0.4596861 0.4596861 1.1953013 1.2217749 2.4777675 2.1741864 2.7064180 1.0943183 1.2505715 
MW883595_Megalocytivirus_pagrus1_ISKNV                   1.2358401 0.0000000 0.0223082 1.9012463 0.0223082 0.0872837 0.0452146 0.0452146 0.0529451 0.0000010 0.0542604 0.0529451 1.2656983 1.2656983 0.0298217 0.0300753 1.9739633 1.7894555 1.8979465 0.4634909 0.0872837 
MW883606_Megalocytivirus_pagrus1_ISKNV                   1.1953013 0.0223082 0.0000000 1.8858906 0.0000010 0.0857180 0.0375398 0.0375398 0.0452140 0.0223082 0.0690077 0.0452140 1.2497208 1.2497208 0.0073485 0.0074123 1.9462636 1.7865554 1.8707330 0.4725303 0.0857180 
KX643370_Lymphocystivirus_sparus1_n/a                    2.6437918 1.9012463 1.8858906 0.0000000 1.8858906 1.8813087 1.8962602 1.8962602 1.8694681 1.9012463 1.9674530 1.8694681 2.5528412 2.5528412 1.8783944 1.9266134 2.0077420 1.9597431 0.0781397 2.1513221 1.8813087 
MW273353_Megalocytivirus_pagrus1_ISKNV                   1.1953013 0.0223082 0.0000010 1.8858906 0.0000000 0.0857180 0.0375398 0.0375398 0.0452140 0.0223082 0.0690077 0.0452140 1.2497208 1.2497208 0.0073485 0.0074123 1.9462636 1.7865554 1.8707330 0.4725303 0.0857180 
MG570132_Megalocytivirus_pagrus1_TRBIV                   1.2505715 0.0872837 0.0857180 1.8813087 0.0857180 0.0000000 0.0455509 0.0455509 0.0533426 0.0872837 0.0301311 0.0533426 1.3009749 1.3009749 0.0937674 0.0945243 2.1646920 1.9356485 1.8351142 0.4737359 0.0000010 
MK689686_Megalocytivirus_pagrus1_RSIV                    1.2383722 0.0452146 0.0375398 1.8962602 0.0375398 0.0455509 0.0000000 0.0000010 0.0073432 0.0452146 0.0298824 0.0073432 1.2472899 1.2472899 0.0451665 0.0455450 1.9728855 1.8535764 1.8422731 0.4871819 0.0455509 
ON075463_Megalocytivirus_pagrus1_RSIV                    1.2383722 0.0452146 0.0375398 1.8962602 0.0375398 0.0455509 0.0000010 0.0000000 0.0073432 0.0452146 0.0298824 0.0073432 1.2472899 1.2472899 0.0451665 0.0455450 1.9728855 1.8535764 1.8422731 0.4871819 0.0455509 
MK098187_Megalocytivirus_pagrus1_RSIV                    1.2203079 0.0529451 0.0452140 1.8694681 0.0452140 0.0533426 0.0073432 0.0073432 0.0000000 0.0529451 0.0374931 0.0000010 1.2291807 1.2291807 0.0528892 0.0533287 1.9455750 1.8282059 1.8159210 0.4759054 0.0533426 
PP974677_Megalocytivirus_pagrus1_ISKNV                   1.2358401 0.0000010 0.0223082 1.9012463 0.0223082 0.0872837 0.0452146 0.0452146 0.0529451 0.0000000 0.0542604 0.0529451 1.2656983 1.2656983 0.0298217 0.0300753 1.9739633 1.7894555 1.8979465 0.4634909 0.0872837 
GQ273492_Megalocytivirus_pagrus1_TRBIV                   1.2687078 0.0542604 0.0690077 1.9674530 0.0690077 0.0301311 0.0298824 0.0298824 0.0374931 0.0542604 0.0000000 0.0374931 1.2535008 1.2535008 0.0768833 0.0775099 2.0799473 1.9156266 1.9196300 0.4910674 0.0301311 
MW139932_Megalocytivirus_pagrus1_RSIV                    1.2203079 0.0529451 0.0452140 1.8694681 0.0452140 0.0533426 0.0073432 0.0073432 0.0000010 0.0529451 0.0374931 0.0000000 1.2291807 1.2291807 0.0528892 0.0533287 1.9455750 1.8282059 1.8159210 0.4759054 0.0533426 
MT521409_Megalocytivirus_lates1_SDDV                     0.4596861 1.2656983 1.2497208 2.5528412 1.2497208 1.3009749 1.2472899 1.2472899 1.2291807 1.2656983 1.2535008 1.2291807 0.0000000 0.0000010 1.2585371 1.2768436 2.2976208 2.5166780 2.5052884 1.2513653 1.3009749 
OM037668_Megalocytivirus_lates1_SDDV                     0.4596861 1.2656983 1.2497208 2.5528412 1.2497208 1.3009749 1.2472899 1.2472899 1.2291807 1.2656983 1.2535008 1.2291807 0.0000010 0.0000000 1.2585371 1.2768436 2.2976208 2.5166780 2.5052884 1.2513653 1.3009749 
MW883599_Megalocytivirus_pagrus1_ISKNV                   1.1953013 0.0298217 0.0073485 1.8783944 0.0073485 0.0937674 0.0451665 0.0451665 0.0528892 0.0298217 0.0768833 0.0528892 1.2585371 1.2585371 0.0000000 0.0148620 1.9520853 1.7823499 1.8832983 0.4581616 0.0937674 
MW883600_Megalocytivirus_pagrus1_ISKNV                   1.2217749 0.0300753 0.0074123 1.9266134 0.0074123 0.0945243 0.0455450 0.0455450 0.0533287 0.0300753 0.0775099 0.0533287 1.2768436 1.2768436 0.0148620 0.0000000 1.9875313 1.8241217 1.9115034 0.4873736 0.0945243 
AY521625_Ranavirus_epinephelus1_n/a                      2.4777675 1.9739633 1.9462636 2.0077420 1.9462636 2.1646920 1.9728855 1.9728855 1.9455750 1.9739633 2.0799473 1.9455750 2.2976208 2.2976208 1.9520853 1.9875313 0.0000000 0.4660627 2.0393393 2.5372055 2.1646920 
NC_005946_Ranavirus_rana1_n/a                            2.1741864 1.7894555 1.7865554 1.9597431 1.7865554 1.9356485 1.8535764 1.8535764 1.8282059 1.7894555 1.9156266 1.8282059 2.5166780 2.5166780 1.7823499 1.8241217 0.4660627 0.0000000 2.0196530 2.0845677 1.9356485 
MN803438_Lymphocystivirus_micropogonias1_n/a             2.7064180 1.8979465 1.8707330 0.0781397 1.8707330 1.8351142 1.8422731 1.8422731 1.8159210 1.8979465 1.9196300 1.8159210 2.5052884 2.5052884 1.8832983 1.9115034 2.0393393 2.0196530 0.0000000 2.1058439 1.8351142 
PQ335173_PQ335174_Threespine_stickleback_iridovirus_TSIV 1.0943183 0.4634909 0.4725303 2.1513221 0.4725303 0.4737359 0.4871819 0.4871819 0.4759054 0.4634909 0.4910674 0.4759054 1.2513653 1.2513653 0.4581616 0.4873736 2.5372055 2.0845677 2.1058439 0.0000000 0.4737359 
MG570131_Megalocytivirus_pagrus1_TRBIV                   1.2505715 0.0872837 0.0857180 1.8813087 0.0857180 0.0000010 0.0455509 0.0455509 0.0533426 0.0872837 0.0301311 0.0533426 1.3009749 1.3009749 0.0937674 0.0945243 2.1646920 1.9356485 1.8351142 0.4737359 0.0000000 
