20
MW883595_Megalocytivirus_pagrus1_ISKNV                   0.0000000 0.0222952 1.8127614 0.0222952 0.0869811 0.0451526 0.0451526 0.0528622 0.0000010 0.0541128 0.0528622 1.2167684 1.2167684 0.0297943 0.0300375 1.8766848 1.7109988 1.8088909 0.4561543 0.0869811 
MW883606_Megalocytivirus_pagrus1_ISKNV                   0.0222952 0.0000000 1.7986141 0.0000010 0.0854967 0.0374959 0.0374959 0.0451522 0.0222952 0.0688600 0.0451522 1.2017075 1.2017075 0.0073460 0.0074072 1.8506356 1.7078895 1.7833543 0.4651396 0.0854967 
KX643370_Lymphocystivirus_sparus1_n/a                    1.8127614 1.7986141 0.0000000 1.7986141 1.7944895 1.8079424 1.8079424 1.7833143 1.8127614 1.8742976 1.7833143 2.4081741 2.4081741 1.7920820 1.8364411 1.9051587 1.8643324 0.0778433 2.0477539 1.7944895 
MW273353_Megalocytivirus_pagrus1_ISKNV                   0.0222952 0.0000010 1.7986141 0.0000000 0.0854967 0.0374959 0.0374959 0.0451522 0.0222952 0.0688600 0.0451522 1.2017075 1.2017075 0.0073460 0.0074072 1.8506356 1.7078895 1.7833543 0.4651396 0.0854967 
MG570132_Megalocytivirus_pagrus1_TRBIV                   0.0869811 0.0854967 1.7944895 0.0854967 0.0000000 0.0454830 0.0454830 0.0532526 0.0869811 0.0301038 0.0532526 1.2503908 1.2503908 0.0934930 0.0942198 2.0524239 1.8464017 1.7510504 0.4659582 0.0000010 
MK689686_Megalocytivirus_pagrus1_RSIV                    0.0451526 0.0374959 1.8079424 0.0374959 0.0454830 0.0000000 0.0000010 0.0073416 0.0451526 0.0298522 0.0073416 1.1992226 1.1992226 0.0450982 0.0454612 1.8753698 1.7700007 1.7569245 0.4792820 0.0454830 
ON075463_Megalocytivirus_pagrus1_RSIV                    0.0451526 0.0374959 1.8079424 0.0374959 0.0454830 0.0000010 0.0000000 0.0073416 0.0451526 0.0298522 0.0073416 1.1992226 1.1992226 0.0450982 0.0454612 1.8753698 1.7700007 1.7569245 0.4792820 0.0454830 
MK098187_Megalocytivirus_pagrus1_RSIV                    0.0528622 0.0451522 1.7833143 0.0451522 0.0532526 0.0073416 0.0073416 0.0000000 0.0528622 0.0374475 0.0000010 1.1818828 1.1818828 0.0527988 0.0532204 1.8502961 1.7464209 1.7326313 0.4682113 0.0532526 
PP974677_Megalocytivirus_pagrus1_ISKNV                   0.0000010 0.0222952 1.8127614 0.0222952 0.0869811 0.0451526 0.0451526 0.0528622 0.0000000 0.0541128 0.0528622 1.2167684 1.2167684 0.0297943 0.0300375 1.8766848 1.7109988 1.8088909 0.4561543 0.0869811 
GQ273492_Megalocytivirus_pagrus1_TRBIV                   0.0541128 0.0688600 1.8742976 0.0688600 0.0301038 0.0298522 0.0298522 0.0374475 0.0541128 0.0000000 0.0374475 1.2049955 1.2049955 0.0766922 0.0772935 1.9749731 1.8272798 1.8293994 0.4829403 0.0301038 
MW139932_Megalocytivirus_pagrus1_RSIV                    0.0528622 0.0451522 1.7833143 0.0451522 0.0532526 0.0073416 0.0073416 0.0000010 0.0528622 0.0374475 0.0000000 1.1818828 1.1818828 0.0527988 0.0532204 1.8502961 1.7464209 1.7326313 0.4682113 0.0532526 
MT521409_Megalocytivirus_lates1_SDDV                     1.2167684 1.2017075 2.4081741 1.2017075 1.2503908 1.1992226 1.1992226 1.1818828 1.2167684 1.2049955 1.1818828 0.0000000 0.0000010 1.2102151 1.2275117 2.1624860 2.3684692 2.3651361 1.2029257 1.2503908 
OM037668_Megalocytivirus_lates1_SDDV                     1.2167684 1.2017075 2.4081741 1.2017075 1.2503908 1.1992226 1.1992226 1.1818828 1.2167684 1.2049955 1.1818828 0.0000010 0.0000000 1.2102151 1.2275117 2.1624860 2.3684692 2.3651361 1.2029257 1.2503908 
MW883599_Megalocytivirus_pagrus1_ISKNV                   0.0297943 0.0073460 1.7920820 0.0073460 0.0934930 0.0450982 0.0450982 0.0527988 0.0297943 0.0766922 0.0527988 1.2102151 1.2102151 0.0000000 0.0148466 1.8558383 1.7040285 1.7950651 0.4511108 0.0934930 
MW883600_Megalocytivirus_pagrus1_ISKNV                   0.0300375 0.0074072 1.8364411 0.0074072 0.0942198 0.0454612 0.0454612 0.0532204 0.0300375 0.0772935 0.0532204 1.2275117 1.2275117 0.0148466 0.0000000 1.8889984 1.7432078 1.8212196 0.4795376 0.0942198 
AY521625_Ranavirus_epinephelus1_n/a                      1.8766848 1.8506356 1.9051587 1.8506356 2.0524239 1.8753698 1.8753698 1.8502961 1.8766848 1.9749731 1.8502961 2.1624860 2.1624860 1.8558383 1.8889984 0.0000000 0.4564944 1.9328991 2.3928085 2.0524239 
NC_005946_Ranavirus_rana1_n/a                            1.7109988 1.7078895 1.8643324 1.7078895 1.8464017 1.7700007 1.7700007 1.7464209 1.7109988 1.8272798 1.7464209 2.3684692 2.3684692 1.7040285 1.7432078 0.4564944 0.0000000 1.9186635 1.9855082 1.8464017 
MN803438_Lymphocystivirus_micropogonias1_n/a             1.8088909 1.7833543 0.0778433 1.7833543 1.7510504 1.7569245 1.7569245 1.7326313 1.8088909 1.8293994 1.7326313 2.3651361 2.3651361 1.7950651 1.8212196 1.9328991 1.9186635 0.0000000 2.0046983 1.7510504 
PQ335173_PQ335174_Threespine_stickleback_iridovirus_TSIV 0.4561543 0.4651396 2.0477539 0.4651396 0.4659582 0.4792820 0.4792820 0.4682113 0.4561543 0.4829403 0.4682113 1.2029257 1.2029257 0.4511108 0.4795376 2.3928085 1.9855082 2.0046983 0.0000000 0.4659582 
MG570131_Megalocytivirus_pagrus1_TRBIV                   0.0869811 0.0854967 1.7944895 0.0854967 0.0000010 0.0454830 0.0454830 0.0532526 0.0869811 0.0301038 0.0532526 1.2503908 1.2503908 0.0934930 0.0942198 2.0524239 1.8464017 1.7510504 0.4659582 0.0000000 
