18
AF371960_AF371960.1_00086 0.0000000 0.1021302 0.1124963 0.1387137 0.1048827 0.1021302 0.1406217 0.1406217 0.1124963 0.1182323 0.1182323 0.0000010 0.0368412 0.1048827 0.0074563 0.1192913 0.0368412 0.1154626 
AY894343_MK689686.1_00082 0.1021302 0.0000000 0.0363662 0.1300877 0.0021405 0.0000010 0.1324445 0.1324445 0.0363662 0.0411794 0.0411794 0.1021302 0.0803355 0.0021405 0.0999602 0.0761531 0.0803355 0.0387883 
BD143114_MK689686.1_00082 0.1124963 0.0363662 0.0000000 0.1435887 0.0387638 0.0363662 0.1520490 0.1520490 0.0000010 0.0042949 0.0042949 0.1124963 0.0976162 0.0387638 0.1156946 0.1025133 0.0976162 0.0021407 
GQ273492_GQ273492.1_00081 0.1387137 0.1300877 0.1435887 0.0000000 0.1329298 0.1300877 0.0765179 0.0765179 0.1435887 0.1495764 0.1495764 0.1387137 0.1321980 0.1329298 0.1356792 0.0515259 0.1321980 0.1467255 
KC244182_MK689686.1_00082 0.1048827 0.0021405 0.0387638 0.1329298 0.0000000 0.0021405 0.1353296 0.1353296 0.0387638 0.0436050 0.0436050 0.1048827 0.0829916 0.0000010 0.1027136 0.0735308 0.0829916 0.0412018 
KT804738_MK689686.1_00082 0.1021302 0.0000010 0.0363662 0.1300877 0.0021405 0.0000000 0.1324445 0.1324445 0.0363662 0.0411794 0.0411794 0.1021302 0.0803355 0.0021405 0.0999602 0.0761531 0.0803355 0.0387883 
MG570131_MG570131.1_00081 0.1406217 0.1324445 0.1520490 0.0765179 0.1353296 0.1324445 0.0000000 0.0000010 0.1520490 0.1581941 0.1581941 0.1406217 0.1307819 0.1353296 0.1347030 0.0962150 0.1307819 0.1552809 
MG570132_MG570132.1_00081 0.1406217 0.1324445 0.1520490 0.0765179 0.1353296 0.1324445 0.0000010 0.0000000 0.1520490 0.1581941 0.1581941 0.1406217 0.1307819 0.1353296 0.1347030 0.0962150 0.1307819 0.1552809 
MK098185_MK689686.1_00082 0.1124963 0.0363662 0.0000010 0.1435887 0.0387638 0.0363662 0.1520490 0.1520490 0.0000000 0.0042949 0.0042949 0.1124963 0.0976162 0.0387638 0.1156946 0.1025133 0.0976162 0.0021407 
MK098186_MK689686.1_00082 0.1182323 0.0411794 0.0042949 0.1495764 0.0436050 0.0411794 0.1581941 0.1581941 0.0042949 0.0000000 0.0000010 0.1182323 0.1032269 0.0436050 0.1214624 0.1081367 0.1032269 0.0064684 
MK098187_MK689686.1_00082 0.1182323 0.0411794 0.0042949 0.1495764 0.0436050 0.0411794 0.1581941 0.1581941 0.0042949 0.0000010 0.0000000 0.1182323 0.1032269 0.0436050 0.1214624 0.1081367 0.1032269 0.0064684 
MK689685_AF371960.1_00086 0.0000010 0.1021302 0.1124963 0.1387137 0.1048827 0.1021302 0.1406217 0.1406217 0.1124963 0.1182323 0.1182323 0.0000000 0.0368412 0.1048827 0.0074563 0.1192913 0.0368412 0.1154626 
MN432490_AF371960.1_00086 0.0368412 0.0803355 0.0976162 0.1321980 0.0829916 0.0803355 0.1307819 0.1307819 0.0976162 0.1032269 0.1032269 0.0368412 0.0000000 0.0829916 0.0280433 0.0999593 0.0000010 0.1005009 
MT798582_MK689686.1_00082 0.1048827 0.0021405 0.0387638 0.1329298 0.0000010 0.0021405 0.1353296 0.1353296 0.0387638 0.0436050 0.0436050 0.1048827 0.0829916 0.0000000 0.1027136 0.0735308 0.0829916 0.0412018 
MT986830_AF371960.1_00086 0.0074563 0.0999602 0.1156946 0.1356792 0.1027136 0.0999602 0.1347030 0.1347030 0.1156946 0.1214624 0.1214624 0.0074563 0.0280433 0.1027136 0.0000000 0.1138831 0.0280433 0.1186817 
OK042109_MK689686.1_00082 0.1192913 0.0761531 0.1025133 0.0515259 0.0735308 0.0761531 0.0962150 0.0962150 0.1025133 0.1081367 0.1081367 0.1192913 0.0999593 0.0735308 0.1138831 0.0000000 0.0999593 0.1054102 
OP009387_AF371960.1_00086 0.0368412 0.0803355 0.0976162 0.1321980 0.0829916 0.0803355 0.1307819 0.1307819 0.0976162 0.1032269 0.1032269 0.0368412 0.0000010 0.0829916 0.0280433 0.0999593 0.0000000 0.1005009 
OQ475017_OQ475017.1_00081 0.1154626 0.0387883 0.0021407 0.1467255 0.0412018 0.0387883 0.1552809 0.1552809 0.0021407 0.0064684 0.0064684 0.1154626 0.1005009 0.0412018 0.1186817 0.1054102 0.1005009 0.0000000 
