17
AF371960_AF371960.1_00103 0.0000000 0.1033328 0.0939588 0.1649828 0.1033328 0.0928972 0.0928972 0.0939588 0.0986694 0.0986694 0.0035708 0.0452651 0.0000010 0.0452651 0.1041114 0.1041114 0.0939588 
AY894343_MK689686.1_00100 0.1033328 0.0000000 0.0656406 0.1756764 0.0000010 0.0920873 0.0920873 0.0656406 0.0700816 0.0700816 0.0991448 0.0692599 0.1033328 0.0692599 0.0258649 0.0258649 0.0621107 
BD143114_MK689686.1_00100 0.0939588 0.0656406 0.0000000 0.1545651 0.0656406 0.0911686 0.0911686 0.0000010 0.0035852 0.0035852 0.0898604 0.0771755 0.0939588 0.0771755 0.0370706 0.0370706 0.0000010 
GQ273492_GQ273492.1_00099 0.1649828 0.1756764 0.1545651 0.0000000 0.1756764 0.1643037 0.1643037 0.1545651 0.1601871 0.1601871 0.1604612 0.1484561 0.1649828 0.1484561 0.1554340 0.1554340 0.1545651 
KC244182_MK689686.1_00100 0.1033328 0.0000010 0.0656406 0.1756764 0.0000000 0.0920873 0.0920873 0.0656406 0.0700816 0.0700816 0.0991448 0.0692599 0.1033328 0.0692599 0.0258649 0.0258649 0.0621107 
MG570131_MG570131.1_00099 0.0928972 0.0920873 0.0911686 0.1643037 0.0920873 0.0000000 0.0000010 0.0911686 0.0959322 0.0959322 0.0886874 0.0804564 0.0928972 0.0804564 0.0927772 0.0927772 0.0911686 
MG570132_MG570132.1_00099 0.0928972 0.0920873 0.0911686 0.1643037 0.0920873 0.0000010 0.0000000 0.0911686 0.0959322 0.0959322 0.0886874 0.0804564 0.0928972 0.0804564 0.0927772 0.0927772 0.0911686 
MK098185_MK689686.1_00100 0.0939588 0.0656406 0.0000010 0.1545651 0.0656406 0.0911686 0.0911686 0.0000000 0.0035852 0.0035852 0.0898604 0.0771755 0.0939588 0.0771755 0.0370706 0.0370706 0.0000010 
MK098186_MK689686.1_00100 0.0986694 0.0700816 0.0035852 0.1601871 0.0700816 0.0959322 0.0959322 0.0035852 0.0000000 0.0000010 0.0945307 0.0816894 0.0986694 0.0816894 0.0411044 0.0411044 0.0036267 
MK098187_MK689686.1_00100 0.0986694 0.0700816 0.0035852 0.1601871 0.0700816 0.0959322 0.0959322 0.0035852 0.0000010 0.0000000 0.0945307 0.0816894 0.0986694 0.0816894 0.0411044 0.0411044 0.0036267 
MK689685_AF371960.1_00103 0.0035708 0.0991448 0.0898604 0.1604612 0.0991448 0.0886874 0.0886874 0.0898604 0.0945307 0.0945307 0.0000000 0.0413816 0.0035708 0.0413816 0.0998875 0.0998875 0.0898604 
MN432490_AF371960.1_00103 0.0452651 0.0692599 0.0771755 0.1484561 0.0692599 0.0804564 0.0804564 0.0771755 0.0816894 0.0816894 0.0413816 0.0000000 0.0452651 0.0000010 0.0697458 0.0697458 0.0771755 
MT926123_AF371960.1_00103 0.0000010 0.1033328 0.0939588 0.1649828 0.1033328 0.0928972 0.0928972 0.0939588 0.0986694 0.0986694 0.0035708 0.0452651 0.0000000 0.0452651 0.1041114 0.1041114 0.0939588 
MT986830_AF371960.1_00103 0.0452651 0.0692599 0.0771755 0.1484561 0.0692599 0.0804564 0.0804564 0.0771755 0.0816894 0.0816894 0.0413816 0.0000010 0.0452651 0.0000000 0.0697458 0.0697458 0.0771755 
OK042108_MK689686.1_00100 0.1041114 0.0258649 0.0370706 0.1554340 0.0258649 0.0927772 0.0927772 0.0370706 0.0411044 0.0411044 0.0998875 0.0697458 0.1041114 0.0697458 0.0000000 0.0000010 0.0375068 
ON743042_MK689686.1_00100 0.1041114 0.0258649 0.0370706 0.1554340 0.0258649 0.0927772 0.0927772 0.0370706 0.0411044 0.0411044 0.0998875 0.0697458 0.1041114 0.0697458 0.0000010 0.0000000 0.0375068 
OQ475017_OQ475017.1_00100 0.0939588 0.0621107 0.0000010 0.1545651 0.0621107 0.0911686 0.0911686 0.0000010 0.0036267 0.0036267 0.0898604 0.0771755 0.0939588 0.0771755 0.0375068 0.0375068 0.0000000 
