18
MK637631_European_chub_iridovirus_ECIV                   0.0000000 1.1281827 1.1764987 1.1764987 1.1281827 1.1567389 0.5363372 1.1293711 1.1293711 1.1567389 1.1125473 1.2514384 0.5363372 1.1130925 1.1294877 1.1199925 1.1199925 1.1148337 
KT804738_Megalocytivirus_pagrus1_RSIV                    1.1281827 0.0000000 0.0348066 0.0348066 0.0000010 0.0347843 1.1007751 0.0075665 0.0075665 0.0347843 0.0151512 0.4267561 1.1007751 0.0189994 0.0037583 0.0120981 0.0120981 0.0151965 
OP896201_Megalocytivirus_pagrus1_ISKNV                   1.1764987 0.0348066 0.0000000 0.0000010 0.0348066 0.0075478 1.1446949 0.0348443 0.0348443 0.0075478 0.0347176 0.4312610 1.1446949 0.0386970 0.0387659 0.0433078 0.0433078 0.0348236 
MW883593_Megalocytivirus_pagrus1_ISKNV                   1.1764987 0.0348066 0.0000010 0.0000000 0.0348066 0.0075478 1.1446949 0.0348443 0.0348443 0.0075478 0.0347176 0.4312610 1.1446949 0.0386970 0.0387659 0.0433078 0.0433078 0.0348236 
KC244182_Megalocytivirus_pagrus1_RSIV                    1.1281827 0.0000010 0.0348066 0.0348066 0.0000000 0.0347843 1.1007751 0.0075665 0.0075665 0.0347843 0.0151512 0.4267561 1.1007751 0.0189994 0.0037583 0.0120981 0.0120981 0.0151965 
PP151097_Megalocytivirus_pagrus1_ISKNV                   1.1567389 0.0347843 0.0075478 0.0075478 0.0347843 0.0000000 1.1280678 0.0348220 0.0348220 0.0000010 0.0346955 0.4301416 1.1280678 0.0386724 0.0387412 0.0432801 0.0432801 0.0348013 
MN562489_Megalocytivirus_lates1_SDDV                     0.5363372 1.1007751 1.1446949 1.1446949 1.1007751 1.1280678 0.0000000 1.1032505 1.1032505 1.1280678 1.0984470 1.3126618 0.0000010 1.0980344 1.1020263 1.0969235 1.0969235 1.0998760 
MK098185_Megalocytivirus_pagrus1_RSIV                    1.1293711 0.0075665 0.0348443 0.0348443 0.0075665 0.0348220 1.1032505 0.0000000 0.0000010 0.0348220 0.0151669 0.4310084 1.1032505 0.0190192 0.0113762 0.0076258 0.0076258 0.0152122 
OL774654_Megalocytivirus_pagrus1_RSIV                    1.1293711 0.0075665 0.0348443 0.0348443 0.0075665 0.0348220 1.1032505 0.0000010 0.0000000 0.0348220 0.0151669 0.4310084 1.1032505 0.0190192 0.0113762 0.0076258 0.0076258 0.0152122 
MN432490_Megalocytivirus_pagrus1_ISKNV                   1.1567389 0.0347843 0.0075478 0.0075478 0.0347843 0.0000010 1.1280678 0.0348220 0.0348220 0.0000000 0.0346955 0.4301416 1.1280678 0.0386724 0.0387412 0.0432801 0.0432801 0.0348013 
MG570132_Megalocytivirus_pagrus1_TRBIV                   1.1125473 0.0151512 0.0347176 0.0347176 0.0151512 0.0346955 1.0984470 0.0151669 0.0151669 0.0346955 0.0000000 0.4352780 1.0984470 0.0037491 0.0189835 0.0231375 0.0231375 0.0075409 
PQ335173_PQ335174_Threespine_stickleback_iridovirus_TSIV 1.2514384 0.4267561 0.4312610 0.4312610 0.4267561 0.4301416 1.3126618 0.4310084 0.4310084 0.4301416 0.4352780 0.0000000 1.3126618 0.4275549 0.4274217 0.4360018 0.4360018 0.4369891 
MT521409_Megalocytivirus_lates1_SDDV                     0.5363372 1.1007751 1.1446949 1.1446949 1.1007751 1.1280678 0.0000010 1.1032505 1.1032505 1.1280678 1.0984470 1.3126618 0.0000000 1.0980344 1.1020263 1.0969235 1.0969235 1.0998760 
MG570131_Megalocytivirus_pagrus1_TRBIV                   1.1130925 0.0189994 0.0386970 0.0386970 0.0189994 0.0386724 1.0980344 0.0190192 0.0190192 0.0386724 0.0037491 0.4275549 1.0980344 0.0000000 0.0228531 0.0270794 0.0270794 0.0113475 
AY894343_Megalocytivirus_pagrus1_RSIV                    1.1294877 0.0037583 0.0387659 0.0387659 0.0037583 0.0387412 1.1020263 0.0113762 0.0113762 0.0387412 0.0189835 0.4274217 1.1020263 0.0228531 0.0000000 0.0161194 0.0161194 0.0190404 
MK098187_Megalocytivirus_pagrus1_RSIV                    1.1199925 0.0120981 0.0433078 0.0433078 0.0120981 0.0432801 1.0969235 0.0076258 0.0076258 0.0432801 0.0231375 0.4360018 1.0969235 0.0270794 0.0161194 0.0000000 0.0000010 0.0232079 
MK098186_Megalocytivirus_pagrus1_RSIV                    1.1199925 0.0120981 0.0433078 0.0433078 0.0120981 0.0432801 1.0969235 0.0076258 0.0076258 0.0432801 0.0231375 0.4360018 1.0969235 0.0270794 0.0161194 0.0000010 0.0000000 0.0232079 
GQ273492_Megalocytivirus_pagrus1_TRBIV                   1.1148337 0.0151965 0.0348236 0.0348236 0.0151965 0.0348013 1.0998760 0.0152122 0.0152122 0.0348013 0.0075409 0.4369891 1.0998760 0.0113475 0.0190404 0.0232079 0.0232079 0.0000000 
