17
KT804738_Megalocytivirus_pagrus1_RSIV                    0.0000000 0.0350319 0.0350319 0.0000010 0.0350099 1.2273002 0.0075846 0.0075846 0.0350099 0.0151887 0.4657841 1.2273002 0.0190621 0.0037595 0.0122872 0.0122872 0.0152360 
OP896201_Megalocytivirus_pagrus1_ISKNV                   0.0350319 0.0000000 0.0000010 0.0350319 0.0075595 1.2790994 0.0351004 0.0351004 0.0075595 0.0349423 0.4706347 1.2790994 0.0389787 0.0390299 0.0437877 0.0437877 0.0350539 
MW883593_Megalocytivirus_pagrus1_ISKNV                   0.0350319 0.0000010 0.0000000 0.0350319 0.0075595 1.2790994 0.0351004 0.0351004 0.0075595 0.0349423 0.4706347 1.2790994 0.0389787 0.0390299 0.0437877 0.0437877 0.0350539 
KC244182_Megalocytivirus_pagrus1_RSIV                    0.0000010 0.0350319 0.0350319 0.0000000 0.0350099 1.2273002 0.0075846 0.0075846 0.0350099 0.0151887 0.4657841 1.2273002 0.0190621 0.0037595 0.0122872 0.0122872 0.0152360 
PP151097_Megalocytivirus_pagrus1_ISKNV                   0.0350099 0.0075595 0.0075595 0.0350099 0.0000000 1.2605227 0.0350784 0.0350784 0.0000010 0.0349205 0.4694254 1.2605227 0.0389545 0.0390057 0.0437604 0.0437604 0.0350320 
MN562489_Megalocytivirus_lates1_SDDV                     1.2273002 1.2790994 1.2790994 1.2273002 1.2605227 0.0000000 1.2292059 1.2292059 1.2605227 1.2252649 1.4550104 0.0000010 1.2250721 1.2291066 1.2223391 1.2223391 1.2270398 
MK098185_Megalocytivirus_pagrus1_RSIV                    0.0075846 0.0351004 0.0351004 0.0075846 0.0350784 1.2292059 0.0000000 0.0000010 0.0350784 0.0152172 0.4698429 1.2292059 0.0190983 0.0114070 0.0076559 0.0076559 0.0152647 
OL774654_Megalocytivirus_pagrus1_RSIV                    0.0075846 0.0351004 0.0351004 0.0075846 0.0350784 1.2292059 0.0000010 0.0000000 0.0350784 0.0152172 0.4698429 1.2292059 0.0190983 0.0114070 0.0076559 0.0076559 0.0152647 
MN432490_Megalocytivirus_pagrus1_ISKNV                   0.0350099 0.0075595 0.0075595 0.0350099 0.0000010 1.2605227 0.0350784 0.0350784 0.0000000 0.0349205 0.4694254 1.2605227 0.0389545 0.0390057 0.0437604 0.0437604 0.0350320 
MG570132_Megalocytivirus_pagrus1_TRBIV                   0.0151887 0.0349423 0.0349423 0.0151887 0.0349205 1.2252649 0.0152172 0.0152172 0.0349205 0.0000000 0.4746993 1.2252649 0.0037524 0.0190362 0.0233037 0.0233037 0.0075529 
PQ335173_PQ335174_Threespine_stickleback_iridovirus_TSIV 0.4657841 0.4706347 0.4706347 0.4657841 0.4694254 1.4550104 0.4698429 0.4698429 0.4694254 0.4746993 0.0000000 1.4550104 0.4656180 0.4661175 0.4759441 0.4759441 0.4765455 
MT521409_Megalocytivirus_lates1_SDDV                     1.2273002 1.2790994 1.2790994 1.2273002 1.2605227 0.0000010 1.2292059 1.2292059 1.2605227 1.2252649 1.4550104 0.0000000 1.2250721 1.2291066 1.2223391 1.2223391 1.2270398 
MG570131_Megalocytivirus_pagrus1_TRBIV                   0.0190621 0.0389787 0.0389787 0.0190621 0.0389545 1.2250721 0.0190983 0.0190983 0.0389545 0.0037524 0.4656180 1.2250721 0.0000000 0.0229362 0.0272960 0.0272960 0.0113753 
AY894343_Megalocytivirus_pagrus1_RSIV                    0.0037595 0.0390299 0.0390299 0.0037595 0.0390057 1.2291066 0.0114070 0.0114070 0.0390057 0.0190362 0.4661175 1.2291066 0.0229362 0.0000000 0.0163531 0.0163531 0.0190958 
MK098187_Megalocytivirus_pagrus1_RSIV                    0.0122872 0.0437877 0.0437877 0.0122872 0.0437604 1.2223391 0.0076559 0.0076559 0.0437604 0.0233037 0.4759441 1.2223391 0.0272960 0.0163531 0.0000000 0.0000010 0.0233780 
MK098186_Megalocytivirus_pagrus1_RSIV                    0.0122872 0.0437877 0.0437877 0.0122872 0.0437604 1.2223391 0.0076559 0.0076559 0.0437604 0.0233037 0.4759441 1.2223391 0.0272960 0.0163531 0.0000010 0.0000000 0.0233780 
GQ273492_Megalocytivirus_pagrus1_TRBIV                   0.0152360 0.0350539 0.0350539 0.0152360 0.0350320 1.2270398 0.0152647 0.0152647 0.0350320 0.0075529 0.4765455 1.2270398 0.0113753 0.0190958 0.0233780 0.0233780 0.0000000 
