17
AF371960_AF371960.1_00001 0.0000000 2.1921386 0.0437293 0.0297804 0.0631121 0.0437293 0.0604077 0.0604077 0.0297804 0.0000010 0.0160844 1.2546866 1.2546866 0.0134001 0.0352157 0.0107070 0.0284783 
AY521625_AY521625.1_00004 2.1921386 0.0000000 2.1829431 2.1761040 2.2046746 2.1829431 2.2136014 2.2136014 2.1761040 2.1921386 2.1909723 2.0591333 2.0591333 2.2070031 2.1717998 2.2074521 2.1309640 
AY894343_transmembrane    0.0437293 2.1829431 0.0000000 0.0133538 0.0687199 0.0000010 0.0660152 0.0660152 0.0133538 0.0437293 0.0437037 1.2802015 1.2802015 0.0520696 0.0079874 0.0492686 0.0140494 
BD143114_transmembrane    0.0297804 2.1761040 0.0133538 0.0000000 0.0544581 0.0133538 0.0517696 0.0517696 0.0000010 0.0297804 0.0297630 1.2678325 1.2678325 0.0380059 0.0052941 0.0352479 0.0000010 
GQ273492_GQ273492.1_00001 0.0631121 2.2046746 0.0687199 0.0544581 0.0000000 0.0687199 0.0106059 0.0106059 0.0544581 0.0631121 0.0573610 1.2708641 1.2708641 0.0630030 0.0599409 0.0629584 0.0573583 
KC244182_transmembrane    0.0437293 2.1829431 0.0000010 0.0133538 0.0687199 0.0000000 0.0660152 0.0660152 0.0133538 0.0437293 0.0437037 1.2802015 1.2802015 0.0520696 0.0079874 0.0492686 0.0140494 
MG570131_MG570131.1_00001 0.0604077 2.2136014 0.0660152 0.0517696 0.0106059 0.0660152 0.0000000 0.0000010 0.0517696 0.0604077 0.0546657 1.2902315 1.2902315 0.0630791 0.0572540 0.0602606 0.0545280 
MG570132_MG570132.1_00001 0.0604077 2.2136014 0.0660152 0.0517696 0.0106059 0.0660152 0.0000010 0.0000000 0.0517696 0.0604077 0.0546657 1.2902315 1.2902315 0.0630791 0.0572540 0.0602606 0.0545280 
MK098185_transmembrane    0.0297804 2.1761040 0.0133538 0.0000010 0.0544581 0.0133538 0.0517696 0.0517696 0.0000000 0.0297804 0.0297630 1.2678325 1.2678325 0.0380059 0.0052941 0.0352479 0.0000010 
MK689685_AF371960.1_00001 0.0000010 2.1921386 0.0437293 0.0297804 0.0631121 0.0437293 0.0604077 0.0604077 0.0297804 0.0000000 0.0160844 1.2546866 1.2546866 0.0134001 0.0352157 0.0107070 0.0284783 
MN432490_AF371960.1_00001 0.0160844 2.1909723 0.0437037 0.0297630 0.0573610 0.0437037 0.0546657 0.0546657 0.0297630 0.0160844 0.0000000 1.2356837 1.2356837 0.0080036 0.0351952 0.0053293 0.0313356 
MN562489_OM037668.1_00030 1.2546866 2.0591333 1.2802015 1.2678325 1.2708641 1.2802015 1.2902315 1.2902315 1.2678325 1.2546866 1.2356837 0.0000000 0.0000010 1.2421950 1.2639468 1.2412240 1.3150702 
MT521409_OM037668.1_00030 1.2546866 2.0591333 1.2802015 1.2678325 1.2708641 1.2802015 1.2902315 1.2902315 1.2678325 1.2546866 1.2356837 0.0000010 0.0000000 1.2421950 1.2639468 1.2412240 1.3150702 
MT986830_AF371960.1_00001 0.0134001 2.2070031 0.0520696 0.0380059 0.0630030 0.0520696 0.0630791 0.0630791 0.0380059 0.0134001 0.0080036 1.2421950 1.2421950 0.0000000 0.0434610 0.0026633 0.0400217 
ON740976_transmembrane    0.0352157 2.1717998 0.0079874 0.0052941 0.0599409 0.0079874 0.0572540 0.0572540 0.0052941 0.0352157 0.0351952 1.2639468 1.2639468 0.0434610 0.0000000 0.0406946 0.0055673 
OP009387_AF371960.1_00001 0.0107070 2.2074521 0.0492686 0.0352479 0.0629584 0.0492686 0.0602606 0.0602606 0.0352479 0.0107070 0.0053293 1.2412240 1.2412240 0.0026633 0.0406946 0.0000000 0.0371148 
OQ475017_OQ475017.1       0.0284783 2.1309640 0.0140494 0.0000010 0.0573583 0.0140494 0.0545280 0.0545280 0.0000010 0.0284783 0.0313356 1.3150702 1.3150702 0.0400217 0.0055673 0.0371148 0.0000000 
