12
AF371960_AF371960.1_00123 0.0000000 0.0492785 0.0492785 0.0888733 0.0598627 0.0598627 0.0043580 0.0175786 1.9573792 1.9573792 0.0043580 0.0492785 
AY894343_MK689686.1_00122 0.0492785 0.0000000 0.0000010 0.0697542 0.0505544 0.0505544 0.0447362 0.0402187 1.9481542 1.9481542 0.0447362 0.0000010 
BD143114_MK689686.1_00122 0.0492785 0.0000010 0.0000000 0.0697542 0.0505544 0.0505544 0.0447362 0.0402187 1.9481542 1.9481542 0.0447362 0.0000010 
GQ273492_GQ273492.1_00120 0.0888733 0.0697542 0.0697542 0.0000000 0.0266097 0.0266097 0.0840802 0.0793266 2.0411623 2.0411623 0.0840802 0.0697542 
MG570131_MG570131.1_00120 0.0598627 0.0505544 0.0505544 0.0266097 0.0000000 0.0000010 0.0551864 0.0505383 2.1192764 2.1192764 0.0551864 0.0502462 
MG570132_MG570132.1_00120 0.0598627 0.0505544 0.0505544 0.0266097 0.0000010 0.0000000 0.0551864 0.0505383 2.1192764 2.1192764 0.0551864 0.0502462 
MK689685_AF371960.1_00123 0.0043580 0.0447362 0.0447362 0.0840802 0.0551864 0.0551864 0.0000000 0.0131664 1.9706188 1.9706188 0.0000010 0.0447362 
MN432490_AF371960.1_00123 0.0175786 0.0402187 0.0402187 0.0793266 0.0505383 0.0505383 0.0131664 0.0000000 1.9833491 1.9833491 0.0131664 0.0402187 
MN562489_OM037668.1_00028 1.9573792 1.9481542 1.9481542 2.0411623 2.1192764 2.1192764 1.9706188 1.9833491 0.0000000 0.0000010 1.9706188 2.0494687 
MT521409_OM037668.1_00028 1.9573792 1.9481542 1.9481542 2.0411623 2.1192764 2.1192764 1.9706188 1.9833491 0.0000010 0.0000000 1.9706188 2.0494687 
MT926123_AF371960.1_00123 0.0043580 0.0447362 0.0447362 0.0840802 0.0551864 0.0551864 0.0000010 0.0131664 1.9706188 1.9706188 0.0000000 0.0447362 
OQ475017_OQ475017.1_00122 0.0492785 0.0000010 0.0000010 0.0697542 0.0502462 0.0502462 0.0447362 0.0402187 2.0494687 2.0494687 0.0447362 0.0000000 
