15
MK637631_European_chub_iridovirus_ECIV                   0.0000000 1.5493470 1.5817506 1.5817506 1.5493470 1.5818625 0.7848948 1.5432173 1.5432173 1.5659168 1.5659168 1.5800841 1.5818625 0.7848948 1.5374394 
MK689686_Megalocytivirus_pagrus1_RSIV                    1.5493470 0.0000000 0.0455441 0.0455441 0.0000010 0.0304116 1.4295956 0.0147017 0.0147017 0.0549798 0.0549798 0.7882362 0.0304116 1.4295956 0.0643437 
MK689685_Megalocytivirus_pagrus1_ISKNV                   1.5817506 0.0455441 0.0000000 0.0000010 0.0455441 0.0304000 1.4930392 0.0384901 0.0384901 0.0794895 0.0794895 0.8080388 0.0304000 1.4930392 0.0893337 
MW883600_Megalocytivirus_pagrus1_ISKNV                   1.5817506 0.0455441 0.0000010 0.0000000 0.0455441 0.0304000 1.4930392 0.0384901 0.0384901 0.0794895 0.0794895 0.8080388 0.0304000 1.4930392 0.0893337 
MT798582_Megalocytivirus_pagrus1_RSIV                    1.5493470 0.0000010 0.0455441 0.0455441 0.0000000 0.0304116 1.4295956 0.0147017 0.0147017 0.0549798 0.0549798 0.7882362 0.0304116 1.4295956 0.0643437 
MW883595_Megalocytivirus_pagrus1_ISKNV                   1.5818625 0.0304116 0.0304000 0.0304000 0.0304116 0.0000000 1.4699746 0.0386546 0.0386546 0.0559281 0.0559281 0.8199404 0.0000010 1.4699746 0.0654717 
MN562489_Megalocytivirus_lates1_SDDV                     0.7848948 1.4295956 1.4930392 1.4930392 1.4295956 1.4699746 0.0000000 1.4245232 1.4245232 1.3503828 1.3503828 1.3009295 1.4699746 0.0000010 1.4067850 
OL774654_Megalocytivirus_pagrus1_RSIV                    1.5432173 0.0147017 0.0384901 0.0384901 0.0147017 0.0386546 1.4245232 0.0000000 0.0000010 0.0628391 0.0628391 0.7785006 0.0386546 1.4245232 0.0723264 
OK042108_Megalocytivirus_pagrus1_RSIV                    1.5432173 0.0147017 0.0384901 0.0384901 0.0147017 0.0386546 1.4245232 0.0000010 0.0000000 0.0628391 0.0628391 0.7785006 0.0386546 1.4245232 0.0723264 
MG570132_Megalocytivirus_pagrus1_TRBIV                   1.5659168 0.0549798 0.0794895 0.0794895 0.0549798 0.0559281 1.3503828 0.0628391 0.0628391 0.0000000 0.0000010 0.7328934 0.0559281 1.3503828 0.0308841 
MG570131_Megalocytivirus_pagrus1_TRBIV                   1.5659168 0.0549798 0.0794895 0.0794895 0.0549798 0.0559281 1.3503828 0.0628391 0.0628391 0.0000010 0.0000000 0.7328934 0.0559281 1.3503828 0.0308841 
PQ335173_PQ335174_Threespine_stickleback_iridovirus_TSIV 1.5800841 0.7882362 0.8080388 0.8080388 0.7882362 0.8199404 1.3009295 0.7785006 0.7785006 0.7328934 0.7328934 0.0000000 0.8199404 1.3009295 0.7459234 
OP009387_Megalocytivirus_pagrus1_ISKNV                   1.5818625 0.0304116 0.0304000 0.0304000 0.0304116 0.0000010 1.4699746 0.0386546 0.0386546 0.0559281 0.0559281 0.8199404 0.0000000 1.4699746 0.0654717 
MT521409_Megalocytivirus_lates1_SDDV                     0.7848948 1.4295956 1.4930392 1.4930392 1.4295956 1.4699746 0.0000010 1.4245232 1.4245232 1.3503828 1.3503828 1.3009295 1.4699746 0.0000000 1.4067850 
GQ273492_Megalocytivirus_pagrus1_TRBIV                   1.5374394 0.0643437 0.0893337 0.0893337 0.0643437 0.0654717 1.4067850 0.0723264 0.0723264 0.0308841 0.0308841 0.7459234 0.0654717 1.4067850 0.0000000 
