14
MK689686_Megalocytivirus_pagrus1_RSIV                    0.0000000 0.0446825 0.0446825 0.0000010 0.0298703 1.5157310 0.0144345 0.0144345 0.0558274 0.0558274 0.8038674 0.0298703 1.5157310 0.0616465 
MK689685_Megalocytivirus_pagrus1_ISKNV                   0.0446825 0.0000000 0.0000010 0.0446825 0.0298841 1.5689027 0.0380851 0.0380851 0.0799778 0.0799778 0.8158570 0.0298841 1.5689027 0.0854890 
MW883600_Megalocytivirus_pagrus1_ISKNV                   0.0446825 0.0000010 0.0000000 0.0446825 0.0298841 1.5689027 0.0380851 0.0380851 0.0799778 0.0799778 0.8158570 0.0298841 1.5689027 0.0854890 
MT798582_Megalocytivirus_pagrus1_RSIV                    0.0000010 0.0446825 0.0446825 0.0000000 0.0298703 1.5157310 0.0144345 0.0144345 0.0558274 0.0558274 0.8038674 0.0298703 1.5157310 0.0616465 
MW883595_Megalocytivirus_pagrus1_ISKNV                   0.0298703 0.0298841 0.0298841 0.0298703 0.0000000 1.5662371 0.0383149 0.0383149 0.0564024 0.0564024 0.8385041 0.0000010 1.5662371 0.0622701 
MN562489_Megalocytivirus_lates1_SDDV                     1.5157310 1.5689027 1.5689027 1.5157310 1.5662371 0.0000000 1.5091019 1.5091019 1.4383964 1.4383964 1.3517097 1.5662371 0.0000010 1.5027854 
OL774654_Megalocytivirus_pagrus1_RSIV                    0.0144345 0.0380851 0.0380851 0.0144345 0.0383149 1.5091019 0.0000000 0.0000010 0.0637635 0.0637635 0.7939080 0.0383149 1.5091019 0.0694554 
OK042108_Megalocytivirus_pagrus1_RSIV                    0.0144345 0.0380851 0.0380851 0.0144345 0.0383149 1.5091019 0.0000010 0.0000000 0.0637635 0.0637635 0.7939080 0.0383149 1.5091019 0.0694554 
MG570132_Megalocytivirus_pagrus1_TRBIV                   0.0558274 0.0799778 0.0799778 0.0558274 0.0564024 1.4383964 0.0637635 0.0637635 0.0000000 0.0000010 0.7496953 0.0564024 1.4383964 0.0302337 
MG570131_Megalocytivirus_pagrus1_TRBIV                   0.0558274 0.0799778 0.0799778 0.0558274 0.0564024 1.4383964 0.0637635 0.0637635 0.0000010 0.0000000 0.7496953 0.0564024 1.4383964 0.0302337 
PQ335173_PQ335174_Threespine_stickleback_iridovirus_TSIV 0.8038674 0.8158570 0.8158570 0.8038674 0.8385041 1.3517097 0.7939080 0.7939080 0.7496953 0.7496953 0.0000000 0.8385041 1.3517097 0.7653492 
OP009387_Megalocytivirus_pagrus1_ISKNV                   0.0298703 0.0298841 0.0298841 0.0298703 0.0000010 1.5662371 0.0383149 0.0383149 0.0564024 0.0564024 0.8385041 0.0000000 1.5662371 0.0622701 
MT521409_Megalocytivirus_lates1_SDDV                     1.5157310 1.5689027 1.5689027 1.5157310 1.5662371 0.0000010 1.5091019 1.5091019 1.4383964 1.4383964 1.3517097 1.5662371 0.0000000 1.5027854 
GQ273492_Megalocytivirus_pagrus1_TRBIV                   0.0616465 0.0854890 0.0854890 0.0616465 0.0622701 1.5027854 0.0694554 0.0694554 0.0302337 0.0302337 0.7653492 0.0622701 1.5027854 0.0000000 
