21
AF303741_AF303741.1_00023          0.0000000 2.9440661 2.6776522 2.9184180 2.9184180 2.8381755 1.1147999 0.2868511 1.0316998 2.9889887 3.6153721 1.3986440 2.8285699 2.8285699 2.9440661 2.9938108 2.7533800 3.0561782 2.7533800 2.6097923 2.9941385 
AF371960_AF371960.1_00057          2.9440661 0.0000000 1.9460659 0.0138151 0.0138151 0.0184700 3.2537942 3.1654648 3.0135609 1.9338659 5.1528452 1.9574781 0.0233248 0.0233248 0.0000010 0.0046438 0.5969309 1.9494358 0.5969309 1.8377101 0.0093346 
AY521625_AY521625.1_00048          2.6776522 1.9460659 0.0000000 1.9460522 1.9460522 1.8970425 2.8081515 2.8552057 2.7965388 2.1121150 5.1051887 1.6923638 1.8907407 1.8907407 1.9460659 1.9564581 1.7778423 2.0773632 1.7778423 0.3191052 1.9625268 
AY894343_MK689686.1_00056          2.9184180 0.0138151 1.9460522 0.0000000 0.0000010 0.0138314 3.1927253 3.1520023 2.9574398 1.9319356 5.2181382 1.9291025 0.0186319 0.0186319 0.0138151 0.0139782 0.5973676 1.9474717 0.5973676 1.8687805 0.0187333 
BD143114_MK689686.1_00056          2.9184180 0.0138151 1.9460522 0.0000010 0.0000000 0.0138314 3.1927253 3.1520023 2.9574398 1.9319356 5.2181382 1.9291025 0.0186319 0.0186319 0.0138151 0.0139782 0.5973676 1.9474717 0.5973676 1.8687805 0.0187333 
GQ273492_GQ273492.1_00056          2.8381755 0.0184700 1.8970425 0.0138314 0.0138314 0.0000000 3.1961997 3.0879244 2.9349098 1.9436485 5.0225785 1.9322460 0.0138795 0.0138795 0.0184700 0.0186883 0.5767954 1.9591967 0.5767954 1.8627739 0.0234809 
HF920633_HF920633.1_00067          1.1147999 3.2537942 2.8081515 3.1927253 3.1927253 3.1961997 0.0000000 1.0988737 0.2604334 3.1105829 4.2546055 1.5089853 3.1550952 3.1550952 3.2537942 3.2768724 3.1782916 3.3684302 3.1782916 2.9585305 3.2771513 
HF920637_HF920637.1_00017          0.2868511 3.1654648 2.8552057 3.1520023 3.1520023 3.0879244 1.0988737 0.0000000 1.1063871 3.0793304 3.5877089 1.5431220 3.0572293 3.0572293 3.1654648 3.1878698 2.8600615 3.1223990 2.8600615 3.0340077 3.2009312 
KF938901_KF938901.1_00060          1.0316998 3.0135609 2.7965388 2.9574398 2.9574398 2.9349098 0.2604334 1.1063871 0.0000000 2.8957646 4.0740961 1.4940629 2.8977893 2.8977893 3.0135609 3.0341514 2.8053114 3.0538752 2.8053114 2.7927142 3.0344626 
KX643370_Lymph_LDV3_KX643370_00044 2.9889887 1.9338659 2.1121150 1.9319356 1.9319356 1.9436485 3.1105829 3.0793304 2.8957646 0.0000000 6.1915325 2.1407768 1.9319356 1.9319356 1.9338659 1.9776719 1.8576713 0.1903339 1.8576713 2.0467766 1.9746911 
LS484712_LS484712.1_00143          3.6153721 5.1528452 5.1051887 5.2181382 5.2181382 5.0225785 4.2546055 3.5877089 4.0740961 6.1915325 0.0000000 4.1969548 5.0543072 5.0543072 5.1528452 5.2508726 5.3905919 6.3140575 5.3905919 5.1077731 5.2517744 
MF599468_MF599468.1_00033          1.3986440 1.9574781 1.6923638 1.9291025 1.9291025 1.9322460 1.5089853 1.5431220 1.4940629 2.1407768 4.1969548 0.0000000 1.9122893 1.9122893 1.9574781 1.9871170 1.6218932 2.2791175 1.6218932 1.7773491 1.9961093 
MG570131_MG570131.1_00057          2.8285699 0.0233248 1.8907407 0.0186319 0.0186319 0.0138795 3.1550952 3.0572293 2.8977893 1.9319356 5.0543072 1.9122893 0.0000000 0.0000010 0.0233248 0.0236028 0.5646867 1.9474717 0.5646867 1.8427192 0.0284695 
MG570132_MG570132.1_00057          2.8285699 0.0233248 1.8907407 0.0186319 0.0186319 0.0138795 3.1550952 3.0572293 2.8977893 1.9319356 5.0543072 1.9122893 0.0000010 0.0000000 0.0233248 0.0236028 0.5646867 1.9474717 0.5646867 1.8427192 0.0284695 
MK689685_AF371960.1_00057          2.9440661 0.0000010 1.9460659 0.0138151 0.0138151 0.0184700 3.2537942 3.1654648 3.0135609 1.9338659 5.1528452 1.9574781 0.0233248 0.0233248 0.0000000 0.0046438 0.5969309 1.9494358 0.5969309 1.8377101 0.0093346 
MN432490_AF371960.1_00057          2.9938108 0.0046438 1.9564581 0.0139782 0.0139782 0.0186883 3.2768724 3.1878698 3.0341514 1.9776719 5.2508726 1.9871170 0.0236028 0.0236028 0.0046438 0.0000000 0.5969309 1.9931997 0.5969309 1.8378520 0.0045831 
MN562489_OM037668.1_00098          2.7533800 0.5969309 1.7778423 0.5973676 0.5973676 0.5767954 3.1782916 2.8600615 2.8053114 1.8576713 5.3905919 1.6218932 0.5646867 0.5646867 0.5969309 0.5969309 0.0000000 1.9843306 0.0000010 1.8160448 0.5971030 
MN803438_MN803438.1_00007          3.0561782 1.9494358 2.0773632 1.9474717 1.9474717 1.9591967 3.3684302 3.1223990 3.0538752 0.1903339 6.3140575 2.2791175 1.9474717 1.9474717 1.9494358 1.9931997 1.9843306 0.0000000 1.9843306 1.9801581 2.0010246 
MT521409_OM037668.1_00098          2.7533800 0.5969309 1.7778423 0.5973676 0.5973676 0.5767954 3.1782916 2.8600615 2.8053114 1.8576713 5.3905919 1.6218932 0.5646867 0.5646867 0.5969309 0.5969309 0.0000010 1.9843306 0.0000000 1.8160448 0.5971030 
NC_005946_NC_005946.1_00022        2.6097923 1.8377101 0.3191052 1.8687805 1.8687805 1.8627739 2.9585305 3.0340077 2.7927142 2.0467766 5.1077731 1.7773491 1.8427192 1.8427192 1.8377101 1.8378520 1.8160448 1.9801581 1.8160448 0.0000000 1.8356920 
OP009387_AF371960.1_00057          2.9941385 0.0093346 1.9625268 0.0187333 0.0187333 0.0234809 3.2771513 3.2009312 3.0344626 1.9746911 5.2517744 1.9961093 0.0284695 0.0284695 0.0093346 0.0045831 0.5971030 2.0010246 0.5971030 1.8356920 0.0000000 
