18
OR536350_Megalocytivirus_pagrus1_ISKNV                   0.0000000 0.0000010 0.1606806 0.1518105 0.1518105 0.1606806 0.1568785 1.9496871 0.1568787 0.1568785 0.1980293 0.0264359 0.0264359 0.0043530 0.1464091 0.1504584 0.0043522 0.1980293 
MW273354_Megalocytivirus_pagrus1_ISKNV                   0.0000010 0.0000000 0.1606806 0.1518105 0.1518105 0.1606806 0.1568785 1.9496871 0.1568787 0.1568785 0.1980293 0.0264359 0.0264359 0.0043530 0.1464091 0.1504584 0.0043522 0.1980293 
OK042109_Megalocytivirus_pagrus1_RSIV                    0.1606806 0.1606806 0.0000000 0.0310879 0.0310879 0.0000010 0.0355964 1.8328812 0.0355979 0.0355964 0.2109596 0.1777735 0.1777735 0.1657528 0.1471894 0.0087519 0.1657594 0.2109596 
ON740976_Megalocytivirus_pagrus1_RSIV                    0.1518105 0.1518105 0.0310879 0.0000000 0.0000010 0.0310879 0.0043658 1.8138659 0.0043660 0.0043658 0.1943564 0.1688106 0.1688106 0.1568794 0.1419386 0.0220951 0.1568834 0.1943564 
AB104413_Megalocytivirus_pagrus1_RSIV                    0.1518105 0.1518105 0.0310879 0.0000010 0.0000000 0.0310879 0.0043658 1.8138659 0.0043660 0.0043658 0.1943564 0.1688106 0.1688106 0.1568794 0.1419386 0.0220951 0.1568834 0.1943564 
ON075463_Megalocytivirus_pagrus1_RSIV                    0.1606806 0.1606806 0.0000010 0.0310879 0.0310879 0.0000000 0.0355964 1.8328812 0.0355979 0.0355964 0.2109596 0.1777735 0.1777735 0.1657528 0.1471894 0.0087519 0.1657594 0.2109596 
MK098187_Megalocytivirus_pagrus1_RSIV                    0.1568785 0.1568785 0.0355964 0.0043658 0.0043658 0.0355964 0.0000000 1.7928685 0.0087480 0.0000010 0.1995999 0.1739990 0.1739990 0.1619691 0.1469288 0.0265641 0.1619746 0.1995999 
PQ335173_PQ335174_Threespine_stickleback_iridovirus_TSIV 1.9496871 1.9496871 1.8328812 1.8138659 1.8138659 1.8328812 1.7928685 0.0000000 1.8138659 1.7928685 1.9279699 1.9976647 1.9976647 1.9463488 1.8790836 1.8521500 1.9496871 1.9279699 
MK098185_Megalocytivirus_pagrus1_RSIV                    0.1568787 0.1568787 0.0355979 0.0043660 0.0043660 0.0355979 0.0087480 1.8138659 0.0000000 0.0087480 0.1995965 0.1739981 0.1739981 0.1619690 0.1469297 0.0265653 0.1619745 0.1995965 
MK098186_Megalocytivirus_pagrus1_RSIV                    0.1568785 0.1568785 0.0355964 0.0043658 0.0043658 0.0355964 0.0000010 1.7928685 0.0087480 0.0000000 0.1995999 0.1739990 0.1739990 0.1619691 0.1469288 0.0265641 0.1619746 0.1995999 
MG570132_Megalocytivirus_pagrus1_TRBIV                   0.1980293 0.1980293 0.2109596 0.1943564 0.1943564 0.2109596 0.1995999 1.9279699 0.1995965 0.1995999 0.0000000 0.2133083 0.2133083 0.2032851 0.0900177 0.2052771 0.1926845 0.0000010 
OP009387_Megalocytivirus_pagrus1_ISKNV                   0.0264359 0.0264359 0.1777735 0.1688106 0.1688106 0.1777735 0.1739990 1.9976647 0.1739981 0.1739990 0.2133083 0.0000000 0.0000010 0.0309041 0.1717131 0.1673012 0.0308992 0.2133083 
MW883595_Megalocytivirus_pagrus1_ISKNV                   0.0264359 0.0264359 0.1777735 0.1688106 0.1688106 0.1777735 0.1739990 1.9976647 0.1739981 0.1739990 0.2133083 0.0000010 0.0000000 0.0309041 0.1717131 0.1673012 0.0308992 0.2133083 
MW883606_Megalocytivirus_pagrus1_ISKNV                   0.0043530 0.0043530 0.1657528 0.1568794 0.1568794 0.1657528 0.1619691 1.9463488 0.1619690 0.1619691 0.2032851 0.0309041 0.0309041 0.0000000 0.1514443 0.1554843 0.0087218 0.2032851 
GQ273492_Megalocytivirus_pagrus1_TRBIV                   0.1464091 0.1464091 0.1471894 0.1419386 0.1419386 0.1471894 0.1469288 1.8790836 0.1469297 0.1469288 0.0900177 0.1717131 0.1717131 0.1514443 0.0000000 0.1370749 0.1514468 0.0900177 
MW883598_Megalocytivirus_pagrus1_RSIV                    0.1504584 0.1504584 0.0087519 0.0220951 0.0220951 0.0087519 0.0265641 1.8521500 0.0265653 0.0265641 0.2052771 0.1673012 0.1673012 0.1554843 0.1370749 0.0000000 0.1554879 0.2052771 
MK689685_Megalocytivirus_pagrus1_ISKNV                   0.0043522 0.0043522 0.1657594 0.1568834 0.1568834 0.1657594 0.1619746 1.9496871 0.1619745 0.1619746 0.1926845 0.0308992 0.0308992 0.0087218 0.1514468 0.1554879 0.0000000 0.1926845 
MG570131_Megalocytivirus_pagrus1_TRBIV                   0.1980293 0.1980293 0.2109596 0.1943564 0.1943564 0.2109596 0.1995999 1.9279699 0.1995965 0.1995999 0.0000010 0.2133083 0.2133083 0.2032851 0.0900177 0.2052771 0.1926845 0.0000000 
