18
OR536350_Megalocytivirus_pagrus1_ISKNV                   0.0000000 0.0000010 0.1612274 0.1523294 0.1523294 0.1612274 0.1574176 1.9607319 0.1574160 0.1574176 0.1987170 0.0265203 0.0265203 0.0043668 0.1469100 0.1509673 0.0043660 0.1987170 
MW273354_Megalocytivirus_pagrus1_ISKNV                   0.0000010 0.0000000 0.1612274 0.1523294 0.1523294 0.1612274 0.1574176 1.9607319 0.1574160 0.1574176 0.1987170 0.0265203 0.0265203 0.0043668 0.1469100 0.1509673 0.0043660 0.1987170 
OK042109_Megalocytivirus_pagrus1_RSIV                    0.1612274 0.1612274 0.0000000 0.0311881 0.0311881 0.0000010 0.0357117 1.8420285 0.0357128 0.0357117 0.2116991 0.1783889 0.1783889 0.1663172 0.1476905 0.0087797 0.1663260 0.2116991 
ON740976_Megalocytivirus_pagrus1_RSIV                    0.1523294 0.1523294 0.0311881 0.0000000 0.0000010 0.0311881 0.0043796 1.8230464 0.0043798 0.0043796 0.1950298 0.1693976 0.1693976 0.1574160 0.1424184 0.0221659 0.1574220 0.1950298 
AB104413_Megalocytivirus_pagrus1_RSIV                    0.1523294 0.1523294 0.0311881 0.0000010 0.0000000 0.0311881 0.0043796 1.8230464 0.0043798 0.0043796 0.1950298 0.1693976 0.1693976 0.1574160 0.1424184 0.0221659 0.1574220 0.1950298 
ON075463_Megalocytivirus_pagrus1_RSIV                    0.1612274 0.1612274 0.0000010 0.0311881 0.0311881 0.0000000 0.0357117 1.8420285 0.0357128 0.0357117 0.2116991 0.1783889 0.1783889 0.1663172 0.1476905 0.0087797 0.1663260 0.2116991 
MK098187_Megalocytivirus_pagrus1_RSIV                    0.1574176 0.1574176 0.0357117 0.0043796 0.0043796 0.0357117 0.0000000 1.8018123 0.0087758 0.0000010 0.2002954 0.1746075 0.1746075 0.1625262 0.1474280 0.0266496 0.1625337 0.2002954 
PQ335173_PQ335174_Threespine_stickleback_iridovirus_TSIV 1.9607319 1.9607319 1.8420285 1.8230464 1.8230464 1.8420285 1.8018123 0.0000000 1.8230464 1.8018123 1.9379463 2.0086026 2.0086026 1.9574170 1.8884914 1.8614637 1.9607319 1.9379463 
MK098185_Megalocytivirus_pagrus1_RSIV                    0.1574160 0.1574160 0.0357128 0.0043798 0.0043798 0.0357128 0.0087758 1.8230464 0.0000000 0.0087758 0.2002893 0.1746043 0.1746043 0.1625241 0.1474271 0.0266505 0.1625317 0.2002893 
MK098186_Megalocytivirus_pagrus1_RSIV                    0.1574176 0.1574176 0.0357117 0.0043796 0.0043796 0.0357117 0.0000010 1.8018123 0.0087758 0.0000000 0.2002954 0.1746075 0.1746075 0.1625262 0.1474280 0.0266496 0.1625337 0.2002954 
MG570132_Megalocytivirus_pagrus1_TRBIV                   0.1987170 0.1987170 0.2116991 0.1950298 0.1950298 0.2116991 0.2002954 1.9379463 0.2002893 0.2002954 0.0000000 0.2140547 0.2140547 0.2039915 0.0903108 0.2059922 0.1933506 0.0000010 
OP009387_Megalocytivirus_pagrus1_ISKNV                   0.0265203 0.0265203 0.1783889 0.1693976 0.1693976 0.1783889 0.1746075 2.0086026 0.1746043 0.1746075 0.2140547 0.0000000 0.0000010 0.0310029 0.1723052 0.1678770 0.0309983 0.2140547 
MW883595_Megalocytivirus_pagrus1_ISKNV                   0.0265203 0.0265203 0.1783889 0.1693976 0.1693976 0.1783889 0.1746075 2.0086026 0.1746043 0.1746075 0.2140547 0.0000010 0.0000000 0.0310029 0.1723052 0.1678770 0.0309983 0.2140547 
MW883606_Megalocytivirus_pagrus1_ISKNV                   0.0043668 0.0043668 0.1663172 0.1574160 0.1574160 0.1663172 0.1625262 1.9574170 0.1625241 0.1625262 0.2039915 0.0310029 0.0310029 0.0000000 0.1519629 0.1560107 0.0087494 0.2039915 
GQ273492_Megalocytivirus_pagrus1_TRBIV                   0.1469100 0.1469100 0.1476905 0.1424184 0.1424184 0.1476905 0.1474280 1.8884914 0.1474271 0.1474280 0.0903108 0.1723052 0.1723052 0.1519629 0.0000000 0.1375391 0.1519673 0.0903108 
MW883598_Megalocytivirus_pagrus1_RSIV                    0.1509673 0.1509673 0.0087797 0.0221659 0.0221659 0.0087797 0.0266496 1.8614637 0.0266505 0.0266496 0.2059922 0.1678770 0.1678770 0.1560107 0.1375391 0.0000000 0.1560162 0.2059922 
MK689685_Megalocytivirus_pagrus1_ISKNV                   0.0043660 0.0043660 0.1663260 0.1574220 0.1574220 0.1663260 0.1625337 1.9607319 0.1625317 0.1625337 0.1933506 0.0309983 0.0309983 0.0087494 0.1519673 0.1560162 0.0000000 0.1933506 
MG570131_Megalocytivirus_pagrus1_TRBIV                   0.1987170 0.1987170 0.2116991 0.1950298 0.1950298 0.2116991 0.2002954 1.9379463 0.2002893 0.2002954 0.0000010 0.2140547 0.2140547 0.2039915 0.0903108 0.2059922 0.1933506 0.0000000 
