32
AF303741_AF303741.1_00079                  0.0000000 9.0000000 2.7875345 2.3580909 2.7911982 2.7803570 2.7536813 1.4219631 0.4111600 9.0000000 2.7877578 1.2657760 2.7748577 2.2597457 1.8581269 1.6699654 1.5760088 2.7434124 2.7353511 2.7675480 2.7675480 2.7875345 2.7748577 2.7575452 2.4582541 2.2327306 2.4582541 2.7877578 2.7575452 2.7675480 2.4987062 2.7675480 
AF303741_AF303741.1_00152                  9.0000000 0.0000000 3.7918028 4.2283862 3.8292930 3.8320168 3.8535088 1.8657881 9.0000000 0.7729627 3.8292930 2.0591233 3.8292930 3.5453636 2.6331738 0.0000010 3.3135521 3.8976399 3.8914751 3.8320168 3.8320168 3.7918028 3.8292930 3.8331911 3.9913003 3.6669712 3.9913003 3.8292930 3.8331911 3.8262560 4.4426445 3.8262560 
AF371960_AF371960.1_00031                  2.7875345 3.7918028 0.0000000 1.9269377 0.0286474 0.0304732 0.0302870 3.2428721 2.9000728 3.7321818 0.0286458 3.1420693 0.0277559 1.9504722 3.1671781 2.4663238 2.8146330 0.0312070 0.0329375 0.0295524 0.0295524 0.0000010 0.0277559 0.0067810 0.8217397 1.9226685 0.8217397 0.0286458 0.0067810 0.0304509 1.8620146 0.0304509 
AY521625_AY521625.1_00091                  2.3580909 4.2283862 1.9269377 0.0000000 1.9255247 1.9145923 1.8914880 3.0618189 2.3307435 4.3876696 1.9202030 2.9439800 1.9185137 1.3073729 3.0972161 1.8199079 2.6125920 1.8896384 1.8997801 1.9085649 1.9085649 1.9269377 1.9185137 1.9158623 1.8693445 1.3081614 1.8693445 1.9202030 1.9158623 1.9092070 0.6833943 1.9092070 
AY894343_MK689686.1_00029                  2.7911982 3.8292930 0.0286474 1.9255247 0.0000000 0.0084826 0.0249503 3.1772995 2.9208353 3.7677089 0.0016831 3.1216017 0.0008409 1.9900617 3.1517646 2.4352924 2.8315853 0.0293556 0.0320181 0.0076215 0.0076215 0.0286474 0.0008409 0.0242079 0.8299040 1.9698102 0.8299040 0.0016831 0.0242079 0.0084767 1.8402306 0.0084767 
BD143114_MK689686.1_00029                  2.7803570 3.8320168 0.0304732 1.9145923 0.0084826 0.0000000 0.0214302 3.2017783 2.9090065 3.7695401 0.0084822 3.1426535 0.0076278 1.9919294 3.1515353 2.4269955 2.8157846 0.0249408 0.0275831 0.0008418 0.0008418 0.0304732 0.0076278 0.0277761 0.8393163 1.9716482 0.8393163 0.0084822 0.0277761 0.0033754 1.8506042 0.0033754 
GQ273492_GQ273492.1_00030                  2.7536813 3.8535088 0.0302870 1.8914880 0.0249503 0.0214302 0.0000000 3.1621691 2.8747852 3.7933737 0.0249490 3.0793365 0.0240690 1.9485201 3.1636026 2.4162162 2.8258104 0.0153473 0.0188224 0.0205379 0.0205379 0.0302870 0.0240690 0.0302673 0.8377319 1.9283976 0.8377319 0.0249490 0.0302673 0.0179448 1.8427824 0.0179448 
HF920633_HF920633.1_00044                  1.4219631 1.8657881 3.2428721 3.0618189 3.1772995 3.2017783 3.1621691 0.0000000 1.5441375 1.8558762 3.1903734 0.4683202 3.1797662 2.8414529 2.0138412 1.7306370 2.8183450 3.2177483 3.2234039 3.1913590 3.1913590 3.2428721 3.1797662 3.2161234 2.9390880 2.8259111 2.9390880 3.1903734 3.2161234 3.1838130 3.2144467 3.1838130 
HF920637_HF920637.1_00129_DNA_polymerase_1 0.4111600 9.0000000 2.9000728 2.3307435 2.9208353 2.9090065 2.8747852 1.5441375 0.0000000 9.0000000 2.9170436 1.4389665 2.9033192 2.2086116 2.0228907 1.7474565 1.6472526 2.8625734 2.8732478 2.8954603 2.8954603 2.9000728 2.9033192 2.8742573 2.6383016 2.1462377 2.6383016 2.9170436 2.8742573 2.8954603 2.4824568 2.8954603 
HF920637_HF920637.1_00164_DNA_polymerase_2 9.0000000 0.7729627 3.7321818 4.3876696 3.7677089 3.7695401 3.7933737 1.8558762 9.0000000 0.0000000 3.7677089 1.9392091 3.7677089 3.9290381 2.1784822 0.0000010 3.3327538 3.7991180 3.8070723 3.7695401 3.7695401 3.7321818 3.7677089 3.7506775 3.9847452 4.2709636 3.9847452 3.7677089 3.7506775 3.7701766 4.9762751 3.7701766 
KC244182_MK689686.1_00029                  2.7877578 3.8292930 0.0286458 1.9202030 0.0016831 0.0084822 0.0249490 3.1903734 2.9170436 3.7677089 0.0000000 3.1176361 0.0008408 1.9784678 3.1453719 2.4192132 2.8373032 0.0293540 0.0320163 0.0076211 0.0076211 0.0286458 0.0008408 0.0242065 0.8279919 1.9595615 0.8279919 0.0000010 0.0242065 0.0084763 1.8261822 0.0084763 
KF938901_KF938901.1_00126                  1.2657760 2.0591233 3.1420693 2.9439800 3.1216017 3.1426535 3.0793365 0.4683202 1.4389665 1.9392091 3.1176361 0.0000000 3.1240331 2.6243852 1.9604828 1.6911684 2.7493643 3.1018695 3.0962355 3.1323912 3.1323912 3.1420693 3.1240331 3.1124211 3.1237277 2.6809423 3.1237277 3.1176361 3.1124211 3.1217062 3.0469512 3.1217062 
KT804738_MK689686.1_00029                  2.7748577 3.8292930 0.0277559 1.9185137 0.0008409 0.0076278 0.0240690 3.1797662 2.9033192 3.7677089 0.0008408 3.1240331 0.0000000 1.9826065 3.1488190 2.4192132 2.8315853 0.0284674 0.0311255 0.0067689 0.0067689 0.0277559 0.0000010 0.0233238 0.8294569 1.9624929 0.8294569 0.0008408 0.0233238 0.0076225 1.8335725 0.0076225 
KX643370_Lymph_LDV3_KX643370_00131         2.2597457 3.5453636 1.9504722 1.3073729 1.9900617 1.9919294 1.9485201 2.8414529 2.2086116 3.9290381 1.9784678 2.6243852 1.9826065 0.0000000 3.0341838 1.6051152 2.6310993 1.9480081 1.9479954 1.9857380 1.9857380 1.9504722 1.9826065 1.9462409 2.0490086 0.1636567 2.0490086 1.9784678 1.9462409 1.9810322 1.4065253 1.9810322 
LS484712_LS484712.1_00114                  1.8581269 2.6331738 3.1671781 3.0972161 3.1517646 3.1515353 3.1636026 2.0138412 2.0228907 2.1784822 3.1453719 1.9604828 3.1488190 3.0341838 0.0000000 2.4357780 3.5153301 3.1725823 3.1669039 3.1407642 3.1407642 3.1671781 3.1488190 3.1711832 3.1424371 3.1563990 3.1424371 3.1453719 3.1711832 3.1433408 3.0448214 3.1433408 
MF599468_MF599468.1                        1.6699654 0.0000010 2.4663238 1.8199079 2.4352924 2.4269955 2.4162162 1.7306370 1.7474565 0.0000010 2.4192132 1.6911684 2.4192132 1.6051152 2.4357780 0.0000000 8.9999982 2.4142920 2.4127447 2.4138862 2.4138862 2.4663238 2.4192132 2.4318553 2.2834593 1.5792932 2.2834593 2.4192132 2.4318553 2.4138862 2.0793404 2.4138862 
MF599468_MF599468.1_DNA_polymerase_2       1.5760088 3.3135521 2.8146330 2.6125920 2.8315853 2.8157846 2.8258104 2.8183450 1.6472526 3.3327538 2.8373032 2.7493643 2.8315853 2.6310993 3.5153301 8.9999982 0.0000000 2.8058219 2.8068117 2.8157846 2.8157846 2.8146330 2.8315853 2.8312689 2.7875199 2.7144762 2.7875199 2.8373032 2.8312689 2.8198738 2.7592060 2.8198738 
MG570131_MG570131.1_00031                  2.7434124 3.8976399 0.0312070 1.8896384 0.0293556 0.0249408 0.0153473 3.2177483 2.8625734 3.7991180 0.0293540 3.1018695 0.0284674 1.9480081 3.1725823 2.4142920 2.8058219 0.0000000 0.0033781 0.0240396 0.0240396 0.0312070 0.0284674 0.0320591 0.8317095 1.9268407 0.8317095 0.0293540 0.0320591 0.0240378 1.8405250 0.0240378 
MG570132_MG570132.1_00031                  2.7353511 3.8914751 0.0329375 1.8997801 0.0320181 0.0275831 0.0188224 3.2234039 2.8732478 3.8070723 0.0320163 3.0962355 0.0311255 1.9479954 3.1669039 2.4127447 2.8068117 0.0033781 0.0000000 0.0266753 0.0266753 0.0329375 0.0311255 0.0337888 0.8334345 1.9373645 0.8334345 0.0320163 0.0337888 0.0266732 1.8503052 0.0266732 
MK098185_MK689686.1_00029                  2.7675480 3.8320168 0.0295524 1.9085649 0.0076215 0.0008418 0.0205379 3.1913590 2.8954603 3.7695401 0.0076211 3.1323912 0.0067689 1.9857380 3.1407642 2.4138862 2.8157846 0.0240396 0.0266753 0.0000000 0.0000010 0.0295524 0.0067689 0.0268627 0.8352989 1.9655633 0.8352989 0.0076211 0.0268627 0.0025273 1.8451337 0.0025273 
MK098186_MK689686.1_00029                  2.7675480 3.8320168 0.0295524 1.9085649 0.0076215 0.0008418 0.0205379 3.1913590 2.8954603 3.7695401 0.0076211 3.1323912 0.0067689 1.9857380 3.1407642 2.4138862 2.8157846 0.0240396 0.0266753 0.0000010 0.0000000 0.0295524 0.0067689 0.0268627 0.8352989 1.9655633 0.8352989 0.0076211 0.0268627 0.0025273 1.8451337 0.0025273 
MK689685_AF371960.1_00031                  2.7875345 3.7918028 0.0000010 1.9269377 0.0286474 0.0304732 0.0302870 3.2428721 2.9000728 3.7321818 0.0286458 3.1420693 0.0277559 1.9504722 3.1671781 2.4663238 2.8146330 0.0312070 0.0329375 0.0295524 0.0295524 0.0000000 0.0277559 0.0067810 0.8217397 1.9226685 0.8217397 0.0286458 0.0067810 0.0304509 1.8620146 0.0304509 
MK689686_MK689686.1_00029                  2.7748577 3.8292930 0.0277559 1.9185137 0.0008409 0.0076278 0.0240690 3.1797662 2.9033192 3.7677089 0.0008408 3.1240331 0.0000010 1.9826065 3.1488190 2.4192132 2.8315853 0.0284674 0.0311255 0.0067689 0.0067689 0.0277559 0.0000000 0.0233238 0.8294569 1.9624929 0.8294569 0.0008408 0.0233238 0.0076225 1.8335725 0.0076225 
MN432490_AF371960.1_00031                  2.7575452 3.8331911 0.0067810 1.9158623 0.0242079 0.0277761 0.0302673 3.2161234 2.8742573 3.7506775 0.0242065 3.1124211 0.0233238 1.9462409 3.1711832 2.4318553 2.8312689 0.0320591 0.0337888 0.0268627 0.0268627 0.0067810 0.0233238 0.0000000 0.8275407 1.9185340 0.8275407 0.0242065 0.0000010 0.0277558 1.8479812 0.0277558 
MN562489_OM037668.1_00035                  2.4582541 3.9913003 0.8217397 1.8693445 0.8299040 0.8393163 0.8377319 2.9390880 2.6383016 3.9847452 0.8279919 3.1237277 0.8294569 2.0490086 3.1424371 2.2834593 2.7875199 0.8317095 0.8334345 0.8352989 0.8352989 0.8217397 0.8294569 0.8275407 0.0000000 1.9740467 0.0000010 0.8279919 0.8275407 0.8336332 1.9240731 0.8336332 
MN803438_MN803438.1_00124                  2.2327306 3.6669712 1.9226685 1.3081614 1.9698102 1.9716482 1.9283976 2.8259111 2.1462377 4.2709636 1.9595615 2.6809423 1.9624929 0.1636567 3.1563990 1.5792932 2.7144762 1.9268407 1.9373645 1.9655633 1.9655633 1.9226685 1.9624929 1.9185340 1.9740467 0.0000000 1.9740467 1.9595615 1.9185340 1.9609469 1.3966568 1.9609469 
MT521409_OM037668.1_00035                  2.4582541 3.9913003 0.8217397 1.8693445 0.8299040 0.8393163 0.8377319 2.9390880 2.6383016 3.9847452 0.8279919 3.1237277 0.8294569 2.0490086 3.1424371 2.2834593 2.7875199 0.8317095 0.8334345 0.8352989 0.8352989 0.8217397 0.8294569 0.8275407 0.0000010 1.9740467 0.0000000 0.8279919 0.8275407 0.8336332 1.9240731 0.8336332 
MT798582_MK689686.1_00029                  2.7877578 3.8292930 0.0286458 1.9202030 0.0016831 0.0084822 0.0249490 3.1903734 2.9170436 3.7677089 0.0000010 3.1176361 0.0008408 1.9784678 3.1453719 2.4192132 2.8373032 0.0293540 0.0320163 0.0076211 0.0076211 0.0286458 0.0008408 0.0242065 0.8279919 1.9595615 0.8279919 0.0000000 0.0242065 0.0084763 1.8261822 0.0084763 
MT986830_AF371960.1_00031                  2.7575452 3.8331911 0.0067810 1.9158623 0.0242079 0.0277761 0.0302673 3.2161234 2.8742573 3.7506775 0.0242065 3.1124211 0.0233238 1.9462409 3.1711832 2.4318553 2.8312689 0.0320591 0.0337888 0.0268627 0.0268627 0.0067810 0.0233238 0.0000010 0.8275407 1.9185340 0.8275407 0.0242065 0.0000000 0.0277558 1.8479812 0.0277558 
MW139932_MK689686.1_00029                  2.7675480 3.8262560 0.0304509 1.9092070 0.0084767 0.0033754 0.0179448 3.1838130 2.8954603 3.7701766 0.0084763 3.1217062 0.0076225 1.9810322 3.1433408 2.4138862 2.8198738 0.0240378 0.0266732 0.0025273 0.0025273 0.0304509 0.0076225 0.0277558 0.8336332 1.9609469 0.8336332 0.0084763 0.0277558 0.0000000 1.8457673 0.0000010 
NC_005946_NC_005946.1_00010                2.4987062 4.4426445 1.8620146 0.6833943 1.8402306 1.8506042 1.8427824 3.2144467 2.4824568 4.9762751 1.8261822 3.0469512 1.8335725 1.4065253 3.0448214 2.0793404 2.7592060 1.8405250 1.8503052 1.8451337 1.8451337 1.8620146 1.8335725 1.8479812 1.9240731 1.3966568 1.9240731 1.8261822 1.8479812 1.8457673 0.0000000 1.8457673 
OK042108_MK689686.1_00029                  2.7675480 3.8262560 0.0304509 1.9092070 0.0084767 0.0033754 0.0179448 3.1838130 2.8954603 3.7701766 0.0084763 3.1217062 0.0076225 1.9810322 3.1433408 2.4138862 2.8198738 0.0240378 0.0266732 0.0025273 0.0025273 0.0304509 0.0076225 0.0277558 0.8336332 1.9609469 0.8336332 0.0084763 0.0277558 0.0000010 1.8457673 0.0000000 
