13
AF371960_AF371960.1_00087 0.0000000 0.1167941 0.1249537 0.1758884 0.1167941 0.1899491 0.1899491 0.1249537 0.0000010 0.0326450 0.1649223 0.1174012 0.0326450 
AY894343_MK689686.1_00083 0.1167941 0.0000000 0.0166189 0.1123108 0.0000010 0.1237076 0.1237076 0.0166189 0.1167941 0.1171519 0.0938972 0.0000010 0.1171519 
BD143114_MK689686.1_00083 0.1249537 0.0166189 0.0000000 0.1187630 0.0166189 0.1368336 0.1368336 0.0000010 0.1249537 0.1188437 0.1008903 0.0168531 0.1188437 
GQ273492_ORF78R_refgen    0.1758884 0.1123108 0.1187630 0.0000000 0.1123108 0.0629348 0.0629348 0.1187630 0.1758884 0.1705667 0.0402821 0.1128763 0.1705667 
KC244182_MK689686.1_00083 0.1167941 0.0000010 0.0166189 0.1123108 0.0000000 0.1237076 0.1237076 0.0166189 0.1167941 0.1171519 0.0938972 0.0000010 0.1171519 
MG570131_MG570131.1_00082 0.1899491 0.1237076 0.1368336 0.0629348 0.1237076 0.0000000 0.0000010 0.1368336 0.1899491 0.1908752 0.0759853 0.1255908 0.1908752 
MG570132_MG570132.1_00082 0.1899491 0.1237076 0.1368336 0.0629348 0.1237076 0.0000010 0.0000000 0.1368336 0.1899491 0.1908752 0.0759853 0.1255908 0.1908752 
MK098185_MK689686.1_00083 0.1249537 0.0166189 0.0000010 0.1187630 0.0166189 0.1368336 0.1368336 0.0000000 0.1249537 0.1188437 0.1008903 0.0168531 0.1188437 
MK689685_AF371960.1_00087 0.0000010 0.1167941 0.1249537 0.1758884 0.1167941 0.1899491 0.1899491 0.1249537 0.0000000 0.0326450 0.1649223 0.1174012 0.0326450 
MN432490_AF371960.1_00087 0.0326450 0.1171519 0.1188437 0.1705667 0.1171519 0.1908752 0.1908752 0.1188437 0.0326450 0.0000000 0.1663316 0.1183799 0.0000010 
OK042109_MK689686.1_00083 0.1649223 0.0938972 0.1008903 0.0402821 0.0938972 0.0759853 0.0759853 0.1008903 0.1649223 0.1663316 0.0000000 0.0943654 0.1663316 
ON743042_MK689686.1_00083 0.1174012 0.0000010 0.0168531 0.1128763 0.0000010 0.1255908 0.1255908 0.0168531 0.1174012 0.1183799 0.0943654 0.0000000 0.1183799 
OP009387_AF371960.1_00087 0.0326450 0.1171519 0.1188437 0.1705667 0.1171519 0.1908752 0.1908752 0.1188437 0.0326450 0.0000010 0.1663316 0.1183799 0.0000000 
