17
MW883603_Megalocytivirus_pagrus1_ISKNV 0.0000000 0.1314135 0.0223941 0.1654866 0.1272091 0.0000010 0.1272091 0.0223941 0.1226655 0.1347335 0.0036924 0.1347335 0.1313395 0.1262837 0.1313395 0.0036945 0.1654866 
MK098185_Megalocytivirus_pagrus1_RSIV  0.1314135 0.0000000 0.1453419 0.1667987 0.0037051 0.1314135 0.0037051 0.1453419 0.1232947 0.0301015 0.1355832 0.0301015 0.0074183 0.0224853 0.0074183 0.1356585 0.1667987 
MW883595_Megalocytivirus_pagrus1_ISKNV 0.0223941 0.1453419 0.0000000 0.1780250 0.1410550 0.0223941 0.1410550 0.0000010 0.1436760 0.1486494 0.0261591 0.1486494 0.1452584 0.1400290 0.1452584 0.0261741 0.1780250 
MG570131_Megalocytivirus_pagrus1_TRBIV 0.1654866 0.1667987 0.1780250 0.0000000 0.1624676 0.1654866 0.1624676 0.1780250 0.0760156 0.1760090 0.1611406 0.1760090 0.1667018 0.1714447 0.1667018 0.1698586 0.0000010 
ON740976_Megalocytivirus_pagrus1_RSIV  0.1272091 0.0037051 0.1410550 0.1624676 0.0000000 0.1272091 0.0000010 0.1410550 0.1191392 0.0262962 0.1313649 0.0262962 0.0037033 0.0187075 0.0037033 0.1314380 0.1624676 
MW883593_Megalocytivirus_pagrus1_ISKNV 0.0000010 0.1314135 0.0223941 0.1654866 0.1272091 0.0000000 0.1272091 0.0223941 0.1226655 0.1347335 0.0036924 0.1347335 0.1313395 0.1262837 0.1313395 0.0036945 0.1654866 
OQ475017_Megalocytivirus_pagrus1_RSIV  0.1272091 0.0037051 0.1410550 0.1624676 0.0000010 0.1272091 0.0000000 0.1410550 0.1191392 0.0262962 0.1313649 0.0262962 0.0037033 0.0187075 0.0037033 0.1314380 0.1624676 
OP009387_Megalocytivirus_pagrus1_ISKNV 0.0223941 0.1453419 0.0000010 0.1780250 0.1410550 0.0223941 0.1410550 0.0000000 0.1436760 0.1486494 0.0261591 0.1486494 0.1452584 0.1400290 0.1452584 0.0261741 0.1780250 
GQ273492_Megalocytivirus_pagrus1_TRBIV 0.1226655 0.1232947 0.1436760 0.0760156 0.1191392 0.1226655 0.1191392 0.1436760 0.0000000 0.1234056 0.1267946 0.1234056 0.1232261 0.1150272 0.1232261 0.1268652 0.0760156 
AP017456_Megalocytivirus_pagrus1_RSIV  0.1347335 0.0301015 0.1486494 0.1760090 0.0262962 0.1347335 0.0262962 0.1486494 0.1234056 0.0000000 0.1388921 0.0000010 0.0300863 0.0074223 0.0300863 0.1389686 0.1760090 
MK689685_Megalocytivirus_pagrus1_ISKNV 0.0036924 0.1355832 0.0261591 0.1611406 0.1313649 0.0036924 0.1313649 0.0261591 0.1267946 0.1388921 0.0000000 0.1388921 0.1355065 0.1304116 0.1355065 0.0073979 0.1611406 
MT986830_Megalocytivirus_pagrus1_ISKNV 0.1347335 0.0301015 0.1486494 0.1760090 0.0262962 0.1347335 0.0262962 0.1486494 0.1234056 0.0000010 0.1388921 0.0000000 0.0300863 0.0074223 0.0300863 0.1389686 0.1760090 
MK098186_Megalocytivirus_pagrus1_RSIV  0.1313395 0.0074183 0.1452584 0.1667018 0.0037033 0.1313395 0.0037033 0.1452584 0.1232261 0.0300863 0.1355065 0.0300863 0.0000000 0.0224740 0.0000010 0.1355818 0.1667018 
MW883598_Megalocytivirus_pagrus1_RSIV  0.1262837 0.0224853 0.1400290 0.1714447 0.0187075 0.1262837 0.0187075 0.1400290 0.1150272 0.0074223 0.1304116 0.0074223 0.0224740 0.0000000 0.0224740 0.1304839 0.1714447 
MK098187_Megalocytivirus_pagrus1_RSIV  0.1313395 0.0074183 0.1452584 0.1667018 0.0037033 0.1313395 0.0037033 0.1452584 0.1232261 0.0300863 0.1355065 0.0300863 0.0000010 0.0224740 0.0000000 0.1355818 0.1667018 
MW883606_Megalocytivirus_pagrus1_ISKNV 0.0036945 0.1356585 0.0261741 0.1698586 0.1314380 0.0036945 0.1314380 0.0261741 0.1268652 0.1389686 0.0073979 0.1389686 0.1355818 0.1304839 0.1355818 0.0000000 0.1698586 
MG570132_Megalocytivirus_pagrus1_TRBIV 0.1654866 0.1667987 0.1780250 0.0000010 0.1624676 0.1654866 0.1624676 0.1780250 0.0760156 0.1760090 0.1611406 0.1760090 0.1667018 0.1714447 0.1667018 0.1698586 0.0000000 
