21
AF303741_AF303741.1_00051 0.0000000 2.7097441 2.6281667 2.6281667 2.7210189 1.6373658 0.8518105 2.6281667 1.5344888 2.6571725 2.6571725 2.6281667 2.6281667 2.7097441 2.8037368 3.0321162 3.0321162 2.7097441 2.8037368 2.6281667 2.8037368 
AF371960_AF371960.1_00065 2.7097441 0.0000000 0.0388144 0.0433554 0.0476381 2.7640863 4.0482061 0.0388144 2.8991350 0.0477330 0.0455251 0.0433554 0.0455483 0.0000010 0.0084198 1.1101519 1.1101519 0.0020883 0.0105627 0.0410723 0.0084198 
AY894343_MK689686.1_00063 2.6281667 0.0388144 0.0000000 0.0126198 0.0297253 2.7945421 3.9238812 0.0000010 2.9226035 0.0297841 0.0276334 0.0126198 0.0147312 0.0388144 0.0387954 1.0985051 1.0985051 0.0410356 0.0390316 0.0020881 0.0387954 
BD143114_MK689686.1_00063 2.6281667 0.0433554 0.0126198 0.0000000 0.0298390 2.7945421 3.9238812 0.0126198 2.9226035 0.0254773 0.0233345 0.0000010 0.0020887 0.0433554 0.0433345 1.0990525 1.0990525 0.0455956 0.0435983 0.0147588 0.0433345 
GQ273492_GQ273492.1_00064 2.7210189 0.0476381 0.0297253 0.0298390 0.0000000 2.7826012 3.9936869 0.0297253 2.8519674 0.0169164 0.0147893 0.0298390 0.0319883 0.0476381 0.0476157 1.1028080 1.1028080 0.0498827 0.0479038 0.0297602 0.0476157 
HF920633_HF920633.1_00047 1.6373658 2.7640863 2.7945421 2.7945421 2.7826012 0.0000000 1.8134125 2.7945421 0.4452619 2.7982453 2.8021154 2.7945421 2.7945421 2.7640863 2.7860422 2.6583114 2.6583114 2.7640863 2.7860422 2.7945421 2.7860422 
HF920637_HF920637.1_00156 0.8518105 4.0482061 3.9238812 3.9238812 3.9936869 1.8134125 0.0000000 3.9238812 1.4817274 4.0293829 3.9638808 3.9238812 3.9238812 4.0482061 4.0552538 3.2359227 3.2359227 4.0482061 4.0552538 3.9238812 4.0552538 
KC244182_MK689686.1_00063 2.6281667 0.0388144 0.0000010 0.0126198 0.0297253 2.7945421 3.9238812 0.0000000 2.9226035 0.0297841 0.0276334 0.0126198 0.0147312 0.0388144 0.0387954 1.0985051 1.0985051 0.0410356 0.0390316 0.0020881 0.0387954 
KF938901_KF938901.1_00093 1.5344888 2.8991350 2.9226035 2.9226035 2.8519674 0.4452619 1.4817274 2.9226035 0.0000000 2.9272420 2.9272420 2.9226035 2.9226035 2.8991350 2.9466255 2.8850922 2.8850922 2.8991350 2.9466255 2.9226035 2.9466255 
MG570131_MG570131.1_00064 2.6571725 0.0477330 0.0297841 0.0254773 0.0169164 2.7982453 4.0293829 0.0297841 2.9272420 0.0000000 0.0020932 0.0254773 0.0276156 0.0477330 0.0477105 1.0975186 1.0975186 0.0499821 0.0479997 0.0298191 0.0477105 
MG570132_MG570132.1_00064 2.6571725 0.0455251 0.0276334 0.0233345 0.0147893 2.8021154 3.9638808 0.0276334 2.9272420 0.0020932 0.0000000 0.0233345 0.0254699 0.0455251 0.0455034 1.0954268 1.0954268 0.0477688 0.0457798 0.0276658 0.0455034 
MK098185_MK689686.1_00063 2.6281667 0.0433554 0.0126198 0.0000010 0.0298390 2.7945421 3.9238812 0.0126198 2.9226035 0.0254773 0.0233345 0.0000000 0.0020887 0.0433554 0.0433345 1.0990525 1.0990525 0.0455956 0.0435983 0.0147588 0.0433345 
MK098187_MK689686.1_00063 2.6281667 0.0455483 0.0147312 0.0020887 0.0319883 2.7945421 3.9238812 0.0147312 2.9226035 0.0276156 0.0254699 0.0020887 0.0000000 0.0455483 0.0455266 1.1006931 1.1006931 0.0477932 0.0458032 0.0168766 0.0455266 
MK689685_AF371960.1_00065 2.7097441 0.0000010 0.0388144 0.0433554 0.0476381 2.7640863 4.0482061 0.0388144 2.8991350 0.0477330 0.0455251 0.0433554 0.0455483 0.0000000 0.0084198 1.1101519 1.1101519 0.0020883 0.0105627 0.0410723 0.0084198 
MN432490_AF371960.1_00065 2.8037368 0.0084198 0.0387954 0.0433345 0.0476157 2.7860422 4.0552538 0.0387954 2.9466255 0.0477105 0.0455034 0.0433345 0.0455266 0.0084198 0.0000000 1.1187092 1.1187092 0.0105411 0.0020959 0.0410524 0.0000010 
MN562489_OM037668.1_00024 3.0321162 1.1101519 1.0985051 1.0990525 1.1028080 2.6583114 3.2359227 1.0985051 2.8850922 1.0975186 1.0954268 1.0990525 1.1006931 1.1101519 1.1187092 0.0000000 0.0000010 1.1129790 1.1194067 1.0947645 1.1187092 
MT521409_OM037668.1_00024 3.0321162 1.1101519 1.0985051 1.0990525 1.1028080 2.6583114 3.2359227 1.0985051 2.8850922 1.0975186 1.0954268 1.0990525 1.1006931 1.1101519 1.1187092 0.0000010 0.0000000 1.1129790 1.1194067 1.0947645 1.1187092 
MT926123_AF371960.1_00065 2.7097441 0.0020883 0.0410356 0.0455956 0.0498827 2.7640863 4.0482061 0.0410356 2.8991350 0.0499821 0.0477688 0.0455956 0.0477932 0.0020883 0.0105411 1.1129790 1.1129790 0.0000000 0.0126950 0.0433026 0.0105411 
MT986830_AF371960.1_00065 2.8037368 0.0105627 0.0390316 0.0435983 0.0479038 2.7860422 4.0552538 0.0390316 2.9466255 0.0479997 0.0457798 0.0435983 0.0458032 0.0105627 0.0020959 1.1194067 1.1194067 0.0126950 0.0000000 0.0413022 0.0020959 
OK042109_MK689686.1_00063 2.6281667 0.0410723 0.0020881 0.0147588 0.0297602 2.7945421 3.9238812 0.0020881 2.9226035 0.0298191 0.0276658 0.0147588 0.0168766 0.0410723 0.0410524 1.0947645 1.0947645 0.0433026 0.0413022 0.0000000 0.0410524 
OP009387_AF371960.1_00065 2.8037368 0.0084198 0.0387954 0.0433345 0.0476157 2.7860422 4.0552538 0.0387954 2.9466255 0.0477105 0.0455034 0.0433345 0.0455266 0.0084198 0.0000010 1.1187092 1.1187092 0.0105411 0.0020959 0.0410524 0.0000000 
