30
MK637631_European_chub_iridovirus_ECIV                   0.0000000 2.2769242 2.2775581 2.2769242 2.2526982 2.2526982 2.2481917 1.0326221 2.2817471 2.2817471 2.2406763 2.2515106 2.2460390 2.4406859 2.2775581 2.2461588 2.2461588 1.0326221 2.3145760 2.2633836 2.2633836 2.2544430 2.2481917 2.2497422 2.2406763 2.2645691 2.2598816 2.2515106 2.2497422 2.2598816 
KT804738_Megalocytivirus_pagrus1_RSIV                    2.2769242 0.0000000 0.0158162 0.0000010 0.0525993 0.0525993 0.0538917 2.2365672 0.0145819 0.0145819 0.0643353 0.0538799 0.0538611 0.9057442 0.0158162 0.0551707 0.0551707 2.2365672 0.0492783 0.0538795 0.0538795 0.0538799 0.0538917 0.0539253 0.0643353 0.0538724 0.0538905 0.0538799 0.0539253 0.0538905 
OL774653_Megalocytivirus_pagrus1_RSIV                    2.2775581 0.0158162 0.0000000 0.0158162 0.0490218 0.0490218 0.0503153 2.2327442 0.0024181 0.0024181 0.0621716 0.0503044 0.0502868 0.9014731 0.0000010 0.0515964 0.0515964 2.2327442 0.0671054 0.0503037 0.0503037 0.0503044 0.0503153 0.0503468 0.0621716 0.0516733 0.0503142 0.0503044 0.0503468 0.0503142 
ON743042_Megalocytivirus_pagrus1_RSIV                    2.2769242 0.0000010 0.0158162 0.0000000 0.0525993 0.0525993 0.0538917 2.2365672 0.0145819 0.0145819 0.0643353 0.0538799 0.0538611 0.9057442 0.0158162 0.0551707 0.0551707 2.2365672 0.0492783 0.0538795 0.0538795 0.0538799 0.0538917 0.0539253 0.0643353 0.0538724 0.0538905 0.0538799 0.0539253 0.0538905 
23043610003_Megalocytivirus_pagrus1_ISKNV                2.2526982 0.0525993 0.0490218 0.0525993 0.0000000 0.0000010 0.0060421 2.2027487 0.0490600 0.0490600 0.0666663 0.0012050 0.0012046 0.8991008 0.0490218 0.0072541 0.0072541 2.2027487 0.1088731 0.0012049 0.0012049 0.0012050 0.0060421 0.0012060 0.0666663 0.0560743 0.0012052 0.0012050 0.0012060 0.0012052 
MW883603_Megalocytivirus_pagrus1_ISKNV                   2.2526982 0.0525993 0.0490218 0.0525993 0.0000010 0.0000000 0.0060421 2.2027487 0.0490600 0.0490600 0.0666663 0.0012050 0.0012046 0.8991008 0.0490218 0.0072541 0.0072541 2.2027487 0.1088731 0.0012049 0.0012049 0.0012050 0.0060421 0.0012060 0.0666663 0.0560743 0.0012052 0.0012050 0.0012060 0.0012052 
MN432490_Megalocytivirus_pagrus1_ISKNV                   2.2481917 0.0538917 0.0503153 0.0538917 0.0060421 0.0060421 0.0000000 2.1966173 0.0503545 0.0503545 0.0665654 0.0072545 0.0072521 0.8922223 0.0503153 0.0012031 0.0012031 2.1966173 0.1092251 0.0072539 0.0072539 0.0048313 0.0000010 0.0072603 0.0665654 0.0559901 0.0072558 0.0072545 0.0072603 0.0072558 
MN562489_Megalocytivirus_lates1_SDDV                     1.0326221 2.2365672 2.2327442 2.2365672 2.2027487 2.2027487 2.1966173 0.0000000 2.2356740 2.2356740 2.2104982 2.2015590 2.1961811 2.5136708 2.2327442 2.1961042 2.1961042 0.0000010 2.3323286 2.2132802 2.2132802 2.2033239 2.1966173 2.2124376 2.2104982 2.2207603 2.2098307 2.2015590 2.2124376 2.2098307 
MK098187_Megalocytivirus_pagrus1_RSIV                    2.2817471 0.0145819 0.0024181 0.0145819 0.0490600 0.0490600 0.0503545 2.2356740 0.0000000 0.0000010 0.0648336 0.0503435 0.0503259 0.9026892 0.0024181 0.0516366 0.0516366 2.2356740 0.0656864 0.0503428 0.0503428 0.0503435 0.0503545 0.0503861 0.0648336 0.0542976 0.0503534 0.0503435 0.0503861 0.0503534 
BD143114_Megalocytivirus_pagrus1_RSIV                    2.2817471 0.0145819 0.0024181 0.0145819 0.0490600 0.0490600 0.0503545 2.2356740 0.0000010 0.0000000 0.0648336 0.0503435 0.0503259 0.9026892 0.0024181 0.0516366 0.0516366 2.2356740 0.0656864 0.0503428 0.0503428 0.0503435 0.0503545 0.0503861 0.0648336 0.0542976 0.0503534 0.0503435 0.0503861 0.0503534 
MG570132_Megalocytivirus_pagrus1_TRBIV                   2.2406763 0.0643353 0.0621716 0.0643353 0.0666663 0.0666663 0.0665654 2.2104982 0.0648336 0.0648336 0.0000000 0.0679739 0.0679500 0.9002841 0.0621716 0.0678669 0.0678669 2.2104982 0.1207339 0.0679751 0.0679751 0.0679739 0.0665654 0.0680324 0.0000010 0.0232650 0.0679878 0.0679739 0.0680324 0.0679878 
OR536350_Megalocytivirus_pagrus1_ISKNV                   2.2515106 0.0538799 0.0503044 0.0538799 0.0012050 0.0012050 0.0072545 2.2015590 0.0503435 0.0503435 0.0679739 0.0000000 0.0024106 0.8976152 0.0503044 0.0084678 0.0084678 2.2015590 0.1102993 0.0024112 0.0024112 0.0024114 0.0072545 0.0024133 0.0679739 0.0573684 0.0024118 0.0000010 0.0024133 0.0024118 
ON212400_Megalocytivirus_pagrus1_ISKNV                   2.2460390 0.0538611 0.0502868 0.0538611 0.0012046 0.0012046 0.0072521 2.1961811 0.0503259 0.0503259 0.0679500 0.0024106 0.0000000 0.9013875 0.0502868 0.0084649 0.0084649 2.1961811 0.1102584 0.0024103 0.0024103 0.0024106 0.0072521 0.0024125 0.0679500 0.0573483 0.0024110 0.0024106 0.0024125 0.0024110 
PQ335173_PQ335174_Threespine_stickleback_iridovirus_TSIV 2.4406859 0.9057442 0.9014731 0.9057442 0.8991008 0.8991008 0.8922223 2.5136708 0.9026892 0.9026892 0.9002841 0.8976152 0.9013875 0.0000000 0.9014731 0.8947851 0.8947851 2.5136708 1.0207755 0.9030035 0.9030035 0.8976152 0.8922223 0.9007999 0.9002841 0.8996746 0.9021508 0.8976152 0.9007999 0.9021508 
MW139932_Megalocytivirus_pagrus1_RSIV                    2.2775581 0.0158162 0.0000010 0.0158162 0.0490218 0.0490218 0.0503153 2.2327442 0.0024181 0.0024181 0.0621716 0.0503044 0.0502868 0.9014731 0.0000000 0.0515964 0.0515964 2.2327442 0.0671054 0.0503037 0.0503037 0.0503044 0.0503153 0.0503468 0.0621716 0.0516733 0.0503142 0.0503044 0.0503468 0.0503142 
PP974677_Megalocytivirus_pagrus1_ISKNV                   2.2461588 0.0551707 0.0515964 0.0551707 0.0072541 0.0072541 0.0012031 2.1961042 0.0516366 0.0516366 0.0678669 0.0084678 0.0084649 0.8947851 0.0515964 0.0000000 0.0000010 2.1961042 0.1097070 0.0084671 0.0084671 0.0060421 0.0012031 0.0084745 0.0678669 0.0572787 0.0084693 0.0084678 0.0084745 0.0084693 
MT986830_Megalocytivirus_pagrus1_ISKNV                   2.2461588 0.0551707 0.0515964 0.0551707 0.0072541 0.0072541 0.0012031 2.1961042 0.0516366 0.0516366 0.0678669 0.0084678 0.0084649 0.8947851 0.0515964 0.0000010 0.0000000 2.1961042 0.1097070 0.0084671 0.0084671 0.0060421 0.0012031 0.0084745 0.0678669 0.0572787 0.0084693 0.0084678 0.0084745 0.0084693 
MT521409_Megalocytivirus_lates1_SDDV                     1.0326221 2.2365672 2.2327442 2.2365672 2.2027487 2.2027487 2.1966173 0.0000010 2.2356740 2.2356740 2.2104982 2.2015590 2.1961811 2.5136708 2.2327442 2.1961042 2.1961042 0.0000000 2.3323286 2.2132802 2.2132802 2.2033239 2.1966173 2.2124376 2.2104982 2.2207603 2.2098307 2.2015590 2.2124376 2.2098307 
AY894343_Megalocytivirus_pagrus1_RSIV                    2.3145760 0.0492783 0.0671054 0.0492783 0.1088731 0.1088731 0.1092251 2.3323286 0.0656864 0.0656864 0.1207339 0.1102993 0.1102584 1.0207755 0.0671054 0.1097070 0.1097070 2.3323286 0.0000000 0.1103102 0.1103102 0.1102993 0.1092251 0.1088731 0.1207339 0.1089182 0.1103251 0.1102993 0.1088731 0.1103251 
OQ513807_Megalocytivirus_pagrus1_ISKNV                   2.2633836 0.0538795 0.0503037 0.0538795 0.0012049 0.0012049 0.0072539 2.2132802 0.0503428 0.0503428 0.0679751 0.0024112 0.0024103 0.9030035 0.0503037 0.0084671 0.0084671 2.2132802 0.1103102 0.0000000 0.0000010 0.0024112 0.0072539 0.0024131 0.0679751 0.0573683 0.0024116 0.0024112 0.0024131 0.0024116 
OR670976_Megalocytivirus_pagrus1_ISKNV                   2.2633836 0.0538795 0.0503037 0.0538795 0.0012049 0.0012049 0.0072539 2.2132802 0.0503428 0.0503428 0.0679751 0.0024112 0.0024103 0.9030035 0.0503037 0.0084671 0.0084671 2.2132802 0.1103102 0.0000010 0.0000000 0.0024112 0.0072539 0.0024131 0.0679751 0.0573683 0.0024116 0.0024112 0.0024131 0.0024116 
PP151097_Megalocytivirus_pagrus1_ISKNV                   2.2544430 0.0538799 0.0503044 0.0538799 0.0012050 0.0012050 0.0048313 2.2033239 0.0503435 0.0503435 0.0679739 0.0024114 0.0024106 0.8976152 0.0503044 0.0060421 0.0060421 2.2033239 0.1102993 0.0024112 0.0024112 0.0000000 0.0048313 0.0024133 0.0679739 0.0573684 0.0024118 0.0024114 0.0024133 0.0024118 
MW883595_Megalocytivirus_pagrus1_ISKNV                   2.2481917 0.0538917 0.0503153 0.0538917 0.0060421 0.0060421 0.0000010 2.1966173 0.0503545 0.0503545 0.0665654 0.0072545 0.0072521 0.8922223 0.0503153 0.0012031 0.0012031 2.1966173 0.1092251 0.0072539 0.0072539 0.0048313 0.0000000 0.0072603 0.0665654 0.0559901 0.0072558 0.0072545 0.0072603 0.0072558 
MT128667_Megalocytivirus_pagrus1_ISKNV                   2.2497422 0.0539253 0.0503468 0.0539253 0.0012060 0.0012060 0.0072603 2.2124376 0.0503861 0.0503861 0.0680324 0.0024133 0.0024125 0.9007999 0.0503468 0.0084745 0.0084745 2.2124376 0.1088731 0.0024131 0.0024131 0.0024133 0.0072603 0.0000000 0.0680324 0.0574173 0.0024137 0.0024133 0.0000010 0.0024137 
MG570131_Megalocytivirus_pagrus1_TRBIV                   2.2406763 0.0643353 0.0621716 0.0643353 0.0666663 0.0666663 0.0665654 2.2104982 0.0648336 0.0648336 0.0000010 0.0679739 0.0679500 0.9002841 0.0621716 0.0678669 0.0678669 2.2104982 0.1207339 0.0679751 0.0679751 0.0679739 0.0665654 0.0680324 0.0000000 0.0232650 0.0679878 0.0679739 0.0680324 0.0679878 
GQ273492_Megalocytivirus_pagrus1_TRBIV                   2.2645691 0.0538724 0.0516733 0.0538724 0.0560743 0.0560743 0.0559901 2.2207603 0.0542976 0.0542976 0.0232650 0.0573684 0.0573483 0.8996746 0.0516733 0.0572787 0.0572787 2.2207603 0.1089182 0.0573683 0.0573683 0.0573684 0.0559901 0.0574173 0.0232650 0.0000000 0.0573798 0.0573684 0.0574173 0.0573798 
MW883596_Megalocytivirus_pagrus1_ISKNV                   2.2598816 0.0538905 0.0503142 0.0538905 0.0012052 0.0012052 0.0072558 2.2098307 0.0503534 0.0503534 0.0679878 0.0024118 0.0024110 0.9021508 0.0503142 0.0084693 0.0084693 2.2098307 0.1103251 0.0024116 0.0024116 0.0024118 0.0072558 0.0024137 0.0679878 0.0573798 0.0000000 0.0024118 0.0024137 0.0000010 
MW883600_Megalocytivirus_pagrus1_ISKNV                   2.2515106 0.0538799 0.0503044 0.0538799 0.0012050 0.0012050 0.0072545 2.2015590 0.0503435 0.0503435 0.0679739 0.0000010 0.0024106 0.8976152 0.0503044 0.0084678 0.0084678 2.2015590 0.1102993 0.0024112 0.0024112 0.0024114 0.0072545 0.0024133 0.0679739 0.0573684 0.0024118 0.0000000 0.0024133 0.0024118 
MT128666_Megalocytivirus_pagrus1_ISKNV                   2.2497422 0.0539253 0.0503468 0.0539253 0.0012060 0.0012060 0.0072603 2.2124376 0.0503861 0.0503861 0.0680324 0.0024133 0.0024125 0.9007999 0.0503468 0.0084745 0.0084745 2.2124376 0.1088731 0.0024131 0.0024131 0.0024133 0.0072603 0.0000010 0.0680324 0.0574173 0.0024137 0.0024133 0.0000000 0.0024137 
MW883597_Megalocytivirus_pagrus1_ISKNV                   2.2598816 0.0538905 0.0503142 0.0538905 0.0012052 0.0012052 0.0072558 2.2098307 0.0503534 0.0503534 0.0679878 0.0024118 0.0024110 0.9021508 0.0503142 0.0084693 0.0084693 2.2098307 0.1103251 0.0024116 0.0024116 0.0024118 0.0072558 0.0024137 0.0679878 0.0573798 0.0000010 0.0024118 0.0024137 0.0000000 
