29
MCV_ML1_SDDV_MN562489_1_MCV_ML1_SDDV_MN562489.1_00089         0.0000000 0.0000010 0.0000010 0.0000010 2.5830359 2.4822778 2.5157515 2.4785576 2.4754888 2.5830359 2.4984204 2.4873650 2.4763022 2.4873650 2.4873650 2.5157515 2.4762111 2.4762111 2.5118707 2.5157515 2.5157515 2.4194340 2.4194340 2.5966325 2.6264224 2.6661581 2.6661581 2.4580469 2.4873650 
MCV_ML1_SDDV_MT521409_1_MCV_ML1_SDDV_MT521409.1_00090         0.0000010 0.0000000 0.0000010 0.0000010 2.5830359 2.4822778 2.5157515 2.4785576 2.4754888 2.5830359 2.4984204 2.4873650 2.4763022 2.4873650 2.4873650 2.5157515 2.4762111 2.4762111 2.5118707 2.5157515 2.5157515 2.4194340 2.4194340 2.5966325 2.6264224 2.6661581 2.6661581 2.4580469 2.4873650 
MCV_ML1_SDDV_NC_027778_1_MCV_ML1_SDDV_NC_027778.1_00070       0.0000010 0.0000010 0.0000000 0.0000010 2.5830359 2.4822778 2.5157515 2.4785576 2.4754888 2.5830359 2.4984204 2.4873650 2.4763022 2.4873650 2.4873650 2.5157515 2.4762111 2.4762111 2.5118707 2.5157515 2.5157515 2.4194340 2.4194340 2.5966325 2.6264224 2.6661581 2.6661581 2.4580469 2.4873650 
MCV_ML1_SDDV_OM037668_1_MCV_ML1_SDDV_OM037668.1_00048         0.0000010 0.0000010 0.0000010 0.0000000 2.5830359 2.4822778 2.5157515 2.4785576 2.4754888 2.5830359 2.4984204 2.4873650 2.4763022 2.4873650 2.4873650 2.5157515 2.4762111 2.4762111 2.5118707 2.5157515 2.5157515 2.4194340 2.4194340 2.5966325 2.6264224 2.6661581 2.6661581 2.4580469 2.4873650 
MCV_MP1_BCFI_MN432490_1_MCV_MP1_BCFI_MN432490.1_00025         2.5830359 2.5830359 2.5830359 2.5830359 0.0000000 0.0141733 0.0839085 0.0120842 0.0141435 0.0000010 0.0901848 0.0847851 0.0847851 0.0847851 0.0847851 0.0837565 0.0847851 0.0847851 0.0837751 0.0837565 0.0839085 0.0756748 0.0756748 0.0019203 0.0995376 0.1108419 0.1108419 0.0782568 0.0847851 
MCV_MP1_BCFI_MT926123_1_MCV_MP1_BCFI_MT926123.1_00024         2.4822778 2.4822778 2.4822778 2.4822778 0.0141733 0.0000000 0.0758706 0.0019550 0.0039242 0.0141733 0.0795775 0.0742148 0.0742148 0.0742148 0.0742148 0.0757317 0.0742148 0.0742148 0.0757460 0.0757317 0.0758706 0.0742148 0.0742148 0.0120904 0.0864348 0.0965102 0.0965102 0.0726988 0.0742148 
MCV_MP1_GSPI_KT804738_1_MCV_MP1_GSPI_KT804738.1_00023         2.5157515 2.5157515 2.5157515 2.5157515 0.0839085 0.0758706 0.0000000 0.0731538 0.0757199 0.0839085 0.0273958 0.0232606 0.0232606 0.0232606 0.0232606 0.0000010 0.0192701 0.0192701 0.0055131 0.0000010 0.0000010 0.0175795 0.0175795 0.0840268 0.0952695 0.1143064 0.1143064 0.0297749 0.0232606 
MCV_MP1_ISKNV_AF371960_1_MCV_MP1_ISKNV_AF371960.1_00023       2.4785576 2.4785576 2.4785576 2.4785576 0.0120842 0.0019550 0.0731538 0.0000000 0.0019508 0.0120842 0.0768613 0.0715439 0.0715439 0.0715439 0.0715439 0.0730207 0.0715439 0.0715439 0.0730334 0.0730207 0.0731538 0.0715439 0.0715439 0.0100220 0.0836680 0.0936564 0.0936564 0.0700078 0.0715439 
MCV_MP1_ISKNV_MK689685_1_MCV_MP1_ISKNV_MK689685.1_00023       2.4754888 2.4754888 2.4754888 2.4754888 0.0141435 0.0039242 0.0757199 0.0019508 0.0000000 0.0141435 0.0794227 0.0740685 0.0740685 0.0740685 0.0740685 0.0755815 0.0740685 0.0740685 0.0755957 0.0755815 0.0757199 0.0740685 0.0740685 0.0120650 0.0862700 0.0963310 0.0963310 0.0725532 0.0740685 
MCV_MP1_LBUSV_OP009387_1_MCV_MP1_LBUSV_OP009387.1_00025       2.5830359 2.5830359 2.5830359 2.5830359 0.0000010 0.0141733 0.0839085 0.0120842 0.0141435 0.0000000 0.0901848 0.0847851 0.0847851 0.0847851 0.0847851 0.0837565 0.0847851 0.0847851 0.0837751 0.0837565 0.0839085 0.0756748 0.0756748 0.0019203 0.0995376 0.1108419 0.1108419 0.0782568 0.0847851 
MCV_MP1_LYCI_AY779031_1_MCV_MP1_LYCI_AY779031.1_00025         2.4984204 2.4984204 2.4984204 2.4984204 0.0901848 0.0795775 0.0273958 0.0768613 0.0794227 0.0901848 0.0000000 0.0054675 0.0073283 0.0054675 0.0055071 0.0351358 0.0055472 0.0055472 0.0331837 0.0351358 0.0273958 0.0056292 0.0056292 0.0903091 0.1062800 0.1266245 0.1266245 0.0171295 0.0055071 
MCV_MP1_LYCI_MW139932_1_MCV_MP1_LYCI_MW139932.1_00025         2.4873650 2.4873650 2.4873650 2.4873650 0.0847851 0.0742148 0.0232606 0.0715439 0.0740685 0.0847851 0.0054675 0.0000000 0.0018149 0.0000010 0.0000010 0.0309387 0.0000010 0.0000010 0.0290053 0.0309387 0.0232606 0.0000010 0.0000010 0.0849033 0.1006831 0.1208590 0.1208590 0.0113171 0.0000010 
MCV_MP1_LYCI_OL774653_1_MCV_MP1_LYCI_OL774653.1_00041         2.4763022 2.4763022 2.4763022 2.4763022 0.0847851 0.0742148 0.0232606 0.0715439 0.0740685 0.0847851 0.0073283 0.0018149 0.0000000 0.0018149 0.0018280 0.0347832 0.0018413 0.0018413 0.0290053 0.0347832 0.0232606 0.0018682 0.0018682 0.0849033 0.1006831 0.1208590 0.1208590 0.0111708 0.0018280 
MCV_MP1_LYCI_OL774654_1_MCV_MP1_LYCI_OL774654.1_00024         2.4873650 2.4873650 2.4873650 2.4873650 0.0847851 0.0742148 0.0232606 0.0715439 0.0740685 0.0847851 0.0054675 0.0000010 0.0018149 0.0000000 0.0000010 0.0309387 0.0000010 0.0000010 0.0290053 0.0309387 0.0232606 0.0000010 0.0000010 0.0849033 0.1006831 0.1208590 0.1208590 0.0113171 0.0000010 
MCV_MP1_LYCI_OL774655_1_MCV_MP1_LYCI_OL774655.1_00024         2.4873650 2.4873650 2.4873650 2.4873650 0.0847851 0.0742148 0.0232606 0.0715439 0.0740685 0.0847851 0.0055071 0.0000010 0.0018280 0.0000010 0.0000000 0.0271856 0.0000010 0.0000010 0.0290053 0.0271856 0.0232606 0.0000010 0.0000010 0.0849033 0.1006831 0.1208590 0.1208590 0.0114020 0.0000010 
MCV_MP1_OSGI_AY894343_1_MCV_MP1_OSGI_AY894343.1_00023         2.5157515 2.5157515 2.5157515 2.5157515 0.0837565 0.0757317 0.0000010 0.0730207 0.0755815 0.0837565 0.0351358 0.0309387 0.0347832 0.0309387 0.0271856 0.0000000 0.0269280 0.0269280 0.0054931 0.0000010 0.0000010 0.0253434 0.0253434 0.0838744 0.0952695 0.1143064 0.1143064 0.0373998 0.0271856 
MCV_MP1_PI_MK098185_1_MCV_MP1_PI_MK098185.1_00024             2.4762111 2.4762111 2.4762111 2.4762111 0.0847851 0.0742148 0.0192701 0.0715439 0.0740685 0.0847851 0.0055472 0.0000010 0.0018413 0.0000010 0.0000010 0.0269280 0.0000000 0.0000010 0.0250019 0.0269280 0.0192701 0.0000010 0.0000010 0.0849033 0.0985958 0.1172296 0.1172296 0.0114880 0.0000010 
MCV_MP1_PI_MK098186_1_MCV_MP1_PI_MK098186.1_00024             2.4762111 2.4762111 2.4762111 2.4762111 0.0847851 0.0742148 0.0192701 0.0715439 0.0740685 0.0847851 0.0055472 0.0000010 0.0018413 0.0000010 0.0000010 0.0269280 0.0000010 0.0000000 0.0250019 0.0269280 0.0192701 0.0000010 0.0000010 0.0849033 0.0985958 0.1172296 0.1172296 0.0114880 0.0000010 
MCV_MP1_RBIV_AY532606_1_MCV_MP1_RBIV_AY532606.1_00022         2.5118707 2.5118707 2.5118707 2.5118707 0.0837751 0.0757460 0.0055131 0.0730334 0.0755957 0.0837751 0.0331837 0.0290053 0.0290053 0.0290053 0.0290053 0.0054931 0.0250019 0.0250019 0.0000000 0.0054931 0.0055131 0.0233919 0.0233919 0.0838931 0.1002452 0.1194298 0.1194298 0.0356436 0.0290053 
MCV_MP1_RBIV_KC244182_1_MCV_MP1_RBIV_KC244182.1_00024         2.5157515 2.5157515 2.5157515 2.5157515 0.0837565 0.0757317 0.0000010 0.0730207 0.0755815 0.0837565 0.0351358 0.0309387 0.0347832 0.0309387 0.0271856 0.0000010 0.0269280 0.0269280 0.0054931 0.0000000 0.0000010 0.0253434 0.0253434 0.0838744 0.0952695 0.1143064 0.1143064 0.0373998 0.0271856 
MCV_MP1_RSIV_OK042109_1_MCV_MP1_RSIV_OK042109.1_00052         2.5157515 2.5157515 2.5157515 2.5157515 0.0839085 0.0758706 0.0000010 0.0731538 0.0757199 0.0839085 0.0273958 0.0232606 0.0232606 0.0232606 0.0232606 0.0000010 0.0192701 0.0192701 0.0055131 0.0000010 0.0000000 0.0175795 0.0175795 0.0840268 0.0952695 0.1143064 0.1143064 0.0297749 0.0232606 
MCV_MP1_RSIV_ON740976_1_MCV_MP1_RSIV_ON740976.1_00023         2.4194340 2.4194340 2.4194340 2.4194340 0.0756748 0.0742148 0.0175795 0.0715439 0.0740685 0.0756748 0.0056292 0.0000010 0.0018682 0.0000010 0.0000010 0.0253434 0.0000010 0.0000010 0.0233919 0.0253434 0.0175795 0.0000000 0.0000010 0.0757837 0.0921088 0.1133575 0.1133575 0.0116641 0.0000010 
MCV_MP1_RSIV_ON743042_1_MCV_MP1_RSIV_ON743042.1_00024         2.4194340 2.4194340 2.4194340 2.4194340 0.0756748 0.0742148 0.0175795 0.0715439 0.0740685 0.0756748 0.0056292 0.0000010 0.0018682 0.0000010 0.0000010 0.0253434 0.0000010 0.0000010 0.0233919 0.0253434 0.0175795 0.0000010 0.0000000 0.0757837 0.0921088 0.1133575 0.1133575 0.0116641 0.0000010 
MCV_MP1_SKIV_MT986830_1_MCV_MP1_SKIV_MT986830.1_00024         2.5966325 2.5966325 2.5966325 2.5966325 0.0019203 0.0120904 0.0840268 0.0100220 0.0120650 0.0019203 0.0903091 0.0849033 0.0849033 0.0849033 0.0849033 0.0838744 0.0849033 0.0849033 0.0838931 0.0838744 0.0840268 0.0757837 0.0757837 0.0000000 0.1022890 0.1136565 0.1136565 0.0808697 0.0849033 
MCV_MP1_TRBIV_GQ273492_1_MCV_MP1_TRBIV_GQ273492.1_00024       2.6264224 2.6264224 2.6264224 2.6264224 0.0995376 0.0864348 0.0952695 0.0836680 0.0862700 0.0995376 0.1062800 0.1006831 0.1006831 0.1006831 0.1006831 0.0952695 0.0985958 0.0985958 0.1002452 0.0952695 0.0952695 0.0921088 0.0921088 0.1022890 0.0000000 0.0393952 0.0393952 0.0846296 0.1006831 
MCV_Unclassified_MG570131_1_MCV_Unclassified_MG570131.1_00025 2.6661581 2.6661581 2.6661581 2.6661581 0.1108419 0.0965102 0.1143064 0.0936564 0.0963310 0.1108419 0.1266245 0.1208590 0.1208590 0.1208590 0.1208590 0.1143064 0.1172296 0.1172296 0.1194298 0.1143064 0.1143064 0.1133575 0.1133575 0.1136565 0.0393952 0.0000000 0.0000010 0.1169611 0.1208590 
MCV_Unclassified_MG570132_1_MCV_Unclassified_MG570132.1_00025 2.6661581 2.6661581 2.6661581 2.6661581 0.1108419 0.0965102 0.1143064 0.0936564 0.0963310 0.1108419 0.1266245 0.1208590 0.1208590 0.1208590 0.1208590 0.1143064 0.1172296 0.1172296 0.1194298 0.1143064 0.1143064 0.1133575 0.1133575 0.1136565 0.0393952 0.0000010 0.0000000 0.1169611 0.1208590 
MCV_Unclassified_OQ475017_1_MCV_Unclassified_OQ475017.1_00024 2.4580469 2.4580469 2.4580469 2.4580469 0.0782568 0.0726988 0.0297749 0.0700078 0.0725532 0.0782568 0.0171295 0.0113171 0.0111708 0.0113171 0.0114020 0.0373998 0.0114880 0.0114880 0.0356436 0.0373998 0.0297749 0.0116641 0.0116641 0.0808697 0.0846296 0.1169611 0.1169611 0.0000000 0.0114020 
MCV_Unlassified_OL310752_1_MCV_Unlassified_OL310752.1_00002   2.4873650 2.4873650 2.4873650 2.4873650 0.0847851 0.0742148 0.0232606 0.0715439 0.0740685 0.0847851 0.0055071 0.0000010 0.0018280 0.0000010 0.0000010 0.0271856 0.0000010 0.0000010 0.0290053 0.0271856 0.0232606 0.0000010 0.0000010 0.0849033 0.1006831 0.1208590 0.1208590 0.0114020 0.0000000 
