14
AF371960_AF371960.1_00100 0.0000000 0.0561785 0.0391928 0.0625132 0.0561785 0.0739976 0.0739976 0.0391928 0.0000010 0.0279094 0.7507078 0.7507078 0.0279094 0.0399421 
AY894343_MK689686.1_00097 0.0561785 0.0000000 0.0166654 0.0572975 0.0000010 0.0801479 0.0801479 0.0166654 0.0561785 0.0620460 0.7602373 0.7602373 0.0620460 0.0169816 
BD143114_MK689686.1_00097 0.0391928 0.0166654 0.0000000 0.0454109 0.0166654 0.0627560 0.0627560 0.0000010 0.0391928 0.0449706 0.7604656 0.7604656 0.0449706 0.0000010 
GQ273492_GQ273492.1_00096 0.0625132 0.0572975 0.0454109 0.0000000 0.0572975 0.0452654 0.0452654 0.0454109 0.0625132 0.0804181 0.8109386 0.8109386 0.0804181 0.0462923 
KC244182_MK689686.1_00097 0.0561785 0.0000010 0.0166654 0.0572975 0.0000000 0.0801479 0.0801479 0.0166654 0.0561785 0.0620460 0.7602373 0.7602373 0.0620460 0.0169816 
MG570131_MG570131.1_00096 0.0739976 0.0801479 0.0627560 0.0452654 0.0801479 0.0000000 0.0000010 0.0627560 0.0739976 0.0920550 0.7822449 0.7822449 0.0920550 0.0580864 
MG570132_MG570132.1_00096 0.0739976 0.0801479 0.0627560 0.0452654 0.0801479 0.0000010 0.0000000 0.0627560 0.0739976 0.0920550 0.7822449 0.7822449 0.0920550 0.0580864 
MK098185_MK689686.1_00097 0.0391928 0.0166654 0.0000010 0.0454109 0.0166654 0.0627560 0.0627560 0.0000000 0.0391928 0.0449706 0.7604656 0.7604656 0.0449706 0.0000010 
MK689685_AF371960.1_00100 0.0000010 0.0561785 0.0391928 0.0625132 0.0561785 0.0739976 0.0739976 0.0391928 0.0000000 0.0279094 0.7507078 0.7507078 0.0279094 0.0399421 
MN432490_AF371960.1_00100 0.0279094 0.0620460 0.0449706 0.0804181 0.0620460 0.0920550 0.0920550 0.0449706 0.0279094 0.0000000 0.7271254 0.7271254 0.0000010 0.0399942 
MN562489_OM037668.1_00033 0.7507078 0.7602373 0.7604656 0.8109386 0.7602373 0.7822449 0.7822449 0.7604656 0.7507078 0.7271254 0.0000000 0.0000010 0.7271254 0.7595946 
MT521409_OM037668.1_00033 0.7507078 0.7602373 0.7604656 0.8109386 0.7602373 0.7822449 0.7822449 0.7604656 0.7507078 0.7271254 0.0000010 0.0000000 0.7271254 0.7595946 
MT986830_AF371960.1_00100 0.0279094 0.0620460 0.0449706 0.0804181 0.0620460 0.0920550 0.0920550 0.0449706 0.0279094 0.0000010 0.7271254 0.7271254 0.0000000 0.0399942 
ON740976_MK689686.1_00097 0.0399421 0.0169816 0.0000010 0.0462923 0.0169816 0.0580864 0.0580864 0.0000010 0.0399421 0.0399942 0.7595946 0.7595946 0.0399942 0.0000000 
