23
MK098187_Megalocytivirus_pagrus1_RSIV                    0.0000000 0.0476975 1.6832212 0.0369181 0.0369181 0.0102991 0.0000010 0.0369123 1.6799435 0.0369123 1.6799435 0.0113489 0.0102991 0.0553519 0.0092645 0.0144358 0.0155505 0.6363755 0.0144358 0.0092644 0.0553519 0.0165193 0.0379929 
GQ273492_Megalocytivirus_pagrus1_TRBIV                   0.0476975 0.0000000 1.7146760 0.0526003 0.0526003 0.0486549 0.0476975 0.0483412 1.7113454 0.0483412 1.7113454 0.0498006 0.0486549 0.0408883 0.0475738 0.0325706 0.0543045 0.6473094 0.0325706 0.0475732 0.0408883 0.0325622 0.0536817 
OM037668_Megalocytivirus_lates1_SDDV                     1.6832212 1.7146760 0.0000000 1.6912075 1.6912075 1.6937279 1.6832212 1.6832723 0.0010664 1.6832723 0.0010664 1.6937279 1.6937279 1.7144749 1.6912126 1.6867108 1.7268284 1.8828986 1.6867108 1.6941320 1.7144749 1.6882821 1.6912075 
NC_003494_Megalocytivirus_pagrus1_ISKNV                  0.0369181 0.0526003 1.6912075 0.0000000 0.0000010 0.0412216 0.0369181 0.0082208 1.6879246 0.0082208 1.6879246 0.0423526 0.0412216 0.0570764 0.0401456 0.0441413 0.0468127 0.6233364 0.0441413 0.0401452 0.0570764 0.0441645 0.0010226 
MW883597_Megalocytivirus_pagrus1_ISKNV                   0.0369181 0.0526003 1.6912075 0.0000010 0.0000000 0.0412216 0.0369181 0.0082208 1.6879246 0.0082208 1.6879246 0.0423526 0.0412216 0.0570764 0.0401456 0.0441413 0.0468127 0.6233364 0.0441413 0.0401452 0.0570764 0.0441645 0.0010226 
MK689686_Megalocytivirus_pagrus1_RSIV                    0.0102991 0.0486549 1.6937279 0.0412216 0.0412216 0.0000000 0.0102991 0.0390677 1.6904407 0.0390677 1.6904407 0.0010257 0.0000010 0.0575499 0.0010242 0.0207027 0.0051529 0.6356123 0.0207027 0.0010243 0.0575499 0.0228023 0.0423008 
AB104413_Megalocytivirus_pagrus1_RSIV                    0.0000010 0.0476975 1.6832212 0.0369181 0.0369181 0.0102991 0.0000000 0.0369123 1.6799435 0.0369123 1.6799435 0.0113489 0.0102991 0.0553519 0.0092645 0.0144358 0.0155505 0.6363755 0.0144358 0.0092644 0.0553519 0.0165193 0.0379929 
MT986830_Megalocytivirus_pagrus1_ISKNV                   0.0369123 0.0483412 1.6832723 0.0082208 0.0082208 0.0390677 0.0369123 0.0000000 1.6799941 0.0000010 1.6799941 0.0401939 0.0390677 0.0527935 0.0379938 0.0419946 0.0446392 0.6259452 0.0419946 0.0379934 0.0527935 0.0420167 0.0092535 
MN562489_Megalocytivirus_lates1_SDDV                     1.6799435 1.7113454 0.0010664 1.6879246 1.6879246 1.6904407 1.6799435 1.6799941 0.0000000 1.6799941 0.0000010 1.6904407 1.6904407 1.7111476 1.6879269 1.6834253 1.7234885 1.8793782 1.6834253 1.6908445 1.7111476 1.6849939 1.6879246 
MW883595_Megalocytivirus_pagrus1_ISKNV                   0.0369123 0.0483412 1.6832723 0.0082208 0.0082208 0.0390677 0.0369123 0.0000010 1.6799941 0.0000000 1.6799941 0.0401939 0.0390677 0.0527935 0.0379938 0.0419946 0.0446392 0.6259452 0.0419946 0.0379934 0.0527935 0.0420167 0.0092535 
MT521409_Megalocytivirus_lates1_SDDV                     1.6799435 1.7113454 0.0010664 1.6879246 1.6879246 1.6904407 1.6799435 1.6799941 0.0000010 1.6799941 0.0000000 1.6904407 1.6904407 1.7111476 1.6879269 1.6834253 1.7234885 1.8793782 1.6834253 1.6908445 1.7111476 1.6849939 1.6879246 
ON740976_Megalocytivirus_pagrus1_RSIV                    0.0113489 0.0498006 1.6937279 0.0423526 0.0423526 0.0010257 0.0113489 0.0401939 1.6904407 0.0401939 1.6904407 0.0000000 0.0010257 0.0587196 0.0020521 0.0217760 0.0061944 0.6356123 0.0217760 0.0020522 0.0587196 0.0238807 0.0434343 
ON075463_Megalocytivirus_pagrus1_RSIV                    0.0102991 0.0486549 1.6937279 0.0412216 0.0412216 0.0000010 0.0102991 0.0390677 1.6904407 0.0390677 1.6904407 0.0010257 0.0000000 0.0575499 0.0010242 0.0207027 0.0051529 0.6356123 0.0207027 0.0010243 0.0575499 0.0228023 0.0423008 
MG570131_Megalocytivirus_pagrus1_TRBIV                   0.0553519 0.0408883 1.7144749 0.0570764 0.0570764 0.0575499 0.0553519 0.0527935 1.7111476 0.0527935 1.7111476 0.0587196 0.0575499 0.0000000 0.0564566 0.0475258 0.0633003 0.6553125 0.0475258 0.0564560 0.0000010 0.0485282 0.0571357 
OK042108_Megalocytivirus_pagrus1_RSIV                    0.0092645 0.0475738 1.6912126 0.0401456 0.0401456 0.0010242 0.0092645 0.0379938 1.6879269 0.0379938 1.6879269 0.0020521 0.0010242 0.0564566 0.0000000 0.0196577 0.0061859 0.6336251 0.0196577 0.0020494 0.0564566 0.0217550 0.0412238 
MW139932_Megalocytivirus_pagrus1_RSIV                    0.0144358 0.0325706 1.6867108 0.0441413 0.0441413 0.0207027 0.0144358 0.0419946 1.6834253 0.0419946 1.6834253 0.0217760 0.0207027 0.0475258 0.0196577 0.0000000 0.0260496 0.6463984 0.0000010 0.0196575 0.0475258 0.0061504 0.0452170 
KC244182_Megalocytivirus_pagrus1_RSIV                    0.0155505 0.0543045 1.7268284 0.0468127 0.0468127 0.0051529 0.0155505 0.0446392 1.7234885 0.0446392 1.7234885 0.0061944 0.0051529 0.0633003 0.0061859 0.0260496 0.0000000 0.6471306 0.0260496 0.0061861 0.0633003 0.0281700 0.0479020 
PQ335173_PQ335174_Threespine_stickleback_iridovirus_TSIV 0.6363755 0.6473094 1.8828986 0.6233364 0.6233364 0.6356123 0.6363755 0.6259452 1.8793782 0.6259452 1.8793782 0.6356123 0.6356123 0.6553125 0.6336251 0.6463984 0.6471306 0.0000000 0.6463984 0.6364314 0.6553125 0.6448624 0.6211376 
OL774654_Megalocytivirus_pagrus1_RSIV                    0.0144358 0.0325706 1.6867108 0.0441413 0.0441413 0.0207027 0.0144358 0.0419946 1.6834253 0.0419946 1.6834253 0.0217760 0.0207027 0.0475258 0.0196577 0.0000010 0.0260496 0.6463984 0.0000000 0.0196575 0.0475258 0.0061504 0.0452170 
MW883598_Megalocytivirus_pagrus1_RSIV                    0.0092644 0.0475732 1.6941320 0.0401452 0.0401452 0.0010243 0.0092644 0.0379934 1.6908445 0.0379934 1.6908445 0.0020522 0.0010243 0.0564560 0.0020494 0.0196575 0.0061861 0.6364314 0.0196575 0.0000000 0.0564560 0.0217547 0.0412233 
MG570132_Megalocytivirus_pagrus1_TRBIV                   0.0553519 0.0408883 1.7144749 0.0570764 0.0570764 0.0575499 0.0553519 0.0527935 1.7111476 0.0527935 1.7111476 0.0587196 0.0575499 0.0000010 0.0564566 0.0475258 0.0633003 0.6553125 0.0475258 0.0564560 0.0000000 0.0485282 0.0571357 
OQ475017_Megalocytivirus_pagrus1_RSIV                    0.0165193 0.0325622 1.6882821 0.0441645 0.0441645 0.0228023 0.0165193 0.0420167 1.6849939 0.0420167 1.6849939 0.0238807 0.0228023 0.0485282 0.0217550 0.0061504 0.0281700 0.6448624 0.0061504 0.0217547 0.0485282 0.0000000 0.0452408 
ON212400_Megalocytivirus_pagrus1_ISKNV                   0.0379929 0.0536817 1.6912075 0.0010226 0.0010226 0.0423008 0.0379929 0.0092535 1.6879246 0.0092535 1.6879246 0.0434343 0.0423008 0.0571357 0.0412238 0.0452170 0.0479020 0.6211376 0.0452170 0.0412233 0.0571357 0.0452408 0.0000000 
