24
MK637631_European_chub_iridovirus_ECIV                   0.0000000 1.8823022 1.8965749 1.0404731 1.8564590 1.8564590 1.8706905 1.8823022 1.8554551 1.0413602 1.8554551 1.0413602 1.8706905 1.8706905 1.9000236 1.8655761 1.8806471 1.8889994 2.0796951 1.8806471 1.8684557 1.9000236 1.8673442 1.8527407 
MK098187_Megalocytivirus_pagrus1_RSIV                    1.8823022 0.0000000 0.0477119 1.6969784 0.0369278 0.0369278 0.0102996 0.0000010 0.0369213 1.6936740 0.0369213 1.6936740 0.0113497 0.0102996 0.0553689 0.0092650 0.0144368 0.0155522 0.6389447 0.0144368 0.0092649 0.0553689 0.0165207 0.0380031 
GQ273492_Megalocytivirus_pagrus1_TRBIV                   1.8965749 0.0477119 0.0000000 1.7288791 0.0526125 0.0526125 0.0486688 0.0477119 0.0483513 1.7255204 0.0483513 1.7255204 0.0498158 0.0486688 0.0408963 0.0475872 0.0325783 0.0543226 0.6499179 0.0325783 0.0475866 0.0408963 0.0325696 0.0536945 
OM037668_Megalocytivirus_lates1_SDDV                     1.0404731 1.6969784 1.7288791 0.0000000 1.7049886 1.7049886 1.7076024 1.6969784 1.6969162 0.0010662 1.6969162 0.0010662 1.7076024 1.7076024 1.7286095 1.7050540 1.7005305 1.7411776 1.8995700 1.7005305 1.7080089 1.7286095 1.7021372 1.7049886 
NC_003494_Megalocytivirus_pagrus1_ISKNV                  1.8564590 0.0369278 0.0526125 1.7049886 0.0000000 0.0000010 0.0412329 0.0369278 0.0082210 1.7016789 0.0082210 1.7016789 0.0423651 0.0412329 0.0570905 0.0401566 0.0441514 0.0468278 0.6258340 0.0441514 0.0401560 0.0570905 0.0441750 0.0010224 
MW883597_Megalocytivirus_pagrus1_ISKNV                   1.8564590 0.0369278 0.0526125 1.7049886 0.0000010 0.0000000 0.0412329 0.0369278 0.0082210 1.7016789 0.0082210 1.7016789 0.0423651 0.0412329 0.0570905 0.0401566 0.0441514 0.0468278 0.6258340 0.0441514 0.0401560 0.0570905 0.0441750 0.0010224 
MK689686_Megalocytivirus_pagrus1_RSIV                    1.8706905 0.0102996 0.0486688 1.7076024 0.0412329 0.0412329 0.0000000 0.0102996 0.0390776 1.7042883 0.0390776 1.7042883 0.0010256 0.0000010 0.0575682 0.0010241 0.0207049 0.0051527 0.6381647 0.0207049 0.0010242 0.0575682 0.0228051 0.0423127 
AB104413_Megalocytivirus_pagrus1_RSIV                    1.8823022 0.0000010 0.0477119 1.6969784 0.0369278 0.0369278 0.0102996 0.0000000 0.0369213 1.6936740 0.0369213 1.6936740 0.0113497 0.0102996 0.0553689 0.0092650 0.0144368 0.0155522 0.6389447 0.0144368 0.0092649 0.0553689 0.0165207 0.0380031 
MT986830_Megalocytivirus_pagrus1_ISKNV                   1.8554551 0.0369213 0.0483513 1.6969162 0.0082210 0.0082210 0.0390776 0.0369213 0.0000000 1.6936113 0.0000010 1.6936113 0.0402048 0.0390776 0.0528053 0.0380034 0.0420034 0.0446527 0.6284476 0.0420034 0.0380028 0.0528053 0.0420258 0.0092538 
MN562489_Megalocytivirus_lates1_SDDV                     1.0413602 1.6936740 1.7255204 0.0010662 1.7016789 1.7016789 1.7042883 1.6936740 1.6936113 0.0000000 1.6936113 0.0000010 1.7042883 1.7042883 1.7252544 1.7017414 1.6972180 1.7378096 1.8960125 1.6972180 1.7046944 1.7252544 1.6988220 1.7016789 
MW883595_Megalocytivirus_pagrus1_ISKNV                   1.8554551 0.0369213 0.0483513 1.6969162 0.0082210 0.0082210 0.0390776 0.0369213 0.0000010 1.6936113 0.0000000 1.6936113 0.0402048 0.0390776 0.0528053 0.0380034 0.0420034 0.0446527 0.6284476 0.0420034 0.0380028 0.0528053 0.0420258 0.0092538 
MT521409_Megalocytivirus_lates1_SDDV                     1.0413602 1.6936740 1.7255204 0.0010662 1.7016789 1.7016789 1.7042883 1.6936740 1.6936113 0.0000010 1.6936113 0.0000000 1.7042883 1.7042883 1.7252544 1.7017414 1.6972180 1.7378096 1.8960125 1.6972180 1.7046944 1.7252544 1.6988220 1.7016789 
ON740976_Megalocytivirus_pagrus1_RSIV                    1.8706905 0.0113497 0.0498158 1.7076024 0.0423651 0.0423651 0.0010256 0.0113497 0.0402048 1.7042883 0.0402048 1.7042883 0.0000000 0.0010256 0.0587393 0.0020519 0.0217788 0.0061942 0.6381647 0.0217788 0.0020520 0.0587393 0.0238841 0.0434473 
ON075463_Megalocytivirus_pagrus1_RSIV                    1.8706905 0.0102996 0.0486688 1.7076024 0.0412329 0.0412329 0.0000010 0.0102996 0.0390776 1.7042883 0.0390776 1.7042883 0.0010256 0.0000000 0.0575682 0.0010241 0.0207049 0.0051527 0.6381647 0.0207049 0.0010242 0.0575682 0.0228051 0.0423127 
MG570131_Megalocytivirus_pagrus1_TRBIV                   1.9000236 0.0553689 0.0408963 1.7286095 0.0570905 0.0570905 0.0575682 0.0553689 0.0528053 1.7252544 0.0528053 1.7252544 0.0587393 0.0575682 0.0000000 0.0564745 0.0475374 0.0633235 0.6580164 0.0475374 0.0564736 0.0000010 0.0485398 0.0571503 
OK042108_Megalocytivirus_pagrus1_RSIV                    1.8655761 0.0092650 0.0475872 1.7050540 0.0401566 0.0401566 0.0010241 0.0092650 0.0380034 1.7017414 0.0380034 1.7017414 0.0020519 0.0010241 0.0564745 0.0000000 0.0196598 0.0061856 0.6361714 0.0196598 0.0020491 0.0564745 0.0217576 0.0412353 
MW139932_Megalocytivirus_pagrus1_RSIV                    1.8806471 0.0144368 0.0325783 1.7005305 0.0441514 0.0441514 0.0207049 0.0144368 0.0420034 1.6972180 0.0420034 1.6972180 0.0217788 0.0207049 0.0475374 0.0196598 0.0000000 0.0260537 0.6490037 0.0000010 0.0196595 0.0475374 0.0061497 0.0452276 
KC244182_Megalocytivirus_pagrus1_RSIV                    1.8889994 0.0155522 0.0543226 1.7411776 0.0468278 0.0468278 0.0051527 0.0155522 0.0446527 1.7378096 0.0446527 1.7378096 0.0061942 0.0051527 0.0633235 0.0061856 0.0260537 0.0000000 0.6497613 0.0260537 0.0061858 0.0633235 0.0281749 0.0479177 
PQ335173_PQ335174_Threespine_stickleback_iridovirus_TSIV 2.0796951 0.6389447 0.6499179 1.8995700 0.6258340 0.6258340 0.6381647 0.6389447 0.6284476 1.8960125 0.6284476 1.8960125 0.6381647 0.6381647 0.6580164 0.6361714 0.6490037 0.6497613 0.0000000 0.6490037 0.6389861 0.6580164 0.6474569 0.6236277 
OL774654_Megalocytivirus_pagrus1_RSIV                    1.8806471 0.0144368 0.0325783 1.7005305 0.0441514 0.0441514 0.0207049 0.0144368 0.0420034 1.6972180 0.0420034 1.6972180 0.0217788 0.0207049 0.0475374 0.0196598 0.0000010 0.0260537 0.6490037 0.0000000 0.0196595 0.0475374 0.0061497 0.0452276 
MW883598_Megalocytivirus_pagrus1_RSIV                    1.8684557 0.0092649 0.0475866 1.7080089 0.0401560 0.0401560 0.0010242 0.0092649 0.0380028 1.7046944 0.0380028 1.7046944 0.0020520 0.0010242 0.0564736 0.0020491 0.0196595 0.0061858 0.6389861 0.0196595 0.0000000 0.0564736 0.0217573 0.0412347 
MG570132_Megalocytivirus_pagrus1_TRBIV                   1.9000236 0.0553689 0.0408963 1.7286095 0.0570905 0.0570905 0.0575682 0.0553689 0.0528053 1.7252544 0.0528053 1.7252544 0.0587393 0.0575682 0.0000010 0.0564745 0.0475374 0.0633235 0.6580164 0.0475374 0.0564736 0.0000000 0.0485398 0.0571503 
OQ475017_Megalocytivirus_pagrus1_RSIV                    1.8673442 0.0165207 0.0325696 1.7021372 0.0441750 0.0441750 0.0228051 0.0165207 0.0420258 1.6988220 0.0420258 1.6988220 0.0238841 0.0228051 0.0485398 0.0217576 0.0061497 0.0281749 0.6474569 0.0061497 0.0217573 0.0485398 0.0000000 0.0452518 
ON212400_Megalocytivirus_pagrus1_ISKNV                   1.8527407 0.0380031 0.0536945 1.7049886 0.0010224 0.0010224 0.0423127 0.0380031 0.0092538 1.7016789 0.0092538 1.7016789 0.0434473 0.0423127 0.0571503 0.0412353 0.0452276 0.0479177 0.6236277 0.0452276 0.0412347 0.0571503 0.0452518 0.0000000 
