14
AF371960_AF371960.1_00014 0.0000000 0.0302754 0.0401639 0.0507707 0.0302754 0.0721044 0.0826037 0.0401639 0.0000010 0.0200179 1.2388057 1.2388057 0.0403777 0.0200179 
AY894343_MK689686.1_00013 0.0302754 0.0000000 0.0404964 0.0511945 0.0000010 0.0727128 0.0833005 0.0404964 0.0302754 0.0303941 1.2542653 1.2542653 0.0302019 0.0303941 
BD143114_MK689686.1_00013 0.0401639 0.0404964 0.0000000 0.0507574 0.0404964 0.0720869 0.0825845 0.0000010 0.0401639 0.0403200 1.2118226 1.2118226 0.0100309 0.0403200 
GQ273492_GQ273492.1_00014 0.0507707 0.0511945 0.0507574 0.0000000 0.0511945 0.0202153 0.0303913 0.0507574 0.0507707 0.0509709 1.2809955 1.2809955 0.0614504 0.0509709 
KC244182_MK689686.1_00013 0.0302754 0.0000010 0.0404964 0.0511945 0.0000000 0.0727128 0.0833005 0.0404964 0.0302754 0.0303941 1.2542653 1.2542653 0.0302019 0.0303941 
MG570131_MG570131.1_00015 0.0721044 0.0727128 0.0720869 0.0202153 0.0727128 0.0000000 0.0099608 0.0720869 0.0721044 0.0723961 1.3065385 1.3065385 0.0831252 0.0723961 
MG570132_MG570132.1_00015 0.0826037 0.0833005 0.0825845 0.0303913 0.0833005 0.0099608 0.0000000 0.0825845 0.0826037 0.0829396 1.3071839 1.3071839 0.0937427 0.0829396 
MK098185_MK689686.1_00013 0.0401639 0.0404964 0.0000010 0.0507574 0.0404964 0.0720869 0.0825845 0.0000000 0.0401639 0.0403200 1.2118226 1.2118226 0.0100309 0.0403200 
MK689685_AF371960.1_00014 0.0000010 0.0302754 0.0401639 0.0507707 0.0302754 0.0721044 0.0826037 0.0401639 0.0000000 0.0200179 1.2388057 1.2388057 0.0403777 0.0200179 
MN432490_AF371960.1_00014 0.0200179 0.0303941 0.0403200 0.0509709 0.0303941 0.0723961 0.0829396 0.0403200 0.0200179 0.0000000 1.2376750 1.2376750 0.0405365 0.0000010 
MN562489_OM037668.1_00005 1.2388057 1.2542653 1.2118226 1.2809955 1.2542653 1.3065385 1.3071839 1.2118226 1.2388057 1.2376750 0.0000000 0.0000010 1.2092739 1.2376750 
MT521409_OM037668.1_00005 1.2388057 1.2542653 1.2118226 1.2809955 1.2542653 1.3065385 1.3071839 1.2118226 1.2388057 1.2376750 0.0000010 0.0000000 1.2092739 1.2376750 
ON743042_MK689686.1_00013 0.0403777 0.0302019 0.0100309 0.0614504 0.0302019 0.0831252 0.0937427 0.0100309 0.0403777 0.0405365 1.2092739 1.2092739 0.0000000 0.0405365 
OP009387_AF371960.1_00014 0.0200179 0.0303941 0.0403200 0.0509709 0.0303941 0.0723961 0.0829396 0.0403200 0.0200179 0.0000010 1.2376750 1.2376750 0.0405365 0.0000000 
