35
MK637631_European_chub_iridovirus_ECIV                   0.0000000 1.2302223 1.2313634 1.2645308 1.2645308 1.2335193 1.2302223 1.2483635 1.2313634 1.2655693 2.1621450 1.2401808 2.3941692 1.2365788 0.6064293 3.3599964 1.2307817 1.2365788 1.2556485 1.2307817 0.6047839 2.0658411 2.2219816 2.5416196 1.2426257 1.2401808 1.2484109 3.8324593 1.2700489 1.2483635 1.4456124 3.0491839 2.5687675 2.9235323 0.6069670 
MT926123_Megalocytivirus_pagrus1_ISKNV                   1.2302223 0.0000000 0.0640968 0.0605057 0.0605057 0.0679331 0.0000010 0.0032764 0.0640968 0.0729969 2.0341217 0.0031963 2.1064314 0.0679331 1.1666290 2.9469277 0.0198299 0.0679331 0.0839883 0.0198299 1.1666290 1.6736725 1.8492068 2.2285776 0.0679331 0.0031963 0.0237053 3.2165205 0.0682510 0.0032764 0.5761923 2.7371633 2.2914580 2.8770273 1.1678326 
MG570132_Megalocytivirus_pagrus1_TRBIV                   1.2313634 0.0640968 0.0000000 0.0813394 0.0813394 0.0862989 0.0640968 0.0688077 0.0000010 0.0803726 1.9966435 0.0676426 2.0692880 0.0862989 1.1462249 2.8150311 0.0671539 0.0862989 0.0720314 0.0671539 1.1462249 1.7229632 1.8730120 2.2243345 0.0791055 0.0676426 0.0718769 3.1788986 0.0763143 0.0688077 0.5491470 2.7175566 2.2746257 2.9805006 1.1473877 
AB104413_Megalocytivirus_pagrus1_RSIV                    1.2645308 0.0605057 0.0813394 0.0000000 0.0000010 0.0292462 0.0605057 0.0651584 0.0813394 0.0301550 2.0424612 0.0640350 2.1049938 0.0292462 1.1343569 2.9099906 0.0742989 0.0292462 0.1026198 0.0742989 1.1343569 1.7171806 1.8772750 2.2522355 0.0295487 0.0640350 0.0791403 3.2262111 0.0298577 0.0651584 0.5694304 2.7276055 2.2803798 2.9332784 1.1354977 
MW139932_Megalocytivirus_pagrus1_RSIV                    1.2645308 0.0605057 0.0813394 0.0000010 0.0000000 0.0292462 0.0605057 0.0651584 0.0813394 0.0301550 2.0424612 0.0640350 2.1049938 0.0292462 1.1343569 2.9099906 0.0742989 0.0292462 0.1026198 0.0742989 1.1343569 1.7171806 1.8772750 2.2522355 0.0295487 0.0640350 0.0791403 3.2262111 0.0298577 0.0651584 0.5694304 2.7276055 2.2803798 2.9332784 1.1354977 
OK042108_Megalocytivirus_pagrus1_RSIV                    1.2335193 0.0679331 0.0862989 0.0292462 0.0292462 0.0000000 0.0679331 0.0727306 0.0862989 0.0065581 2.0702618 0.0715157 2.1055380 0.0000010 1.1337059 2.9843135 0.0782830 0.0000010 0.1034144 0.0782830 1.1337059 1.6627888 1.8249280 2.2253412 0.0000010 0.0715157 0.0832025 3.2734197 0.0000010 0.0727306 0.5875675 2.7367040 2.2536295 2.9392895 1.1348372 
AF371960_Megalocytivirus_pagrus1_ISKNV                   1.2302223 0.0000010 0.0640968 0.0605057 0.0605057 0.0679331 0.0000000 0.0032764 0.0640968 0.0729969 2.0341217 0.0031963 2.1064314 0.0679331 1.1666290 2.9469277 0.0198299 0.0679331 0.0839883 0.0198299 1.1666290 1.6736725 1.8492068 2.2285776 0.0679331 0.0031963 0.0237053 3.2165205 0.0682510 0.0032764 0.5761923 2.7371633 2.2914580 2.8770273 1.1678326 
OP896201_Megalocytivirus_pagrus1_ISKNV                   1.2483635 0.0032764 0.0688077 0.0651584 0.0651584 0.0727306 0.0032764 0.0000000 0.0688077 0.0680247 2.0676520 0.0065653 2.1408733 0.0727306 1.1642563 2.9590992 0.0237053 0.0727306 0.0891097 0.0237053 1.1642563 1.7004032 1.8566630 2.2206369 0.0727306 0.0065653 0.0197817 3.1943977 0.0730761 0.0000010 0.5864206 2.7478162 2.2829305 2.8612496 1.1654558 
MG570131_Megalocytivirus_pagrus1_TRBIV                   1.2313634 0.0640968 0.0000010 0.0813394 0.0813394 0.0862989 0.0640968 0.0688077 0.0000000 0.0803726 1.9966435 0.0676426 2.0692880 0.0862989 1.1462249 2.8150311 0.0671539 0.0862989 0.0720314 0.0671539 1.1462249 1.7229632 1.8730120 2.2243345 0.0791055 0.0676426 0.0718769 3.1788986 0.0763143 0.0688077 0.5491470 2.7175566 2.2746257 2.9805006 1.1473877 
ON743042_Megalocytivirus_pagrus1_RSIV                    1.2655693 0.0729969 0.0803726 0.0301550 0.0301550 0.0065581 0.0729969 0.0680247 0.0803726 0.0000000 2.1047191 0.0766505 2.1403290 0.0065581 1.1354658 2.9682002 0.0844033 0.0065581 0.1104148 0.0844033 1.1354658 1.6850058 1.8354811 2.2782260 0.0065581 0.0766505 0.0792168 3.2787695 0.0066255 0.0680247 0.6004660 2.7880885 2.3049258 2.9442972 1.1366120 
KX643370_Lymphocystivirus_sparus1_n/a                    2.1621450 2.0341217 1.9966435 2.0424612 2.0424612 2.0702618 2.0341217 2.0676520 1.9966435 2.1047191 0.0000000 2.0409963 0.3243154 2.0702618 2.3375301 3.7431296 2.0341799 2.0702618 2.1414217 2.0341799 2.3375301 2.0433469 2.0282997 2.5081372 2.0702618 2.0409963 2.0679321 3.6987066 2.0969474 2.0676520 1.9975910 3.6047424 2.6267466 3.1758633 2.3391448 
OQ513807_Megalocytivirus_pagrus1_ISKNV                   1.2401808 0.0031963 0.0676426 0.0640350 0.0640350 0.0715157 0.0031963 0.0065653 0.0676426 0.0766505 2.0409963 0.0000000 2.1134460 0.0715157 1.1764578 2.9503800 0.0231894 0.0715157 0.0877072 0.0231894 1.1764578 1.6792587 1.8552503 2.2328642 0.0715157 0.0000010 0.0271432 3.2282897 0.0718517 0.0065653 0.5693933 2.7399110 2.2957111 2.8868147 1.1776734 
MN803438_Lymphocystivirus_micropogonias1_n/a             2.3941692 2.1064314 2.0692880 2.1049938 2.1049938 2.1055380 2.1064314 2.1408733 2.0692880 2.1403290 0.3243154 2.1134460 0.0000000 2.1055380 2.4540197 3.2100087 2.0836237 2.1055380 2.1855279 2.0836237 2.4540197 2.0914059 2.0540731 2.5451830 2.1055380 2.1134460 2.1178409 3.5613210 2.1326698 2.1408733 2.2852338 3.1943592 2.7014572 3.0249483 2.4614350 
MW883598_Megalocytivirus_pagrus1_RSIV                    1.2365788 0.0679331 0.0862989 0.0292462 0.0292462 0.0000010 0.0679331 0.0727306 0.0862989 0.0065581 2.0702618 0.0715157 2.1055380 0.0000000 1.1411935 2.9843135 0.0815182 0.0000010 0.1034144 0.0815182 1.1371558 1.6637562 1.8249280 2.2340340 0.0000010 0.0715157 0.0864638 3.2734197 0.0000010 0.0727306 0.5875675 2.7367040 2.2496836 2.9392895 1.1423327 
MN562489_Megalocytivirus_lates1_SDDV                     0.6064293 1.1666290 1.1462249 1.1343569 1.1343569 1.1337059 1.1666290 1.1642563 1.1462249 1.1354658 2.3375301 1.1764578 2.4540197 1.1411935 0.0000000 3.1501512 1.1664589 1.1411935 1.1720908 1.1664589 0.0000010 1.9393439 1.9772802 2.5621501 1.1369371 1.1764578 1.1641421 3.3160151 1.1360070 1.1642563 1.2635390 2.7881154 2.6582437 2.7421924 0.0031672 
HF920637_Iridovirus_armadillidium1_n/a                   3.3599964 2.9469277 2.8150311 2.9099906 2.9099906 2.9843135 2.9469277 2.9590992 2.8150311 2.9682002 3.7431296 2.9503800 3.2100087 2.9843135 3.1501512 0.0000000 2.9207350 2.9843135 2.9653952 2.9207350 3.1501512 2.3313102 2.5411252 2.7312517 2.9843135 2.9503800 2.9328060 4.1291786 2.9418479 2.9590992 3.2299866 0.6553669 2.7041314 3.9821242 3.1612994 
PP151097_Megalocytivirus_pagrus1_ISKNV                   1.2307817 0.0198299 0.0671539 0.0742989 0.0742989 0.0782830 0.0198299 0.0237053 0.0671539 0.0844033 2.0341799 0.0231894 2.0836237 0.0815182 1.1664589 2.9207350 0.0000000 0.0815182 0.0842432 0.0000010 1.1622821 1.6864645 1.8432514 2.1547938 0.0755108 0.0231894 0.0032150 3.2160897 0.0763536 0.0237053 0.5814282 2.7117442 2.2130996 2.8439209 1.1676339 
MK689686_Megalocytivirus_pagrus1_RSIV                    1.2365788 0.0679331 0.0862989 0.0292462 0.0292462 0.0000010 0.0679331 0.0727306 0.0862989 0.0065581 2.0702618 0.0715157 2.1055380 0.0000010 1.1411935 2.9843135 0.0815182 0.0000000 0.1034144 0.0815182 1.1371558 1.6637562 1.8249280 2.2340340 0.0000010 0.0715157 0.0864638 3.2734197 0.0000010 0.0727306 0.5875675 2.7367040 2.2496836 2.9392895 1.1423327 
GQ273492_Megalocytivirus_pagrus1_TRBIV                   1.2556485 0.0839883 0.0720314 0.1026198 0.1026198 0.1034144 0.0839883 0.0891097 0.0720314 0.1104148 2.1414217 0.0877072 2.1855279 0.1034144 1.1720908 2.9653952 0.0842432 0.1034144 0.0000000 0.0842432 1.1720908 1.6911378 1.8665613 2.2539502 0.1007758 0.0877072 0.0893566 3.1219882 0.0974336 0.0891097 0.5703133 2.7225650 2.3526056 2.9882456 1.1782315 
MT986830_Megalocytivirus_pagrus1_ISKNV                   1.2307817 0.0198299 0.0671539 0.0742989 0.0742989 0.0782830 0.0198299 0.0237053 0.0671539 0.0844033 2.0341799 0.0231894 2.0836237 0.0815182 1.1664589 2.9207350 0.0000010 0.0815182 0.0842432 0.0000000 1.1622821 1.6864645 1.8432514 2.1547938 0.0755108 0.0231894 0.0032150 3.2160897 0.0763536 0.0237053 0.5814282 2.7117442 2.2130996 2.8439209 1.1676339 
OM037668_Megalocytivirus_lates1_SDDV                     0.6047839 1.1666290 1.1462249 1.1343569 1.1343569 1.1337059 1.1666290 1.1642563 1.1462249 1.1354658 2.3375301 1.1764578 2.4540197 1.1371558 0.0000010 3.1501512 1.1622821 1.1371558 1.1720908 1.1622821 0.0000000 1.9285959 1.9772802 2.5446384 1.1369371 1.1764578 1.1599803 3.3160151 1.1360070 1.1642563 1.2635390 2.7881154 2.6396539 2.7421924 0.0031672 
AY521625_Ranavirus_epinephelus1_n/a                      2.0658411 1.6736725 1.7229632 1.7171806 1.7171806 1.6627888 1.6736725 1.7004032 1.7229632 1.6850058 2.0433469 1.6792587 2.0914059 1.6637562 1.9393439 2.3313102 1.6864645 1.6637562 1.6911378 1.6864645 1.9285959 0.0000000 0.5618000 2.4953708 1.6458682 1.6792587 1.7125027 3.2839086 1.6263368 1.7004032 1.8045987 2.4437378 2.5922120 2.7961440 1.9551068 
NC_005946_Ranavirus_rana1_n/a                            2.2219816 1.8492068 1.8730120 1.8772750 1.8772750 1.8249280 1.8492068 1.8566630 1.8730120 1.8354811 2.0282997 1.8552503 2.0540731 1.8249280 1.9772802 2.5411252 1.8432514 1.8249280 1.8665613 1.8432514 1.9772802 0.5618000 0.0000000 2.6086249 1.8093407 1.8552503 1.8505211 3.4402460 1.7963593 1.8566630 1.8436601 2.6596132 2.6885845 3.0637807 1.9931735 
HF920633_Chloriridovirus_simulium1_n/a                   2.5416196 2.2285776 2.2243345 2.2522355 2.2522355 2.2253412 2.2285776 2.2206369 2.2243345 2.2782260 2.5081372 2.2328642 2.5451830 2.2340340 2.5621501 2.7312517 2.1547938 2.2340340 2.2539502 2.1547938 2.5446384 2.4953708 2.6086249 0.0000000 2.2692113 2.2328642 2.1476775 3.0224881 2.2708205 2.2206369 2.5886937 2.8304427 0.3910580 2.9409787 2.5815969 
ON740976_Megalocytivirus_pagrus1_RSIV                    1.2426257 0.0679331 0.0791055 0.0295487 0.0295487 0.0000010 0.0679331 0.0727306 0.0791055 0.0065581 2.0702618 0.0715157 2.1055380 0.0000010 1.1369371 2.9843135 0.0755108 0.0000010 0.1007758 0.0755108 1.1369371 1.6458682 1.8093407 2.2692113 0.0000000 0.0715157 0.0804414 3.2734197 0.0000010 0.0727306 0.5875675 2.7531346 2.2958006 2.9392895 1.1380848 
OR670976_Megalocytivirus_pagrus1_ISKNV                   1.2401808 0.0031963 0.0676426 0.0640350 0.0640350 0.0715157 0.0031963 0.0065653 0.0676426 0.0766505 2.0409963 0.0000010 2.1134460 0.0715157 1.1764578 2.9503800 0.0231894 0.0715157 0.0877072 0.0231894 1.1764578 1.6792587 1.8552503 2.2328642 0.0715157 0.0000000 0.0271432 3.2282897 0.0718517 0.0065653 0.5693933 2.7399110 2.2957111 2.8868147 1.1776734 
PP974677_Megalocytivirus_pagrus1_ISKNV                   1.2484109 0.0237053 0.0718769 0.0791403 0.0791403 0.0832025 0.0237053 0.0197817 0.0718769 0.0792168 2.0679321 0.0271432 2.1178409 0.0864638 1.1641421 2.9328060 0.0032150 0.0864638 0.0893566 0.0032150 1.1599803 1.7125027 1.8505211 2.1476775 0.0804414 0.0271432 0.0000000 3.1938913 0.0813521 0.0197817 0.5916587 2.7221491 2.2055024 2.8285551 1.1653132 
LS484712_Daphniairidovirus_daphnia1_n/a                  3.8324593 3.2165205 3.1788986 3.2262111 3.2262111 3.2734197 3.2165205 3.1943977 3.1788986 3.2787695 3.6987066 3.2282897 3.5613210 3.2734197 3.3160151 4.1291786 3.2160897 3.2734197 3.1219882 3.2160897 3.3160151 3.2839086 3.4402460 3.0224881 3.2734197 3.2282897 3.1938913 0.0000000 3.2734197 3.1943977 3.9227541 3.5087218 3.1444587 3.3040116 3.3160151 
OK042109_Megalocytivirus_pagrus1_RSIV                    1.2700489 0.0682510 0.0763143 0.0298577 0.0298577 0.0000010 0.0682510 0.0730761 0.0763143 0.0066255 2.0969474 0.0718517 2.1326698 0.0000010 1.1360070 2.9418479 0.0763536 0.0000010 0.0974336 0.0763536 1.1360070 1.6263368 1.7963593 2.2708205 0.0000010 0.0718517 0.0813521 3.2734197 0.0000000 0.0730761 0.5872565 2.7147677 2.3115217 2.9341806 1.1371698 
OR356116_Megalocytivirus_pagrus1_ISKNV                   1.2483635 0.0032764 0.0688077 0.0651584 0.0651584 0.0727306 0.0032764 0.0000010 0.0688077 0.0680247 2.0676520 0.0065653 2.1408733 0.0727306 1.1642563 2.9590992 0.0237053 0.0727306 0.0891097 0.0237053 1.1642563 1.7004032 1.8566630 2.2206369 0.0727306 0.0065653 0.0197817 3.1943977 0.0730761 0.0000000 0.5864206 2.7478162 2.2829305 2.8612496 1.1654558 
PQ335173_PQ335174_Threespine_stickleback_iridovirus_TSIV 1.4456124 0.5761923 0.5491470 0.5694304 0.5694304 0.5875675 0.5761923 0.5864206 0.5491470 0.6004660 1.9975910 0.5693933 2.2852338 0.5875675 1.2635390 3.2299866 0.5814282 0.5875675 0.5703133 0.5814282 1.2635390 1.8045987 1.8436601 2.5886937 0.5875675 0.5693933 0.5916587 3.9227541 0.5872565 0.5864206 0.0000000 3.0950349 2.5999213 3.3441768 1.2646072 
AF303741_Iridovirus_chilo1_n/a                           3.0491839 2.7371633 2.7175566 2.7276055 2.7276055 2.7367040 2.7371633 2.7478162 2.7175566 2.7880885 3.6047424 2.7399110 3.1943592 2.7367040 2.7881154 0.6553669 2.7117442 2.7367040 2.7225650 2.7117442 2.7881154 2.4437378 2.6596132 2.8304427 2.7531346 2.7399110 2.7221491 3.5087218 2.7147677 2.7478162 3.0950349 0.0000000 2.7804334 3.7594790 2.8050924 
KF938901_Chloriridovirus_anopheles1_n/a                  2.5687675 2.2914580 2.2746257 2.2803798 2.2803798 2.2536295 2.2914580 2.2829305 2.2746257 2.3049258 2.6267466 2.2957111 2.7014572 2.2496836 2.6582437 2.7041314 2.2130996 2.2496836 2.3526056 2.2130996 2.6396539 2.5922120 2.6885845 0.3910580 2.2958006 2.2957111 2.2055024 3.1444587 2.3115217 2.2829305 2.5999213 2.7804334 0.0000000 3.0094257 2.6637520 
MF599468_Decapodiridovirus_litopenaeus1_n/a              2.9235323 2.8770273 2.9805006 2.9332784 2.9332784 2.9392895 2.8770273 2.8612496 2.9805006 2.9442972 3.1758633 2.8868147 3.0249483 2.9392895 2.7421924 3.9821242 2.8439209 2.9392895 2.9882456 2.8439209 2.7421924 2.7961440 3.0637807 2.9409787 2.9392895 2.8868147 2.8285551 3.3040116 2.9341806 2.8612496 3.3441768 3.7594790 3.0094257 0.0000000 2.7658961 
MT521409_Megalocytivirus_lates1_SDDV                     0.6069670 1.1678326 1.1473877 1.1354977 1.1354977 1.1348372 1.1678326 1.1654558 1.1473877 1.1366120 2.3391448 1.1776734 2.4614350 1.1423327 0.0031672 3.1612994 1.1676339 1.1423327 1.1782315 1.1676339 0.0031672 1.9551068 1.9931735 2.5815969 1.1380848 1.1776734 1.1653132 3.3160151 1.1371698 1.1654558 1.2646072 2.8050924 2.6637520 2.7658961 0.0000000 
