25
AF303741_AF303741.1_00125          0.0000000 1.0512219 1.0666400 1.0507379 1.0536096 1.0491483 0.4303795 0.1536386 1.0507379 0.4238230 0.8388438 0.7551194 1.1214910 1.0606022 1.0606022 1.0536096 1.0512219 1.0514009 1.0240779 0.8494785 1.0240779 1.0514009 1.1176823 1.0419076 1.0509918 
AF371960_AF371960.1_00007          1.0512219 0.0000000 1.1722990 0.0127241 0.0170514 0.0193580 1.1181555 1.1066611 0.0127241 1.1151143 0.9816580 1.2990903 1.4953635 0.0193611 0.0193611 0.0170514 0.0000010 0.0021030 0.4071386 0.9736581 0.4071386 0.0021030 1.0699750 0.0148746 0.0148916 
AY521625_AY521625.1_00064          1.0666400 1.1722990 0.0000000 1.1860328 1.1819038 1.1842137 1.1763515 1.1221000 1.1860328 1.1337273 0.8075429 1.2487927 1.5057792 1.1767053 1.1767053 1.1819038 1.1722990 1.1745647 1.1192725 0.8465556 1.1192725 1.1745647 0.3449717 1.1859188 1.1766518 
AY894343_MK689686.1_00007          1.0507379 0.0127241 1.1860328 0.0000000 0.0042351 0.0193917 1.1159638 1.1210691 0.0000010 1.1137150 0.9869144 1.3008096 1.4783734 0.0237527 0.0237527 0.0042351 0.0127241 0.0127042 0.4010802 0.9770519 0.4010802 0.0127042 1.0768696 0.0021110 0.0084926 
BD143114_MK689686.1_00007          1.0536096 0.0170514 1.1819038 0.0042351 0.0000000 0.0238196 1.1226741 1.1240734 0.0042351 1.1187545 0.9813200 1.2868060 1.4846970 0.0260107 0.0260107 0.0000010 0.0170514 0.0170246 0.3952492 0.9679287 0.3952492 0.0170246 1.0731034 0.0063653 0.0042176 
GQ273492_GQ273492.1_00007          1.0491483 0.0193580 1.1842137 0.0193917 0.0238196 0.0000000 1.1146528 1.1119152 0.0193917 1.1179050 0.9942676 1.3042797 1.4850459 0.0127192 0.0127192 0.0238196 0.0193580 0.0193273 0.4129597 0.9950420 0.4129597 0.0193273 1.0910381 0.0215892 0.0194215 
HF920633_HF920633.1_00073          0.4303795 1.1181555 1.1763515 1.1159638 1.1226741 1.1146528 0.0000000 0.4594224 1.1159638 0.1995142 0.8697294 0.6862667 1.0610557 1.1257983 1.1257983 1.1226741 1.1181555 1.1113936 1.1008418 0.8508532 1.1008418 1.1113936 1.1279612 1.1066131 1.1234292 
HF920637_HF920637.1_00143          0.1536386 1.1066611 1.1221000 1.1210691 1.1240734 1.1119152 0.4594224 0.0000000 1.1210691 0.4352498 0.9088378 0.7900846 1.1048518 1.1239363 1.1239363 1.1240734 1.1066611 1.1066937 1.1026199 0.9046184 1.1026199 1.1066937 1.1360217 1.1117313 1.1189206 
KC244182_MK689686.1_00007          1.0507379 0.0127241 1.1860328 0.0000010 0.0042351 0.0193917 1.1159638 1.1210691 0.0000000 1.1137150 0.9869144 1.3008096 1.4783734 0.0237527 0.0237527 0.0042351 0.0127241 0.0127042 0.4010802 0.9770519 0.4010802 0.0127042 1.0768696 0.0021110 0.0084926 
KF938901_KF938901.1_00044          0.4238230 1.1151143 1.1337273 1.1137150 1.1187545 1.1179050 0.1995142 0.4352498 1.1137150 0.0000000 0.8642006 0.6486325 1.0444083 1.1292553 1.1292553 1.1187545 1.1151143 1.1129723 1.0782414 0.8607554 1.0782414 1.1129723 1.1499021 1.1093025 1.1166271 
KX643370_Lymph_LDV3_KX643370_00051 0.8388438 0.9816580 0.8075429 0.9869144 0.9813200 0.9942676 0.8697294 0.9088378 0.9869144 0.8642006 0.0000000 1.0617005 1.1847387 0.9894263 0.9894263 0.9813200 0.9816580 0.9836083 0.8955618 0.0606310 0.8955618 0.9836083 0.9008296 0.9868506 0.9812448 
LS484712_LS484712.1_00142          0.7551194 1.2990903 1.2487927 1.3008096 1.2868060 1.3042797 0.6862667 0.7900846 1.3008096 0.6486325 1.0617005 0.0000000 1.1427633 1.2967211 1.2967211 1.2868060 1.2990903 1.3007545 1.2186024 1.0596629 1.2186024 1.3007545 1.2682276 1.2955990 1.2821794 
MF599468_MF599468.1_00152          1.1214910 1.4953635 1.5057792 1.4783734 1.4846970 1.4850459 1.0610557 1.1048518 1.4783734 1.0444083 1.1847387 1.1427633 0.0000000 1.4828039 1.4828039 1.4846970 1.4953635 1.4925005 1.4430569 1.2110027 1.4430569 1.4925005 1.5217368 1.4898265 1.4900548 
MG570131_MG570131.1_00008          1.0606022 0.0193611 1.1767053 0.0237527 0.0260107 0.0127192 1.1257983 1.1239363 0.0237527 1.1292553 0.9894263 1.2967211 1.4828039 0.0000000 0.0000010 0.0260107 0.0193611 0.0193304 0.4097791 0.9895523 0.4097791 0.0193304 1.0947061 0.0259637 0.0216006 
MG570132_MG570132.1_00008          1.0606022 0.0193611 1.1767053 0.0237527 0.0260107 0.0127192 1.1257983 1.1239363 0.0237527 1.1292553 0.9894263 1.2967211 1.4828039 0.0000010 0.0000000 0.0260107 0.0193611 0.0193304 0.4097791 0.9895523 0.4097791 0.0193304 1.0947061 0.0259637 0.0216006 
MK098185_MK689686.1_00007          1.0536096 0.0170514 1.1819038 0.0042351 0.0000010 0.0238196 1.1226741 1.1240734 0.0042351 1.1187545 0.9813200 1.2868060 1.4846970 0.0260107 0.0260107 0.0000000 0.0170514 0.0170246 0.3952492 0.9679287 0.3952492 0.0170246 1.0731034 0.0063653 0.0042176 
MK689685_AF371960.1_00007          1.0512219 0.0000010 1.1722990 0.0127241 0.0170514 0.0193580 1.1181555 1.1066611 0.0127241 1.1151143 0.9816580 1.2990903 1.4953635 0.0193611 0.0193611 0.0170514 0.0000000 0.0021030 0.4071386 0.9736581 0.4071386 0.0021030 1.0699750 0.0148746 0.0148916 
MN432490_AF371960.1_00007          1.0514009 0.0021030 1.1745647 0.0127042 0.0170246 0.0193273 1.1113936 1.1066937 0.0127042 1.1129723 0.9836083 1.3007545 1.4925005 0.0193304 0.0193304 0.0170246 0.0021030 0.0000000 0.4063859 0.9676779 0.4063859 0.0000010 1.0766036 0.0148513 0.0148682 
MN562489_OM037668.1_00057          1.0240779 0.4071386 1.1192725 0.4010802 0.3952492 0.4129597 1.1008418 1.1026199 0.4010802 1.0782414 0.8955618 1.2186024 1.4430569 0.4097791 0.4097791 0.3952492 0.4071386 0.4063859 0.0000000 0.8904641 0.0000010 0.4063859 1.0607276 0.4050415 0.3995160 
MN803438_MN803438.1_00023          0.8494785 0.9736581 0.8465556 0.9770519 0.9679287 0.9950420 0.8508532 0.9046184 0.9770519 0.8607554 0.0606310 1.0596629 1.2110027 0.9895523 0.9895523 0.9679287 0.9736581 0.9676779 0.8904641 0.0000000 0.8904641 0.9676779 0.9096491 0.9770031 0.9678394 
MT521409_OM037668.1_00057          1.0240779 0.4071386 1.1192725 0.4010802 0.3952492 0.4129597 1.1008418 1.1026199 0.4010802 1.0782414 0.8955618 1.2186024 1.4430569 0.4097791 0.4097791 0.3952492 0.4071386 0.4063859 0.0000010 0.8904641 0.0000000 0.4063859 1.0607276 0.4050415 0.3995160 
MT986830_AF371960.1_00007          1.0514009 0.0021030 1.1745647 0.0127042 0.0170246 0.0193273 1.1113936 1.1066937 0.0127042 1.1129723 0.9836083 1.3007545 1.4925005 0.0193304 0.0193304 0.0170246 0.0021030 0.0000010 0.4063859 0.9676779 0.4063859 0.0000000 1.0766036 0.0148513 0.0148682 
NC_005946_NC_005946.1_00091        1.1176823 1.0699750 0.3449717 1.0768696 1.0731034 1.0910381 1.1279612 1.1360217 1.0768696 1.1499021 0.9008296 1.2682276 1.5217368 1.0947061 1.0947061 1.0731034 1.0699750 1.0766036 1.0607276 0.9096491 1.0607276 1.0766036 0.0000000 1.0767732 1.0689124 
ON743042_MK689686.1_00007          1.0419076 0.0148746 1.1859188 0.0021110 0.0063653 0.0215892 1.1066131 1.1117313 0.0021110 1.1093025 0.9868506 1.2955990 1.4898265 0.0259637 0.0259637 0.0063653 0.0148746 0.0148513 0.4050415 0.9770031 0.4050415 0.0148513 1.0767732 0.0000000 0.0106371 
OQ475017_OQ475017.1_00007          1.0509918 0.0148916 1.1766518 0.0084926 0.0042176 0.0194215 1.1234292 1.1189206 0.0084926 1.1166271 0.9812448 1.2821794 1.4900548 0.0216006 0.0216006 0.0042176 0.0148916 0.0148682 0.3995160 0.9678394 0.3995160 0.0148682 1.0689124 0.0106371 0.0000000 
