25
OL774655_Megalocytivirus_pagrus1_RSIV                    0.0000000 0.0365066 0.1115897 0.0021043 0.0021043 0.1115897 0.0365066 0.1092194 0.1063101 0.0343341 0.1063101 3.2734694 3.2940310 3.2940310 0.1134937 0.1115644 0.0105705 0.0000010 1.5219357 0.1092194 0.1141416 0.1164364 0.0343341 0.1050722 0.1109901 
MK098185_Megalocytivirus_pagrus1_RSIV                    0.0365066 0.0000000 0.1021115 0.0343447 0.0343447 0.1021115 0.0000010 0.0997515 0.0969009 0.0021104 0.0969009 3.2450331 3.3065301 3.3065301 0.1058350 0.1020890 0.0299814 0.0365066 1.5162740 0.0997515 0.1046377 0.1069294 0.0021104 0.0974359 0.1033541 
MK689685_Megalocytivirus_pagrus1_ISKNV                   0.1115897 0.1021115 0.0000000 0.1092531 0.1092531 0.0000010 0.1021115 0.0021351 0.0042895 0.0997454 0.0042895 3.1287970 3.3161612 3.3161612 0.1328054 0.0021375 0.0995240 0.1115897 1.4958470 0.0021351 0.0021375 0.0042769 0.0997454 0.1156289 0.1302468 
MT798582_Megalocytivirus_pagrus1_RSIV                    0.0021043 0.0343447 0.1092531 0.0000000 0.0000010 0.1092531 0.0343447 0.1068848 0.1039892 0.0321746 0.1039892 3.2616855 3.3100233 3.3100233 0.1111478 0.1092286 0.0084527 0.0021043 1.5161794 0.1068848 0.1117993 0.1140940 0.0321746 0.1027249 0.1086487 
OK042109_Megalocytivirus_pagrus1_RSIV                    0.0021043 0.0343447 0.1092531 0.0000010 0.0000000 0.1092531 0.0343447 0.1068848 0.1039892 0.0321746 0.1039892 3.2616855 3.3100233 3.3100233 0.1111478 0.1092286 0.0084527 0.0021043 1.5161794 0.1068848 0.1117993 0.1140940 0.0321746 0.1027249 0.1086487 
OR670976_Megalocytivirus_pagrus1_ISKNV                   0.1115897 0.1021115 0.0000010 0.1092531 0.1092531 0.0000000 0.1021115 0.0021351 0.0042895 0.0997454 0.0042895 3.1287970 3.3161612 3.3161612 0.1328054 0.0021375 0.0995240 0.1115897 1.4958470 0.0021351 0.0021375 0.0042769 0.0997454 0.1156289 0.1302468 
MK098187_Megalocytivirus_pagrus1_RSIV                    0.0365066 0.0000010 0.1021115 0.0343447 0.0343447 0.1021115 0.0000000 0.0997515 0.0969009 0.0021104 0.0969009 3.2450331 3.3065301 3.3065301 0.1058350 0.1020890 0.0299814 0.0365066 1.5162740 0.0997515 0.1046377 0.1069294 0.0021104 0.0974359 0.1033541 
23043610003_Megalocytivirus_pagrus1_ISKNV                0.1092194 0.0997515 0.0021351 0.1068848 0.1068848 0.0021351 0.0997515 0.0000000 0.0064407 0.0973883 0.0064407 3.1341972 3.3231493 3.3231493 0.1352732 0.0042811 0.0971733 0.1092194 1.4880019 0.0000010 0.0042811 0.0064217 0.0973883 0.1180612 0.1327077 
PP151097_Megalocytivirus_pagrus1_ISKNV                   0.1063101 0.0969009 0.0042895 0.1039892 0.1039892 0.0042895 0.0969009 0.0064407 0.0000000 0.0945528 0.0000010 3.1247747 3.2906088 3.2906088 0.1300346 0.0064479 0.0943462 0.1063101 1.4957743 0.0064407 0.0064479 0.0085973 0.0945528 0.1139050 0.1274896 
BD143114_Megalocytivirus_pagrus1_RSIV                    0.0343341 0.0021104 0.0997454 0.0321746 0.0321746 0.0997454 0.0021104 0.0973883 0.0945528 0.0000000 0.0945528 3.2455021 3.3135124 3.3135124 0.1034623 0.0997236 0.0278196 0.0343341 1.5222805 0.0973883 0.1022649 0.1045554 0.0000010 0.0950649 0.1009870 
MT986830_Megalocytivirus_pagrus1_ISKNV                   0.1063101 0.0969009 0.0042895 0.1039892 0.1039892 0.0042895 0.0969009 0.0064407 0.0000010 0.0945528 0.0000000 3.1247747 3.2906088 3.2906088 0.1300346 0.0064479 0.0943462 0.1063101 1.4957743 0.0064407 0.0064479 0.0085973 0.0945528 0.1139050 0.1274896 
MK637631_European_chub_iridovirus_ECIV                   3.2734694 3.2450331 3.1287970 3.2616855 3.2616855 3.1287970 3.2450331 3.1341972 3.1247747 3.2455021 3.1247747 0.0000000 1.6798698 1.6798698 3.2626828 3.1516529 3.2748356 3.2734694 3.5065068 3.1341972 3.1549178 3.1243152 3.2455021 3.2814353 3.2781717 
MT521409_Megalocytivirus_lates1_SDDV                     3.2940310 3.3065301 3.3161612 3.3100233 3.3100233 3.3161612 3.3065301 3.3231493 3.2906088 3.3135124 3.2906088 1.6798698 0.0000000 0.0000010 3.3368147 3.3221697 3.3393181 3.2940310 3.7612741 3.3231493 3.3443388 3.3044318 3.3135124 3.3340070 3.3527203 
OM037668_Megalocytivirus_lates1_SDDV                     3.2940310 3.3065301 3.3161612 3.3100233 3.3100233 3.3161612 3.3065301 3.3231493 3.2906088 3.3135124 3.2906088 1.6798698 0.0000010 0.0000000 3.3368147 3.3221697 3.3393181 3.2940310 3.7612741 3.3231493 3.3443388 3.3044318 3.3135124 3.3340070 3.3527203 
MG570131_Megalocytivirus_pagrus1_TRBIV                   0.1134937 0.1058350 0.1328054 0.1111478 0.1111478 0.1328054 0.1058350 0.1352732 0.1300346 0.1034623 0.1300346 3.2626828 3.3368147 3.3368147 0.0000000 0.1354369 0.1062791 0.1134937 1.5286231 0.1352732 0.1354369 0.1353919 0.1034623 0.0435384 0.0021232 
OR536350_Megalocytivirus_pagrus1_ISKNV                   0.1115644 0.1020890 0.0021375 0.1092286 0.1092286 0.0021375 0.1020890 0.0042811 0.0064479 0.0997236 0.0064479 3.1516529 3.3221697 3.3221697 0.1354369 0.0000000 0.0995024 0.1115644 1.5067916 0.0042811 0.0042859 0.0064288 0.0997236 0.1182034 0.1328681 
MW883598_Megalocytivirus_pagrus1_RSIV                    0.0105705 0.0299814 0.0995240 0.0084527 0.0084527 0.0995240 0.0299814 0.0971733 0.0943462 0.0278196 0.0943462 3.2748356 3.3393181 3.3393181 0.1062791 0.0995024 0.0000000 0.0105705 1.5245393 0.0971733 0.1020364 0.1043209 0.0278196 0.0978985 0.1037937 
OL774653_Megalocytivirus_pagrus1_RSIV                    0.0000010 0.0365066 0.1115897 0.0021043 0.0021043 0.1115897 0.0365066 0.1092194 0.1063101 0.0343341 0.1063101 3.2734694 3.2940310 3.2940310 0.1134937 0.1115644 0.0105705 0.0000000 1.5219357 0.1092194 0.1141416 0.1164364 0.0343341 0.1050722 0.1109901 
PQ335173_PQ335174_Threespine_stickleback_iridovirus_TSIV 1.5219357 1.5162740 1.4958470 1.5161794 1.5161794 1.4958470 1.5162740 1.4880019 1.4957743 1.5222805 1.4957743 3.5065068 3.7612741 3.7612741 1.5286231 1.5067916 1.5245393 1.5219357 0.0000000 1.4880019 1.5072315 1.4914003 1.5222805 1.5018107 1.5195355 
23043610005_Megalocytivirus_pagrus1_ISKNV                0.1092194 0.0997515 0.0021351 0.1068848 0.1068848 0.0021351 0.0997515 0.0000010 0.0064407 0.0973883 0.0064407 3.1341972 3.3231493 3.3231493 0.1352732 0.0042811 0.0971733 0.1092194 1.4880019 0.0000000 0.0042811 0.0064217 0.0973883 0.1180612 0.1327077 
MW883600_Megalocytivirus_pagrus1_ISKNV                   0.1141416 0.1046377 0.0021375 0.1117993 0.1117993 0.0021375 0.1046377 0.0042811 0.0064479 0.1022649 0.0064479 3.1549178 3.3443388 3.3443388 0.1354369 0.0042859 0.1020364 0.1141416 1.5072315 0.0042811 0.0000000 0.0064288 0.1022649 0.1182034 0.1328681 
ON212400_Megalocytivirus_pagrus1_ISKNV                   0.1164364 0.1069294 0.0042769 0.1140940 0.1140940 0.0042769 0.1069294 0.0064217 0.0085973 0.1045554 0.0085973 3.1243152 3.3044318 3.3044318 0.1353919 0.0064288 0.1043209 0.1164364 1.4914003 0.0064217 0.0064288 0.0000000 0.1045554 0.1205102 0.1328238 
AB104413_Megalocytivirus_pagrus1_RSIV                    0.0343341 0.0021104 0.0997454 0.0321746 0.0321746 0.0997454 0.0021104 0.0973883 0.0945528 0.0000010 0.0945528 3.2455021 3.3135124 3.3135124 0.1034623 0.0997236 0.0278196 0.0343341 1.5222805 0.0973883 0.1022649 0.1045554 0.0000000 0.0950649 0.1009870 
GQ273492_Megalocytivirus_pagrus1_TRBIV                   0.1050722 0.0974359 0.1156289 0.1027249 0.1027249 0.1156289 0.0974359 0.1180612 0.1139050 0.0950649 0.1139050 3.2814353 3.3340070 3.3340070 0.0435384 0.1182034 0.0978985 0.1050722 1.5018107 0.1180612 0.1182034 0.1205102 0.0950649 0.0000000 0.0412904 
MG570132_Megalocytivirus_pagrus1_TRBIV                   0.1109901 0.1033541 0.1302468 0.1086487 0.1086487 0.1302468 0.1033541 0.1327077 0.1274896 0.1009870 0.1274896 3.2781717 3.3527203 3.3527203 0.0021232 0.1328681 0.1037937 0.1109901 1.5195355 0.1327077 0.1328681 0.1328238 0.1009870 0.0412904 0.0000000 
