14
MCV_ML1_SDDV_MN562489_1_MCV_ML1_SDDV_MN562489.1_00005         0.0000000 0.0000010 1.4519183 1.4519183 1.4520941 1.5084225 1.4520941 1.4679236 1.4679236 1.4966341 1.4520941 1.5124502 1.5151802 1.5151802 
MCV_ML1_SDDV_MT521409_1_MCV_ML1_SDDV_MT521409.1_00005         0.0000010 0.0000000 1.4519183 1.4519183 1.4520941 1.5084225 1.4520941 1.4679236 1.4679236 1.4966341 1.4520941 1.5124502 1.5151802 1.5151802 
MCV_MP1_BCFI_MN432490_1_MCV_MP1_BCFI_MN432490.1_00085         1.4519183 1.4519183 0.0000000 0.0000010 0.0589029 0.0680148 0.0589029 0.0681436 0.0681436 0.0799612 0.0501609 0.0786279 0.0786290 0.0786290 
MCV_MP1_BCFI_MT926123_1_MCV_MP1_BCFI_MT926123.1_00085         1.4519183 1.4519183 0.0000010 0.0000000 0.0589029 0.0680148 0.0589029 0.0681436 0.0681436 0.0799612 0.0501609 0.0786279 0.0786290 0.0786290 
MCV_MP1_GSPI_KT804738_1_MCV_MP1_GSPI_KT804738.1_00079         1.4520941 1.4520941 0.0589029 0.0589029 0.0000000 0.0080935 0.0000010 0.0081119 0.0081119 0.0169982 0.0080958 0.0602909 0.0602905 0.0602905 
MCV_MP1_LYCI_AY779031_1_MCV_MP1_LYCI_AY779031.1_00091         1.5084225 1.5084225 0.0680148 0.0680148 0.0080935 0.0000000 0.0080935 0.0163844 0.0163844 0.0257358 0.0163517 0.0696437 0.0696439 0.0696439 
MCV_MP1_LYCI_MW139932_1_MCV_MP1_LYCI_MW139932.1_00084         1.4520941 1.4520941 0.0589029 0.0589029 0.0000010 0.0080935 0.0000000 0.0081119 0.0081119 0.0169982 0.0080958 0.0602909 0.0602905 0.0602905 
MCV_MP1_PI_MK098186_1_MCV_MP1_PI_MK098186.1_00080             1.4679236 1.4679236 0.0681436 0.0681436 0.0081119 0.0163844 0.0081119 0.0000000 0.0000010 0.0257929 0.0163883 0.0697779 0.0697782 0.0697782 
MCV_MP1_PI_MK098187_1_MCV_MP1_PI_MK098187.1_00083             1.4679236 1.4679236 0.0681436 0.0681436 0.0081119 0.0163844 0.0081119 0.0000010 0.0000000 0.0257929 0.0163883 0.0697779 0.0697782 0.0697782 
MCV_MP1_RBIV_AY532606_1_MCV_MP1_RBIV_AY532606.1_00085         1.4966341 1.4966341 0.0799612 0.0799612 0.0169982 0.0257358 0.0169982 0.0257929 0.0257929 0.0000000 0.0257407 0.0714231 0.0749586 0.0749586 
MCV_MP1_RSIV_OK042109_1_MCV_MP1_RSIV_OK042109.1_00117         1.4520941 1.4520941 0.0501609 0.0501609 0.0080958 0.0163517 0.0080958 0.0163883 0.0163883 0.0257407 0.0000000 0.0513291 0.0513281 0.0513281 
MCV_MP1_TRBIV_GQ273492_1_MCV_MP1_TRBIV_GQ273492.1_00080       1.5124502 1.5124502 0.0786279 0.0786279 0.0602909 0.0696437 0.0602909 0.0697779 0.0697779 0.0714231 0.0513291 0.0000000 0.0251280 0.0251280 
MCV_Unclassified_MG570131_1_MCV_Unclassified_MG570131.1_00080 1.5151802 1.5151802 0.0786290 0.0786290 0.0602905 0.0696439 0.0602905 0.0697782 0.0697782 0.0749586 0.0513281 0.0251280 0.0000000 0.0000010 
MCV_Unclassified_MG570132_1_MCV_Unclassified_MG570132.1_00080 1.5151802 1.5151802 0.0786290 0.0786290 0.0602905 0.0696439 0.0602905 0.0697782 0.0697782 0.0749586 0.0513281 0.0251280 0.0000010 0.0000000 
