13
MT926123_Megalocytivirus_pagrus1_ISKNV    0.0000000 0.0061756 0.0375423 0.0124131 0.0061756 0.0374995 0.0374995 0.0375423 0.0124131 0.0570258 0.0570258 0.0505686 0.0505686 
KT781098_Megalocytivirus_pagrus1_ISKNV    0.0061756 0.0000000 0.0312182 0.0061930 0.0000010 0.0311839 0.0311839 0.0312182 0.0061930 0.0505819 0.0505819 0.0441535 0.0441535 
ON740976_Megalocytivirus_pagrus1_RSIV     0.0375423 0.0312182 0.0000000 0.0376500 0.0312182 0.0061828 0.0061828 0.0000010 0.0376500 0.0702588 0.0702588 0.0637176 0.0637176 
MT986830_Megalocytivirus_pagrus1_ISKNV    0.0124131 0.0061930 0.0376500 0.0000000 0.0061930 0.0376070 0.0376070 0.0376500 0.0000010 0.0571919 0.0571919 0.0507154 0.0507154 
23043610005_Megalocytivirus_pagrus1_ISKNV 0.0061756 0.0000010 0.0312182 0.0061930 0.0000000 0.0311839 0.0311839 0.0312182 0.0061930 0.0505819 0.0505819 0.0441535 0.0441535 
OQ475017_Megalocytivirus_pagrus1_RSIV     0.0374995 0.0311839 0.0061828 0.0376070 0.0311839 0.0000000 0.0000010 0.0061828 0.0376070 0.0701748 0.0701748 0.0636419 0.0636419 
MK098185_Megalocytivirus_pagrus1_RSIV     0.0374995 0.0311839 0.0061828 0.0376070 0.0311839 0.0000010 0.0000000 0.0061828 0.0376070 0.0701748 0.0701748 0.0636419 0.0636419 
ON075463_Megalocytivirus_pagrus1_RSIV     0.0375423 0.0312182 0.0000010 0.0376500 0.0312182 0.0061828 0.0061828 0.0000000 0.0376500 0.0702588 0.0702588 0.0637176 0.0637176 
MN432490_Megalocytivirus_pagrus1_ISKNV    0.0124131 0.0061930 0.0376500 0.0000010 0.0061930 0.0376070 0.0376070 0.0376500 0.0000000 0.0571919 0.0571919 0.0507154 0.0507154 
MG570132_Megalocytivirus_pagrus1_TRBIV    0.0570258 0.0505819 0.0702588 0.0571919 0.0505819 0.0701748 0.0701748 0.0702588 0.0571919 0.0000000 0.0000010 0.0314713 0.0314713 
MG570131_Megalocytivirus_pagrus1_TRBIV    0.0570258 0.0505819 0.0702588 0.0571919 0.0505819 0.0701748 0.0701748 0.0702588 0.0571919 0.0000010 0.0000000 0.0314713 0.0314713 
OL774653_Megalocytivirus_pagrus1_RSIV     0.0505686 0.0441535 0.0637176 0.0507154 0.0441535 0.0636419 0.0636419 0.0637176 0.0507154 0.0314713 0.0314713 0.0000000 0.0000010 
MW139932_Megalocytivirus_pagrus1_RSIV     0.0505686 0.0441535 0.0637176 0.0507154 0.0441535 0.0636419 0.0636419 0.0637176 0.0507154 0.0314713 0.0314713 0.0000010 0.0000000 
