21
MCV_ML1_SDDV_MN562489_1_MCV_ML1_SDDV_MN562489.1_00001         0.0000000 0.0000010 0.0032822 0.0032822 1.3152549 1.3384854 1.2616826 1.3384854 1.3384854 1.2673133 1.2673133 1.2673133 1.2525285 1.2624097 1.2638239 1.2616826 1.2638239 1.3130598 1.3159431 1.3159431 1.2706246 
MCV_ML1_SDDV_MT521409_1_MCV_ML1_SDDV_MT521409.1_00001         0.0000010 0.0000000 0.0032822 0.0032822 1.3152549 1.3384854 1.2616826 1.3384854 1.3384854 1.2673133 1.2673133 1.2673133 1.2525285 1.2624097 1.2638239 1.2616826 1.2638239 1.3130598 1.3159431 1.3159431 1.2706246 
MCV_ML1_SDDV_NC_027778_1_MCV_ML1_SDDV_NC_027778.1_00121       0.0032822 0.0032822 0.0000000 0.0000010 1.2874161 1.3114783 1.2560832 1.3025006 1.3025006 1.2685682 1.2685682 1.2685682 1.2500072 1.2549801 1.2559094 1.2560832 1.2559094 1.2981972 1.3133505 1.3133505 1.2802669 
MCV_ML1_SDDV_OM037668_1_MCV_ML1_SDDV_OM037668.1_00134         0.0032822 0.0032822 0.0000010 0.0000000 1.3152549 1.3384854 1.2616826 1.3384854 1.3384854 1.2673133 1.2673133 1.2673133 1.2525285 1.2624097 1.2638239 1.2616826 1.2638239 1.3130598 1.3159431 1.3159431 1.2706246 
MCV_MP1_BCFI_MN432490_1_MCV_MP1_BCFI_MN432490.1_00118         1.3152549 1.3152549 1.2874161 1.3152549 0.0000000 0.0133617 0.0640368 0.0111237 0.0111237 0.0619164 0.0595696 0.0595696 0.0663484 0.0617246 0.0640526 0.0640368 0.0640526 0.0714272 0.0814426 0.0814426 0.0644067 
MCV_MP1_BCFI_MT926123_1_MCV_MP1_BCFI_MT926123.1_00117         1.3384854 1.3384854 1.3114783 1.3384854 0.0133617 0.0000000 0.0688244 0.0022195 0.0022195 0.0667101 0.0643523 0.0643523 0.0711452 0.0665028 0.0688413 0.0688244 0.0688413 0.0762746 0.0911291 0.0911291 0.0692229 
MCV_MP1_GSPI_KT804738_1_MCV_MP1_GSPI_KT804738.1_00115         1.2616826 1.2616826 1.2560832 1.2616826 0.0640368 0.0688244 0.0000000 0.0664601 0.0664601 0.0246406 0.0223815 0.0223815 0.0022124 0.0066529 0.0044308 0.0000010 0.0044308 0.0761251 0.0958556 0.0958556 0.0269621 
MCV_MP1_ISKNV_AF371960_1_MCV_MP1_ISKNV_AF371960.1_00117       1.3384854 1.3384854 1.3025006 1.3384854 0.0111237 0.0022195 0.0664601 0.0000000 0.0000010 0.0643418 0.0619877 0.0619877 0.0687775 0.0641420 0.0664765 0.0664601 0.0664765 0.0738845 0.0886966 0.0886966 0.0668446 
MCV_MP1_ISKNV_MK689685_1_MCV_MP1_ISKNV_MK689685.1_00115       1.3384854 1.3384854 1.3025006 1.3384854 0.0111237 0.0022195 0.0664601 0.0000010 0.0000000 0.0643418 0.0619877 0.0619877 0.0687775 0.0641420 0.0664765 0.0664601 0.0664765 0.0738845 0.0886966 0.0886966 0.0668446 
MCV_MP1_LYCI_AY779031_1_MCV_MP1_LYCI_AY779031.1_00127         1.2673133 1.2673133 1.2685682 1.2673133 0.0619164 0.0667101 0.0246406 0.0643418 0.0643418 0.0000000 0.0022237 0.0022237 0.0268902 0.0223919 0.0246466 0.0246406 0.0246466 0.0693049 0.0839753 0.0839753 0.0066968 
MCV_MP1_LYCI_MW139932_1_MCV_MP1_LYCI_MW139932.1_00119         1.2673133 1.2673133 1.2685682 1.2673133 0.0595696 0.0643523 0.0223815 0.0619877 0.0619877 0.0022237 0.0000000 0.0000010 0.0246283 0.0201355 0.0223869 0.0223815 0.0223869 0.0716417 0.0863403 0.0863403 0.0044608 
MCV_MP1_LYCI_OL774653_1_MCV_MP1_LYCI_OL774653.1_00012         1.2673133 1.2673133 1.2685682 1.2673133 0.0595696 0.0643523 0.0223815 0.0619877 0.0619877 0.0022237 0.0000010 0.0000000 0.0246283 0.0201355 0.0223869 0.0223815 0.0223869 0.0716417 0.0863403 0.0863403 0.0044608 
MCV_MP1_OSGI_AY894343_1_MCV_MP1_OSGI_AY894343.1_00119         1.2525285 1.2525285 1.2500072 1.2525285 0.0663484 0.0711452 0.0022124 0.0687775 0.0687775 0.0268902 0.0246283 0.0246283 0.0000000 0.0088736 0.0066486 0.0022124 0.0066486 0.0784614 0.0982308 0.0982308 0.0292193 
MCV_MP1_RBIV_AY532606_1_MCV_MP1_RBIV_AY532606.1_00124         1.2624097 1.2624097 1.2549801 1.2624097 0.0617246 0.0665028 0.0066529 0.0641420 0.0641420 0.0223919 0.0201355 0.0201355 0.0088736 0.0000000 0.0022161 0.0066529 0.0022161 0.0737877 0.0934782 0.0934782 0.0247057 
MCV_MP1_RBIV_KC244182_1_MCV_MP1_RBIV_KC244182.1_00118         1.2638239 1.2638239 1.2559094 1.2638239 0.0640526 0.0688413 0.0044308 0.0664765 0.0664765 0.0246466 0.0223869 0.0223869 0.0066486 0.0022161 0.0000000 0.0044308 0.0000010 0.0761440 0.0958796 0.0958796 0.0269686 
MCV_MP1_RSIV_MK689686_1_MCV_MP1_RSIV_MK689686.1_00116         1.2616826 1.2616826 1.2560832 1.2616826 0.0640368 0.0688244 0.0000010 0.0664601 0.0664601 0.0246406 0.0223815 0.0223815 0.0022124 0.0066529 0.0044308 0.0000000 0.0044308 0.0761251 0.0958556 0.0958556 0.0269621 
MCV_MP1_RSIV_MT798582_1_MCV_MP1_RSIV_MT798582.1_00032         1.2638239 1.2638239 1.2559094 1.2638239 0.0640526 0.0688413 0.0044308 0.0664765 0.0664765 0.0246466 0.0223869 0.0223869 0.0066486 0.0022161 0.0000010 0.0044308 0.0000000 0.0761440 0.0958796 0.0958796 0.0269686 
MCV_MP1_TRBIV_GQ273492_1_MCV_MP1_TRBIV_GQ273492.1_00114       1.3130598 1.3130598 1.2981972 1.3130598 0.0714272 0.0762746 0.0761251 0.0738845 0.0738845 0.0693049 0.0716417 0.0716417 0.0784614 0.0737877 0.0761440 0.0761251 0.0761440 0.0000000 0.0549552 0.0549552 0.0765678 
MCV_Unclassified_MG570131_1_MCV_Unclassified_MG570131.1_00114 1.3159431 1.3159431 1.3133505 1.3159431 0.0814426 0.0911291 0.0958556 0.0886966 0.0886966 0.0839753 0.0863403 0.0863403 0.0982308 0.0934782 0.0958796 0.0958556 0.0958796 0.0549552 0.0000000 0.0000010 0.0913723 
MCV_Unclassified_MG570132_1_MCV_Unclassified_MG570132.1_00114 1.3159431 1.3159431 1.3133505 1.3159431 0.0814426 0.0911291 0.0958556 0.0886966 0.0886966 0.0839753 0.0863403 0.0863403 0.0982308 0.0934782 0.0958796 0.0958556 0.0958796 0.0549552 0.0000010 0.0000000 0.0913723 
MCV_Unlassified_OL310752_1_MCV_Unlassified_OL310752.1_00067   1.2706246 1.2706246 1.2802669 1.2706246 0.0644067 0.0692229 0.0269621 0.0668446 0.0668446 0.0066968 0.0044608 0.0044608 0.0292193 0.0247057 0.0269686 0.0269621 0.0269686 0.0765678 0.0913723 0.0913723 0.0000000 
