24
Chlor_AMIV_KF938901_1_Chlor_AMIV_KF938901.1_00093             0.0000000 0.5109144 1.3313781 1.3379565 2.2047888 2.2047888 0.0000010 2.2047888 2.1780373 2.1511728 2.1641662 2.1511728 2.1511728 2.1780373 2.1749280 2.1641662 2.1749280 2.1749280 0.0000010 2.1641662 2.1780373 2.1389353 2.1768359 2.1768359 
Chlor_IIV22_HF920633_1_Chlor_IIV22_HF920633.1_00047           0.5109144 0.0000000 1.5206299 1.4388515 2.1378683 2.1378683 0.0000010 2.1378683 2.1610384 2.1481110 2.1680458 2.1481110 2.1481110 2.1610384 2.1651158 2.1680458 2.1651158 2.1651158 0.0000010 2.1680458 2.1610384 2.1538069 2.1697666 2.1697666 
Irido_IIV31_HF920637_1_Irido_IIV31_HF920637.1_00156           1.3313781 1.5206299 0.0000000 0.7539067 2.7387549 2.7387549 0.5906706 2.8057100 3.1855060 3.1807927 3.1662801 3.1807927 3.1807927 3.1855060 3.1569602 3.1662801 3.1569602 3.1569602 6.2145274 3.1365219 3.1855060 3.2556867 3.2125925 3.2125925 
Irido_IIV6_AF303741_1_Irido_IIV6_AF303741.1_00051             1.3379565 1.4388515 0.7539067 0.0000000 2.3755497 2.3755497 0.0000010 2.3755497 2.2092994 2.1638010 2.1545874 2.1638010 2.1638010 2.2092994 2.1614137 2.1545874 2.1614137 2.1614137 0.0000010 2.1545874 2.2092994 2.2193732 2.1810493 2.1810493 
MCV_ML1_SDDV_MN562489_1_MCV_ML1_SDDV_MN562489.1_00113         2.2047888 2.1378683 2.7387549 2.3755497 0.0000000 0.0000010 0.0000010 0.0095684 0.9441552 0.9366254 0.9280520 0.9351203 0.9351203 0.9441552 0.9301115 0.9280520 0.9301115 0.9303838 1.0488790 1.0933660 0.9447216 0.9339585 0.9305502 0.9297848 
MCV_ML1_SDDV_MT521409_1_MCV_ML1_SDDV_MT521409.1_00114         2.2047888 2.1378683 2.7387549 2.3755497 0.0000010 0.0000000 0.0000010 0.0095684 0.9441552 0.9366254 0.9280520 0.9351203 0.9351203 0.9441552 0.9301115 0.9280520 0.9301115 0.9303838 1.0488790 1.0933660 0.9447216 0.9339585 0.9305502 0.9297848 
MCV_ML1_SDDV_NC_027778_1_MCV_ML1_SDDV_NC_027778.1_00094       0.0000010 0.0000010 0.5906706 0.0000010 0.0000010 0.0000010 0.0000000 0.0000010 0.9952723 0.9952723 0.9745909 0.9952723 0.9952723 0.9952723 0.9696971 0.9745909 0.9696971 0.9709453 1.0488790 2.8366356 0.9952723 0.9623188 0.9572825 0.9572825 
MCV_ML1_SDDV_NC_027778_1_MCV_ML1_SDDV_NC_027778.1_00095       2.2047888 2.1378683 2.8057100 2.3755497 0.0095684 0.0095684 0.0000010 0.0000000 0.8883941 0.8774342 0.8770108 0.8753352 0.8753352 0.8883941 0.8822364 0.8770108 0.8822364 0.8822364 0.0000010 0.8843745 0.8883941 0.8867940 0.8825228 0.8825228 
MCV_MP1_BCFI_MN432490_1_MCV_MP1_BCFI_MN432490.1_00065         2.1780373 2.1610384 3.1855060 2.2092994 0.9441552 0.9441552 0.9952723 0.8883941 0.0000000 0.0107811 0.0394022 0.0086112 0.0086112 0.0000010 0.0439426 0.0394022 0.0439426 0.0461435 0.0466508 0.1523173 0.0021464 0.0483467 0.0484067 0.0461810 
MCV_MP1_BCFI_MT926123_1_MCV_MP1_BCFI_MT926123.1_00066         2.1511728 2.1481110 3.1807927 2.1638010 0.9366254 0.9366254 0.9952723 0.8774342 0.0107811 0.0000000 0.0416557 0.0021422 0.0021422 0.0107811 0.0462103 0.0416557 0.0462103 0.0484146 0.0466508 0.1554225 0.0129704 0.0506214 0.0506842 0.0484540 
MCV_MP1_GSPI_KT804738_1_MCV_MP1_GSPI_KT804738.1_00061         2.1641662 2.1680458 3.1662801 2.1545874 0.9280520 0.9280520 0.9745909 0.8770108 0.0394022 0.0416557 0.0000000 0.0393983 0.0393983 0.0394022 0.0129221 0.0000010 0.0129221 0.0150769 0.0000010 0.1189934 0.0395251 0.0303421 0.0303797 0.0281945 
MCV_MP1_ISKNV_AF371960_1_MCV_MP1_ISKNV_AF371960.1_00065       2.1511728 2.1481110 3.1807927 2.1638010 0.9351203 0.9351203 0.9952723 0.8753352 0.0086112 0.0021422 0.0393983 0.0000000 0.0000010 0.0086112 0.0439381 0.0393983 0.0439381 0.0461387 0.0466508 0.1522770 0.0107915 0.0483416 0.0484015 0.0461762 
MCV_MP1_ISKNV_MK689685_1_MCV_MP1_ISKNV_MK689685.1_00062       2.1511728 2.1481110 3.1807927 2.1638010 0.9351203 0.9351203 0.9952723 0.8753352 0.0086112 0.0021422 0.0393983 0.0000010 0.0000000 0.0086112 0.0439381 0.0393983 0.0439381 0.0461387 0.0466508 0.1522770 0.0107915 0.0483416 0.0484015 0.0461762 
MCV_MP1_LBUSV_OP009387_1_MCV_MP1_LBUSV_OP009387.1_00065       2.1780373 2.1610384 3.1855060 2.2092994 0.9441552 0.9441552 0.9952723 0.8883941 0.0000010 0.0107811 0.0394022 0.0086112 0.0086112 0.0000000 0.0439426 0.0394022 0.0439426 0.0461435 0.0466508 0.1523173 0.0021464 0.0483467 0.0484067 0.0461810 
MCV_MP1_LYCI_AY779031_1_MCV_MP1_LYCI_AY779031.1_00069         2.1749280 2.1651158 3.1569602 2.1614137 0.9301115 0.9301115 0.9696971 0.8822364 0.0439426 0.0462103 0.0129221 0.0439381 0.0439381 0.0439426 0.0000000 0.0129221 0.0000010 0.0021428 0.0348498 0.1248823 0.0440788 0.0304266 0.0260071 0.0238270 
MCV_MP1_LYCI_MW139932_1_MCV_MP1_LYCI_MW139932.1_00066         2.1641662 2.1680458 3.1662801 2.1545874 0.9280520 0.9280520 0.9745909 0.8770108 0.0394022 0.0416557 0.0000010 0.0393983 0.0393983 0.0394022 0.0129221 0.0000000 0.0129221 0.0150769 0.0000010 0.1189934 0.0395251 0.0303421 0.0303797 0.0281945 
MCV_MP1_PI_MK098185_1_MCV_MP1_PI_MK098185.1_00065             2.1749280 2.1651158 3.1569602 2.1614137 0.9301115 0.9301115 0.9696971 0.8822364 0.0439426 0.0462103 0.0129221 0.0439381 0.0439381 0.0439426 0.0000010 0.0129221 0.0000000 0.0021428 0.0348498 0.1248823 0.0440788 0.0304266 0.0260071 0.0238270 
MCV_MP1_PI_MK098187_1_MCV_MP1_PI_MK098187.1_00065             2.1749280 2.1651158 3.1569602 2.1614137 0.9303838 0.9303838 0.9709453 0.8822364 0.0461435 0.0484146 0.0150769 0.0461387 0.0461387 0.0461435 0.0021428 0.0150769 0.0021428 0.0000000 0.0348498 0.1246598 0.0462873 0.0326025 0.0281765 0.0259950 
MCV_MP1_RBIV_AY532606_1_MCV_MP1_RBIV_AY532606.1_00065         0.0000010 0.0000010 6.2145274 0.0000010 1.0488790 1.0488790 1.0488790 0.0000010 0.0466508 0.0466508 0.0000010 0.0466508 0.0466508 0.0466508 0.0348498 0.0000010 0.0348498 0.0348498 0.0000000 2.0669993 0.0466508 0.0345333 0.0583860 0.0583860 
MCV_MP1_RBIV_AY532606_1_MCV_MP1_RBIV_AY532606.1_00066         2.1641662 2.1680458 3.1365219 2.1545874 1.0933660 1.0933660 2.8366356 0.8843745 0.1523173 0.1554225 0.1189934 0.1522770 0.1522770 0.1523173 0.1248823 0.1189934 0.1248823 0.1246598 2.0669993 0.0000000 0.1528947 0.1485184 0.1426321 0.1397419 
MCV_MP1_SKIV_MT986830_1_MCV_MP1_SKIV_MT986830.1_00066         2.1780373 2.1610384 3.1855060 2.2092994 0.9447216 0.9447216 0.9952723 0.8883941 0.0021464 0.0129704 0.0395251 0.0107915 0.0107915 0.0021464 0.0440788 0.0395251 0.0440788 0.0462873 0.0466508 0.1528947 0.0000000 0.0484972 0.0485576 0.0463251 
MCV_MP1_TRBIV_GQ273492_1_MCV_MP1_TRBIV_GQ273492.1_00064       2.1389353 2.1538069 3.2556867 2.2193732 0.9339585 0.9339585 0.9623188 0.8867940 0.0483467 0.0506214 0.0303421 0.0483416 0.0483416 0.0483467 0.0304266 0.0303421 0.0304266 0.0326025 0.0345333 0.1485184 0.0484972 0.0000000 0.0173051 0.0151338 
MCV_Unclassified_MG570131_1_MCV_Unclassified_MG570131.1_00064 2.1768359 2.1697666 3.2125925 2.1810493 0.9305502 0.9305502 0.9572825 0.8825228 0.0484067 0.0506842 0.0303797 0.0484015 0.0484015 0.0484067 0.0260071 0.0303797 0.0260071 0.0281765 0.0583860 0.1426321 0.0485576 0.0173051 0.0000000 0.0021465 
MCV_Unclassified_MG570132_1_MCV_Unclassified_MG570132.1_00064 2.1768359 2.1697666 3.2125925 2.1810493 0.9297848 0.9297848 0.9572825 0.8825228 0.0461810 0.0484540 0.0281945 0.0461762 0.0461762 0.0461810 0.0238270 0.0281945 0.0238270 0.0259950 0.0583860 0.1397419 0.0463251 0.0151338 0.0021465 0.0000000 
