13
AF371960_AF371960.1_00097 0.0000000 0.0391106 0.0391760 0.0604680 0.0391106 0.0602849 0.0602849 0.0391760 0.0000010 0.0064051 1.3547351 1.3547351 0.0064051 
AY894343_MK689686.1_00094 0.0391106 0.0000000 0.0118403 0.0490849 0.0000010 0.0551473 0.0551473 0.0118403 0.0391106 0.0323884 1.2863876 1.2863876 0.0323884 
BD143114_MK689686.1_00094 0.0391760 0.0118403 0.0000000 0.0491623 0.0118403 0.0552341 0.0552341 0.0000010 0.0391760 0.0324422 1.2862004 1.2862004 0.0324422 
GQ273492_GQ273492.1_00093 0.0604680 0.0490849 0.0491623 0.0000000 0.0490849 0.0180802 0.0180802 0.0491623 0.0604680 0.0534040 1.2934616 1.2934616 0.0534040 
KC244182_MK689686.1_00094 0.0391106 0.0000010 0.0118403 0.0490849 0.0000000 0.0551473 0.0551473 0.0118403 0.0391106 0.0323884 1.2863876 1.2863876 0.0323884 
MG570131_MG570131.1_00093 0.0602849 0.0551473 0.0552341 0.0180802 0.0551473 0.0000000 0.0000010 0.0552341 0.0602849 0.0532435 1.2798697 1.2798697 0.0532435 
MG570132_MG570132.1_00093 0.0602849 0.0551473 0.0552341 0.0180802 0.0551473 0.0000010 0.0000000 0.0552341 0.0602849 0.0532435 1.2798697 1.2798697 0.0532435 
MK098185_MK689686.1_00094 0.0391760 0.0118403 0.0000010 0.0491623 0.0118403 0.0552341 0.0552341 0.0000000 0.0391760 0.0324422 1.2862004 1.2862004 0.0324422 
MK689685_AF371960.1_00097 0.0000010 0.0391106 0.0391760 0.0604680 0.0391106 0.0602849 0.0602849 0.0391760 0.0000000 0.0064051 1.3547351 1.3547351 0.0064051 
MN432490_AF371960.1_00097 0.0064051 0.0323884 0.0324422 0.0534040 0.0323884 0.0532435 0.0532435 0.0324422 0.0064051 0.0000000 1.3258114 1.3258114 0.0000010 
MN562489_OM037668.1_00032 1.3547351 1.2863876 1.2862004 1.2934616 1.2863876 1.2798697 1.2798697 1.2862004 1.3547351 1.3258114 0.0000000 0.0000010 1.3258114 
MT521409_OM037668.1_00032 1.3547351 1.2863876 1.2862004 1.2934616 1.2863876 1.2798697 1.2798697 1.2862004 1.3547351 1.3258114 0.0000010 0.0000000 1.3258114 
MT986830_AF371960.1_00097 0.0064051 0.0323884 0.0324422 0.0534040 0.0323884 0.0532435 0.0532435 0.0324422 0.0064051 0.0000010 1.3258114 1.3258114 0.0000000 
