10
MK098186_Megalocytivirus_pagrus1_RSIV                    0.0000000 0.0205981 0.0205981 0.0000010 1.7077713 0.0290672 1.7077713 0.5892764 0.0291670 0.0290672 
ON212400_Megalocytivirus_pagrus1_ISKNV                   0.0205981 0.0000000 0.0000010 0.0205981 1.7210039 0.0249494 1.7210039 0.5558885 0.0250362 0.0249494 
MW883593_Megalocytivirus_pagrus1_ISKNV                   0.0205981 0.0000010 0.0000000 0.0205981 1.7210039 0.0249494 1.7210039 0.5558885 0.0250362 0.0249494 
MK098187_Megalocytivirus_pagrus1_RSIV                    0.0000010 0.0205981 0.0205981 0.0000000 1.7077713 0.0290672 1.7077713 0.5892764 0.0291670 0.0290672 
MN562489_Megalocytivirus_lates1_SDDV                     1.7077713 1.7210039 1.7210039 1.7077713 0.0000000 1.7148560 0.0000010 1.6282730 1.7282964 1.7148560 
MG570132_Megalocytivirus_pagrus1_TRBIV                   0.0290672 0.0249494 0.0249494 0.0290672 1.7148560 0.0000000 1.7148560 0.5656306 0.0040925 0.0000010 
MT521409_Megalocytivirus_lates1_SDDV                     1.7077713 1.7210039 1.7210039 1.7077713 0.0000010 1.7148560 0.0000000 1.6282730 1.7282964 1.7148560 
PQ335173_PQ335174_Threespine_stickleback_iridovirus_TSIV 0.5892764 0.5558885 0.5558885 0.5892764 1.6282730 0.5656306 1.6282730 0.0000000 0.5733464 0.5656306 
GQ273492_Megalocytivirus_pagrus1_TRBIV                   0.0291670 0.0250362 0.0250362 0.0291670 1.7282964 0.0040925 1.7282964 0.5733464 0.0000000 0.0040925 
MG570131_Megalocytivirus_pagrus1_TRBIV                   0.0290672 0.0249494 0.0249494 0.0290672 1.7148560 0.0000010 1.7148560 0.5656306 0.0040925 0.0000000 
