19
MK637631_European_chub_iridovirus_ECIV                   0.0000000 1.6402660 1.6274156 1.6042934 1.6042934 1.6402660 0.8220598 1.6340005 1.6747895 1.6042021 1.6340005 1.7276537 1.6445851 0.8220598 1.6274156 1.7276537 1.7187580 1.6747895 1.6405805 
MK689685_Megalocytivirus_pagrus1_ISKNV                   1.6402660 0.0000000 0.0369020 0.0306609 0.0306609 0.0000010 1.4815763 0.0060731 0.0306762 0.0368625 0.0060731 0.0749343 0.8438767 1.4815763 0.0369020 0.0749343 0.0494282 0.0306762 0.0060728 
AB104413_Megalocytivirus_pagrus1_RSIV                    1.6274156 0.0369020 0.0000000 0.0060800 0.0060800 0.0369020 1.4893987 0.0432106 0.0307519 0.0121825 0.0432106 0.0879545 0.8654632 1.4893987 0.0000010 0.0879545 0.0621534 0.0307519 0.0432083 
ON075463_Megalocytivirus_pagrus1_RSIV                    1.6042934 0.0306609 0.0060800 0.0000000 0.0000010 0.0306609 1.4713186 0.0369276 0.0369168 0.0060736 0.0369276 0.0814217 0.8535549 1.4713186 0.0060800 0.0814217 0.0557692 0.0369168 0.0369257 
MK689686_Megalocytivirus_pagrus1_RSIV                    1.6042934 0.0306609 0.0060800 0.0000010 0.0000000 0.0306609 1.4713186 0.0369276 0.0369168 0.0060736 0.0369276 0.0814217 0.8535549 1.4713186 0.0060800 0.0814217 0.0557692 0.0369168 0.0369257 
MW883596_Megalocytivirus_pagrus1_ISKNV                   1.6402660 0.0000010 0.0369020 0.0306609 0.0306609 0.0000000 1.4815763 0.0060731 0.0306762 0.0368625 0.0060731 0.0749343 0.8438767 1.4815763 0.0369020 0.0749343 0.0494282 0.0306762 0.0060728 
MN562489_Megalocytivirus_lates1_SDDV                     0.8220598 1.4815763 1.4893987 1.4713186 1.4713186 1.4815763 0.0000000 1.4837261 1.5348725 1.4893150 1.4837261 1.5507908 1.5228487 0.0000010 1.4893987 1.5507908 1.5576282 1.5348725 1.4816707 
MT986830_Megalocytivirus_pagrus1_ISKNV                   1.6340005 0.0060731 0.0432106 0.0369276 0.0369276 0.0060731 1.4837261 0.0000000 0.0369462 0.0431640 0.0000010 0.0814854 0.8442402 1.4837261 0.0432106 0.0814854 0.0558132 0.0369462 0.0121892 
OL774655_Megalocytivirus_pagrus1_RSIV                    1.6747895 0.0306762 0.0307519 0.0369168 0.0369168 0.0306762 1.5348725 0.0369462 0.0000000 0.0431516 0.0369462 0.0685924 0.8737622 1.5348725 0.0307519 0.0685924 0.0306631 0.0000010 0.0369443 
OQ475017_Megalocytivirus_pagrus1_RSIV                    1.6042021 0.0368625 0.0121825 0.0060736 0.0060736 0.0368625 1.4893150 0.0431640 0.0431516 0.0000000 0.0431640 0.0878563 0.8520876 1.4893150 0.0121825 0.0878563 0.0620854 0.0431516 0.0431617 
PP151097_Megalocytivirus_pagrus1_ISKNV                   1.6340005 0.0060731 0.0432106 0.0369276 0.0369276 0.0060731 1.4837261 0.0000010 0.0369462 0.0431640 0.0000000 0.0814854 0.8442402 1.4837261 0.0432106 0.0814854 0.0558132 0.0369462 0.0121892 
MG570132_Megalocytivirus_pagrus1_TRBIV                   1.7276537 0.0749343 0.0879545 0.0814217 0.0814217 0.0749343 1.5507908 0.0814854 0.0685924 0.0878563 0.0814854 0.0000000 0.8876962 1.5507908 0.0879545 0.0000010 0.0490460 0.0685924 0.0814802 
PQ335173_PQ335174_Threespine_stickleback_iridovirus_TSIV 1.6445851 0.8438767 0.8654632 0.8535549 0.8535549 0.8438767 1.5228487 0.8442402 0.8737622 0.8520876 0.8442402 0.8876962 0.0000000 1.5228487 0.8654632 0.8876962 0.8717704 0.8737622 0.8541052 
MT521409_Megalocytivirus_lates1_SDDV                     0.8220598 1.4815763 1.4893987 1.4713186 1.4713186 1.4815763 0.0000010 1.4837261 1.5348725 1.4893150 1.4837261 1.5507908 1.5228487 0.0000000 1.4893987 1.5507908 1.5576282 1.5348725 1.4816707 
BD143114_Megalocytivirus_pagrus1_RSIV                    1.6274156 0.0369020 0.0000010 0.0060800 0.0060800 0.0369020 1.4893987 0.0432106 0.0307519 0.0121825 0.0432106 0.0879545 0.8654632 1.4893987 0.0000000 0.0879545 0.0621534 0.0307519 0.0432083 
MG570131_Megalocytivirus_pagrus1_TRBIV                   1.7276537 0.0749343 0.0879545 0.0814217 0.0814217 0.0749343 1.5507908 0.0814854 0.0685924 0.0878563 0.0814854 0.0000010 0.8876962 1.5507908 0.0879545 0.0000000 0.0490460 0.0685924 0.0814802 
GQ273492_Megalocytivirus_pagrus1_TRBIV                   1.7187580 0.0494282 0.0621534 0.0557692 0.0557692 0.0494282 1.5576282 0.0558132 0.0306631 0.0620854 0.0558132 0.0490460 0.8717704 1.5576282 0.0621534 0.0490460 0.0000000 0.0306631 0.0558100 
OL774654_Megalocytivirus_pagrus1_RSIV                    1.6747895 0.0306762 0.0307519 0.0369168 0.0369168 0.0306762 1.5348725 0.0369462 0.0000010 0.0431516 0.0369462 0.0685924 0.8737622 1.5348725 0.0307519 0.0685924 0.0306631 0.0000000 0.0369443 
MW883601_Megalocytivirus_pagrus1_ISKNV                   1.6405805 0.0060728 0.0432083 0.0369257 0.0369257 0.0060728 1.4816707 0.0121892 0.0369443 0.0431617 0.0121892 0.0814802 0.8541052 1.4816707 0.0432083 0.0814802 0.0558100 0.0369443 0.0000000 
