18
MK689685_Megalocytivirus_pagrus1_ISKNV                   0.0000000 0.0369017 0.0306607 0.0306607 0.0000010 1.4815764 0.0060730 0.0306759 0.0368621 0.0060730 0.0749343 0.8438767 1.4815764 0.0369017 0.0749343 0.0494277 0.0306759 0.0060728 
AB104413_Megalocytivirus_pagrus1_RSIV                    0.0369017 0.0000000 0.0060799 0.0060799 0.0369017 1.4893978 0.0432102 0.0307517 0.0121824 0.0432102 0.0879545 0.8654636 1.4893978 0.0000010 0.0879545 0.0621526 0.0307517 0.0432079 
ON075463_Megalocytivirus_pagrus1_RSIV                    0.0306607 0.0060799 0.0000000 0.0000010 0.0306607 1.4713186 0.0369273 0.0369165 0.0060736 0.0369273 0.0814217 0.8535558 1.4713186 0.0060799 0.0814217 0.0557685 0.0369165 0.0369254 
MK689686_Megalocytivirus_pagrus1_RSIV                    0.0306607 0.0060799 0.0000010 0.0000000 0.0306607 1.4713186 0.0369273 0.0369165 0.0060736 0.0369273 0.0814217 0.8535558 1.4713186 0.0060799 0.0814217 0.0557685 0.0369165 0.0369254 
MW883596_Megalocytivirus_pagrus1_ISKNV                   0.0000010 0.0369017 0.0306607 0.0306607 0.0000000 1.4815764 0.0060730 0.0306759 0.0368621 0.0060730 0.0749343 0.8438767 1.4815764 0.0369017 0.0749343 0.0494277 0.0306759 0.0060728 
MN562489_Megalocytivirus_lates1_SDDV                     1.4815764 1.4893978 1.4713186 1.4713186 1.4815764 0.0000000 1.4837262 1.5348725 1.4893150 1.4837262 1.5507910 1.5228488 0.0000010 1.4893978 1.5507910 1.5576279 1.5348725 1.4816708 
MT986830_Megalocytivirus_pagrus1_ISKNV                   0.0060730 0.0432102 0.0369273 0.0369273 0.0060730 1.4837262 0.0000000 0.0369458 0.0431636 0.0000010 0.0814854 0.8442401 1.4837262 0.0432102 0.0814854 0.0558126 0.0369458 0.0121891 
OL774655_Megalocytivirus_pagrus1_RSIV                    0.0306759 0.0307517 0.0369165 0.0369165 0.0306759 1.5348725 0.0369458 0.0000000 0.0431512 0.0369458 0.0685915 0.8737630 1.5348725 0.0307517 0.0685915 0.0306628 0.0000010 0.0369440 
OQ475017_Megalocytivirus_pagrus1_RSIV                    0.0368621 0.0121824 0.0060736 0.0060736 0.0368621 1.4893150 0.0431636 0.0431512 0.0000000 0.0431636 0.0878562 0.8520876 1.4893150 0.0121824 0.0878562 0.0620846 0.0431512 0.0431613 
PP151097_Megalocytivirus_pagrus1_ISKNV                   0.0060730 0.0432102 0.0369273 0.0369273 0.0060730 1.4837262 0.0000010 0.0369458 0.0431636 0.0000000 0.0814854 0.8442401 1.4837262 0.0432102 0.0814854 0.0558126 0.0369458 0.0121891 
MG570132_Megalocytivirus_pagrus1_TRBIV                   0.0749343 0.0879545 0.0814217 0.0814217 0.0749343 1.5507910 0.0814854 0.0685915 0.0878562 0.0814854 0.0000000 0.8876960 1.5507910 0.0879545 0.0000010 0.0490453 0.0685915 0.0814802 
PQ335173_PQ335174_Threespine_stickleback_iridovirus_TSIV 0.8438767 0.8654636 0.8535558 0.8535558 0.8438767 1.5228488 0.8442401 0.8737630 0.8520876 0.8442401 0.8876960 0.0000000 1.5228488 0.8654636 0.8876960 0.8717703 0.8737630 0.8541061 
MT521409_Megalocytivirus_lates1_SDDV                     1.4815764 1.4893978 1.4713186 1.4713186 1.4815764 0.0000010 1.4837262 1.5348725 1.4893150 1.4837262 1.5507910 1.5228488 0.0000000 1.4893978 1.5507910 1.5576279 1.5348725 1.4816708 
BD143114_Megalocytivirus_pagrus1_RSIV                    0.0369017 0.0000010 0.0060799 0.0060799 0.0369017 1.4893978 0.0432102 0.0307517 0.0121824 0.0432102 0.0879545 0.8654636 1.4893978 0.0000000 0.0879545 0.0621526 0.0307517 0.0432079 
MG570131_Megalocytivirus_pagrus1_TRBIV                   0.0749343 0.0879545 0.0814217 0.0814217 0.0749343 1.5507910 0.0814854 0.0685915 0.0878562 0.0814854 0.0000010 0.8876960 1.5507910 0.0879545 0.0000000 0.0490453 0.0685915 0.0814802 
GQ273492_Megalocytivirus_pagrus1_TRBIV                   0.0494277 0.0621526 0.0557685 0.0557685 0.0494277 1.5576279 0.0558126 0.0306628 0.0620846 0.0558126 0.0490453 0.8717703 1.5576279 0.0621526 0.0490453 0.0000000 0.0306628 0.0558094 
OL774654_Megalocytivirus_pagrus1_RSIV                    0.0306759 0.0307517 0.0369165 0.0369165 0.0306759 1.5348725 0.0369458 0.0000010 0.0431512 0.0369458 0.0685915 0.8737630 1.5348725 0.0307517 0.0685915 0.0306628 0.0000000 0.0369440 
MW883601_Megalocytivirus_pagrus1_ISKNV                   0.0060728 0.0432079 0.0369254 0.0369254 0.0060728 1.4816708 0.0121891 0.0369440 0.0431613 0.0121891 0.0814802 0.8541061 1.4816708 0.0432079 0.0814802 0.0558094 0.0369440 0.0000000 
