26
AY894343_Megalocytivirus_pagrus1_RSIV                    0.0000000 0.0911670 0.0926461 0.0926461 0.0064642 0.0194948 1.9970414 0.0911670 1.8000905 0.9607385 1.4213783 0.0000010 0.5516442 1.4393998 0.0194948 1.9871994 2.2163156 0.1287106 1.9103177 0.0260988 0.1192142 0.9607385 1.4621436 1.8217757 0.1107505 0.1287106 
OP009387_Megalocytivirus_pagrus1_ISKNV                   0.0911670 0.0000000 0.0131693 0.0131693 0.0837355 0.0835823 2.0409105 0.0000010 1.8334649 0.9755309 1.4087464 0.0911670 0.4988122 1.4299197 0.0835823 1.8823460 2.1531545 0.1110869 1.9627269 0.0909198 0.1106923 0.9755309 1.4528904 1.8967096 0.1100013 0.1110869 
MW883606_Megalocytivirus_pagrus1_ISKNV                   0.0926461 0.0131693 0.0000000 0.0000010 0.0850922 0.0849332 2.0064589 0.0131693 1.8290757 0.9755309 1.4633737 0.0926461 0.4988122 1.4373795 0.0849332 1.9298524 2.1317599 0.1097289 1.9291757 0.0923900 0.1285577 0.9755309 1.4603792 1.9157627 0.1277392 0.1097289 
MW883599_Megalocytivirus_pagrus1_ISKNV                   0.0926461 0.0131693 0.0000010 0.0000000 0.0850922 0.0849332 2.0064589 0.0131693 1.8290757 0.9755309 1.4633737 0.0926461 0.4988122 1.4373795 0.0849332 1.9298524 2.1317599 0.1097289 1.9291757 0.0923900 0.1285577 0.9755309 1.4603792 1.9157627 0.1277392 0.1097289 
MW883598_Megalocytivirus_pagrus1_RSIV                    0.0064642 0.0837355 0.0850922 0.0850922 0.0000000 0.0129330 2.0114310 0.0837355 1.8263475 0.9607740 1.4190866 0.0064642 0.5375264 1.4369013 0.0129330 1.9844726 2.2201857 0.1205444 1.9242717 0.0194789 0.1112099 0.9607740 1.4596872 1.8193223 0.1028596 0.1205444 
MK098185_Megalocytivirus_pagrus1_RSIV                    0.0194948 0.0835823 0.0849332 0.0849332 0.0129330 0.0000000 2.0330023 0.0835823 1.7771950 0.9484664 1.3975248 0.0194948 0.5311257 1.4213992 0.0000010 1.9341216 2.1642381 0.1200455 1.9557032 0.0064637 0.1107354 0.9484664 1.4217210 1.7666433 0.1024072 0.1200455 
HF920637_Iridovirus_armadillidium1_n/a                   1.9970414 2.0409105 2.0064589 2.0064589 2.0114310 2.0330023 0.0000000 2.0409105 1.5300478 1.9389416 1.7896365 1.9970414 1.8863002 1.9426485 2.0330023 2.6567350 2.6692127 1.9091204 0.3362236 2.0546335 1.9068449 1.9389416 1.8967157 1.4455024 1.9068449 1.9091204 
PP974677_Megalocytivirus_pagrus1_ISKNV                   0.0911670 0.0000010 0.0131693 0.0131693 0.0837355 0.0835823 2.0409105 0.0000000 1.8334649 0.9755309 1.4087464 0.0911670 0.4988122 1.4299197 0.0835823 1.8823460 2.1531545 0.1110869 1.9627269 0.0909198 0.1106923 0.9755309 1.4528904 1.8967096 0.1100013 0.1110869 
KF938901_Chloriridovirus_anopheles1_n/a                  1.8000905 1.8334649 1.8290757 1.8290757 1.8263475 1.7771950 1.5300478 1.8334649 0.0000000 1.8139310 1.6794333 1.8000905 1.5336284 1.7434182 1.7771950 2.9807647 2.8529455 2.0440973 1.4285320 1.7969222 2.0253946 1.8139310 1.7498064 0.4648162 2.0367550 2.0440973 
MN562489_Megalocytivirus_lates1_SDDV                     0.9607385 0.9755309 0.9755309 0.9755309 0.9607740 0.9484664 1.9389416 0.9755309 1.8139310 0.0000000 1.6370725 0.9607385 0.9390512 1.3986155 0.9484664 1.4795842 2.2139022 0.9708175 1.8804626 0.9647776 0.9819328 0.0000010 1.4087660 1.5824957 0.9812753 0.9708175 
MF599468_Decapodiridovirus_litopenaeus1_n/a              1.4213783 1.4087464 1.4633737 1.4633737 1.4190866 1.3975248 1.7896365 1.4087464 1.6794333 1.6370725 0.0000000 1.4213783 1.5197614 1.4781647 1.3975248 2.2266460 2.7721293 1.4835162 1.7797556 1.4149182 1.4487753 1.6370725 1.4132877 1.7324766 1.4551226 1.4835162 
ON743042_Megalocytivirus_pagrus1_RSIV                    0.0000010 0.0911670 0.0926461 0.0926461 0.0064642 0.0194948 1.9970414 0.0911670 1.8000905 0.9607385 1.4213783 0.0000000 0.5516442 1.4393998 0.0194948 1.9871994 2.2163156 0.1287106 1.9103177 0.0260988 0.1192142 0.9607385 1.4621436 1.8217757 0.1107505 0.1287106 
PQ335173_PQ335174_Threespine_stickleback_iridovirus_TSIV 0.5516442 0.4988122 0.4988122 0.4988122 0.5375264 0.5311257 1.8863002 0.4988122 1.5336284 0.9390512 1.5197614 0.5516442 0.0000000 1.6296672 0.5311257 1.8261981 1.8617914 0.5064451 1.9478542 0.5444384 0.5288051 0.9390512 1.5372252 1.6552199 0.5244328 0.5064451 
MN803438_Lymphocystivirus_micropogonias1_n/a             1.4393998 1.4299197 1.4373795 1.4373795 1.4369013 1.4213992 1.9426485 1.4299197 1.7434182 1.3986155 1.4781647 1.4393998 1.6296672 0.0000000 1.4213992 1.6660287 2.2170037 1.5500505 1.9227054 1.4403140 1.5345391 1.3986155 0.1715939 1.5711767 1.5345391 1.5500505 
OL774654_Megalocytivirus_pagrus1_RSIV                    0.0194948 0.0835823 0.0849332 0.0849332 0.0129330 0.0000010 2.0330023 0.0835823 1.7771950 0.9484664 1.3975248 0.0194948 0.5311257 1.4213992 0.0000000 1.9341216 2.1642381 0.1200455 1.9557032 0.0064637 0.1107354 0.9484664 1.4217210 1.7666433 0.1024072 0.1200455 
AY521625_Ranavirus_epinephelus1_n/a                      1.9871994 1.8823460 1.9298524 1.9298524 1.9844726 1.9341216 2.6567350 1.8823460 2.9807647 1.4795842 2.2266460 1.9871994 1.8261981 1.6660287 1.9341216 0.0000000 0.9171493 2.1068311 2.3988493 1.9566824 2.0939784 1.4795842 1.8383446 2.5088410 2.0939784 2.1068311 
NC_005946_Ranavirus_rana1_n/a                            2.2163156 2.1531545 2.1317599 2.1317599 2.2201857 2.1642381 2.6692127 2.1531545 2.8529455 2.2139022 2.7721293 2.2163156 1.8617914 2.2170037 2.1642381 0.9171493 0.0000000 2.4404277 2.5539429 2.1880298 2.4249097 2.2139022 2.2037425 2.8633558 2.4249097 2.4404277 
MG570131_Megalocytivirus_pagrus1_TRBIV                   0.1287106 0.1110869 0.1097289 0.1097289 0.1205444 0.1200455 1.9091204 0.1110869 2.0440973 0.9708175 1.4835162 0.1287106 0.5064451 1.5500505 0.1200455 2.1068311 2.4404277 0.0000000 1.8381662 0.1280863 0.0134082 0.9708175 1.4942626 2.1276019 0.0133309 0.0000010 
AF303741_Iridovirus_chilo1_n/a                           1.9103177 1.9627269 1.9291757 1.9291757 1.9242717 1.9557032 0.3362236 1.9627269 1.4285320 1.8804626 1.7797556 1.9103177 1.9478542 1.9227054 1.9557032 2.3988493 2.5539429 1.8381662 0.0000000 1.9772407 1.8358981 1.8804626 2.0408510 1.4141400 1.8358981 1.8381662 
OQ475017_Megalocytivirus_pagrus1_RSIV                    0.0260988 0.0909198 0.0923900 0.0923900 0.0194789 0.0064637 2.0546335 0.0909198 1.7969222 0.9647776 1.4149182 0.0260988 0.5444384 1.4403140 0.0064637 1.9566824 2.1880298 0.1280863 1.9772407 0.0000000 0.1186213 0.9647776 1.4404359 1.7865355 0.1101855 0.1280863 
GQ273492_Megalocytivirus_pagrus1_TRBIV                   0.1192142 0.1106923 0.1285577 0.1285577 0.1112099 0.1107354 1.9068449 0.1106923 2.0253946 0.9819328 1.4487753 0.1192142 0.5288051 1.5345391 0.1107354 2.0939784 2.4249097 0.0134082 1.8358981 0.1186213 0.0000000 0.9819328 1.4797607 2.0941677 0.0065628 0.0134082 
MT521409_Megalocytivirus_lates1_SDDV                     0.9607385 0.9755309 0.9755309 0.9755309 0.9607740 0.9484664 1.9389416 0.9755309 1.8139310 0.0000010 1.6370725 0.9607385 0.9390512 1.3986155 0.9484664 1.4795842 2.2139022 0.9708175 1.8804626 0.9647776 0.9819328 0.0000000 1.4087660 1.5824957 0.9812753 0.9708175 
KX643370_Lymphocystivirus_sparus1_n/a                    1.4621436 1.4528904 1.4603792 1.4603792 1.4596872 1.4217210 1.8967157 1.4528904 1.7498064 1.4087660 1.4132877 1.4621436 1.5372252 0.1715939 1.4217210 1.8383446 2.2037425 1.4942626 2.0408510 1.4404359 1.4797607 1.4087660 0.0000000 1.5541502 1.4797607 1.4942626 
HF920633_Chloriridovirus_simulium1_n/a                   1.8217757 1.8967096 1.9157627 1.9157627 1.8193223 1.7666433 1.4455024 1.8967096 0.4648162 1.5824957 1.7324766 1.8217757 1.6552199 1.5711767 1.7666433 2.5088410 2.8633558 2.1276019 1.4141400 1.7865355 2.0941677 1.5824957 1.5541502 0.0000000 2.1060699 2.1276019 
OK042109_Megalocytivirus_pagrus1_RSIV                    0.1107505 0.1100013 0.1277392 0.1277392 0.1028596 0.1024072 1.9068449 0.1100013 2.0367550 0.9812753 1.4551226 0.1107505 0.5244328 1.5345391 0.1024072 2.0939784 2.4249097 0.0133309 1.8358981 0.1101855 0.0065628 0.9812753 1.4797607 2.1060699 0.0000000 0.0133309 
MG570132_Megalocytivirus_pagrus1_TRBIV                   0.1287106 0.1110869 0.1097289 0.1097289 0.1205444 0.1200455 1.9091204 0.1110869 2.0440973 0.9708175 1.4835162 0.1287106 0.5064451 1.5500505 0.1200455 2.1068311 2.4404277 0.0000010 1.8381662 0.1280863 0.0134082 0.9708175 1.4942626 2.1276019 0.0133309 0.0000000 
