27
MK637631_European_chub_iridovirus_ECIV                   0.0000000 0.9489842 0.9606421 0.9606421 0.9606421 0.9465170 0.9385484 2.0044248 0.9606421 1.9724727 0.4195307 1.5648162 0.9489842 1.0094309 1.4132157 0.9385484 1.6967757 2.3888542 0.9707018 2.1218294 0.9551102 0.9792418 0.4195307 1.3205242 1.7586558 0.9474745 0.9707018 
AY894343_Megalocytivirus_pagrus1_RSIV                    0.9489842 0.0000000 0.0909968 0.0924316 0.0924316 0.0064636 0.0194921 1.9507102 0.0909968 1.7678803 0.9478347 1.3944685 0.0000010 0.5461665 1.4146828 0.0194921 1.9438512 2.1789895 0.1282395 1.8665460 0.0260928 0.1188221 0.9478347 1.4359671 1.7815415 0.1104226 0.1282395 
OP009387_Megalocytivirus_pagrus1_ISKNV                   0.9606421 0.0909968 0.0000000 0.0131631 0.0131631 0.0835854 0.0834382 1.9935006 0.0000010 1.7959317 0.9619817 1.3816668 0.0909968 0.4939691 1.4058727 0.0834382 1.8442885 2.1162723 0.1107081 1.9198623 0.0907553 0.1103278 0.9619817 1.4273980 1.8486695 0.1096569 0.1107081 
MW883606_Megalocytivirus_pagrus1_ISKNV                   0.9606421 0.0924316 0.0131631 0.0000000 0.0000010 0.0849017 0.0847490 1.9618933 0.0131631 1.7916954 0.9619817 1.4340342 0.0924316 0.4939691 1.4132173 0.0847490 1.8906498 2.0948949 0.1094067 1.8888654 0.0921827 0.1280662 0.9619817 1.4347459 1.8676768 0.1272722 0.1094067 
MW883599_Megalocytivirus_pagrus1_ISKNV                   0.9606421 0.0924316 0.0131631 0.0000010 0.0000000 0.0849017 0.0847490 1.9618933 0.0131631 1.7916954 0.9619817 1.4340342 0.0924316 0.4939691 1.4132173 0.0847490 1.8906498 2.0948949 0.1094067 1.8888654 0.0921827 0.1280662 0.9619817 1.4347459 1.8676768 0.1272722 0.1094067 
MW883598_Megalocytivirus_pagrus1_RSIV                    0.9465170 0.0064636 0.0835854 0.0849017 0.0849017 0.0000000 0.0129324 1.9649494 0.0835854 1.7922212 0.9478173 1.3921179 0.0064636 0.5321635 1.4121037 0.0129324 1.9410741 2.1829697 0.1201108 1.8803775 0.0194760 0.1108516 0.9478173 1.4334378 1.7790342 0.1025619 0.1201108 
MK098185_Megalocytivirus_pagrus1_RSIV                    0.9385484 0.0194921 0.0834382 0.0847490 0.0847490 0.0129324 0.0000000 1.9841403 0.0834382 1.7439180 0.9359526 1.3710843 0.0194921 0.5258751 1.3957272 0.0000010 1.8932974 2.1295129 0.1196173 1.9113817 0.0064630 0.1103829 0.9359526 1.3957743 1.7275231 0.1021156 0.1196173 
HF920637_Iridovirus_armadillidium1_n/a                   2.0044248 1.9507102 1.9935006 1.9618933 1.9618933 1.9649494 1.9841403 0.0000000 1.9935006 1.5048462 1.8990862 1.7507360 1.9507102 1.8406227 1.9071803 1.9841403 2.5817058 2.6121933 1.8649287 0.3342890 2.0036766 1.8626617 1.8990862 1.8629013 1.4195911 1.8626617 1.8649287 
PP974677_Megalocytivirus_pagrus1_ISKNV                   0.9606421 0.0909968 0.0000010 0.0131631 0.0131631 0.0835854 0.0834382 1.9935006 0.0000000 1.7959317 0.9619817 1.3816668 0.0909968 0.4939691 1.4058727 0.0834382 1.8442885 2.1162723 0.1107081 1.9198623 0.0907553 0.1103278 0.9619817 1.4273980 1.8486695 0.1096569 0.1107081 
KF938901_Chloriridovirus_anopheles1_n/a                  1.9724727 1.7678803 1.7959317 1.7916954 1.7916954 1.7922212 1.7439180 1.5048462 1.7959317 0.0000000 1.7776154 1.6472442 1.7678803 1.5041199 1.7132553 1.7439180 2.9224032 2.8022465 2.0012847 1.4060298 1.7622575 1.9829936 1.7776154 1.7211046 0.4612503 1.9941994 2.0012847 
MN562489_Megalocytivirus_lates1_SDDV                     0.4195307 0.9478347 0.9619817 0.9619817 0.9619817 0.9478173 0.9359526 1.8990862 0.9619817 1.7776154 0.0000000 1.6109468 0.9478347 0.9263345 1.3743828 0.9359526 1.4536374 2.1773109 0.9574995 1.8421896 0.9519640 0.9684793 0.0000010 1.3833274 1.5528902 0.9678496 0.9574995 
MF599468_Decapodiridovirus_litopenaeus1_n/a              1.5648162 1.3944685 1.3816668 1.4340342 1.4340342 1.3921179 1.3710843 1.7507360 1.3816668 1.6472442 1.6109468 0.0000000 1.3944685 1.4919411 1.4513911 1.3710843 2.1817552 2.7063718 1.4543190 1.7410188 1.3876526 1.4205880 1.6109468 1.3881534 1.6952358 1.4265242 1.4543190 
ON743042_Megalocytivirus_pagrus1_RSIV                    0.9489842 0.0000010 0.0909968 0.0924316 0.0924316 0.0064636 0.0194921 1.9507102 0.0909968 1.7678803 0.9478347 1.3944685 0.0000000 0.5461665 1.4146828 0.0194921 1.9438512 2.1789895 0.1282395 1.8665460 0.0260928 0.1188221 0.9478347 1.4359671 1.7815415 0.1104226 0.1282395 
PQ335173_PQ335174_Threespine_stickleback_iridovirus_TSIV 1.0094309 0.5461665 0.4939691 0.4939691 0.4939691 0.5321635 0.5258751 1.8406227 0.4939691 1.5041199 0.9263345 1.4919411 0.5461665 0.0000000 1.5998134 0.5258751 1.7885302 1.8320644 0.5016263 1.9069203 0.5390971 0.5236262 0.9263345 1.5078072 1.6226589 0.5193851 0.5016263 
MN803438_Lymphocystivirus_micropogonias1_n/a             1.4132157 1.4146828 1.4058727 1.4132173 1.4132173 1.4121037 1.3957272 1.9071803 1.4058727 1.7132553 1.3743828 1.4513911 1.4146828 1.5998134 0.0000000 1.3957272 1.6291661 2.1756971 1.5209493 1.8930704 1.4138068 1.5057349 1.3743828 0.1707038 1.5414211 1.5057349 1.5209493 
OL774654_Megalocytivirus_pagrus1_RSIV                    0.9385484 0.0194921 0.0834382 0.0847490 0.0847490 0.0129324 0.0000010 1.9841403 0.0834382 1.7439180 0.9359526 1.3710843 0.0194921 0.5258751 1.3957272 0.0000000 1.8932974 2.1295129 0.1196173 1.9113817 0.0064630 0.1103829 0.9359526 1.3957743 1.7275231 0.1021156 0.1196173 
AY521625_Ranavirus_epinephelus1_n/a                      1.6967757 1.9438512 1.8442885 1.8906498 1.8906498 1.9410741 1.8932974 2.5817058 1.8442885 2.9224032 1.4536374 2.1817552 1.9438512 1.7885302 1.6291661 1.8932974 0.0000000 0.9061135 2.0621664 2.3319932 1.9140015 2.0497871 1.4536374 1.7933556 2.4649089 2.0497871 2.0621664 
NC_005946_Ranavirus_rana1_n/a                            2.3888542 2.1789895 2.1162723 2.0948949 2.0948949 2.1829697 2.1295129 2.6121933 2.1162723 2.8022465 2.1773109 2.7063718 2.1789895 1.8320644 2.1756971 2.1295129 0.9061135 0.0000000 2.3969372 2.5004837 2.1510709 2.3816258 2.1773109 2.1596675 2.8153278 2.3816258 2.3969372 
MG570131_Megalocytivirus_pagrus1_TRBIV                   0.9707018 0.1282395 0.1107081 0.1094067 0.1094067 0.1201108 0.1196173 1.8649287 0.1107081 2.0012847 0.9574995 1.4543190 0.1282395 0.5016263 1.5209493 0.1196173 2.0621664 2.3969372 0.0000000 1.7963266 0.1276187 0.0133979 0.9574995 1.4652766 2.0742326 0.0133225 0.0000010 
AF303741_Iridovirus_chilo1_n/a                           2.1218294 1.8665460 1.9198623 1.8888654 1.8888654 1.8803775 1.9113817 0.3342890 1.9198623 1.4060298 1.8421896 1.7410188 1.8665460 1.9069203 1.8930704 1.9113817 2.3319932 2.5004837 1.7963266 0.0000000 1.9310352 1.7940623 1.8421896 2.0047579 1.3903021 1.7940623 1.7963266 
OQ475017_Megalocytivirus_pagrus1_RSIV                    0.9551102 0.0260928 0.0907553 0.0921827 0.0921827 0.0194760 0.0064630 2.0036766 0.0907553 1.7622575 0.9519640 1.3876526 0.0260928 0.5390971 1.4138068 0.0064630 1.9140015 2.1510709 0.1276187 1.9310352 0.0000000 0.1182333 0.9519640 1.4136320 1.7459651 0.1098621 0.1276187 
GQ273492_Megalocytivirus_pagrus1_TRBIV                   0.9792418 0.1188221 0.1103278 0.1280662 0.1280662 0.1108516 0.1103829 1.8626617 0.1103278 1.9829936 0.9684793 1.4205880 0.1188221 0.5236262 1.5057349 0.1103829 2.0497871 2.3816258 0.0133979 1.7940623 0.1182333 0.0000000 0.9684793 1.4511213 2.0414218 0.0065610 0.0133979 
MT521409_Megalocytivirus_lates1_SDDV                     0.4195307 0.9478347 0.9619817 0.9619817 0.9619817 0.9478173 0.9359526 1.8990862 0.9619817 1.7776154 0.0000010 1.6109468 0.9478347 0.9263345 1.3743828 0.9359526 1.4536374 2.1773109 0.9574995 1.8421896 0.9519640 0.9684793 0.0000000 1.3833274 1.5528902 0.9678496 0.9574995 
KX643370_Lymphocystivirus_sparus1_n/a                    1.3205242 1.4359671 1.4273980 1.4347459 1.4347459 1.4334378 1.3957743 1.8629013 1.4273980 1.7211046 1.3833274 1.3881534 1.4359671 1.5078072 0.1707038 1.3957743 1.7933556 2.1596675 1.4652766 2.0047579 1.4136320 1.4511213 1.3833274 0.0000000 1.5249876 1.4511213 1.4652766 
HF920633_Chloriridovirus_simulium1_n/a                   1.7586558 1.7815415 1.8486695 1.8676768 1.8676768 1.7790342 1.7275231 1.4195911 1.8486695 0.4612503 1.5528902 1.6952358 1.7815415 1.6226589 1.5414211 1.7275231 2.4649089 2.8153278 2.0742326 1.3903021 1.7459651 2.0414218 1.5528902 1.5249876 0.0000000 2.0530905 2.0742326 
OK042109_Megalocytivirus_pagrus1_RSIV                    0.9474745 0.1104226 0.1096569 0.1272722 0.1272722 0.1025619 0.1021156 1.8626617 0.1096569 1.9941994 0.9678496 1.4265242 0.1104226 0.5193851 1.5057349 0.1021156 2.0497871 2.3816258 0.0133225 1.7940623 0.1098621 0.0065610 0.9678496 1.4511213 2.0530905 0.0000000 0.0133225 
MG570132_Megalocytivirus_pagrus1_TRBIV                   0.9707018 0.1282395 0.1107081 0.1094067 0.1094067 0.1201108 0.1196173 1.8649287 0.1107081 2.0012847 0.9574995 1.4543190 0.1282395 0.5016263 1.5209493 0.1196173 2.0621664 2.3969372 0.0000010 1.7963266 0.1276187 0.0133979 0.9574995 1.4652766 2.0742326 0.0133225 0.0000000 
