36
Chlor_AMIV_KF938901_1_Chlor_AMIV_KF938901.1_00126             0.0000000 0.4689425 1.8246889 1.5620222 2.5112353 1.3509467 1.8026446 1.1841615 1.8975781 2.5190796 2.4967383 2.7289940 2.7289940 2.6920204 2.7140086 2.7058697 2.7140086 2.6920204 2.8139873 2.7043655 2.7043655 2.7030522 2.7116605 2.7116605 2.6957207 2.6998493 2.7201717 2.7058697 2.6998493 2.6704337 2.6835597 2.6805345 2.8720536 2.6456844 2.8812662 2.8043659 
Chlor_IIV22_HF920633_1_Chlor_IIV22_HF920633.1_00044           0.4689425 0.0000000 1.8850853 1.5790244 2.6180122 1.4208496 1.7022927 1.2845296 1.8175527 2.6246058 2.6743792 2.5744555 2.5744555 2.7222047 2.7439744 2.7142946 2.7439744 2.7222047 2.8741259 2.7194639 2.7194639 2.7114851 2.7243075 2.7243075 2.7118244 2.7234797 2.7328122 2.7142946 2.7234797 2.6886496 2.7329057 2.7332690 2.9583604 2.6233927 3.0106116 2.9029752 
Daphi_LS484712_1_Daphi_LS484712.1_00114                       1.8246889 1.8850853 0.0000000 2.1687969 2.9857899 1.9585351 1.9713441 1.7777052 2.3556016 2.7932732 2.7053344 2.7817473 2.7817473 2.7786489 2.7719315 2.7589569 2.7719315 2.7786489 2.8597038 2.7581886 2.7581886 2.7595909 2.7562202 2.7562202 2.7685119 2.7568552 2.7652634 2.7589569 2.7568552 2.7703756 2.7843060 2.7848783 3.1628401 2.5506067 2.8074584 2.8248613 
Decap_MF599468_1_Decap_MF599468.1_00056                       1.5620222 1.5790244 2.1687969 0.0000000 2.5426941 1.5637236 0.9083814 1.4810098 1.4883450 1.5076785 1.5181577 1.8975708 1.8975708 2.1138243 2.1391407 2.1069700 2.1391407 2.1138243 2.2658052 2.1031175 2.1031175 2.1203619 2.1031175 2.1031175 2.1126239 2.1069700 2.1140347 2.1069700 2.1069700 2.0982185 2.0968886 2.0944603 1.2746494 2.1160626 2.0411152 1.8237022 
Decap_MF599468_1_Decap_MF599468.1_00057                       2.5112353 2.6180122 2.9857899 2.5426941 0.0000000 1.4911699 2.8586571 1.2615068 2.9780465 2.5127955 2.2765787 2.4280453 2.4280453 2.3175901 2.3088609 2.3212597 2.3088609 2.3175901 2.3855964 2.3110950 2.3110950 2.3212597 2.3066590 2.3066590 2.3301367 2.3293755 2.3066590 2.3212597 2.3293755 2.3281889 2.2969906 2.2984122 2.4845972 1.4171061 2.5315346 2.3075507 
Irido_IIV31_HF920637_1_Irido_IIV31_HF920637.1_00129           1.3509467 1.4208496 1.9585351 1.5637236 1.4911699 0.0000000 1.5232242 0.5376029 2.4524767 2.0790543 1.9917590 2.3029823 2.3029823 2.4317289 2.4474627 2.4552853 2.4474627 2.4317289 2.5989164 2.4503152 2.4503152 2.4692582 2.4503152 2.4503152 2.4691708 2.4671706 2.4612973 2.4552853 2.4671706 2.4293273 2.4237147 2.4327780 2.1734469 2.5002912 2.4946114 2.4008821 
Irido_IIV31_HF920637_1_Irido_IIV31_HF920637.1_00164           1.8026446 1.7022927 1.9713441 0.9083814 2.8586571 1.5232242 0.0000000 1.3178155 0.8973676 3.4468009 3.2459716 3.1852186 3.1852186 3.0545748 3.0504518 3.0465818 3.0504518 3.0545748 3.1586455 3.0398740 3.0398740 3.0465818 3.0438977 3.0438977 3.0336189 3.0465818 3.0438977 3.0465818 3.0465818 3.0679938 3.0700549 3.0599685 3.0985982 2.3264235 3.8882732 3.4495861 
Irido_IIV6_AF303741_1_Irido_IIV6_AF303741.1_00079             1.1841615 1.2845296 1.7777052 1.4810098 1.2615068 0.5376029 1.3178155 0.0000000 1.9831094 2.0613663 1.9604197 2.1233833 2.1233833 2.3356004 2.3546123 2.3482745 2.3546123 2.3356004 2.4736684 2.3436254 2.3436254 2.3613861 2.3436254 2.3436254 2.3657143 2.3595274 2.3540412 2.3482745 2.3595274 2.3270952 2.3228580 2.3167585 1.8903428 2.4285100 2.4349644 2.3044077 
Irido_IIV6_AF303741_1_Irido_IIV6_AF303741.1_00152             1.8975781 1.8175527 2.3556016 1.4883450 2.9780465 2.4524767 0.8973676 1.9831094 0.0000000 3.1166526 2.6962723 3.4039298 3.4039298 3.2667483 3.2413193 3.2448554 3.2413193 3.2667483 3.3196391 3.2575428 3.2575428 3.2448554 3.2674074 3.2674074 3.2308415 3.2448554 3.2674074 3.2448554 3.2448554 3.3022072 3.3177234 3.3066653 3.2121896 6.4807610 3.7413248 3.3838816 
Lymph_LCD4_MN803438_1_Lymph_LCD4_MN803438.1_00124             2.5190796 2.6246058 2.7932732 1.5076785 2.5127955 2.0790543 3.4468009 2.0613663 3.1166526 0.0000000 0.4865942 1.6883240 1.6883240 1.7223112 1.7242772 1.7661109 1.7242772 1.7223112 1.8531332 1.7623666 1.7623666 1.7726509 1.7668262 1.7668262 1.7696934 1.7636615 1.7721792 1.7661109 1.7636615 1.7312658 1.7332710 1.7398300 1.9426840 1.6806795 1.4228719 1.3268609 
Lymph_LDV1_L63545_1_Lymph_LDV1_L63545.1_00007                 2.4967383 2.6743792 2.7053344 1.5181577 2.2765787 1.9917590 3.2459716 1.9604197 2.6962723 0.4865942 0.0000000 1.6471396 1.6471396 1.7811159 1.7873924 1.7963339 1.7873924 1.7811159 1.9011173 1.7917970 1.7917970 1.8030592 1.7963775 1.7963775 1.8023076 1.7938081 1.8018771 1.7963339 1.7938081 1.7692916 1.7809442 1.7843201 1.9837412 1.7058729 1.4504889 1.3749002 
MCV_ML1_SDDV_MN562489_1_MCV_ML1_SDDV_MN562489.1_00102         2.7289940 2.5744555 2.7817473 1.8975708 2.4280453 2.3029823 3.1852186 2.1233833 3.4039298 1.6883240 1.6471396 0.0000000 0.0000010 0.7842447 0.7779859 0.7853395 0.7779859 0.7842447 0.8566074 0.7892736 0.7892736 0.7852715 0.7904478 0.7904478 0.7956280 0.7845858 0.7939503 0.7853395 0.7845858 0.7919503 0.7872020 0.7883328 0.9229318 0.7212187 1.7235227 1.6909877 
MCV_ML1_SDDV_MT521409_1_MCV_ML1_SDDV_MT521409.1_00103         2.7289940 2.5744555 2.7817473 1.8975708 2.4280453 2.3029823 3.1852186 2.1233833 3.4039298 1.6883240 1.6471396 0.0000010 0.0000000 0.7842447 0.7779859 0.7853395 0.7779859 0.7842447 0.8566074 0.7892736 0.7892736 0.7852715 0.7904478 0.7904478 0.7956280 0.7845858 0.7939503 0.7853395 0.7845858 0.7919503 0.7872020 0.7883328 0.9229318 0.7212187 1.7235227 1.6909877 
MCV_MP1_BCFI_MN432490_1_MCV_MP1_BCFI_MN432490.1_00032         2.6920204 2.7222047 2.7786489 2.1138243 2.3175901 2.4317289 3.0545748 2.3356004 3.2667483 1.7223112 1.7811159 0.7842447 0.7842447 0.0000000 0.0068261 0.0235217 0.0068261 0.0000010 0.0430688 0.0279691 0.0279691 0.0244108 0.0270730 0.0270730 0.0289700 0.0244159 0.0279844 0.0235217 0.0244159 0.0304408 0.0322571 0.0340092 0.0331828 0.0259725 1.6985391 1.7943559 
MCV_MP1_BCFI_MT926123_1_MCV_MP1_BCFI_MT926123.1_00032         2.7140086 2.7439744 2.7719315 2.1391407 2.3088609 2.4474627 3.0504518 2.3546123 3.2413193 1.7242772 1.7873924 0.7779859 0.7779859 0.0068261 0.0000000 0.0280197 0.0000010 0.0068261 0.0363101 0.0307218 0.0307218 0.0289168 0.0298196 0.0298196 0.0335308 0.0289229 0.0307388 0.0280197 0.0289229 0.0305008 0.0314325 0.0331868 0.0331815 0.0305093 1.7060006 1.8041386 
MCV_MP1_GSPI_KT804738_1_MCV_MP1_GSPI_KT804738.1_00029         2.7058697 2.7142946 2.7589569 2.1069700 2.3212597 2.4552853 3.0465818 2.3482745 3.2448554 1.7661109 1.7963339 0.7853395 0.7853395 0.0235217 0.0280197 0.0000000 0.0280197 0.0235217 0.0645759 0.0076620 0.0076620 0.0008454 0.0068048 0.0068048 0.0068298 0.0008455 0.0076660 0.0000010 0.0008455 0.0242347 0.0286983 0.0313796 0.0109003 0.0069730 1.6890275 1.7968303 
MCV_MP1_ISKNV_AF371960_1_MCV_MP1_ISKNV_AF371960.1_00031       2.7140086 2.7439744 2.7719315 2.1391407 2.3088609 2.4474627 3.0504518 2.3546123 3.2413193 1.7242772 1.7873924 0.7779859 0.7779859 0.0068261 0.0000010 0.0280197 0.0000000 0.0068261 0.0363101 0.0307218 0.0307218 0.0289168 0.0298196 0.0298196 0.0335308 0.0289229 0.0307388 0.0280197 0.0289229 0.0305008 0.0314325 0.0331868 0.0331815 0.0305093 1.7060006 1.8041386 
MCV_MP1_LBUSV_OP009387_1_MCV_MP1_LBUSV_OP009387.1_00030       2.6920204 2.7222047 2.7786489 2.1138243 2.3175901 2.4317289 3.0545748 2.3356004 3.2667483 1.7223112 1.7811159 0.7842447 0.7842447 0.0000010 0.0068261 0.0235217 0.0068261 0.0000000 0.0430688 0.0279691 0.0279691 0.0244108 0.0270730 0.0270730 0.0289700 0.0244159 0.0279844 0.0235217 0.0244159 0.0304408 0.0322571 0.0340092 0.0331828 0.0259725 1.6985391 1.7943559 
MCV_MP1_LYCI_AY779031_1_MCV_MP1_LYCI_AY779031.1_00034         2.8139873 2.8741259 2.8597038 2.2658052 2.3855964 2.5989164 3.1586455 2.4736684 3.3196391 1.8531332 1.9011173 0.8566074 0.8566074 0.0430688 0.0363101 0.0645759 0.0363101 0.0430688 0.0000000 0.0685565 0.0685565 0.0655634 0.0656327 0.0656327 0.0717646 0.0655782 0.0666677 0.0645759 0.0655782 0.0689145 0.0692854 0.0711734 0.0618150 0.0746355 1.7831297 1.8897976 
MCV_MP1_LYCI_MW139932_1_MCV_MP1_LYCI_MW139932.1_00033         2.7043655 2.7194639 2.7581886 2.1031175 2.3110950 2.4503152 3.0398740 2.3436254 3.2575428 1.7623666 1.7917970 0.7892736 0.7892736 0.0279691 0.0307218 0.0076620 0.0307218 0.0279691 0.0685565 0.0000000 0.0000010 0.0085200 0.0025413 0.0025413 0.0111171 0.0085217 0.0033931 0.0076620 0.0085217 0.0180703 0.0242321 0.0268903 0.0000010 0.0027748 1.6988598 1.7881821 
MCV_MP1_LYCI_OL774653_1_MCV_MP1_LYCI_OL774653.1_00051         2.7043655 2.7194639 2.7581886 2.1031175 2.3110950 2.4503152 3.0398740 2.3436254 3.2575428 1.7623666 1.7917970 0.7892736 0.7892736 0.0279691 0.0307218 0.0076620 0.0307218 0.0279691 0.0685565 0.0000010 0.0000000 0.0085200 0.0025413 0.0025413 0.0111171 0.0085217 0.0033931 0.0076620 0.0085217 0.0180703 0.0242321 0.0268903 0.0000010 0.0027748 1.6988598 1.7881821 
MCV_MP1_OSGI_AY894343_1_MCV_MP1_OSGI_AY894343.1_00029         2.7030522 2.7114851 2.7595909 2.1203619 2.3212597 2.4692582 3.0465818 2.3613861 3.2448554 1.7726509 1.8030592 0.7852715 0.7852715 0.0244108 0.0289168 0.0008454 0.0289168 0.0244108 0.0655634 0.0085200 0.0085200 0.0000000 0.0076614 0.0076614 0.0076895 0.0016924 0.0085245 0.0008454 0.0016924 0.0251202 0.0295915 0.0322771 0.0109003 0.0083783 1.6950671 1.8033057 
MCV_MP1_PI_MK098185_1_MCV_MP1_PI_MK098185.1_00033             2.7116605 2.7243075 2.7562202 2.1031175 2.3066590 2.4503152 3.0438977 2.3436254 3.2674074 1.7668262 1.7963775 0.7904478 0.7904478 0.0270730 0.0298196 0.0068048 0.0298196 0.0270730 0.0656327 0.0025413 0.0025413 0.0076614 0.0000000 0.0000010 0.0102530 0.0076629 0.0008464 0.0068048 0.0076629 0.0206831 0.0242337 0.0268921 0.0065220 0.0013847 1.6986370 1.7879663 
MCV_MP1_PI_MK098186_1_MCV_MP1_PI_MK098186.1_00030             2.7116605 2.7243075 2.7562202 2.1031175 2.3066590 2.4503152 3.0438977 2.3436254 3.2674074 1.7668262 1.7963775 0.7904478 0.7904478 0.0270730 0.0298196 0.0068048 0.0298196 0.0270730 0.0656327 0.0025413 0.0025413 0.0076614 0.0000010 0.0000000 0.0102530 0.0076629 0.0008464 0.0068048 0.0076629 0.0206831 0.0242337 0.0268921 0.0065220 0.0013847 1.6986370 1.7879663 
MCV_MP1_RBIV_AY532606_1_MCV_MP1_RBIV_AY532606.1_00030         2.6957207 2.7118244 2.7685119 2.1126239 2.3301367 2.4691708 3.0336189 2.3657143 3.2308415 1.7696934 1.8023076 0.7956280 0.7956280 0.0289700 0.0335308 0.0068298 0.0335308 0.0289700 0.0717646 0.0111171 0.0111171 0.0076895 0.0102530 0.0102530 0.0000000 0.0059702 0.0111229 0.0068298 0.0059702 0.0278224 0.0323228 0.0350246 0.0153455 0.0097993 1.6932572 1.8061939 
MCV_MP1_RBIV_KC244182_1_MCV_MP1_RBIV_KC244182.1_00029         2.6998493 2.7234797 2.7568552 2.1069700 2.3293755 2.4671706 3.0465818 2.3595274 3.2448554 1.7636615 1.7938081 0.7845858 0.7845858 0.0244159 0.0289229 0.0008455 0.0289229 0.0244159 0.0655782 0.0085217 0.0085217 0.0016924 0.0076629 0.0076629 0.0059702 0.0000000 0.0085262 0.0008455 0.0000010 0.0251255 0.0295978 0.0322839 0.0131137 0.0069730 1.6817737 1.7995516 
MCV_MP1_RSIV_BD143114_1_MCV_MP1_RSIV_BD143114.1_00045         2.7201717 2.7328122 2.7652634 2.1140347 2.3066590 2.4612973 3.0438977 2.3540412 3.2674074 1.7721792 1.8018771 0.7939503 0.7939503 0.0279844 0.0307388 0.0076660 0.0307388 0.0279844 0.0666677 0.0033931 0.0033931 0.0085245 0.0008464 0.0008464 0.0111229 0.0085262 0.0000000 0.0076660 0.0085262 0.0215753 0.0251347 0.0277990 0.0065220 0.0027775 1.7030877 1.7934123 
MCV_MP1_RSIV_MK689686_1_MCV_MP1_RSIV_MK689686.1_00029         2.7058697 2.7142946 2.7589569 2.1069700 2.3212597 2.4552853 3.0465818 2.3482745 3.2448554 1.7661109 1.7963339 0.7853395 0.7853395 0.0235217 0.0280197 0.0000010 0.0280197 0.0235217 0.0645759 0.0076620 0.0076620 0.0008454 0.0068048 0.0068048 0.0068298 0.0008455 0.0076660 0.0000000 0.0008455 0.0242347 0.0286983 0.0313796 0.0109003 0.0069730 1.6890275 1.7968303 
MCV_MP1_RSIV_MT798582_1_MCV_MP1_RSIV_MT798582.1_00076         2.6998493 2.7234797 2.7568552 2.1069700 2.3293755 2.4671706 3.0465818 2.3595274 3.2448554 1.7636615 1.7938081 0.7845858 0.7845858 0.0244159 0.0289229 0.0008455 0.0289229 0.0244159 0.0655782 0.0085217 0.0085217 0.0016924 0.0076629 0.0076629 0.0059702 0.0000010 0.0085262 0.0008455 0.0000000 0.0251255 0.0295978 0.0322839 0.0131137 0.0069730 1.6817737 1.7995516 
MCV_MP1_TRBIV_GQ273492_1_MCV_MP1_TRBIV_GQ273492.1_00030       2.6704337 2.6886496 2.7703756 2.0982185 2.3281889 2.4293273 3.0679938 2.3270952 3.3022072 1.7312658 1.7692916 0.7919503 0.7919503 0.0304408 0.0305008 0.0242347 0.0305008 0.0304408 0.0689145 0.0180703 0.0180703 0.0251202 0.0206831 0.0206831 0.0278224 0.0251255 0.0215753 0.0242347 0.0251255 0.0000000 0.0154531 0.0189533 0.0153307 0.0227734 1.6944446 1.7726604 
MCV_Unclassified_MG570131_1_MCV_Unclassified_MG570131.1_00031 2.6835597 2.7329057 2.7843060 2.0968886 2.2969906 2.4237147 3.0700549 2.3228580 3.3177234 1.7332710 1.7809442 0.7872020 0.7872020 0.0322571 0.0314325 0.0286983 0.0314325 0.0322571 0.0692854 0.0242321 0.0242321 0.0295915 0.0242337 0.0242337 0.0323228 0.0295978 0.0251347 0.0286983 0.0295978 0.0154531 0.0000000 0.0034008 0.0242435 0.0270662 1.6935980 1.7749513 
MCV_Unclassified_MG570132_1_MCV_Unclassified_MG570132.1_00031 2.6805345 2.7332690 2.7848783 2.0944603 2.2984122 2.4327780 3.0599685 2.3167585 3.3066653 1.7398300 1.7843201 0.7883328 0.7883328 0.0340092 0.0331868 0.0313796 0.0331868 0.0340092 0.0711734 0.0268903 0.0268903 0.0322771 0.0268921 0.0268921 0.0350246 0.0322839 0.0277990 0.0313796 0.0322839 0.0189533 0.0034008 0.0000000 0.0242843 0.0314243 1.6957024 1.7797985 
MCV_Unlassified_OL310752_1_MCV_Unlassified_OL310752.1_00108   2.8720536 2.9583604 3.1628401 1.2746494 2.4845972 2.1734469 3.0985982 1.8903428 3.2121896 1.9426840 1.9837412 0.9229318 0.9229318 0.0331828 0.0331815 0.0109003 0.0331815 0.0331828 0.0618150 0.0000010 0.0000010 0.0109003 0.0065220 0.0065220 0.0153455 0.0131137 0.0065220 0.0109003 0.0131137 0.0153307 0.0242435 0.0242843 0.0000000 0.6348349 1.8645406 1.8441145 
MCV_Unlassified_OL310752_1_MCV_Unlassified_OL310752.1_00113   2.6456844 2.6233927 2.5506067 2.1160626 1.4171061 2.5002912 2.3264235 2.4285100 6.4807610 1.6806795 1.7058729 0.7212187 0.7212187 0.0259725 0.0305093 0.0069730 0.0305093 0.0259725 0.0746355 0.0027748 0.0027748 0.0083783 0.0013847 0.0013847 0.0097993 0.0069730 0.0027775 0.0069730 0.0069730 0.0227734 0.0270662 0.0314243 0.6348349 0.0000000 1.6468990 1.7975405 
Rana_FV3_NC_005946_1_Rana_FV3_NC_005946.1_00010               2.8812662 3.0106116 2.8074584 2.0411152 2.5315346 2.4946114 3.8882732 2.4349644 3.7413248 1.4228719 1.4504889 1.7235227 1.7235227 1.6985391 1.7060006 1.6890275 1.7060006 1.6985391 1.7831297 1.6988598 1.6988598 1.6950671 1.6986370 1.6986370 1.6932572 1.6817737 1.7030877 1.6890275 1.6817737 1.6944446 1.6935980 1.6957024 1.8645406 1.6468990 0.0000000 0.7236055 
Rana_SGIV_AY521625_1_Rana_SGIV_AY521625.1_00091               2.8043659 2.9029752 2.8248613 1.8237022 2.3075507 2.4008821 3.4495861 2.3044077 3.3838816 1.3268609 1.3749002 1.6909877 1.6909877 1.7943559 1.8041386 1.7968303 1.8041386 1.7943559 1.8897976 1.7881821 1.7881821 1.8033057 1.7879663 1.7879663 1.8061939 1.7995516 1.7934123 1.7968303 1.7995516 1.7726604 1.7749513 1.7797985 1.8441145 1.7975405 0.7236055 0.0000000 
