24
AF303741_AF303741.1_00047          0.0000000 2.9243929 3.0423461 2.9496856 2.9306295 2.9293775 1.9134970 0.4725514 2.9496856 1.8336614 4.3319833 2.7509387 1.9575832 2.3855891 2.9164152 2.9164152 2.9306295 2.9243929 2.9276294 3.0216902 2.6161006 3.0216902 2.9276294 2.8120072 
AF371960_AF371960.1_00008          2.9243929 0.0000000 2.2615430 0.0232869 0.0276131 0.0233928 2.8291814 3.0300890 0.0232869 2.6777295 4.3788895 3.4262254 3.2444580 3.3145246 0.0169317 0.0169317 0.0276131 0.0000010 0.0020842 1.2004443 3.2245832 1.2004443 0.0020842 2.2329197 
AY521625_AY521625.1_00077          3.0423461 2.2615430 0.0000000 2.2421286 2.2474068 2.3110214 3.1636029 3.0210274 2.2421286 2.6830391 4.2343115 2.6655975 3.3852212 3.1147362 2.2428988 2.2428988 2.2474068 2.2615430 2.2660540 2.3223689 2.5818330 2.3223689 2.2660540 0.6977261 
AY894343_MK689686.1_00008          2.9496856 0.0232869 2.2421286 0.0000000 0.0041791 0.0233399 2.8387905 3.0553292 0.0000010 2.6891290 4.4437608 3.4566921 3.2538171 3.3097396 0.0233597 0.0233597 0.0041791 0.0232869 0.0254113 1.1996061 3.2250635 1.1996061 0.0254113 2.2240695 
BD143114_MK689686.1_00008          2.9306295 0.0276131 2.2474068 0.0041791 0.0000000 0.0276763 2.8430513 3.0518289 0.0041791 2.6931735 4.4464621 3.4600494 3.2639049 3.3194538 0.0276995 0.0276995 0.0000010 0.0276131 0.0297457 1.1991266 3.2282640 1.1991266 0.0297457 2.2254244 
GQ273492_GQ273492.1_00008          2.9293775 0.0233928 2.3110214 0.0233399 0.0276763 0.0000000 2.8653972 3.0407731 0.0233399 2.6889716 4.5236675 3.4649859 3.3127533 3.3139703 0.0169699 0.0169699 0.0276763 0.0233928 0.0255270 1.1919049 3.2742712 1.1919049 0.0255270 2.2632262 
HF920633_HF920633.1_00069          1.9134970 2.8291814 3.1636029 2.8387905 2.8430513 2.8653972 0.0000000 1.8251081 2.8387905 0.3915191 4.2446492 2.6548217 1.7967968 2.3943702 2.8154692 2.8154692 2.8430513 2.8291814 2.8227722 2.5955564 2.6303946 2.5955564 2.8227722 3.0077879 
HF920637_HF920637.1_00059          0.4725514 3.0300890 3.0210274 3.0553292 3.0518289 3.0407731 1.8251081 0.0000000 3.0553292 1.7786124 3.6394283 2.5033037 2.2761006 2.3396834 3.0229792 3.0229792 3.0518289 3.0300890 3.0334659 2.9415925 2.3825620 2.9415925 3.0334659 2.9209527 
KC244182_MK689686.1_00008          2.9496856 0.0232869 2.2421286 0.0000010 0.0041791 0.0233399 2.8387905 3.0553292 0.0000000 2.6891290 4.4437608 3.4566921 3.2538171 3.3097396 0.0233597 0.0233597 0.0041791 0.0232869 0.0254113 1.1996061 3.2250635 1.1996061 0.0254113 2.2240695 
KF938901_KF938901.1_00080          1.8336614 2.6777295 2.6830391 2.6891290 2.6931735 2.6889716 0.3915191 1.7786124 2.6891290 0.0000000 4.3655466 2.7582413 1.8600146 2.3965365 2.6649023 2.6649023 2.6931735 2.6777295 2.6823330 2.4613854 2.6172787 2.4613854 2.6823330 2.4752055 
KX643370_Lymph_LDV3_KX643370_00098 4.3319833 4.3788895 4.2343115 4.4437608 4.4464621 4.5236675 4.2446492 3.6394283 4.4437608 4.3655466 0.0000000 2.2776983 4.5078363 4.2876998 4.4425484 4.4425484 4.4464621 4.3788895 4.3697461 4.4957363 2.2590324 4.4957363 4.3697461 3.9063365 
KX643370_Lymph_LDV3_KX643370_00103 2.7509387 3.4262254 2.6655975 3.4566921 3.4600494 3.4649859 2.6548217 2.5033037 3.4566921 2.7582413 2.2776983 0.0000000 2.9498707 2.7669624 3.4452783 3.4452783 3.4600494 3.4262254 3.4306694 3.1797301 0.1717894 3.1797301 3.4306694 2.5140984 
LS484712_LS484712.1_00095          1.9575832 3.2444580 3.3852212 3.2538171 3.2639049 3.3127533 1.7967968 2.2761006 3.2538171 1.8600146 4.5078363 2.9498707 0.0000000 2.9586090 3.2245080 3.2245080 3.2639049 3.2444580 3.2480781 3.2964329 2.8892857 3.2964329 3.2480781 3.1376513 
MF599468_MF599468.1_00163          2.3855891 3.3145246 3.1147362 3.3097396 3.3194538 3.3139703 2.3943702 2.3396834 3.3097396 2.3965365 4.2876998 2.7669624 2.9586090 0.0000000 3.3222014 3.3222014 3.3194538 3.3145246 3.3214307 3.0671564 2.6963906 3.0671564 3.3214307 3.0445221 
MG570131_MG570131.1_00009          2.9164152 0.0169317 2.2428988 0.0233597 0.0276995 0.0169699 2.8154692 3.0229792 0.0233597 2.6649023 4.4425484 3.4452783 3.2245080 3.3222014 0.0000000 0.0000010 0.0276995 0.0169317 0.0190539 1.1835751 3.2567686 1.1835751 0.0190539 2.2395675 
MG570132_MG570132.1_00009          2.9164152 0.0169317 2.2428988 0.0233597 0.0276995 0.0169699 2.8154692 3.0229792 0.0233597 2.6649023 4.4425484 3.4452783 3.2245080 3.3222014 0.0000010 0.0000000 0.0276995 0.0169317 0.0190539 1.1835751 3.2567686 1.1835751 0.0190539 2.2395675 
MK098185_MK689686.1_00008          2.9306295 0.0276131 2.2474068 0.0041791 0.0000010 0.0276763 2.8430513 3.0518289 0.0041791 2.6931735 4.4464621 3.4600494 3.2639049 3.3194538 0.0276995 0.0276995 0.0000000 0.0276131 0.0297457 1.1991266 3.2282640 1.1991266 0.0297457 2.2254244 
MK689685_AF371960.1_00008          2.9243929 0.0000010 2.2615430 0.0232869 0.0276131 0.0233928 2.8291814 3.0300890 0.0232869 2.6777295 4.3788895 3.4262254 3.2444580 3.3145246 0.0169317 0.0169317 0.0276131 0.0000000 0.0020842 1.2004443 3.2245832 1.2004443 0.0020842 2.2329197 
MN432490_AF371960.1_00008          2.9276294 0.0020842 2.2660540 0.0254113 0.0297457 0.0255270 2.8227722 3.0334659 0.0254113 2.6823330 4.3697461 3.4306694 3.2480781 3.3214307 0.0190539 0.0190539 0.0297457 0.0020842 0.0000000 1.2040057 3.2291726 1.2040057 0.0000010 2.2374850 
MN562489_OM037668.1_00056          3.0216902 1.2004443 2.3223689 1.1996061 1.1991266 1.1919049 2.5955564 2.9415925 1.1996061 2.4613854 4.4957363 3.1797301 3.2964329 3.0671564 1.1835751 1.1835751 1.1991266 1.2004443 1.2040057 0.0000000 3.0168927 0.0000010 1.2040057 2.3233461 
MN803438_MN803438.1_00101          2.6161006 3.2245832 2.5818330 3.2250635 3.2282640 3.2742712 2.6303946 2.3825620 3.2250635 2.6172787 2.2590324 0.1717894 2.8892857 2.6963906 3.2567686 3.2567686 3.2282640 3.2245832 3.2291726 3.0168927 0.0000000 3.0168927 3.2291726 2.5470902 
MT521409_OM037668.1_00056          3.0216902 1.2004443 2.3223689 1.1996061 1.1991266 1.1919049 2.5955564 2.9415925 1.1996061 2.4613854 4.4957363 3.1797301 3.2964329 3.0671564 1.1835751 1.1835751 1.1991266 1.2004443 1.2040057 0.0000010 3.0168927 0.0000000 1.2040057 2.3233461 
MT986830_AF371960.1_00008          2.9276294 0.0020842 2.2660540 0.0254113 0.0297457 0.0255270 2.8227722 3.0334659 0.0254113 2.6823330 4.3697461 3.4306694 3.2480781 3.3214307 0.0190539 0.0190539 0.0297457 0.0020842 0.0000010 1.2040057 3.2291726 1.2040057 0.0000000 2.2374850 
NC_005946_NC_005946.1_00053        2.8120072 2.2329197 0.6977261 2.2240695 2.2254244 2.2632262 3.0077879 2.9209527 2.2240695 2.4752055 3.9063365 2.5140984 3.1376513 3.0445221 2.2395675 2.2395675 2.2254244 2.2329197 2.2374850 2.3233461 2.5470902 2.3233461 2.2374850 0.0000000 
