12
AF371960_AF371960.1_00053 0.0000000 0.3551615 0.3654849 0.4042942 0.3551615 0.4500587 0.4500587 0.3654849 0.3842113 0.0000010 0.2468403 0.2468403 
AY894343_MK689686.1_00052 0.3551615 0.0000000 0.1062655 0.3687895 0.0000010 0.4008788 0.4008788 0.1062655 0.1148042 0.3551615 0.3823555 0.3823555 
BD143114_MK689686.1_00052 0.3654849 0.1062655 0.0000000 0.3128679 0.1062655 0.3215180 0.3215180 0.0000010 0.0115632 0.3654849 0.3733473 0.3733473 
GQ273492_GQ273492.1_00052 0.4042942 0.3687895 0.3128679 0.0000000 0.3687895 0.2441471 0.2441471 0.3128679 0.3316983 0.4042942 0.3925230 0.3925230 
KC244182_MK689686.1_00052 0.3551615 0.0000010 0.1062655 0.3687895 0.0000000 0.4008788 0.4008788 0.1062655 0.1148042 0.3551615 0.3823555 0.3823555 
MG570131_MG570131.1_00053 0.4500587 0.4008788 0.3215180 0.2441471 0.4008788 0.0000000 0.0000010 0.3215180 0.3393177 0.4500587 0.4261387 0.4261387 
MG570132_MG570132.1_00053 0.4500587 0.4008788 0.3215180 0.2441471 0.4008788 0.0000010 0.0000000 0.3215180 0.3393177 0.4500587 0.4261387 0.4261387 
MK098185_MK689686.1_00052 0.3654849 0.1062655 0.0000010 0.3128679 0.1062655 0.3215180 0.3215180 0.0000000 0.0115632 0.3654849 0.3733473 0.3733473 
MK098187_MK689686.1_00052 0.3842113 0.1148042 0.0115632 0.3316983 0.1148042 0.3393177 0.3393177 0.0115632 0.0000000 0.3842113 0.3928108 0.3928108 
MK689685_AF371960.1_00053 0.0000010 0.3551615 0.3654849 0.4042942 0.3551615 0.4500587 0.4500587 0.3654849 0.3842113 0.0000000 0.2468403 0.2468403 
MN432490_AF371960.1_00053 0.2468403 0.3823555 0.3733473 0.3925230 0.3823555 0.4261387 0.4261387 0.3733473 0.3928108 0.2468403 0.0000000 0.0000010 
OP009387_AF371960.1_00053 0.2468403 0.3823555 0.3733473 0.3925230 0.3823555 0.4261387 0.4261387 0.3733473 0.3928108 0.2468403 0.0000010 0.0000000 
