14
MW883595_Megalocytivirus_pagrus1_ISKNV 0.0000000 0.1594715 0.2478036 0.2381448 0.1594715 0.0483538 0.0483538 0.0094770 0.1286427 0.1495647 0.1495647 0.1465017 0.0000010 0.2381448 
AB104413_Megalocytivirus_pagrus1_RSIV  0.1594715 0.0000000 0.2226131 0.2111183 0.0000010 0.1922407 0.1922407 0.1698259 0.0282126 0.0473517 0.0473517 0.0704744 0.1594715 0.2111183 
GQ273492_Megalocytivirus_pagrus1_TRBIV 0.2478036 0.2226131 0.0000000 0.0380248 0.2226131 0.2795766 0.2795766 0.2487130 0.2116310 0.2243235 0.2243235 0.2631503 0.2478036 0.0380248 
MG570132_Megalocytivirus_pagrus1_TRBIV 0.2381448 0.2111183 0.0380248 0.0000000 0.2111183 0.2699895 0.2699895 0.2390229 0.2002087 0.2127408 0.2127408 0.2505473 0.2381448 0.0000010 
MK098185_Megalocytivirus_pagrus1_RSIV  0.1594715 0.0000010 0.2226131 0.2111183 0.0000000 0.1922407 0.1922407 0.1698259 0.0282126 0.0473517 0.0473517 0.0704744 0.1594715 0.2111183 
MW883606_Megalocytivirus_pagrus1_ISKNV 0.0483538 0.1922407 0.2795766 0.2699895 0.1922407 0.0000000 0.0000010 0.0581427 0.1607506 0.1822232 0.1822232 0.1807863 0.0483538 0.2699895 
MW883601_Megalocytivirus_pagrus1_ISKNV 0.0483538 0.1922407 0.2795766 0.2699895 0.1922407 0.0000010 0.0000000 0.0581427 0.1607506 0.1822232 0.1822232 0.1807863 0.0483538 0.2699895 
OP009387_Megalocytivirus_pagrus1_ISKNV 0.0094770 0.1698259 0.2487130 0.2390229 0.1698259 0.0581427 0.0581427 0.0000000 0.1388545 0.1599045 0.1599045 0.1573554 0.0094770 0.2390229 
MW883598_Megalocytivirus_pagrus1_RSIV  0.1286427 0.0282126 0.2116310 0.2002087 0.0282126 0.1607506 0.1607506 0.1388545 0.0000000 0.0188105 0.0188105 0.0399729 0.1286427 0.2002087 
OK042109_Megalocytivirus_pagrus1_RSIV  0.1495647 0.0473517 0.2243235 0.2127408 0.0473517 0.1822232 0.1822232 0.1599045 0.0188105 0.0000000 0.0000010 0.0198365 0.1495647 0.2127408 
AY894343_Megalocytivirus_pagrus1_RSIV  0.1495647 0.0473517 0.2243235 0.2127408 0.0473517 0.1822232 0.1822232 0.1599045 0.0188105 0.0000010 0.0000000 0.0198365 0.1495647 0.2127408 
AP017456_Megalocytivirus_pagrus1_RSIV  0.1465017 0.0704744 0.2631503 0.2505473 0.0704744 0.1807863 0.1807863 0.1573554 0.0399729 0.0198365 0.0198365 0.0000000 0.1465017 0.2505473 
PP974677_Megalocytivirus_pagrus1_ISKNV 0.0000010 0.1594715 0.2478036 0.2381448 0.1594715 0.0483538 0.0483538 0.0094770 0.1286427 0.1495647 0.1495647 0.1465017 0.0000000 0.2381448 
MG570131_Megalocytivirus_pagrus1_TRBIV 0.2381448 0.2111183 0.0380248 0.0000010 0.2111183 0.2699895 0.2699895 0.2390229 0.2002087 0.2127408 0.2127408 0.2505473 0.2381448 0.0000000 
