27
MK637631_European_chub_iridovirus_ECIV                   0.0000000 0.8723526 0.8426360 0.3092309 0.8423117 0.8434769 0.8412847 0.8423117 0.8723526 0.8583942 0.3092309 0.8636884 0.8636884 0.8426360 0.8583942 0.8478389 0.8536507 0.8398716 0.8487749 0.8588828 0.8614427 0.8466685 0.8386519 0.8398716 0.9039934 0.8660341 0.8466685 
OK042108_Megalocytivirus_pagrus1_RSIV                    0.8723526 0.0000000 0.0271170 0.8731945 0.0279376 0.0289991 0.0260935 0.0279376 0.0000010 0.0137083 0.8731945 0.0077881 0.0077881 0.0271170 0.0137083 0.0300641 0.0218581 0.0198834 0.0300072 0.0127183 0.3290452 0.0289980 0.0238686 0.0198834 0.0263092 0.0087659 0.0289980 
MN432490_Megalocytivirus_pagrus1_ISKNV                   0.8426360 0.0271170 0.0000000 0.8482393 0.0109100 0.0119276 0.0009750 0.0109100 0.0271170 0.0280311 0.8482393 0.0279579 0.0279579 0.0000010 0.0280311 0.0129490 0.0304615 0.0283523 0.0129245 0.0269933 0.3267643 0.0119271 0.0169367 0.0283523 0.0424682 0.0289700 0.0119271 
OM037668_Megalocytivirus_lates1_SDDV                     0.3092309 0.8731945 0.8482393 0.0000000 0.8467062 0.8444101 0.8468701 0.8467062 0.8731945 0.8612838 0.0000010 0.8703096 0.8703096 0.8482393 0.8612838 0.8487815 0.8660570 0.8395995 0.8531996 0.8617695 0.8458330 0.8510839 0.8478910 0.8395995 0.9086479 0.8726561 0.8510839 
MW273354_Megalocytivirus_pagrus1_ISKNV                   0.8423117 0.0279376 0.0109100 0.8467062 0.0000000 0.0009760 0.0099114 0.0000010 0.0279376 0.0300605 0.8467062 0.0299816 0.0299816 0.0109100 0.0300605 0.0019562 0.0312723 0.0291725 0.0019525 0.0290188 0.3254077 0.0009759 0.0058716 0.0291725 0.0436646 0.0309954 0.0009759 
MW883601_Megalocytivirus_pagrus1_ISKNV                   0.8434769 0.0289991 0.0119276 0.8444101 0.0009760 0.0000000 0.0109261 0.0009760 0.0289991 0.0311313 0.8444101 0.0310493 0.0310493 0.0119276 0.0311313 0.0009763 0.0323527 0.0292829 0.0029352 0.0300857 0.3275837 0.0019562 0.0068651 0.0292829 0.0448000 0.0320657 0.0019562 
OP009387_Megalocytivirus_pagrus1_ISKNV                   0.8412847 0.0260935 0.0009750 0.8468701 0.0099114 0.0109261 0.0000000 0.0099114 0.0260935 0.0270090 0.8468701 0.0269386 0.0269386 0.0009750 0.0270090 0.0119447 0.0294241 0.0273195 0.0119221 0.0259735 0.3266496 0.0109257 0.0159283 0.0273195 0.0414005 0.0279494 0.0109257 
OR356116_Megalocytivirus_pagrus1_ISKNV                   0.8423117 0.0279376 0.0109100 0.8467062 0.0000010 0.0009760 0.0099114 0.0000000 0.0279376 0.0300605 0.8467062 0.0299816 0.0299816 0.0109100 0.0300605 0.0019562 0.0312723 0.0291725 0.0019525 0.0290188 0.3254077 0.0009759 0.0058716 0.0291725 0.0436646 0.0309954 0.0009759 
OL774655_Megalocytivirus_pagrus1_RSIV                    0.8723526 0.0000010 0.0271170 0.8731945 0.0279376 0.0289991 0.0260935 0.0279376 0.0000000 0.0137083 0.8731945 0.0077881 0.0077881 0.0271170 0.0137083 0.0300641 0.0218581 0.0198834 0.0300072 0.0127183 0.3290452 0.0289980 0.0238686 0.0198834 0.0263092 0.0087659 0.0289980 
MK689686_Megalocytivirus_pagrus1_RSIV                    0.8583942 0.0137083 0.0280311 0.8612838 0.0300605 0.0311313 0.0270090 0.0300605 0.0137083 0.0000000 0.8612838 0.0077752 0.0077752 0.0280311 0.0000010 0.0322056 0.0290474 0.0260737 0.0321443 0.0009661 0.3344835 0.0311301 0.0239277 0.0260737 0.0130011 0.0087513 0.0311301 
MN562489_Megalocytivirus_lates1_SDDV                     0.3092309 0.8731945 0.8482393 0.0000010 0.8467062 0.8444101 0.8468701 0.8467062 0.8731945 0.8612838 0.0000000 0.8703096 0.8703096 0.8482393 0.8612838 0.8487815 0.8660570 0.8395995 0.8531996 0.8617695 0.8458330 0.8510839 0.8478910 0.8395995 0.9086479 0.8726561 0.8510839 
MK098187_Megalocytivirus_pagrus1_RSIV                    0.8636884 0.0077881 0.0279579 0.8703096 0.0299816 0.0310493 0.0269386 0.0299816 0.0077881 0.0077752 0.8703096 0.0000000 0.0000010 0.0279579 0.0077752 0.0321203 0.0290777 0.0260057 0.0320594 0.0067975 0.3253942 0.0310480 0.0258997 0.0260057 0.0200939 0.0009657 0.0310480 
MK098185_Megalocytivirus_pagrus1_RSIV                    0.8636884 0.0077881 0.0279579 0.8703096 0.0299816 0.0310493 0.0269386 0.0299816 0.0077881 0.0077752 0.8703096 0.0000010 0.0000000 0.0279579 0.0077752 0.0321203 0.0290777 0.0260057 0.0320594 0.0067975 0.3253942 0.0310480 0.0258997 0.0260057 0.0200939 0.0009657 0.0310480 
MW883595_Megalocytivirus_pagrus1_ISKNV                   0.8426360 0.0271170 0.0000010 0.8482393 0.0109100 0.0119276 0.0009750 0.0109100 0.0271170 0.0280311 0.8482393 0.0279579 0.0279579 0.0000000 0.0280311 0.0129490 0.0304615 0.0283523 0.0129245 0.0269933 0.3267643 0.0119271 0.0169367 0.0283523 0.0424682 0.0289700 0.0119271 
MT798582_Megalocytivirus_pagrus1_RSIV                    0.8583942 0.0137083 0.0280311 0.8612838 0.0300605 0.0311313 0.0270090 0.0300605 0.0137083 0.0000010 0.8612838 0.0077752 0.0077752 0.0280311 0.0000000 0.0322056 0.0290474 0.0260737 0.0321443 0.0009661 0.3344835 0.0311301 0.0239277 0.0260737 0.0130011 0.0087513 0.0311301 
MW883599_Megalocytivirus_pagrus1_ISKNV                   0.8478389 0.0300641 0.0129490 0.8487815 0.0019562 0.0009763 0.0119447 0.0019562 0.0300641 0.0322056 0.8487815 0.0321203 0.0321203 0.0129490 0.0322056 0.0000000 0.0334365 0.0303586 0.0019518 0.0311561 0.3297828 0.0009756 0.0078626 0.0303586 0.0459385 0.0331395 0.0009756 
GQ273492_Megalocytivirus_pagrus1_TRBIV                   0.8536507 0.0218581 0.0304615 0.8660570 0.0312723 0.0323527 0.0294241 0.0312723 0.0218581 0.0290474 0.8660570 0.0290777 0.0290777 0.0304615 0.0290474 0.0334365 0.0000000 0.0128548 0.0333725 0.0280077 0.3231718 0.0323514 0.0292081 0.0128548 0.0435209 0.0300942 0.0323514 
MG570132_Megalocytivirus_pagrus1_TRBIV                   0.8398716 0.0198834 0.0283523 0.8395995 0.0291725 0.0292829 0.0273195 0.0291725 0.0198834 0.0260737 0.8395995 0.0260057 0.0260057 0.0283523 0.0260737 0.0303586 0.0128548 0.0000000 0.0312616 0.0250371 0.3220994 0.0302440 0.0280856 0.0000010 0.0404706 0.0270186 0.0302440 
23043610005_Megalocytivirus_pagrus1_ISKNV                0.8487749 0.0300072 0.0129245 0.8531996 0.0019525 0.0029352 0.0119221 0.0019525 0.0300072 0.0321443 0.8531996 0.0320594 0.0320594 0.0129245 0.0321443 0.0019518 0.0333725 0.0312616 0.0000000 0.0310969 0.3289795 0.0009737 0.0078480 0.0312616 0.0458482 0.0330766 0.0009737 
MW883598_Megalocytivirus_pagrus1_RSIV                    0.8588828 0.0127183 0.0269933 0.8617695 0.0290188 0.0300857 0.0259735 0.0290188 0.0127183 0.0009661 0.8617695 0.0067975 0.0067975 0.0269933 0.0009661 0.0311561 0.0280077 0.0250371 0.0310969 0.0000000 0.3325710 0.0300845 0.0229004 0.0250371 0.0140120 0.0077723 0.0300845 
PQ335173_PQ335174_Threespine_stickleback_iridovirus_TSIV 0.8614427 0.3290452 0.3267643 0.8458330 0.3254077 0.3275837 0.3266496 0.3254077 0.3290452 0.3344835 0.8458330 0.3253942 0.3253942 0.3267643 0.3344835 0.3297828 0.3231718 0.3220994 0.3289795 0.3325710 0.0000000 0.3275971 0.3289807 0.3220994 0.3603516 0.3239515 0.3275971 
MW883594_Megalocytivirus_pagrus1_ISKNV                   0.8466685 0.0289980 0.0119271 0.8510839 0.0009759 0.0019562 0.0109257 0.0009759 0.0289980 0.0311301 0.8510839 0.0310480 0.0310480 0.0119271 0.0311301 0.0009756 0.0323514 0.0302440 0.0009737 0.0300845 0.3275971 0.0000000 0.0068648 0.0302440 0.0447982 0.0320645 0.0000010 
KT781098_Megalocytivirus_pagrus1_ISKNV                   0.8386519 0.0238686 0.0169367 0.8478910 0.0058716 0.0068651 0.0159283 0.0058716 0.0238686 0.0239277 0.8478910 0.0258997 0.0258997 0.0169367 0.0239277 0.0078626 0.0292081 0.0280856 0.0078480 0.0229004 0.3289807 0.0068648 0.0000000 0.0280856 0.0372682 0.0269084 0.0068648 
MG570131_Megalocytivirus_pagrus1_TRBIV                   0.8398716 0.0198834 0.0283523 0.8395995 0.0291725 0.0292829 0.0273195 0.0291725 0.0198834 0.0260737 0.8395995 0.0260057 0.0260057 0.0283523 0.0260737 0.0303586 0.0128548 0.0000010 0.0312616 0.0250371 0.3220994 0.0302440 0.0280856 0.0000000 0.0404706 0.0270186 0.0302440 
KC244182_Megalocytivirus_pagrus1_RSIV                    0.9039934 0.0263092 0.0424682 0.9086479 0.0436646 0.0448000 0.0414005 0.0436646 0.0263092 0.0130011 0.9086479 0.0200939 0.0200939 0.0424682 0.0130011 0.0459385 0.0435209 0.0404706 0.0458482 0.0140120 0.3603516 0.0447982 0.0372682 0.0404706 0.0000000 0.0211072 0.0447982 
OQ475017_Megalocytivirus_pagrus1_RSIV                    0.8660341 0.0087659 0.0289700 0.8726561 0.0309954 0.0320657 0.0279494 0.0309954 0.0087659 0.0087513 0.8726561 0.0009657 0.0009657 0.0289700 0.0087513 0.0331395 0.0300942 0.0270186 0.0330766 0.0077723 0.3239515 0.0320645 0.0269084 0.0270186 0.0211072 0.0000000 0.0320645 
23043610003_Megalocytivirus_pagrus1_ISKNV                0.8466685 0.0289980 0.0119271 0.8510839 0.0009759 0.0019562 0.0109257 0.0009759 0.0289980 0.0311301 0.8510839 0.0310480 0.0310480 0.0119271 0.0311301 0.0009756 0.0323514 0.0302440 0.0009737 0.0300845 0.3275971 0.0000010 0.0068648 0.0302440 0.0447982 0.0320645 0.0000000 
