26
Chlor_AMIV_KF938901_1_Chlor_AMIV_KF938901.1_00123             0.0000000 0.4735975 2.4121102 2.7668858 1.3516935 1.4085315 3.2711967 3.0928201 2.7644044 2.7644044 2.8594850 2.7927760 2.7750348 2.7829870 2.7829870 2.8594850 2.6903516 2.6903516 2.7750348 2.7674915 2.7674915 2.6766658 2.8073027 2.8073027 3.3356205 3.4377299 
Chlor_IIV22_HF920633_1_Chlor_IIV22_HF920633.1_00158           0.4735975 0.0000000 2.3103090 2.6079344 1.4712495 1.2571172 3.4692428 3.1687282 2.7975713 2.7975713 2.7227886 2.6834961 2.6414289 2.6740237 2.6740237 2.7227886 2.6631080 2.6631080 2.6414289 2.6346938 2.6346938 2.6495820 2.7809340 2.7809340 3.4649322 3.3963549 
Daphi_LS484712_1_Daphi_LS484712.1_00240                       2.4121102 2.3103090 0.0000000 2.5728440 3.0615390 3.0977995 3.9225571 3.9740932 4.2849518 4.2849518 4.6827954 4.6195460 4.6784692 4.6025603 4.6025603 4.6827954 4.3600834 4.3600834 4.6784692 4.6254295 4.6254295 4.3278326 4.4346684 4.4346684 4.1880619 3.7785648 
Decap_MF599468_1_Decap_MF599468.1_00035                       2.7668858 2.6079344 2.5728440 0.0000000 2.9113277 2.7758998 2.1655459 2.3629396 3.3064432 3.3064432 4.0646838 4.0300978 3.9287292 3.9495044 3.9495044 4.0646838 4.0311091 4.0311091 3.9287292 3.9583444 3.9583444 4.0193508 3.9406831 3.9406831 2.7696236 2.3508907 
Irido_IIV31_HF920637_1_Irido_IIV31_HF920637.1_00073           1.3516935 1.4712495 3.0615390 2.9113277 0.0000000 1.0126073 2.9423459 2.6667103 3.3960454 3.3960454 4.0063220 3.9250484 3.9553940 3.9991576 3.9991576 4.0063220 4.0362061 4.0362061 3.9553940 3.9117427 3.9117427 4.0167543 4.2797196 4.2797196 3.6304383 3.7794958 
Irido_IIV6_AF303741_1_Irido_IIV6_AF303741.1_00063             1.4085315 1.2571172 3.0977995 2.7758998 1.0126073 0.0000000 2.9421584 2.8388638 3.8399351 3.8399351 3.9606514 3.8675585 3.8452050 3.8734809 3.8734809 3.9606514 3.5916653 3.5916653 3.8452050 3.7694386 3.7694386 3.5737084 3.8121433 3.8121433 3.4225318 3.6644136 
Lymph_LCD4_MN803438_1_Lymph_LCD4_MN803438.1_00035             3.2711967 3.4692428 3.9225571 2.1655459 2.9423459 2.9421584 0.0000000 0.4087087 3.3362576 3.3362576 3.8002677 3.7647137 3.8148043 3.7599545 3.7599545 3.8002677 3.4972589 3.4972589 3.8148043 3.7450627 3.7450627 3.5107457 3.6978104 3.6978104 2.1182784 2.3328384 
Lymph_LDV1_L63545_1_Lymph_LDV1_L63545.1_00072                 3.0928201 3.1687282 3.9740932 2.3629396 2.6667103 2.8388638 0.4087087 0.0000000 3.1622803 3.1622803 3.5114668 3.4825619 3.5535995 3.4759806 3.4759806 3.5114668 3.4100529 3.4100529 3.5535995 3.5392133 3.5392133 3.4235658 3.4648738 3.4648738 2.1374286 2.2843294 
MCV_ML1_SDDV_MN562489_1_MCV_ML1_SDDV_MN562489.1_00011         2.7644044 2.7975713 4.2849518 3.3064432 3.3960454 3.8399351 3.3362576 3.1622803 0.0000000 0.0000010 1.3428792 1.3804074 1.3093429 1.3544433 1.3544433 1.3428792 1.3043482 1.3043482 1.3093429 1.3008348 1.3008348 1.3149394 1.4550027 1.4550027 3.0528049 3.6446385 
MCV_ML1_SDDV_MT521409_1_MCV_ML1_SDDV_MT521409.1_00011         2.7644044 2.7975713 4.2849518 3.3064432 3.3960454 3.8399351 3.3362576 3.1622803 0.0000010 0.0000000 1.3428792 1.3804074 1.3093429 1.3544433 1.3544433 1.3428792 1.3043482 1.3043482 1.3093429 1.3008348 1.3008348 1.3149394 1.4550027 1.4550027 3.0528049 3.6446385 
MCV_MP1_BCFI_MN432490_1_MCV_MP1_BCFI_MN432490.1_00035         2.8594850 2.7227886 4.6827954 4.0646838 4.0063220 3.9606514 3.8002677 3.5114668 1.3428792 1.3428792 0.0000000 0.0210184 0.0708271 0.0156774 0.0156774 0.0000010 0.0863359 0.0863359 0.0708271 0.0764302 0.0764302 0.0805506 0.0906712 0.0906712 3.3091512 3.6465992 
MCV_MP1_BCFI_MT926123_1_MCV_MP1_BCFI_MT926123.1_00035         2.7927760 2.6834961 4.6195460 4.0300978 3.9250484 3.8675585 3.7647137 3.4825619 1.3804074 1.3804074 0.0210184 0.0000000 0.0825808 0.0051724 0.0051724 0.0210184 0.1059498 0.1059498 0.0825808 0.0882695 0.0882695 0.1000220 0.1095036 0.1095036 3.3036768 3.6974673 
MCV_MP1_GSPI_KT804738_1_MCV_MP1_GSPI_KT804738.1_00032         2.7750348 2.6414289 4.6784692 3.9287292 3.9553940 3.8452050 3.8148043 3.5535995 1.3093429 1.3093429 0.0708271 0.0825808 0.0000000 0.0766340 0.0766340 0.0708271 0.1277344 0.1277344 0.0000010 0.0101727 0.0101727 0.1218573 0.1459077 0.1459077 3.3673468 3.5367468 
MCV_MP1_ISKNV_AF371960_1_MCV_MP1_ISKNV_AF371960.1_00034       2.7829870 2.6740237 4.6025603 3.9495044 3.9991576 3.8734809 3.7599545 3.4759806 1.3544433 1.3544433 0.0156774 0.0051724 0.0766340 0.0000000 0.0000010 0.0156774 0.0995587 0.0995587 0.0766340 0.0822774 0.0822774 0.0936671 0.1031248 0.1031248 3.2916806 3.6195187 
MCV_MP1_ISKNV_MK689685_1_MCV_MP1_ISKNV_MK689685.1_00032       2.7829870 2.6740237 4.6025603 3.9495044 3.9991576 3.8734809 3.7599545 3.4759806 1.3544433 1.3544433 0.0156774 0.0051724 0.0766340 0.0000010 0.0000000 0.0156774 0.0995587 0.0995587 0.0766340 0.0822774 0.0822774 0.0936671 0.1031248 0.1031248 3.2916806 3.6195187 
MCV_MP1_LBUSV_OP009387_1_MCV_MP1_LBUSV_OP009387.1_00033       2.8594850 2.7227886 4.6827954 4.0646838 4.0063220 3.9606514 3.8002677 3.5114668 1.3428792 1.3428792 0.0000010 0.0210184 0.0708271 0.0156774 0.0156774 0.0000000 0.0863359 0.0863359 0.0708271 0.0764302 0.0764302 0.0805506 0.0906712 0.0906712 3.3091512 3.6465992 
MCV_MP1_LYCI_MW139932_1_MCV_MP1_LYCI_MW139932.1_00036         2.6903516 2.6631080 4.3600834 4.0311091 4.0362061 3.5916653 3.4972589 3.4100529 1.3043482 1.3043482 0.0863359 0.1059498 0.1277344 0.0995587 0.0995587 0.0863359 0.0000000 0.0000010 0.1277344 0.1400458 0.1400458 0.0050081 0.1032835 0.1032835 3.3428302 3.4437650 
MCV_MP1_LYCI_OL774653_1_MCV_MP1_LYCI_OL774653.1_00054         2.6903516 2.6631080 4.3600834 4.0311091 4.0362061 3.5916653 3.4972589 3.4100529 1.3043482 1.3043482 0.0863359 0.1059498 0.1277344 0.0995587 0.0995587 0.0863359 0.0000010 0.0000000 0.1277344 0.1400458 0.1400458 0.0050081 0.1032835 0.1032835 3.3428302 3.4437650 
MCV_MP1_OSGI_AY894343_1_MCV_MP1_OSGI_AY894343.1_00032         2.7750348 2.6414289 4.6784692 3.9287292 3.9553940 3.8452050 3.8148043 3.5535995 1.3093429 1.3093429 0.0708271 0.0825808 0.0000010 0.0766340 0.0766340 0.0708271 0.1277344 0.1277344 0.0000000 0.0101727 0.0101727 0.1218573 0.1459077 0.1459077 3.3673468 3.5367468 
MCV_MP1_PI_MK098185_1_MCV_MP1_PI_MK098185.1_00036             2.7674915 2.6346938 4.6254295 3.9583444 3.9117427 3.7694386 3.7450627 3.5392133 1.3008348 1.3008348 0.0764302 0.0882695 0.0101727 0.0822774 0.0822774 0.0764302 0.1400458 0.1400458 0.0101727 0.0000000 0.0000010 0.1341298 0.1520630 0.1520630 3.3351431 3.5001330 
MCV_MP1_PI_MK098186_1_MCV_MP1_PI_MK098186.1_00033             2.7674915 2.6346938 4.6254295 3.9583444 3.9117427 3.7694386 3.7450627 3.5392133 1.3008348 1.3008348 0.0764302 0.0882695 0.0101727 0.0822774 0.0822774 0.0764302 0.1400458 0.1400458 0.0101727 0.0000010 0.0000000 0.1341298 0.1520630 0.1520630 3.3351431 3.5001330 
MCV_MP1_TRBIV_GQ273492_1_MCV_MP1_TRBIV_GQ273492.1_00033       2.6766658 2.6495820 4.3278326 4.0193508 4.0167543 3.5737084 3.5107457 3.4235658 1.3149394 1.3149394 0.0805506 0.1000220 0.1218573 0.0936671 0.0936671 0.0805506 0.0050081 0.0050081 0.1218573 0.1341298 0.1341298 0.0000000 0.0974881 0.0974881 3.3270179 3.4285447 
MCV_Unclassified_MG570131_1_MCV_Unclassified_MG570131.1_00034 2.8073027 2.7809340 4.4346684 3.9406831 4.2797196 3.8121433 3.6978104 3.4648738 1.4550027 1.4550027 0.0906712 0.1095036 0.1459077 0.1031248 0.1031248 0.0906712 0.1032835 0.1032835 0.1459077 0.1520630 0.1520630 0.0974881 0.0000000 0.0000010 3.3954291 3.5977832 
MCV_Unclassified_MG570132_1_MCV_Unclassified_MG570132.1_00034 2.8073027 2.7809340 4.4346684 3.9406831 4.2797196 3.8121433 3.6978104 3.4648738 1.4550027 1.4550027 0.0906712 0.1095036 0.1459077 0.1031248 0.1031248 0.0906712 0.1032835 0.1032835 0.1459077 0.1520630 0.1520630 0.0974881 0.0000010 0.0000000 3.3954291 3.5977832 
Rana_FV3_NC_005946_1_Rana_FV3_NC_005946.1_00087               3.3356205 3.4649322 4.1880619 2.7696236 3.6304383 3.4225318 2.1182784 2.1374286 3.0528049 3.0528049 3.3091512 3.3036768 3.3673468 3.2916806 3.2916806 3.3091512 3.3428302 3.3428302 3.3673468 3.3351431 3.3351431 3.3270179 3.3954291 3.3954291 0.0000000 1.2381621 
Rana_SGIV_AY521625_1_Rana_SGIV_AY521625.1_00059               3.4377299 3.3963549 3.7785648 2.3508907 3.7794958 3.6644136 2.3328384 2.2843294 3.6446385 3.6446385 3.6465992 3.6974673 3.5367468 3.6195187 3.6195187 3.6465992 3.4437650 3.4437650 3.5367468 3.5001330 3.5001330 3.4285447 3.5977832 3.5977832 1.2381621 0.0000000 
