18
OL774653_Megalocytivirus_pagrus1_RSIV                    0.0000000 0.0043850 0.0181560 0.0000010 0.0181560 0.0043850 0.6620049 0.0180522 0.0180522 0.0293463 0.0043183 0.0207768 0.0266924 0.6620049 0.0207768 0.2513509 0.0066476 0.0293463 
MW883598_Megalocytivirus_pagrus1_RSIV                    0.0043850 0.0000000 0.0132585 0.0043850 0.0132585 0.0000010 0.6704629 0.0131806 0.0131806 0.0263595 0.0088973 0.0157430 0.0213478 0.6704629 0.0157430 0.2521810 0.0021531 0.0263595 
MK689685_Megalocytivirus_pagrus1_ISKNV                   0.0181560 0.0132585 0.0000000 0.0181560 0.0000010 0.0132585 0.6820143 0.0021371 0.0021371 0.0213383 0.0157030 0.0021632 0.0213321 0.6820143 0.0021632 0.2476034 0.0156410 0.0213383 
OL774654_Megalocytivirus_pagrus1_RSIV                    0.0000010 0.0043850 0.0181560 0.0000000 0.0181560 0.0043850 0.6620049 0.0180522 0.0180522 0.0293463 0.0043183 0.0207768 0.0266924 0.6620049 0.0207768 0.2513509 0.0066476 0.0293463 
OP896201_Megalocytivirus_pagrus1_ISKNV                   0.0181560 0.0132585 0.0000010 0.0181560 0.0000000 0.0132585 0.6820143 0.0021371 0.0021371 0.0213383 0.0157030 0.0021632 0.0213321 0.6820143 0.0021632 0.2476034 0.0156410 0.0213383 
AP017456_Megalocytivirus_pagrus1_RSIV                    0.0043850 0.0000010 0.0132585 0.0043850 0.0132585 0.0000000 0.6704629 0.0131806 0.0131806 0.0263595 0.0088973 0.0157430 0.0213478 0.6704629 0.0157430 0.2521810 0.0021531 0.0263595 
MN562489_Megalocytivirus_lates1_SDDV                     0.6620049 0.6704629 0.6820143 0.6620049 0.6820143 0.6704629 0.0000000 0.6814365 0.6814365 0.6946874 0.6672928 0.6880506 0.6962126 0.0000010 0.6880506 0.7458168 0.6766149 0.6946874 
MW883595_Megalocytivirus_pagrus1_ISKNV                   0.0180522 0.0131806 0.0021371 0.0180522 0.0021371 0.0131806 0.6814365 0.0000000 0.0000010 0.0212169 0.0156118 0.0043516 0.0212107 0.6814365 0.0043516 0.2476601 0.0155502 0.0212169 
PP974677_Megalocytivirus_pagrus1_ISKNV                   0.0180522 0.0131806 0.0021371 0.0180522 0.0021371 0.0131806 0.6814365 0.0000010 0.0000000 0.0212169 0.0156118 0.0043516 0.0212107 0.6814365 0.0043516 0.2476601 0.0155502 0.0212169 
MG570132_Megalocytivirus_pagrus1_TRBIV                   0.0293463 0.0263595 0.0213383 0.0293463 0.0213383 0.0263595 0.6946874 0.0212169 0.0212169 0.0000000 0.0241197 0.0209433 0.0135033 0.6946874 0.0209433 0.2522840 0.0290411 0.0000010 
OQ475017_Megalocytivirus_pagrus1_RSIV                    0.0043183 0.0088973 0.0157030 0.0043183 0.0157030 0.0088973 0.6672928 0.0156118 0.0156118 0.0241197 0.0000000 0.0182558 0.0215392 0.6672928 0.0182558 0.2465305 0.0112402 0.0241197 
MW883600_Megalocytivirus_pagrus1_ISKNV                   0.0207768 0.0157430 0.0021632 0.0207768 0.0021632 0.0157430 0.6880506 0.0043516 0.0043516 0.0209433 0.0182558 0.0000000 0.0209372 0.6880506 0.0000010 0.2474375 0.0181920 0.0209433 
GQ273492_Megalocytivirus_pagrus1_TRBIV                   0.0266924 0.0213478 0.0213321 0.0266924 0.0213321 0.0213478 0.6962126 0.0212107 0.0212107 0.0135033 0.0215392 0.0209372 0.0000000 0.6962126 0.0209372 0.2581721 0.0239546 0.0135033 
MT521409_Megalocytivirus_lates1_SDDV                     0.6620049 0.6704629 0.6820143 0.6620049 0.6820143 0.6704629 0.0000010 0.6814365 0.6814365 0.6946874 0.6672928 0.6880506 0.6962126 0.0000000 0.6880506 0.7458168 0.6766149 0.6946874 
MW883602_Megalocytivirus_pagrus1_ISKNV                   0.0207768 0.0157430 0.0021632 0.0207768 0.0021632 0.0157430 0.6880506 0.0043516 0.0043516 0.0209433 0.0182558 0.0000010 0.0209372 0.6880506 0.0000000 0.2474375 0.0181920 0.0209433 
PQ335173_PQ335174_Threespine_stickleback_iridovirus_TSIV 0.2513509 0.2521810 0.2476034 0.2513509 0.2476034 0.2521810 0.7458168 0.2476601 0.2476601 0.2522840 0.2465305 0.2474375 0.2581721 0.7458168 0.2474375 0.0000000 0.2522957 0.2522840 
ON743042_Megalocytivirus_pagrus1_RSIV                    0.0066476 0.0021531 0.0156410 0.0066476 0.0156410 0.0021531 0.6766149 0.0155502 0.0155502 0.0290411 0.0112402 0.0181920 0.0239546 0.6766149 0.0181920 0.2522957 0.0000000 0.0290411 
MG570131_Megalocytivirus_pagrus1_TRBIV                   0.0293463 0.0263595 0.0213383 0.0293463 0.0213383 0.0263595 0.6946874 0.0212169 0.0212169 0.0000010 0.0241197 0.0209433 0.0135033 0.6946874 0.0209433 0.2522840 0.0290411 0.0000000 
