19
MK637631_European_chub_iridovirus_ECIV                   0.0000000 0.7886039 0.7997292 0.8088716 0.7886039 0.8088716 0.7997292 0.3113977 0.8072455 0.8072455 0.8115815 0.7956124 0.8096214 0.8044860 0.3113977 0.8096214 0.7827403 0.7991244 0.8115815 
OL774653_Megalocytivirus_pagrus1_RSIV                    0.7886039 0.0000000 0.0043604 0.0179392 0.0000010 0.0179392 0.0043604 0.6480080 0.0178547 0.0178547 0.0286345 0.0043047 0.0204589 0.0260808 0.6480080 0.0204589 0.2334528 0.0065964 0.0286345 
MW883598_Megalocytivirus_pagrus1_RSIV                    0.7997292 0.0043604 0.0000000 0.0131635 0.0043604 0.0131635 0.0000010 0.6576190 0.0131003 0.0131003 0.0258013 0.0088223 0.0155742 0.0209323 0.6576190 0.0155742 0.2338163 0.0021482 0.0258013 
MK689685_Megalocytivirus_pagrus1_ISKNV                   0.8088716 0.0179392 0.0131635 0.0000000 0.0179392 0.0000010 0.0131635 0.6692887 0.0021347 0.0021347 0.0209203 0.0155497 0.0021551 0.0209176 0.6692887 0.0021551 0.2294833 0.0154936 0.0209203 
OL774654_Megalocytivirus_pagrus1_RSIV                    0.7886039 0.0000010 0.0043604 0.0179392 0.0000000 0.0179392 0.0043604 0.6480080 0.0178547 0.0178547 0.0286345 0.0043047 0.0204589 0.0260808 0.6480080 0.0204589 0.2334528 0.0065964 0.0286345 
OP896201_Megalocytivirus_pagrus1_ISKNV                   0.8088716 0.0179392 0.0131635 0.0000010 0.0179392 0.0000000 0.0131635 0.6692887 0.0021347 0.0021347 0.0209203 0.0155497 0.0021551 0.0209176 0.6692887 0.0021551 0.2294833 0.0154936 0.0209203 
AP017456_Megalocytivirus_pagrus1_RSIV                    0.7997292 0.0043604 0.0000010 0.0131635 0.0043604 0.0131635 0.0000000 0.6576190 0.0131003 0.0131003 0.0258013 0.0088223 0.0155742 0.0209323 0.6576190 0.0155742 0.2338163 0.0021482 0.0258013 
MN562489_Megalocytivirus_lates1_SDDV                     0.3113977 0.6480080 0.6576190 0.6692887 0.6480080 0.6692887 0.6576190 0.0000000 0.6681378 0.6681378 0.6836710 0.6541652 0.6762736 0.6863441 0.0000010 0.6762736 0.7385405 0.6642815 0.6836710 
MW883595_Megalocytivirus_pagrus1_ISKNV                   0.8072455 0.0178547 0.0131003 0.0021347 0.0178547 0.0021347 0.0131003 0.6681378 0.0000000 0.0000010 0.0208217 0.0154757 0.0043307 0.0208190 0.6681378 0.0043307 0.2293692 0.0154200 0.0208217 
PP974677_Megalocytivirus_pagrus1_ISKNV                   0.8072455 0.0178547 0.0131003 0.0021347 0.0178547 0.0021347 0.0131003 0.6681378 0.0000010 0.0000000 0.0208217 0.0154757 0.0043307 0.0208190 0.6681378 0.0043307 0.2293692 0.0154200 0.0208217 
MG570132_Megalocytivirus_pagrus1_TRBIV                   0.8115815 0.0286345 0.0258013 0.0209203 0.0286345 0.0209203 0.0258013 0.6836710 0.0208217 0.0208217 0.0000000 0.0235863 0.0205836 0.0133491 0.6836710 0.0205836 0.2322985 0.0283722 0.0000010 
OQ475017_Megalocytivirus_pagrus1_RSIV                    0.7956124 0.0043047 0.0088223 0.0155497 0.0043047 0.0155497 0.0088223 0.6541652 0.0154757 0.0154757 0.0235863 0.0000000 0.0180159 0.0210920 0.6541652 0.0180159 0.2281168 0.0111221 0.0235863 
MW883600_Megalocytivirus_pagrus1_ISKNV                   0.8096214 0.0204589 0.0155742 0.0021551 0.0204589 0.0021551 0.0155742 0.6762736 0.0043307 0.0043307 0.0205836 0.0180159 0.0000000 0.0205809 0.6762736 0.0000010 0.2297908 0.0179563 0.0205836 
GQ273492_Megalocytivirus_pagrus1_TRBIV                   0.8044860 0.0260808 0.0209323 0.0209176 0.0260808 0.0209176 0.0209323 0.6863441 0.0208190 0.0208190 0.0133491 0.0210920 0.0205809 0.0000000 0.6863441 0.0205809 0.2378772 0.0234441 0.0133491 
MT521409_Megalocytivirus_lates1_SDDV                     0.3113977 0.6480080 0.6576190 0.6692887 0.6480080 0.6692887 0.6576190 0.0000010 0.6681378 0.6681378 0.6836710 0.6541652 0.6762736 0.6863441 0.0000000 0.6762736 0.7385405 0.6642815 0.6836710 
MW883602_Megalocytivirus_pagrus1_ISKNV                   0.8096214 0.0204589 0.0155742 0.0021551 0.0204589 0.0021551 0.0155742 0.6762736 0.0043307 0.0043307 0.0205836 0.0180159 0.0000010 0.0205809 0.6762736 0.0000000 0.2297908 0.0179563 0.0205836 
PQ335173_PQ335174_Threespine_stickleback_iridovirus_TSIV 0.7827403 0.2334528 0.2338163 0.2294833 0.2334528 0.2294833 0.2338163 0.7385405 0.2293692 0.2293692 0.2322985 0.2281168 0.2297908 0.2378772 0.7385405 0.2297908 0.0000000 0.2337982 0.2322985 
ON743042_Megalocytivirus_pagrus1_RSIV                    0.7991244 0.0065964 0.0021482 0.0154936 0.0065964 0.0154936 0.0021482 0.6642815 0.0154200 0.0154200 0.0283722 0.0111221 0.0179563 0.0234441 0.6642815 0.0179563 0.2337982 0.0000000 0.0283722 
MG570131_Megalocytivirus_pagrus1_TRBIV                   0.8115815 0.0286345 0.0258013 0.0209203 0.0286345 0.0209203 0.0258013 0.6836710 0.0208217 0.0208217 0.0000010 0.0235863 0.0205836 0.0133491 0.6836710 0.0205836 0.2322985 0.0283722 0.0000000 
