24
AF303741_AF303741.1_00165          0.0000000 3.2953809 3.3558280 3.3599445 3.4011927 3.3366686 2.0266004 1.5158570 0.6277518 3.3599445 2.1770287 2.6919822 2.8077448 2.5573190 3.3130480 3.3495590 3.4011927 3.2953809 3.2986867 3.4137165 3.0274017 3.4137165 3.2986867 3.2314111 
AF371960_AF371960.1_00030          3.2953809 0.0000000 2.3073884 0.0191998 0.0191607 0.0288048 3.0924831 2.2996636 3.7850909 0.0191998 2.7217577 2.1392665 3.6821271 2.2827185 0.0223556 0.0255796 0.0191607 0.0000010 0.0031551 0.9205076 2.2758999 0.9205076 0.0031551 2.0989414 
AY521625_AY521625.1_00085          3.3558280 2.3073884 0.0000000 2.3489248 2.3653481 2.3228511 3.5958876 2.9726986 3.1884533 2.3489248 3.3235379 2.1261041 3.6803166 2.3770436 2.3228524 2.3330154 2.3653481 2.3073884 2.3050689 2.2252953 2.1179806 2.2252953 2.3050689 0.7838985 
AY894343_MK689686.1_00028          3.3599445 0.0191998 2.3489248 0.0000000 0.0063355 0.0224479 3.1282850 2.2732072 3.8798250 0.0000010 2.7714275 2.1609343 3.7464157 2.2958353 0.0159996 0.0192222 0.0063355 0.0191998 0.0159774 0.9204996 2.2603371 0.9204996 0.0159774 2.0944769 
BD143114_MK689686.1_00028          3.4011927 0.0191607 2.3653481 0.0063355 0.0000000 0.0159568 3.1496258 2.2883874 3.9322572 0.0063355 2.7886209 2.1712812 3.7684988 2.3066972 0.0159669 0.0127527 0.0000010 0.0191607 0.0159448 0.9175597 2.2714456 0.9175597 0.0159448 2.1094544 
GQ273492_GQ273492.1_00029          3.3366686 0.0288048 2.3228511 0.0224479 0.0159568 0.0000000 3.0934062 2.2883874 3.7636899 0.0224479 2.7369416 2.1644501 3.7056158 2.2483779 0.0063227 0.0031562 0.0159568 0.0288048 0.0255688 0.9015509 2.2647490 0.9015509 0.0255688 2.0977646 
HF920633_HF920633.1_00043          2.0266004 3.0924831 3.5958876 3.1282850 3.1496258 3.0934062 0.0000000 1.8760256 1.7865300 3.1282850 0.9435384 2.7086716 2.6440731 2.5419114 3.0891725 3.1062663 3.1496258 3.0924831 3.1093238 3.1282964 2.8152619 3.1282964 3.1093238 3.0819190 
HF920637_HF920637.1                1.5158570 2.2996636 2.9726986 2.2732072 2.2883874 2.2883874 1.8760256 0.0000000 0.0000010 2.2732072 1.8204583 2.2566538 2.6820185 1.8761501 2.2883874 2.2883874 2.2883874 2.2996636 2.2996636 1.9135342 2.9823092 1.9135342 2.2996636 2.6027807 
HF920637_HF920637.1_00175          0.6277518 3.7850909 3.1884533 3.8798250 3.9322572 3.7636899 1.7865300 0.0000010 0.0000000 3.8798250 1.9352144 3.3701226 2.6474493 2.5487947 3.7458594 3.7963163 3.9322572 3.7850909 3.7800213 3.9640002 3.4220820 3.9640002 3.7800213 3.6442514 
KC244182_MK689686.1_00028          3.3599445 0.0191998 2.3489248 0.0000010 0.0063355 0.0224479 3.1282850 2.2732072 3.8798250 0.0000000 2.7714275 2.1609343 3.7464157 2.2958353 0.0159996 0.0192222 0.0063355 0.0191998 0.0159774 0.9204996 2.2603371 0.9204996 0.0159774 2.0944769 
KF938901_KF938901.1_00067          2.1770287 2.7217577 3.3235379 2.7714275 2.7886209 2.7369416 0.9435384 1.8204583 1.9352144 2.7714275 0.0000000 2.5471349 2.5189478 2.5851258 2.7357530 2.7488249 2.7886209 2.7217577 2.7172413 2.9045916 2.6487619 2.9045916 2.7172413 2.9853596 
KX643370_Lymph_LDV3_KX643370_00137 2.6919822 2.1392665 2.1261041 2.1609343 2.1712812 2.1644501 2.7086716 2.2566538 3.3701226 2.1609343 2.5471349 0.0000000 3.3832545 2.3192214 2.1669506 2.1748049 2.1712812 2.1392665 2.1387200 2.0572603 0.3231201 2.0572603 2.1387200 1.9596633 
LS484712_LS484712.1_00248          2.8077448 3.6821271 3.6803166 3.7464157 3.7684988 3.7056158 2.6440731 2.6820185 2.6474493 3.7464157 2.5189478 3.3832545 0.0000000 2.9587696 3.7042737 3.7203275 3.7684988 3.6821271 3.6747018 3.5020055 3.4245722 3.5020055 3.6747018 3.2659722 
MF599468_MF599468.1_00030          2.5573190 2.2827185 2.3770436 2.2958353 2.3066972 2.2483779 2.5419114 1.8761501 2.5487947 2.2958353 2.5851258 2.3192214 2.9587696 0.0000000 2.2506721 2.2586574 2.3066972 2.2827185 2.2816061 2.2652020 2.3516042 2.2652020 2.2816061 2.5540042 
MG570131_MG570131.1_00030          3.3130480 0.0223556 2.3228524 0.0159996 0.0159669 0.0063227 3.0891725 2.2883874 3.7458594 0.0159996 2.7357530 2.1669506 3.7042737 2.2506721 0.0000000 0.0031581 0.0159669 0.0223556 0.0191352 0.8984549 2.2671219 0.8984549 0.0191352 2.0983274 
MG570132_MG570132.1_00030          3.3495590 0.0255796 2.3330154 0.0192222 0.0127527 0.0031562 3.1062663 2.2883874 3.7963163 0.0192222 2.7488249 2.1748049 3.7203275 2.2586574 0.0031581 0.0000000 0.0127527 0.0255796 0.0223509 0.8953721 2.2755536 0.8953721 0.0223509 2.1075724 
MK098185_MK689686.1_00028          3.4011927 0.0191607 2.3653481 0.0063355 0.0000010 0.0159568 3.1496258 2.2883874 3.9322572 0.0063355 2.7886209 2.1712812 3.7684988 2.3066972 0.0159669 0.0127527 0.0000000 0.0191607 0.0159448 0.9175597 2.2714456 0.9175597 0.0159448 2.1094544 
MK689685_AF371960.1_00030          3.2953809 0.0000010 2.3073884 0.0191998 0.0191607 0.0288048 3.0924831 2.2996636 3.7850909 0.0191998 2.7217577 2.1392665 3.6821271 2.2827185 0.0223556 0.0255796 0.0191607 0.0000000 0.0031551 0.9205076 2.2758999 0.9205076 0.0031551 2.0989414 
MN432490_AF371960.1_00030          3.2986867 0.0031551 2.3050689 0.0159774 0.0159448 0.0255688 3.1093238 2.2996636 3.7800213 0.0159774 2.7172413 2.1387200 3.6747018 2.2816061 0.0191352 0.0223509 0.0159448 0.0031551 0.0000000 0.9197161 2.2603363 0.9197161 0.0000010 2.0947380 
MN562489_SDDV_ORF038               3.4137165 0.9205076 2.2252953 0.9204996 0.9175597 0.9015509 3.1282964 1.9135342 3.9640002 0.9204996 2.9045916 2.0572603 3.5020055 2.2652020 0.8984549 0.8953721 0.9175597 0.9205076 0.9197161 0.0000000 2.2091966 0.0000010 0.9197161 2.2177805 
MN803438_MN803438.1_00106          3.0274017 2.2758999 2.1179806 2.2603371 2.2714456 2.2647490 2.8152619 2.9823092 3.4220820 2.2603371 2.6487619 0.3231201 3.4245722 2.3516042 2.2671219 2.2755536 2.2714456 2.2758999 2.2603363 2.2091966 0.0000000 2.2091966 2.2603363 2.0643216 
MT521409_SDDV_ORF038               3.4137165 0.9205076 2.2252953 0.9204996 0.9175597 0.9015509 3.1282964 1.9135342 3.9640002 0.9204996 2.9045916 2.0572603 3.5020055 2.2652020 0.8984549 0.8953721 0.9175597 0.9205076 0.9197161 0.0000010 2.2091966 0.0000000 0.9197161 2.2177805 
MT986830_AF371960.1_00030          3.2986867 0.0031551 2.3050689 0.0159774 0.0159448 0.0255688 3.1093238 2.2996636 3.7800213 0.0159774 2.7172413 2.1387200 3.6747018 2.2816061 0.0191352 0.0223509 0.0159448 0.0031551 0.0000010 0.9197161 2.2603363 0.9197161 0.0000000 2.0947380 
NC_005946_NC_005946.1_00095        3.2314111 2.0989414 0.7838985 2.0944769 2.1094544 2.0977646 3.0819190 2.6027807 3.6442514 2.0944769 2.9853596 1.9596633 3.2659722 2.5540042 2.0983274 2.1075724 2.1094544 2.0989414 2.0947380 2.2177805 2.0643216 2.2177805 2.0947380 0.0000000 
