10
MT798582_Megalocytivirus_pagrus1_RSIV     0.0000000 0.1035105 0.2398951 0.2398951 0.0000010 0.1035105 0.5657112 0.2560153 0.6766128 0.6766128 
OL774654_Megalocytivirus_pagrus1_RSIV     0.1035105 0.0000000 0.1112168 0.1112168 0.1035105 0.0000010 0.4343334 0.2647691 0.5124734 0.5124734 
23043610003_Megalocytivirus_pagrus1_ISKNV 0.2398951 0.1112168 0.0000000 0.0000010 0.2398951 0.1112168 0.3898192 0.1113283 0.4471689 0.4471689 
OR670976_Megalocytivirus_pagrus1_ISKNV    0.2398951 0.1112168 0.0000010 0.0000000 0.2398951 0.1112168 0.3898192 0.1113283 0.4471689 0.4471689 
ON075463_Megalocytivirus_pagrus1_RSIV     0.0000010 0.1035105 0.2398951 0.2398951 0.0000000 0.1035105 0.5657112 0.2560153 0.6766128 0.6766128 
MK098185_Megalocytivirus_pagrus1_RSIV     0.1035105 0.0000010 0.1112168 0.1112168 0.1035105 0.0000000 0.4343334 0.2647691 0.5124734 0.5124734 
GQ273492_Megalocytivirus_pagrus1_TRBIV    0.5657112 0.4343334 0.3898192 0.3898192 0.5657112 0.4343334 0.0000000 0.5431391 0.2133355 0.2133355 
MT926123_Megalocytivirus_pagrus1_ISKNV    0.2560153 0.2647691 0.1113283 0.1113283 0.2560153 0.2647691 0.5431391 0.0000000 0.6381012 0.6381012 
MG570132_Megalocytivirus_pagrus1_TRBIV    0.6766128 0.5124734 0.4471689 0.4471689 0.6766128 0.5124734 0.2133355 0.6381012 0.0000000 0.0000010 
MG570131_Megalocytivirus_pagrus1_TRBIV    0.6766128 0.5124734 0.4471689 0.4471689 0.6766128 0.5124734 0.2133355 0.6381012 0.0000010 0.0000000 
