15
1_52       0.0000000 0.3821451 0.3985214 0.3707684 0.3957299 0.4239875 0.3707684 0.4696814 0.4696814 0.3817680 0.3817680 0.4014297 0.0000010 0.2576004 0.2667760 
3_52       0.3821451 0.0000000 0.1263704 0.0120247 0.1168681 0.4002705 0.0120247 0.4183141 0.4183141 0.1130449 0.1130449 0.1225083 0.3821451 0.4132923 0.4295607 
4_56       0.3985214 0.1263704 0.0000000 0.1233889 0.0122887 0.3293877 0.1233889 0.3371185 0.3371185 0.0119051 0.0119051 0.0241414 0.3985214 0.3925321 0.4074750 
5_51       0.3707684 0.0120247 0.1233889 0.0000000 0.1140432 0.3871166 0.0000010 0.4186043 0.4186043 0.1104011 0.1104011 0.1195051 0.3707684 0.4002284 0.4154590 
6_22       0.3957299 0.1168681 0.0122887 0.1140432 0.0000000 0.3404510 0.1140432 0.3476808 0.3476808 0.0000010 0.0000010 0.0123915 0.3957299 0.4054599 0.4054599 
7_51       0.4239875 0.4002705 0.3293877 0.3871166 0.3404510 0.0000000 0.3871166 0.2551477 0.2551477 0.3277834 0.3277834 0.3476744 0.4239875 0.4127301 0.4297239 
10_51      0.3707684 0.0120247 0.1233889 0.0000010 0.1140432 0.3871166 0.0000000 0.4186043 0.4186043 0.1104011 0.1104011 0.1195051 0.3707684 0.4002284 0.4154590 
16_52      0.4696814 0.4183141 0.3371185 0.4186043 0.3476808 0.2551477 0.4186043 0.0000000 0.0000010 0.3355827 0.3355827 0.3542836 0.4696814 0.4460520 0.4629476 
17_52      0.4696814 0.4183141 0.3371185 0.4186043 0.3476808 0.2551477 0.4186043 0.0000010 0.0000000 0.3355827 0.3355827 0.3542836 0.4696814 0.4460520 0.4629476 
18_54      0.3817680 0.1130449 0.0119051 0.1104011 0.0000010 0.3277834 0.1104011 0.3355827 0.3355827 0.0000000 0.0000010 0.0120017 0.3817680 0.3906519 0.4054599 
19_51      0.3817680 0.1130449 0.0119051 0.1104011 0.0000010 0.3277834 0.1104011 0.3355827 0.3355827 0.0000010 0.0000000 0.0120017 0.3817680 0.3906519 0.4054599 
20_54      0.4014297 0.1225083 0.0241414 0.1195051 0.0123915 0.3476744 0.1195051 0.3542836 0.3542836 0.0120017 0.0120017 0.0000000 0.4014297 0.4111563 0.4268647 
21_50      0.0000010 0.3821451 0.3985214 0.3707684 0.3957299 0.4239875 0.3707684 0.4696814 0.4696814 0.3817680 0.3817680 0.4014297 0.0000000 0.2576004 0.2667760 
23_53      0.2576004 0.4132923 0.3925321 0.4002284 0.4054599 0.4127301 0.4002284 0.4460520 0.4460520 0.3906519 0.3906519 0.4111563 0.2576004 0.0000000 0.0000010 
43_52      0.2667760 0.4295607 0.4074750 0.4154590 0.4054599 0.4297239 0.4154590 0.4629476 0.4629476 0.4054599 0.4054599 0.4268647 0.2667760 0.0000010 0.0000000 
