23
0_45       0.0000000 2.9181668 2.0800377 2.8439145 2.6224797 2.8439145 2.8439145 2.7798833 1.1205864 0.1629174 1.1514686 1.9862882 1.1018835 1.8931852 2.7950730 2.7950730 2.9179091 2.9263748 2.6485525 2.0371705 2.6485525 2.9181668 2.4203966 
1_121      2.9181668 0.0000000 1.7968013 0.0245751 0.6316019 0.0163284 0.0163284 0.0246241 2.2912726 3.0014508 2.2262907 1.9715826 2.0313355 3.0133431 0.0495310 0.0495310 0.0081688 0.0081383 0.9457063 2.0043013 0.9457063 0.0000010 1.5837912 
2_34       2.0800377 1.7968013 0.0000000 1.8407787 2.2480168 1.8407787 1.8407787 1.8470018 1.7563322 1.9447262 1.7222719 1.1802556 1.8772901 2.6135484 1.7812730 1.7812730 1.7978896 1.7846706 1.6925486 1.2712045 1.6925486 1.7968013 0.7886601 
3_125      2.8439145 0.0245751 1.8407787 0.0000000 0.6344791 0.0079582 0.0079582 0.0321902 2.2580523 2.9256604 2.1946935 1.9715826 1.9984269 3.0317122 0.0484625 0.0484625 0.0329937 0.0163464 0.9892071 2.0043013 0.9892071 0.0245751 1.5877127 
4_129      2.6224797 0.6316019 2.2480168 0.6344791 0.0000000 0.6344791 0.6344791 0.6669193 2.7255123 3.8153901 2.2467099 2.4782746 1.6928150 3.0068821 0.6832305 0.6832305 0.6316019 0.6135392 1.6469548 2.7214566 1.6469548 0.6316019 2.0083422 
5_123      2.8439145 0.0163284 1.8407787 0.0079582 0.6344791 0.0000000 0.0000010 0.0240633 2.2580523 2.9256604 2.1946935 1.9715826 1.9984269 3.0317122 0.0402514 0.0402514 0.0246618 0.0081460 0.9994978 2.0043013 0.9994978 0.0163284 1.5877127 
6_75       2.8439145 0.0163284 1.8407787 0.0079582 0.6344791 0.0000010 0.0000000 0.0240633 2.2580523 2.9256604 2.1946935 1.9715826 1.9984269 3.0317122 0.0402514 0.0402514 0.0246618 0.0081460 0.9994978 2.0043013 0.9994978 0.0163284 1.5877127 
7_118      2.7798833 0.0246241 1.8470018 0.0321902 0.6669193 0.0240633 0.0240633 0.0000000 2.2689797 2.8588720 2.2057999 1.9715826 2.0110802 2.9437554 0.0321633 0.0321633 0.0330599 0.0163790 0.9863767 2.0043013 0.9863767 0.0246241 1.5720946 
8_57       1.1205864 2.2912726 1.7563322 2.2580523 2.7255123 2.2580523 2.2580523 2.2689797 0.0000000 1.1462965 0.1454062 1.8769944 0.6482489 1.9778194 2.2467029 2.2467029 2.2930154 2.2912726 1.9119307 1.9313085 1.9119307 2.2912726 2.0618056 
9_151      0.1629174 3.0014508 1.9447262 2.9256604 3.8153901 2.9256604 2.9256604 2.8588720 1.1462965 0.0000000 1.2022001 1.9752560 1.1739080 1.8899805 2.8746526 2.8746526 3.0011608 3.0101059 2.6926012 1.9654913 2.6926012 3.0014508 2.3610331 
11_94      1.1514686 2.2262907 1.7222719 2.1946935 2.2467099 2.1946935 2.1946935 2.2057999 0.1454062 1.2022001 0.0000000 2.0351930 0.6344761 2.1241802 2.1842669 2.1842669 2.2278725 2.2262907 1.9210915 2.0772911 1.9210915 2.2262907 2.0303825 
13_109     1.9862882 1.9715826 1.1802556 1.9715826 2.4782746 1.9715826 1.9715826 1.9715826 1.8769944 1.9752560 2.0351930 0.0000000 1.8229798 2.0158491 1.9245196 1.9245196 1.9736823 1.9715826 1.8883855 0.2607365 1.8883855 1.9715826 1.2554192 
14_134     1.1018835 2.0313355 1.8772901 1.9984269 1.6928150 1.9984269 1.9984269 2.0110802 0.6482489 1.1739080 0.6344761 1.8229798 0.0000000 2.0163573 1.9899157 1.9899157 2.0169852 2.0313355 1.7721600 1.7606202 1.7721600 2.0313355 1.7606509 
15_8       1.8931852 3.0133431 2.6135484 3.0317122 3.0068821 3.0317122 3.0317122 2.9437554 1.9778194 1.8899805 2.1241802 2.0158491 2.0163573 0.0000000 2.8558066 2.8558066 3.0205489 3.0133431 2.2040355 1.9420606 2.2040355 3.0133431 2.2562945 
16_118     2.7950730 0.0495310 1.7812730 0.0484625 0.6832305 0.0402514 0.0402514 0.0321633 2.2467029 2.8746526 2.1842669 1.9245196 1.9899157 2.8558066 0.0000000 0.0000010 0.0581867 0.0411808 0.9761967 1.9566193 0.9761967 0.0495310 1.5455881 
17_118     2.7950730 0.0495310 1.7812730 0.0484625 0.6832305 0.0402514 0.0402514 0.0321633 2.2467029 2.8746526 2.1842669 1.9245196 1.9899157 2.8558066 0.0000010 0.0000000 0.0581867 0.0411808 0.9761967 1.9566193 0.9761967 0.0495310 1.5455881 
21_118     2.9179091 0.0081688 1.7978896 0.0329937 0.6316019 0.0246618 0.0246618 0.0330599 2.2930154 3.0011608 2.2278725 1.9736823 2.0169852 3.0205489 0.0581867 0.0581867 0.0000000 0.0163890 0.9674900 2.0064308 0.9674900 0.0081688 1.5853790 
23_122     2.9263748 0.0081383 1.7846706 0.0163464 0.6135392 0.0081460 0.0081460 0.0163790 2.2912726 3.0101059 2.2262907 1.9715826 2.0313355 3.0133431 0.0411808 0.0411808 0.0163890 0.0000000 0.9529392 2.0043013 0.9529392 0.0081383 1.6022272 
24_131     2.6485525 0.9457063 1.6925486 0.9892071 1.6469548 0.9994978 0.9994978 0.9863767 1.9119307 2.6926012 1.9210915 1.8883855 1.7721600 2.2040355 0.9761967 0.9761967 0.9674900 0.9529392 0.0000000 1.7354074 0.0000010 0.9457063 1.5003269 
25_45      2.0371705 2.0043013 1.2712045 2.0043013 2.7214566 2.0043013 2.0043013 2.0043013 1.9313085 1.9654913 2.0772911 0.2607365 1.7606202 1.9420606 1.9566193 1.9566193 2.0064308 2.0043013 1.7354074 0.0000000 1.7354074 2.0043013 1.3366764 
26_132     2.6485525 0.9457063 1.6925486 0.9892071 1.6469548 0.9994978 0.9994978 0.9863767 1.9119307 2.6926012 1.9210915 1.8883855 1.7721600 2.2040355 0.9761967 0.9761967 0.9674900 0.9529392 0.0000010 1.7354074 0.0000000 0.9457063 1.5003269 
28_120     2.9181668 0.0000010 1.7968013 0.0245751 0.6316019 0.0163284 0.0163284 0.0246241 2.2912726 3.0014508 2.2262907 1.9715826 2.0313355 3.0133431 0.0495310 0.0495310 0.0081688 0.0081383 0.9457063 2.0043013 0.9457063 0.0000000 1.5837912 
31_20      2.4203966 1.5837912 0.7886601 1.5877127 2.0083422 1.5877127 1.5877127 1.5720946 2.0618056 2.3610331 2.0303825 1.2554192 1.7606509 2.2562945 1.5455881 1.5455881 1.5853790 1.6022272 1.5003269 1.3366764 1.5003269 1.5837912 0.0000000 
