30
0_188      0.0000000 2.5775534 2.3524672 2.6644273 2.6359144 2.5694910 2.5810259 2.6013463 1.3982859 0.4811637 2.6583047 1.0548438 2.5694910 2.1382073 2.1329205 1.8497124 2.5756962 2.5756962 2.5810259 2.5775534 2.5843603 2.3557561 2.2006519 2.3557561 2.6089675 2.3934178 2.6089675 2.6191341 2.5767007 2.5800000 
1_35       2.5775534 0.0000000 1.4682085 0.0439472 0.0183480 0.0283238 0.0291509 0.0303546 2.7094045 2.5305589 0.0397708 1.8233236 0.0283238 1.3721456 2.5986893 1.7437201 0.0283265 0.0283265 0.0291509 0.0000010 0.0106589 0.6727472 1.4207205 0.6727472 0.0272132 1.5823503 0.0272132 0.0282325 0.0096696 0.0301576 
2_64       2.3524672 1.4682085 0.0000000 1.5056956 1.5025224 1.4885520 1.4906311 1.5007640 2.6209080 2.3087707 1.5104390 1.7476139 1.4885520 1.0538919 3.0187871 1.5009810 1.4765266 1.4765266 1.4906311 1.4682085 1.4841264 1.3823883 1.0408374 1.3823883 1.4890743 0.4896256 1.4890743 1.4975167 1.4767204 1.4948554 
3_34       2.6644273 0.0439472 1.5056956 0.0000000 0.0441719 0.0155582 0.0224681 0.0423252 2.7731851 2.6100278 0.0037725 1.8037700 0.0155582 1.4082951 2.7007727 1.8186725 0.0412409 0.0412409 0.0224681 0.0439472 0.0434000 0.7157995 1.4864895 0.7157995 0.0285102 1.6171882 0.0285102 0.0295402 0.0423000 0.0234696 
4_38       2.6359144 0.0183480 1.5025224 0.0441719 0.0000000 0.0282513 0.0252419 0.0364377 2.7129781 2.5696222 0.0399853 1.8296691 0.0282513 1.3895876 2.6634004 1.7795725 0.0343830 0.0343830 0.0252419 0.0183480 0.0214938 0.7049397 1.4458641 0.7049397 0.0233050 1.5976285 0.0233050 0.0243167 0.0204731 0.0262434 
5_33       2.5694910 0.0283238 1.4885520 0.0155582 0.0282513 0.0000000 0.0075545 0.0253963 2.6929288 2.5107721 0.0115968 1.8020065 0.0000010 1.3771507 2.6291223 1.7730124 0.0243729 0.0243729 0.0075545 0.0283238 0.0264162 0.6810324 1.4413952 0.6810324 0.0133123 1.5977094 0.0133123 0.0142865 0.0253828 0.0085086 
6_39       2.5810259 0.0291509 1.4906311 0.0224681 0.0252419 0.0075545 0.0000000 0.0252413 2.6873970 2.5217057 0.0184443 1.7996681 0.0075545 1.3733083 2.6265103 1.7597376 0.0252178 0.0252178 0.0000010 0.0291509 0.0272540 0.6871167 1.4369642 0.6871167 0.0075671 1.6006407 0.0075671 0.0085267 0.0262238 0.0009389 
7_34       2.6013463 0.0303546 1.5007640 0.0423252 0.0364377 0.0253963 0.0252413 0.0000000 2.6881466 2.5399873 0.0381323 1.8179261 0.0253963 1.3952721 2.5985381 1.7571845 0.0125026 0.0125026 0.0252413 0.0303546 0.0295734 0.6908316 1.4419891 0.6908316 0.0183458 1.5995402 0.0183458 0.0193435 0.0285262 0.0262427 
8_174      1.3982859 2.7094045 2.6209080 2.7731851 2.7129781 2.6929288 2.6873970 2.6881466 0.0000000 1.4687543 2.7839022 0.2178594 2.6929288 2.4015156 1.9172362 2.0266525 2.6689710 2.6689710 2.6873970 2.7094045 2.7331506 2.5889824 2.4414707 2.5889824 2.6902259 2.7512917 2.6902259 2.7016576 2.7192628 2.6855890 
9_212      0.4811637 2.5305589 2.3087707 2.6100278 2.5696222 2.5107721 2.5217057 2.5399873 1.4687543 0.0000000 2.6054613 1.1145563 2.5107721 2.3382132 2.1837486 1.9345211 2.5025244 2.5025244 2.5217057 2.5305589 2.5211748 2.3445139 2.4031866 2.3445139 2.5474864 2.3669149 2.5474864 2.5544622 2.5137059 2.5199807 
10_33      2.6583047 0.0397708 1.5104390 0.0037725 0.0399853 0.0115968 0.0184443 0.0381323 2.7839022 2.6054613 0.0000000 1.8020065 0.0115968 1.4047970 2.6986579 1.8174276 0.0370603 0.0370603 0.0184443 0.0397708 0.0391962 0.7103647 1.4856013 0.7103647 0.0244216 1.6229352 0.0244216 0.0254382 0.0381101 0.0194351 
11_22      1.0548438 1.8233236 1.7476139 1.8037700 1.8296691 1.8020065 1.7996681 1.8179261 0.2178594 1.1145563 1.8020065 0.0000000 1.8020065 1.7296101 1.4586736 1.4263008 1.7936905 1.7936905 1.7996681 1.8233236 1.8125938 1.6921418 1.7519852 1.6921418 1.7996681 1.8631604 1.7996681 1.7996681 1.8125938 1.7968461 
12_33      2.5694910 0.0283238 1.4885520 0.0155582 0.0282513 0.0000010 0.0075545 0.0253963 2.6929288 2.5107721 0.0115968 1.8020065 0.0000000 1.3771507 2.6291223 1.7730124 0.0243729 0.0243729 0.0075545 0.0283238 0.0264162 0.6810324 1.4413952 0.6810324 0.0133123 1.5977094 0.0133123 0.0142865 0.0253828 0.0085086 
13_12      2.1382073 1.3721456 1.0538919 1.4082951 1.3895876 1.3771507 1.3733083 1.3952721 2.4015156 2.3382132 1.4047970 1.7296101 1.3771507 0.0000000 2.8897103 1.5181903 1.3845182 1.3845182 1.3733083 1.3721456 1.3785138 1.3434065 0.3208850 1.3434065 1.3799024 1.1557987 1.3799024 1.3878837 1.3714487 1.3773219 
14_193     2.1329205 2.5986893 3.0187871 2.7007727 2.6634004 2.6291223 2.6265103 2.5985381 1.9172362 2.1837486 2.6986579 1.4586736 2.6291223 2.8897103 0.0000000 2.5453972 2.5869009 2.5869009 2.6265103 2.5986893 2.6400928 2.7344416 3.0792828 2.7344416 2.6144302 2.9072988 2.6144302 2.6299018 2.6264658 2.6261166 
15_70      1.8497124 1.7437201 1.5009810 1.8186725 1.7795725 1.7730124 1.7597376 1.7571845 2.0266525 1.9345211 1.8174276 1.4263008 1.7730124 1.5181903 2.5453972 0.0000000 1.7454004 1.7454004 1.7597376 1.7437201 1.7587358 1.7115996 1.5666597 1.7115996 1.7715790 1.7049718 1.7715790 1.7785404 1.7500877 1.7584913 
16_35      2.5756962 0.0283265 1.4765266 0.0412409 0.0343830 0.0243729 0.0252178 0.0125026 2.6689710 2.5025244 0.0370603 1.7936905 0.0243729 1.3845182 2.5869009 1.7454004 0.0000000 0.0000010 0.0252178 0.0283265 0.0275355 0.6732963 1.4290485 0.6732963 0.0192926 1.5753229 0.0192926 0.0202909 0.0264952 0.0262182 
17_35      2.5756962 0.0283265 1.4765266 0.0412409 0.0343830 0.0243729 0.0252178 0.0125026 2.6689710 2.5025244 0.0370603 1.7936905 0.0243729 1.3845182 2.5869009 1.7454004 0.0000010 0.0000000 0.0252178 0.0283265 0.0275355 0.6732963 1.4290485 0.6732963 0.0192926 1.5753229 0.0192926 0.0202909 0.0264952 0.0262182 
18_37      2.5810259 0.0291509 1.4906311 0.0224681 0.0252419 0.0075545 0.0000010 0.0252413 2.6873970 2.5217057 0.0184443 1.7996681 0.0075545 1.3733083 2.6265103 1.7597376 0.0252178 0.0252178 0.0000000 0.0291509 0.0272540 0.6871167 1.4369642 0.6871167 0.0075671 1.6006407 0.0075671 0.0085267 0.0262238 0.0009389 
21_33      2.5775534 0.0000010 1.4682085 0.0439472 0.0183480 0.0283238 0.0291509 0.0303546 2.7094045 2.5305589 0.0397708 1.8233236 0.0283238 1.3721456 2.5986893 1.7437201 0.0283265 0.0283265 0.0291509 0.0000000 0.0106589 0.6727472 1.4207205 0.6727472 0.0272132 1.5823503 0.0272132 0.0282325 0.0096696 0.0301576 
23_36      2.5843603 0.0106589 1.4841264 0.0434000 0.0214938 0.0264162 0.0272540 0.0295734 2.7331506 2.5211748 0.0391962 1.8125938 0.0264162 1.3785138 2.6400928 1.7587358 0.0275355 0.0275355 0.0272540 0.0106589 0.0000000 0.6738997 1.4301226 0.6738997 0.0264197 1.5761173 0.0264197 0.0274435 0.0009501 0.0282603 
24_7       2.3557561 0.6727472 1.3823883 0.7157995 0.7049397 0.6810324 0.6871167 0.6908316 2.5889824 2.3445139 0.7103647 1.6921418 0.6810324 1.3434065 2.7344416 1.7115996 0.6732963 0.6732963 0.6871167 0.6727472 0.6738997 0.0000000 1.3364305 0.0000010 0.6925422 1.4463310 0.6925422 0.6964486 0.6731046 0.6894666 
25_12      2.2006519 1.4207205 1.0408374 1.4864895 1.4458641 1.4413952 1.4369642 1.4419891 2.4414707 2.4031866 1.4856013 1.7519852 1.4413952 0.3208850 3.0792828 1.5666597 1.4290485 1.4290485 1.4369642 1.4207205 1.4301226 1.3364305 0.0000000 1.3364305 1.4432545 1.1737944 1.4432545 1.4515555 1.4228533 1.4411157 
26_7       2.3557561 0.6727472 1.3823883 0.7157995 0.7049397 0.6810324 0.6871167 0.6908316 2.5889824 2.3445139 0.7103647 1.6921418 0.6810324 1.3434065 2.7344416 1.7115996 0.6732963 0.6732963 0.6871167 0.6727472 0.6738997 0.0000010 1.3364305 0.0000000 0.6925422 1.4463310 0.6925422 0.6964486 0.6731046 0.6894666 
30_37      2.6089675 0.0272132 1.4890743 0.0285102 0.0233050 0.0133123 0.0075671 0.0183458 2.6902259 2.5474864 0.0244216 1.7996681 0.0133123 1.3799024 2.6144302 1.7715790 0.0192926 0.0192926 0.0075671 0.0272132 0.0264197 0.6925422 1.4432545 0.6925422 0.0000000 1.5958617 0.0000010 0.0009408 0.0253869 0.0085228 
31_60      2.3934178 1.5823503 0.4896256 1.6171882 1.5976285 1.5977094 1.6006407 1.5995402 2.7512917 2.3669149 1.6229352 1.8631604 1.5977094 1.1557987 2.9072988 1.7049718 1.5753229 1.5753229 1.6006407 1.5823503 1.5761173 1.4463310 1.1737944 1.4463310 1.5958617 0.0000000 1.5958617 1.6047913 1.5683491 1.6050920 
33_41      2.6089675 0.0272132 1.4890743 0.0285102 0.0233050 0.0133123 0.0075671 0.0183458 2.6902259 2.5474864 0.0244216 1.7996681 0.0133123 1.3799024 2.6144302 1.7715790 0.0192926 0.0192926 0.0075671 0.0272132 0.0264197 0.6925422 1.4432545 0.6925422 0.0000010 1.5958617 0.0000000 0.0009408 0.0253869 0.0085228 
35_82      2.6191341 0.0282325 1.4975167 0.0295402 0.0243167 0.0142865 0.0085267 0.0193435 2.7016576 2.5544622 0.0254382 1.7996681 0.0142865 1.3878837 2.6299018 1.7785404 0.0202909 0.0202909 0.0085267 0.0282325 0.0274435 0.6964486 1.4515555 0.6964486 0.0009408 1.6047913 0.0009408 0.0000000 0.0264068 0.0094851 
43_34      2.5767007 0.0096696 1.4767204 0.0423000 0.0204731 0.0253828 0.0262238 0.0285262 2.7192628 2.5137059 0.0381101 1.8125938 0.0253828 1.3714487 2.6264658 1.7500877 0.0264952 0.0264952 0.0262238 0.0096696 0.0009501 0.6731046 1.4228533 0.6731046 0.0253869 1.5683491 0.0253869 0.0264068 0.0000000 0.0272267 
44_34      2.5800000 0.0301576 1.4948554 0.0234696 0.0262434 0.0085086 0.0009389 0.0262427 2.6855890 2.5199807 0.0194351 1.7968461 0.0085086 1.3773219 2.6261166 1.7584913 0.0262182 0.0262182 0.0009389 0.0301576 0.0282603 0.6894666 1.4411157 0.6894666 0.0085228 1.6050920 0.0085228 0.0094851 0.0272267 0.0000000 
