18
1_47       0.0000000 0.0330721 0.0093365 0.0330721 0.0282580 0.0335504 1.7976441 0.0336572 0.0387240 0.0282580 0.0000010 0.0046546 0.8349325 1.7503811 0.8349325 1.5024165 0.5788969 0.0046546 
3_46       0.0330721 0.0000000 0.0233684 0.0000010 0.0046265 0.0381094 1.8504620 0.0334574 0.0384899 0.0046265 0.0330721 0.0280916 0.8461734 1.8052374 0.8461734 1.5618021 0.5927178 0.0280916 
4_51       0.0093365 0.0233684 0.0000000 0.0233684 0.0186365 0.0237052 1.8185282 0.0237771 0.0287203 0.0186365 0.0093365 0.0046269 0.8426935 1.7706635 0.8426935 1.5268977 0.5788969 0.0046269 
5_45       0.0330721 0.0000010 0.0233684 0.0000000 0.0046265 0.0381094 1.8504620 0.0334574 0.0384899 0.0046265 0.0330721 0.0280916 0.8461734 1.8052374 0.8461734 1.5618021 0.5927178 0.0280916 
6_27       0.0282580 0.0046265 0.0186365 0.0046265 0.0000000 0.0332437 1.8373422 0.0285879 0.0335722 0.0000010 0.0282580 0.0233367 0.8349662 1.7924019 0.8349662 1.5793183 0.5788969 0.0233367 
7_46       0.0335504 0.0381094 0.0237052 0.0381094 0.0332437 0.0000000 1.7810896 0.0286939 0.0336976 0.0332437 0.0335504 0.0284957 0.8471386 1.7340595 0.8471386 1.5662277 0.5884930 0.0284957 
13_2       1.7976441 1.8504620 1.8185282 1.8504620 1.8373422 1.7810896 0.0000000 1.8370082 1.8260276 1.8373422 1.7976441 1.8047155 2.0261860 0.4003443 2.0261860 1.0387595 1.5287853 1.8047155 
16_47      0.0336572 0.0334574 0.0237771 0.0334574 0.0285879 0.0286939 1.8370082 0.0000000 0.0046285 0.0285879 0.0336572 0.0285839 0.8325822 1.7949336 0.8325822 1.6015165 0.5788969 0.0285839 
17_47      0.0387240 0.0384899 0.0287203 0.0384899 0.0335722 0.0336976 1.8260276 0.0046285 0.0000000 0.0335722 0.0387240 0.0335686 0.8336263 1.8373837 0.8336263 1.6164343 0.5795663 0.0335686 
18_49      0.0282580 0.0046265 0.0186365 0.0046265 0.0000010 0.0332437 1.8373422 0.0285879 0.0335722 0.0000000 0.0282580 0.0233367 0.8349662 1.7924019 0.8349662 1.5793183 0.5788969 0.0233367 
21_45      0.0000010 0.0330721 0.0093365 0.0330721 0.0282580 0.0335504 1.7976441 0.0336572 0.0387240 0.0282580 0.0000000 0.0046546 0.8349325 1.7503811 0.8349325 1.5024165 0.5788969 0.0046546 
23_48      0.0046546 0.0280916 0.0046269 0.0280916 0.0233367 0.0284957 1.8047155 0.0285839 0.0335686 0.0233367 0.0046546 0.0000000 0.8556825 1.7572083 0.8556825 1.5081140 0.5788969 0.0000010 
24_25      0.8349325 0.8461734 0.8426935 0.8461734 0.8349662 0.8471386 2.0261860 0.8325822 0.8336263 0.8349662 0.8349325 0.8556825 0.0000000 1.9462550 0.0000010 1.7104633 0.0138171 0.8556825 
25_53      1.7503811 1.8052374 1.7706635 1.8052374 1.7924019 1.7340595 0.4003443 1.7949336 1.8373837 1.7924019 1.7503811 1.7572083 1.9462550 0.0000000 1.9462550 1.0825934 1.5910448 1.7572083 
26_26      0.8349325 0.8461734 0.8426935 0.8461734 0.8349662 0.8471386 2.0261860 0.8325822 0.8336263 0.8349662 0.8349325 0.8556825 0.0000010 1.9462550 0.0000000 1.7104633 0.0138171 0.8556825 
31_84      1.5024165 1.5618021 1.5268977 1.5618021 1.5793183 1.5662277 1.0387595 1.6015165 1.6164343 1.5793183 1.5024165 1.5081140 1.7104633 1.0825934 1.7104633 0.0000000 1.4733155 1.5081140 
32_5       0.5788969 0.5927178 0.5788969 0.5927178 0.5788969 0.5884930 1.5287853 0.5788969 0.5795663 0.5788969 0.5788969 0.5788969 0.0138171 1.5910448 0.0138171 1.4733155 0.0000000 0.5788969 
43_46      0.0046546 0.0280916 0.0046269 0.0280916 0.0233367 0.0284957 1.8047155 0.0285839 0.0335686 0.0233367 0.0046546 0.0000010 0.8556825 1.7572083 0.8556825 1.5081140 0.5788969 0.0000000 
