6
0_75       0.0000000 2.9366538 0.5220284 3.1267096 4.2255220 2.7380969 
8_104      2.9366538 0.0000000 3.0671959 0.6606421 3.8785604 2.9438793 
9_94       0.5220284 3.0671959 0.0000000 3.3223178 4.5848533 2.5127768 
11_116     3.1267096 0.6606421 3.3223178 0.0000000 3.4828884 2.7772239 
14_139     4.2255220 3.8785604 4.5848533 3.4828884 0.0000000 3.6835345 
15_3       2.7380969 2.9438793 2.5127768 2.7772239 3.6835345 0.0000000 
