18
1_81       0.0000000 0.0180508 0.0364355 0.0302911 0.0364355 0.0489900 0.0302911 0.0684499 0.0684499 0.0000010 0.0059972 1.2124499 1.2124499 0.4083306 0.0059972 0.0302959 0.0302959 0.0364174 
3_82       0.0180508 0.0000000 0.0180842 0.0120280 0.0180842 0.0426683 0.0120280 0.0619407 0.0619407 0.0180508 0.0241526 1.2210371 1.2210371 0.4083306 0.0241526 0.0241263 0.0241263 0.0180754 
4_88       0.0364355 0.0180842 0.0000000 0.0059899 0.0000010 0.0615289 0.0059899 0.0812730 0.0812730 0.0364355 0.0426602 1.2039931 1.2039931 0.4320205 0.0426602 0.0303350 0.0303350 0.0120019 
5_80       0.0302911 0.0120280 0.0059899 0.0000000 0.0059899 0.0552423 0.0000010 0.0748432 0.0748432 0.0302911 0.0364788 1.1977606 1.1977606 0.4083306 0.0364788 0.0364386 0.0364386 0.0059871 
6_118      0.0364355 0.0180842 0.0000010 0.0059899 0.0000000 0.0615289 0.0059899 0.0812730 0.0812730 0.0364355 0.0426602 1.2039931 1.2039931 0.4320205 0.0426602 0.0303350 0.0303350 0.0120019 
7_77       0.0489900 0.0426683 0.0615289 0.0552423 0.0615289 0.0000000 0.0552423 0.0483961 0.0483961 0.0489900 0.0553130 1.2793590 1.2793590 0.4284227 0.0553130 0.0303234 0.0303234 0.0614977 
10_80      0.0302911 0.0120280 0.0059899 0.0000010 0.0059899 0.0552423 0.0000000 0.0748432 0.0748432 0.0302911 0.0364788 1.1977606 1.1977606 0.4083306 0.0364788 0.0364386 0.0364386 0.0059871 
16_77      0.0684499 0.0619407 0.0812730 0.0748432 0.0812730 0.0483961 0.0748432 0.0000000 0.0000010 0.0684499 0.0749409 1.2257941 1.2257941 0.4079697 0.0749409 0.0676937 0.0676937 0.0812309 
17_77      0.0684499 0.0619407 0.0812730 0.0748432 0.0812730 0.0483961 0.0748432 0.0000010 0.0000000 0.0684499 0.0749409 1.2257941 1.2257941 0.4079697 0.0749409 0.0676937 0.0676937 0.0812309 
21_78      0.0000010 0.0180508 0.0364355 0.0302911 0.0364355 0.0489900 0.0302911 0.0684499 0.0684499 0.0000000 0.0059972 1.2124499 1.2124499 0.4083306 0.0059972 0.0302959 0.0302959 0.0364174 
23_82      0.0059972 0.0241526 0.0426602 0.0364788 0.0426602 0.0553130 0.0364788 0.0749409 0.0749409 0.0059972 0.0000000 1.2158728 1.2158728 0.4083306 0.0000010 0.0364846 0.0364846 0.0426389 
24_116     1.2124499 1.2210371 1.2039931 1.1977606 1.2039931 1.2793590 1.1977606 1.2257941 1.2257941 1.2124499 1.2158728 0.0000000 0.0000010 1.4308567 1.2158728 1.2444224 1.2444224 1.2147628 
26_117     1.2124499 1.2210371 1.2039931 1.1977606 1.2039931 1.2793590 1.1977606 1.2257941 1.2257941 1.2124499 1.2158728 0.0000010 0.0000000 1.4308567 1.2158728 1.2444224 1.2444224 1.2147628 
27_83      0.4083306 0.4083306 0.4320205 0.4083306 0.4320205 0.4284227 0.4083306 0.4079697 0.4079697 0.4083306 0.4083306 1.4308567 1.4308567 0.0000000 0.4083306 0.4320205 0.4320205 0.4312086 
29_84      0.0059972 0.0241526 0.0426602 0.0364788 0.0426602 0.0553130 0.0364788 0.0749409 0.0749409 0.0059972 0.0000010 1.2158728 1.2158728 0.4083306 0.0000000 0.0364846 0.0364846 0.0426389 
30_81      0.0302959 0.0241263 0.0303350 0.0364386 0.0303350 0.0303234 0.0364386 0.0676937 0.0676937 0.0302959 0.0364846 1.2444224 1.2444224 0.4320205 0.0364846 0.0000000 0.0000010 0.0425917 
35_123     0.0302959 0.0241263 0.0303350 0.0364386 0.0303350 0.0303234 0.0364386 0.0676937 0.0676937 0.0302959 0.0364846 1.2444224 1.2444224 0.4320205 0.0364846 0.0000010 0.0000000 0.0425917 
44_77      0.0364174 0.0180754 0.0120019 0.0059871 0.0120019 0.0614977 0.0059871 0.0812309 0.0812309 0.0364174 0.0426389 1.2147628 1.2147628 0.4312086 0.0426389 0.0425917 0.0425917 0.0000000 
