19
1_46       0.0000000 0.1370795 0.0580720 0.1409239 0.1376221 0.1535291 0.1444352 0.1370795 0.1618790 0.1655792 0.1376221 0.0000010 0.0133663 0.1444352 0.1481491 0.5163672 0.2526023 0.1336712 0.0133663 
3_45       0.1370795 0.0000000 0.1848952 0.0033174 0.0439400 0.1310261 0.0066357 0.0000010 0.1502464 0.1539162 0.0439400 0.1370795 0.1337679 0.0066357 0.0099653 0.4082189 0.1898388 0.0404375 0.1337679 
4_50       0.0580720 0.1848952 0.0000000 0.1895190 0.1868345 0.2043572 0.1936173 0.1848952 0.2098174 0.2144204 0.1868345 0.0580720 0.0742877 0.1936173 0.1980313 0.6699517 0.2378815 0.1820208 0.0742877 
5_44       0.1409239 0.0033174 0.1895190 0.0000000 0.0474248 0.1348845 0.0099750 0.0033174 0.1503784 0.1540514 0.0474248 0.1409239 0.1376095 0.0099750 0.0133158 0.4083169 0.1987804 0.0439040 0.1376095 
6_28       0.1376221 0.0439400 0.1868345 0.0474248 0.0000000 0.1205906 0.0508068 0.0439400 0.1319929 0.1356401 0.0000010 0.1376221 0.1342981 0.0508068 0.0542598 0.3723839 0.1479513 0.0033188 0.1342981 
7_45       0.1535291 0.1310261 0.2043572 0.1348845 0.1205906 0.0000000 0.1384220 0.1310261 0.0834504 0.0834761 0.1205906 0.1535291 0.1501849 0.1384220 0.1421555 0.5071569 0.2553628 0.1166748 0.1501849 
10_44      0.1444352 0.0066357 0.1936173 0.0099750 0.0508068 0.1384220 0.0000000 0.0066357 0.1577636 0.1614468 0.0508068 0.1444352 0.1411254 0.0000010 0.0033093 0.4183031 0.1888632 0.0472761 0.1411254 
12_44      0.1370795 0.0000010 0.1848952 0.0033174 0.0439400 0.1310261 0.0066357 0.0000000 0.1502464 0.1539162 0.0439400 0.1370795 0.1337679 0.0066357 0.0099653 0.4082189 0.1898388 0.0404375 0.1337679 
16_46      0.1618790 0.1502464 0.2098174 0.1503784 0.1319929 0.0834504 0.1577636 0.1502464 0.0000000 0.0066962 0.1319929 0.1618790 0.1585205 0.1577636 0.1615611 0.5048411 0.2910120 0.1280187 0.1585205 
17_46      0.1655792 0.1539162 0.2144204 0.1540514 0.1356401 0.0834761 0.1614468 0.1539162 0.0066962 0.0000000 0.1356401 0.1655792 0.1622232 0.1614468 0.1652517 0.5098847 0.2910120 0.1316519 0.1622232 
18_48      0.1376221 0.0439400 0.1868345 0.0474248 0.0000010 0.1205906 0.0508068 0.0439400 0.1319929 0.1356401 0.0000000 0.1376221 0.1342981 0.0508068 0.0542598 0.3723839 0.1479513 0.0033188 0.1342981 
21_44      0.0000010 0.1370795 0.0580720 0.1409239 0.1376221 0.1535291 0.1444352 0.1370795 0.1618790 0.1655792 0.1376221 0.0000000 0.0133663 0.1444352 0.1481491 0.5163672 0.2526023 0.1336712 0.0133663 
23_47      0.0133663 0.1337679 0.0742877 0.1376095 0.1342981 0.1501849 0.1411254 0.1337679 0.1585205 0.1622232 0.1342981 0.0133663 0.0000000 0.1411254 0.1448398 0.5054860 0.2622696 0.1303524 0.0000010 
27_59      0.1444352 0.0066357 0.1936173 0.0099750 0.0508068 0.1384220 0.0000010 0.0066357 0.1577636 0.1614468 0.0508068 0.1444352 0.1411254 0.0000000 0.0033093 0.4183031 0.1888632 0.0472761 0.1411254 
34_30      0.1481491 0.0099653 0.1980313 0.0133158 0.0542598 0.1421555 0.0033093 0.0099653 0.1615611 0.1652517 0.0542598 0.1481491 0.1448398 0.0033093 0.0000000 0.4234411 0.1972867 0.0507144 0.1448398 
35_49      0.5163672 0.4082189 0.6699517 0.4083169 0.3723839 0.5071569 0.4183031 0.4082189 0.5048411 0.5098847 0.3723839 0.5163672 0.5054860 0.4183031 0.4234411 0.0000000 1.8524624 0.3724727 0.5054860 
35_85      0.2526023 0.1898388 0.2378815 0.1987804 0.1479513 0.2553628 0.1888632 0.1898388 0.2910120 0.2910120 0.1479513 0.2526023 0.2622696 0.1888632 0.1972867 1.8524624 0.0000000 0.1563118 0.2622696 
41_45      0.1336712 0.0404375 0.1820208 0.0439040 0.0033188 0.1166748 0.0472761 0.0404375 0.1280187 0.1316519 0.0033188 0.1336712 0.1303524 0.0472761 0.0507144 0.3724727 0.1563118 0.0000000 0.1303524 
43_45      0.0133663 0.1337679 0.0742877 0.1376095 0.1342981 0.1501849 0.1411254 0.1337679 0.1585205 0.1622232 0.1342981 0.0133663 0.0000010 0.1411254 0.1448398 0.5054860 0.2622696 0.1303524 0.0000000 
