17
1_34       0.0000000 0.3181329 0.0000010 0.2858964 0.3348939 0.4750400 0.2858964 0.4977800 0.4977800 0.3348939 0.3378150 0.3378150 0.0344352 0.0085407 0.3922030 0.3922030 0.0344352 
3_33       0.3181329 0.0000000 0.3181329 0.0258998 0.1085328 0.4473390 0.0258998 0.4357322 0.4357322 0.1085328 0.1177821 0.1177821 0.3326281 0.3300250 0.1617846 0.1617846 0.3326281 
4_37       0.0000010 0.3181329 0.0000000 0.2858964 0.3348939 0.4750400 0.2858964 0.4977800 0.4977800 0.3348939 0.3378150 0.3378150 0.0344352 0.0085407 0.3922030 0.3922030 0.0344352 
5_32       0.2858964 0.0258998 0.2858964 0.0000000 0.0804239 0.4192626 0.0000010 0.4071651 0.4071651 0.0804239 0.0895216 0.0895216 0.2998981 0.2974217 0.1315780 0.1315780 0.2998981 
6_40       0.3348939 0.1085328 0.3348939 0.0804239 0.0000000 0.4602704 0.0804239 0.4702067 0.4702067 0.0000010 0.0085642 0.0085642 0.3493926 0.3467799 0.1012520 0.1012520 0.3493926 
7_33       0.4750400 0.4473390 0.4750400 0.4192626 0.4602704 0.0000000 0.4192626 0.1741598 0.1741598 0.4602704 0.4642641 0.4642641 0.4864284 0.4892479 0.3273080 0.3273080 0.4864284 
10_32      0.2858964 0.0258998 0.2858964 0.0000010 0.0804239 0.4192626 0.0000000 0.4071651 0.4071651 0.0804239 0.0895216 0.0895216 0.2998981 0.2974217 0.1315780 0.1315780 0.2998981 
16_34      0.4977800 0.4357322 0.4977800 0.4071651 0.4702067 0.1741598 0.4071651 0.0000000 0.0000010 0.4702067 0.4743928 0.4743928 0.5096298 0.5122377 0.3577747 0.3577747 0.5096298 
17_34      0.4977800 0.4357322 0.4977800 0.4071651 0.4702067 0.1741598 0.4071651 0.0000010 0.0000000 0.4702067 0.4743928 0.4743928 0.5096298 0.5122377 0.3577747 0.3577747 0.5096298 
18_36      0.3348939 0.1085328 0.3348939 0.0804239 0.0000010 0.4602704 0.0804239 0.4702067 0.4702067 0.0000000 0.0085642 0.0085642 0.3493926 0.3467799 0.1012520 0.1012520 0.3493926 
19_33      0.3378150 0.1177821 0.3378150 0.0895216 0.0085642 0.4642641 0.0895216 0.4743928 0.4743928 0.0085642 0.0000000 0.0000010 0.3524828 0.3498383 0.1106772 0.1106772 0.3524828 
20_36      0.3378150 0.1177821 0.3378150 0.0895216 0.0085642 0.4642641 0.0895216 0.4743928 0.4743928 0.0085642 0.0000010 0.0000000 0.3524828 0.3498383 0.1106772 0.1106772 0.3524828 
23_35      0.0344352 0.3326281 0.0344352 0.2998981 0.3493926 0.4864284 0.2998981 0.5096298 0.5096298 0.3493926 0.3524828 0.3524828 0.0000000 0.0432998 0.4079697 0.4079697 0.0000010 
28_35      0.0085407 0.3300250 0.0085407 0.2974217 0.3467799 0.4892479 0.2974217 0.5122377 0.5122377 0.3467799 0.3498383 0.3498383 0.0432998 0.0000000 0.4051431 0.4051431 0.0432998 
30_36      0.3922030 0.1617846 0.3922030 0.1315780 0.1012520 0.3273080 0.1315780 0.3577747 0.3577747 0.1012520 0.1106772 0.1106772 0.4079697 0.4051431 0.0000000 0.0000010 0.4079697 
33_42      0.3922030 0.1617846 0.3922030 0.1315780 0.1012520 0.3273080 0.1315780 0.3577747 0.3577747 0.1012520 0.1106772 0.1106772 0.4079697 0.4051431 0.0000010 0.0000000 0.4079697 
43_33      0.0344352 0.3326281 0.0344352 0.2998981 0.3493926 0.4864284 0.2998981 0.5096298 0.5096298 0.3493926 0.3524828 0.3524828 0.0000010 0.0432998 0.4079697 0.4079697 0.0000000 
