6
0_178      0.0000000 1.3248996 0.2894783 1.3339206 2.1266649 3.2088140 
8_45       1.3248996 0.0000000 1.3137913 0.2195626 2.0080335 3.6926448 
9_66       0.2894783 1.3137913 0.0000000 1.3116917 2.1621185 3.1628895 
11_149     1.3339206 0.2195626 1.3116917 0.0000000 1.7352205 3.6128800 
14_183     2.1266649 2.0080335 2.1621185 1.7352205 0.0000000 2.8966137 
15_154     3.2088140 3.6926448 3.1628895 3.6128800 2.8966137 0.0000000 
