27
0_136      0.0000000 2.1665904 2.5495461 2.2255317 2.2685960 2.2255317 2.1096492 2.1388534 1.4327205 0.4491109 1.4384562 2.2579117 2.3792161 1.6104861 2.1388534 2.1388534 2.2432547 2.2432547 2.1665904 2.2167360 2.1520900 2.2086511 2.1520900 2.2167360 2.7285509 2.1388534 2.2693071 
1_87       2.1665904 0.0000000 1.8777036 0.0920293 0.0913907 0.0920293 0.0462335 0.1268464 1.9747662 2.2073089 1.8629493 1.5132928 2.3302649 1.3371480 0.1086614 0.1086614 0.0841241 0.0841241 0.0000010 0.0130548 0.9115308 1.3701214 0.9115308 0.0130548 1.7951197 0.1258629 0.0914515 
2_85       2.5495461 1.8777036 0.0000000 1.9648822 1.8947643 1.9648822 1.9827604 1.9300685 1.9414228 2.7736378 2.3888547 1.8934028 2.1665522 1.8580213 1.9300685 1.9300685 1.9405833 1.9405833 1.8777036 1.8777036 1.7045068 1.4570107 1.7045068 1.8777036 0.7931370 1.9300685 1.9679362 
3_87       2.2255317 0.0920293 1.9648822 0.0000000 0.0260726 0.0000010 0.0151762 0.1188485 2.0510911 2.2342139 1.9501085 1.6246557 2.3127753 1.3414893 0.1278708 0.1278708 0.0195053 0.0195053 0.0920293 0.0911027 0.8971602 1.4949856 0.8971602 0.0911027 1.8476271 0.1106050 0.0260960 
4_93       2.2685960 0.0913907 1.8947643 0.0260726 0.0000000 0.0260726 0.0075251 0.1176690 2.0112829 2.2863716 1.9570056 1.5972668 2.3264674 1.3517433 0.1266199 0.1266199 0.0064390 0.0064390 0.0913907 0.0904767 0.8646666 1.4594758 0.8646666 0.0904767 1.8632784 0.1094893 0.0129229 
5_85       2.2255317 0.0920293 1.9648822 0.0000010 0.0260726 0.0000000 0.0151762 0.1188485 2.0510911 2.2342139 1.9501085 1.6246557 2.3127753 1.3414893 0.1278708 0.1278708 0.0195053 0.0195053 0.0920293 0.0911027 0.8971602 1.4949856 0.8971602 0.0911027 1.8476271 0.1106050 0.0260960 
6_113      2.1096492 0.0462335 1.9827604 0.0151762 0.0075251 0.0151762 0.0000000 0.0390010 1.8086200 2.1154783 1.6904487 1.5971765 2.0667017 1.1110139 0.0389242 0.0389242 0.0000010 0.0000010 0.0462335 0.0462335 0.8998607 1.4316027 0.8998607 0.0462335 1.8757876 0.0309622 0.0075335 
7_82       2.1388534 0.1268464 1.9300685 0.1188485 0.1176690 0.1188485 0.0390010 0.0000000 2.0198191 2.1742677 2.0142023 1.6607550 2.4202833 1.2751411 0.0133234 0.0133234 0.1099932 0.1099932 0.1268464 0.1095584 0.9238841 1.5240313 0.9238841 0.1095584 1.8069239 0.0065357 0.1177356 
8_162      1.4327205 1.9747662 1.9414228 2.0510911 2.0112829 2.0510911 1.8086200 2.0198191 0.0000000 1.4612274 0.4007240 1.8863911 2.5765550 1.4753656 2.0753779 2.0753779 1.9885155 1.9885155 1.9747662 1.9331594 1.6228340 1.9337031 1.6228340 1.9331594 2.4959918 2.0370137 2.0115920 
9_196      0.4491109 2.2073089 2.7736378 2.2342139 2.2863716 2.2342139 2.1154783 2.1742677 1.4612274 0.0000000 1.5427657 2.1006065 2.5923421 1.7516819 2.1742677 2.1742677 2.2516541 2.2516541 2.2073089 2.2575902 1.9466130 2.3320771 1.9466130 2.2575902 2.6682065 2.1742677 2.2771792 
11_11      1.4384562 1.8629493 2.3888547 1.9501085 1.9570056 1.9501085 1.6904487 2.0142023 0.4007240 1.5427657 0.0000000 2.0538527 2.7291530 1.7729708 2.0306767 2.0306767 1.9353104 1.9353104 1.8629493 1.8670023 1.9377081 2.2978951 1.9377081 1.8670023 2.5281857 2.0311330 1.9576265 
13_8       2.2579117 1.5132928 1.8934028 1.6246557 1.5972668 1.6246557 1.5971765 1.6607550 1.8863911 2.1006065 2.0538527 0.0000000 2.8793672 1.4876750 1.6607550 1.6607550 1.6271139 1.6271139 1.5132928 1.5132928 1.6843057 0.6330049 1.6843057 1.5132928 2.2070742 1.6607550 1.6485008 
14_191     2.3792161 2.3302649 2.1665522 2.3127753 2.3264674 2.3127753 2.0667017 2.4202833 2.5765550 2.5923421 2.7291530 2.8793672 0.0000000 2.3236019 2.3991955 2.3991955 2.3048546 2.3048546 2.3302649 2.3454756 2.1554148 2.6325111 2.1554148 2.3454756 2.3356096 2.3396890 2.3331183 
15_105     1.6104861 1.3371480 1.8580213 1.3414893 1.3517433 1.3414893 1.1110139 1.2751411 1.4753656 1.7516819 1.7729708 1.4876750 2.3236019 0.0000000 1.3036379 1.3036379 1.3382705 1.3382705 1.3371480 1.2830861 1.1749292 1.4445747 1.1749292 1.2830861 2.3516650 1.2834714 1.3555311 
16_82      2.1388534 0.1086614 1.9300685 0.1278708 0.1266199 0.1278708 0.0389242 0.0133234 2.0753779 2.1742677 2.0306767 1.6607550 2.3991955 1.3036379 0.0000000 0.0000010 0.1188201 0.1188201 0.1086614 0.1092128 0.9128187 1.5240313 0.9128187 0.1092128 1.8069239 0.0132249 0.1266868 
17_82      2.1388534 0.1086614 1.9300685 0.1278708 0.1266199 0.1278708 0.0389242 0.0133234 2.0753779 2.1742677 2.0306767 1.6607550 2.3991955 1.3036379 0.0000010 0.0000000 0.1188201 0.1188201 0.1086614 0.1092128 0.9128187 1.5240313 0.9128187 0.1092128 1.8069239 0.0132249 0.1266868 
18_85      2.2432547 0.0841241 1.9405833 0.0195053 0.0064390 0.0195053 0.0000010 0.1099932 1.9885155 2.2516541 1.9353104 1.6271139 2.3048546 1.3382705 0.1188201 0.1188201 0.0000000 0.0000010 0.0841241 0.0832841 0.8847532 1.4881410 0.8847532 0.0832841 1.8365689 0.1018994 0.0064452 
19_82      2.2432547 0.0841241 1.9405833 0.0195053 0.0064390 0.0195053 0.0000010 0.1099932 1.9885155 2.2516541 1.9353104 1.6271139 2.3048546 1.3382705 0.1188201 0.1188201 0.0000010 0.0000000 0.0841241 0.0832841 0.8847532 1.4881410 0.8847532 0.0832841 1.8365689 0.1018994 0.0064452 
21_84      2.1665904 0.0000010 1.8777036 0.0920293 0.0913907 0.0920293 0.0462335 0.1268464 1.9747662 2.2073089 1.8629493 1.5132928 2.3302649 1.3371480 0.1086614 0.1086614 0.0841241 0.0841241 0.0000000 0.0130548 0.9115308 1.3701214 0.9115308 0.0130548 1.7951197 0.1258629 0.0914515 
23_87      2.2167360 0.0130548 1.8777036 0.0911027 0.0904767 0.0911027 0.0462335 0.1095584 1.9331594 2.2575902 1.8670023 1.5132928 2.3454756 1.2830861 0.1092128 0.1092128 0.0832841 0.0832841 0.0130548 0.0000000 0.9115308 1.3701214 0.9115308 0.0000010 1.7951197 0.1087190 0.0905367 
24_45      2.1520900 0.9115308 1.7045068 0.8971602 0.8646666 0.8971602 0.8998607 0.9238841 1.6228340 1.9466130 1.9377081 1.6843057 2.1554148 1.1749292 0.9128187 0.9128187 0.8847532 0.8847532 0.9115308 0.9115308 0.0000000 1.3943541 0.0000010 0.9115308 2.2909994 0.9226720 0.9010212 
25_96      2.2086511 1.3701214 1.4570107 1.4949856 1.4594758 1.4949856 1.4316027 1.5240313 1.9337031 2.3320771 2.2978951 0.6330049 2.6325111 1.4445747 1.5240313 1.5240313 1.4881410 1.4881410 1.3701214 1.3701214 1.3943541 0.0000000 1.3943541 1.3701214 1.7125965 1.5240313 1.5092406 
26_46      2.1520900 0.9115308 1.7045068 0.8971602 0.8646666 0.8971602 0.8998607 0.9238841 1.6228340 1.9466130 1.9377081 1.6843057 2.1554148 1.1749292 0.9128187 0.9128187 0.8847532 0.8847532 0.9115308 0.9115308 0.0000010 1.3943541 0.0000000 0.9115308 2.2909994 0.9226720 0.9010212 
29_89      2.2167360 0.0130548 1.8777036 0.0911027 0.0904767 0.0911027 0.0462335 0.1095584 1.9331594 2.2575902 1.8670023 1.5132928 2.3454756 1.2830861 0.1092128 0.1092128 0.0832841 0.0832841 0.0130548 0.0000010 0.9115308 1.3701214 0.9115308 0.0000000 1.7951197 0.1087190 0.0905367 
31_93      2.7285509 1.7951197 0.7931370 1.8476271 1.8632784 1.8476271 1.8757876 1.8069239 2.4959918 2.6682065 2.5281857 2.2070742 2.3356096 2.3516650 1.8069239 1.8069239 1.8365689 1.8365689 1.7951197 1.7951197 2.2909994 1.7125965 2.2909994 1.7951197 0.0000000 1.8069239 1.8627937 
34_113     2.1388534 0.1258629 1.9300685 0.1106050 0.1094893 0.1106050 0.0309622 0.0065357 2.0370137 2.1742677 2.0311330 1.6607550 2.3396890 1.2834714 0.0132249 0.0132249 0.1018994 0.1018994 0.1258629 0.1087190 0.9226720 1.5240313 0.9226720 0.1087190 1.8069239 0.0000000 0.1095551 
44_82      2.2693071 0.0914515 1.9679362 0.0260960 0.0129229 0.0260960 0.0075335 0.1177356 2.0115920 2.2771792 1.9576265 1.6485008 2.3331183 1.3555311 0.1266868 0.1266868 0.0064452 0.0064452 0.0914515 0.0905367 0.9010212 1.5092406 0.9010212 0.0905367 1.8627937 0.1095551 0.0000000 
