7
2_24       0.0000000 7.7919699 6.7314651 7.1607392 7.2322040 5.7192261 7.7530722 
2_25       7.7919699 0.0000000 8.1733665 7.2190940 8.9963335 8.2316934 8.7638836 
2_26       6.7314651 8.1733665 0.0000000 8.0488467 7.4815688 8.3753313 8.1789471 
2_28       7.1607392 7.2190940 8.0488467 0.0000000 6.4813406 7.2117255 6.0346331 
2_29       7.2322040 8.9963335 7.4815688 6.4813406 0.0000000 6.2815866 7.3572396 
2_31       5.7192261 8.2316934 8.3753313 7.2117255 6.2815866 0.0000000 7.2877422 
2_32       7.7530722 8.7638836 8.1789471 6.0346331 7.3572396 7.2877422 0.0000000 
