9
1_73       0.0000000 0.0000010 0.0091994 1.2296904 1.5545735 1.2296904 0.0091994 1.2194550 1.2194550 
21_70      0.0000010 0.0000000 0.0091994 1.2296904 1.5545735 1.2296904 0.0091994 1.2194550 1.2194550 
23_73      0.0091994 0.0091994 0.0000000 1.2286665 1.5643571 1.2286665 0.0000010 1.2184399 1.2184399 
24_74      1.2296904 1.2296904 1.2286665 0.0000000 1.0361098 0.0000010 1.2286665 0.0032090 0.0064268 
25_81      1.5545735 1.5545735 1.5643571 1.0361098 0.0000000 1.0361098 1.5643571 1.0459255 1.0427491 
26_75      1.2296904 1.2296904 1.2286665 0.0000010 1.0361098 0.0000000 1.2286665 0.0032090 0.0064268 
29_75      0.0091994 0.0091994 0.0000010 1.2286665 1.5643571 1.2286665 0.0000000 1.2184399 1.2184399 
32_55      1.2194550 1.2194550 1.2184399 0.0032090 1.0459255 0.0032090 1.2184399 0.0000000 0.0032111 
39_60      1.2194550 1.2194550 1.2184399 0.0064268 1.0427491 0.0064268 1.2184399 0.0032111 0.0000000 
