11
1_21       0.0000000 0.0511004 0.0511468 0.0511004 0.0511468 0.0450520 0.0450520 0.0000010 1.5435813 1.5435813 1.5435813 
3_20       0.0511004 0.0000000 0.0110679 0.0000010 0.0110679 0.0165673 0.0165673 0.0511004 1.5513705 1.5513705 1.5513705 
4_23       0.0511468 0.0110679 0.0000000 0.0110679 0.0000010 0.0165795 0.0165795 0.0511468 1.5513705 1.5513705 1.5513705 
5_21       0.0511004 0.0000010 0.0110679 0.0000000 0.0110679 0.0165673 0.0165673 0.0511004 1.5513705 1.5513705 1.5513705 
6_51       0.0511468 0.0110679 0.0000010 0.0110679 0.0000000 0.0165795 0.0165795 0.0511468 1.5513705 1.5513705 1.5513705 
7_22       0.0450520 0.0165673 0.0165795 0.0165673 0.0165795 0.0000000 0.0000010 0.0450520 1.5461317 1.5461317 1.5461317 
16_23      0.0450520 0.0165673 0.0165795 0.0165673 0.0165795 0.0000010 0.0000000 0.0450520 1.5461317 1.5461317 1.5461317 
21_21      0.0000010 0.0511004 0.0511468 0.0511004 0.0511468 0.0450520 0.0450520 0.0000000 1.5435813 1.5435813 1.5435813 
24_95      1.5435813 1.5513705 1.5513705 1.5513705 1.5513705 1.5461317 1.5461317 1.5435813 0.0000000 0.0000010 0.0050474 
26_96      1.5435813 1.5513705 1.5513705 1.5513705 1.5513705 1.5461317 1.5461317 1.5435813 0.0000010 0.0000000 0.0050474 
32_76      1.5435813 1.5513705 1.5513705 1.5513705 1.5513705 1.5461317 1.5461317 1.5435813 0.0050474 0.0050474 0.0000000 
