14
1_74       0.0000000 0.1953159 0.1641893 0.1381565 0.1641893 0.1917441 0.1381565 0.1822392 0.1822392 0.0000010 0.0144581 0.0071942 0.0144581 0.1743197 
3_75       0.1953159 0.0000000 0.1463938 0.0616475 0.1463938 0.2888343 0.0616475 0.2785413 0.2785413 0.1953159 0.1772531 0.1872399 0.1772531 0.2696071 
4_80       0.1641893 0.1463938 0.0000000 0.0754565 0.0000010 0.2686822 0.0754565 0.2432994 0.2432994 0.1641893 0.1470868 0.1563991 0.1470868 0.2144623 
5_72       0.1381565 0.0616475 0.0754565 0.0000000 0.0754565 0.2233112 0.0000010 0.2076008 0.2076008 0.1381565 0.1216196 0.1305044 0.1216196 0.2056615 
6_2        0.1641893 0.1463938 0.0000010 0.0754565 0.0000000 0.2686822 0.0754565 0.2432994 0.2432994 0.1641893 0.1470868 0.1563991 0.1470868 0.2144623 
7_70       0.1917441 0.2888343 0.2686822 0.2233112 0.2686822 0.0000000 0.2233112 0.0894651 0.0894651 0.1917441 0.1740074 0.2005320 0.1740074 0.0442593 
10_72      0.1381565 0.0616475 0.0754565 0.0000010 0.0754565 0.2233112 0.0000000 0.2076008 0.2076008 0.1381565 0.1216196 0.1305044 0.1216196 0.2056615 
16_70      0.1822392 0.2785413 0.2432994 0.2076008 0.2432994 0.0894651 0.2076008 0.0000000 0.0000010 0.1822392 0.1647237 0.1909265 0.1647237 0.0896473 
17_70      0.1822392 0.2785413 0.2432994 0.2076008 0.2432994 0.0894651 0.2076008 0.0000010 0.0000000 0.1822392 0.1647237 0.1909265 0.1647237 0.0896473 
21_71      0.0000010 0.1953159 0.1641893 0.1381565 0.1641893 0.1917441 0.1381565 0.1822392 0.1822392 0.0000000 0.0144581 0.0071942 0.0144581 0.1743197 
23_74      0.0144581 0.1772531 0.1470868 0.1216196 0.1470868 0.1740074 0.1216196 0.1647237 0.1647237 0.0144581 0.0000000 0.0217634 0.0000010 0.1569042 
28_75      0.0071942 0.1872399 0.1563991 0.1305044 0.1563991 0.2005320 0.1305044 0.1909265 0.1909265 0.0071942 0.0217634 0.0000000 0.0217634 0.1829634 
29_76      0.0144581 0.1772531 0.1470868 0.1216196 0.1470868 0.1740074 0.1216196 0.1647237 0.1647237 0.0144581 0.0000010 0.0217634 0.0000000 0.1569042 
44_70      0.1743197 0.2696071 0.2144623 0.2056615 0.2144623 0.0442593 0.2056615 0.0896473 0.0896473 0.1743197 0.1569042 0.1829634 0.1569042 0.0000000 
