27
0_164      0.0000000 3.3502610 3.7528408 3.4532244 3.4899660 3.4163671 3.4587307 3.3926317 2.3169782 0.8214417 1.5460153 3.4163671 2.2609018 3.4849162 3.2617580 3.0167095 3.3683696 3.4058709 3.4587307 3.3502610 3.3536025 3.4694689 3.2508812 3.4694689 3.3536025 3.8450193 3.4543473 
1_29       3.3502610 0.0000000 2.3355392 0.0224466 0.0413174 0.0192022 0.0191626 0.0288080 3.0731519 4.0130218 2.2459704 0.0192022 2.7613664 2.2983258 3.5934533 2.2992047 0.0223579 0.0255824 0.0191626 0.0000010 0.0031551 0.9246688 2.2490336 0.9246688 0.0031551 2.1103605 0.9325582 
2_84       3.7528408 2.3355392 0.0000000 2.3737275 2.5304933 2.3775966 2.3942675 2.3512508 3.6615731 3.4545695 2.9576601 2.3775966 3.5860617 2.4203224 3.7456038 2.5514249 2.3512033 2.3615466 2.3942675 2.3355392 2.3331804 2.2054489 2.3589856 2.2054489 2.3331804 0.8241886 2.1983363 
3_28       3.4532244 0.0224466 2.3737275 0.0000000 0.0665617 0.0031576 0.0095223 0.0257078 3.1051918 4.1088437 2.1911767 0.0031576 2.8230498 2.3287290 3.6564357 2.3128091 0.0192390 0.0224723 0.0095223 0.0224466 0.0192127 0.9338770 2.2319781 0.9338770 0.0192127 2.1024490 0.9418447 
4_32       3.4899660 0.0413174 2.5304933 0.0665617 0.0000000 0.0629396 0.0628027 0.0698319 3.4863138 4.3696618 2.4228471 0.0629396 3.0201696 2.5771788 3.8654238 2.4915454 0.0662685 0.0698319 0.0628027 0.0413174 0.0448331 1.0118025 2.5254735 1.0118025 0.0448331 2.2437388 1.0206684 
5_27       3.4163671 0.0192022 2.3775966 0.0031576 0.0629396 0.0000000 0.0063357 0.0224503 3.1148420 4.1088437 2.2198980 0.0000010 2.8176356 2.3308100 3.6723543 2.3124975 0.0160012 0.0192242 0.0063357 0.0192022 0.0159792 0.9246536 2.2336539 0.9246536 0.0159792 2.1058193 0.9325474 
6_45       3.4587307 0.0191626 2.3942675 0.0095223 0.0628027 0.0063357 0.0000000 0.0159579 3.1362838 4.1623316 2.2348159 0.0063357 2.8353834 2.3368815 3.6940282 2.3235558 0.0159681 0.0127536 0.0000010 0.0191626 0.0159462 0.9216772 2.2446806 0.9216772 0.0159462 2.1209646 0.9295424 
7_28       3.3926317 0.0288080 2.3512508 0.0257078 0.0698319 0.0224503 0.0159579 0.0000000 3.0796356 3.9934827 2.2348159 0.0224503 2.7822555 2.3089543 3.6322674 2.2645643 0.0063227 0.0031562 0.0159579 0.0288080 0.0255714 0.9055519 2.2378452 0.9055519 0.0255714 2.1092293 0.9132901 
8_42       2.3169782 3.0731519 3.6615731 3.1051918 3.4863138 3.1148420 3.1362838 3.0796356 0.0000000 2.1157515 1.9013600 3.1148420 0.9700026 3.0201999 2.8115186 2.4926688 3.0755117 3.0926938 3.1362838 3.0731519 3.0900588 3.1557315 2.9544701 3.1557315 3.0900588 3.3831251 3.1529826 
9_174      0.8214417 4.0130218 3.4545695 4.1088437 4.3696618 4.1088437 4.1623316 3.9934827 2.1157515 0.0000000 0.0000010 4.1088437 2.2896491 3.8355692 3.2026244 2.6837740 3.9739257 4.0255367 4.1623316 4.0130218 4.0077838 4.1059706 3.8297867 4.1059706 4.0077838 4.1204044 4.1059706 
9_175      1.5460153 2.2459704 2.9576601 2.1911767 2.4228471 2.2198980 2.2348159 2.2348159 1.9013600 0.0000010 0.0000000 2.2198980 1.7886665 2.6381857 2.8375503 2.0710561 2.2348159 2.2348159 2.2348159 2.2459704 2.2459704 1.8740224 2.9422105 1.8740224 2.2459704 2.6171785 1.8242349 
10_27      3.4163671 0.0192022 2.3775966 0.0031576 0.0629396 0.0000010 0.0063357 0.0224503 3.1148420 4.1088437 2.2198980 0.0000000 2.8176356 2.3308100 3.6723543 2.3124975 0.0160012 0.0192242 0.0063357 0.0192022 0.0159792 0.9246536 2.2336539 0.9246536 0.0159792 2.1058193 0.9325474 
11_66      2.2609018 2.7613664 3.5860617 2.8230498 3.0201696 2.8176356 2.8353834 2.7822555 0.9700026 2.2896491 1.7886665 2.8176356 0.0000000 2.9013309 2.7265575 2.3646464 2.7809785 2.7944773 2.8353834 2.7613664 2.7567278 2.9520021 2.6646320 2.9520021 2.7567278 3.3256802 2.9771766 
13_107     3.4849162 2.2983258 2.4203224 2.3287290 2.5771788 2.3308100 2.3368815 2.3089543 3.0201999 3.8355692 2.6381857 2.3308100 2.9013309 0.0000000 3.5131910 2.2553344 2.3165892 2.3198162 2.3368815 2.2983258 2.3033688 2.2919064 0.9310393 2.2919064 2.3033688 2.3881880 2.3373445 
14_247     3.2617580 3.5934533 3.7456038 3.6564357 3.8654238 3.6723543 3.6940282 3.6322674 2.8115186 3.2026244 2.8375503 3.6723543 2.7265575 3.5131910 0.0000000 2.9618605 3.6313743 3.6471281 3.6940282 3.5934533 3.5861654 3.4177842 3.5072405 3.4177842 3.5861654 3.4541280 3.4299557 
15_29      3.0167095 2.2992047 2.5514249 2.3128091 2.4915454 2.3124975 2.3235558 2.2645643 2.4926688 2.6837740 2.0710561 2.3124975 2.3646464 2.2553344 2.9618605 0.0000000 2.2668487 2.2749842 2.3235558 2.2992047 2.2980735 2.2799800 2.3048675 2.2799800 2.2980735 2.5633295 2.2991204 
16_29      3.3683696 0.0223579 2.3512033 0.0192390 0.0662685 0.0160012 0.0159681 0.0063227 3.0755117 3.9739257 2.2348159 0.0160012 2.7809785 2.3165892 3.6313743 2.2668487 0.0000000 0.0031581 0.0159681 0.0223579 0.0191371 0.9024886 2.2402743 0.9024886 0.0191371 2.1097705 0.9102343 
17_29      3.4058709 0.0255824 2.3615466 0.0224723 0.0698319 0.0192242 0.0127536 0.0031562 3.0926938 4.0255367 2.2348159 0.0192242 2.7944773 2.3198162 3.6471281 2.2749842 0.0031581 0.0000000 0.0127536 0.0255824 0.0223532 0.8993493 2.2486502 0.8993493 0.0223532 2.1191351 0.9070522 
18_31      3.4587307 0.0191626 2.3942675 0.0095223 0.0628027 0.0063357 0.0000010 0.0159579 3.1362838 4.1623316 2.2348159 0.0063357 2.8353834 2.3368815 3.6940282 2.3235558 0.0159681 0.0127536 0.0000000 0.0191626 0.0159462 0.9216772 2.2446806 0.9216772 0.0159462 2.1209646 0.9295424 
21_27      3.3502610 0.0000010 2.3355392 0.0224466 0.0413174 0.0192022 0.0191626 0.0288080 3.0731519 4.0130218 2.2459704 0.0192022 2.7613664 2.2983258 3.5934533 2.2992047 0.0223579 0.0255824 0.0191626 0.0000000 0.0031551 0.9246688 2.2490336 0.9246688 0.0031551 2.1103605 0.9325582 
23_30      3.3536025 0.0031551 2.3331804 0.0192127 0.0448331 0.0159792 0.0159462 0.0255714 3.0900588 4.0077838 2.2459704 0.0159792 2.7567278 2.3033688 3.5861654 2.2980735 0.0191371 0.0223532 0.0159462 0.0031551 0.0000000 0.9238698 2.2335600 0.9238698 0.0000010 2.1061301 0.9317515 
24_97      3.4694689 0.9246688 2.2054489 0.9338770 1.0118025 0.9246536 0.9216772 0.9055519 3.1557315 4.1059706 1.8740224 0.9246536 2.9520021 2.2919064 3.4177842 2.2799800 0.9024886 0.8993493 0.9216772 0.9246688 0.9238698 0.0000000 2.2844770 0.0000010 0.9238698 2.1488748 0.0032218 
25_105     3.2508812 2.2490336 2.3589856 2.2319781 2.5254735 2.2336539 2.2446806 2.2378452 2.9544701 3.8297867 2.9422105 2.2336539 2.6646320 0.9310393 3.5072405 2.3048675 2.2402743 2.2486502 2.2446806 2.2490336 2.2335600 2.2844770 0.0000000 2.2844770 2.2335600 2.3592143 2.3306629 
26_98      3.4694689 0.9246688 2.2054489 0.9338770 1.0118025 0.9246536 0.9216772 0.9055519 3.1557315 4.1059706 1.8740224 0.9246536 2.9520021 2.2919064 3.4177842 2.2799800 0.9024886 0.8993493 0.9216772 0.9246688 0.9238698 0.0000010 2.2844770 0.0000000 0.9238698 2.1488748 0.0032218 
29_31      3.3536025 0.0031551 2.3331804 0.0192127 0.0448331 0.0159792 0.0159462 0.0255714 3.0900588 4.0077838 2.2459704 0.0159792 2.7567278 2.3033688 3.5861654 2.2980735 0.0191371 0.0223532 0.0159462 0.0031551 0.0000010 0.9238698 2.2335600 0.9238698 0.0000000 2.1061301 0.9317515 
31_94      3.8450193 2.1103605 0.8241886 2.1024490 2.2437388 2.1058193 2.1209646 2.1092293 3.3831251 4.1204044 2.6171785 2.1058193 3.3256802 2.3881880 3.4541280 2.5633295 2.1097705 2.1191351 2.1209646 2.1103605 2.1061301 2.1488748 2.3592143 2.1488748 2.1061301 0.0000000 2.1758057 
32_78      3.4543473 0.9325582 2.1983363 0.9418447 1.0206684 0.9325474 0.9295424 0.9132901 3.1529826 4.1059706 1.8242349 0.9325474 2.9771766 2.3373445 3.4299557 2.2991204 0.9102343 0.9070522 0.9295424 0.9325582 0.9317515 0.0032218 2.3306629 0.0032218 0.9317515 2.1758057 0.0000000 
