17
1_57       0.0000000 0.0472128 0.0357764 0.0472128 0.0357764 0.0354078 2.6106531 0.0480884 0.0480884 0.0000010 0.0115696 1.5111186 1.5111186 1.5111186 0.0354078 1.4629431 0.0115696 
3_57       0.0472128 0.0000000 0.0348713 0.0000010 0.0348713 0.0587821 2.5158075 0.0718391 0.0718391 0.0472128 0.0601787 1.4678475 1.4678475 1.4678475 0.0587821 1.4209125 0.0601787 
4_61       0.0357764 0.0348713 0.0000000 0.0348713 0.0000010 0.0474990 2.5250080 0.0604755 0.0604755 0.0357764 0.0486373 1.4483083 1.4483083 1.4483083 0.0474990 1.4017798 0.0486373 
5_56       0.0472128 0.0000010 0.0348713 0.0000000 0.0348713 0.0587821 2.5158075 0.0718391 0.0718391 0.0472128 0.0601787 1.4678475 1.4678475 1.4678475 0.0587821 1.4209125 0.0601787 
6_17       0.0357764 0.0348713 0.0000010 0.0348713 0.0000000 0.0474990 2.5250080 0.0604755 0.0604755 0.0357764 0.0486373 1.4483083 1.4483083 1.4483083 0.0474990 1.4017798 0.0486373 
7_56       0.0354078 0.0587821 0.0474990 0.0587821 0.0474990 0.0000000 2.5054915 0.0598665 0.0598665 0.0354078 0.0481359 1.5163711 1.5163711 1.5163711 0.0000010 1.4679825 0.0481359 
15_12      2.6106531 2.5158075 2.5250080 2.5158075 2.5250080 2.5054915 0.0000000 2.6195795 2.6195795 2.6106531 2.5676473 2.2839409 2.2839409 2.2839409 2.5054915 2.2420385 2.5676473 
16_57      0.0480884 0.0718391 0.0604755 0.0718391 0.0604755 0.0598665 2.6195795 0.0000000 0.0000010 0.0480884 0.0613146 1.5133854 1.5133854 1.5133854 0.0598665 1.4651094 0.0613146 
17_57      0.0480884 0.0718391 0.0604755 0.0718391 0.0604755 0.0598665 2.6195795 0.0000010 0.0000000 0.0480884 0.0613146 1.5133854 1.5133854 1.5133854 0.0598665 1.4651094 0.0613146 
21_54      0.0000010 0.0472128 0.0357764 0.0472128 0.0357764 0.0354078 2.6106531 0.0480884 0.0480884 0.0000000 0.0115696 1.5111186 1.5111186 1.5111186 0.0354078 1.4629431 0.0115696 
23_58      0.0115696 0.0601787 0.0486373 0.0601787 0.0486373 0.0481359 2.5676473 0.0613146 0.0613146 0.0115696 0.0000000 1.5104659 1.5104659 1.5104659 0.0481359 1.4626046 0.0000010 
24_38      1.5111186 1.4678475 1.4483083 1.4678475 1.4483083 1.5163711 2.2839409 1.5133854 1.5133854 1.5111186 1.5104659 0.0000000 0.0000010 0.0000010 1.5163711 0.0101500 1.5104659 
26_39      1.5111186 1.4678475 1.4483083 1.4678475 1.4483083 1.5163711 2.2839409 1.5133854 1.5133854 1.5111186 1.5104659 0.0000010 0.0000000 0.0000010 1.5163711 0.0101500 1.5104659 
32_18      1.5111186 1.4678475 1.4483083 1.4678475 1.4483083 1.5163711 2.2839409 1.5133854 1.5133854 1.5111186 1.5104659 0.0000010 0.0000010 0.0000000 1.5163711 0.0113184 1.5104659 
34_18      0.0354078 0.0587821 0.0474990 0.0587821 0.0474990 0.0000010 2.5054915 0.0598665 0.0598665 0.0354078 0.0481359 1.5163711 1.5163711 1.5163711 0.0000000 1.4679825 0.0481359 
39_95      1.4629431 1.4209125 1.4017798 1.4209125 1.4017798 1.4679825 2.2420385 1.4651094 1.4651094 1.4629431 1.4626046 0.0101500 0.0101500 0.0113184 1.4679825 0.0000000 1.4626046 
43_57      0.0115696 0.0601787 0.0486373 0.0601787 0.0486373 0.0481359 2.5676473 0.0613146 0.0613146 0.0115696 0.0000010 1.5104659 1.5104659 1.5104659 0.0481359 1.4626046 0.0000000 
