18
1_75       0.0000000 0.0702825 0.1362566 0.0774916 0.0684869 0.0853359 0.0740961 0.0774916 0.0924177 0.0924177 0.0684869 0.0000010 0.0152142 0.0121550 0.0778023 0.0752680 0.0152142 0.0705088 
3_76       0.0702825 0.0000000 0.0610138 0.0058843 0.0058576 0.0530796 0.0029341 0.0058843 0.0639649 0.0639649 0.0058576 0.0702825 0.0587957 0.0556569 0.0059034 0.0058585 0.0587957 0.0304316 
4_81       0.1362566 0.0610138 0.0000000 0.0755888 0.0483419 0.1570732 0.0755888 0.0755888 0.1384208 0.1384208 0.0483419 0.1362566 0.0952732 0.0817249 0.0903579 0.0483419 0.0952732 0.1494483 
5_73       0.0774916 0.0058843 0.0755888 0.0000000 0.0118380 0.0526576 0.0029135 0.0000010 0.0634366 0.0634366 0.0118380 0.0774916 0.0656683 0.0624944 0.0058626 0.0058860 0.0656683 0.0302033 
6_1        0.0684869 0.0058576 0.0483419 0.0118380 0.0000000 0.0531502 0.0088547 0.0118380 0.0640549 0.0640549 0.0000010 0.0684869 0.0568557 0.0536627 0.0118782 0.0058556 0.0568557 0.0304683 
7_71       0.0853359 0.0530796 0.1570732 0.0526576 0.0531502 0.0000000 0.0494385 0.0526576 0.0400095 0.0400095 0.0531502 0.0853359 0.0730968 0.0698728 0.0499357 0.0596624 0.0730968 0.0208917 
10_73      0.0740961 0.0029341 0.0755888 0.0029135 0.0088547 0.0494385 0.0000000 0.0029135 0.0601162 0.0601162 0.0088547 0.0740961 0.0623973 0.0592308 0.0029233 0.0088561 0.0623973 0.0271124 
12_70      0.0774916 0.0058843 0.0755888 0.0000010 0.0118380 0.0526576 0.0029135 0.0000000 0.0634366 0.0634366 0.0118380 0.0774916 0.0656683 0.0624944 0.0058626 0.0058860 0.0656683 0.0302033 
16_71      0.0924177 0.0639649 0.1384208 0.0634366 0.0640549 0.0400095 0.0601162 0.0634366 0.0000000 0.0000010 0.0640549 0.0924177 0.0799102 0.0766701 0.0636839 0.0707630 0.0799102 0.0434495 
17_71      0.0924177 0.0639649 0.1384208 0.0634366 0.0640549 0.0400095 0.0601162 0.0634366 0.0000010 0.0000000 0.0640549 0.0924177 0.0799102 0.0766701 0.0636839 0.0707630 0.0799102 0.0434495 
18_74      0.0684869 0.0058576 0.0483419 0.0118380 0.0000010 0.0531502 0.0088547 0.0118380 0.0640549 0.0640549 0.0000000 0.0684869 0.0568557 0.0536627 0.0118782 0.0058556 0.0568557 0.0304683 
21_72      0.0000010 0.0702825 0.1362566 0.0774916 0.0684869 0.0853359 0.0740961 0.0774916 0.0924177 0.0924177 0.0684869 0.0000000 0.0152142 0.0121550 0.0778023 0.0752680 0.0152142 0.0705088 
23_75      0.0152142 0.0587957 0.0952732 0.0656683 0.0568557 0.0730968 0.0623973 0.0656683 0.0799102 0.0799102 0.0568557 0.0152142 0.0000000 0.0029391 0.0659207 0.0634024 0.0000010 0.0589749 
29_77      0.0121550 0.0556569 0.0817249 0.0624944 0.0536627 0.0698728 0.0592308 0.0624944 0.0766701 0.0766701 0.0536627 0.0121550 0.0029391 0.0000000 0.0627337 0.0601980 0.0029391 0.0558253 
34_2       0.0778023 0.0059034 0.0903579 0.0058626 0.0118782 0.0499357 0.0029233 0.0058626 0.0636839 0.0636839 0.0118782 0.0778023 0.0659207 0.0627337 0.0000000 0.0118802 0.0659207 0.0273728 
41_73      0.0752680 0.0058585 0.0483419 0.0058860 0.0058556 0.0596624 0.0088561 0.0058860 0.0707630 0.0707630 0.0058556 0.0752680 0.0634024 0.0601980 0.0118802 0.0000000 0.0634024 0.0367352 
43_74      0.0152142 0.0587957 0.0952732 0.0656683 0.0568557 0.0730968 0.0623973 0.0656683 0.0799102 0.0799102 0.0568557 0.0152142 0.0000010 0.0029391 0.0659207 0.0634024 0.0000000 0.0589749 
44_71      0.0705088 0.0304316 0.1494483 0.0302033 0.0304683 0.0208917 0.0271124 0.0302033 0.0434495 0.0434495 0.0304683 0.0705088 0.0589749 0.0558253 0.0273728 0.0367352 0.0589749 0.0000000 
