8
0_71       0.0000000 3.1069973 1.3052180 0.3983051 1.4092578 3.4733980 1.8897667 3.0980219 
2_131      3.1069973 0.0000000 3.0790482 3.0908602 3.0221708 3.8353321 2.4383014 1.5204027 
8_25       1.3052180 3.0790482 0.0000000 1.4905845 0.4682455 3.2604243 1.8230740 3.0840089 
9_59       0.3983051 3.0908602 1.4905845 0.0000000 1.5072182 3.6711102 2.0785773 3.2920608 
11_68      1.4092578 3.0221708 0.4682455 1.5072182 0.0000000 3.2012322 2.0719681 3.1676875 
14_132     3.4733980 3.8353321 3.2604243 3.6711102 3.2012322 0.0000000 3.8352752 4.7814795 
15_160     1.8897667 2.4383014 1.8230740 2.0785773 2.0719681 3.8352752 0.0000000 2.6955055 
31_53      3.0980219 1.5204027 3.0840089 3.2920608 3.1676875 4.7814795 2.6955055 0.0000000 
