8
0_184      0.0000000 1.8820407 1.9001447 2.4771561 1.5063406 1.8220294 2.7769471 1.5226431 
8_13       1.8820407 0.0000000 0.1353802 0.3266627 1.8240309 0.1735303 2.0722136 3.5566761 
8_26       1.9001447 0.1353802 0.0000000 0.2362864 1.7517571 0.1772563 2.0410522 3.5565935 
8_91       2.4771561 0.3266627 0.2362864 0.0000000 2.3660471 0.2703615 2.8271429 1.8617301 
8_103      1.5063406 1.8240309 1.7517571 2.3660471 0.0000000 1.7469869 2.2957629 3.4926661 
8_152      1.8220294 0.1735303 0.1772563 0.2703615 1.7469869 0.0000000 2.0170490 3.5449146 
9_83       2.7769471 2.0722136 2.0410522 2.8271429 2.2957629 2.0170490 0.0000000 2.2942169 
9_168      1.5226431 3.5566761 3.5565935 1.8617301 3.4926661 3.5449146 2.2942169 0.0000000 
