24
0_128      0.0000000 2.6009553 2.9192458 3.3112609 3.0303665 3.3872492 2.5618901 2.5618901 2.6005171 1.7651542 0.6334020 1.7207498 3.0757534 2.8610694 2.7106562 2.6199939 2.6199939 2.6009553 2.5052471 2.8252095 2.5052471 2.9956182 2.5207876 2.6516360 
1_95       2.6009553 0.0000000 2.5480372 0.0255881 0.3275540 0.0000010 0.0205416 0.0205416 0.0248874 2.6779290 2.6006583 2.8538829 2.7144499 3.1348445 2.3575329 0.0248275 0.0248275 0.0000010 1.3529864 2.6721683 1.3529864 2.5210077 1.3541841 0.0000010 
2_99       2.9192458 2.5480372 0.0000000 3.1958087 3.1996165 3.1256432 2.5682611 2.5682611 2.5746152 2.9175206 2.8180151 2.9898828 1.9329791 3.4745714 2.3582297 2.5749022 2.5749022 2.5480372 2.6581802 1.7365250 2.6581802 0.5868169 2.6243774 2.6370482 
3_97       3.3112609 0.0255881 3.1958087 0.0000000 1.6586331 0.0255881 0.0000010 0.0000010 0.0344597 3.2220194 3.7957748 3.1887155 3.8650898 3.3439788 2.7524343 0.0342905 0.0342905 0.0255881 1.5351685 3.3657751 1.5351685 3.2992217 1.5351685 0.0255881 
3_98       3.0303665 0.3275540 3.1996165 1.6586331 0.0000000 1.6586331 0.3301830 0.3301830 0.3622372 3.2995079 3.3183879 3.5792419 3.7695601 4.2190201 3.6190164 0.3622372 0.3622372 0.3275540 1.9390995 4.3967880 1.9390995 3.1621697 1.9510071 0.3275540 
4_102      3.3872492 0.0000010 3.1256432 0.0255881 1.6586331 0.0000000 0.0255881 0.0255881 0.0258876 3.2965393 3.8916938 3.3100480 3.9556274 3.4925337 2.7616773 0.0257585 0.0257585 0.0000010 1.5703071 3.3883347 1.5703071 3.2267746 1.5703071 0.0000010 
5_95       2.5618901 0.0205416 2.5682611 0.0000010 0.3301830 0.0255881 0.0000000 0.0000010 0.0290111 2.6496210 2.5888147 2.8001597 2.6905406 3.0648881 2.3370848 0.0289418 0.0289418 0.0205416 1.3421707 2.6633142 1.3421707 2.5359391 1.3433174 0.0205416 
6_103      2.5618901 0.0205416 2.5682611 0.0000010 0.3301830 0.0255881 0.0000010 0.0000000 0.0290111 2.6496210 2.5888147 2.8001597 2.6905406 3.0648881 2.3370848 0.0289418 0.0289418 0.0205416 1.3421707 2.6633142 1.3421707 2.5359391 1.3433174 0.0205416 
7_91       2.6005171 0.0248874 2.5746152 0.0344597 0.3622372 0.0258876 0.0290111 0.0290111 0.0000000 2.6972530 2.5975282 2.8597379 2.7117160 3.0927428 2.3376017 0.0040908 0.0040908 0.0248874 1.3564210 2.7180632 1.3564210 2.5353230 1.3576251 0.0248874 
8_84       1.7651542 2.6779290 2.9175206 3.2220194 3.2995079 3.2965393 2.6496210 2.6496210 2.6972530 0.0000000 1.6110217 0.5662996 2.5052242 2.5899122 2.3940240 2.7260561 2.7260561 2.6779290 2.3525314 2.4816959 2.3525314 2.9332670 2.3725525 2.6909486 
9_220      0.6334020 2.6006583 2.8180151 3.7957748 3.3183879 3.8916938 2.5888147 2.5888147 2.5975282 1.6110217 0.0000000 1.6293730 2.7305642 2.8934198 2.4219850 2.6247147 2.6247147 2.6006583 2.3228764 2.4610008 2.3228764 2.9782827 2.3378647 2.6870018 
11_124     1.7207498 2.8538829 2.9898828 3.1887155 3.5792419 3.3100480 2.8001597 2.8001597 2.8597379 0.5662996 1.6293730 0.0000000 2.8883921 2.7850128 2.4118168 2.8820668 2.8820668 2.8538829 2.8005379 2.7937564 2.8005379 3.0207101 2.8343913 2.8598145 
13_55      3.0757534 2.7144499 1.9329791 3.8650898 3.7695601 3.9556274 2.6905406 2.6905406 2.7117160 2.5052242 2.7305642 2.8883921 0.0000000 4.2431338 2.0884508 2.7383893 2.7383893 2.7144499 2.4685630 0.5553572 2.4685630 1.9681927 2.4395593 2.7589907 
14_255     2.8610694 3.1348445 3.4745714 3.3439788 4.2190201 3.4925337 3.0648881 3.0648881 3.0927428 2.5899122 2.8934198 2.7850128 4.2431338 0.0000000 3.3706934 3.0701570 3.0701570 3.1348445 3.5340175 3.6251666 3.5340175 3.4634283 3.5516074 3.1284320 
15_153     2.7106562 2.3575329 2.3582297 2.7524343 3.6190164 2.7616773 2.3370848 2.3370848 2.3376017 2.3940240 2.4219850 2.4118168 2.0884508 3.3706934 0.0000000 2.3241462 2.3241462 2.3575329 2.3077215 2.2399685 2.3077215 2.3716064 2.2820897 2.3932380 
16_91      2.6199939 0.0248275 2.5749022 0.0342905 0.3622372 0.0257585 0.0289418 0.0289418 0.0040908 2.7260561 2.6247147 2.8820668 2.7383893 3.0701570 2.3241462 0.0000000 0.0000010 0.0248275 1.3484193 2.7304837 1.3484193 2.5250725 1.3495932 0.0248275 
17_91      2.6199939 0.0248275 2.5749022 0.0342905 0.3622372 0.0257585 0.0289418 0.0289418 0.0040908 2.7260561 2.6247147 2.8820668 2.7383893 3.0701570 2.3241462 0.0000010 0.0000000 0.0248275 1.3484193 2.7304837 1.3484193 2.5250725 1.3495932 0.0248275 
21_93      2.6009553 0.0000010 2.5480372 0.0255881 0.3275540 0.0000010 0.0205416 0.0205416 0.0248874 2.6779290 2.6006583 2.8538829 2.7144499 3.1348445 2.3575329 0.0248275 0.0248275 0.0000000 1.3529864 2.6721683 1.3529864 2.5210077 1.3541841 0.0000010 
24_55      2.5052471 1.3529864 2.6581802 1.5351685 1.9390995 1.5703071 1.3421707 1.3421707 1.3564210 2.3525314 2.3228764 2.8005379 2.4685630 3.5340175 2.3077215 1.3484193 1.3484193 1.3529864 0.0000000 2.6386414 0.0000010 2.7941754 0.0037141 1.3587785 
25_70      2.8252095 2.6721683 1.7365250 3.3657751 4.3967880 3.3883347 2.6633142 2.6633142 2.7180632 2.4816959 2.4610008 2.7937564 0.5553572 3.6251666 2.2399685 2.7304837 2.7304837 2.6721683 2.6386414 0.0000000 2.6386414 1.7425875 2.6068830 2.7521431 
26_56      2.5052471 1.3529864 2.6581802 1.5351685 1.9390995 1.5703071 1.3421707 1.3421707 1.3564210 2.3525314 2.3228764 2.8005379 2.4685630 3.5340175 2.3077215 1.3484193 1.3484193 1.3529864 0.0000010 2.6386414 0.0000000 2.7941754 0.0037141 1.3587785 
31_13      2.9956182 2.5210077 0.5868169 3.2992217 3.1621697 3.2267746 2.5359391 2.5359391 2.5353230 2.9332670 2.9782827 3.0207101 1.9681927 3.4634283 2.3716064 2.5250725 2.5250725 2.5210077 2.7941754 1.7425875 2.7941754 0.0000000 2.7573615 2.5408803 
39_78      2.5207876 1.3541841 2.6243774 1.5351685 1.9510071 1.5703071 1.3433174 1.3433174 1.3576251 2.3725525 2.3378647 2.8343913 2.4395593 3.5516074 2.2820897 1.3495932 1.3495932 1.3541841 0.0037141 2.6068830 0.0037141 2.7573615 0.0000000 1.3599832 
43_94      2.6516360 0.0000010 2.6370482 0.0255881 0.3275540 0.0000010 0.0205416 0.0205416 0.0248874 2.6909486 2.6870018 2.8598145 2.7589907 3.1284320 2.3932380 0.0248275 0.0248275 0.0000010 1.3587785 2.7521431 1.3587785 2.5408803 1.3599832 0.0000000 
