16
0_120      0.0000000 1.3567879 1.0754868 1.0659990 1.2797263 1.3747617 1.3604888 1.0453196 0.9658594 2.5535148 0.9900185 2.1005298 2.2997627 1.9204411 1.2925489 1.9641494 
0_177      1.3567879 0.0000000 1.5643451 1.5840777 1.8566772 1.0336030 1.7515455 1.5677905 1.3661742 1.9136698 1.2754158 2.0329734 2.0151642 2.6500850 1.5979868 2.0552046 
0_194      1.0754868 1.5643451 0.0000000 0.8392021 0.9836169 1.2997565 1.0056567 0.4221159 1.5155289 2.4536296 1.4296945 1.4799516 1.6674818 1.7791124 1.2141148 2.0451115 
8_6        1.0659990 1.5840777 0.8392021 0.0000000 0.5995282 1.0468725 0.5486840 0.8708109 1.3590047 2.2093965 1.4319005 1.7089215 1.1858702 1.4266493 0.7851087 1.9522083 
8_129      1.2797263 1.8566772 0.9836169 0.5995282 0.0000000 1.3461598 0.6739293 1.0198264 1.6105074 4.2037977 1.7517146 1.9907425 1.3100268 1.4739379 1.0712535 1.8254572 
8_146      1.3747617 1.0336030 1.2997565 1.0468725 1.3461598 0.0000000 1.3910410 1.2849260 1.5308657 1.9517786 1.3206561 1.7726028 1.5391183 1.9806961 1.0623568 1.9700673 
8_173      1.3604888 1.7515455 1.0056567 0.5486840 0.6739293 1.3910410 0.0000000 0.9879501 1.7617652 2.7067316 1.7180975 0.7657515 1.0580747 2.1338946 1.1398076 1.9281386 
9_28       1.0453196 1.5677905 0.4221159 0.8708109 1.0198264 1.2849260 0.9879501 0.0000000 1.4794488 2.5713550 1.4261547 1.4001864 1.6374422 1.7320005 1.1318912 1.9544249 
9_146      0.9658594 1.3661742 1.5155289 1.3590047 1.6105074 1.5308657 1.7617652 1.4794488 0.0000000 3.2724902 0.9066676 2.3793645 2.4905572 2.2975955 1.3366884 2.2081143 
9_197      2.5535148 1.9136698 2.4536296 2.2093965 4.2037977 1.9517786 2.7067316 2.5713550 3.2724902 0.0000000 2.4928779 2.8074047 2.5713822 2.5537915 3.5069543 3.0813865 
9_217      0.9900185 1.2754158 1.4296945 1.4319005 1.7517146 1.3206561 1.7180975 1.4261547 0.9066676 2.4928779 0.0000000 2.1550975 2.3334358 2.0817561 1.5093562 1.8843166 
11_19      2.1005298 2.0329734 1.4799516 1.7089215 1.9907425 1.7726028 0.7657515 1.4001864 2.3793645 2.8074047 2.1550975 0.0000000 1.3375275 1.4403884 1.6428753 2.1357603 
11_48      2.2997627 2.0151642 1.6674818 1.1858702 1.3100268 1.5391183 1.0580747 1.6374422 2.4905572 2.5713822 2.3334358 1.3375275 0.0000000 2.1669540 1.0348511 2.3532057 
11_90      1.9204411 2.6500850 1.7791124 1.4266493 1.4739379 1.9806961 2.1338946 1.7320005 2.2975955 2.5537915 2.0817561 1.4403884 2.1669540 0.0000000 2.7871010 3.5485133 
11_114     1.2925489 1.5979868 1.2141148 0.7851087 1.0712535 1.0623568 1.1398076 1.1318912 1.3366884 3.5069543 1.5093562 1.6428753 1.0348511 2.7871010 0.0000000 2.3730380 
14_197     1.9641494 2.0552046 2.0451115 1.9522083 1.8254572 1.9700673 1.9281386 1.9544249 2.2081143 3.0813865 1.8843166 2.1357603 2.3532057 3.5485133 2.3730380 0.0000000 
