16
1_62       0.0000000 0.0946817 0.0921694 0.1194843 0.0921694 0.0916261 0.1068536 0.1194843 0.1627175 0.1627175 0.1044742 0.0080043 0.0166932 0.1068536 0.0000010 0.0166932 
3_62       0.0946817 0.0000000 0.0392478 0.0083257 0.0392478 0.0686881 0.0000010 0.0083257 0.1509027 0.1509027 0.0491866 0.0931868 0.0806164 0.0000010 0.0946817 0.0806164 
4_66       0.0921694 0.0392478 0.0000000 0.0496757 0.0000010 0.0558401 0.0389039 0.0496757 0.1515348 0.1515348 0.0080693 0.0808092 0.0689299 0.0389039 0.0921694 0.0689299 
5_61       0.1194843 0.0083257 0.0496757 0.0000000 0.0496757 0.0921608 0.0082605 0.0000010 0.1794306 0.1794306 0.0599015 0.1181998 0.1052494 0.0082605 0.1194843 0.1052494 
6_13       0.0921694 0.0392478 0.0000010 0.0496757 0.0000000 0.0558401 0.0389039 0.0496757 0.1515348 0.1515348 0.0080693 0.0808092 0.0689299 0.0389039 0.0921694 0.0689299 
7_61       0.0916261 0.0686881 0.0558401 0.0921608 0.0558401 0.0000000 0.0797930 0.0921608 0.1503238 0.1503238 0.0665205 0.0799524 0.0764430 0.0797930 0.0916261 0.0764430 
10_61      0.1068536 0.0000010 0.0389039 0.0082605 0.0389039 0.0797930 0.0000000 0.0082605 0.1648021 0.1648021 0.0487538 0.1054635 0.0929139 0.0000010 0.1068536 0.0929139 
12_58      0.1194843 0.0083257 0.0496757 0.0000010 0.0496757 0.0921608 0.0082605 0.0000000 0.1794306 0.1794306 0.0599015 0.1181998 0.1052494 0.0082605 0.1194843 0.1052494 
16_61      0.1627175 0.1509027 0.1515348 0.1794306 0.1515348 0.1503238 0.1648021 0.1794306 0.0000000 0.0000010 0.1662852 0.1633404 0.1785822 0.1648021 0.1627175 0.1785822 
17_61      0.1627175 0.1509027 0.1515348 0.1794306 0.1515348 0.1503238 0.1648021 0.1794306 0.0000010 0.0000000 0.1662852 0.1633404 0.1785822 0.1648021 0.1627175 0.1785822 
19_59      0.1044742 0.0491866 0.0080693 0.0599015 0.0080693 0.0665205 0.0487538 0.0599015 0.1662852 0.1662852 0.0000000 0.0924468 0.0799611 0.0487538 0.1044742 0.0799611 
21_59      0.0080043 0.0931868 0.0808092 0.1181998 0.0808092 0.0799524 0.1054635 0.1181998 0.1633404 0.1633404 0.0924468 0.0000000 0.0082108 0.1054635 0.0080043 0.0082108 
23_62      0.0166932 0.0806164 0.0689299 0.1052494 0.0689299 0.0764430 0.0929139 0.1052494 0.1785822 0.1785822 0.0799611 0.0082108 0.0000000 0.0929139 0.0166932 0.0000010 
27_100     0.1068536 0.0000010 0.0389039 0.0082605 0.0389039 0.0797930 0.0000010 0.0082605 0.1648021 0.1648021 0.0487538 0.1054635 0.0929139 0.0000000 0.1068536 0.0929139 
28_63      0.0000010 0.0946817 0.0921694 0.1194843 0.0921694 0.0916261 0.1068536 0.1194843 0.1627175 0.1627175 0.1044742 0.0080043 0.0166932 0.1068536 0.0000000 0.0166932 
29_63      0.0166932 0.0806164 0.0689299 0.1052494 0.0689299 0.0764430 0.0929139 0.1052494 0.1785822 0.1785822 0.0799611 0.0082108 0.0000010 0.0929139 0.0166932 0.0000000 
