28
0_167      0.0000000 3.9425025 2.2798780 4.0393483 4.0513464 3.9601261 3.8811531 1.2445489 0.2911275 4.0513464 1.2039185 2.3422074 1.3939208 3.9122399 3.9122399 3.9601261 4.0012473 3.9487104 4.7296506 2.1573755 4.7296506 3.8293989 3.9425025 3.7448132 2.3849191 4.0012473 3.7448132 3.9811701 
1_26       3.9425025 0.0000000 4.6837017 0.0389644 0.0423172 0.0355399 0.0389136 4.0679587 3.9678936 0.0423172 3.8496988 4.6124539 5.3821724 0.0426894 0.0426894 0.0355399 0.0389771 0.0061638 0.9402900 4.7450454 0.9402900 0.0329741 0.0000010 0.0328224 4.8720442 0.0389771 0.0328224 0.0093317 
2_41       2.2798780 4.6837017 0.0000000 4.6298553 4.5993360 4.5652286 4.5844437 2.5942389 2.3344447 4.5993360 2.4615205 1.5718183 2.5257760 4.4939357 4.4939357 4.5652286 4.5821856 4.7084504 4.7500112 1.4071267 4.7500112 4.1964597 4.6837017 4.2143424 0.4254734 4.5821856 4.2143424 4.7709464 
3_25       4.0393483 0.0389644 4.6298553 0.0000000 0.0095694 0.0127732 0.0323286 4.0655219 4.1363747 0.0095694 3.8886560 4.6958113 5.3009328 0.0425601 0.0425601 0.0127732 0.0063655 0.0425168 0.8966922 4.8474293 0.8966922 0.0000010 0.0389644 0.0233376 4.9820412 0.0063655 0.0233376 0.0462296 
5_24       4.0513464 0.0423172 4.5993360 0.0095694 0.0000000 0.0095461 0.0356510 4.0448932 4.1486943 0.0000010 3.8699138 4.6483868 5.3173282 0.0459490 0.0459490 0.0095461 0.0031708 0.0459019 0.8744360 4.7965629 0.8744360 0.0046204 0.0423172 0.0280950 4.9970417 0.0031708 0.0280950 0.0496556 
6_48       3.9601261 0.0355399 4.5652286 0.0127732 0.0095461 0.0000000 0.0289514 4.0036717 4.0818239 0.0095461 3.8226615 4.6018735 5.2886562 0.0390899 0.0390899 0.0000010 0.0063500 0.0390505 0.8784035 4.7756150 0.8784035 0.0092554 0.0355399 0.0138501 4.9739396 0.0063500 0.0138501 0.0427121 
7_26       3.8811531 0.0389136 4.5844437 0.0323286 0.0356510 0.0289514 0.0000000 4.0488746 4.0204069 0.0356510 3.8190983 4.6116975 5.2493029 0.0192642 0.0192642 0.0289514 0.0323391 0.0459587 0.8757715 4.7528142 0.8757715 0.0376622 0.0389136 0.0184904 4.8556455 0.0323391 0.0184904 0.0497175 
8_61       1.2445489 4.0679587 2.5942389 4.0655219 4.0448932 4.0036717 4.0488746 0.0000000 1.3527230 4.0448932 0.2511169 2.3006375 1.5037929 4.0091885 4.0091885 4.0036717 4.0258474 4.0885845 5.0712626 2.0888628 5.0712626 4.0963906 4.0679587 4.1509560 2.5527987 4.0258474 4.1509560 4.1434368 
9_60       0.2911275 3.9678936 2.3344447 4.1363747 4.1486943 4.0818239 4.0204069 1.3527230 0.0000000 4.1486943 1.3726950 2.3353571 1.4962907 3.9849011 3.9849011 4.0818239 4.0967615 3.9742004 4.6900386 2.2243478 4.6900386 4.0721820 3.9678936 4.0137869 2.3879521 4.0967615 4.0137869 4.0067688 
10_24      4.0513464 0.0423172 4.5993360 0.0095694 0.0000010 0.0095461 0.0356510 4.0448932 4.1486943 0.0000000 3.8699138 4.6483868 5.3173282 0.0459490 0.0459490 0.0095461 0.0031708 0.0459019 0.8744360 4.7965629 0.8744360 0.0046204 0.0423172 0.0280950 4.9970417 0.0031708 0.0280950 0.0496556 
11_93      1.2039185 3.8496988 2.4615205 3.8886560 3.8699138 3.8226615 3.8190983 0.2511169 1.3726950 3.8699138 0.0000000 2.2605633 1.4973354 3.7822914 3.7822914 3.8226615 3.8514814 3.9149779 5.2476857 2.0234428 5.2476857 3.5554840 3.8496988 3.5142670 2.2688027 3.8514814 3.5142670 3.9673986 
13_14      2.3422074 4.6124539 1.5718183 4.6958113 4.6483868 4.6018735 4.6116975 2.3006375 2.3353571 4.6483868 2.2605633 0.0000000 2.6011240 4.5600478 4.5600478 4.6018735 4.6483868 4.5773019 4.9993902 0.5728180 4.9993902 4.2500868 4.6124539 4.1958953 1.6659177 4.6483868 4.1958953 4.5962026 
14_148     1.3939208 5.3821724 2.5257760 5.3009328 5.3173282 5.2886562 5.2493029 1.5037929 1.4962907 5.3173282 1.4973354 2.6011240 0.0000000 5.3164429 5.3164429 5.2886562 5.2414430 5.4080820 5.4802741 2.2433322 5.4802741 5.1349912 5.3821724 5.2027021 2.4098424 5.2414430 5.2027021 5.5422706 
16_26      3.9122399 0.0426894 4.4939357 0.0425601 0.0459490 0.0390899 0.0192642 4.0091885 3.9849011 0.0459490 3.7822914 4.5600478 5.3164429 0.0000000 0.0000010 0.0390899 0.0425740 0.0460369 0.8707824 4.6981281 0.8707824 0.0476650 0.0426894 0.0327482 4.7589733 0.0425740 0.0327482 0.0498018 
17_27      3.9122399 0.0426894 4.4939357 0.0425601 0.0459490 0.0390899 0.0192642 4.0091885 3.9849011 0.0459490 3.7822914 4.5600478 5.3164429 0.0000010 0.0000000 0.0390899 0.0425740 0.0460369 0.8707824 4.6981281 0.8707824 0.0476650 0.0426894 0.0327482 4.7589733 0.0425740 0.0327482 0.0498018 
18_28      3.9601261 0.0355399 4.5652286 0.0127732 0.0095461 0.0000010 0.0289514 4.0036717 4.0818239 0.0095461 3.8226615 4.6018735 5.2886562 0.0390899 0.0390899 0.0000000 0.0063500 0.0390505 0.8784035 4.7756150 0.8784035 0.0092554 0.0355399 0.0138501 4.9739396 0.0063500 0.0138501 0.0427121 
22_24      4.0012473 0.0389771 4.5821856 0.0063655 0.0031708 0.0063500 0.0323391 4.0258474 4.0967615 0.0031708 3.8514814 4.6483868 5.2414430 0.0425740 0.0425740 0.0063500 0.0000000 0.0425306 0.8779795 4.7965629 0.8779795 0.0000010 0.0389771 0.0233376 4.9292166 0.0000010 0.0233376 0.0462447 
23_27      3.9487104 0.0061638 4.7084504 0.0425168 0.0459019 0.0390505 0.0459587 4.0885845 3.9742004 0.0459019 3.9149779 4.5773019 5.4080820 0.0460369 0.0460369 0.0390505 0.0425306 0.0000000 0.9405185 4.7006815 0.9405185 0.0380833 0.0061638 0.0429601 4.8953116 0.0425306 0.0429601 0.0030643 
24_72      4.7296506 0.9402900 4.7500112 0.8966922 0.8744360 0.8784035 0.8757715 5.0712626 4.6900386 0.8744360 5.2476857 4.9993902 5.4802741 0.8707824 0.8707824 0.8784035 0.8779795 0.9405185 0.0000000 5.0347222 0.0000010 0.9267682 0.9402900 0.9101513 5.2956222 0.8779795 0.9101513 0.9430397 
25_23      2.1573755 4.7450454 1.4071267 4.8474293 4.7965629 4.7756150 4.7528142 2.0888628 2.2243478 4.7965629 2.0234428 0.5728180 2.2433322 4.6981281 4.6981281 4.7756150 4.7965629 4.7006815 5.0347222 0.0000000 5.0347222 4.6512505 4.7450454 4.5979360 1.4592819 4.7965629 4.5979360 4.7229467 
26_73      4.7296506 0.9402900 4.7500112 0.8966922 0.8744360 0.8784035 0.8757715 5.0712626 4.6900386 0.8744360 5.2476857 4.9993902 5.4802741 0.8707824 0.8707824 0.8784035 0.8779795 0.9405185 0.0000010 5.0347222 0.0000000 0.9267682 0.9402900 0.9101513 5.2956222 0.8779795 0.9101513 0.9430397 
27_79      3.8293989 0.0329741 4.1964597 0.0000010 0.0046204 0.0092554 0.0376622 4.0963906 4.0721820 0.0046204 3.5554840 4.2500868 5.1349912 0.0476650 0.0476650 0.0092554 0.0000010 0.0380833 0.9267682 4.6512505 0.9267682 0.0000000 0.0329741 0.0233376 4.7272637 0.0000010 0.0233376 0.0434500 
28_27      3.9425025 0.0000010 4.6837017 0.0389644 0.0423172 0.0355399 0.0389136 4.0679587 3.9678936 0.0423172 3.8496988 4.6124539 5.3821724 0.0426894 0.0426894 0.0355399 0.0389771 0.0061638 0.9402900 4.7450454 0.9402900 0.0329741 0.0000000 0.0328224 4.8720442 0.0389771 0.0328224 0.0093317 
30_28      3.7448132 0.0328224 4.2143424 0.0233376 0.0280950 0.0138501 0.0184904 4.1509560 4.0137869 0.0280950 3.5142670 4.1958953 5.2027021 0.0327482 0.0327482 0.0138501 0.0233376 0.0429601 0.9101513 4.5979360 0.9101513 0.0233376 0.0328224 0.0000000 4.7885802 0.0233376 0.0000010 0.0484080 
31_66      2.3849191 4.8720442 0.4254734 4.9820412 4.9970417 4.9739396 4.8556455 2.5527987 2.3879521 4.9970417 2.2688027 1.6659177 2.4098424 4.7589733 4.7589733 4.9739396 4.9292166 4.8953116 5.2956222 1.4592819 5.2956222 4.7272637 4.8720442 4.7885802 0.0000000 4.9292166 4.7885802 4.9594788 
34_50      4.0012473 0.0389771 4.5821856 0.0063655 0.0031708 0.0063500 0.0323391 4.0258474 4.0967615 0.0031708 3.8514814 4.6483868 5.2414430 0.0425740 0.0425740 0.0063500 0.0000010 0.0425306 0.8779795 4.7965629 0.8779795 0.0000010 0.0389771 0.0233376 4.9292166 0.0000000 0.0233376 0.0462447 
35_103     3.7448132 0.0328224 4.2143424 0.0233376 0.0280950 0.0138501 0.0184904 4.1509560 4.0137869 0.0280950 3.5142670 4.1958953 5.2027021 0.0327482 0.0327482 0.0138501 0.0233376 0.0429601 0.9101513 4.5979360 0.9101513 0.0233376 0.0328224 0.0000010 4.7885802 0.0233376 0.0000000 0.0484080 
43_25      3.9811701 0.0093317 4.7709464 0.0462296 0.0496556 0.0427121 0.0497175 4.1434368 4.0067688 0.0496556 3.9673986 4.5962026 5.5422706 0.0498018 0.0498018 0.0427121 0.0462447 0.0030643 0.9430397 4.7229467 0.9430397 0.0434500 0.0093317 0.0484080 4.9594788 0.0462447 0.0484080 0.0000000 
