9
1_50       0.0000000 0.1097968 0.1086889 0.1097968 0.1086889 0.0534825 0.0354819 0.0354819 0.0000010 
3_50       0.1097968 0.0000000 0.0351681 0.0000010 0.0351681 0.0900657 0.0716906 0.0716906 0.1097968 
4_54       0.1086889 0.0351681 0.0000000 0.0351681 0.0000010 0.0891778 0.0709934 0.0709934 0.1086889 
5_49       0.1097968 0.0000010 0.0351681 0.0000000 0.0351681 0.0900657 0.0716906 0.0716906 0.1097968 
6_24       0.1086889 0.0351681 0.0000010 0.0351681 0.0000000 0.0891778 0.0709934 0.0709934 0.1086889 
7_49       0.0534825 0.0900657 0.0891778 0.0900657 0.0891778 0.0000000 0.0174739 0.0174739 0.0534825 
16_50      0.0354819 0.0716906 0.0709934 0.0716906 0.0709934 0.0174739 0.0000000 0.0000010 0.0354819 
17_50      0.0354819 0.0716906 0.0709934 0.0716906 0.0709934 0.0174739 0.0000010 0.0000000 0.0354819 
21_48      0.0000010 0.1097968 0.1086889 0.1097968 0.1086889 0.0534825 0.0354819 0.0354819 0.0000000 
