36
0_131      0.0000000 2.5628833 2.7271409 2.6557472 4.7388016 2.5768809 2.5952560 2.4612720 2.5613556 2.2442489 0.7973821 2.6089633 2.2746482 2.5952560 2.4595841 2.6981460 2.0495070 2.5662123 2.5662123 2.5786056 2.5786056 2.5628833 2.5442544 2.5339480 2.2998206 2.5339480 2.5442544 2.5649915 2.6492250 2.5794338 2.4866428 2.4866428 2.5649915 2.5329674 2.5952560 2.5573809 
1_77       2.5628833 0.0000000 2.3156393 0.0591543 0.7311891 0.0454500 0.0402852 0.0424846 0.0517759 2.8064792 2.6439036 0.0456681 2.7361302 0.0402852 2.0520379 2.7537296 2.2780510 0.0561047 0.0561047 0.0361018 0.0361018 0.0000010 0.0081228 1.1551396 2.0122313 1.1551396 0.0081228 0.0433342 2.1744250 1.1654637 0.0440051 0.0455559 0.0433342 1.1569789 0.0413503 0.0433474 
2_50       2.7271409 2.3156393 0.0000000 2.3621339 2.8340764 2.3029076 2.3160961 2.3152575 2.2909610 3.0041172 2.7331153 2.3200622 2.9763418 2.3160961 1.7116370 3.0629557 2.0700863 2.2977754 2.2977754 2.3272175 2.3272175 2.3156393 2.3089027 2.3044722 1.6837970 2.3044722 2.3089027 2.3112798 0.6811802 2.3316125 2.2963709 2.2994143 2.3112798 2.3055959 2.3160961 2.3044527 
3_77       2.6557472 0.0591543 2.3621339 0.0000000 1.0188651 0.0430762 0.0429697 0.0607420 0.0842109 2.8705700 2.7888420 0.0397075 2.8046687 0.0429697 2.1091097 2.8461100 2.3605973 0.0877043 0.0877043 0.0494088 0.0494088 0.0591543 0.0635674 1.2219767 2.0661130 1.2219767 0.0635674 0.0601262 2.2269201 1.2385120 0.0558859 0.0574805 0.0601262 1.2239330 0.0440523 0.0623034 
4_82       4.7388016 0.7311891 2.8340764 1.0188651 0.0000000 0.0000010 0.7981413 0.7929538 0.7507655 3.1645249 4.3661600 0.7981413 2.9503765 0.7981413 3.5137089 3.4415598 4.0727017 0.7789804 0.7789804 0.7762747 0.7762747 0.7311891 0.7309834 1.9671072 3.2023578 1.9671072 0.7309834 0.7762747 3.0501770 1.9671072 0.8153899 0.8153899 0.7762747 1.9671072 0.7981413 0.7762747 
4_83       2.5768809 0.0454500 2.3029076 0.0430762 0.0000010 0.0000000 0.0350309 0.0793077 0.0737221 3.3083363 2.8920437 0.0455166 2.8466251 0.0350309 2.0058360 2.9316478 2.5014863 0.0763939 0.0763939 0.0249242 0.0249242 0.0454500 0.0480001 1.1815741 1.9455042 1.1815741 0.0480001 0.0605932 2.1828538 1.1848042 0.0793077 0.0793077 0.0605932 1.1815741 0.0350309 0.0658171 
5_75       2.5952560 0.0402852 2.3160961 0.0429697 0.7981413 0.0350309 0.0000000 0.0089408 0.0475649 2.7625053 2.6845319 0.0050805 2.7148816 0.0000010 2.0442384 2.7855656 2.3181815 0.0561371 0.0561371 0.0101575 0.0101575 0.0402852 0.0382012 1.1689465 1.9888791 1.1689465 0.0382012 0.0203829 2.1701127 1.1808024 0.0014843 0.0000010 0.0203829 1.1708067 0.0010112 0.0224450 
6_0        2.4612720 0.0424846 2.3152575 0.0607420 0.7929538 0.0793077 0.0089408 0.0000000 0.0409908 2.6195572 2.4798473 0.0104382 2.6815486 0.0089408 1.9951208 2.8155874 2.2327414 0.0488040 0.0488040 0.0000010 0.0000010 0.0424846 0.0394377 1.1110501 1.9469246 1.1110501 0.0394377 0.0000010 2.1567947 1.1223200 0.0074453 0.0089408 0.0000010 1.1136437 0.0104427 0.0014856 
7_72       2.5613556 0.0517759 2.2909610 0.0842109 0.7507655 0.0737221 0.0475649 0.0409908 0.0000000 2.7767739 2.6482895 0.0529889 2.7148890 0.0475649 2.0294136 2.8058313 2.3121709 0.0402340 0.0402340 0.0465593 0.0465593 0.0517759 0.0475990 1.1662827 1.9942994 1.1662827 0.0475990 0.0318598 2.1671061 1.1778449 0.0409375 0.0424848 0.0318598 1.1681419 0.0486369 0.0318620 
8_24       2.2442489 2.8064792 3.0041172 2.8705700 3.1645249 3.3083363 2.7625053 2.6195572 2.7767739 0.0000000 2.3474023 2.7504067 0.8166453 2.7625053 2.5528886 2.6571599 2.3049684 2.7723457 2.7723457 2.7826185 2.7826185 2.8064792 2.7918852 2.9031820 2.5444918 2.9031820 2.7918852 2.7677230 2.9716147 2.8376493 2.6160516 2.6168504 2.7677230 2.9057177 2.7625053 2.7641693 
9_120      0.7973821 2.6439036 2.7331153 2.7888420 4.3661600 2.8920437 2.6845319 2.4798473 2.6482895 2.3474023 0.0000000 2.6910578 2.3724304 2.6845319 2.6111743 2.7636562 2.1830362 2.6715368 2.6715368 2.7007115 2.7007115 2.6439036 2.6446924 2.6426161 2.5069673 2.6426161 2.6446924 2.6780845 2.8061473 2.6832696 2.4810762 2.4810762 2.6780845 2.6415865 2.6845319 2.6691665 
10_75      2.6089633 0.0456681 2.3200622 0.0397075 0.7981413 0.0455166 0.0050805 0.0104382 0.0529889 2.7504067 2.6910578 0.0000000 2.7135180 0.0050805 2.0504841 2.7803943 2.3156460 0.0616317 0.0616317 0.0153082 0.0153082 0.0456681 0.0435716 1.1896729 2.0023384 1.1896729 0.0435716 0.0255995 2.1672310 1.2031723 0.0029706 0.0014845 0.0255995 1.1915673 0.0061012 0.0276770 
11_71      2.2746482 2.7361302 2.9763418 2.8046687 2.9503765 2.8466251 2.7148816 2.6815486 2.7148890 0.8166453 2.3724304 2.7135180 0.0000000 2.7148816 2.5953833 2.7305764 2.4812658 2.7051053 2.7051053 2.7193614 2.7193614 2.7361302 2.7199056 2.7367739 2.5128930 2.7367739 2.7199056 2.7015987 3.0470195 2.6555678 2.6850277 2.6879127 2.7015987 2.7359436 2.7148816 2.6982671 
12_71      2.5952560 0.0402852 2.3160961 0.0429697 0.7981413 0.0350309 0.0000010 0.0089408 0.0475649 2.7625053 2.6845319 0.0050805 2.7148816 0.0000000 2.0442384 2.7855656 2.3181815 0.0561371 0.0561371 0.0101575 0.0101575 0.0402852 0.0382012 1.1689465 1.9888791 1.1689465 0.0382012 0.0203829 2.1701127 1.1808024 0.0014843 0.0000010 0.0203829 1.1708067 0.0010112 0.0224450 
13_92      2.4595841 2.0520379 1.7116370 2.1091097 3.5137089 2.0058360 2.0442384 1.9951208 2.0294136 2.5528886 2.6111743 2.0504841 2.5953833 2.0442384 0.0000000 2.9688806 1.6773453 2.0509862 2.0509862 2.0392820 2.0392820 2.0520379 2.0560848 1.9822967 0.5258992 1.9822967 2.0560848 2.0247919 1.7815077 2.0254886 2.0023294 2.0023294 2.0247919 1.9826588 2.0442384 2.0167488 
14_39      2.6981460 2.7537296 3.0629557 2.8461100 3.4415598 2.9316478 2.7855656 2.8155874 2.8058313 2.6571599 2.7636562 2.7803943 2.7305764 2.7855656 2.9688806 0.0000000 2.6478566 2.7791238 2.7791238 2.7919889 2.7919889 2.7537296 2.7473002 3.3454456 2.8253197 3.3454456 2.7473002 2.7751627 3.0315717 3.3173874 2.7970562 2.8005869 2.7751627 3.3472021 2.7855656 2.7952410 
15_9       2.0495070 2.2780510 2.0700863 2.3605973 4.0727017 2.5014863 2.3181815 2.2327414 2.3121709 2.3049684 2.1830362 2.3156460 2.4812658 2.3181815 1.6773453 2.6478566 0.0000000 2.2775802 2.2775802 2.3142766 2.3142766 2.2780510 2.2785246 2.2877800 1.6636271 2.2877800 2.2785246 2.3070441 2.1363816 2.2814980 2.2369264 2.2369264 2.3070441 2.2888860 2.3181815 2.3034013 
16_72      2.5662123 0.0561047 2.2977754 0.0877043 0.7789804 0.0763939 0.0561371 0.0488040 0.0402340 2.7723457 2.6715368 0.0616317 2.7051053 0.0561371 2.0509862 2.7791238 2.2775802 0.0000000 0.0000010 0.0540404 0.0540404 0.0561047 0.0519107 1.1661145 2.0012226 1.1661145 0.0519107 0.0465683 2.1667099 1.1741077 0.0503326 0.0518959 0.0465683 1.1679732 0.0572216 0.0476296 
17_72      2.5662123 0.0561047 2.2977754 0.0877043 0.7789804 0.0763939 0.0561371 0.0488040 0.0402340 2.7723457 2.6715368 0.0616317 2.7051053 0.0561371 2.0509862 2.7791238 2.2775802 0.0000010 0.0000000 0.0540404 0.0540404 0.0561047 0.0519107 1.1661145 2.0012226 1.1661145 0.0519107 0.0465683 2.1667099 1.1741077 0.0503326 0.0518959 0.0465683 1.1679732 0.0572216 0.0476296 
18_75      2.5786056 0.0361018 2.3272175 0.0494088 0.7762747 0.0249242 0.0101575 0.0000010 0.0465593 2.7826185 2.7007115 0.0153082 2.7193614 0.0101575 2.0392820 2.7919889 2.3142766 0.0540404 0.0540404 0.0000000 0.0000010 0.0361018 0.0361245 1.1635497 1.9795563 1.1635497 0.0361245 0.0142328 2.1810338 1.1749977 0.0074453 0.0089408 0.0142328 1.1654033 0.0111818 0.0162833 
19_72      2.5786056 0.0361018 2.3272175 0.0494088 0.7762747 0.0249242 0.0101575 0.0000010 0.0465593 2.7826185 2.7007115 0.0153082 2.7193614 0.0101575 2.0392820 2.7919889 2.3142766 0.0540404 0.0540404 0.0000010 0.0000000 0.0361018 0.0361245 1.1635497 1.9795563 1.1635497 0.0361245 0.0142328 2.1810338 1.1749977 0.0074453 0.0089408 0.0142328 1.1654033 0.0111818 0.0162833 
21_74      2.5628833 0.0000010 2.3156393 0.0591543 0.7311891 0.0454500 0.0402852 0.0424846 0.0517759 2.8064792 2.6439036 0.0456681 2.7361302 0.0402852 2.0520379 2.7537296 2.2780510 0.0561047 0.0561047 0.0361018 0.0361018 0.0000000 0.0081228 1.1551396 2.0122313 1.1551396 0.0081228 0.0433342 2.1744250 1.1654637 0.0440051 0.0455559 0.0433342 1.1569789 0.0413503 0.0433474 
23_77      2.5442544 0.0081228 2.3089027 0.0635674 0.7309834 0.0480001 0.0382012 0.0394377 0.0475990 2.7918852 2.6446924 0.0435716 2.7199056 0.0382012 2.0560848 2.7473002 2.2785246 0.0519107 0.0519107 0.0361245 0.0361245 0.0081228 0.0000000 1.1494080 2.0070362 1.1494080 0.0000010 0.0412508 2.1786114 1.1596687 0.0409576 0.0425057 0.0412508 1.1512414 0.0392642 0.0412634 
24_114     2.5339480 1.1551396 2.3044722 1.2219767 1.9671072 1.1815741 1.1689465 1.1110501 1.1662827 2.9031820 2.6426161 1.1896729 2.7367739 1.1689465 1.9822967 3.3454456 2.2877800 1.1661145 1.1661145 1.1635497 1.1635497 1.1551396 1.1494080 0.0000000 2.0588503 0.0000010 1.1494080 1.1569108 2.2197998 0.0077375 1.1151062 1.1160118 1.1569108 0.0010233 1.1689465 1.1587414 
25_141     2.2998206 2.0122313 1.6837970 2.0661130 3.2023578 1.9455042 1.9888791 1.9469246 1.9942994 2.5444918 2.5069673 2.0023384 2.5128930 1.9888791 0.5258992 2.8253197 1.6636271 2.0012226 2.0012226 1.9795563 1.9795563 2.0122313 2.0070362 2.0588503 0.0000000 2.0588503 2.0070362 1.9820608 1.7441186 2.0682328 1.9530015 1.9530015 1.9820608 2.0583531 1.9888791 1.9854712 
26_115     2.5339480 1.1551396 2.3044722 1.2219767 1.9671072 1.1815741 1.1689465 1.1110501 1.1662827 2.9031820 2.6426161 1.1896729 2.7367739 1.1689465 1.9822967 3.3454456 2.2877800 1.1661145 1.1661145 1.1635497 1.1635497 1.1551396 1.1494080 0.0000010 2.0588503 0.0000000 1.1494080 1.1569108 2.2197998 0.0077375 1.1151062 1.1160118 1.1569108 0.0010233 1.1689465 1.1587414 
29_79      2.5442544 0.0081228 2.3089027 0.0635674 0.7309834 0.0480001 0.0382012 0.0394377 0.0475990 2.7918852 2.6446924 0.0435716 2.7199056 0.0382012 2.0560848 2.7473002 2.2785246 0.0519107 0.0519107 0.0361245 0.0361245 0.0081228 0.0000010 1.1494080 2.0070362 1.1494080 0.0000000 0.0412508 2.1786114 1.1596687 0.0409576 0.0425057 0.0412508 1.1512414 0.0392642 0.0412634 
30_76      2.5649915 0.0433342 2.3112798 0.0601262 0.7762747 0.0605932 0.0203829 0.0000010 0.0318598 2.7677230 2.6780845 0.0255995 2.7015987 0.0203829 2.0247919 2.7751627 2.3070441 0.0465683 0.0465683 0.0142328 0.0142328 0.0433342 0.0412508 1.1569108 1.9820608 1.1569108 0.0412508 0.0000000 2.1853407 1.1678609 0.0074453 0.0089408 0.0000010 1.1587567 0.0214185 0.0060761 
31_41      2.6492250 2.1744250 0.6811802 2.2269201 3.0501770 2.1828538 2.1701127 2.1567947 2.1671061 2.9716147 2.8061473 2.1672310 3.0470195 2.1701127 1.7815077 3.0315717 2.1363816 2.1667099 2.1667099 2.1810338 2.1810338 2.1744250 2.1786114 2.2197998 1.7441186 2.2197998 2.1786114 2.1853407 0.0000000 2.2161781 2.1312070 2.1339765 2.1853407 2.2208917 2.1701127 2.1760421 
32_96      2.5794338 1.1654637 2.3316125 1.2385120 1.9671072 1.1848042 1.1808024 1.1223200 1.1778449 2.8376493 2.6832696 1.2031723 2.6555678 1.1808024 2.0254886 3.3173874 2.2814980 1.1741077 1.1741077 1.1749977 1.1749977 1.1654637 1.1596687 0.0077375 2.0682328 0.0077375 1.1596687 1.1678609 2.2161781 0.0000000 1.1268291 1.1278362 1.1678609 0.0066308 1.1808024 1.1698291 
33_0       2.4866428 0.0440051 2.2963709 0.0558859 0.8153899 0.0793077 0.0014843 0.0074453 0.0409375 2.6160516 2.4810762 0.0029706 2.6850277 0.0014843 2.0023294 2.7970562 2.2369264 0.0503326 0.0503326 0.0074453 0.0074453 0.0440051 0.0409576 1.1151062 1.9530015 1.1151062 0.0409576 0.0074453 2.1312070 1.1268291 0.0000000 0.0014843 0.0074453 1.1177077 0.0029719 0.0089425 
34_0       2.4866428 0.0455559 2.2994143 0.0574805 0.8153899 0.0793077 0.0000010 0.0089408 0.0424848 2.6168504 2.4810762 0.0014845 2.6879127 0.0000010 2.0023294 2.8005869 2.2369264 0.0518959 0.0518959 0.0089408 0.0089408 0.0455559 0.0425057 1.1160118 1.9530015 1.1160118 0.0425057 0.0089408 2.1339765 1.1278362 0.0014843 0.0000000 0.0089408 1.1186151 0.0014852 0.0104404 
35_77      2.5649915 0.0433342 2.3112798 0.0601262 0.7762747 0.0605932 0.0203829 0.0000010 0.0318598 2.7677230 2.6780845 0.0255995 2.7015987 0.0203829 2.0247919 2.7751627 2.3070441 0.0465683 0.0465683 0.0142328 0.0142328 0.0433342 0.0412508 1.1569108 1.9820608 1.1569108 0.0412508 0.0000010 2.1853407 1.1678609 0.0074453 0.0089408 0.0000000 1.1587567 0.0214185 0.0060761 
39_20      2.5329674 1.1569789 2.3055959 1.2239330 1.9671072 1.1815741 1.1708067 1.1136437 1.1681419 2.9057177 2.6415865 1.1915673 2.7359436 1.1708067 1.9826588 3.3472021 2.2888860 1.1679732 1.1679732 1.1654033 1.1654033 1.1569789 1.1512414 0.0010233 2.0583531 0.0010233 1.1512414 1.1587567 2.2208917 0.0066308 1.1177077 1.1186151 1.1587567 0.0000000 1.1708067 1.1605895 
41_74      2.5952560 0.0413503 2.3160961 0.0440523 0.7981413 0.0350309 0.0010112 0.0104427 0.0486369 2.7625053 2.6845319 0.0061012 2.7148816 0.0010112 2.0442384 2.7855656 2.3181815 0.0572216 0.0572216 0.0111818 0.0111818 0.0413503 0.0392642 1.1689465 1.9888791 1.1689465 0.0392642 0.0214185 2.1701127 1.1808024 0.0029719 0.0014852 0.0214185 1.1708067 0.0000000 0.0234834 
44_72      2.5573809 0.0433474 2.3044527 0.0623034 0.7762747 0.0658171 0.0224450 0.0014856 0.0318620 2.7641693 2.6691665 0.0276770 2.6982671 0.0224450 2.0167488 2.7952410 2.3034013 0.0476296 0.0476296 0.0162833 0.0162833 0.0433474 0.0412634 1.1587414 1.9854712 1.1587414 0.0412634 0.0060761 2.1760421 1.1698291 0.0089425 0.0104404 0.0060761 1.1605895 0.0234834 0.0000000 
