6
2_4        0.0000000 3.4060540 3.5331176 1.9313038 1.9556225 0.5737938 
8_170      3.4060540 0.0000000 0.4940965 3.1989853 3.2410264 3.0143822 
11_16      3.5331176 0.4940965 0.0000000 3.1056574 2.9951911 3.0013118 
13_65      1.9313038 3.1989853 3.1056574 0.0000000 0.4726293 1.9858429 
25_27      1.9556225 3.2410264 2.9951911 0.4726293 0.0000000 2.1006685 
31_25      0.5737938 3.0143822 3.0013118 1.9858429 2.1006685 0.0000000 
