17
1_19       0.0000000 0.1345363 0.0000010 0.1345363 0.1265457 0.1001002 0.1345363 0.1345363 0.1335213 0.1245548 0.1265457 0.0367512 1.3683666 1.3683666 0.0367512 0.1089929 0.0367512 
3_18       0.1345363 0.0000000 0.1345363 0.0000010 0.0362227 0.0798234 0.0000010 0.0000010 0.0989374 0.0886557 0.0362227 0.0928126 1.3721316 1.3721316 0.1015232 0.0995009 0.0928126 
4_19       0.0000010 0.1345363 0.0000000 0.1345363 0.1265457 0.1001002 0.1345363 0.1345363 0.1335213 0.1245548 0.1265457 0.0367512 1.3683666 1.3683666 0.0367512 0.1089929 0.0367512 
5_19       0.1345363 0.0000010 0.1345363 0.0000000 0.0362227 0.0808195 0.0000010 0.0000010 0.0897710 0.0794327 0.0362227 0.0938950 1.3721316 1.3721316 0.1027010 0.1007372 0.0938950 
6_54       0.1265457 0.0362227 0.1265457 0.0362227 0.0000000 0.0688393 0.0362227 0.0362227 0.0899149 0.0795589 0.0000010 0.1056476 1.3237237 1.3237237 0.1145566 0.0883751 0.1056476 
7_19       0.1001002 0.0798234 0.1001002 0.0808195 0.0688393 0.0000000 0.0798234 0.0808195 0.0490419 0.0590601 0.0688393 0.0779878 1.3488747 1.3488747 0.0779878 0.0000010 0.0779878 
10_18      0.1345363 0.0000010 0.1345363 0.0000010 0.0362227 0.0798234 0.0000000 0.0000010 0.0989374 0.0886557 0.0362227 0.0928126 1.3721316 1.3721316 0.1015232 0.0995009 0.0928126 
12_19      0.1345363 0.0000010 0.1345363 0.0000010 0.0362227 0.0808195 0.0000010 0.0000000 0.0897710 0.0794327 0.0362227 0.0938950 1.3721316 1.3721316 0.1027010 0.1007372 0.0938950 
16_20      0.1335213 0.0989374 0.1335213 0.0897710 0.0899149 0.0490419 0.0989374 0.0897710 0.0000000 0.0091867 0.0899149 0.1204504 1.3843261 1.3843261 0.1189656 0.0478815 0.1204504 
17_20      0.1245548 0.0886557 0.1245548 0.0794327 0.0795589 0.0590601 0.0886557 0.0794327 0.0091867 0.0000000 0.0795589 0.1115583 1.3738761 1.3738761 0.1101696 0.0583508 0.1115583 
18_19      0.1265457 0.0362227 0.1265457 0.0362227 0.0000010 0.0688393 0.0362227 0.0362227 0.0899149 0.0795589 0.0000000 0.1056476 1.3237237 1.3237237 0.1145566 0.0883751 0.1056476 
23_19      0.0367512 0.0928126 0.0367512 0.0938950 0.1056476 0.0779878 0.0928126 0.0938950 0.1204504 0.1115583 0.1056476 0.0000000 1.3917797 1.3917797 0.0000010 0.0868655 0.0000010 
24_91      1.3683666 1.3721316 1.3683666 1.3721316 1.3237237 1.3488747 1.3721316 1.3721316 1.3843261 1.3738761 1.3237237 1.3917797 0.0000000 0.0000010 1.3917797 1.3593353 1.3917797 
26_92      1.3683666 1.3721316 1.3683666 1.3721316 1.3237237 1.3488747 1.3721316 1.3721316 1.3843261 1.3738761 1.3237237 1.3917797 0.0000010 0.0000000 1.3917797 1.3593353 1.3917797 
29_19      0.0367512 0.1015232 0.0367512 0.1027010 0.1145566 0.0779878 0.1015232 0.1027010 0.1189656 0.1101696 0.1145566 0.0000010 1.3917797 1.3917797 0.0000000 0.0858371 0.0000010 
34_55      0.1089929 0.0995009 0.1089929 0.1007372 0.0883751 0.0000010 0.0995009 0.1007372 0.0478815 0.0583508 0.0883751 0.0868655 1.3593353 1.3593353 0.0858371 0.0000000 0.0868655 
43_19      0.0367512 0.0928126 0.0367512 0.0938950 0.1056476 0.0779878 0.0928126 0.0938950 0.1204504 0.1115583 0.1056476 0.0000010 1.3917797 1.3917797 0.0000010 0.0868655 0.0000000 
