13
MK689686_Megalocytivirus_pagrus1_RSIV     0.0000000 0.0105821 0.0646880 0.0319177 0.0646880 0.0535202 0.0319177 0.0757785 0.0000010 0.0105821 0.0757785 0.0212126 0.0535202 
ON075463_Megalocytivirus_pagrus1_RSIV     0.0105821 0.0000000 0.0757618 0.0211547 0.0757618 0.0425661 0.0211547 0.0869432 0.0105821 0.0000010 0.0869432 0.0319387 0.0425661 
23043610005_Megalocytivirus_pagrus1_ISKNV 0.0646880 0.0757618 0.0000000 0.0538458 0.0000010 0.0758530 0.0538458 0.0105675 0.0646880 0.0757618 0.0105675 0.0428176 0.0758530 
ON740976_Megalocytivirus_pagrus1_RSIV     0.0319177 0.0211547 0.0538458 0.0000000 0.0538458 0.0211785 0.0000010 0.0648818 0.0319177 0.0211547 0.0648818 0.0319467 0.0211785 
MW883603_Megalocytivirus_pagrus1_ISKNV    0.0646880 0.0757618 0.0000010 0.0538458 0.0000000 0.0758530 0.0538458 0.0105675 0.0646880 0.0757618 0.0105675 0.0428176 0.0758530 
MG570131_Megalocytivirus_pagrus1_TRBIV    0.0535202 0.0425661 0.0758530 0.0211785 0.0758530 0.0000000 0.0211785 0.0870492 0.0535202 0.0425661 0.0870492 0.0535695 0.0000010 
MK098185_Megalocytivirus_pagrus1_RSIV     0.0319177 0.0211547 0.0538458 0.0000010 0.0538458 0.0211785 0.0000000 0.0648818 0.0319177 0.0211547 0.0648818 0.0319467 0.0211785 
OP009387_Megalocytivirus_pagrus1_ISKNV    0.0757785 0.0869432 0.0105675 0.0648818 0.0105675 0.0870492 0.0648818 0.0000000 0.0757785 0.0869432 0.0000010 0.0537387 0.0870492 
ON743042_Megalocytivirus_pagrus1_RSIV     0.0000010 0.0105821 0.0646880 0.0319177 0.0646880 0.0535202 0.0319177 0.0757785 0.0000000 0.0105821 0.0757785 0.0212126 0.0535202 
KC244182_Megalocytivirus_pagrus1_RSIV     0.0105821 0.0000010 0.0757618 0.0211547 0.0757618 0.0425661 0.0211547 0.0869432 0.0105821 0.0000000 0.0869432 0.0319387 0.0425661 
MN432490_Megalocytivirus_pagrus1_ISKNV    0.0757785 0.0869432 0.0105675 0.0648818 0.0105675 0.0870492 0.0648818 0.0000010 0.0757785 0.0869432 0.0000000 0.0537387 0.0870492 
MW883598_Megalocytivirus_pagrus1_RSIV     0.0212126 0.0319387 0.0428176 0.0319467 0.0428176 0.0535695 0.0319467 0.0537387 0.0212126 0.0319387 0.0537387 0.0000000 0.0535695 
MG570132_Megalocytivirus_pagrus1_TRBIV    0.0535202 0.0425661 0.0758530 0.0211785 0.0758530 0.0000010 0.0211785 0.0870492 0.0535202 0.0425661 0.0870492 0.0535695 0.0000000 
