28
PP151097_Megalocytivirus_pagrus1_ISKNV                   0.0000000 0.0128491 0.0128491 0.0021272 0.0021272 0.0042649 1.1517066 0.4183642 1.3849455 0.0195368 0.0042649 0.0172232 0.9894183 0.0172232 0.0000010 0.1631390 1.1014833 1.1570742 0.4183642 1.1309564 1.1174792 0.0150163 0.0195274 1.0110236 0.0150334 1.5895532 1.2092467 0.0195274 
ON075463_Megalocytivirus_pagrus1_RSIV                    0.0128491 0.0000000 0.0000010 0.0128651 0.0128651 0.0150469 1.1518974 0.4122305 1.3864068 0.0195770 0.0150469 0.0042818 0.9998136 0.0042818 0.0128491 0.1657635 1.0995811 1.1704982 0.4122305 1.1335183 1.1169884 0.0021331 0.0239722 1.0150685 0.0085827 1.5746863 1.2207980 0.0239722 
MT798582_Megalocytivirus_pagrus1_RSIV                    0.0128491 0.0000010 0.0000000 0.0128651 0.0128651 0.0150469 1.1518974 0.4122305 1.3864068 0.0195770 0.0150469 0.0042818 0.9998136 0.0042818 0.0128491 0.1657635 1.0995811 1.1704982 0.4122305 1.1335183 1.1169884 0.0021331 0.0239722 1.0150685 0.0085827 1.5746863 1.2207980 0.0239722 
AF371960_Megalocytivirus_pagrus1_ISKNV                   0.0021272 0.0128651 0.0128651 0.0000000 0.0000010 0.0021298 1.1537549 0.4190442 1.3837039 0.0195613 0.0021298 0.0172447 0.9958685 0.0172447 0.0021272 0.1633725 1.1007652 1.1564917 0.4190442 1.1383405 1.1104395 0.0150350 0.0195519 1.0096335 0.0150521 1.5927406 1.2076605 0.0195519 
OR670976_Megalocytivirus_pagrus1_ISKNV                   0.0021272 0.0128651 0.0128651 0.0000010 0.0000000 0.0021298 1.1537549 0.4190442 1.3837039 0.0195613 0.0021298 0.0172447 0.9958685 0.0172447 0.0021272 0.1633725 1.1007652 1.1564917 0.4190442 1.1383405 1.1104395 0.0150350 0.0195519 1.0096335 0.0150521 1.5927406 1.2076605 0.0195519 
MW273354_Megalocytivirus_pagrus1_ISKNV                   0.0042649 0.0150469 0.0150469 0.0021298 0.0021298 0.0000000 1.1569108 0.4233459 1.3767003 0.0194603 0.0000010 0.0194490 1.0038308 0.0194490 0.0042649 0.1638112 1.0992633 1.1549559 0.4233459 1.1474237 1.1191931 0.0172261 0.0194509 1.0124322 0.0172455 1.5848269 1.2052355 0.0194509 
KF938901_Chloriridovirus_anopheles1_n/a                  1.1517066 1.1518974 1.1518974 1.1537549 1.1537549 1.1569108 0.0000000 1.1342272 0.6582359 1.1526088 1.1569108 1.1499860 0.9016039 1.1499860 1.1517066 1.1515352 0.4134368 0.4305629 1.1342272 0.2051793 1.2383270 1.1472828 1.1635639 0.9163464 1.1473001 1.0635250 1.2586283 1.1635639 
OM037668_Megalocytivirus_lates1_SDDV                     0.4183642 0.4122305 0.4122305 0.4190442 0.4190442 0.4233459 1.1342272 0.0000000 1.3595170 0.4294522 0.4233459 0.4061789 0.9254915 0.4061789 0.4183642 0.4573990 1.1022888 1.1677560 0.0000010 1.1400430 1.1122378 0.4161624 0.4269144 0.9379872 0.4102793 1.5798770 1.2003252 0.4269144 
LS484712_Daphniairidovirus_daphnia1_n/a                  1.3849455 1.3864068 1.3864068 1.3837039 1.3837039 1.3767003 0.6582359 1.3595170 0.0000000 1.3865568 1.3767003 1.3765569 1.1167405 1.3765569 1.3849455 1.3487991 0.7812330 0.8264555 1.3595170 0.7069824 1.3542873 1.3808610 1.3908829 1.1191879 1.3726885 1.1725206 1.3189637 1.3908829 
GQ273492_Megalocytivirus_pagrus1_TRBIV                   0.0195368 0.0195770 0.0195770 0.0195613 0.0195613 0.0194603 1.1526088 0.4294522 1.3865568 0.0000000 0.0194603 0.0240533 1.0162126 0.0240533 0.0195368 0.1663582 1.0958017 1.1596022 0.4294522 1.1362723 1.1319427 0.0217890 0.0128597 1.0203967 0.0196057 1.5786225 1.2198142 0.0128597 
MW883600_Megalocytivirus_pagrus1_ISKNV                   0.0042649 0.0150469 0.0150469 0.0021298 0.0021298 0.0000010 1.1569108 0.4233459 1.3767003 0.0194603 0.0000000 0.0194490 1.0038308 0.0194490 0.0042649 0.1638112 1.0992633 1.1549559 0.4233459 1.1474237 1.1191931 0.0172261 0.0194509 1.0124322 0.0172455 1.5848269 1.2052355 0.0194509 
MK098186_Megalocytivirus_pagrus1_RSIV                    0.0172232 0.0042818 0.0042818 0.0172447 0.0172447 0.0194490 1.1499860 0.4061789 1.3765569 0.0240533 0.0194490 0.0000000 0.9895986 0.0000010 0.0172232 0.1660397 1.1016433 1.1727016 0.4061789 1.1315892 1.1126946 0.0064337 0.0262684 1.0084570 0.0042621 1.5728476 1.2161029 0.0262684 
MN803438_Lymphocystivirus_micropogonias1_n/a             0.9894183 0.9998136 0.9998136 0.9958685 0.9958685 1.0038308 0.9016039 0.9254915 1.1167405 1.0162126 1.0038308 0.9895986 0.0000000 0.9895986 0.9894183 1.0563006 0.9237649 0.9947744 0.9254915 0.9263595 0.9625470 0.9994268 1.0088864 0.0620767 0.9883047 1.2713558 0.9047690 1.0088864 
MK098187_Megalocytivirus_pagrus1_RSIV                    0.0172232 0.0042818 0.0042818 0.0172447 0.0172447 0.0194490 1.1499860 0.4061789 1.3765569 0.0240533 0.0194490 0.0000010 0.9895986 0.0000000 0.0172232 0.1660397 1.1016433 1.1727016 0.4061789 1.1315892 1.1126946 0.0064337 0.0262684 1.0084570 0.0042621 1.5728476 1.2161029 0.0262684 
OP009387_Megalocytivirus_pagrus1_ISKNV                   0.0000010 0.0128491 0.0128491 0.0021272 0.0021272 0.0042649 1.1517066 0.4183642 1.3849455 0.0195368 0.0042649 0.0172232 0.9894183 0.0172232 0.0000000 0.1631390 1.1014833 1.1570742 0.4183642 1.1309564 1.1174792 0.0150163 0.0195274 1.0110236 0.0150334 1.5895532 1.2092467 0.0195274 
PQ335173_PQ335174_Threespine_stickleback_iridovirus_TSIV 0.1631390 0.1657635 0.1657635 0.1633725 0.1633725 0.1638112 1.1515352 0.4573990 1.3487991 0.1663582 0.1638112 0.1660397 1.0563006 0.1660397 0.1631390 0.0000000 1.0904770 1.1362303 0.4573990 1.1939060 1.1093992 0.1656662 0.1634269 1.0512176 0.1621305 1.5893739 1.1633073 0.1634269 
AF303741_Iridovirus_chilo1_n/a                           1.1014833 1.0995811 1.0995811 1.1007652 1.1007652 1.0992633 0.4134368 1.1022888 0.7812330 1.0958017 1.0992633 1.1016433 0.9237649 1.1016433 1.1014833 1.0904770 0.0000000 0.1549023 1.1022888 0.4446480 1.1982090 1.0901723 1.1054923 0.9041155 1.0969469 1.1698166 1.1410520 1.1054923 
HF920637_Iridovirus_armadillidium1_n/a                   1.1570742 1.1704982 1.1704982 1.1564917 1.1564917 1.1549559 0.4305629 1.1677560 0.8264555 1.1596022 1.1549559 1.1727016 0.9947744 1.1727016 1.1570742 1.1362303 0.1549023 0.0000000 1.1677560 0.4834865 1.2124313 1.1605668 1.1698067 0.9913737 1.1658790 1.1401198 1.2243357 1.1698067 
MN562489_Megalocytivirus_lates1_SDDV                     0.4183642 0.4122305 0.4122305 0.4190442 0.4190442 0.4233459 1.1342272 0.0000010 1.3595170 0.4294522 0.4233459 0.4061789 0.9254915 0.4061789 0.4183642 0.4573990 1.1022888 1.1677560 0.0000000 1.1400430 1.1122378 0.4161624 0.4269144 0.9379872 0.4102793 1.5798770 1.2003252 0.4269144 
HF920633_Chloriridovirus_simulium1_n/a                   1.1309564 1.1335183 1.1335183 1.1383405 1.1383405 1.1474237 0.2051793 1.1400430 0.7069824 1.1362723 1.1474237 1.1315892 0.9263595 1.1315892 1.1309564 1.1939060 0.4446480 0.4834865 1.1400430 0.0000000 1.2325821 1.1237612 1.1475694 0.9533874 1.1325141 1.1337984 1.2984222 1.1475694 
NC_005946_Ranavirus_rana1_n/a                            1.1174792 1.1169884 1.1169884 1.1104395 1.1104395 1.1191931 1.2383270 1.1122378 1.3542873 1.1319427 1.1191931 1.1126946 0.9625470 1.1126946 1.1174792 1.1093992 1.1982090 1.2124313 1.1122378 1.2325821 0.0000000 1.1075028 1.1325699 0.9461159 1.1091246 1.6953895 0.3463860 1.1325699 
ON743042_Megalocytivirus_pagrus1_RSIV                    0.0150163 0.0021331 0.0021331 0.0150350 0.0150350 0.0172261 1.1472828 0.4161624 1.3808610 0.0217890 0.0172261 0.0064337 0.9994268 0.0064337 0.0150163 0.1656662 1.0901723 1.1605668 0.4161624 1.1237612 1.1075028 0.0000000 0.0261960 1.0146545 0.0107466 1.5864167 1.2104274 0.0261960 
MG570131_Megalocytivirus_pagrus1_TRBIV                   0.0195274 0.0239722 0.0239722 0.0195519 0.0195519 0.0194509 1.1635639 0.4269144 1.3908829 0.0128597 0.0194509 0.0262684 1.0088864 0.0262684 0.0195274 0.1634269 1.1054923 1.1698067 0.4269144 1.1475694 1.1325699 0.0261960 0.0000000 1.0133342 0.0218076 1.5806167 1.2081767 0.0000010 
KX643370_Lymphocystivirus_sparus1_n/a                    1.0110236 1.0150685 1.0150685 1.0096335 1.0096335 1.0124322 0.9163464 0.9379872 1.1191879 1.0203967 1.0124322 1.0084570 0.0620767 1.0084570 1.0110236 1.0512176 0.9041155 0.9913737 0.9379872 0.9533874 0.9461159 1.0146545 1.0133342 0.0000000 1.0071677 1.2607621 0.8609423 1.0133342 
OQ475017_Megalocytivirus_pagrus1_RSIV                    0.0150334 0.0085827 0.0085827 0.0150521 0.0150521 0.0172455 1.1473001 0.4102793 1.3726885 0.0196057 0.0172455 0.0042621 0.9883047 0.0042621 0.0150334 0.1621305 1.0969469 1.1658790 0.4102793 1.1325141 1.1091246 0.0107466 0.0218076 1.0071677 0.0000000 1.5773509 1.2117212 0.0218076 
MF599468_Decapodiridovirus_litopenaeus1_n/a              1.5895532 1.5746863 1.5746863 1.5927406 1.5927406 1.5848269 1.0635250 1.5798770 1.1725206 1.5786225 1.5848269 1.5728476 1.2713558 1.5728476 1.5895532 1.5893739 1.1698166 1.1401198 1.5798770 1.1337984 1.6953895 1.5864167 1.5806167 1.2607621 1.5773509 0.0000000 1.6807270 1.5806167 
AY521625_Ranavirus_epinephelus1_n/a                      1.2092467 1.2207980 1.2207980 1.2076605 1.2076605 1.2052355 1.2586283 1.2003252 1.3189637 1.2198142 1.2052355 1.2161029 0.9047690 1.2161029 1.2092467 1.1633073 1.1410520 1.2243357 1.2003252 1.2984222 0.3463860 1.2104274 1.2081767 0.8609423 1.2117212 1.6807270 0.0000000 1.2081767 
MG570132_Megalocytivirus_pagrus1_TRBIV                   0.0195274 0.0239722 0.0239722 0.0195519 0.0195519 0.0194509 1.1635639 0.4269144 1.3908829 0.0128597 0.0194509 0.0262684 1.0088864 0.0262684 0.0195274 0.1634269 1.1054923 1.1698067 0.4269144 1.1475694 1.1325699 0.0261960 0.0000010 1.0133342 0.0218076 1.5806167 1.2081767 0.0000000 
