29
MK637631_European_chub_iridovirus_ECIV                   0.0000000 0.5096517 0.5064210 0.5064210 0.5105193 0.5105193 0.5110153 1.1770352 0.2110505 1.2870303 0.5093052 0.5110153 0.4995165 0.9474278 0.4995165 0.5096517 0.4921924 1.1338291 1.2090474 0.2110505 1.1687347 1.2252079 0.5059884 0.5119117 0.9598542 0.5032100 1.7781410 1.1804507 0.5119117 
PP151097_Megalocytivirus_pagrus1_ISKNV                   0.5096517 0.0000000 0.0128497 0.0128497 0.0021272 0.0021272 0.0042651 1.1585411 0.4193475 1.3946537 0.0195402 0.0042651 0.0172248 0.9945994 0.0172248 0.0000010 0.1633182 1.1078942 1.1639613 0.4193475 1.1377578 1.1240035 0.0150173 0.0195308 1.0164283 0.0150345 1.6018186 1.2167043 0.0195308 
ON075463_Megalocytivirus_pagrus1_RSIV                    0.5064210 0.0128497 0.0000000 0.0000010 0.0128658 0.0128658 0.0150482 1.1587889 0.4131931 1.3961572 0.0195805 0.0150482 0.0042820 1.0050272 0.0042820 0.0128497 0.1659498 1.1060150 1.1775739 0.4131931 1.1403493 1.1235101 0.0021332 0.0239771 1.0204624 0.0085833 1.5867468 1.2283534 0.0239771 
MT798582_Megalocytivirus_pagrus1_RSIV                    0.5064210 0.0128497 0.0000010 0.0000000 0.0128658 0.0128658 0.0150482 1.1587889 0.4131931 1.3961572 0.0195805 0.0150482 0.0042820 1.0050272 0.0042820 0.0128497 0.1659498 1.1060150 1.1775739 0.4131931 1.1403493 1.1235101 0.0021332 0.0239771 1.0204624 0.0085833 1.5867468 1.2283534 0.0239771 
AF371960_Megalocytivirus_pagrus1_ISKNV                   0.5105193 0.0021272 0.0128658 0.0128658 0.0000000 0.0000010 0.0021298 1.1606107 0.4200354 1.3933869 0.0195649 0.0021298 0.0172464 1.0010978 0.0172464 0.0021272 0.1635541 1.1072150 1.1634194 0.4200354 1.1452098 1.1169000 0.0150361 0.0195555 1.0150258 0.0150533 1.6050522 1.2151028 0.0195555 
OR670976_Megalocytivirus_pagrus1_ISKNV                   0.5105193 0.0021272 0.0128658 0.0128658 0.0000010 0.0000000 0.0021298 1.1606107 0.4200354 1.3933869 0.0195649 0.0021298 0.0172464 1.0010978 0.0172464 0.0021272 0.1635541 1.1072150 1.1634194 0.4200354 1.1452098 1.1169000 0.0150361 0.0195555 1.0150258 0.0150533 1.6050522 1.2151028 0.0195555 
MW273354_Megalocytivirus_pagrus1_ISKNV                   0.5110153 0.0042651 0.0150482 0.0150482 0.0021298 0.0021298 0.0000000 1.1638055 0.4243639 1.3862902 0.0194631 0.0000010 0.0194516 1.0091448 0.0194516 0.0042651 0.1639972 1.1056985 1.1618691 0.4243639 1.1543989 1.1257524 0.0172279 0.0194538 1.0178591 0.0172474 1.5970379 1.2126481 0.0194538 
KF938901_Chloriridovirus_anopheles1_n/a                  1.1770352 1.1585411 1.1587889 1.1587889 1.1606107 1.1606107 1.1638055 0.0000000 1.1407739 0.6611173 1.1594699 1.1638055 1.1568692 0.9058579 1.1568692 1.1585411 1.1583303 0.4145790 0.4319409 1.1407739 0.2054688 1.2464536 1.1541296 1.1705349 0.9207473 1.1541580 1.0691257 1.2668909 1.1705349 
OM037668_Megalocytivirus_lates1_SDDV                     0.2110505 0.4193475 0.4131931 0.4131931 0.4200354 0.4200354 0.4243639 1.1407739 0.0000000 1.3686845 0.4305066 0.4243639 0.4071142 0.9301214 0.4071142 0.4193475 0.4585243 1.1083183 1.1745693 0.0000010 1.1466472 1.1187646 0.4171446 0.4279503 0.9427711 0.4112430 1.5916357 1.2078255 0.4279503 
LS484712_Daphniairidovirus_daphnia1_n/a                  1.2870303 1.3946537 1.3961572 1.3961572 1.3933869 1.3933869 1.3862902 0.6611173 1.3686845 0.0000000 1.3962615 1.3862902 1.3861824 1.1231384 1.3861824 1.3946537 1.3577990 0.7849265 0.8306953 1.3686845 0.7100987 1.3635090 1.3905595 1.4006166 1.1256583 1.3822592 1.1794663 1.3277190 1.4006166 
GQ273492_Megalocytivirus_pagrus1_TRBIV                   0.5093052 0.0195402 0.0195805 0.0195805 0.0195649 0.0195649 0.0194631 1.1594699 0.4305066 1.3962615 0.0000000 0.0194631 0.0240587 1.0215966 0.0240587 0.0195402 0.1665321 1.1021412 1.1664910 0.4305066 1.1431681 1.1386278 0.0217934 0.0128609 1.0258564 0.0196096 1.5907174 1.2274108 0.0128609 
MW883600_Megalocytivirus_pagrus1_ISKNV                   0.5110153 0.0042651 0.0150482 0.0150482 0.0021298 0.0021298 0.0000010 1.1638055 0.4243639 1.3862902 0.0194631 0.0000000 0.0194516 1.0091448 0.0194516 0.0042651 0.1639972 1.1056985 1.1618691 0.4243639 1.1543989 1.1257524 0.0172279 0.0194538 1.0178591 0.0172474 1.5970379 1.2126481 0.0194538 
MK098186_Megalocytivirus_pagrus1_RSIV                    0.4995165 0.0172248 0.0042820 0.0042820 0.0172464 0.0172464 0.0194516 1.1568692 0.4071142 1.3861824 0.0240587 0.0194516 0.0000000 0.9947380 0.0000010 0.0172248 0.1662308 1.1080845 1.1797910 0.4071142 1.1384114 1.1191613 0.0064341 0.0262748 1.0137845 0.0042622 1.5849108 1.2236001 0.0262748 
MN803438_Lymphocystivirus_micropogonias1_n/a             0.9474278 0.9945994 1.0050272 1.0050272 1.0010978 1.0010978 1.0091448 0.9058579 0.9301214 1.1231384 1.0215966 1.0091448 0.9947380 0.0000000 0.9947380 0.9945994 1.0620808 0.9285756 1.0003719 0.9301214 0.9309675 0.9675064 1.0046148 1.0141542 0.0620979 0.9934503 1.2793804 0.9092046 1.0141542 
MK098187_Megalocytivirus_pagrus1_RSIV                    0.4995165 0.0172248 0.0042820 0.0042820 0.0172464 0.0172464 0.0194516 1.1568692 0.4071142 1.3861824 0.0240587 0.0194516 0.0000010 0.9947380 0.0000000 0.0172248 0.1662308 1.1080845 1.1797910 0.4071142 1.1384114 1.1191613 0.0064341 0.0262748 1.0137845 0.0042622 1.5849108 1.2236001 0.0262748 
OP009387_Megalocytivirus_pagrus1_ISKNV                   0.5096517 0.0000010 0.0128497 0.0128497 0.0021272 0.0021272 0.0042651 1.1585411 0.4193475 1.3946537 0.0195402 0.0042651 0.0172248 0.9945994 0.0172248 0.0000000 0.1633182 1.1078942 1.1639613 0.4193475 1.1377578 1.1240035 0.0150173 0.0195308 1.0164283 0.0150345 1.6018186 1.2167043 0.0195308 
PQ335173_PQ335174_Threespine_stickleback_iridovirus_TSIV 0.4921924 0.1633182 0.1659498 0.1659498 0.1635541 0.1635541 0.1639972 1.1583303 0.4585243 1.3577990 0.1665321 0.1639972 0.1662308 1.0620808 0.1662308 0.1633182 0.0000000 1.0965235 1.1427474 0.4585243 1.2011429 1.1158619 0.1658513 0.1635962 1.0569648 0.1623075 1.6014040 1.1703725 0.1635962 
AF303741_Iridovirus_chilo1_n/a                           1.1338291 1.1078942 1.1060150 1.1060150 1.1072150 1.1072150 1.1056985 0.4145790 1.1083183 0.7849265 1.1021412 1.1056985 1.1080845 0.9285756 1.1080845 1.1078942 1.0965235 0.0000000 0.1550979 1.1083183 0.4460336 1.2056775 1.0965183 1.1119341 0.9088078 1.1033317 1.1768041 1.1477111 1.1119341 
HF920637_Iridovirus_armadillidium1_n/a                   1.2090474 1.1639613 1.1775739 1.1775739 1.1634194 1.1634194 1.1618691 0.4319409 1.1745693 0.8306953 1.1664910 1.1618691 1.1797910 1.0003719 1.1797910 1.1639613 1.1427474 0.1550979 0.0000000 1.1745693 0.4852232 1.2204314 1.1675470 1.1768051 0.9970147 1.1728708 1.1468515 1.2320976 1.1768051 
MN562489_Megalocytivirus_lates1_SDDV                     0.2110505 0.4193475 0.4131931 0.4131931 0.4200354 0.4200354 0.4243639 1.1407739 0.0000010 1.3686845 0.4305066 0.4243639 0.4071142 0.9301214 0.4071142 0.4193475 0.4585243 1.1083183 1.1745693 0.0000000 1.1466472 1.1187646 0.4171446 0.4279503 0.9427711 0.4112430 1.5916357 1.2078255 0.4279503 
HF920633_Chloriridovirus_simulium1_n/a                   1.1687347 1.1377578 1.1403493 1.1403493 1.1452098 1.1452098 1.1543989 0.2054688 1.1466472 0.7100987 1.1431681 1.1543989 1.1384114 0.9309675 1.1384114 1.1377578 1.2011429 0.4460336 0.4852232 1.1466472 0.0000000 1.2408786 1.1304976 1.1545779 0.9582440 1.1393808 1.1402389 1.3073351 1.1545779 
NC_005946_Ranavirus_rana1_n/a                            1.2252079 1.1240035 1.1235101 1.1235101 1.1169000 1.1169000 1.1257524 1.2464536 1.1187646 1.3635090 1.1386278 1.1257524 1.1191613 0.9675064 1.1191613 1.1240035 1.1158619 1.2056775 1.2204314 1.1187646 1.2408786 0.0000000 1.1139361 1.1393185 0.9508716 1.1155462 1.7090442 0.3470156 1.1393185 
ON743042_Megalocytivirus_pagrus1_RSIV                    0.5059884 0.0150173 0.0021332 0.0021332 0.0150361 0.0150361 0.0172279 1.1541296 0.4171446 1.3905595 0.0217934 0.0172279 0.0064341 1.0046148 0.0064341 0.0150173 0.1658513 1.0965183 1.1675470 0.4171446 1.1304976 1.1139361 0.0000000 0.0262017 1.0200222 0.0107476 1.5986411 1.2178774 0.0262017 
MG570131_Megalocytivirus_pagrus1_TRBIV                   0.5119117 0.0195308 0.0239771 0.0239771 0.0195555 0.0195555 0.0194538 1.1705349 0.4279503 1.4006166 0.0128609 0.0194538 0.0262748 1.0141542 0.0262748 0.0195308 0.1635962 1.1119341 1.1768051 0.4279503 1.1545779 1.1393185 0.0262017 0.0000000 1.0186787 0.0218123 1.5927407 1.2157333 0.0000010 
KX643370_Lymphocystivirus_sparus1_n/a                    0.9598542 1.0164283 1.0204624 1.0204624 1.0150258 1.0150258 1.0178591 0.9207473 0.9427711 1.1256583 1.0258564 1.0178591 1.0137845 0.0620979 1.0137845 1.0164283 1.0569648 0.9088078 0.9970147 0.9427711 0.9582440 0.9508716 1.0200222 1.0186787 0.0000000 1.0125021 1.2687708 0.8649764 1.0186787 
OQ475017_Megalocytivirus_pagrus1_RSIV                    0.5032100 0.0150345 0.0085833 0.0085833 0.0150533 0.0150533 0.0172474 1.1541580 0.4112430 1.3822592 0.0196096 0.0172474 0.0042622 0.9934503 0.0042622 0.0150345 0.1623075 1.1033317 1.1728708 0.4112430 1.1393808 1.1155462 0.0107476 0.0218123 1.0125021 0.0000000 1.5894693 1.2191677 0.0218123 
MF599468_Decapodiridovirus_litopenaeus1_n/a              1.7781410 1.6018186 1.5867468 1.5867468 1.6050522 1.6050522 1.5970379 1.0691257 1.5916357 1.1794663 1.5907174 1.5970379 1.5849108 1.2793804 1.5849108 1.6018186 1.6014040 1.1768041 1.1468515 1.5916357 1.1402389 1.7090442 1.5986411 1.5927407 1.2687708 1.5894693 0.0000000 1.6941503 1.5927407 
AY521625_Ranavirus_epinephelus1_n/a                      1.1804507 1.2167043 1.2283534 1.2283534 1.2151028 1.2151028 1.2126481 1.2668909 1.2078255 1.3277190 1.2274108 1.2126481 1.2236001 0.9092046 1.2236001 1.2167043 1.1703725 1.1477111 1.2320976 1.2078255 1.3073351 0.3470156 1.2178774 1.2157333 0.8649764 1.2191677 1.6941503 0.0000000 1.2157333 
MG570132_Megalocytivirus_pagrus1_TRBIV                   0.5119117 0.0195308 0.0239771 0.0239771 0.0195555 0.0195555 0.0194538 1.1705349 0.4279503 1.4006166 0.0128609 0.0194538 0.0262748 1.0141542 0.0262748 0.0195308 0.1635962 1.1119341 1.1768051 0.4279503 1.1545779 1.1393185 0.0262017 0.0000010 1.0186787 0.0218123 1.5927407 1.2157333 0.0000000 
