20
MK637631_European_chub_iridovirus_ECIV                   0.0000000 1.5420481 1.5327187 1.4770025 1.5420481 1.4770025 0.7248424 1.4699900 1.5006795 1.4801464 1.6300005 1.5327187 1.4848488 0.7248424 1.5423863 1.4895938 1.4953336 1.4953336 1.4818590 1.4818590 
OR536350_Megalocytivirus_pagrus1_ISKNV                   1.5420481 0.0000000 0.0271267 0.0474643 0.0000010 0.0474643 1.4885941 0.0700261 0.0637899 0.0829206 0.6975482 0.0271267 0.0434250 1.4885941 0.0038385 0.0689984 0.0433018 0.0433018 0.0516250 0.0516250 
PP151097_Megalocytivirus_pagrus1_ISKNV                   1.5327187 0.0271267 0.0000000 0.0648241 0.0271267 0.0648241 1.4816125 0.0777202 0.0806123 0.0905925 0.7127140 0.0000010 0.0606758 1.4816125 0.0310542 0.0779591 0.0604951 0.0604951 0.0691302 0.0691302 
MK689686_Megalocytivirus_pagrus1_RSIV                    1.4770025 0.0474643 0.0648241 0.0000000 0.0474643 0.0000010 1.4304665 0.0609263 0.0393996 0.0736129 0.7273779 0.0648241 0.0115971 1.4304665 0.0515079 0.0522968 0.0194025 0.0194025 0.0038622 0.0038622 
OR356116_Megalocytivirus_pagrus1_ISKNV                   1.5420481 0.0000010 0.0271267 0.0474643 0.0000000 0.0474643 1.4885941 0.0700261 0.0637899 0.0829206 0.6975482 0.0271267 0.0434250 1.4885941 0.0038385 0.0689984 0.0433018 0.0433018 0.0516250 0.0516250 
ON740976_Megalocytivirus_pagrus1_RSIV                    1.4770025 0.0474643 0.0648241 0.0000010 0.0474643 0.0000000 1.4304665 0.0609263 0.0393996 0.0736129 0.7273779 0.0648241 0.0115971 1.4304665 0.0515079 0.0522968 0.0194025 0.0194025 0.0038622 0.0038622 
MN562489_Megalocytivirus_lates1_SDDV                     0.7248424 1.4885941 1.4816125 1.4304665 1.4885941 1.4304665 0.0000000 1.4604556 1.4714621 1.4449114 1.5763334 1.4816125 1.4370597 0.0000010 1.4834069 1.4547669 1.4397975 1.4397975 1.4427078 1.4427078 
MG570132_Megalocytivirus_pagrus1_TRBIV                   1.4699900 0.0700261 0.0777202 0.0609263 0.0700261 0.0609263 1.4604556 0.0000000 0.0546805 0.0197506 0.7021053 0.0777202 0.0651435 1.4604556 0.0742648 0.0458805 0.0649458 0.0649458 0.0611384 0.0611384 
OK042109_Megalocytivirus_pagrus1_RSIV                    1.5006795 0.0637899 0.0806123 0.0393996 0.0637899 0.0393996 1.4714621 0.0546805 0.0000000 0.0674918 0.7347518 0.0806123 0.0434395 1.4714621 0.0678907 0.0158193 0.0433162 0.0433162 0.0353935 0.0353935 
MG570131_Megalocytivirus_pagrus1_TRBIV                   1.4801464 0.0829206 0.0905925 0.0736129 0.0829206 0.0736129 1.4449114 0.0197506 0.0674918 0.0000000 0.7187660 0.0905925 0.0778890 1.4449114 0.0872057 0.0585259 0.0776460 0.0776460 0.0738669 0.0738669 
PQ335173_PQ335174_Threespine_stickleback_iridovirus_TSIV 1.6300005 0.6975482 0.7127140 0.7273779 0.6975482 0.7273779 1.5763334 0.7021053 0.7347518 0.7187660 0.0000000 0.7127140 0.7363360 1.5763334 0.6924123 0.7151642 0.7305991 0.7305991 0.7298203 0.7298203 
PP974677_Megalocytivirus_pagrus1_ISKNV                   1.5327187 0.0271267 0.0000010 0.0648241 0.0271267 0.0648241 1.4816125 0.0777202 0.0806123 0.0905925 0.7127140 0.0000000 0.0606758 1.4816125 0.0310542 0.0779591 0.0604951 0.0604951 0.0691302 0.0691302 
OK042108_Megalocytivirus_pagrus1_RSIV                    1.4848488 0.0434250 0.0606758 0.0115971 0.0434250 0.0115971 1.4370597 0.0651435 0.0434395 0.0778890 0.7363360 0.0606758 0.0000000 1.4370597 0.0474539 0.0564517 0.0077214 0.0077214 0.0155228 0.0155228 
MT521409_Megalocytivirus_lates1_SDDV                     0.7248424 1.4885941 1.4816125 1.4304665 1.4885941 1.4304665 0.0000010 1.4604556 1.4714621 1.4449114 1.5763334 1.4816125 1.4370597 0.0000000 1.4834069 1.4547669 1.4397975 1.4397975 1.4427078 1.4427078 
ON212400_Megalocytivirus_pagrus1_ISKNV                   1.5423863 0.0038385 0.0310542 0.0515079 0.0038385 0.0515079 1.4834069 0.0742648 0.0678907 0.0872057 0.6924123 0.0310542 0.0474539 1.4834069 0.0000000 0.0731807 0.0473181 0.0473181 0.0556915 0.0556915 
GQ273492_Megalocytivirus_pagrus1_TRBIV                   1.4895938 0.0689984 0.0779591 0.0522968 0.0689984 0.0522968 1.4547669 0.0458805 0.0158193 0.0585259 0.7151642 0.0779591 0.0564517 1.4547669 0.0731807 0.0000000 0.0562845 0.0562845 0.0524790 0.0524790 
OQ475017_Megalocytivirus_pagrus1_RSIV                    1.4953336 0.0433018 0.0604951 0.0194025 0.0433018 0.0194025 1.4397975 0.0649458 0.0433162 0.0776460 0.7305991 0.0604951 0.0077214 1.4397975 0.0473181 0.0562845 0.0000000 0.0000010 0.0233742 0.0233742 
MK098187_Megalocytivirus_pagrus1_RSIV                    1.4953336 0.0433018 0.0604951 0.0194025 0.0433018 0.0194025 1.4397975 0.0649458 0.0433162 0.0776460 0.7305991 0.0604951 0.0077214 1.4397975 0.0473181 0.0562845 0.0000010 0.0000000 0.0233742 0.0233742 
KC244182_Megalocytivirus_pagrus1_RSIV                    1.4818590 0.0516250 0.0691302 0.0038622 0.0516250 0.0038622 1.4427078 0.0611384 0.0353935 0.0738669 0.7298203 0.0691302 0.0155228 1.4427078 0.0556915 0.0524790 0.0233742 0.0233742 0.0000000 0.0000010 
ON075463_Megalocytivirus_pagrus1_RSIV                    1.4818590 0.0516250 0.0691302 0.0038622 0.0516250 0.0038622 1.4427078 0.0611384 0.0353935 0.0738669 0.7298203 0.0691302 0.0155228 1.4427078 0.0556915 0.0524790 0.0233742 0.0233742 0.0000010 0.0000000 
