19
OR536350_Megalocytivirus_pagrus1_ISKNV                   0.0000000 0.0271320 0.0474972 0.0000010 0.0474972 1.5198540 0.0701171 0.0638390 0.0830377 0.7061614 0.0271320 0.0434500 1.5198540 0.0038386 0.0690655 0.0433248 0.0433248 0.0516664 0.0516664 
PP151097_Megalocytivirus_pagrus1_ISKNV                   0.0271320 0.0000000 0.0648992 0.0271320 0.0648992 1.5128984 0.0778102 0.0806932 0.0907067 0.7217967 0.0000010 0.0607401 1.5128984 0.0310608 0.0780556 0.0605561 0.0605561 0.0692171 0.0692171 
MK689686_Megalocytivirus_pagrus1_RSIV                    0.0474972 0.0648992 0.0000000 0.0474972 0.0000010 1.4595599 0.0609871 0.0394190 0.0736949 0.7365392 0.0648992 0.0115981 1.4595599 0.0515444 0.0523350 0.0194067 0.0194067 0.0038626 0.0038626 
OR356116_Megalocytivirus_pagrus1_ISKNV                   0.0000010 0.0271320 0.0474972 0.0000000 0.0474972 1.5198540 0.0701171 0.0638390 0.0830377 0.7061614 0.0271320 0.0434500 1.5198540 0.0038386 0.0690655 0.0433248 0.0433248 0.0516664 0.0516664 
ON740976_Megalocytivirus_pagrus1_RSIV                    0.0474972 0.0648992 0.0000010 0.0474972 0.0000000 1.4595599 0.0609871 0.0394190 0.0736949 0.7365392 0.0648992 0.0115981 1.4595599 0.0515444 0.0523350 0.0194067 0.0194067 0.0038626 0.0038626 
MN562489_Megalocytivirus_lates1_SDDV                     1.5198540 1.5128984 1.4595599 1.5198540 1.4595599 0.0000000 1.4906523 1.5025411 1.4746317 1.6109219 1.5128984 1.4662899 0.0000010 1.5145945 1.4849058 1.4693402 1.4693402 1.4724194 1.4724194 
MG570132_Megalocytivirus_pagrus1_TRBIV                   0.0701171 0.0778102 0.0609871 0.0701171 0.0609871 1.4906523 0.0000000 0.0547588 0.0197554 0.7106703 0.0778102 0.0652129 1.4906523 0.0743630 0.0459312 0.0650115 0.0650115 0.0612038 0.0612038 
OK042109_Megalocytivirus_pagrus1_RSIV                    0.0638390 0.0806932 0.0394190 0.0638390 0.0394190 1.5025411 0.0547588 0.0000000 0.0675901 0.7438497 0.0806932 0.0434636 1.5025411 0.0679438 0.0158262 0.0433382 0.0433382 0.0354072 0.0354072 
MG570131_Megalocytivirus_pagrus1_TRBIV                   0.0830377 0.0907067 0.0736949 0.0830377 0.0736949 1.4746317 0.0197554 0.0675901 0.0000000 0.7275808 0.0907067 0.0779810 1.4746317 0.0873295 0.0585907 0.0777332 0.0777332 0.0739554 0.0739554 
PQ335173_PQ335174_Threespine_stickleback_iridovirus_TSIV 0.7061614 0.7217967 0.7365392 0.7061614 0.7365392 1.6109219 0.7106703 0.7438497 0.7275808 0.0000000 0.7217967 0.7456961 1.6109219 0.7010408 0.7239492 0.7396623 0.7396623 0.7390935 0.7390935 
PP974677_Megalocytivirus_pagrus1_ISKNV                   0.0271320 0.0000010 0.0648992 0.0271320 0.0648992 1.5128984 0.0778102 0.0806932 0.0907067 0.7217967 0.0000000 0.0607401 1.5128984 0.0310608 0.0780556 0.0605561 0.0605561 0.0692171 0.0692171 
OK042108_Megalocytivirus_pagrus1_RSIV                    0.0434500 0.0607401 0.0115981 0.0434500 0.0115981 1.4662899 0.0652129 0.0434636 0.0779810 0.7456961 0.0607401 0.0000000 1.4662899 0.0474819 0.0564976 0.0077224 0.0077224 0.0155257 0.0155257 
MT521409_Megalocytivirus_lates1_SDDV                     1.5198540 1.5128984 1.4595599 1.5198540 1.4595599 0.0000010 1.4906523 1.5025411 1.4746317 1.6109219 1.5128984 1.4662899 0.0000000 1.5145945 1.4849058 1.4693402 1.4693402 1.4724194 1.4724194 
ON212400_Megalocytivirus_pagrus1_ISKNV                   0.0038386 0.0310608 0.0515444 0.0038386 0.0515444 1.5145945 0.0743630 0.0679438 0.0873295 0.7010408 0.0310608 0.0474819 1.5145945 0.0000000 0.0732527 0.0473438 0.0473438 0.0557371 0.0557371 
GQ273492_Megalocytivirus_pagrus1_TRBIV                   0.0690655 0.0780556 0.0523350 0.0690655 0.0523350 1.4849058 0.0459312 0.0158262 0.0585907 0.7239492 0.0780556 0.0564976 1.4849058 0.0732527 0.0000000 0.0563275 0.0563275 0.0525220 0.0525220 
OQ475017_Megalocytivirus_pagrus1_RSIV                    0.0433248 0.0605561 0.0194067 0.0433248 0.0194067 1.4693402 0.0650115 0.0433382 0.0777332 0.7396623 0.0605561 0.0077224 1.4693402 0.0473438 0.0563275 0.0000000 0.0000010 0.0233818 0.0233818 
MK098187_Megalocytivirus_pagrus1_RSIV                    0.0433248 0.0605561 0.0194067 0.0433248 0.0194067 1.4693402 0.0650115 0.0433382 0.0777332 0.7396623 0.0605561 0.0077224 1.4693402 0.0473438 0.0563275 0.0000010 0.0000000 0.0233818 0.0233818 
KC244182_Megalocytivirus_pagrus1_RSIV                    0.0516664 0.0692171 0.0038626 0.0516664 0.0038626 1.4724194 0.0612038 0.0354072 0.0739554 0.7390935 0.0692171 0.0155257 1.4724194 0.0557371 0.0525220 0.0233818 0.0233818 0.0000000 0.0000010 
ON075463_Megalocytivirus_pagrus1_RSIV                    0.0516664 0.0692171 0.0038626 0.0516664 0.0038626 1.4724194 0.0612038 0.0354072 0.0739554 0.7390935 0.0692171 0.0155257 1.4724194 0.0557371 0.0525220 0.0233818 0.0233818 0.0000010 0.0000000 
