16
MCV_ML1_SDDV_MN562489_1_MCV_ML1_SDDV_MN562489.1_00031         0.0000000 0.0000010 0.8989581 0.8798246 0.9000395 0.8798246 0.8989581 0.8912024 0.8912024 0.9000395 0.9166210 0.9166210 1.2418182 0.8901334 0.8756083 0.8756083 
MCV_ML1_SDDV_MT521409_1_MCV_ML1_SDDV_MT521409.1_00032         0.0000010 0.0000000 0.8989581 0.8798246 0.9000395 0.8798246 0.8989581 0.8912024 0.8912024 0.9000395 0.9166210 0.9166210 1.2418182 0.8901334 0.8756083 0.8756083 
MCV_MP1_BCFI_MN432490_1_MCV_MP1_BCFI_MN432490.1_00051         0.8989581 0.8989581 0.0000000 0.0551925 0.0940179 0.0551925 0.0000010 0.0845214 0.0845214 0.0940179 0.0945673 0.0945673 0.3577935 0.1032223 0.0957165 0.0957165 
MCV_MP1_BCFI_MT926123_1_MCV_MP1_BCFI_MT926123.1_00051         0.8798246 0.8798246 0.0551925 0.0000000 0.1423807 0.0000010 0.0551925 0.1326941 0.1326941 0.1423807 0.1431676 0.1431676 0.3820472 0.1117776 0.1033894 0.1033894 
MCV_MP1_GSPI_KT804738_1_MCV_MP1_GSPI_KT804738.1_00048         0.9000395 0.9000395 0.0940179 0.1423807 0.0000000 0.1423807 0.0940179 0.0349803 0.0349803 0.0000010 0.0440088 0.0440088 0.2921759 0.1110668 0.1135990 0.1135990 
MCV_MP1_ISKNV_AF371960_1_MCV_MP1_ISKNV_AF371960.1_00050       0.8798246 0.8798246 0.0551925 0.0000010 0.1423807 0.0000000 0.0551925 0.1326941 0.1326941 0.1423807 0.1431676 0.1431676 0.3820472 0.1117776 0.1033894 0.1033894 
MCV_MP1_LBUSV_OP009387_1_MCV_MP1_LBUSV_OP009387.1_00050       0.8989581 0.8989581 0.0000010 0.0551925 0.0940179 0.0551925 0.0000000 0.0845214 0.0845214 0.0940179 0.0945673 0.0945673 0.3577935 0.1032223 0.0957165 0.0957165 
MCV_MP1_LYCI_AY779031_1_MCV_MP1_LYCI_AY779031.1_00054         0.8912024 0.8912024 0.0845214 0.1326941 0.0349803 0.1326941 0.0845214 0.0000000 0.0000010 0.0349803 0.0086434 0.0086434 0.3105920 0.1013249 0.1036360 0.1036360 
MCV_MP1_LYCI_MW139932_1_MCV_MP1_LYCI_MW139932.1_00052         0.8912024 0.8912024 0.0845214 0.1326941 0.0349803 0.1326941 0.0845214 0.0000010 0.0000000 0.0349803 0.0086434 0.0086434 0.3105920 0.1013249 0.1036360 0.1036360 
MCV_MP1_OSGI_AY894343_1_MCV_MP1_OSGI_AY894343.1_00049         0.9000395 0.9000395 0.0940179 0.1423807 0.0000010 0.1423807 0.0940179 0.0349803 0.0349803 0.0000000 0.0440088 0.0440088 0.2921759 0.1110668 0.1135990 0.1135990 
MCV_MP1_PI_MK098186_1_MCV_MP1_PI_MK098186.1_00049             0.9166210 0.9166210 0.0945673 0.1431676 0.0440088 0.1431676 0.0945673 0.0086434 0.0086434 0.0440088 0.0000000 0.0000010 0.3097890 0.1112942 0.1138350 0.1138350 
MCV_MP1_PI_MK098187_1_MCV_MP1_PI_MK098187.1_00052             0.9166210 0.9166210 0.0945673 0.1431676 0.0440088 0.1431676 0.0945673 0.0086434 0.0086434 0.0440088 0.0000010 0.0000000 0.3097890 0.1112942 0.1138350 0.1138350 
MCV_MP1_RBIV_AY532606_1_MCV_MP1_RBIV_AY532606.1_00050         1.2418182 1.2418182 0.3577935 0.3820472 0.2921759 0.3820472 0.3577935 0.3105920 0.3105920 0.2921759 0.3097890 0.3097890 0.0000000 0.3301080 0.3427152 0.3427152 
MCV_MP1_TRBIV_GQ273492_1_MCV_MP1_TRBIV_GQ273492.1_00049       0.8901334 0.8901334 0.1032223 0.1117776 0.1110668 0.1117776 0.1032223 0.1013249 0.1013249 0.1110668 0.1112942 0.1112942 0.3301080 0.0000000 0.0730909 0.0730909 
MCV_Unclassified_MG570131_1_MCV_Unclassified_MG570131.1_00050 0.8756083 0.8756083 0.0957165 0.1033894 0.1135990 0.1033894 0.0957165 0.1036360 0.1036360 0.1135990 0.1138350 0.1138350 0.3427152 0.0730909 0.0000000 0.0000010 
MCV_Unclassified_MG570132_1_MCV_Unclassified_MG570132.1_00050 0.8756083 0.8756083 0.0957165 0.1033894 0.1135990 0.1033894 0.0957165 0.1036360 0.1036360 0.1135990 0.1138350 0.1138350 0.3427152 0.0730909 0.0000010 0.0000000 
