25
MW273354_Megalocytivirus_pagrus1_ISKNV 0.0000000 0.0506490 0.2151563 0.0055428 0.1823275 0.2208865 0.0055428 0.0506490 0.2151563 0.0563591 0.0111237 0.2212708 0.2212708 0.2220353 0.2088385 0.2323291 0.2088385 0.2020892 0.0167683 0.2020892 0.2220353 0.0111343 0.0111343 0.2134659 0.2089628 
MT986830_Megalocytivirus_pagrus1_ISKNV 0.0506490 0.0000000 0.1892168 0.0448158 0.1582075 0.2204344 0.0448158 0.0000010 0.1892168 0.0055266 0.0505798 0.1952666 0.1952666 0.1959117 0.1711599 0.2318429 0.1711599 0.1646194 0.0564812 0.1646194 0.1959117 0.0506326 0.0506326 0.2075737 0.1712545 
ON743042_Megalocytivirus_pagrus1_RSIV  0.2151563 0.1892168 0.0000000 0.2081960 0.0505199 0.1631895 0.2081960 0.1892168 0.0000010 0.1953140 0.2148036 0.0165964 0.0165964 0.0055294 0.0504402 0.1819207 0.0504402 0.0446684 0.2219495 0.0446684 0.0055294 0.2151246 0.2151246 0.1389220 0.0504613 
OR670976_Megalocytivirus_pagrus1_ISKNV 0.0055428 0.0448158 0.2081960 0.0000000 0.1756253 0.2139246 0.0000010 0.0448158 0.2081960 0.0504918 0.0055366 0.2142814 0.2142814 0.2150114 0.2019124 0.2253422 0.2019124 0.1952220 0.0111277 0.1952220 0.2150114 0.0055408 0.0055408 0.2065804 0.2020306 
MW883598_Megalocytivirus_pagrus1_RSIV  0.1823275 0.1582075 0.0505199 0.1756253 0.0000000 0.1741771 0.1756253 0.1582075 0.0505199 0.1642487 0.1820394 0.0562019 0.0562019 0.0563482 0.0223254 0.1928588 0.0223254 0.0166804 0.1888986 0.0166804 0.0563482 0.1822932 0.1822932 0.1497773 0.0223342 
MG570131_Megalocytivirus_pagrus1_TRBIV 0.2208865 0.2204344 0.1631895 0.2139246 0.1741771 0.0000000 0.2139246 0.2204344 0.1631895 0.2265594 0.2205240 0.1627377 0.1627377 0.1696794 0.2001401 0.0222467 0.2001401 0.1935356 0.2276738 0.1935356 0.1696794 0.2208554 0.2208554 0.1030240 0.2002554 
MT128666_Megalocytivirus_pagrus1_ISKNV 0.0055428 0.0448158 0.2081960 0.0000010 0.1756253 0.2139246 0.0000000 0.0448158 0.2081960 0.0504918 0.0055366 0.2142814 0.2142814 0.2150114 0.2019124 0.2253422 0.2019124 0.1952220 0.0111277 0.1952220 0.2150114 0.0055408 0.0055408 0.2065804 0.2020306 
MW883595_Megalocytivirus_pagrus1_ISKNV 0.0506490 0.0000010 0.1892168 0.0448158 0.1582075 0.2204344 0.0448158 0.0000000 0.1892168 0.0055266 0.0505798 0.1952666 0.1952666 0.1959117 0.1711599 0.2318429 0.1711599 0.1646194 0.0564812 0.1646194 0.1959117 0.0506326 0.0506326 0.2075737 0.1712545 
MK098187_Megalocytivirus_pagrus1_RSIV  0.2151563 0.1892168 0.0000010 0.2081960 0.0505199 0.1631895 0.2081960 0.1892168 0.0000000 0.1953140 0.2148036 0.0165964 0.0165964 0.0055294 0.0504402 0.1819207 0.0504402 0.0446684 0.2219495 0.0446684 0.0055294 0.2151246 0.2151246 0.1389220 0.0504613 
PP974677_Megalocytivirus_pagrus1_ISKNV 0.0563591 0.0055266 0.1953140 0.0504918 0.1642487 0.2265594 0.0504918 0.0055266 0.1953140 0.0000000 0.0562816 0.2013664 0.2013664 0.2020371 0.1772519 0.2379408 0.1772519 0.1706840 0.0622199 0.1706840 0.2020371 0.0563411 0.0563411 0.2136801 0.1773509 
MW883606_Megalocytivirus_pagrus1_ISKNV 0.0111237 0.0505798 0.2148036 0.0055366 0.1820394 0.2205240 0.0055366 0.0505798 0.2148036 0.0562816 0.0000000 0.2209062 0.2209062 0.2216676 0.2084976 0.2319464 0.2084976 0.2017621 0.0167462 0.2017621 0.2216676 0.0111198 0.0111198 0.2131195 0.2086213 
OL774654_Megalocytivirus_pagrus1_RSIV  0.2212708 0.1952666 0.0165964 0.2142814 0.0562019 0.1627377 0.2142814 0.1952666 0.0165964 0.2013664 0.2209062 0.0000000 0.0000010 0.0222119 0.0561121 0.1814051 0.0561121 0.0503128 0.2280858 0.0503128 0.0222119 0.2212397 0.2212397 0.1212089 0.0561359 
ON740976_Megalocytivirus_pagrus1_RSIV  0.2212708 0.1952666 0.0165964 0.2142814 0.0562019 0.1627377 0.2142814 0.1952666 0.0165964 0.2013664 0.2209062 0.0000010 0.0000000 0.0222119 0.0561121 0.1814051 0.0561121 0.0503128 0.2280858 0.0503128 0.0222119 0.2212397 0.2212397 0.1212089 0.0561359 
AB104413_Megalocytivirus_pagrus1_RSIV  0.2220353 0.1959117 0.0055294 0.2150114 0.0563482 0.1696794 0.2150114 0.1959117 0.0055294 0.2020371 0.2216676 0.0222119 0.0222119 0.0000000 0.0562579 0.1885286 0.0562579 0.0504419 0.2288839 0.0504419 0.0000010 0.2220042 0.2220042 0.1452765 0.0562818 
ON075463_Megalocytivirus_pagrus1_RSIV  0.2088385 0.1711599 0.0504402 0.2019124 0.0223254 0.2001401 0.2019124 0.1711599 0.0504402 0.1772519 0.2084976 0.0561121 0.0561121 0.0562579 0.0000000 0.2192267 0.0000010 0.0055257 0.2156033 0.0055257 0.0562579 0.2088058 0.2088058 0.1697310 0.0110974 
MG570132_Megalocytivirus_pagrus1_TRBIV 0.2323291 0.2318429 0.1819207 0.2253422 0.1928588 0.0222467 0.2253422 0.2318429 0.1819207 0.2379408 0.2319464 0.1814051 0.1814051 0.1885286 0.2192267 0.0000000 0.2192267 0.2125148 0.2391294 0.2125148 0.1885286 0.2323001 0.2323001 0.1270197 0.2193578 
OK042109_Megalocytivirus_pagrus1_RSIV  0.2088385 0.1711599 0.0504402 0.2019124 0.0223254 0.2001401 0.2019124 0.1711599 0.0504402 0.1772519 0.2084976 0.0561121 0.0561121 0.0562579 0.0000010 0.2192267 0.0000000 0.0055257 0.2156033 0.0055257 0.0562579 0.2088058 0.2088058 0.1697310 0.0110974 
KT804738_Megalocytivirus_pagrus1_RSIV  0.2020892 0.1646194 0.0446684 0.1952220 0.0166804 0.1935356 0.1952220 0.1646194 0.0446684 0.1706840 0.2017621 0.0503128 0.0503128 0.0504419 0.0055257 0.2125148 0.0055257 0.0000000 0.2088029 0.0000010 0.0504419 0.2020559 0.2020559 0.1632624 0.0055277 
OR536350_Megalocytivirus_pagrus1_ISKNV 0.0167683 0.0564812 0.2219495 0.0111277 0.1888986 0.2276738 0.0111277 0.0564812 0.2219495 0.0622199 0.0167462 0.2280858 0.2280858 0.2288839 0.2156033 0.2391294 0.2156033 0.2088029 0.0000000 0.2088029 0.2288839 0.0055382 0.0055382 0.2201854 0.2157340 
AP017456_Megalocytivirus_pagrus1_RSIV  0.2020892 0.1646194 0.0446684 0.1952220 0.0166804 0.1935356 0.1952220 0.1646194 0.0446684 0.1706840 0.2017621 0.0503128 0.0503128 0.0504419 0.0055257 0.2125148 0.0055257 0.0000010 0.2088029 0.0000000 0.0504419 0.2020559 0.2020559 0.1632624 0.0055277 
BD143114_Megalocytivirus_pagrus1_RSIV  0.2220353 0.1959117 0.0055294 0.2150114 0.0563482 0.1696794 0.2150114 0.1959117 0.0055294 0.2020371 0.2216676 0.0222119 0.0222119 0.0000010 0.0562579 0.1885286 0.0562579 0.0504419 0.2288839 0.0504419 0.0000000 0.2220042 0.2220042 0.1452765 0.0562818 
MW883600_Megalocytivirus_pagrus1_ISKNV 0.0111343 0.0506326 0.2151246 0.0055408 0.1822932 0.2208554 0.0055408 0.0506326 0.2151246 0.0563411 0.0111198 0.2212397 0.2212397 0.2220042 0.2088058 0.2323001 0.2088058 0.2020559 0.0055382 0.2020559 0.2220042 0.0000000 0.0000010 0.2134340 0.2089300 
MW883602_Megalocytivirus_pagrus1_ISKNV 0.0111343 0.0506326 0.2151246 0.0055408 0.1822932 0.2208554 0.0055408 0.0506326 0.2151246 0.0563411 0.0111198 0.2212397 0.2212397 0.2220042 0.2088058 0.2323001 0.2088058 0.2020559 0.0055382 0.2020559 0.2220042 0.0000010 0.0000000 0.2134340 0.2089300 
GQ273492_Megalocytivirus_pagrus1_TRBIV 0.2134659 0.2075737 0.1389220 0.2065804 0.1497773 0.1030240 0.2065804 0.2075737 0.1389220 0.2136801 0.2131195 0.1212089 0.1212089 0.1452765 0.1697310 0.1270197 0.1697310 0.1632624 0.2201854 0.1632624 0.1452765 0.2134340 0.2134340 0.0000000 0.1698236 
AY894343_Megalocytivirus_pagrus1_RSIV  0.2089628 0.1712545 0.0504613 0.2020306 0.0223342 0.2002554 0.2020306 0.1712545 0.0504613 0.1773509 0.2086213 0.0561359 0.0561359 0.0562818 0.0110974 0.2193578 0.0110974 0.0055277 0.2157340 0.0055277 0.0562818 0.2089300 0.2089300 0.1698236 0.0000000 
