20
AF371960_Megalocytivirus_pagrus1_ISKNV 0.0000000 0.1582086 0.0000010 0.1582086 0.0183440 0.1500950 0.0073204 0.1627257 0.1488323 0.0036466 0.1448675 0.0183440 0.1626783 0.0557003 0.0036488 0.0146637 0.1627257 0.0146637 0.0073204 0.1488323 
OL774655_Megalocytivirus_pagrus1_RSIV  0.1582086 0.0000000 0.1582086 0.0000010 0.1657083 0.0145510 0.1666542 0.0405393 0.1559119 0.1621771 0.1480228 0.1657083 0.0036286 0.0983669 0.1622961 0.1617747 0.0405393 0.1617747 0.1666542 0.1559119 
OR536350_Megalocytivirus_pagrus1_ISKNV 0.0000010 0.1582086 0.0000000 0.1582086 0.0183440 0.1500950 0.0073204 0.1627257 0.1488323 0.0036466 0.1448675 0.0183440 0.1626783 0.0557003 0.0036488 0.0146637 0.1627257 0.0146637 0.0073204 0.1488323 
AP017456_Megalocytivirus_pagrus1_RSIV  0.1582086 0.0000010 0.1582086 0.0000000 0.1657083 0.0145510 0.1666542 0.0405393 0.1559119 0.1621771 0.1480228 0.1657083 0.0036286 0.0983669 0.1622961 0.1617747 0.0405393 0.1617747 0.1666542 0.1559119 
MT986830_Megalocytivirus_pagrus1_ISKNV 0.0183440 0.1657083 0.0183440 0.1657083 0.0000000 0.1575921 0.0257975 0.1702459 0.1482081 0.0220321 0.1442618 0.0000010 0.1701975 0.0747587 0.0220458 0.0036434 0.1702459 0.0036434 0.0257975 0.1482081 
OQ475017_Megalocytivirus_pagrus1_RSIV  0.1500950 0.0145510 0.1500950 0.0145510 0.1575921 0.0000000 0.1584849 0.0256724 0.1479283 0.1540488 0.1400681 0.1575921 0.0182519 0.1061957 0.1541608 0.1536706 0.0256724 0.1536706 0.1584849 0.1479283 
OR670976_Megalocytivirus_pagrus1_ISKNV 0.0073204 0.1666542 0.0073204 0.1666542 0.0257975 0.1584849 0.0000000 0.1625901 0.1571382 0.0109905 0.1531525 0.0257975 0.1711758 0.0634110 0.0109972 0.0220952 0.1625901 0.0220952 0.0000010 0.1571382 
MK098185_Megalocytivirus_pagrus1_RSIV  0.1627257 0.0405393 0.1627257 0.0405393 0.1702459 0.0256724 0.1625901 0.0000000 0.1603482 0.1667121 0.1524221 0.1702459 0.0443827 0.1183720 0.1668354 0.1662949 0.0000010 0.1662949 0.1625901 0.1603482 
MG570132_Megalocytivirus_pagrus1_TRBIV 0.1488323 0.1559119 0.1488323 0.1559119 0.1482081 0.1479283 0.1571382 0.1603482 0.0000000 0.1527482 0.0666583 0.1482081 0.1603019 0.1444874 0.1528581 0.1443359 0.1603482 0.1443359 0.1571382 0.0000010 
MT926123_Megalocytivirus_pagrus1_ISKNV 0.0036466 0.1621771 0.0036466 0.1621771 0.0220321 0.1540488 0.0109905 0.1667121 0.1527482 0.0000000 0.1487797 0.0220321 0.1666641 0.0594631 0.0073050 0.0183460 0.1667121 0.0183460 0.0109905 0.1527482 
GQ273492_Megalocytivirus_pagrus1_TRBIV 0.1448675 0.1480228 0.1448675 0.1480228 0.1442618 0.1400681 0.1531525 0.1524221 0.0666583 0.1487797 0.0000000 0.1442618 0.1523771 0.1405387 0.1488863 0.1403926 0.1524221 0.1403926 0.1531525 0.0666583 
PP974677_Megalocytivirus_pagrus1_ISKNV 0.0183440 0.1657083 0.0183440 0.1657083 0.0000010 0.1575921 0.0257975 0.1702459 0.1482081 0.0220321 0.1442618 0.0000000 0.1701975 0.0747587 0.0220458 0.0036434 0.1702459 0.0036434 0.0257975 0.1482081 
AY894343_Megalocytivirus_pagrus1_RSIV  0.1626783 0.0036286 0.1626783 0.0036286 0.1701975 0.0182519 0.1711758 0.0443827 0.1603019 0.1666641 0.1523771 0.1701975 0.0000000 0.1025254 0.1667873 0.1662471 0.0443827 0.1662471 0.1711758 0.1603019 
KT781098_Megalocytivirus_pagrus1_ISKNV 0.0557003 0.0983669 0.0557003 0.0983669 0.0747587 0.1061957 0.0634110 0.1183720 0.1444874 0.0594631 0.1405387 0.0747587 0.1025254 0.0000000 0.0595015 0.0709719 0.1183720 0.0709719 0.0634110 0.1444874 
MW883603_Megalocytivirus_pagrus1_ISKNV 0.0036488 0.1622961 0.0036488 0.1622961 0.0220458 0.1541608 0.0109972 0.1668354 0.1528581 0.0073050 0.1488863 0.0220458 0.1667873 0.0595015 0.0000000 0.0183573 0.1668354 0.0183573 0.0109972 0.1528581 
MN432490_Megalocytivirus_pagrus1_ISKNV 0.0146637 0.1617747 0.0146637 0.1617747 0.0036434 0.1536706 0.0220952 0.1662949 0.1443359 0.0183460 0.1403926 0.0036434 0.1662471 0.0709719 0.0183573 0.0000000 0.1662949 0.0000010 0.0220952 0.1443359 
AB104413_Megalocytivirus_pagrus1_RSIV  0.1627257 0.0405393 0.1627257 0.0405393 0.1702459 0.0256724 0.1625901 0.0000010 0.1603482 0.1667121 0.1524221 0.1702459 0.0443827 0.1183720 0.1668354 0.1662949 0.0000000 0.1662949 0.1625901 0.1603482 
MW883595_Megalocytivirus_pagrus1_ISKNV 0.0146637 0.1617747 0.0146637 0.1617747 0.0036434 0.1536706 0.0220952 0.1662949 0.1443359 0.0183460 0.1403926 0.0036434 0.1662471 0.0709719 0.0183573 0.0000010 0.1662949 0.0000000 0.0220952 0.1443359 
OQ513807_Megalocytivirus_pagrus1_ISKNV 0.0073204 0.1666542 0.0073204 0.1666542 0.0257975 0.1584849 0.0000010 0.1625901 0.1571382 0.0109905 0.1531525 0.0257975 0.1711758 0.0634110 0.0109972 0.0220952 0.1625901 0.0220952 0.0000000 0.1571382 
MG570131_Megalocytivirus_pagrus1_TRBIV 0.1488323 0.1559119 0.1488323 0.1559119 0.1482081 0.1479283 0.1571382 0.1603482 0.0000010 0.1527482 0.0666583 0.1482081 0.1603019 0.1444874 0.1528581 0.1443359 0.1603482 0.1443359 0.1571382 0.0000000 
