13
AF371960_AF371960.1_00104 0.0000000 0.0329721 0.0330308 0.0686505 0.0329721 0.0541502 0.0504921 0.0330308 0.0000010 0.0495595 0.0495595 0.0330308 0.0330308 
AY894343_MK689686.1_00101 0.0329721 0.0000000 0.0240414 0.0498064 0.0000010 0.0348576 0.0325777 0.0240414 0.0329721 0.0750980 0.0750980 0.0159868 0.0159868 
BD143114_MK689686.1_00101 0.0330308 0.0240414 0.0000000 0.0583525 0.0240414 0.0437669 0.0408926 0.0000010 0.0330308 0.0752327 0.0752327 0.0079561 0.0079561 
GQ273492_GQ273492.1_00100 0.0686505 0.0498064 0.0583525 0.0000000 0.0498064 0.0347722 0.0325020 0.0583525 0.0686505 0.1027962 0.1027962 0.0498954 0.0498954 
KC244182_MK689686.1_00101 0.0329721 0.0000010 0.0240414 0.0498064 0.0000000 0.0348576 0.0325777 0.0240414 0.0329721 0.0750980 0.0750980 0.0159868 0.0159868 
MG570131_MG570131.1_00100 0.0541502 0.0348576 0.0437669 0.0347722 0.0348576 0.0000000 0.0000010 0.0437669 0.0541502 0.1005205 0.1005205 0.0349232 0.0349232 
MG570132_MG570132.1_00100 0.0504921 0.0325777 0.0408926 0.0325020 0.0325777 0.0000010 0.0000000 0.0408926 0.0504921 0.0936509 0.0936509 0.0326350 0.0326350 
MK098185_MK689686.1_00101 0.0330308 0.0240414 0.0000010 0.0583525 0.0240414 0.0437669 0.0408926 0.0000000 0.0330308 0.0752327 0.0752327 0.0079561 0.0079561 
MK689685_AF371960.1_00104 0.0000010 0.0329721 0.0330308 0.0686505 0.0329721 0.0541502 0.0504921 0.0330308 0.0000000 0.0495595 0.0495595 0.0330308 0.0330308 
MN432490_AF371960.1_00104 0.0495595 0.0750980 0.0752327 0.1027962 0.0750980 0.1005205 0.0936509 0.0752327 0.0495595 0.0000000 0.0000010 0.0752327 0.0752327 
MT986830_AF371960.1_00104 0.0495595 0.0750980 0.0752327 0.1027962 0.0750980 0.1005205 0.0936509 0.0752327 0.0495595 0.0000010 0.0000000 0.0752327 0.0752327 
MW139932_MK689686.1_00101 0.0330308 0.0159868 0.0079561 0.0498954 0.0159868 0.0349232 0.0326350 0.0079561 0.0330308 0.0752327 0.0752327 0.0000000 0.0000010 
OL774653_MK689686.1_00101 0.0330308 0.0159868 0.0079561 0.0498954 0.0159868 0.0349232 0.0326350 0.0079561 0.0330308 0.0752327 0.0752327 0.0000010 0.0000000 
