14
AF371960_AF371960.1_00069 0.0000000 0.1661901 0.1540431 0.2310314 0.1661901 0.2434029 0.2434029 0.1540431 0.0000010 0.0415913 0.0363636 0.1600348 0.1600348 0.0363636 
AY894343_MK689686.1_00067 0.1661901 0.0000000 0.0416254 0.1477655 0.0000010 0.1473526 0.1473526 0.0416254 0.1661901 0.1863225 0.1804803 0.0258591 0.0258591 0.1804803 
BD143114_MK689686.1_00067 0.1540431 0.0416254 0.0000000 0.1357279 0.0416254 0.1474185 0.1474185 0.0000010 0.1540431 0.1565363 0.1507981 0.0154303 0.0154303 0.1507981 
GQ273492_GQ273492.1_00067 0.2310314 0.1477655 0.1357279 0.0000000 0.1477655 0.0424331 0.0424331 0.1357279 0.2310314 0.2422475 0.2359203 0.1298060 0.1298060 0.2359203 
KC244182_MK689686.1_00067 0.1661901 0.0000010 0.0416254 0.1477655 0.0000000 0.1473526 0.1473526 0.0416254 0.1661901 0.1863225 0.1804803 0.0258591 0.0258591 0.1804803 
MG570131_MG570131.1_00067 0.2434029 0.1473526 0.1474185 0.0424331 0.1473526 0.0000000 0.0000010 0.1474185 0.2434029 0.2475018 0.2411838 0.1414565 0.1414565 0.2411838 
MG570132_MG570132.1_00067 0.2434029 0.1473526 0.1474185 0.0424331 0.1473526 0.0000010 0.0000000 0.1474185 0.2434029 0.2475018 0.2411838 0.1414565 0.1414565 0.2411838 
MK098185_MK689686.1_00067 0.1540431 0.0416254 0.0000010 0.1357279 0.0416254 0.1474185 0.1474185 0.0000000 0.1540431 0.1565363 0.1507981 0.0154303 0.0154303 0.1507981 
MK689685_AF371960.1_00069 0.0000010 0.1661901 0.1540431 0.2310314 0.1661901 0.2434029 0.2434029 0.1540431 0.0000000 0.0415913 0.0363636 0.1600348 0.1600348 0.0363636 
MN432490_AF371960.1_00069 0.0415913 0.1863225 0.1565363 0.2422475 0.1863225 0.2475018 0.2475018 0.1565363 0.0415913 0.0000000 0.0051025 0.1626391 0.1626391 0.0051025 
MT986830_AF371960.1_00069 0.0363636 0.1804803 0.1507981 0.2359203 0.1804803 0.2411838 0.2411838 0.1507981 0.0363636 0.0051025 0.0000000 0.1568747 0.1568747 0.0000010 
MW139932_MK689686.1_00067 0.1600348 0.0258591 0.0154303 0.1298060 0.0258591 0.1414565 0.1414565 0.0154303 0.1600348 0.1626391 0.1568747 0.0000000 0.0000010 0.1568747 
OK042108_MK689686.1_00067 0.1600348 0.0258591 0.0154303 0.1298060 0.0258591 0.1414565 0.1414565 0.0154303 0.1600348 0.1626391 0.1568747 0.0000010 0.0000000 0.1568747 
OP009387_AF371960.1_00069 0.0363636 0.1804803 0.1507981 0.2359203 0.1804803 0.2411838 0.2411838 0.1507981 0.0363636 0.0051025 0.0000010 0.1568747 0.1568747 0.0000000 
