31
Chlor_AMIV_KF938901_1_Chlor_AMIV_KF938901.1_00025             0.0000000 0.5442770 4.4251090 2.2088651 1.8675615 2.0172466 2.4928436 2.5742386 2.2983514 2.2983514 2.2954350 2.7624227 2.7611431 2.7723595 2.7611431 2.7611431 2.7620324 2.9296860 2.7653780 2.7653780 2.7653780 2.7653780 2.7723595 2.7674220 2.7620324 2.7398075 2.7604358 2.7604358 2.7726924 2.2830751 2.3457529 
Chlor_IIV22_HF920633_1_Chlor_IIV22_HF920633.1_00003           0.5442770 0.0000000 4.2900976 2.1467195 1.7261442 1.9077014 2.7485894 2.6549544 2.5395856 2.5395856 2.5371435 2.8840691 2.8904157 2.8865384 2.8904157 2.8917862 2.8837854 3.0777696 2.8936239 2.9001452 2.9001452 2.8936239 2.8865384 2.8945006 2.8837854 2.8977994 2.8966631 2.8966631 2.8998105 2.6242554 2.7843016 
Daphi_LS484712_1_Daphi_LS484712.1_00053                       4.4251090 4.2900976 0.0000000 4.2953947 4.4721682 4.2877130 4.5899894 4.4274052 4.1536240 4.1536240 4.1508200 4.0695347 4.0638490 4.0430631 4.0638490 4.0653311 4.0638490 4.2280278 4.0518221 4.0518221 4.0518221 4.0518221 4.0430631 4.0301347 4.0638490 4.0744628 4.0745787 4.0745787 4.0640807 4.3170630 4.5676001 
Decap_MF599468_1_Decap_MF599468.1_00117                       2.2088651 2.1467195 4.2953947 0.0000000 2.2067214 2.3557992 1.7638703 1.7956544 2.0048487 2.0048487 2.0028601 2.1490667 2.1560889 2.1463166 2.1560889 2.1587076 2.1567344 2.3173758 2.1488895 2.1537829 2.1537829 2.1488895 2.1463166 2.1450096 2.1567344 2.1421686 2.1466118 2.1466118 2.1572998 1.8729895 2.0503797 
Irido_IIV31_HF920637_1_Irido_IIV31_HF920637.1_00111           1.8675615 1.7261442 4.4721682 2.2067214 0.0000000 0.9154205 2.6026287 2.6581970 2.4857078 2.4857078 2.4809082 2.6828595 2.6909018 2.6847823 2.6909018 2.6963071 2.6846754 2.8272362 2.6885482 2.6945925 2.6945925 2.6885482 2.6847823 2.6841192 2.6846754 2.6753350 2.6854730 2.6854730 2.6940450 2.6874340 2.7663505 
Irido_IIV6_AF303741_1_Irido_IIV6_AF303741.1_00081             2.0172466 1.9077014 4.2877130 2.3557992 0.9154205 0.0000000 3.0241004 2.9865607 2.7785992 2.7785992 2.7732518 3.0756648 3.0896508 3.0786358 3.0896508 3.0995263 3.0825856 3.1848511 3.0811867 3.0882070 3.0882070 3.0811867 3.0786358 3.0800660 3.0825856 3.0668078 3.0653729 3.0653729 3.0949804 2.8926608 2.9247042 
Lymph_LCD4_MN803438_1_Lymph_LCD4_MN803438.1_00051             2.4928436 2.7485894 4.5899894 1.7638703 2.6026287 3.0241004 0.0000000 0.4492526 1.7066223 1.7066223 1.7030451 1.8376672 1.8386165 1.8276152 1.8386165 1.8409030 1.8392361 1.9765533 1.8198295 1.8234379 1.8234379 1.8198295 1.8276152 1.8386076 1.8392361 1.8171578 1.8177352 1.8177352 1.8227582 1.4609865 1.5124330 
Lymph_LDV1_L63545_1_Lymph_LDV1_L63545.1_00068                 2.5742386 2.6549544 4.4274052 1.7956544 2.6581970 2.9865607 0.4492526 0.0000000 1.6846966 1.6846966 1.6811644 1.9058806 1.9092055 1.9142795 1.9092055 1.9115605 1.9080243 2.0456240 1.9060846 1.9098364 1.9098364 1.9060846 1.9142795 1.9258349 1.9080243 1.9013116 1.9019040 1.9019040 1.9092252 1.5961317 1.5932759 
MCV_ML1_SDDV_MN562489_1_MCV_ML1_SDDV_MN562489.1_00063         2.2983514 2.5395856 4.1536240 2.0048487 2.4857078 2.7785992 1.7066223 1.6846966 0.0000000 0.0000010 0.0011008 0.9463252 0.9470281 0.9422092 0.9470281 0.9477149 0.9474720 1.0261863 0.9366902 0.9407001 0.9407001 0.9366902 0.9422092 0.9474112 0.9474720 0.9428381 0.9422028 0.9422028 0.9401140 1.8811692 1.8987935 
MCV_ML1_SDDV_MT521409_1_MCV_ML1_SDDV_MT521409.1_00064         2.2983514 2.5395856 4.1536240 2.0048487 2.4857078 2.7785992 1.7066223 1.6846966 0.0000010 0.0000000 0.0011008 0.9463252 0.9470281 0.9422092 0.9470281 0.9477149 0.9474720 1.0261863 0.9366902 0.9407001 0.9407001 0.9366902 0.9422092 0.9474112 0.9474720 0.9428381 0.9422028 0.9422028 0.9401140 1.8811692 1.8987935 
MCV_ML1_SDDV_NC_027778_1_MCV_ML1_SDDV_NC_027778.1_00043       2.2954350 2.5371435 4.1508200 2.0028601 2.4809082 2.7732518 1.7030451 1.6811644 0.0011008 0.0011008 0.0000000 0.9464986 0.9472018 0.9423816 0.9472018 0.9478888 0.9476457 1.0263813 0.9368612 0.9408721 0.9408721 0.9368612 0.9423816 0.9475850 0.9476457 0.9430105 0.9423751 0.9423751 0.9402859 1.8792600 1.8951515 
MCV_MP1_BCFI_MN432490_1_MCV_MP1_BCFI_MN432490.1_00108         2.7624227 2.8840691 4.0695347 2.1490667 2.6828595 3.0756648 1.8376672 1.9058806 0.9463252 0.9463252 0.9464986 0.0000000 0.0032798 0.0199102 0.0032798 0.0043757 0.0021855 0.0424692 0.0221495 0.0232970 0.0232970 0.0221495 0.0199102 0.0210405 0.0021855 0.0211126 0.0222212 0.0222212 0.0232780 1.8559789 1.8959912 
MCV_MP1_BCFI_MT926123_1_MCV_MP1_BCFI_MT926123.1_00107         2.7611431 2.8904157 4.0638490 2.1560889 2.6909018 3.0896508 1.8386165 1.9092055 0.9470281 0.9470281 0.9472018 0.0032798 0.0000000 0.0232989 0.0000010 0.0010914 0.0010911 0.0401232 0.0255491 0.0267057 0.0267057 0.0255491 0.0232989 0.0244364 0.0010911 0.0245203 0.0256318 0.0256318 0.0266841 1.8572209 1.8918483 
MCV_MP1_GSPI_KT804738_1_MCV_MP1_GSPI_KT804738.1_00104         2.7723595 2.8865384 4.0430631 2.1463166 2.6847823 3.0786358 1.8276152 1.9142795 0.9422092 0.9422092 0.9423816 0.0199102 0.0232989 0.0000000 0.0232989 0.0244229 0.0221784 0.0617469 0.0076460 0.0087533 0.0087533 0.0076460 0.0000010 0.0010901 0.0221784 0.0199196 0.0210239 0.0210239 0.0087461 1.8472225 1.8867285 
MCV_MP1_ISKNV_AF371960_1_MCV_MP1_ISKNV_AF371960.1_00107       2.7611431 2.8904157 4.0638490 2.1560889 2.6909018 3.0896508 1.8386165 1.9092055 0.9470281 0.9470281 0.9472018 0.0032798 0.0000010 0.0232989 0.0000000 0.0010914 0.0010911 0.0401232 0.0255491 0.0267057 0.0267057 0.0255491 0.0232989 0.0244364 0.0010911 0.0245203 0.0256318 0.0256318 0.0266841 1.8572209 1.8918483 
MCV_MP1_ISKNV_MK689685_1_MCV_MP1_ISKNV_MK689685.1_00105       2.7611431 2.8917862 4.0653311 2.1587076 2.6963071 3.0995263 1.8409030 1.9115605 0.9477149 0.9477149 0.9478888 0.0043757 0.0010914 0.0244229 0.0010914 0.0000000 0.0021835 0.0413059 0.0266757 0.0278349 0.0278349 0.0266757 0.0244229 0.0255623 0.0021835 0.0256500 0.0267621 0.0267621 0.0278124 1.8594264 1.8941154 
MCV_MP1_LBUSV_OP009387_1_MCV_MP1_LBUSV_OP009387.1_00107       2.7620324 2.8837854 4.0638490 2.1567344 2.6846754 3.0825856 1.8392361 1.9080243 0.9474720 0.9474720 0.9476457 0.0021855 0.0010911 0.0221784 0.0010911 0.0021835 0.0000000 0.0412926 0.0244262 0.0255803 0.0255803 0.0244262 0.0221784 0.0233141 0.0000010 0.0233941 0.0245053 0.0245053 0.0255596 1.8616425 1.8952998 
MCV_MP1_LYCI_AY779031_1_MCV_MP1_LYCI_AY779031.1_00116         2.9296860 3.0777696 4.2280278 2.3173758 2.8272362 3.1848511 1.9765533 2.0456240 1.0261863 1.0261863 1.0263813 0.0424692 0.0401232 0.0617469 0.0401232 0.0413059 0.0412926 0.0000000 0.0654293 0.0667191 0.0667191 0.0654293 0.0617469 0.0629886 0.0412926 0.0618744 0.0630371 0.0630371 0.0666652 1.9867607 2.0198669 
MCV_MP1_LYCI_MW139932_1_MCV_MP1_LYCI_MW139932.1_00108         2.7653780 2.8936239 4.0518221 2.1488895 2.6885482 3.0811867 1.8198295 1.9060846 0.9366902 0.9366902 0.9368612 0.0221495 0.0255491 0.0076460 0.0255491 0.0266757 0.0244262 0.0654293 0.0000000 0.0010885 0.0010885 0.0000010 0.0076460 0.0087604 0.0244262 0.0210019 0.0221049 0.0221049 0.0010876 1.8393329 1.8891630 
MCV_MP1_LYCI_OL774653_1_MCV_MP1_LYCI_OL774653.1_00001         2.7653780 2.9001452 4.0518221 2.1537829 2.6945925 3.0882070 1.8234379 1.9098364 0.9407001 0.9407001 0.9408721 0.0232970 0.0267057 0.0087533 0.0267057 0.0278349 0.0255803 0.0667191 0.0010885 0.0000000 0.0000010 0.0010885 0.0087533 0.0098724 0.0255803 0.0221453 0.0232500 0.0232500 0.0021790 1.8431610 1.8931365 
MCV_MP1_LYCI_OL774654_1_MCV_MP1_LYCI_OL774654.1_00106         2.7653780 2.9001452 4.0518221 2.1537829 2.6945925 3.0882070 1.8234379 1.9098364 0.9407001 0.9407001 0.9408721 0.0232970 0.0267057 0.0087533 0.0267057 0.0278349 0.0255803 0.0667191 0.0010885 0.0000010 0.0000000 0.0010885 0.0087533 0.0098724 0.0255803 0.0221453 0.0232500 0.0232500 0.0021790 1.8431610 1.8931365 
MCV_MP1_LYCI_OL774655_1_MCV_MP1_LYCI_OL774655.1_00108         2.7653780 2.8936239 4.0518221 2.1488895 2.6885482 3.0811867 1.8198295 1.9060846 0.9366902 0.9366902 0.9368612 0.0221495 0.0255491 0.0076460 0.0255491 0.0266757 0.0244262 0.0654293 0.0000010 0.0010885 0.0010885 0.0000000 0.0076460 0.0087604 0.0244262 0.0210019 0.0221049 0.0221049 0.0010876 1.8393329 1.8891630 
MCV_MP1_OSGI_AY894343_1_MCV_MP1_OSGI_AY894343.1_00108         2.7723595 2.8865384 4.0430631 2.1463166 2.6847823 3.0786358 1.8276152 1.9142795 0.9422092 0.9422092 0.9423816 0.0199102 0.0232989 0.0000010 0.0232989 0.0244229 0.0221784 0.0617469 0.0076460 0.0087533 0.0087533 0.0076460 0.0000000 0.0010901 0.0221784 0.0199196 0.0210239 0.0210239 0.0087461 1.8472225 1.8867285 
MCV_MP1_RBIV_AY532606_1_MCV_MP1_RBIV_AY532606.1_00111         2.7674220 2.8945006 4.0301347 2.1450096 2.6841192 3.0800660 1.8386076 1.9258349 0.9474112 0.9474112 0.9475850 0.0210405 0.0244364 0.0010901 0.0244364 0.0255623 0.0233141 0.0629886 0.0087604 0.0098724 0.0098724 0.0087604 0.0010901 0.0000000 0.0233141 0.0210797 0.0221866 0.0221866 0.0098643 1.8576125 1.8937340 
MCV_MP1_SKIV_MT986830_1_MCV_MP1_SKIV_MT986830.1_00111         2.7620324 2.8837854 4.0638490 2.1567344 2.6846754 3.0825856 1.8392361 1.9080243 0.9474720 0.9474720 0.9476457 0.0021855 0.0010911 0.0221784 0.0010911 0.0021835 0.0000010 0.0412926 0.0244262 0.0255803 0.0255803 0.0244262 0.0221784 0.0233141 0.0000000 0.0233941 0.0245053 0.0245053 0.0255596 1.8616425 1.8952998 
MCV_MP1_TRBIV_GQ273492_1_MCV_MP1_TRBIV_GQ273492.1_00103       2.7398075 2.8977994 4.0744628 2.1421686 2.6753350 3.0668078 1.8171578 1.9013116 0.9428381 0.9428381 0.9430105 0.0211126 0.0245203 0.0199196 0.0245203 0.0256500 0.0233941 0.0618744 0.0210019 0.0221453 0.0221453 0.0210019 0.0199196 0.0210797 0.0233941 0.0000000 0.0076768 0.0076768 0.0221273 1.8503562 1.9027991 
MCV_Unclassified_MG570131_1_MCV_Unclassified_MG570131.1_00103 2.7604358 2.8966631 4.0745787 2.1466118 2.6854730 3.0653729 1.8177352 1.9019040 0.9422028 0.9422028 0.9423751 0.0222212 0.0256318 0.0210239 0.0256318 0.0267621 0.0245053 0.0630371 0.0221049 0.0232500 0.0232500 0.0221049 0.0210239 0.0221866 0.0245053 0.0076768 0.0000000 0.0000010 0.0232312 1.8522968 1.9044765 
MCV_Unclassified_MG570132_1_MCV_Unclassified_MG570132.1_00103 2.7604358 2.8966631 4.0745787 2.1466118 2.6854730 3.0653729 1.8177352 1.9019040 0.9422028 0.9422028 0.9423751 0.0222212 0.0256318 0.0210239 0.0256318 0.0267621 0.0245053 0.0630371 0.0221049 0.0232500 0.0232500 0.0221049 0.0210239 0.0221866 0.0245053 0.0076768 0.0000010 0.0000000 0.0232312 1.8522968 1.9044765 
MCV_Unlassified_OL310752_1_MCV_Unlassified_OL310752.1_00065   2.7726924 2.8998105 4.0640807 2.1572998 2.6940450 3.0949804 1.8227582 1.9092252 0.9401140 0.9401140 0.9402859 0.0232780 0.0266841 0.0087461 0.0266841 0.0278124 0.0255596 0.0666652 0.0010876 0.0021790 0.0021790 0.0010876 0.0087461 0.0098643 0.0255596 0.0221273 0.0232312 0.0232312 0.0000000 1.8460661 1.8961666 
Rana_FV3_NC_005946_1_Rana_FV3_NC_005946.1_00023               2.2830751 2.6242554 4.3170630 1.8729895 2.6874340 2.8926608 1.4609865 1.5961317 1.8811692 1.8811692 1.8792600 1.8559789 1.8572209 1.8472225 1.8572209 1.8594264 1.8616425 1.9867607 1.8393329 1.8431610 1.8431610 1.8393329 1.8472225 1.8576125 1.8616425 1.8503562 1.8522968 1.8522968 1.8460661 0.0000000 0.4058645 
Rana_SGIV_AY521625_1_Rana_SGIV_AY521625.1_00047               2.3457529 2.7843016 4.5676001 2.0503797 2.7663505 2.9247042 1.5124330 1.5932759 1.8987935 1.8987935 1.8951515 1.8959912 1.8918483 1.8867285 1.8918483 1.8941154 1.8952998 2.0198669 1.8891630 1.8931365 1.8931365 1.8891630 1.8867285 1.8937340 1.8952998 1.9027991 1.9044765 1.9044765 1.8961666 0.4058645 0.0000000 
