16
AF371960_AF371960.1_00047 0.0000000 0.2599177 0.2550489 0.2881307 0.2669352 0.2523498 0.3045296 0.3096601 0.2550489 0.0000010 0.2523498 0.0234899 0.2669352 0.2744434 0.2473407 0.0234899 
AY894343_MK689686.1_00045 0.2599177 0.0000000 0.0838793 0.2495840 0.0175169 0.0058054 0.2803715 0.2855625 0.0838793 0.2599177 0.0058054 0.2540955 0.0175169 0.0234333 0.0775422 0.2540955 
BD143114_MK689686.1_00045 0.2550489 0.0838793 0.0000000 0.2246973 0.0900348 0.0775673 0.2459262 0.2513014 0.0000010 0.2550489 0.0775673 0.2491641 0.0900348 0.0963674 0.0058021 0.2491641 
GQ273492_GQ273492.1_00046 0.2881307 0.2495840 0.2246973 0.0000000 0.2566901 0.2419426 0.1513043 0.1512655 0.2246973 0.2881307 0.2419426 0.2821660 0.2566901 0.2642805 0.2170385 0.2821660 
KC244182_MK689686.1_00045 0.2669352 0.0175169 0.0900348 0.2566901 0.0000000 0.0116307 0.2930830 0.2981914 0.0900348 0.2669352 0.0116307 0.2611156 0.0000010 0.0057906 0.0836577 0.2611156 
KT804738_MK689686.1_00045 0.2523498 0.0058054 0.0775673 0.2419426 0.0116307 0.0000000 0.2779239 0.2830867 0.0775673 0.2523498 0.0000010 0.2465348 0.0116307 0.0175035 0.0712845 0.2465348 
MG570131_MG570131.1_00047 0.3045296 0.2803715 0.2459262 0.1513043 0.2930830 0.2779239 0.0000000 0.0117218 0.2459262 0.3045296 0.2779239 0.2985347 0.2930830 0.3009071 0.2381195 0.2985347 
MG570132_MG570132.1_00047 0.3096601 0.2855625 0.2513014 0.1512655 0.2981914 0.2830867 0.0117218 0.0000000 0.2513014 0.3096601 0.2830867 0.3037137 0.2981914 0.3059891 0.2435116 0.3037137 
MK098185_MK689686.1_00045 0.2550489 0.0838793 0.0000010 0.2246973 0.0900348 0.0775673 0.2459262 0.2513014 0.0000000 0.2550489 0.0775673 0.2491641 0.0900348 0.0963674 0.0058021 0.2491641 
MK689685_AF371960.1_00047 0.0000010 0.2599177 0.2550489 0.2881307 0.2669352 0.2523498 0.3045296 0.3096601 0.2550489 0.0000000 0.2523498 0.0234899 0.2669352 0.2744434 0.2473407 0.0234899 
MK689686_MK689686.1_00045 0.2523498 0.0058054 0.0775673 0.2419426 0.0116307 0.0000010 0.2779239 0.2830867 0.0775673 0.2523498 0.0000000 0.2465348 0.0116307 0.0175035 0.0712845 0.2465348 
MN432490_AF371960.1_00047 0.0234899 0.2540955 0.2491641 0.2821660 0.2611156 0.2465348 0.2985347 0.3037137 0.2491641 0.0234899 0.2465348 0.0000000 0.2611156 0.2686199 0.2414659 0.0000010 
MT798582_MK689686.1_00045 0.2669352 0.0175169 0.0900348 0.2566901 0.0000010 0.0116307 0.2930830 0.2981914 0.0900348 0.2669352 0.0116307 0.2611156 0.0000000 0.0057906 0.0836577 0.2611156 
OK042109_MK689686.1_00045 0.2744434 0.0234333 0.0963674 0.2642805 0.0057906 0.0175035 0.3009071 0.3059891 0.0963674 0.2744434 0.0175035 0.2686199 0.0057906 0.0000000 0.0899390 0.2686199 
ON740976_MK689686.1_00045 0.2473407 0.0775422 0.0058021 0.2170385 0.0836577 0.0712845 0.2381195 0.2435116 0.0058021 0.2473407 0.0712845 0.2414659 0.0836577 0.0899390 0.0000000 0.2414659 
OP009387_AF371960.1_00047 0.0234899 0.2540955 0.2491641 0.2821660 0.2611156 0.2465348 0.2985347 0.3037137 0.2491641 0.0234899 0.2465348 0.0000010 0.2611156 0.2686199 0.2414659 0.0000000 
