16
1_1        0.0000000 0.0332498 0.0416579 0.0332498 0.0678154 0.0332498 0.0416579 0.0890107 0.0504457 0.0332498 0.0000010 0.0416579 0.0420851 2.2898022 2.2898022 0.0420851 
4_1        0.0332498 0.0000000 0.0080432 0.0000010 0.0667180 0.0000010 0.0080432 0.0875948 0.0495984 0.0000010 0.0332498 0.0080432 0.0413621 2.3093591 2.3093591 0.0413621 
5_1        0.0416579 0.0080432 0.0000000 0.0080432 0.0752628 0.0080432 0.0000010 0.0965027 0.0580222 0.0080432 0.0416579 0.0000010 0.0497675 2.3006635 2.3006635 0.0497675 
6_71       0.0332498 0.0000010 0.0080432 0.0000000 0.0667180 0.0000010 0.0077703 0.0875948 0.0495984 0.0000010 0.0332498 0.0080432 0.0413621 2.3093591 2.3093591 0.0413621 
7_1        0.0678154 0.0667180 0.0752628 0.0667180 0.0000000 0.0667180 0.0752628 0.0515142 0.0161280 0.0667180 0.0678154 0.0752628 0.0582017 2.3288687 2.3288687 0.0582017 
10_1       0.0332498 0.0000010 0.0080432 0.0000010 0.0667180 0.0000000 0.0080432 0.0875948 0.0495984 0.0000010 0.0332498 0.0080432 0.0413621 2.3093591 2.3093591 0.0413621 
12_1       0.0416579 0.0080432 0.0000010 0.0077703 0.0752628 0.0080432 0.0000000 0.0965027 0.0580222 0.0077703 0.0416579 0.0000010 0.0497675 2.3006635 2.3006635 0.0497675 
16_1       0.0890107 0.0875948 0.0965027 0.0875948 0.0515142 0.0875948 0.0965027 0.0000000 0.0341768 0.0875948 0.0890107 0.0965027 0.0786905 2.4434442 2.4434442 0.0786905 
17_1       0.0504457 0.0495984 0.0580222 0.0495984 0.0161280 0.0495984 0.0580222 0.0341768 0.0000000 0.0495984 0.0504457 0.0580222 0.0412113 2.3060973 2.3060973 0.0412113 
20_1       0.0332498 0.0000010 0.0080432 0.0000010 0.0667180 0.0000010 0.0077703 0.0875948 0.0495984 0.0000000 0.0332498 0.0080432 0.0413621 2.3093591 2.3093591 0.0413621 
21_1       0.0000010 0.0332498 0.0416579 0.0332498 0.0678154 0.0332498 0.0416579 0.0890107 0.0504457 0.0332498 0.0000000 0.0416579 0.0420851 2.2898022 2.2898022 0.0420851 
22_1       0.0416579 0.0080432 0.0000010 0.0080432 0.0752628 0.0080432 0.0000010 0.0965027 0.0580222 0.0080432 0.0416579 0.0000000 0.0497675 2.3006635 2.3006635 0.0497675 
23_1       0.0420851 0.0413621 0.0497675 0.0413621 0.0582017 0.0413621 0.0497675 0.0786905 0.0412113 0.0413621 0.0420851 0.0497675 0.0000000 2.3119365 2.3119365 0.0000010 
24_104     2.2898022 2.3093591 2.3006635 2.3093591 2.3288687 2.3093591 2.3006635 2.4434442 2.3060973 2.3093591 2.2898022 2.3006635 2.3119365 0.0000000 0.0000010 2.3119365 
26_105     2.2898022 2.3093591 2.3006635 2.3093591 2.3288687 2.3093591 2.3006635 2.4434442 2.3060973 2.3093591 2.2898022 2.3006635 2.3119365 0.0000010 0.0000000 2.3119365 
29_1       0.0420851 0.0413621 0.0497675 0.0413621 0.0582017 0.0413621 0.0497675 0.0786905 0.0412113 0.0413621 0.0420851 0.0497675 0.0000010 2.3119365 2.3119365 0.0000000 
