23
0_155      0.0000000 2.2072740 2.4573029 2.1728419 2.6021032 2.2164705 2.2164705 2.2605729 1.7726062 1.0870257 2.2164705 1.6758582 1.7938668 3.0227482 2.1983805 2.1904740 2.1904740 2.1901851 2.2072740 2.3570370 2.7118321 2.3570370 2.2760958 
1_31       2.2072740 0.0000000 2.3094534 0.2740872 0.0897809 0.0312495 0.0312495 0.0475126 2.7288427 1.7827858 0.0312495 2.2578147 3.1623645 3.2172636 2.5524953 0.0473974 0.0473974 0.0152572 0.0000010 1.3874150 3.5944124 1.3874150 2.1372096 
2_73       2.4573029 2.3094534 0.0000000 2.4122335 2.7447084 2.2551046 2.2551046 2.3047132 1.9854687 2.3711866 2.2551046 2.0127039 1.7758514 1.5620395 2.0800820 2.2261405 2.2261405 2.2706497 2.3094534 1.8062827 2.1320850 1.8062827 0.9780601 
3_30       2.1728419 0.2740872 2.4122335 0.0000000 0.4196890 0.2245321 0.2245321 0.2468652 2.7706430 1.8857097 0.2245321 2.3041417 2.8909529 3.5696811 2.5884865 0.2458951 0.2458951 0.2975540 0.2740872 1.7608116 3.4478790 1.7608116 2.4656307 
4_34       2.6021032 0.0897809 2.7447084 0.4196890 0.0000000 0.1304672 0.1304672 0.1512788 3.4356471 2.2957023 0.1506002 3.0743073 3.4220146 4.2791477 2.9240236 0.1760124 0.1507576 0.0965028 0.0897809 1.6599860 3.2506276 1.6599860 2.3815811 
5_29       2.2164705 0.0312495 2.2551046 0.2245321 0.1304672 0.0000000 0.0000010 0.0151527 2.7469135 1.8001353 0.0000010 2.2483453 3.1493361 3.0616856 2.5539783 0.0151200 0.0151200 0.0474539 0.0312495 1.4340498 3.5768107 1.4340498 2.1873850 
6_43       2.2164705 0.0312495 2.2551046 0.2245321 0.1304672 0.0000010 0.0000000 0.0151527 2.7469135 1.8001353 0.0000010 2.2483453 3.1493361 3.0616856 2.5539783 0.0151200 0.0151200 0.0474539 0.0312495 1.4340498 3.5768107 1.4340498 2.1873850 
7_30       2.2605729 0.0475126 2.3047132 0.2468652 0.1512788 0.0151527 0.0151527 0.0000000 2.8060854 1.8342503 0.0151527 2.2929919 3.0302673 3.1072235 2.6072107 0.0306471 0.0306471 0.0641452 0.0475126 1.4446811 3.4349514 1.4446811 2.2344768 
8_79       1.7726062 2.7288427 1.9854687 2.7706430 3.4356471 2.7469135 2.7469135 2.8060854 0.0000000 2.2236894 2.7469135 0.8178385 1.7983882 2.9688193 1.9306862 2.7149894 2.7149894 2.6749517 2.7288427 3.5501592 2.7729194 3.5501592 2.6600076 
9_30       1.0870257 1.7827858 2.3711866 1.8857097 2.2957023 1.8001353 1.8001353 1.8342503 2.2236894 0.0000000 1.8001353 2.1557277 2.2716409 2.6015570 2.1954155 1.7781876 1.7781876 1.7516069 1.7827858 2.7304067 3.5728906 2.7304067 2.8490978 
10_29      2.2164705 0.0312495 2.2551046 0.2245321 0.1506002 0.0000010 0.0000010 0.0151527 2.7469135 1.8001353 0.0000000 2.2483453 3.1493361 3.0616856 2.5539783 0.0425033 0.0151200 0.0722098 0.0312495 1.4340498 3.5768107 1.4340498 2.1873850 
11_46      1.6758582 2.2578147 2.0127039 2.3041417 3.0743073 2.2483453 2.2483453 2.2929919 0.8178385 2.1557277 2.2483453 0.0000000 1.7489739 2.5384511 2.2731058 2.2221760 2.2221760 2.2404960 2.2578147 2.6785175 2.5133879 2.6785175 2.7006524 
13_97      1.7938668 3.1623645 1.7758514 2.8909529 3.4220146 3.1493361 3.1493361 3.0302673 1.7983882 2.2716409 3.1493361 1.7489739 0.0000000 2.5904600 1.3154733 3.1125061 3.1125061 3.1381686 3.1623645 2.9226110 0.5086547 2.9226110 1.5748100 
14_187     3.0227482 3.2172636 1.5620395 3.5696811 4.2791477 3.0616856 3.0616856 3.1072235 2.9688193 2.6015570 3.0616856 2.5384511 2.5904600 0.0000000 2.8389132 3.0235570 3.0235570 3.1462272 3.2172636 2.3562122 3.1257662 2.3562122 1.9274411 
15_89      2.1983805 2.5524953 2.0800820 2.5884865 2.9240236 2.5539783 2.5539783 2.6072107 1.9306862 2.1954155 2.5539783 2.2731058 1.3154733 2.8389132 0.0000000 2.5244020 2.5244020 2.5035267 2.5524953 2.7355091 2.1280370 2.7355091 2.0517054 
16_31      2.1904740 0.0473974 2.2261405 0.2458951 0.1760124 0.0151200 0.0151200 0.0306471 2.7149894 1.7781876 0.0425033 2.2221760 3.1125061 3.0235570 2.5244020 0.0000000 0.0000010 0.0907988 0.0473974 1.4147101 3.5345950 1.4147101 2.2335993 
17_31      2.1904740 0.0473974 2.2261405 0.2458951 0.1507576 0.0151200 0.0151200 0.0306471 2.7149894 1.7781876 0.0151200 2.2221760 3.1125061 3.0235570 2.5244020 0.0000010 0.0000000 0.0639823 0.0473974 1.4147101 3.5345950 1.4147101 2.2335993 
21_29      2.1901851 0.0152572 2.2706497 0.2975540 0.0965028 0.0474539 0.0474539 0.0641452 2.6749517 1.7516069 0.0722098 2.2404960 3.1381686 3.1462272 2.5035267 0.0907988 0.0639823 0.0000000 0.0152572 1.3661470 3.6727298 1.3661470 2.2341354 
23_32      2.2072740 0.0000010 2.3094534 0.2740872 0.0897809 0.0312495 0.0312495 0.0475126 2.7288427 1.7827858 0.0312495 2.2578147 3.1623645 3.2172636 2.5524953 0.0473974 0.0473974 0.0152572 0.0000000 1.3874150 3.5944124 1.3874150 2.1372096 
24_11      2.3570370 1.3874150 1.8062827 1.7608116 1.6599860 1.4340498 1.4340498 1.4446811 3.5501592 2.7304067 1.4340498 2.6785175 2.9226110 2.3562122 2.7355091 1.4147101 1.4147101 1.3661470 1.3874150 0.0000000 3.2542676 0.0000010 2.6932002 
25_67      2.7118321 3.5944124 2.1320850 3.4478790 3.2506276 3.5768107 3.5768107 3.4349514 2.7729194 3.5728906 3.5768107 2.5133879 0.5086547 3.1257662 2.1280370 3.5345950 3.5345950 3.6727298 3.5944124 3.2542676 0.0000000 3.2542676 1.7359616 
26_11      2.3570370 1.3874150 1.8062827 1.7608116 1.6599860 1.4340498 1.4340498 1.4446811 3.5501592 2.7304067 1.4340498 2.6785175 2.9226110 2.3562122 2.7355091 1.4147101 1.4147101 1.3661470 1.3874150 0.0000010 3.2542676 0.0000000 2.6932002 
31_82      2.2760958 2.1372096 0.9780601 2.4656307 2.3815811 2.1873850 2.1873850 2.2344768 2.6600076 2.8490978 2.1873850 2.7006524 1.5748100 1.9274411 2.0517054 2.2335993 2.2335993 2.2341354 2.1372096 2.6932002 1.7359616 2.6932002 0.0000000 
