17
1_119      0.0000000 0.5310257 0.4121064 0.6335799 0.5310257 0.5731544 0.6738782 0.6738782 0.4197490 0.4197490 0.0000010 0.1158017 0.5731544 0.0073496 0.5152667 0.4017519 0.4017519 
5_121      0.5310257 0.0000000 0.1611090 0.7408635 0.0000010 0.0000010 0.8423686 0.8423686 0.1687213 0.1687213 0.5310257 0.4553450 0.0000010 0.5424534 0.0656806 0.1779455 0.1779455 
6_77       0.4121064 0.1611090 0.0000000 0.4612712 0.1611090 0.1611090 0.5234097 0.5234097 0.0000010 0.0000010 0.4121064 0.4096554 0.1611090 0.4256145 0.0995787 0.0000010 0.0000010 
7_116      0.6335799 0.7408635 0.4612712 0.0000000 0.7408635 0.7391182 0.1651089 0.1651089 0.5385851 0.5385851 0.6335799 0.6697889 0.7391182 0.6448023 0.7589636 0.5273048 0.5273048 
10_119     0.5310257 0.0000010 0.1611090 0.7408635 0.0000000 0.0000010 0.8423686 0.8423686 0.1687213 0.1687213 0.5310257 0.4553450 0.0000010 0.5424534 0.0656806 0.1779455 0.1779455 
12_117     0.5731544 0.0000010 0.1611090 0.7391182 0.0000010 0.0000000 0.8394842 0.8394842 0.1611090 0.1611090 0.5731544 0.4474363 0.0000010 0.5875761 0.0463161 0.1611090 0.1611090 
16_116     0.6738782 0.8423686 0.5234097 0.1651089 0.8423686 0.8394842 0.0000000 0.0000010 0.6080767 0.6080767 0.6738782 0.7191962 0.8394842 0.6853167 0.8525127 0.6066907 0.6066907 
17_116     0.6738782 0.8423686 0.5234097 0.1651089 0.8423686 0.8394842 0.0000010 0.0000000 0.6080767 0.6080767 0.6738782 0.7191962 0.8394842 0.6853167 0.8525127 0.6066907 0.6066907 
18_120     0.4197490 0.1687213 0.0000010 0.5385851 0.1687213 0.1611090 0.6080767 0.6080767 0.0000000 0.0000010 0.4197490 0.4359636 0.1611090 0.4312512 0.0847616 0.0000010 0.0000010 
19_117     0.4197490 0.1687213 0.0000010 0.5385851 0.1687213 0.1611090 0.6080767 0.6080767 0.0000010 0.0000000 0.4197490 0.4359636 0.1611090 0.4312512 0.0847616 0.0000010 0.0000010 
21_116     0.0000010 0.5310257 0.4121064 0.6335799 0.5310257 0.5731544 0.6738782 0.6738782 0.4197490 0.4197490 0.0000000 0.1158017 0.5731544 0.0073496 0.5152667 0.4017519 0.4017519 
23_120     0.1158017 0.4553450 0.4096554 0.6697889 0.4553450 0.4474363 0.7191962 0.7191962 0.4359636 0.4359636 0.1158017 0.0000000 0.4474363 0.1249217 0.4317393 0.4160103 0.4160103 
27_28      0.5731544 0.0000010 0.1611090 0.7391182 0.0000010 0.0000010 0.8394842 0.8394842 0.1611090 0.1611090 0.5731544 0.4474363 0.0000000 0.5875761 0.0463161 0.1611090 0.1611090 
29_123     0.0073496 0.5424534 0.4256145 0.6448023 0.5424534 0.5875761 0.6853167 0.6853167 0.4312512 0.4312512 0.0073496 0.1249217 0.5875761 0.0000000 0.5270425 0.4124881 0.4124881 
33_77      0.5152667 0.0656806 0.0995787 0.7589636 0.0656806 0.0463161 0.8525127 0.8525127 0.0847616 0.0847616 0.5152667 0.4317393 0.0463161 0.5270425 0.0000000 0.0847616 0.0847616 
36_14      0.4017519 0.1779455 0.0000010 0.5273048 0.1779455 0.1611090 0.6066907 0.6066907 0.0000010 0.0000010 0.4017519 0.4160103 0.1611090 0.4124881 0.0847616 0.0000000 0.0000010 
37_119     0.4017519 0.1779455 0.0000010 0.5273048 0.1779455 0.1611090 0.6066907 0.6066907 0.0000010 0.0000010 0.4017519 0.4160103 0.1611090 0.4124881 0.0847616 0.0000010 0.0000000 
