17
1_67       0.0000000 0.1656114 0.1703297 0.1707489 0.1703297 0.1679425 0.1707489 1.5829569 0.1930944 0.1930944 0.1703297 0.0000010 0.0253958 0.0041705 0.0253958 0.1758892 0.1707489 
3_68       0.1656114 0.0000000 0.0690558 0.0027407 0.0660659 0.1340293 0.0027407 2.0585732 0.1482481 0.1482481 0.0660659 0.1380667 0.1177954 0.1301430 0.1177954 0.0054913 0.0030969 
4_71       0.1703297 0.0690558 0.0000000 0.0659982 0.0027390 0.1247348 0.0659982 2.1035672 0.1428859 0.1428859 0.0027390 0.1563436 0.1336706 0.1461179 0.1336706 0.0689693 0.0750206 
5_66       0.1707489 0.0027407 0.0659982 0.0000000 0.0630218 0.1305473 0.0000010 2.0585732 0.1515638 0.1515638 0.0630218 0.1417699 0.1209987 0.1333754 0.1209987 0.0027374 0.0000010 
6_8        0.1703297 0.0660659 0.0027390 0.0630218 0.0000000 0.1214750 0.0630218 2.0585732 0.1395938 0.1395938 0.0000010 0.1525547 0.1304036 0.1428176 0.1304036 0.0659833 0.0716185 
7_65       0.1679425 0.1340293 0.1247348 0.1305473 0.1214750 0.0000000 0.1305473 2.0456353 0.0758383 0.0758383 0.1214750 0.1481911 0.1404357 0.1531939 0.1404357 0.1338462 0.1336901 
10_65      0.1707489 0.0027407 0.0659982 0.0000010 0.0630218 0.1305473 0.0000000 2.0585732 0.1515638 0.1515638 0.0630218 0.1417699 0.1209987 0.1333754 0.1209987 0.0027374 0.0000010 
14_1       1.5829569 2.0585732 2.1035672 2.0585732 2.0585732 2.0456353 2.0585732 0.0000000 2.0206413 2.0206413 2.0585732 2.5790782 2.1787362 2.1787362 2.1787362 2.0585732 2.4566086 
16_65      0.1930944 0.1482481 0.1428859 0.1515638 0.1395938 0.0758383 0.1515638 2.0206413 0.0000000 0.0000010 0.1395938 0.1725968 0.1521319 0.1714914 0.1521319 0.1548798 0.1611543 
17_65      0.1930944 0.1482481 0.1428859 0.1515638 0.1395938 0.0758383 0.1515638 2.0206413 0.0000010 0.0000000 0.1395938 0.1725968 0.1521319 0.1714914 0.1521319 0.1548798 0.1611543 
18_67      0.1703297 0.0660659 0.0027390 0.0630218 0.0000010 0.1214750 0.0630218 2.0585732 0.1395938 0.1395938 0.0000000 0.1525547 0.1304036 0.1428176 0.1304036 0.0659833 0.0716185 
21_64      0.0000010 0.1380667 0.1563436 0.1417699 0.1525547 0.1481911 0.1417699 2.5790782 0.1725968 0.1725968 0.1525547 0.0000000 0.0252136 0.0031042 0.0252136 0.1454783 0.1417699 
23_66      0.0253958 0.1177954 0.1336706 0.1209987 0.1304036 0.1404357 0.1209987 2.1787362 0.1521319 0.1521319 0.1304036 0.0252136 0.0000000 0.0250666 0.0000010 0.1242079 0.1311705 
28_68      0.0041705 0.1301430 0.1461179 0.1333754 0.1428176 0.1531939 0.1333754 2.1787362 0.1714914 0.1714914 0.1428176 0.0031042 0.0250666 0.0000000 0.0250666 0.1366119 0.1453331 
29_68      0.0253958 0.1177954 0.1336706 0.1209987 0.1304036 0.1404357 0.1209987 2.1787362 0.1521319 0.1521319 0.1304036 0.0252136 0.0000010 0.0250666 0.0000000 0.1242079 0.1311705 
34_9       0.1758892 0.0054913 0.0689693 0.0027374 0.0659833 0.1338462 0.0027374 2.0585732 0.1548798 0.1548798 0.0659833 0.1454783 0.1242079 0.1366119 0.1242079 0.0000000 0.0030928 
35_30      0.1707489 0.0030969 0.0750206 0.0000010 0.0716185 0.1336901 0.0000010 2.4566086 0.1611543 0.1611543 0.0716185 0.1417699 0.1311705 0.1453331 0.1311705 0.0030928 0.0000000 
