11
3_22       0.0000000 0.0969477 0.2494043 0.3111263 0.0952009 0.2468521 0.0969477 0.0969477 0.0952579 0.0953120 0.0988056 
6_49       0.0969477 0.0000000 0.2168594 0.7624431 0.0044557 0.1335861 0.0000010 0.0000010 0.0000010 0.0026452 0.0000010 
16_25      0.2494043 0.2168594 0.0000000 0.0693259 0.2397280 0.3006195 0.2168594 0.2168594 0.2416982 0.2418234 0.2138568 
17_25      0.3111263 0.7624431 0.0693259 0.0000000 0.3299788 0.4077048 0.7624431 0.7624431 0.3303781 0.3275996 0.7053373 
19_24      0.0952009 0.0044557 0.2397280 0.3299788 0.0000000 0.2118165 0.0000010 0.0044557 0.0020724 0.0020733 0.0000010 
21_23      0.2468521 0.1335861 0.3006195 0.4077048 0.2118165 0.0000000 0.1335861 0.1335861 0.2119883 0.2100710 0.1335861 
30_26      0.0969477 0.0000010 0.2168594 0.7624431 0.0000010 0.1335861 0.0000000 0.0000010 0.0000010 0.0026452 0.0000010 
33_50      0.0969477 0.0000010 0.2168594 0.7624431 0.0044557 0.1335861 0.0000010 0.0000000 0.0000010 0.0026452 0.0000010 
35_0       0.0952579 0.0000010 0.2416982 0.3303781 0.0020724 0.2119883 0.0000010 0.0000010 0.0000000 0.0020739 0.0000010 
37_24      0.0953120 0.0026452 0.2418234 0.3275996 0.0020733 0.2100710 0.0026452 0.0026452 0.0020739 0.0000000 0.0026482 
42_25      0.0988056 0.0000010 0.2138568 0.7053373 0.0000010 0.1335861 0.0000010 0.0000010 0.0000010 0.0026482 0.0000000 
