6
0_104      0.0000000 2.1800981 0.8087400 0.8836706 1.5630907 2.1370773 
2_13       2.1800981 0.0000000 2.5048001 2.4137258 2.6158342 0.9828908 
8_143      0.8087400 2.5048001 0.0000000 0.3342694 1.6468300 2.2044780 
11_100     0.8836706 2.4137258 0.3342694 0.0000000 1.7365715 2.3112219 
15_80      1.5630907 2.6158342 1.6468300 1.7365715 0.0000000 2.4193876 
31_3       2.1370773 0.9828908 2.2044780 2.3112219 2.4193876 0.0000000 
