8
0_100      0.0000000 1.1455919 0.8503328 1.1041739 0.8901097 0.9592079 0.8901097 0.8157747 
8_155      1.1455919 0.0000000 0.9813212 0.5922113 1.1481437 1.0634394 1.1481437 1.0939333 
9_122      0.8503328 0.9813212 0.0000000 0.9881070 0.9545494 1.0724622 0.9545494 0.8735372 
11_107     1.1041739 0.5922113 0.9881070 0.0000000 1.0177133 1.1824134 1.0177133 0.9596496 
24_68      0.8901097 1.1481437 0.9545494 1.0177133 0.0000000 0.6564981 0.0000010 0.0043609 
25_4       0.9592079 1.0634394 1.0724622 1.1824134 0.6564981 0.0000000 0.6564981 0.6695877 
26_69      0.8901097 1.1481437 0.9545494 1.0177133 0.0000010 0.6564981 0.0000000 0.0043609 
39_66      0.8157747 1.0939333 0.8735372 0.9596496 0.0043609 0.6695877 0.0043609 0.0000000 
