15
1_15       0.0000000 0.0415781 0.0420035 0.0415781 0.0417271 0.0311606 0.0418600 0.0418600 0.0417271 0.0000010 0.0358133 0.0204824 0.0102296 0.0358133 0.0102296 
3_14       0.0415781 0.0000000 0.0205625 0.0000010 0.0204293 0.0101718 0.0204940 0.0204940 0.0204293 0.0415781 0.0000010 0.0414042 0.0310150 0.0000010 0.0310150 
4_16       0.0420035 0.0205625 0.0000000 0.0205625 0.0206358 0.0102745 0.0207017 0.0207017 0.0206358 0.0420035 0.0237115 0.0418251 0.0313313 0.0237115 0.0313313 
5_15       0.0415781 0.0000010 0.0205625 0.0000000 0.0204293 0.0101718 0.0204940 0.0204940 0.0204293 0.0415781 0.0000010 0.0414042 0.0310150 0.0000010 0.0310150 
6_58       0.0417271 0.0204293 0.0206358 0.0204293 0.0000000 0.0102078 0.0205667 0.0205667 0.0000010 0.0417271 0.0235346 0.0415508 0.0311258 0.0235346 0.0311258 
7_15       0.0311606 0.0101718 0.0102745 0.0101718 0.0102078 0.0000000 0.0102403 0.0102403 0.0102078 0.0311606 0.0117085 0.0310291 0.0206620 0.0117085 0.0206620 
16_16      0.0418600 0.0204940 0.0207017 0.0204940 0.0205667 0.0102403 0.0000000 0.0000010 0.0205667 0.0418600 0.0236203 0.0416827 0.0312250 0.0236203 0.0312250 
17_16      0.0418600 0.0204940 0.0207017 0.0204940 0.0205667 0.0102403 0.0000010 0.0000000 0.0205667 0.0418600 0.0236203 0.0416827 0.0312250 0.0236203 0.0312250 
18_15      0.0417271 0.0204293 0.0206358 0.0204293 0.0000010 0.0102078 0.0205667 0.0205667 0.0000000 0.0417271 0.0235346 0.0415508 0.0311258 0.0235346 0.0311258 
21_15      0.0000010 0.0415781 0.0420035 0.0415781 0.0417271 0.0311606 0.0418600 0.0418600 0.0417271 0.0000000 0.0358133 0.0204824 0.0102296 0.0358133 0.0102296 
22_14      0.0358133 0.0000010 0.0237115 0.0000010 0.0235346 0.0117085 0.0236203 0.0236203 0.0235346 0.0358133 0.0000000 0.0356400 0.0237233 0.0000010 0.0237233 
23_15      0.0204824 0.0414042 0.0418251 0.0414042 0.0415508 0.0310291 0.0416827 0.0416827 0.0415508 0.0204824 0.0356400 0.0000000 0.0101867 0.0356400 0.0101867 
29_15      0.0102296 0.0310150 0.0313313 0.0310150 0.0311258 0.0206620 0.0312250 0.0312250 0.0311258 0.0102296 0.0237233 0.0101867 0.0000000 0.0237233 0.0000010 
38_15      0.0358133 0.0000010 0.0237115 0.0000010 0.0235346 0.0117085 0.0236203 0.0236203 0.0235346 0.0358133 0.0000010 0.0356400 0.0237233 0.0000000 0.0237233 
43_15      0.0102296 0.0310150 0.0313313 0.0310150 0.0311258 0.0206620 0.0312250 0.0312250 0.0311258 0.0102296 0.0237233 0.0101867 0.0000010 0.0237233 0.0000000 
