19
1_113      0.0000000 0.1274073 0.2453277 0.1768708 0.1558166 0.1127911 0.1368033 0.1368033 0.1330850 0.1294218 0.1558166 0.0000010 0.1368033 0.0595909 0.1368033 0.0000010 0.1350774 0.2008506 0.1400807 
3_120      0.1274073 0.0000000 0.0900883 0.0548321 0.0542951 0.1261011 0.0089383 0.0089383 0.1581275 0.1540264 0.0542951 0.1274073 0.0089383 0.1546262 0.0089383 0.1202573 0.0707587 0.0685614 0.0680725 
4_123      0.2453277 0.0900883 0.0000000 0.1732494 0.0149872 0.1774951 0.0807211 0.0807211 0.2493246 0.2401588 0.0149872 0.2453277 0.0807211 0.2919847 0.0807211 0.2325798 3.9448101 0.0149872 0.0311453 
5_115      0.1768708 0.0548321 0.1732494 0.0000000 0.0891942 0.1965308 0.0416350 0.0416350 0.2243201 0.2186323 0.0891942 0.1768708 0.0416350 0.2058259 0.0416350 0.1687533 0.0545937 0.1527351 0.0897245 
6_83       0.1558166 0.0542951 0.0149872 0.0891942 0.0000000 0.1245645 0.0439113 0.0439113 0.1660843 0.1619401 0.0000010 0.1558166 0.0439113 0.1779487 0.0439113 0.1485559 0.0343790 0.0000010 0.0089791 
7_110      0.1127911 0.1261011 0.1774951 0.1965308 0.1245645 0.0000000 0.1355784 0.1355784 0.0475582 0.0448857 0.1245645 0.1127911 0.1355784 0.1474138 0.1355784 0.1117213 0.1116469 0.1637584 0.1202018 
10_114     0.1368033 0.0089383 0.0807211 0.0416350 0.0439113 0.1355784 0.0000000 0.0000010 0.1678516 0.1636599 0.0439113 0.1368033 0.0000010 0.1604349 0.0000010 0.1297140 0.0545937 0.0605490 0.0571174 
12_111     0.1368033 0.0089383 0.0807211 0.0416350 0.0439113 0.1355784 0.0000010 0.0000000 0.1678516 0.1636599 0.0439113 0.1368033 0.0000010 0.1604349 0.0000010 0.1297140 0.0545937 0.0605490 0.0571174 
16_110     0.1330850 0.1581275 0.2493246 0.2243201 0.1660843 0.0475582 0.1678516 0.1678516 0.0000000 0.0021394 0.1660843 0.1330850 0.1678516 0.1798667 0.1678516 0.1311056 0.1362400 0.2134731 0.1620258 
17_110     0.1294218 0.1540264 0.2401588 0.2186323 0.1619401 0.0448857 0.1636599 0.1636599 0.0021394 0.0000000 0.1619401 0.1294218 0.1636599 0.1755735 0.1636599 0.1271912 0.1362400 0.2060647 0.1579298 
18_114     0.1558166 0.0542951 0.0149872 0.0891942 0.0000010 0.1245645 0.0439113 0.0439113 0.1660843 0.1619401 0.0000000 0.1558166 0.0439113 0.1779487 0.0439113 0.1485559 0.0343790 0.0000010 0.0089791 
21_111     0.0000010 0.1274073 0.2453277 0.1768708 0.1558166 0.1127911 0.1368033 0.1368033 0.1330850 0.1294218 0.1558166 0.0000000 0.1368033 0.0595909 0.1368033 0.0000010 0.1350774 0.2008506 0.1400807 
22_112     0.1368033 0.0089383 0.0807211 0.0416350 0.0439113 0.1355784 0.0000010 0.0000010 0.1678516 0.1636599 0.0439113 0.1368033 0.0000000 0.1604349 0.0000010 0.1297140 0.0545937 0.0605490 0.0571174 
23_114     0.0595909 0.1546262 0.2919847 0.2058259 0.1779487 0.1474138 0.1604349 0.1604349 0.1798667 0.1755735 0.1779487 0.0595909 0.1604349 0.0000000 0.1604349 0.0483074 0.1476646 0.2390817 0.1787800 
27_34      0.1368033 0.0089383 0.0807211 0.0416350 0.0439113 0.1355784 0.0000010 0.0000010 0.1678516 0.1636599 0.0439113 0.1368033 0.0000010 0.1604349 0.0000000 0.1297140 0.0545937 0.0605490 0.0571174 
28_113     0.0000010 0.1202573 0.2325798 0.1687533 0.1485559 0.1117213 0.1297140 0.1297140 0.1311056 0.1271912 0.1485559 0.0000010 0.1297140 0.0483074 0.1297140 0.0000000 0.1350774 0.1893903 0.1329014 
35_116     0.1350774 0.0707587 3.9448101 0.0545937 0.0343790 0.1116469 0.0545937 0.0545937 0.1362400 0.1362400 0.0343790 0.1350774 0.0545937 0.1476646 0.0545937 0.1350774 0.0000000 1.6190548 0.0343790 
35_117     0.2008506 0.0685614 0.0149872 0.1527351 0.0000010 0.1637584 0.0605490 0.0605490 0.2134731 0.2060647 0.0000010 0.2008506 0.0605490 0.2390817 0.0605490 0.1893903 1.6190548 0.0000000 0.0137508 
44_112     0.1400807 0.0680725 0.0311453 0.0897245 0.0089791 0.1202018 0.0571174 0.0571174 0.1620258 0.1579298 0.0089791 0.1400807 0.0571174 0.1787800 0.0571174 0.1329014 0.0343790 0.0137508 0.0000000 
