13
1_43       0.0000000 0.0000010 0.1230726 0.1161683 0.1642438 0.1230726 0.1846674 0.1846674 0.1283995 0.1283995 0.0000010 0.0188237 0.1293222 
4_47       0.0000010 0.0000000 0.1032504 0.1254994 0.1607126 0.1032504 0.1724379 0.1724379 0.1254994 0.1254994 0.0000010 0.0084376 0.1254994 
5_41       0.1230726 0.1032504 0.0000000 0.0323529 0.0898216 0.0000010 0.1034619 0.1034619 0.0326321 0.0326321 0.1230726 0.1228418 0.0195221 
6_31       0.1161683 0.1254994 0.0323529 0.0000000 0.1003580 0.0323529 0.1029809 0.1029809 0.0000010 0.0000010 0.1161683 0.1159191 0.0000010 
7_42       0.1642438 0.1607126 0.0898216 0.1003580 0.0000000 0.0898216 0.0743039 0.0743039 0.0953634 0.0953634 0.1642438 0.1629294 0.0993086 
10_41      0.1230726 0.1032504 0.0000010 0.0323529 0.0898216 0.0000000 0.1034619 0.1034619 0.0326321 0.0326321 0.1230726 0.1228418 0.0195221 
16_43      0.1846674 0.1724379 0.1034619 0.1029809 0.0743039 0.1034619 0.0000000 0.0000010 0.0975797 0.0975797 0.1846674 0.1837899 0.0866430 
17_43      0.1846674 0.1724379 0.1034619 0.1029809 0.0743039 0.1034619 0.0000010 0.0000000 0.0975797 0.0975797 0.1846674 0.1837899 0.0866430 
18_45      0.1283995 0.1254994 0.0326321 0.0000010 0.0953634 0.0326321 0.0975797 0.0975797 0.0000000 0.0000010 0.1283995 0.1281529 0.0000010 
19_42      0.1283995 0.1254994 0.0326321 0.0000010 0.0953634 0.0326321 0.0975797 0.0975797 0.0000010 0.0000000 0.1283995 0.1281529 0.0000010 
21_41      0.0000010 0.0000010 0.1230726 0.1161683 0.1642438 0.1230726 0.1846674 0.1846674 0.1283995 0.1283995 0.0000000 0.0188237 0.1293222 
23_44      0.0188237 0.0084376 0.1228418 0.1159191 0.1629294 0.1228418 0.1837899 0.1837899 0.1281529 0.1281529 0.0188237 0.0000000 0.1290269 
36_63      0.1293222 0.1254994 0.0195221 0.0000010 0.0993086 0.0195221 0.0866430 0.0866430 0.0000010 0.0000010 0.1293222 0.1290269 0.0000000 
