17
1_69       0.0000000 0.0585489 0.2084087 0.0654684 0.0640637 0.0597484 0.0678613 0.0654684 0.0663946 0.0663946 0.0640637 0.0000010 0.0212484 0.0678613 0.0020677 0.0212484 0.0680558 
3_70       0.0585489 0.0000000 0.1521211 0.0062646 0.0259958 0.0724708 0.0083703 0.0062646 0.0700353 0.0700353 0.0259958 0.0585489 0.0546575 0.0083703 0.0609418 0.0546575 0.0105103 
4_75       0.2084087 0.1521211 0.0000000 0.1475979 0.1185240 0.2203373 0.1521727 0.1475979 0.2328651 0.2328651 0.1185240 0.2084087 0.2176239 0.1521727 0.2084087 0.2176239 0.1479262 
5_68       0.0654684 0.0062646 0.1475979 0.0000000 0.0237738 0.0652854 0.0020788 0.0000010 0.0675144 0.0675144 0.0237738 0.0654684 0.0616523 0.0020788 0.0678798 0.0616523 0.0041764 
6_6        0.0640637 0.0259958 0.1185240 0.0237738 0.0000000 0.0732300 0.0259902 0.0237738 0.0754766 0.0754766 0.0000010 0.0640637 0.0576219 0.0259902 0.0665000 0.0576219 0.0193355 
7_67       0.0597484 0.0724708 0.2203373 0.0652854 0.0732300 0.0000000 0.0676710 0.0652854 0.0273180 0.0273180 0.0732300 0.0597484 0.0694019 0.0676710 0.0621043 0.0694019 0.0678636 
10_67      0.0678613 0.0083703 0.1521727 0.0020788 0.0259902 0.0676710 0.0000000 0.0020788 0.0698999 0.0698999 0.0259902 0.0678613 0.0640669 0.0000010 0.0702830 0.0640669 0.0062779 
12_65      0.0654684 0.0062646 0.1475979 0.0000010 0.0237738 0.0652854 0.0020788 0.0000000 0.0675144 0.0675144 0.0237738 0.0654684 0.0616523 0.0020788 0.0678798 0.0616523 0.0041764 
16_67      0.0663946 0.0700353 0.2328651 0.0675144 0.0754766 0.0273180 0.0698999 0.0675144 0.0000000 0.0000010 0.0754766 0.0663946 0.0715114 0.0698999 0.0687624 0.0715114 0.0700989 
17_67      0.0663946 0.0700353 0.2328651 0.0675144 0.0754766 0.0273180 0.0698999 0.0675144 0.0000010 0.0000000 0.0754766 0.0663946 0.0715114 0.0698999 0.0687624 0.0715114 0.0700989 
18_69      0.0640637 0.0259958 0.1185240 0.0237738 0.0000010 0.0732300 0.0259902 0.0237738 0.0754766 0.0754766 0.0000000 0.0640637 0.0576219 0.0259902 0.0665000 0.0576219 0.0193355 
21_66      0.0000010 0.0585489 0.2084087 0.0654684 0.0640637 0.0597484 0.0678613 0.0654684 0.0663946 0.0663946 0.0640637 0.0000000 0.0212484 0.0678613 0.0020677 0.0212484 0.0680558 
23_69      0.0212484 0.0546575 0.2176239 0.0616523 0.0576219 0.0694019 0.0640669 0.0616523 0.0715114 0.0715114 0.0576219 0.0212484 0.0000000 0.0640669 0.0234307 0.0000010 0.0616866 
27_93      0.0678613 0.0083703 0.1521727 0.0020788 0.0259902 0.0676710 0.0000010 0.0020788 0.0698999 0.0698999 0.0259902 0.0678613 0.0640669 0.0000000 0.0702830 0.0640669 0.0062779 
28_70      0.0020677 0.0609418 0.2084087 0.0678798 0.0665000 0.0621043 0.0702830 0.0678798 0.0687624 0.0687624 0.0665000 0.0020677 0.0234307 0.0702830 0.0000000 0.0234307 0.0704845 
29_71      0.0212484 0.0546575 0.2176239 0.0616523 0.0576219 0.0694019 0.0640669 0.0616523 0.0715114 0.0715114 0.0576219 0.0212484 0.0000010 0.0640669 0.0234307 0.0000000 0.0616866 
42_70      0.0680558 0.0105103 0.1479262 0.0041764 0.0193355 0.0678636 0.0062779 0.0041764 0.0700989 0.0700989 0.0193355 0.0680558 0.0616866 0.0062779 0.0704845 0.0616866 0.0000000 
