14
1_71       0.0000000 0.1512913 0.1313555 0.1255061 0.1196032 0.1255061 0.1255061 0.1196032 0.1269959 0.0000010 0.0129329 0.0000010 0.0129329 0.0145130 
3_73       0.1512913 0.0000000 0.0350734 0.1124058 0.0806034 0.0505700 0.1124058 0.0806034 0.0881671 0.1512913 0.1355442 0.1512913 0.1355442 0.1090931 
4_78       0.1313555 0.0350734 0.0000000 0.0350734 0.0086722 0.0350734 0.0350734 0.0086722 0.0174093 0.1313555 0.1198097 0.1313555 0.1198097 0.1198097 
5_70       0.1255061 0.1124058 0.0350734 0.0000000 0.0259528 0.0000010 0.0000010 0.0259528 0.0325290 0.1255061 0.1110955 0.1255061 0.1110955 0.1090931 
6_4        0.1196032 0.0806034 0.0086722 0.0259528 0.0000000 0.0259528 0.0259528 0.0000010 0.0064401 0.1196032 0.1110479 0.1196032 0.1110479 0.1009181 
10_70      0.1255061 0.0505700 0.0350734 0.0000010 0.0259528 0.0000000 0.0000010 0.0259528 0.0325290 0.1255061 0.1110955 0.1255061 0.1110955 0.1090931 
12_67      0.1255061 0.1124058 0.0350734 0.0000010 0.0259528 0.0000010 0.0000000 0.0259528 0.0325290 0.1255061 0.1110955 0.1255061 0.1110955 0.1090931 
18_71      0.1196032 0.0806034 0.0086722 0.0259528 0.0000010 0.0259528 0.0259528 0.0000000 0.0064401 0.1196032 0.1110479 0.1196032 0.1110479 0.1009181 
20_71      0.1269959 0.0881671 0.0174093 0.0325290 0.0064401 0.0325290 0.0325290 0.0064401 0.0000000 0.1269959 0.1183304 0.1269959 0.1183304 0.1090350 
21_68      0.0000010 0.1512913 0.1313555 0.1255061 0.1196032 0.1255061 0.1255061 0.1196032 0.1269959 0.0000000 0.0129329 0.0000010 0.0129329 0.0145130 
23_71      0.0129329 0.1355442 0.1198097 0.1110955 0.1110479 0.1110955 0.1110955 0.1110479 0.1183304 0.0129329 0.0000000 0.0129329 0.0000010 0.0000010 
28_72      0.0000010 0.1512913 0.1313555 0.1255061 0.1196032 0.1255061 0.1255061 0.1196032 0.1269959 0.0000010 0.0129329 0.0000000 0.0129329 0.0145130 
29_73      0.0129329 0.1355442 0.1198097 0.1110955 0.1110479 0.1110955 0.1110955 0.1110479 0.1183304 0.0129329 0.0000010 0.0129329 0.0000000 0.0000010 
43_70      0.0145130 0.1090931 0.1198097 0.1090931 0.1009181 0.1090931 0.1090931 0.1009181 0.1090350 0.0145130 0.0000010 0.0145130 0.0000010 0.0000000 
