20
1_28       0.0000000 0.1342101 0.0396677 0.1576425 0.1472776 0.1104246 0.1643116 0.1576425 0.1820733 0.1925718 0.1472776 0.1468515 0.0000010 0.0093029 0.1360972 0.0186422 0.1360972 0.1475013 0.1475013 0.0093029 
3_27       0.1342101 0.0000000 0.1773685 0.0213545 0.0429065 0.1990328 0.0000010 0.0213545 0.2517908 0.2381843 0.0429065 0.0557657 0.1342101 0.1223140 0.0213545 0.1337304 0.0213545 0.0345612 0.0345612 0.1223140 
4_31       0.0396677 0.1773685 0.0000000 0.2019608 0.1912681 0.1586519 0.2073763 0.2019608 0.2334292 0.2443866 0.1912681 0.2043910 0.0396677 0.0496868 0.1839597 0.0596217 0.1839597 0.1901442 0.1901442 0.0496868 
5_26       0.1576425 0.0213545 0.2019608 0.0000000 0.0213349 0.1994201 0.0000010 0.0000010 0.2523006 0.2386614 0.0213349 0.0276780 0.1576425 0.1455222 0.0000010 0.1496089 0.0000010 0.0345612 0.0345612 0.1455222 
6_46       0.1472776 0.0429065 0.1912681 0.0213349 0.0000000 0.1851945 0.0345612 0.0213349 0.2490560 0.2356063 0.0000010 0.0000010 0.1472776 0.1351969 0.0213349 0.1390983 0.0213349 0.0000010 0.0000010 0.1351969 
7_27       0.1104246 0.1990328 0.1586519 0.1994201 0.1851945 0.0000000 0.2501471 0.1994201 0.0866785 0.0964847 0.1851945 0.2126626 0.1104246 0.0999255 0.1711780 0.1100816 0.1711780 0.2258584 0.2258584 0.0999255 
10_26      0.1643116 0.0000010 0.2073763 0.0000010 0.0345612 0.2501471 0.0000000 0.0000010 0.2939827 0.2712790 0.0345612 0.0345612 0.1643116 0.1643116 0.0000010 0.1643116 0.0000010 0.0345612 0.0345612 0.1643116 
12_26      0.1576425 0.0213545 0.2019608 0.0000010 0.0213349 0.1994201 0.0000010 0.0000000 0.2523006 0.2386614 0.0213349 0.0276780 0.1576425 0.1455222 0.0000010 0.1496089 0.0000010 0.0345612 0.0345612 0.1455222 
16_28      0.1820733 0.2517908 0.2334292 0.2523006 0.2490560 0.0866785 0.2939827 0.2523006 0.0000000 0.0091369 0.2490560 0.2588438 0.1820733 0.1710728 0.2157003 0.1814540 0.2157003 0.2878878 0.2878878 0.1710728 
17_28      0.1925718 0.2381843 0.2443866 0.2386614 0.2356063 0.0964847 0.2712790 0.2386614 0.0091369 0.0000000 0.2356063 0.2414730 0.1925718 0.1814881 0.2042722 0.1919078 0.2042722 0.2656998 0.2656998 0.1814881 
18_30      0.1472776 0.0429065 0.1912681 0.0213349 0.0000010 0.1851945 0.0345612 0.0213349 0.2490560 0.2356063 0.0000000 0.0000010 0.1472776 0.1351969 0.0213349 0.1390983 0.0213349 0.0000010 0.0000010 0.1351969 
20_30      0.1468515 0.0557657 0.2043910 0.0276780 0.0000010 0.2126626 0.0345612 0.0276780 0.2588438 0.2414730 0.0000010 0.0000000 0.1468515 0.1468515 0.0276780 0.1522475 0.0276780 0.0000010 0.0000010 0.1468515 
21_26      0.0000010 0.1342101 0.0396677 0.1576425 0.1472776 0.1104246 0.1643116 0.1576425 0.1820733 0.1925718 0.1472776 0.1468515 0.0000000 0.0093029 0.1360972 0.0186422 0.1360972 0.1475013 0.1475013 0.0093029 
23_29      0.0093029 0.1223140 0.0496868 0.1455222 0.1351969 0.0999255 0.1643116 0.1455222 0.1710728 0.1814881 0.1351969 0.1468515 0.0093029 0.0000000 0.1257527 0.0092791 0.1257527 0.1475013 0.1475013 0.0000010 
27_77      0.1360972 0.0213545 0.1839597 0.0000010 0.0213349 0.1711780 0.0000010 0.0000010 0.2157003 0.2042722 0.0213349 0.0276780 0.1360972 0.1257527 0.0000000 0.1289429 0.0000010 0.0345612 0.0345612 0.1257527 
29_30      0.0186422 0.1337304 0.0596217 0.1496089 0.1390983 0.1100816 0.1643116 0.1496089 0.1814540 0.1919078 0.1390983 0.1522475 0.0186422 0.0092791 0.1289429 0.0000000 0.1289429 0.1475013 0.1475013 0.0092791 
34_48      0.1360972 0.0213545 0.1839597 0.0000010 0.0213349 0.1711780 0.0000010 0.0000010 0.2157003 0.2042722 0.0213349 0.0276780 0.1360972 0.1257527 0.0000010 0.1289429 0.0000000 0.0345612 0.0345612 0.1257527 
36_48      0.1475013 0.0345612 0.1901442 0.0345612 0.0000010 0.2258584 0.0345612 0.0345612 0.2878878 0.2656998 0.0000010 0.0000010 0.1475013 0.1475013 0.0345612 0.1475013 0.0345612 0.0000000 0.0000010 0.1475013 
38_31      0.1475013 0.0345612 0.1901442 0.0345612 0.0000010 0.2258584 0.0345612 0.0345612 0.2878878 0.2656998 0.0000010 0.0000010 0.1475013 0.1475013 0.0345612 0.1475013 0.0345612 0.0000010 0.0000000 0.1475013 
43_27      0.0093029 0.1223140 0.0496868 0.1455222 0.1351969 0.0999255 0.1643116 0.1455222 0.1710728 0.1814881 0.1351969 0.1468515 0.0093029 0.0000010 0.1257527 0.0092791 0.1257527 0.1475013 0.1475013 0.0000000 
