13
1_97       0.0000000 0.1770830 0.3974519 0.1770830 0.1863942 0.2618453 0.2526292 0.2526292 0.1863942 0.0000010 0.0462996 0.0462996 0.0557407 
3_100      0.1770830 0.0000000 0.6194543 0.0000010 0.0458063 0.2165656 0.2056060 0.2056060 0.0458063 0.1770830 0.1471107 0.1471107 0.1574451 
4_104      0.3974519 0.6194543 0.0000000 0.6194543 0.5939431 0.5743703 0.5587460 0.5587460 0.5939431 0.3974519 0.4363940 0.4363940 0.4394619 
5_97       0.1770830 0.0000010 0.6194543 0.0000000 0.0458063 0.2165656 0.2056060 0.2056060 0.0458063 0.1770830 0.1471107 0.1471107 0.1574451 
6_101      0.1863942 0.0458063 0.5939431 0.0458063 0.0000000 0.2131657 0.2023560 0.2023560 0.0000010 0.1863942 0.1564776 0.1564776 0.1668120 
7_93       0.2618453 0.2165656 0.5743703 0.2165656 0.2131657 0.0000000 0.0369984 0.0369984 0.2131657 0.2618453 0.2303343 0.2303343 0.2314745 
16_93      0.2526292 0.2056060 0.5587460 0.2056060 0.2023560 0.0369984 0.0000000 0.0000010 0.2023560 0.2526292 0.2210686 0.2210686 0.2221697 
17_93      0.2526292 0.2056060 0.5587460 0.2056060 0.2023560 0.0369984 0.0000010 0.0000000 0.2023560 0.2526292 0.2210686 0.2210686 0.2221697 
18_96      0.1863942 0.0458063 0.5939431 0.0458063 0.0000010 0.2131657 0.2023560 0.2023560 0.0000000 0.1863942 0.1564776 0.1564776 0.1668120 
21_95      0.0000010 0.1770830 0.3974519 0.1770830 0.1863942 0.2618453 0.2526292 0.2526292 0.1863942 0.0000000 0.0462996 0.0462996 0.0557407 
23_98      0.0462996 0.1471107 0.4363940 0.1471107 0.1564776 0.2303343 0.2210686 0.2210686 0.1564776 0.0462996 0.0000000 0.0000010 0.0091902 
29_101     0.0462996 0.1471107 0.4363940 0.1471107 0.1564776 0.2303343 0.2210686 0.2210686 0.1564776 0.0462996 0.0000010 0.0000000 0.0091902 
43_96      0.0557407 0.1574451 0.4394619 0.1574451 0.1668120 0.2314745 0.2221697 0.2221697 0.1668120 0.0557407 0.0091902 0.0091902 0.0000000 
