13
1_110      0.0000000 0.0448178 0.0368643 0.0430226 0.0368643 0.0060172 0.0430226 0.0181230 0.0181230 0.0000010 0.5987027 0.5987027 0.0492903 
3_114      0.0448178 0.0000000 0.0062705 0.0000010 0.0062705 0.0382814 0.0000010 0.0512576 0.0512576 0.0448178 0.5779210 0.5779210 0.0062651 
4_119      0.0368643 0.0062705 0.0000000 0.0060244 0.0000010 0.0306180 0.0060244 0.0430386 0.0430386 0.0368643 0.6042783 0.6042783 0.0120776 
5_111      0.0430226 0.0000010 0.0060244 0.0000000 0.0060244 0.0367534 0.0000010 0.0492031 0.0492031 0.0430226 0.6127968 0.6127968 0.0060194 
6_87       0.0368643 0.0062705 0.0000010 0.0060244 0.0000000 0.0306180 0.0060244 0.0430386 0.0430386 0.0368643 0.6042783 0.6042783 0.0120776 
7_106      0.0060172 0.0382814 0.0306180 0.0367534 0.0306180 0.0000000 0.0367534 0.0120429 0.0120429 0.0060172 0.5982762 0.5982762 0.0429840 
10_110     0.0430226 0.0000010 0.0060244 0.0000010 0.0060244 0.0367534 0.0000000 0.0492031 0.0492031 0.0430226 0.6127968 0.6127968 0.0060194 
16_106     0.0181230 0.0512576 0.0430386 0.0492031 0.0430386 0.0120429 0.0492031 0.0000000 0.0000010 0.0181230 0.5861960 0.5861960 0.0554903 
17_106     0.0181230 0.0512576 0.0430386 0.0492031 0.0430386 0.0120429 0.0492031 0.0000010 0.0000000 0.0181230 0.5861960 0.5861960 0.0554903 
21_108     0.0000010 0.0448178 0.0368643 0.0430226 0.0368643 0.0060172 0.0430226 0.0181230 0.0181230 0.0000000 0.5987027 0.5987027 0.0492903 
24_60      0.5987027 0.5779210 0.6042783 0.6127968 0.6042783 0.5982762 0.6127968 0.5861960 0.5861960 0.5987027 0.0000000 0.0000010 0.6165433 
26_61      0.5987027 0.5779210 0.6042783 0.6127968 0.6042783 0.5982762 0.6127968 0.5861960 0.5861960 0.5987027 0.0000010 0.0000000 0.6165433 
34_88      0.0492903 0.0062651 0.0120776 0.0060194 0.0120776 0.0429840 0.0060194 0.0554903 0.0554903 0.0492903 0.6165433 0.6165433 0.0000000 
