6
0_86       0.0000000 1.6411543 0.4872585 1.7148525 3.0382595 2.3767518 
8_81       1.6411543 0.0000000 1.8354451 0.6562175 2.3402591 2.3043527 
9_48       0.4872585 1.8354451 0.0000000 1.8031023 2.9635813 2.7334432 
11_102     1.7148525 0.6562175 1.8031023 0.0000000 2.2137043 2.7064582 
14_194     3.0382595 2.3402591 2.9635813 2.2137043 0.0000000 3.0866933 
15_161     2.3767518 2.3043527 2.7334432 2.7064582 3.0866933 0.0000000 
