27
1_22       0.0000000 0.0729778 0.0768061 0.0729654 0.0714946 0.0836070 0.0729654 0.0730983 0.0935811 0.0935811 0.0714946 0.0019508 0.0120826 2.4792695 2.4792695 0.0019549 0.0100208 0.0714946 0.0730983 0.0714946 0.0714946 0.0714946 0.0714946 0.0714946 0.0714946 0.0120826 0.0699597 
3_21       0.0729778 0.0000000 0.0331734 0.0054929 0.0249969 0.1001509 0.0054929 0.0055128 0.1193009 0.1193009 0.0249969 0.0755372 0.0837080 2.5122269 2.5122269 0.0756872 0.0838257 0.0289975 0.0055128 0.0289975 0.0289975 0.0289975 0.0289975 0.0233874 0.0233874 0.0837080 0.0356325 
4_24       0.0768061 0.0331734 0.0000000 0.0351233 0.0055469 0.1061770 0.0351233 0.0273875 0.1264762 0.1264762 0.0055469 0.0793644 0.0901127 2.4990395 2.4990395 0.0795189 0.0902368 0.0054673 0.0273875 0.0055069 0.0073278 0.0054673 0.0055069 0.0056290 0.0056290 0.0901127 0.0171264 
5_22       0.0729654 0.0054929 0.0351233 0.0000000 0.0269213 0.0951846 0.0000010 0.0000010 0.1141896 0.1141896 0.0269213 0.0755234 0.0836898 2.5161892 2.5161892 0.0756733 0.0838075 0.0309290 0.0000010 0.0271775 0.0347707 0.0309290 0.0271775 0.0253372 0.0253372 0.0836898 0.0373873 
6_50       0.0714946 0.0249969 0.0055469 0.0269213 0.0000000 0.0985065 0.0269213 0.0192665 0.1171032 0.1171032 0.0000010 0.0740164 0.0847200 2.4767513 2.4767513 0.0741623 0.0848380 0.0000010 0.0192665 0.0000010 0.0018412 0.0000010 0.0000010 0.0000010 0.0000010 0.0847200 0.0114864 
7_23       0.0836070 0.1001509 0.1061770 0.0951846 0.0985065 0.0000000 0.0951846 0.0951846 0.0393790 0.0393790 0.0985065 0.0862052 0.0994501 2.6272176 2.6272176 0.0863697 0.1021977 0.1005899 0.0951846 0.1005899 0.1005899 0.1005899 0.1005899 0.0920313 0.0920313 0.0994501 0.0845642 
10_23      0.0729654 0.0054929 0.0351233 0.0000010 0.0269213 0.0951846 0.0000000 0.0000010 0.1141896 0.1141896 0.0269213 0.0755234 0.0836898 2.5161892 2.5161892 0.0756733 0.0838075 0.0309290 0.0000010 0.0271775 0.0347707 0.0309290 0.0271775 0.0253372 0.0253372 0.0836898 0.0373873 
12_22      0.0730983 0.0055128 0.0273875 0.0000010 0.0192665 0.0951846 0.0000010 0.0000000 0.1141896 0.1141896 0.0192665 0.0756616 0.0838416 2.5161892 2.5161892 0.0758119 0.0839596 0.0232546 0.0000010 0.0232546 0.0232546 0.0232546 0.0232546 0.0175762 0.0175762 0.0838416 0.0297660 
16_24      0.0935811 0.1193009 0.1264762 0.1141896 0.1171032 0.0393790 0.1141896 0.1141896 0.0000000 0.0000010 0.1171032 0.0962518 0.1107394 2.6668566 2.6668566 0.0964307 0.1135498 0.1207230 0.1141896 0.1207230 0.1207230 0.1207230 0.1207230 0.1132398 0.1132398 0.1107394 0.1168335 
17_24      0.0935811 0.1193009 0.1264762 0.1141896 0.1171032 0.0393790 0.1141896 0.1141896 0.0000010 0.0000000 0.1171032 0.0962518 0.1107394 2.6668566 2.6668566 0.0964307 0.1135498 0.1207230 0.1141896 0.1207230 0.1207230 0.1207230 0.1207230 0.1132398 0.1132398 0.1107394 0.1168335 
18_23      0.0714946 0.0249969 0.0055469 0.0269213 0.0000010 0.0985065 0.0269213 0.0192665 0.1171032 0.1171032 0.0000000 0.0740164 0.0847200 2.4767513 2.4767513 0.0741623 0.0848380 0.0000010 0.0192665 0.0000010 0.0018412 0.0000010 0.0000010 0.0000010 0.0000010 0.0847200 0.0114864 
21_22      0.0019508 0.0755372 0.0793644 0.0755234 0.0740164 0.0862052 0.0755234 0.0756616 0.0962518 0.0962518 0.0740164 0.0000000 0.0141412 2.4762115 2.4762115 0.0039240 0.0120634 0.0740164 0.0756616 0.0740164 0.0740164 0.0740164 0.0740164 0.0740164 0.0740164 0.0141412 0.0725022 
23_24      0.0120826 0.0837080 0.0901127 0.0836898 0.0847200 0.0994501 0.0836898 0.0838416 0.1107394 0.1107394 0.0847200 0.0141412 0.0000000 2.5837253 2.5837253 0.0141709 0.0019203 0.0847200 0.0838416 0.0847200 0.0847200 0.0847200 0.0847200 0.0756218 0.0756218 0.0000010 0.0782001 
24_88      2.4792695 2.5122269 2.4990395 2.5161892 2.4767513 2.6272176 2.5161892 2.5161892 2.6668566 2.6668566 2.4767513 2.4762115 2.5837253 0.0000000 0.0000010 2.4829731 2.5973612 2.4878995 2.5161892 2.4878995 2.4768207 2.4878995 2.4878995 2.4200324 2.4200324 2.5837253 2.4585844 
26_89      2.4792695 2.5122269 2.4990395 2.5161892 2.4767513 2.6272176 2.5161892 2.5161892 2.6668566 2.6668566 2.4767513 2.4762115 2.5837253 0.0000010 0.0000000 2.4829731 2.5973612 2.4878995 2.5161892 2.4878995 2.4768207 2.4878995 2.4878995 2.4200324 2.4200324 2.5837253 2.4585844 
28_23      0.0019549 0.0756872 0.0795189 0.0756733 0.0741623 0.0863697 0.0756733 0.0758119 0.0964307 0.0964307 0.0741623 0.0039240 0.0141709 2.4829731 2.4829731 0.0000000 0.0120887 0.0741623 0.0758119 0.0741623 0.0741623 0.0741623 0.0741623 0.0741623 0.0741623 0.0141709 0.0726474 
29_23      0.0100208 0.0838257 0.0902368 0.0838075 0.0848380 0.1021977 0.0838075 0.0839596 0.1135498 0.1135498 0.0848380 0.0120634 0.0019203 2.5973612 2.5973612 0.0120887 0.0000000 0.0848380 0.0839596 0.0848380 0.0848380 0.0848380 0.0848380 0.0757304 0.0757304 0.0019203 0.0808100 
30_24      0.0714946 0.0289975 0.0054673 0.0309290 0.0000010 0.1005899 0.0309290 0.0232546 0.1207230 0.1207230 0.0000010 0.0740164 0.0847200 2.4878995 2.4878995 0.0741623 0.0848380 0.0000000 0.0232546 0.0000010 0.0018148 0.0000010 0.0000010 0.0000010 0.0000010 0.0847200 0.0113155 
34_51      0.0730983 0.0055128 0.0273875 0.0000010 0.0192665 0.0951846 0.0000010 0.0000010 0.1141896 0.1141896 0.0192665 0.0756616 0.0838416 2.5161892 2.5161892 0.0758119 0.0839596 0.0232546 0.0000000 0.0232546 0.0232546 0.0232546 0.0232546 0.0175762 0.0175762 0.0838416 0.0297660 
35_1       0.0714946 0.0289975 0.0055069 0.0271775 0.0000010 0.1005899 0.0271775 0.0232546 0.1207230 0.1207230 0.0000010 0.0740164 0.0847200 2.4878995 2.4878995 0.0741623 0.0848380 0.0000010 0.0232546 0.0000000 0.0018280 0.0000010 0.0000010 0.0000010 0.0000010 0.0847200 0.0114004 
36_40      0.0714946 0.0289975 0.0073278 0.0347707 0.0018412 0.1005899 0.0347707 0.0232546 0.1207230 0.1207230 0.0018412 0.0740164 0.0847200 2.4768207 2.4768207 0.0741623 0.0848380 0.0018148 0.0232546 0.0018280 0.0000000 0.0018148 0.0018280 0.0018681 0.0018681 0.0847200 0.0111698 
37_23      0.0714946 0.0289975 0.0054673 0.0309290 0.0000010 0.1005899 0.0309290 0.0232546 0.1207230 0.1207230 0.0000010 0.0740164 0.0847200 2.4878995 2.4878995 0.0741623 0.0848380 0.0000010 0.0232546 0.0000010 0.0018148 0.0000000 0.0000010 0.0000010 0.0000010 0.0847200 0.0113155 
38_23      0.0714946 0.0289975 0.0055069 0.0271775 0.0000010 0.1005899 0.0271775 0.0232546 0.1207230 0.1207230 0.0000010 0.0740164 0.0847200 2.4878995 2.4878995 0.0741623 0.0848380 0.0000010 0.0232546 0.0000010 0.0018280 0.0000010 0.0000000 0.0000010 0.0000010 0.0847200 0.0114004 
41_22      0.0714946 0.0233874 0.0056290 0.0253372 0.0000010 0.0920313 0.0253372 0.0175762 0.1132398 0.1132398 0.0000010 0.0740164 0.0756218 2.4200324 2.4200324 0.0741623 0.0757304 0.0000010 0.0175762 0.0000010 0.0018681 0.0000010 0.0000010 0.0000000 0.0000010 0.0756218 0.0116624 
42_23      0.0714946 0.0233874 0.0056290 0.0253372 0.0000010 0.0920313 0.0253372 0.0175762 0.1132398 0.1132398 0.0000010 0.0740164 0.0756218 2.4200324 2.4200324 0.0741623 0.0757304 0.0000010 0.0175762 0.0000010 0.0018681 0.0000010 0.0000010 0.0000010 0.0000000 0.0756218 0.0116624 
43_24      0.0120826 0.0837080 0.0901127 0.0836898 0.0847200 0.0994501 0.0836898 0.0838416 0.1107394 0.1107394 0.0847200 0.0141412 0.0000010 2.5837253 2.5837253 0.0141709 0.0019203 0.0847200 0.0838416 0.0847200 0.0847200 0.0847200 0.0847200 0.0756218 0.0756218 0.0000000 0.0782001 
44_23      0.0699597 0.0356325 0.0171264 0.0373873 0.0114864 0.0845642 0.0373873 0.0297660 0.1168335 0.1168335 0.0114864 0.0725022 0.0782001 2.4585844 2.4585844 0.0726474 0.0808100 0.0113155 0.0297660 0.0114004 0.0111698 0.0113155 0.0114004 0.0116624 0.0116624 0.0782001 0.0000000 
