6
0_55       0.0000000 2.4775941 0.8646042 2.2925250 3.2603407 2.3733020 
8_133      2.4775941 0.0000000 2.4406510 0.6612335 4.4061849 2.5973561 
9_55       0.8646042 2.4406510 0.0000000 2.5898129 4.4333841 2.1806350 
11_101     2.2925250 0.6612335 2.5898129 0.0000000 3.5660153 2.7190878 
14_115     3.2603407 4.4061849 4.4333841 3.5660153 0.0000000 4.0520895 
15_140     2.3733020 2.5973561 2.1806350 2.7190878 4.0520895 0.0000000 
