16
1_60       0.0000000 0.0470141 0.0041441 0.0385205 0.0463888 0.0589125 0.0385205 0.0471949 0.0471949 0.0463888 0.0000010 0.0000010 1.2232744 1.2232744 0.0589125 0.0000010 
3_60       0.0470141 0.0000000 0.0522842 0.0112462 0.0267018 0.0547157 0.0112462 0.0591715 0.0591715 0.0267018 0.0470141 0.0468216 1.2244181 1.2244181 0.0547157 0.0468216 
4_64       0.0041441 0.0522842 0.0000000 0.0427584 0.0471263 0.0655416 0.0427584 0.0525059 0.0525059 0.0471263 0.0041441 0.0041441 1.3764570 1.3764570 0.0655416 0.0041441 
5_58       0.0385205 0.0112462 0.0427584 0.0000000 0.0187543 0.0461033 0.0000010 0.0504135 0.0504135 0.0187543 0.0385205 0.0383655 1.2138322 1.2138322 0.0461033 0.0383655 
6_15       0.0463888 0.0267018 0.0471263 0.0187543 0.0000000 0.0540347 0.0187543 0.0584300 0.0584300 0.0000010 0.0463888 0.0463888 1.1958410 1.1958410 0.0540347 0.0463888 
7_59       0.0589125 0.0547157 0.0655416 0.0461033 0.0540347 0.0000000 0.0461033 0.0225756 0.0225756 0.0540347 0.0589125 0.0589125 1.2577110 1.2577110 0.0000010 0.0589125 
10_59      0.0385205 0.0112462 0.0427584 0.0000010 0.0187543 0.0461033 0.0000000 0.0504135 0.0504135 0.0187543 0.0385205 0.0383655 1.2138322 1.2138322 0.0461033 0.0383655 
16_59      0.0471949 0.0591715 0.0525059 0.0504135 0.0584300 0.0225756 0.0504135 0.0000000 0.0000010 0.0584300 0.0471949 0.0471949 1.2344236 1.2344236 0.0225756 0.0471949 
17_59      0.0471949 0.0591715 0.0525059 0.0504135 0.0584300 0.0225756 0.0504135 0.0000010 0.0000000 0.0584300 0.0471949 0.0471949 1.2344236 1.2344236 0.0225756 0.0471949 
18_60      0.0463888 0.0267018 0.0471263 0.0187543 0.0000010 0.0540347 0.0187543 0.0584300 0.0584300 0.0000000 0.0463888 0.0463888 1.1958410 1.1958410 0.0540347 0.0463888 
21_57      0.0000010 0.0470141 0.0041441 0.0385205 0.0463888 0.0589125 0.0385205 0.0471949 0.0471949 0.0463888 0.0000000 0.0000010 1.2232744 1.2232744 0.0589125 0.0000010 
23_60      0.0000010 0.0468216 0.0041441 0.0383655 0.0463888 0.0589125 0.0383655 0.0471949 0.0471949 0.0463888 0.0000010 0.0000000 1.2232744 1.2232744 0.0589125 0.0000010 
24_39      1.2232744 1.2244181 1.3764570 1.2138322 1.1958410 1.2577110 1.2138322 1.2344236 1.2344236 1.1958410 1.2232744 1.2232744 0.0000000 0.0000010 1.2577110 1.2232744 
26_40      1.2232744 1.2244181 1.3764570 1.2138322 1.1958410 1.2577110 1.2138322 1.2344236 1.2344236 1.1958410 1.2232744 1.2232744 0.0000010 0.0000000 1.2577110 1.2232744 
34_15      0.0589125 0.0547157 0.0655416 0.0461033 0.0540347 0.0000010 0.0461033 0.0225756 0.0225756 0.0540347 0.0589125 0.0589125 1.2577110 1.2577110 0.0000000 0.0589125 
43_60      0.0000010 0.0468216 0.0041441 0.0383655 0.0463888 0.0589125 0.0383655 0.0471949 0.0471949 0.0463888 0.0000010 0.0000010 1.2232744 1.2232744 0.0589125 0.0000000 
