6
0_116      0.0000000 1.7107383 2.9397679 2.9397679 3.0786717 2.9080604 
15_97      1.7107383 0.0000000 3.0416013 3.0416013 2.8539583 3.0063771 
24_112     2.9397679 3.0416013 0.0000000 0.0000010 0.0543704 0.0053303 
26_113     2.9397679 3.0416013 0.0000010 0.0000000 0.0543704 0.0053303 
32_94      3.0786717 2.8539583 0.0543704 0.0543704 0.0000000 0.0469749 
39_22      2.9080604 3.0063771 0.0053303 0.0053303 0.0469749 0.0000000 
