17
1_82       0.0000000 0.0565857 0.0705560 0.0537042 0.0705560 0.0884517 0.0537042 0.0880416 0.0880416 0.0705560 0.0000010 0.0278487 1.8298799 1.8298799 0.0278487 0.0943687 0.0676272 
3_83       0.0565857 0.0000000 0.0276359 0.0027380 0.0276359 0.0675476 0.0027380 0.0704626 0.0704626 0.0276359 0.0565857 0.0622967 1.7953316 1.7953316 0.0622967 0.0539315 0.0248343 
4_89       0.0705560 0.0276359 0.0000000 0.0248472 0.0000010 0.0736908 0.0248472 0.0737006 0.0737006 0.0000010 0.0705560 0.0711048 1.8228165 1.8228165 0.0711048 0.0442436 0.0027390 
5_81       0.0537042 0.0027380 0.0248472 0.0000000 0.0248472 0.0646670 0.0000010 0.0675750 0.0675750 0.0248472 0.0537042 0.0594069 1.7907835 1.7907835 0.0594069 0.0489536 0.0220527 
6_117      0.0705560 0.0276359 0.0000010 0.0248472 0.0000000 0.0736908 0.0248472 0.0737006 0.0737006 0.0000010 0.0705560 0.0711048 1.8069270 1.8069270 0.0711048 0.0442436 0.0027390 
7_78       0.0884517 0.0675476 0.0736908 0.0646670 0.0736908 0.0000000 0.0646670 0.0388545 0.0388545 0.0736908 0.0884517 0.0918346 1.8342851 1.8342851 0.0918346 0.1055420 0.0707475 
10_81      0.0537042 0.0027380 0.0248472 0.0000010 0.0248472 0.0646670 0.0000000 0.0675750 0.0675750 0.0248472 0.0537042 0.0594069 1.7907835 1.7907835 0.0594069 0.0489536 0.0220527 
16_78      0.0880416 0.0704626 0.0737006 0.0675750 0.0737006 0.0388545 0.0675750 0.0000000 0.0000010 0.0737006 0.0880416 0.0855438 1.8034805 1.8034805 0.0855438 0.1003559 0.0707567 
17_78      0.0880416 0.0704626 0.0737006 0.0675750 0.0737006 0.0388545 0.0675750 0.0000010 0.0000000 0.0737006 0.0880416 0.0855438 1.8034805 1.8034805 0.0855438 0.1003559 0.0707567 
18_81      0.0705560 0.0276359 0.0000010 0.0248472 0.0000010 0.0736908 0.0248472 0.0737006 0.0737006 0.0000000 0.0705560 0.0711048 1.8228165 1.8228165 0.0711048 0.0442436 0.0027390 
21_79      0.0000010 0.0565857 0.0705560 0.0537042 0.0705560 0.0884517 0.0537042 0.0880416 0.0880416 0.0705560 0.0000000 0.0278487 1.8298799 1.8298799 0.0278487 0.0943687 0.0676272 
23_83      0.0278487 0.0622967 0.0711048 0.0594069 0.0711048 0.0918346 0.0594069 0.0855438 0.0855438 0.0711048 0.0278487 0.0000000 1.8478662 1.8478662 0.0000010 0.1047650 0.0681559 
24_117     1.8298799 1.7953316 1.8228165 1.7907835 1.8069270 1.8342851 1.7907835 1.8034805 1.8034805 1.8228165 1.8298799 1.8478662 0.0000000 0.0000010 1.8478662 1.7929854 1.8077357 
26_118     1.8298799 1.7953316 1.8228165 1.7907835 1.8069270 1.8342851 1.7907835 1.8034805 1.8034805 1.8228165 1.8298799 1.8478662 0.0000010 0.0000000 1.8478662 1.7929854 1.8077357 
29_85      0.0278487 0.0622967 0.0711048 0.0594069 0.0711048 0.0918346 0.0594069 0.0855438 0.0855438 0.0711048 0.0278487 0.0000010 1.8478662 1.8478662 0.0000000 0.1047650 0.0681559 
35_122     0.0943687 0.0539315 0.0442436 0.0489536 0.0442436 0.1055420 0.0489536 0.1003559 0.1003559 0.0442436 0.0943687 0.1047650 1.7929854 1.7929854 0.1047650 0.0000000 0.0492944 
44_78      0.0676272 0.0248343 0.0027390 0.0220527 0.0027390 0.0707475 0.0220527 0.0707567 0.0707567 0.0027390 0.0676272 0.0681559 1.8077357 1.8077357 0.0681559 0.0492944 0.0000000 
