21
0_153      0.0000000 4.6337417 3.1792557 4.6337417 4.7512678 4.7512678 4.6104196 1.8082725 0.7857763 1.6070462 3.3374523 3.8925122 2.7472046 4.6030616 4.6030616 4.6483561 4.0372935 3.6178425 4.0372935 4.1783077 4.6483561 
1_44       4.6337417 0.0000000 2.1155871 0.0000010 0.0171661 0.0171661 0.0085536 4.4997849 4.2091177 3.1826592 2.2727849 5.0669874 2.4498043 0.0172014 0.0172014 0.0085573 0.8556553 2.0507804 0.8556553 1.8887379 0.0085573 
2_61       3.1792557 2.1155871 0.0000000 2.1155871 2.1259705 2.1259705 2.1094579 3.8162550 2.3525299 3.4495778 2.5788173 5.6004363 2.5942213 2.1171159 2.1171159 2.1619663 1.9774108 2.4269340 1.9774108 1.0780939 2.1619663 
4_48       4.6337417 0.0000010 2.1155871 0.0000000 0.0171661 0.0171661 0.0085536 4.4997849 4.2091177 3.1826592 2.2727849 5.0669874 2.4498043 0.0172014 0.0172014 0.0085573 0.8556553 2.0507804 0.8556553 1.8887379 0.0085573 
5_42       4.7512678 0.0171661 2.1259705 0.0171661 0.0000000 0.0000010 0.0085037 4.4426802 4.3197841 3.1207746 2.3192741 5.1294581 2.4915706 0.0171010 0.0171010 0.0259710 0.8610200 2.1159547 0.8610200 1.9771290 0.0259710 
6_30       4.7512678 0.0171661 2.1259705 0.0171661 0.0000010 0.0000000 0.0085037 4.4426802 4.3197841 3.1207746 2.3192741 5.1294581 2.4915706 0.0171010 0.0171010 0.0259710 0.8610200 2.1159547 0.8610200 1.9771290 0.0259710 
7_43       4.6104196 0.0085536 2.1094579 0.0085536 0.0085037 0.0085037 0.0000000 4.3731758 4.1873808 3.0934529 2.2908080 5.2258273 2.4711942 0.0085211 0.0085211 0.0172543 0.8597269 2.0661860 0.8597269 1.9357290 0.0172543 
8_16       1.8082725 4.4997849 3.8162550 4.4997849 4.4426802 4.4426802 4.3731758 0.0000000 1.6980684 0.8570533 3.0654167 4.5786723 2.4624733 4.3648200 4.3648200 4.5424167 4.1753681 3.5429365 4.1753681 4.6594429 4.5424167 
9_32       0.7857763 4.2091177 2.3525299 4.2091177 4.3197841 4.3197841 4.1873808 1.6980684 0.0000000 1.5510781 2.8277356 4.5002717 2.2110774 4.1654793 4.1654793 4.2221774 3.1966520 2.7506857 3.1966520 2.9602720 4.2221774 
11_30      1.6070462 3.1826592 3.4495778 3.1826592 3.1207746 3.1207746 3.0934529 0.8570533 1.5510781 0.0000000 2.6104304 3.4972146 1.8707501 3.1022346 3.1022346 3.1905905 3.2647789 3.1005586 3.2647789 3.5375236 3.1905905 
13_53      3.3374523 2.2727849 2.5788173 2.2727849 2.3192741 2.3192741 2.2908080 3.0654167 2.8277356 2.6104304 0.0000000 5.1106749 2.0936783 2.2780642 2.2780642 2.3186137 2.2639140 1.0352752 2.2639140 2.4498058 2.3186137 
14_116     3.8925122 5.0669874 5.6004363 5.0669874 5.1294581 5.1294581 5.2258273 4.5786723 4.5002717 3.4972146 5.1106749 0.0000000 5.1463368 5.2062568 5.2062568 5.0827584 4.4227449 4.7390248 4.4227449 4.7205925 5.0827584 
15_170     2.7472046 2.4498043 2.5942213 2.4498043 2.4915706 2.4915706 2.4711942 2.4624733 2.2110774 1.8707501 2.0936783 5.1463368 0.0000000 2.4789942 2.4789942 2.4553083 2.5032553 2.4960047 2.5032553 2.8509569 2.4553083 
16_44      4.6030616 0.0172014 2.1171159 0.0172014 0.0171010 0.0171010 0.0085211 4.3648200 4.1654793 3.1022346 2.2780642 5.2062568 2.4789942 0.0000000 0.0000010 0.0260247 0.8647519 2.0595952 0.8647519 1.9430458 0.0260247 
17_44      4.6030616 0.0172014 2.1171159 0.0172014 0.0171010 0.0171010 0.0085211 4.3648200 4.1654793 3.1022346 2.2780642 5.2062568 2.4789942 0.0000010 0.0000000 0.0260247 0.8647519 2.0595952 0.8647519 1.9430458 0.0260247 
23_45      4.6483561 0.0085573 2.1619663 0.0085573 0.0259710 0.0259710 0.0172543 4.5424167 4.2221774 3.1905905 2.3186137 5.0827584 2.4553083 0.0260247 0.0260247 0.0000000 0.8783228 2.0932116 0.8783228 1.9298231 0.0000010 
24_22      4.0372935 0.8556553 1.9774108 0.8556553 0.8610200 0.8610200 0.8597269 4.1753681 3.1966520 3.2647789 2.2639140 4.4227449 2.5032553 0.8647519 0.8647519 0.8783228 0.0000000 1.6709366 0.0000010 2.1398619 0.8783228 
25_76      3.6178425 2.0507804 2.4269340 2.0507804 2.1159547 2.1159547 2.0661860 3.5429365 2.7506857 3.1005586 1.0352752 4.7390248 2.4960047 2.0595952 2.0595952 2.0932116 1.6709366 0.0000000 1.6709366 2.8241132 2.0932116 
26_23      4.0372935 0.8556553 1.9774108 0.8556553 0.8610200 0.8610200 0.8597269 4.1753681 3.1966520 3.2647789 2.2639140 4.4227449 2.5032553 0.8647519 0.8647519 0.8783228 0.0000010 1.6709366 0.0000000 2.1398619 0.8783228 
31_88      4.1783077 1.8887379 1.0780939 1.8887379 1.9771290 1.9771290 1.9357290 4.6594429 2.9602720 3.5375236 2.4498058 4.7205925 2.8509569 1.9430458 1.9430458 1.9298231 2.1398619 2.8241132 2.1398619 0.0000000 1.9298231 
43_43      4.6483561 0.0085573 2.1619663 0.0085573 0.0259710 0.0259710 0.0172543 4.5424167 4.2221774 3.1905905 2.3186137 5.0827584 2.4553083 0.0260247 0.0260247 0.0000010 0.8783228 2.0932116 0.8783228 1.9298231 0.0000000 
