16
3_107      0.0000000 0.7985560 0.0000010 0.0397962 0.0397962 0.0434506 0.0434506 0.0324712 0.0035348 0.0000010 0.1409477 0.0250323 0.0324712 0.0035348 2.0754829 0.0434588 
4_112      0.7985560 0.0000000 0.7985560 0.7302228 0.7302228 0.7302228 0.7302228 0.7302228 0.7985560 0.7985560 0.8441532 0.7737250 0.7302228 0.7985560 1.3856143 0.7302228 
5_104      0.0000010 0.7985560 0.0000000 0.0397962 0.0397962 0.0434506 0.0434506 0.0324712 0.0035348 0.0000010 0.1409477 0.0250323 0.0324712 0.0035348 2.0754829 0.0434588 
6_94       0.0397962 0.7302228 0.0397962 0.0000000 0.0000010 0.0034930 0.0034930 0.0070278 0.0434344 0.1075956 0.1002663 0.0142340 0.0070278 0.0434344 2.2352921 0.0034936 
18_103     0.0397962 0.7302228 0.0397962 0.0000010 0.0000000 0.0034930 0.0034930 0.0070278 0.0434344 0.0433969 0.1002663 0.0142340 0.0070278 0.0434344 2.2352921 0.0034936 
19_100     0.0434506 0.7302228 0.0434506 0.0034930 0.0034930 0.0000000 0.0000010 0.0105501 0.0470936 0.0470530 0.1002663 0.0178069 0.0105501 0.0470936 2.2352921 0.0069928 
20_103     0.0434506 0.7302228 0.0434506 0.0034930 0.0034930 0.0000010 0.0000000 0.0105501 0.0470936 0.0470530 0.1002663 0.0178069 0.0105501 0.0470936 2.2352921 0.0069928 
30_104     0.0324712 0.7302228 0.0324712 0.0070278 0.0070278 0.0105501 0.0105501 0.0000000 0.0360958 0.0324712 0.1002663 0.0070979 0.0000010 0.0360958 2.2352921 0.0105520 
33_94      0.0035348 0.7985560 0.0035348 0.0434344 0.0434344 0.0470936 0.0470936 0.0360958 0.0000000 0.0035348 0.1327272 0.0286212 0.0360958 0.0000010 2.0754829 0.0471026 
34_95      0.0000010 0.7985560 0.0000010 0.1075956 0.0433969 0.0470530 0.0470530 0.0324712 0.0035348 0.0000000 0.1409477 0.0250323 0.0324712 0.0035348 2.0754829 0.0470620 
35_96      0.1409477 0.8441532 0.1409477 0.1002663 0.1002663 0.1002663 0.1002663 0.1002663 0.1327272 0.1409477 0.0000000 0.1097425 0.1002663 0.1327272 2.1072285 0.1002663 
36_122     0.0250323 0.7737250 0.0250323 0.0142340 0.0142340 0.0178069 0.0178069 0.0070979 0.0286212 0.0250323 0.1097425 0.0000000 0.0070979 0.0286212 2.0754829 0.0178102 
37_102     0.0324712 0.7302228 0.0324712 0.0070278 0.0070278 0.0105501 0.0105501 0.0000010 0.0360958 0.0324712 0.1002663 0.0070979 0.0000000 0.0360958 2.2352921 0.0105520 
42_104     0.0035348 0.7985560 0.0035348 0.0434344 0.0434344 0.0470936 0.0470936 0.0360958 0.0000010 0.0035348 0.1327272 0.0286212 0.0360958 0.0000000 2.0754829 0.0471026 
43_103     2.0754829 1.3856143 2.0754829 2.2352921 2.2352921 2.2352921 2.2352921 2.2352921 2.0754829 2.0754829 2.1072285 2.0754829 2.2352921 2.0754829 0.0000000 2.2352921 
44_101     0.0434588 0.7302228 0.0434588 0.0034936 0.0034936 0.0069928 0.0069928 0.0105520 0.0471026 0.0470620 0.1002663 0.0178102 0.0105520 0.0471026 2.2352921 0.0000000 
