16
3_81       0.0000000 0.0605996 0.0000010 0.0604578 0.2198858 0.1953625 0.1953625 0.0604578 0.0672440 0.0672440 0.1450057 0.1450057 0.2262985 1.8186123 0.2262985 0.2227355 
4_87       0.0605996 0.0000000 0.0605996 0.0064631 0.1610770 0.1774535 0.1774535 0.0064631 0.0129398 0.0129398 0.0900760 0.0900760 0.1987254 1.8638843 0.1987254 0.1884581 
5_79       0.0000010 0.0605996 0.0000000 0.0604578 0.2198858 0.1953625 0.1953625 0.0604578 0.0672440 0.0672440 0.1450057 0.1450057 0.2262985 1.8186123 0.2262985 0.2227355 
6_119      0.0604578 0.0064631 0.0604578 0.0000000 0.1503136 0.1697404 0.1697404 0.0000010 0.0064484 0.0064484 0.0828632 0.0828632 0.1867254 1.8857916 0.1867254 0.1782403 
7_76       0.2198858 0.1610770 0.2198858 0.1503136 0.0000000 0.0731551 0.0731551 0.1503136 0.1605113 0.1605113 0.1475146 0.1475146 0.0288450 1.5796912 0.0288450 0.0266340 
16_76      0.1953625 0.1774535 0.1953625 0.1697404 0.0731551 0.0000000 0.0000010 0.1697404 0.1770104 0.1770104 0.1776997 0.1776997 0.0901333 1.8372021 0.0901333 0.0951601 
17_76      0.1953625 0.1774535 0.1953625 0.1697404 0.0731551 0.0000010 0.0000000 0.1697404 0.1770104 0.1770104 0.1776997 0.1776997 0.0901333 1.8372021 0.0901333 0.0951601 
18_79      0.0604578 0.0064631 0.0604578 0.0000010 0.1503136 0.1697404 0.1697404 0.0000000 0.0064484 0.0064484 0.0828632 0.0828632 0.1867254 1.8857916 0.1867254 0.1782403 
19_76      0.0672440 0.0129398 0.0672440 0.0064484 0.1605113 0.1770104 0.1770104 0.0064484 0.0000000 0.0000010 0.0898567 0.0898567 0.1979610 1.8581551 0.1979610 0.1878379 
20_79      0.0672440 0.0129398 0.0672440 0.0064484 0.1605113 0.1770104 0.1770104 0.0064484 0.0000010 0.0000000 0.0898567 0.0898567 0.1979610 1.8581551 0.1979610 0.1878379 
23_81      0.1450057 0.0900760 0.1450057 0.0828632 0.1475146 0.1776997 0.1776997 0.0828632 0.0898567 0.0898567 0.0000000 0.0000010 0.1617966 1.8105361 0.1617966 0.1672670 
29_83      0.1450057 0.0900760 0.1450057 0.0828632 0.1475146 0.1776997 0.1776997 0.0828632 0.0898567 0.0898567 0.0000010 0.0000000 0.1617966 1.8105361 0.1617966 0.1672670 
30_80      0.2262985 0.1987254 0.2262985 0.1867254 0.0288450 0.0901333 0.0901333 0.1867254 0.1979610 0.1979610 0.1617966 0.1617966 0.0000000 1.6414320 0.0000010 0.0000010 
31_5       1.8186123 1.8638843 1.8186123 1.8857916 1.5796912 1.8372021 1.8372021 1.8857916 1.8581551 1.8581551 1.8105361 1.8105361 1.6414320 0.0000000 1.6414320 1.6792739 
36_97      0.2262985 0.1987254 0.2262985 0.1867254 0.0288450 0.0901333 0.0901333 0.1867254 0.1979610 0.1979610 0.1617966 0.1617966 0.0000010 1.6414320 0.0000000 0.0000010 
38_80      0.2227355 0.1884581 0.2227355 0.1782403 0.0266340 0.0951601 0.0951601 0.1782403 0.1878379 0.1878379 0.1672670 0.1672670 0.0000010 1.6792739 0.0000010 0.0000000 
