14
1_70       0.0000000 0.4229076 0.5256990 0.4681671 0.5110044 0.4229076 0.4681671 0.5791407 0.5791407 0.5110044 0.0000010 0.0505296 0.0590937 0.0590937 
3_72       0.4229076 0.0000000 0.1483811 0.0127706 0.1339237 0.0000010 0.0127706 0.4204010 0.4204010 0.1339237 0.4229076 0.4301713 0.4490600 0.4490600 
4_76       0.5256990 0.1483811 0.0000000 0.1178912 0.0075260 0.1483811 0.1178912 0.4811586 0.4811586 0.0075260 0.5256990 0.5382388 0.5512297 0.5512297 
5_69       0.4681671 0.0127706 0.1178912 0.0000000 0.1095576 0.0127706 0.0000010 0.4620961 0.4620961 0.1095576 0.4681671 0.4892698 0.5018387 0.5018387 
6_5        0.5110044 0.1339237 0.0075260 0.1095576 0.0000000 0.1339237 0.1095576 0.4674297 0.4674297 0.0000010 0.5110044 0.5231390 0.5360049 0.5360049 
10_69      0.4229076 0.0000010 0.1483811 0.0127706 0.1339237 0.0000000 0.0127706 0.4204010 0.4204010 0.1339237 0.4229076 0.4301713 0.4490600 0.4490600 
12_66      0.4681671 0.0127706 0.1178912 0.0000010 0.1095576 0.0127706 0.0000000 0.4620961 0.4620961 0.1095576 0.4681671 0.4892698 0.5018387 0.5018387 
16_68      0.5791407 0.4204010 0.4811586 0.4620961 0.4674297 0.4204010 0.4620961 0.0000000 0.0000010 0.4674297 0.5791407 0.5507206 0.5639374 0.5639374 
17_68      0.5791407 0.4204010 0.4811586 0.4620961 0.4674297 0.4204010 0.4620961 0.0000010 0.0000000 0.4674297 0.5791407 0.5507206 0.5639374 0.5639374 
18_70      0.5110044 0.1339237 0.0075260 0.1095576 0.0000010 0.1339237 0.1095576 0.4674297 0.4674297 0.0000000 0.5110044 0.5231390 0.5360049 0.5360049 
21_67      0.0000010 0.4229076 0.5256990 0.4681671 0.5110044 0.4229076 0.4681671 0.5791407 0.5791407 0.5110044 0.0000000 0.0505296 0.0590937 0.0590937 
23_70      0.0505296 0.4301713 0.5382388 0.4892698 0.5231390 0.4301713 0.4892698 0.5507206 0.5507206 0.5231390 0.0505296 0.0000000 0.0082465 0.0082465 
29_72      0.0590937 0.4490600 0.5512297 0.5018387 0.5360049 0.4490600 0.5018387 0.5639374 0.5639374 0.5360049 0.0590937 0.0082465 0.0000000 0.0000010 
43_69      0.0590937 0.4490600 0.5512297 0.5018387 0.5360049 0.4490600 0.5018387 0.5639374 0.5639374 0.5360049 0.0590937 0.0082465 0.0000010 0.0000000 
