7
0_89       0.0000000 2.5567841 2.4673842 1.9726506 0.9294482 2.4442694 3.8472172 
0_144      2.5567841 0.0000000 2.7690814 0.7323041 2.2058778 2.5741215 3.6425017 
8_87       2.4673842 2.7690814 0.0000000 2.9198120 2.3263144 0.3814091 2.9176989 
9_10       1.9726506 0.7323041 2.9198120 0.0000000 2.0805811 2.6546710 3.7559907 
9_179      0.9294482 2.2058778 2.3263144 2.0805811 0.0000000 2.5755013 3.6649296 
11_111     2.4442694 2.5741215 0.3814091 2.6546710 2.5755013 0.0000000 2.9375788 
14_210     3.8472172 3.6425017 2.9176989 3.7559907 3.6649296 2.9375788 0.0000000 
