19
1_101      0.0000000 0.4705158 0.7796927 0.4048050 0.3786473 0.4395977 0.4228515 0.4048050 0.5494066 0.5494066 0.3786473 0.0000010 0.0768397 0.4333460 0.0768397 0.3828560 0.4228515 0.3828560 0.4601276 
3_104      0.4705158 0.0000000 0.3027317 0.0986343 0.2158984 0.5753162 0.0000010 0.0986343 0.5689981 0.5689981 0.2158984 0.4705158 0.4908580 0.1163156 0.4908580 0.0627446 0.0000010 0.0627446 0.0158919 
4_111      0.7796927 0.3027317 0.0000000 0.6446834 0.2895105 0.9349575 0.0000010 0.6446834 1.1720684 1.1720684 0.2895105 0.7796927 1.1360943 0.6446834 1.1360943 0.0000010 0.0000010 0.0000010 0.0000010 
5_101      0.4048050 0.0986343 0.6446834 0.0000000 0.1132190 0.4979250 0.0000010 0.0000010 0.4855528 0.4855528 0.1132190 0.4048050 0.4233662 0.0122476 0.4233662 0.0627446 0.0000010 0.0627446 0.0158919 
6_97       0.3786473 0.2158984 0.2895105 0.1132190 0.0000000 0.4606206 0.0627446 0.1132190 0.4618815 0.4618815 0.0000010 0.3786473 0.4289848 0.1299400 0.4289848 0.0000010 0.0627446 0.0000010 0.0817454 
7_97       0.4395977 0.5753162 0.9349575 0.4979250 0.4606206 0.0000000 0.5169976 0.4979250 0.1887018 0.1887018 0.4606206 0.4395977 0.4836554 0.5014467 0.4836554 0.4519156 0.5169976 0.4519156 0.5215314 
10_100     0.4228515 0.0000010 0.0000010 0.0000010 0.0627446 0.5169976 0.0000000 0.0000010 0.4981517 0.4981517 0.0627446 0.4228515 0.4005234 0.0158919 0.4005234 0.0627446 0.0000010 0.0627446 0.0158919 
12_97      0.4048050 0.0986343 0.6446834 0.0000010 0.1132190 0.4979250 0.0000010 0.0000000 0.4855528 0.4855528 0.1132190 0.4048050 0.4233662 0.0122476 0.4233662 0.0627446 0.0000010 0.0627446 0.0158919 
16_97      0.5494066 0.5689981 1.1720684 0.4855528 0.4618815 0.1887018 0.4981517 0.4855528 0.0000000 0.0000010 0.4618815 0.5494066 0.5719885 0.4892352 0.5719885 0.4500366 0.4981517 0.4500366 0.5026588 
17_97      0.5494066 0.5689981 1.1720684 0.4855528 0.4618815 0.1887018 0.4981517 0.4855528 0.0000010 0.0000000 0.4618815 0.5494066 0.5719885 0.4892352 0.5719885 0.4500366 0.4981517 0.4500366 0.5026588 
18_100     0.3786473 0.2158984 0.2895105 0.1132190 0.0000010 0.4606206 0.0627446 0.1132190 0.4618815 0.4618815 0.0000000 0.3786473 0.4289848 0.1299400 0.4289848 0.0000010 0.0627446 0.0000010 0.0817454 
21_99      0.0000010 0.4705158 0.7796927 0.4048050 0.3786473 0.4395977 0.4228515 0.4048050 0.5494066 0.5494066 0.3786473 0.0000000 0.0768397 0.4333460 0.0768397 0.3828560 0.4228515 0.3828560 0.4601276 
23_102     0.0768397 0.4908580 1.1360943 0.4233662 0.4289848 0.4836554 0.4005234 0.4233662 0.5719885 0.5719885 0.4289848 0.0768397 0.0000000 0.4530057 0.0000010 0.3605237 0.4005234 0.3605237 0.4370294 
27_104     0.4333460 0.1163156 0.6446834 0.0122476 0.1299400 0.5014467 0.0158919 0.0122476 0.4892352 0.4892352 0.1299400 0.4333460 0.4530057 0.0000000 0.4530057 0.0817454 0.0158919 0.0817454 0.0000010 
29_105     0.0768397 0.4908580 1.1360943 0.4233662 0.4289848 0.4836554 0.4005234 0.4233662 0.5719885 0.5719885 0.4289848 0.0768397 0.0000010 0.4530057 0.0000000 0.3605237 0.4005234 0.3605237 0.4370294 
30_101     0.3828560 0.0627446 0.0000010 0.0627446 0.0000010 0.4519156 0.0627446 0.0627446 0.4500366 0.4500366 0.0000010 0.3828560 0.3605237 0.0817454 0.3605237 0.0000000 0.0627446 0.0000010 0.0817454 
34_98      0.4228515 0.0000010 0.0000010 0.0000010 0.0627446 0.5169976 0.0000010 0.0000010 0.4981517 0.4981517 0.0627446 0.4228515 0.4005234 0.0158919 0.4005234 0.0627446 0.0000000 0.0627446 0.0158919 
35_109     0.3828560 0.0627446 0.0000010 0.0627446 0.0000010 0.4519156 0.0627446 0.0627446 0.4500366 0.4500366 0.0000010 0.3828560 0.3605237 0.0817454 0.3605237 0.0000010 0.0627446 0.0000000 0.0817454 
40_97      0.4601276 0.0158919 0.0000010 0.0158919 0.0817454 0.5215314 0.0158919 0.0158919 0.5026588 0.5026588 0.0817454 0.4601276 0.4370294 0.0000010 0.4370294 0.0817454 0.0158919 0.0817454 0.0000000 
