7
2_17       0.0000000 3.5458012 4.8143068 2.2504946 2.5662365 2.4604104 0.6875217 
8_23       3.5458012 0.0000000 0.8301639 2.4780254 3.2404146 2.3898528 3.2386754 
11_26      4.8143068 0.8301639 0.0000000 3.7836348 3.8722040 3.3933237 4.9066190 
13_17      2.2504946 2.4780254 3.7836348 0.0000000 2.5437746 0.3505976 1.7974884 
15_59      2.5662365 3.2404146 3.8722040 2.5437746 0.0000000 2.3839127 2.8229762 
25_2       2.4604104 2.3898528 3.3933237 0.3505976 2.3839127 0.0000000 1.8041849 
31_43      0.6875217 3.2386754 4.9066190 1.7974884 2.8229762 1.8041849 0.0000000 
