10
14_7       0.0000000 1.3034352 2.1899329 3.4215809 3.5372757 3.8603901 3.3944541 2.9762767 3.0169523 3.2996093 
14_8       1.3034352 0.0000000 1.9961732 4.1360069 3.2393061 4.7641045 5.0124919 6.0628769 3.6510939 3.5797513 
14_9       2.1899329 1.9961732 0.0000000 3.3615423 2.4679044 6.2883823 4.8288916 8.9999980 2.8442612 2.9830717 
14_63      3.4215809 4.1360069 3.3615423 0.0000000 1.6005392 1.2112122 2.2531913 4.3655123 4.2508857 4.4876966 
14_64      3.5372757 3.2393061 2.4679044 1.6005392 0.0000000 0.8441287 1.8238276 3.4372537 2.4093831 2.8290135 
14_67      3.8603901 4.7641045 6.2883823 1.2112122 0.8441287 0.0000000 1.7102700 2.1616285 5.7722342 4.0084818 
14_68      3.3944541 5.0124919 4.8288916 2.2531913 1.8238276 1.7102700 0.0000000 2.3036200 5.6772838 4.6979413 
14_69      2.9762767 6.0628769 8.9999980 4.3655123 3.4372537 2.1616285 2.3036200 0.0000000 7.2629600 3.7869239 
14_71      3.0169523 3.6510939 2.8442612 4.2508857 2.4093831 5.7722342 5.6772838 7.2629600 0.0000000 1.8131594 
14_254     3.2996093 3.5797513 2.9830717 4.4876966 2.8290135 4.0084818 4.6979413 3.7869239 1.8131594 0.0000000 
