9
0_30       0.0000000 1.8424809 1.0510192 0.3795146 1.0144085 1.8905665 1.1808958 1.6985663 1.7171006 
2_55       1.8424809 0.0000000 1.9804645 1.8353566 1.9199857 0.9529294 2.1393472 0.8883576 0.4618178 
8_131      1.0510192 1.9804645 0.0000000 1.0582238 0.3790932 1.8629755 0.9038706 1.8383196 1.8363549 
9_104      0.3795146 1.8353566 1.0582238 0.0000000 1.0723216 1.9236816 1.2120343 1.7052998 1.7120863 
11_47      1.0144085 1.9199857 0.3790932 1.0723216 0.0000000 2.0150953 0.8918775 1.8693759 1.8227146 
13_99      1.8905665 0.9529294 1.8629755 1.9236816 2.0150953 0.0000000 2.1170726 0.3764057 0.9458838 
14_250     1.1808958 2.1393472 0.9038706 1.2120343 0.8918775 2.1170726 0.0000000 2.0184579 2.1007391 
25_104     1.6985663 0.8883576 1.8383196 1.7052998 1.8693759 0.3764057 2.0184579 0.0000000 0.8890111 
31_38      1.7171006 0.4618178 1.8363549 1.7120863 1.8227146 0.9458838 2.1007391 0.8890111 0.0000000 
