28
0_34       0.0000000 4.5800182 4.6096965 4.5109488 4.2944453 5.6060401 4.5109488 4.5856077 4.4831263 2.2710925 0.8835566 2.4148555 5.4362914 3.2148702 3.9324915 4.6098153 4.5915552 4.5679178 4.5679178 4.5800182 4.5511161 4.0137603 5.5720161 4.0137603 4.5511161 4.5170382 5.0616181 4.5170382 
1_14       4.5800182 0.0000000 4.0128279 0.1043674 0.1082217 0.0949462 0.1043674 0.0962861 0.1103047 4.4585945 5.0061704 4.7872045 3.4430188 4.9397557 3.5747364 0.1292801 0.1268482 0.0985983 0.0985983 0.0000010 0.0041850 2.5308732 3.9824447 2.5308732 0.0041850 0.1066637 3.8738457 0.1066637 
2_128      4.6096965 4.0128279 0.0000000 3.8776345 3.8152330 4.1520231 3.8776345 3.7962636 3.7539940 4.9595660 4.6570338 4.6949483 2.5366925 5.1133377 3.3469191 3.7124365 3.7168576 3.7807414 3.7807414 4.0128279 3.9541516 3.5306777 2.7806787 3.5306777 3.9541516 3.8776345 1.6046649 3.8776345 
3_13       4.5109488 0.1043674 3.8776345 0.0000000 0.0974557 0.0686871 0.0000010 0.0314969 0.0975892 4.4896102 5.0065857 4.9045745 3.4607262 4.9099940 3.5108345 0.1075679 0.1051976 0.0336214 0.0336214 0.1043674 0.0993468 2.4933027 3.9810761 2.4933027 0.0993468 0.0020599 3.9077204 0.0020599 
4_14       4.2944453 0.1082217 3.8152330 0.0974557 0.0000000 0.0000010 0.0974557 0.0800392 0.0299498 4.5897423 4.7463907 4.8408317 3.4119568 4.5113434 3.2104067 0.0616925 0.0585125 0.0833120 0.0833120 0.1082217 0.1085493 2.5786596 3.9105783 2.5786596 0.1085493 0.1007283 4.0976141 0.1007283 
4_15       5.6060401 0.0949462 4.1520231 0.0686871 0.0000010 0.0000000 0.0686871 0.0771854 0.0000010 4.7327321 5.9829034 5.3095406 4.0364981 6.7656250 6.1526776 0.0525535 0.0525535 0.0771854 0.0771854 0.0949462 0.0864184 2.6807970 4.6037730 2.6807970 0.0864184 0.0686871 3.5599356 0.0686871 
5_14       4.5109488 0.1043674 3.8776345 0.0000010 0.0974557 0.0686871 0.0000000 0.0314969 0.0975892 4.4896102 5.0065857 4.9045745 3.4607262 4.9099940 3.5108345 0.1075679 0.1051976 0.0336214 0.0336214 0.1043674 0.0993468 2.4933027 3.9810761 2.4933027 0.0993468 0.0020599 3.9077204 0.0020599 
6_59       4.5856077 0.0962861 3.7962636 0.0314969 0.0800392 0.0771854 0.0314969 0.0000000 0.0902000 4.4592717 4.9159667 4.7801839 3.3490781 4.7620464 3.5799273 0.1001831 0.0978350 0.0020622 0.0020622 0.0962861 0.0913543 2.5201618 3.9114359 2.5201618 0.0913543 0.0336104 3.9062157 0.0336104 
7_14       4.4831263 0.1103047 3.7539940 0.0975892 0.0299498 0.0000010 0.0975892 0.0902000 0.0000000 4.4555284 4.8612818 4.8088666 3.4720437 4.9175370 3.5399219 0.0426632 0.0404805 0.0925116 0.0925116 0.1103047 0.1080679 2.5347817 3.9850882 2.5347817 0.1080679 0.0998775 3.8616008 0.0998775 
8_126      2.2710925 4.4585945 4.9595660 4.4896102 4.5897423 4.7327321 4.4896102 4.4592717 4.4555284 0.0000000 2.2712848 0.8735456 4.8431625 3.6779928 3.9439746 4.4538064 4.4241461 4.4425518 4.4425518 4.4585945 4.4835938 5.0027803 5.5071772 5.0027803 4.4835938 4.4880864 5.3556844 4.4880864 
9_158      0.8835566 5.0061704 4.6570338 5.0065857 4.7463907 5.9829034 5.0065857 4.9159667 4.8612818 2.2712848 0.0000000 2.5189012 5.4282660 3.4963268 4.1210662 5.0138310 4.9772881 4.8960703 4.8960703 5.0061704 5.0042760 4.2066463 5.7880253 4.2066463 5.0042760 5.0106073 5.4452917 5.0106073 
11_4       2.4148555 4.7872045 4.6949483 4.9045745 4.8408317 5.3095406 4.9045745 4.7801839 4.8088666 0.8735456 2.5189012 0.0000000 4.9834859 3.8089712 4.3372822 4.7509703 4.7132375 4.7604437 4.7604437 4.7872045 4.8004120 5.2086214 5.2606611 5.2086214 4.8004120 4.9044837 5.7005221 4.9044837 
13_75      5.4362914 3.4430188 2.5366925 3.4607262 3.4119568 4.0364981 3.4607262 3.3490781 3.4720437 4.8431625 5.4282660 4.9834859 0.0000000 4.8285120 3.6092799 3.3495079 3.3525376 3.3375285 3.3375285 3.4430188 3.4250001 2.9551311 0.7388172 2.9551311 3.4250001 3.4607262 2.7062895 3.4607262 
14_186     3.2148702 4.9397557 5.1133377 4.9099940 4.5113434 6.7656250 4.9099940 4.7620464 4.9175370 3.6779928 3.4963268 3.8089712 4.8285120 0.0000000 4.4263915 4.9106046 4.9191686 4.7418338 4.7418338 4.9397557 4.9369656 5.0642251 5.1226136 5.0642251 4.9369656 4.9099940 4.8763820 4.9099940 
15_10      3.9324915 3.5747364 3.3469191 3.5108345 3.2104067 6.1526776 3.5108345 3.5799273 3.5399219 3.9439746 4.1210662 4.3372822 3.6092799 4.4263915 0.0000000 3.5482804 3.5486887 3.5669866 3.5669866 3.5747364 3.5732135 2.8316330 3.9670063 2.8316330 3.5732135 3.5108345 3.8609892 3.5108345 
16_15      4.6098153 0.1292801 3.7124365 0.1075679 0.0616925 0.0525535 0.1075679 0.1001831 0.0426632 4.4538064 5.0138310 4.7509703 3.3495079 4.9106046 3.5482804 0.0000000 0.0020737 0.1024828 0.1024828 0.1292801 0.1267088 2.5091970 3.8482621 2.5091970 0.1267088 0.1098403 3.9345690 0.1098403 
17_15      4.5915552 0.1268482 3.7168576 0.1051976 0.0585125 0.0525535 0.1051976 0.0978350 0.0404805 4.4241461 4.9772881 4.7132375 3.3525376 4.9191686 3.5486887 0.0020737 0.0000000 0.1001302 0.1001302 0.1268482 0.1242862 2.5186870 3.8533046 2.5186870 0.1242862 0.1074666 3.9358454 0.1074666 
18_14      4.5679178 0.0985983 3.7807414 0.0336214 0.0833120 0.0771854 0.0336214 0.0020622 0.0925116 4.4425518 4.8960703 4.7604437 3.3375285 4.7418338 3.5669866 0.1024828 0.1001302 0.0000000 0.0000010 0.0985983 0.0936513 2.5135264 3.8970378 2.5135264 0.0936513 0.0357373 3.8908939 0.0357373 
19_14      4.5679178 0.0985983 3.7807414 0.0336214 0.0833120 0.0771854 0.0336214 0.0020622 0.0925116 4.4425518 4.8960703 4.7604437 3.3375285 4.7418338 3.5669866 0.1024828 0.1001302 0.0000010 0.0000000 0.0985983 0.0936513 2.5135264 3.8970378 2.5135264 0.0936513 0.0357373 3.8908939 0.0357373 
21_14      4.5800182 0.0000010 4.0128279 0.1043674 0.1082217 0.0949462 0.1043674 0.0962861 0.1103047 4.4585945 5.0061704 4.7872045 3.4430188 4.9397557 3.5747364 0.1292801 0.1268482 0.0985983 0.0985983 0.0000000 0.0041850 2.5308732 3.9824447 2.5308732 0.0041850 0.1066637 3.8738457 0.1066637 
23_14      4.5511161 0.0041850 3.9541516 0.0993468 0.1085493 0.0864184 0.0993468 0.0913543 0.1080679 4.4835938 5.0042760 4.8004120 3.4250001 4.9369656 3.5732135 0.1267088 0.1242862 0.0936513 0.0936513 0.0041850 0.0000000 2.5182030 3.9714494 2.5182030 0.0000010 0.1016308 3.7773206 0.1016308 
24_86      4.0137603 2.5308732 3.5306777 2.4933027 2.5786596 2.6807970 2.4933027 2.5201618 2.5347817 5.0027803 4.2066463 5.2086214 2.9551311 5.0642251 2.8316330 2.5091970 2.5186870 2.5135264 2.5135264 2.5308732 2.5182030 0.0000000 2.9998013 0.0000010 2.5182030 2.4885188 3.7080400 2.4885188 
25_112     5.5720161 3.9824447 2.7806787 3.9810761 3.9105783 4.6037730 3.9810761 3.9114359 3.9850882 5.5071772 5.7880253 5.2606611 0.7388172 5.1226136 3.9670063 3.8482621 3.8533046 3.8970378 3.8970378 3.9824447 3.9714494 2.9998013 0.0000000 2.9998013 3.9714494 3.9810761 2.8579207 3.9810761 
26_87      4.0137603 2.5308732 3.5306777 2.4933027 2.5786596 2.6807970 2.4933027 2.5201618 2.5347817 5.0027803 4.2066463 5.2086214 2.9551311 5.0642251 2.8316330 2.5091970 2.5186870 2.5135264 2.5135264 2.5308732 2.5182030 0.0000010 2.9998013 0.0000000 2.5182030 2.4885188 3.7080400 2.4885188 
29_14      4.5511161 0.0041850 3.9541516 0.0993468 0.1085493 0.0864184 0.0993468 0.0913543 0.1080679 4.4835938 5.0042760 4.8004120 3.4250001 4.9369656 3.5732135 0.1267088 0.1242862 0.0936513 0.0936513 0.0041850 0.0000010 2.5182030 3.9714494 2.5182030 0.0000000 0.1016308 3.7773206 0.1016308 
30_14      4.5170382 0.1066637 3.8776345 0.0020599 0.1007283 0.0686871 0.0020599 0.0336104 0.0998775 4.4880864 5.0106073 4.9044837 3.4607262 4.9099940 3.5108345 0.1098403 0.1074666 0.0357373 0.0357373 0.1066637 0.1016308 2.4885188 3.9810761 2.4885188 0.1016308 0.0000000 3.9077204 0.0000010 
31_56      5.0616181 3.8738457 1.6046649 3.9077204 4.0976141 3.5599356 3.9077204 3.9062157 3.8616008 5.3556844 5.4452917 5.7005221 2.7062895 4.8763820 3.8609892 3.9345690 3.9358454 3.8908939 3.8908939 3.8738457 3.7773206 3.7080400 2.8579207 3.7080400 3.7773206 3.9077204 0.0000000 3.9077204 
35_11      4.5170382 0.1066637 3.8776345 0.0020599 0.1007283 0.0686871 0.0020599 0.0336104 0.0998775 4.4880864 5.0106073 4.9044837 3.4607262 4.9099940 3.5108345 0.1098403 0.1074666 0.0357373 0.0357373 0.1066637 0.1016308 2.4885188 3.9810761 2.4885188 0.1016308 0.0000010 3.9077204 0.0000000 
