7
0_182      0.0000000 3.0928493 1.8911129 2.9332147 4.7829391 4.2820937 4.5127962 
8_35       3.0928493 0.0000000 2.8317463 1.1190022 5.3712802 5.2305840 5.1373074 
9_167      1.8911129 2.8317463 0.0000000 3.5500074 5.5595012 4.7046819 4.5057812 
11_105     2.9332147 1.1190022 3.5500074 0.0000000 4.5142606 5.0967589 4.9732076 
13_11      4.7829391 5.3712802 5.5595012 4.5142606 0.0000000 4.0785527 0.7543481 
15_73      4.2820937 5.2305840 4.7046819 5.0967589 4.0785527 0.0000000 4.1084898 
25_134     4.5127962 5.1373074 4.5057812 4.9732076 0.7543481 4.1084898 0.0000000 
