6
3_24       0.0000000 1.6664416 2.6376765 0.0612956 1.6664416 3.0622339 
4_28       1.6664416 0.0000000 0.2456135 0.2083027 0.0000010 0.8352144 
21_24      2.6376765 0.2456135 0.0000000 0.4659581 0.2456135 0.8205942 
27_80      0.0612956 0.2083027 0.4659581 0.0000000 0.2083027 1.1792997 
30_27      1.6664416 0.0000010 0.2456135 0.2083027 0.0000000 0.8352144 
35_102     3.0622339 0.8352144 0.8205942 1.1792997 0.8352144 0.0000000 
