30
0_5        0.0000000 2.9637052 2.7588866 2.9901149 3.0059476 3.0068167 3.0138025 2.9486611 2.0173428 0.6217096 3.0077646 2.0427779 3.0077646 2.4269827 3.6296367 2.0150415 2.9799796 2.9799796 3.0138025 2.9637052 2.9536816 2.7711723 2.3770064 2.7711723 2.9637052 2.9571977 2.6790609 3.0114169 2.9571977 2.9937490 
1_63       2.9637052 0.0000000 2.0924358 0.0509122 0.0514776 0.0493092 0.0493915 0.0444730 3.1251769 2.9251202 0.0480354 2.9347886 0.0480354 2.1036613 3.7842896 2.5345836 0.0457784 0.0457784 0.0493915 0.0000010 0.0045608 1.2068949 2.1177110 1.2068949 0.0011364 0.0057032 2.1553342 0.0480354 0.0057032 0.0456058 
2_52       2.7588866 2.0924358 0.0000000 2.0912528 2.1427121 2.0787380 2.1048503 2.0591280 2.7727561 2.6245250 2.0783460 2.7034225 2.0783460 1.4143485 4.1158689 2.1030650 2.0886086 2.0886086 2.1048503 2.0924358 2.0819257 2.0805327 1.4090054 2.0805327 2.0924358 2.0754660 0.6393804 2.0959442 2.0754660 2.0862831 
3_63       2.9901149 0.0509122 2.0912528 0.0000000 0.0187275 0.0056978 0.0172519 0.0504480 2.9846995 2.9391401 0.0045490 2.8393716 0.0045490 2.0700670 3.7491708 2.5006134 0.0529724 0.0529724 0.0172519 0.0509122 0.0521009 1.1650510 2.0920100 1.1650510 0.0521463 0.0533060 2.1252742 0.0045490 0.0533060 0.0091282 
4_67       3.0059476 0.0514776 2.1427121 0.0187275 0.0000000 0.0150636 0.0022911 0.0473867 3.0299889 2.9812313 0.0138759 2.8632476 0.0138759 2.1154659 3.7776254 2.5830335 0.0511465 0.0511465 0.0022911 0.0514776 0.0526805 1.2109726 2.1512080 1.2109726 0.0527269 0.0539002 2.1752248 0.0138759 0.0539002 0.0092225 
5_62       3.0068167 0.0493092 2.0787380 0.0056978 0.0150636 0.0000000 0.0136652 0.0464837 3.0096359 2.9426844 0.0011258 2.8476280 0.0011258 2.0780334 3.7471043 2.5138830 0.0489741 0.0489741 0.0136652 0.0493092 0.0504888 1.1686553 2.1081059 1.1686553 0.0505323 0.0516839 2.1202617 0.0011258 0.0516839 0.0056483 
6_12       3.0138025 0.0493915 2.1048503 0.0172519 0.0022911 0.0136652 0.0000000 0.0465606 3.0258584 2.9737106 0.0125008 2.8678515 0.0125008 2.0867767 3.7705772 2.5451810 0.0490552 0.0490552 0.0000010 0.0493915 0.0505730 1.1828747 2.1172508 1.1828747 0.0506167 0.0517702 2.1386854 0.0125008 0.0517702 0.0079315 
7_62       2.9486611 0.0444730 2.0591280 0.0504480 0.0473867 0.0464837 0.0465606 0.0000000 3.0862000 2.9097046 0.0452283 2.8611988 0.0452283 2.0754528 3.7701801 2.5373382 0.0205714 0.0205714 0.0465606 0.0444730 0.0431792 1.2004771 2.1029416 1.2004771 0.0456875 0.0443641 2.1259911 0.0452283 0.0443641 0.0428281 
8_117      2.0173428 3.1251769 2.7727561 2.9846995 3.0299889 3.0096359 3.0258584 3.0862000 0.0000000 2.0634357 3.0091354 0.5333235 3.0091354 2.5604892 3.2049980 2.1954663 3.0839113 3.0839113 3.0258584 3.1251769 3.1053906 2.8774936 2.6499950 2.8774936 3.1251769 3.1015351 2.7852877 3.0144443 3.1015351 3.0080895 
9_216      0.6217096 2.9251202 2.6245250 2.9391401 2.9812313 2.9426844 2.9737106 2.9097046 2.0634357 0.0000000 2.9435924 2.0425694 2.9435924 2.3255809 3.4155968 2.0583363 2.9244065 2.9244065 2.9737106 2.9251202 2.9172915 2.9824647 2.3615761 2.9824647 2.9251202 2.9181448 2.6610451 2.9353735 2.9181448 2.9457967 
10_62      3.0077646 0.0480354 2.0783460 0.0045490 0.0138759 0.0011258 0.0125008 0.0452283 3.0091354 2.9435924 0.0000000 2.8471578 0.0000010 2.0776456 3.7539685 2.5134625 0.0477098 0.0477098 0.0125008 0.0480354 0.0492125 1.1682720 2.1077168 1.1682720 0.0492547 0.0504047 2.1198675 0.0000010 0.0504047 0.0045094 
11_91      2.0427779 2.9347886 2.7034225 2.8393716 2.8632476 2.8476280 2.8678515 2.8611988 0.5333235 2.0425694 2.8471578 0.0000000 2.8471578 2.5513834 3.3849956 2.1064483 2.8946031 2.8946031 2.8678515 2.9347886 2.9258453 2.7175132 2.5335760 2.7175132 2.9347886 2.9199944 2.6428992 2.8478579 2.9199944 2.8374315 
12_59      3.0077646 0.0480354 2.0783460 0.0045490 0.0138759 0.0011258 0.0125008 0.0452283 3.0091354 2.9435924 0.0000010 2.8471578 0.0000000 2.0776456 3.7539685 2.5134625 0.0477098 0.0477098 0.0125008 0.0480354 0.0492125 1.1682720 2.1077168 1.1682720 0.0492547 0.0504047 2.1198675 0.0000010 0.0504047 0.0045094 
13_68      2.4269827 2.1036613 1.4143485 2.0700670 2.1154659 2.0780334 2.0867767 2.0754528 2.5604892 2.3255809 2.0776456 2.5513834 2.0776456 0.0000000 3.7211145 1.9063232 2.1110003 2.1110003 2.0867767 2.1036613 2.0930673 1.9118349 0.4363201 1.9118349 2.1036613 2.0965929 1.5267441 2.0702808 2.0965929 2.0778488 
14_202     3.6296367 3.7842896 4.1158689 3.7491708 3.7776254 3.7471043 3.7705772 3.7701801 3.2049980 3.4155968 3.7539685 3.3849956 3.7539685 3.7211145 0.0000000 3.5885888 3.7729467 3.7729467 3.7705772 3.7842896 3.7730392 4.0960186 3.8996970 4.0960186 3.7842896 3.7754123 4.4550427 3.7416665 3.7754123 3.7343378 
15_148     2.0150415 2.5345836 2.1030650 2.5006134 2.5830335 2.5138830 2.5451810 2.5373382 2.1954663 2.0583363 2.5134625 2.1064483 2.5134625 1.9063232 3.5885888 0.0000000 2.5703296 2.5703296 2.5451810 2.5345836 2.5260991 2.3937125 1.9590948 2.3937125 2.5345836 2.5328699 2.1564861 2.5038578 2.5328699 2.5158609 
16_62      2.9799796 0.0457784 2.0886086 0.0529724 0.0511465 0.0489741 0.0490552 0.0205714 3.0839113 2.9244065 0.0477098 2.8946031 0.0477098 2.1110003 3.7729467 2.5703296 0.0000000 0.0000010 0.0490552 0.0457784 0.0444774 1.2041095 2.1296584 1.2041095 0.0469974 0.0456661 2.1380328 0.0477098 0.0456661 0.0452974 
17_62      2.9799796 0.0457784 2.0886086 0.0529724 0.0511465 0.0489741 0.0490552 0.0205714 3.0839113 2.9244065 0.0477098 2.8946031 0.0477098 2.1110003 3.7729467 2.5703296 0.0000010 0.0000000 0.0490552 0.0457784 0.0444774 1.2041095 2.1296584 1.2041095 0.0469974 0.0456661 2.1380328 0.0477098 0.0456661 0.0452974 
18_63      3.0138025 0.0493915 2.1048503 0.0172519 0.0022911 0.0136652 0.0000010 0.0465606 3.0258584 2.9737106 0.0125008 2.8678515 0.0125008 2.0867767 3.7705772 2.5451810 0.0490552 0.0490552 0.0000000 0.0493915 0.0505730 1.1828747 2.1172508 1.1828747 0.0506167 0.0517702 2.1386854 0.0125008 0.0517702 0.0079315 
21_60      2.9637052 0.0000010 2.0924358 0.0509122 0.0514776 0.0493092 0.0493915 0.0444730 3.1251769 2.9251202 0.0480354 2.9347886 0.0480354 2.1036613 3.7842896 2.5345836 0.0457784 0.0457784 0.0493915 0.0000000 0.0045608 1.2068949 2.1177110 1.2068949 0.0011364 0.0057032 2.1553342 0.0480354 0.0057032 0.0456058 
23_63      2.9536816 0.0045608 2.0819257 0.0521009 0.0526805 0.0504888 0.0505730 0.0431792 3.1053906 2.9172915 0.0492125 2.9258453 0.0492125 2.0930673 3.7730392 2.5260991 0.0444774 0.0444774 0.0505730 0.0045608 0.0000000 1.2062589 2.1201423 1.2062589 0.0057064 0.0011347 2.1575883 0.0492125 0.0011347 0.0467805 
24_126     2.7711723 1.2068949 2.0805327 1.1650510 1.2109726 1.1686553 1.1828747 1.2004771 2.8774936 2.9824647 1.1682720 2.7175132 1.1682720 1.9118349 4.0960186 2.3937125 1.2041095 1.2041095 1.1828747 1.2068949 1.2062589 0.0000000 1.9289220 0.0000010 1.2059174 1.2080379 2.1511980 1.1682720 1.2080379 1.1753535 
25_48      2.3770064 2.1177110 1.4090054 2.0920100 2.1512080 2.1081059 2.1172508 2.1029416 2.6499950 2.3615761 2.1077168 2.5335760 2.1077168 0.4363201 3.8996970 1.9590948 2.1296584 2.1296584 2.1172508 2.1177110 2.1201423 1.9289220 0.0000000 1.9289220 2.1177110 2.1237218 1.5111127 2.1002081 2.1237218 2.1079131 
26_127     2.7711723 1.2068949 2.0805327 1.1650510 1.2109726 1.1686553 1.1828747 1.2004771 2.8774936 2.9824647 1.1682720 2.7175132 1.1682720 1.9118349 4.0960186 2.3937125 1.2041095 1.2041095 1.1828747 1.2068949 1.2062589 0.0000010 1.9289220 0.0000000 1.2059174 1.2080379 2.1511980 1.1682720 1.2080379 1.1753535 
28_64      2.9637052 0.0011364 2.0924358 0.0521463 0.0527269 0.0505323 0.0506167 0.0456875 3.1251769 2.9251202 0.0492547 2.9347886 0.0492547 2.1036613 3.7842896 2.5345836 0.0469974 0.0469974 0.0506167 0.0011364 0.0057064 1.2059174 2.1177110 1.2059174 0.0000000 0.0068503 2.1553342 0.0492547 0.0068503 0.0468204 
29_64      2.9571977 0.0057032 2.0754660 0.0533060 0.0539002 0.0516839 0.0517702 0.0443641 3.1015351 2.9181448 0.0504047 2.9199944 0.0504047 2.0965929 3.7754123 2.5328699 0.0456661 0.0456661 0.0517702 0.0057032 0.0011347 1.2080379 2.1237218 1.2080379 0.0068503 0.0000000 2.1508635 0.0504047 0.0000010 0.0479694 
31_10      2.6790609 2.1553342 0.6393804 2.1252742 2.1752248 2.1202617 2.1386854 2.1259911 2.7852877 2.6610451 2.1198675 2.6428992 2.1198675 1.5267441 4.4550427 2.1564861 2.1380328 2.1380328 2.1386854 2.1553342 2.1575883 2.1511980 1.5111127 2.1511980 2.1553342 2.1508635 0.0000000 2.1332197 2.1508635 2.1280213 
34_12      3.0114169 0.0480354 2.0959442 0.0045490 0.0138759 0.0011258 0.0125008 0.0452283 3.0144443 2.9353735 0.0000010 2.8478579 0.0000010 2.0702808 3.7416665 2.5038578 0.0477098 0.0477098 0.0125008 0.0480354 0.0492125 1.1682720 2.1002081 1.1682720 0.0492547 0.0504047 2.1332197 0.0000000 0.0504047 0.0045094 
43_63      2.9571977 0.0057032 2.0754660 0.0533060 0.0539002 0.0516839 0.0517702 0.0443641 3.1015351 2.9181448 0.0504047 2.9199944 0.0504047 2.0965929 3.7754123 2.5328699 0.0456661 0.0456661 0.0517702 0.0057032 0.0011347 1.2080379 2.1237218 1.2080379 0.0068503 0.0000010 2.1508635 0.0504047 0.0000000 0.0479694 
44_61      2.9937490 0.0456058 2.0862831 0.0091282 0.0092225 0.0056483 0.0079315 0.0428281 3.0080895 2.9457967 0.0045094 2.8374315 0.0045094 2.0778488 3.7343378 2.5158609 0.0452974 0.0452974 0.0079315 0.0456058 0.0467805 1.1753535 2.1079131 1.1753535 0.0468204 0.0479694 2.1280213 0.0045094 0.0479694 0.0000000 
