11
14_24      0.0000000 0.5156572 0.8842923 1.9022280 1.8148011 1.7707745 1.8358162 1.7445671 2.1195001 2.4155594 2.5365836 
14_25      0.5156572 0.0000000 0.9975775 1.8144080 1.7288389 1.7979116 1.8231184 1.8769445 2.2225505 2.5010885 2.6279811 
14_26      0.8842923 0.9975775 0.0000000 1.5401378 1.6432521 1.5701022 1.7681922 1.5299403 2.3992235 2.7833809 2.4173689 
14_27      1.9022280 1.8144080 1.5401378 0.0000000 0.8939572 1.6947946 1.6706370 1.5868078 2.5285090 2.5792948 2.3690104 
14_29      1.8148011 1.7288389 1.6432521 0.8939572 0.0000000 1.6981304 1.8449486 1.6369370 2.5855764 2.7453792 2.6751839 
14_30      1.7707745 1.7979116 1.5701022 1.6947946 1.6981304 0.0000000 1.1463980 1.6369505 2.7478392 2.6717025 2.5871105 
14_31      1.8358162 1.8231184 1.7681922 1.6706370 1.8449486 1.1463980 0.0000000 1.7130613 2.7019834 2.5522104 2.7385982 
14_33      1.7445671 1.8769445 1.5299403 1.5868078 1.6369370 1.6369505 1.7130613 0.0000000 2.3663867 2.1726526 2.2325457 
14_251     2.1195001 2.2225505 2.3992235 2.5285090 2.5855764 2.7478392 2.7019834 2.3663867 0.0000000 1.0661365 1.0048766 
14_252     2.4155594 2.5010885 2.7833809 2.5792948 2.7453792 2.6717025 2.5522104 2.1726526 1.0661365 0.0000000 0.9957652 
14_253     2.5365836 2.6279811 2.4173689 2.3690104 2.6751839 2.5871105 2.7385982 2.2325457 1.0048766 0.9957652 0.0000000 
