20
1_85       0.0000000 0.1024167 0.1179756 0.1024167 0.1128560 0.1390218 0.1051731 0.1024167 0.1409939 0.1409939 0.1128560 0.1186072 0.1186072 0.0000010 0.0369111 0.1051731 0.0074712 0.1261041 0.0369111 0.1158370 
3_85       0.1024167 0.0000000 0.0456668 0.0042711 0.0409595 0.1304720 0.0064305 0.0042711 0.1328905 0.1328905 0.0409595 0.0458049 0.0458049 0.1024167 0.0805189 0.0064305 0.1002469 0.0811201 0.0805189 0.0434026 
4_91       0.1179756 0.0456668 0.0000000 0.0411137 0.0064278 0.1495805 0.0435367 0.0411137 0.1583801 0.1583801 0.0064278 0.0086106 0.0086106 0.1179756 0.1028374 0.0435367 0.1212573 0.1077599 0.1028374 0.0086057 
5_83       0.1024167 0.0042711 0.0411137 0.0000000 0.0364153 0.1304720 0.0021407 0.0000010 0.1328905 0.1328905 0.0364153 0.0412391 0.0412391 0.1024167 0.0805189 0.0021407 0.1002469 0.0763471 0.0805189 0.0388439 
6_115      0.1128560 0.0409595 0.0064278 0.0364153 0.0000000 0.1440560 0.0388174 0.0364153 0.1526619 0.1526619 0.0000010 0.0042956 0.0042956 0.1128560 0.0979282 0.0388174 0.1160882 0.1028078 0.0979282 0.0021409 
7_80       0.1390218 0.1304720 0.1495805 0.1304720 0.1440560 0.0000000 0.1333107 0.1304720 0.0766487 0.0766487 0.1440560 0.1500492 0.1500492 0.1390218 0.1324314 0.1333107 0.1359615 0.0488987 0.1324314 0.1472063 
10_83      0.1051731 0.0064305 0.0435367 0.0021407 0.0388174 0.1333107 0.0000000 0.0021407 0.1357733 0.1357733 0.0388174 0.0436693 0.0436693 0.1051731 0.0831796 0.0000010 0.1030032 0.0737192 0.0831796 0.0412620 
12_79      0.1024167 0.0042711 0.0411137 0.0000010 0.0364153 0.1304720 0.0021407 0.0000000 0.1328905 0.1328905 0.0364153 0.0412391 0.0412391 0.1024167 0.0805189 0.0021407 0.1002469 0.0763471 0.0805189 0.0388439 
16_80      0.1409939 0.1328905 0.1583801 0.1328905 0.1526619 0.0766487 0.1357733 0.1328905 0.0000000 0.0000010 0.1526619 0.1588149 0.1588149 0.1409939 0.1311022 0.1357733 0.1350345 0.0967759 0.1311022 0.1559094 
17_80      0.1409939 0.1328905 0.1583801 0.1328905 0.1526619 0.0766487 0.1357733 0.1328905 0.0000010 0.0000000 0.1526619 0.1588149 0.1588149 0.1409939 0.1311022 0.1357733 0.1350345 0.0967759 0.1311022 0.1559094 
18_83      0.1128560 0.0409595 0.0064278 0.0364153 0.0000010 0.1440560 0.0388174 0.0364153 0.1526619 0.1526619 0.0000000 0.0042956 0.0042956 0.1128560 0.0979282 0.0388174 0.1160882 0.1028078 0.0979282 0.0021409 
19_80      0.1186072 0.0458049 0.0086106 0.0412391 0.0042956 0.1500492 0.0436693 0.0412391 0.1588149 0.1588149 0.0042956 0.0000000 0.0000010 0.1186072 0.1035564 0.0436693 0.1218707 0.1084451 0.1035564 0.0064702 
20_83      0.1186072 0.0458049 0.0086106 0.0412391 0.0042956 0.1500492 0.0436693 0.0412391 0.1588149 0.1588149 0.0042956 0.0000010 0.0000000 0.1186072 0.1035564 0.0436693 0.1218707 0.1084451 0.1035564 0.0064702 
21_82      0.0000010 0.1024167 0.1179756 0.1024167 0.1128560 0.1390218 0.1051731 0.1024167 0.1409939 0.1409939 0.1128560 0.1186072 0.1186072 0.0000000 0.0369111 0.1051731 0.0074712 0.1261041 0.0369111 0.1158370 
23_85      0.0369111 0.0805189 0.1028374 0.0805189 0.0979282 0.1324314 0.0831796 0.0805189 0.1311022 0.1311022 0.0979282 0.1035564 0.1035564 0.0369111 0.0000000 0.0831796 0.0280798 0.1069371 0.0000010 0.1008277 
27_121     0.1051731 0.0064305 0.0435367 0.0021407 0.0388174 0.1333107 0.0000010 0.0021407 0.1357733 0.1357733 0.0388174 0.0436693 0.0436693 0.1051731 0.0831796 0.0000000 0.1030032 0.0737192 0.0831796 0.0412620 
29_87      0.0074712 0.1002469 0.1212573 0.1002469 0.1160882 0.1359615 0.1030032 0.1002469 0.1350345 0.1350345 0.1160882 0.1218707 0.1218707 0.0074712 0.0280798 0.1030032 0.0000000 0.1208066 0.0280798 0.1190896 
34_115     0.1261041 0.0811201 0.1077599 0.0763471 0.1028078 0.0488987 0.0737192 0.0763471 0.0967759 0.0967759 0.1028078 0.1084451 0.1084451 0.1261041 0.1069371 0.0737192 0.1208066 0.0000000 0.1069371 0.1057176 
43_84      0.0369111 0.0805189 0.1028374 0.0805189 0.0979282 0.1324314 0.0831796 0.0805189 0.1311022 0.1311022 0.0979282 0.1035564 0.1035564 0.0369111 0.0000010 0.0831796 0.0280798 0.1069371 0.0000000 0.1008277 
44_80      0.1158370 0.0434026 0.0086057 0.0388439 0.0021409 0.1472063 0.0412620 0.0388439 0.1559094 0.1559094 0.0021409 0.0064702 0.0064702 0.1158370 0.1008277 0.0412620 0.1190896 0.1057176 0.1008277 0.0000000 
