36
0_148      0.0000000 2.2119936 1.6211100 2.5455455 2.1889308 2.1850171 2.1870879 2.1463737 1.4702539 0.5431562 2.1850171 1.4762083 2.0163606 2.0427679 2.3704749 1.9740358 2.1613967 2.1613967 2.1618908 2.1618908 2.2119936 2.2105593 2.1900473 2.0169514 1.9622769 2.0169514 2.2105593 2.2092410 2.1900473 1.7687762 2.0169514 2.2105593 2.2166381 2.0169514 2.1591886 2.1892461 
1_91       2.2119936 0.0000000 1.3003783 0.1770049 0.0617640 0.0651486 0.0584029 0.0794508 1.6846322 1.9792870 0.0651486 1.8290205 1.6846242 2.4840278 3.0574938 2.1331806 0.0615850 0.0615850 0.0584029 0.0584029 0.0000010 0.0651486 0.0192837 0.9442807 1.6837339 0.9447712 0.0651486 0.0000010 0.0192837 1.4277932 0.9442807 0.0651486 0.0668762 0.9442807 0.0660010 0.0697927 
2_15       1.6211100 1.3003783 0.0000000 1.6363775 1.3222441 1.2840841 1.3195447 1.2863925 1.6296860 1.6621997 1.2840841 1.6155531 1.7033791 2.1591951 2.4717585 1.9958318 1.3086620 1.3086620 1.3085425 1.3085425 1.3003783 1.2947820 1.2835376 1.4818936 1.6288719 1.4901718 1.2947820 1.3015537 1.2835376 0.4701824 1.4710624 1.2947820 1.3197283 1.4657748 1.2874837 1.3101638 
3_92       2.5455455 0.1770049 1.6363775 0.0000000 0.1542485 0.1253632 0.1562128 0.1764742 2.2116979 2.3296217 0.1253632 2.2706345 1.6701712 2.9565562 3.3913851 2.3578079 0.1711545 0.1711545 0.1493446 0.1493446 0.1770049 0.1310764 0.1665863 1.1761806 1.7540062 1.1761806 0.1310764 0.1742431 0.1665863 1.7472334 1.1761806 0.1310764 0.1310764 1.1761806 0.1253632 0.1357299 
4_97       2.1889308 0.0617640 1.3222441 0.1542485 0.0000000 0.0306123 0.0031077 0.0960030 1.7298443 1.9870714 0.0306123 1.8892121 1.6829789 2.5413699 2.9639201 2.2033333 0.0781685 0.0781685 0.0030150 0.0030150 0.0617640 0.0315668 0.0740238 0.9192042 1.7285157 0.9196552 0.0315668 0.0631392 0.0740238 1.4510117 0.9192042 0.0315668 0.0323736 0.9192042 0.0309865 0.0311058 
5_89       2.1850171 0.0651486 1.2840841 0.1253632 0.0306123 0.0000000 0.0283592 0.0930497 1.6864143 2.0117215 0.0000010 1.8553892 1.6489475 2.5385059 2.9435625 2.1662390 0.0787943 0.0787943 0.0275030 0.0275030 0.0651486 0.0000010 0.0740770 0.9268610 1.6912824 0.9273191 0.0000010 0.0664278 0.0740770 1.4254935 0.9268610 0.0000010 0.0000010 0.9268610 0.0000010 0.0061468 
6_108      2.1870879 0.0584029 1.3195447 0.1562128 0.0031077 0.0283592 0.0000000 0.0956360 1.7116469 1.9637070 0.0283592 1.8686991 1.6640231 2.5043576 2.9487080 2.1756384 0.0738649 0.0738649 0.0000010 0.0000010 0.0584029 0.0283592 0.0706734 0.9100737 1.7084444 0.9105135 0.0283592 0.0584029 0.0706734 1.4354527 0.9100737 0.0283592 0.0290823 0.9100737 0.0287161 0.0288301 
7_86       2.1463737 0.0794508 1.2863925 0.1764742 0.0960030 0.0930497 0.0956360 0.0000000 1.6995616 1.9795258 0.0930497 1.8550876 1.7637748 2.4650044 2.8967591 2.1590028 0.0721567 0.0721567 0.0926372 0.0926372 0.0794508 0.0960743 0.0787305 0.9297515 1.7432250 0.9314116 0.0960743 0.0803314 0.0787305 1.3942521 0.9297515 0.0960743 0.0917892 0.9297515 0.0909637 0.0982382 
8_90       1.4702539 1.6846322 1.6296860 2.2116979 1.7298443 1.6864143 1.7116469 1.6995616 0.0000000 1.3997317 1.6864143 0.3587884 1.7899892 1.7865556 2.4527310 1.6410928 1.6465073 1.6465073 1.7116469 1.7116469 1.6846322 1.6864143 1.6663919 1.7461473 1.7331573 1.7632412 1.6864143 1.6846322 1.6663919 1.6942186 1.7211775 1.7151449 1.7416144 1.7337062 1.7109733 1.7077951 
9_171      0.5431562 1.9792870 1.6621997 2.3296217 1.9870714 2.0117215 1.9637070 1.9795258 1.3997317 0.0000000 2.0117215 1.3617232 1.9514649 2.1513743 2.3885977 2.0150904 1.9061469 1.9061469 1.9637070 1.9637070 1.9792870 2.0117215 2.0001961 1.9922702 2.0298642 1.9922702 2.0117215 1.9792870 2.0001961 1.6921437 1.9922702 2.0117215 2.0332451 1.9922702 2.0100036 1.9975970 
10_89      2.1850171 0.0651486 1.2840841 0.1253632 0.0306123 0.0000010 0.0283592 0.0930497 1.6864143 2.0117215 0.0000000 1.8553892 1.6489475 2.5385059 2.9435625 2.1662390 0.0787943 0.0787943 0.0275030 0.0275030 0.0651486 0.0000010 0.0740770 0.9268610 1.6912824 0.9273191 0.0000010 0.0664278 0.0740770 1.4254935 0.9268610 0.0000010 0.0000010 0.9268610 0.0000010 0.0061468 
11_52      1.4762083 1.8290205 1.6155531 2.2706345 1.8892121 1.8553892 1.8686991 1.8550876 0.3587884 1.3617232 1.8553892 0.0000000 1.8401896 1.8014630 2.3298200 1.7092338 1.8005888 1.8005888 1.8686991 1.8686991 1.8290205 1.8553892 1.8053871 1.9054051 1.7490908 1.9075301 1.8553892 1.8290205 1.8053871 1.7384300 1.8772624 1.8720501 1.8898524 1.8772624 1.8729137 1.8728462 
13_89      2.0163606 1.6846242 1.7033791 1.6701712 1.6829789 1.6489475 1.6640231 1.7637748 1.7899892 1.9514649 1.6489475 1.8401896 0.0000000 2.1119471 2.9942161 2.2008763 1.7050519 1.7050519 1.6640231 1.6640231 1.6846242 1.6489475 1.6827965 1.6750925 0.6794074 1.6768651 1.6489475 1.6846242 1.6827965 1.5630521 1.6450089 1.6489475 1.6339473 1.6748401 1.6128347 1.6174830 
14_49      2.0427679 2.4840278 2.1591951 2.9565562 2.5413699 2.5385059 2.5043576 2.4650044 1.7865556 2.1513743 2.5385059 1.8014630 2.1119471 0.0000000 3.0924027 2.2151335 2.4881425 2.4881425 2.5043576 2.5043576 2.4840278 2.5385059 2.5120730 2.2500915 2.2321107 2.2500915 2.5385059 2.4840278 2.5120730 2.3058399 2.2500915 2.5385059 2.5232011 2.2500915 2.5232011 2.5161355 
14_233     2.3704749 3.0574938 2.4717585 3.3913851 2.9639201 2.9435625 2.9487080 2.8967591 2.4527310 2.3885977 2.9435625 2.3298200 2.9942161 3.0924027 0.0000000 2.5247000 2.9190688 2.9190688 2.9173997 2.9173997 3.0574938 2.9760863 3.0584185 2.8048040 2.8532443 2.8048040 2.9760863 3.0619149 3.0584185 2.5388774 2.8048040 2.9760863 3.0189009 2.8048040 2.9581585 2.9792066 
15_173     1.9740358 2.1331806 1.9958318 2.3578079 2.2033333 2.1662390 2.1756384 2.1590028 1.6410928 2.0150904 2.1662390 1.7092338 2.2008763 2.2151335 2.5247000 0.0000000 2.1984630 2.1984630 2.1756384 2.1756384 2.1331806 2.1662390 2.1311791 1.8084114 1.9830608 1.8084114 2.1662390 2.1331806 2.1311791 2.1385607 1.8084114 2.1662390 2.1662390 1.8084114 2.1662390 2.1604943 
16_86      2.1613967 0.0615850 1.3086620 0.1711545 0.0781685 0.0787943 0.0738649 0.0721567 1.6465073 1.9061469 0.0787943 1.8005888 1.7050519 2.4881425 2.9190688 2.1984630 0.0000000 0.0000010 0.0749092 0.0749092 0.0615850 0.0778541 0.0606272 0.9203792 1.6851222 0.9208289 0.0778541 0.0662870 0.0606272 1.4319270 0.9203792 0.0778541 0.0732056 0.9203792 0.0765881 0.0768808 
17_86      2.1613967 0.0615850 1.3086620 0.1711545 0.0781685 0.0787943 0.0738649 0.0721567 1.6465073 1.9061469 0.0787943 1.8005888 1.7050519 2.4881425 2.9190688 2.1984630 0.0000010 0.0000000 0.0749092 0.0749092 0.0615850 0.0778541 0.0606272 0.9203792 1.6851222 0.9208289 0.0778541 0.0662870 0.0606272 1.4319270 0.9203792 0.0778541 0.0732056 0.9203792 0.0765881 0.0768808 
18_89      2.1618908 0.0584029 1.3085425 0.1493446 0.0030150 0.0275030 0.0000010 0.0926372 1.7116469 1.9637070 0.0275030 1.8686991 1.6640231 2.5043576 2.9173997 2.1756384 0.0749092 0.0749092 0.0000000 0.0000010 0.0584029 0.0283592 0.0706734 0.9100737 1.7084444 0.9105135 0.0283592 0.0598720 0.0706734 1.4354527 0.9100737 0.0283592 0.0290823 0.9100737 0.0278385 0.0279457 
19_86      2.1618908 0.0584029 1.3085425 0.1493446 0.0030150 0.0275030 0.0000010 0.0926372 1.7116469 1.9637070 0.0275030 1.8686991 1.6640231 2.5043576 2.9173997 2.1756384 0.0749092 0.0749092 0.0000010 0.0000000 0.0584029 0.0283592 0.0706734 0.9100737 1.7084444 0.9105135 0.0283592 0.0598720 0.0706734 1.4354527 0.9100737 0.0283592 0.0290823 0.9100737 0.0278385 0.0279457 
21_88      2.2119936 0.0000010 1.3003783 0.1770049 0.0617640 0.0651486 0.0584029 0.0794508 1.6846322 1.9792870 0.0651486 1.8290205 1.6846242 2.4840278 3.0574938 2.1331806 0.0615850 0.0615850 0.0584029 0.0584029 0.0000000 0.0651486 0.0192837 0.9442807 1.6837339 0.9447712 0.0651486 0.0000010 0.0192837 1.4277932 0.9442807 0.0651486 0.0668762 0.9442807 0.0660010 0.0697927 
22_87      2.2105593 0.0651486 1.2947820 0.1310764 0.0315668 0.0000010 0.0283592 0.0960743 1.6864143 2.0117215 0.0000010 1.8553892 1.6489475 2.5385059 2.9760863 2.1662390 0.0778541 0.0778541 0.0283592 0.0283592 0.0651486 0.0000000 0.0740770 0.9268610 1.6912824 0.9273191 0.0000010 0.0651486 0.0740770 1.4254935 0.9268610 0.0000010 0.0000010 0.9268610 0.0000010 0.0063395 
23_91      2.1900473 0.0192837 1.2835376 0.1665863 0.0740238 0.0740770 0.0706734 0.0787305 1.6663919 2.0001961 0.0740770 1.8053871 1.6827965 2.5120730 3.0584185 2.1311791 0.0606272 0.0606272 0.0706734 0.0706734 0.0192837 0.0740770 0.0000000 0.9350402 1.7063456 0.9355092 0.0740770 0.0192837 0.0000010 1.3960947 0.9350402 0.0740770 0.0691112 0.9350402 0.0715059 0.0786489 
24_51      2.0169514 0.9442807 1.4818936 1.1761806 0.9192042 0.9268610 0.9100737 0.9297515 1.7461473 1.9922702 0.9268610 1.9054051 1.6750925 2.2500915 2.8048040 1.8084114 0.9203792 0.9203792 0.9100737 0.9100737 0.9442807 0.9268610 0.9350402 0.0000000 1.8288428 0.0028632 0.9268610 0.9442807 0.9350402 1.4135306 0.0000010 0.9268610 0.9251411 0.0000010 0.9266160 0.9267863 
25_26      1.9622769 1.6837339 1.6288719 1.7540062 1.7285157 1.6912824 1.7084444 1.7432250 1.7331573 2.0298642 1.6912824 1.7490908 0.6794074 2.2321107 2.8532443 1.9830608 1.6851222 1.6851222 1.7084444 1.7084444 1.6837339 1.6912824 1.7063456 1.8288428 0.0000000 1.8288428 1.6912824 1.6837339 1.7063456 1.5767406 1.8064525 1.6912824 1.6423502 1.8457415 1.6484475 1.6757582 
26_52      2.0169514 0.9447712 1.4901718 1.1761806 0.9196552 0.9273191 0.9105135 0.9314116 1.7632412 1.9922702 0.9273191 1.9075301 1.6768651 2.2500915 2.8048040 1.8084114 0.9208289 0.9208289 0.9105135 0.9105135 0.9447712 0.9273191 0.9355092 0.0028632 1.8288428 0.0000000 0.9273191 0.9447712 0.9355092 1.4278709 0.0028632 0.9273191 0.9256115 0.0028632 0.9270811 0.9272520 
27_115     2.2105593 0.0651486 1.2947820 0.1310764 0.0315668 0.0000010 0.0283592 0.0960743 1.6864143 2.0117215 0.0000010 1.8553892 1.6489475 2.5385059 2.9760863 2.1662390 0.0778541 0.0778541 0.0283592 0.0283592 0.0651486 0.0000010 0.0740770 0.9268610 1.6912824 0.9273191 0.0000000 0.0651486 0.0740770 1.4254935 0.9268610 0.0000010 0.0000010 0.9268610 0.0000010 0.0063395 
28_92      2.2092410 0.0000010 1.3015537 0.1742431 0.0631392 0.0664278 0.0584029 0.0803314 1.6846322 1.9792870 0.0664278 1.8290205 1.6846242 2.4840278 3.0619149 2.1331806 0.0662870 0.0662870 0.0598720 0.0598720 0.0000010 0.0651486 0.0192837 0.9442807 1.6837339 0.9447712 0.0651486 0.0000000 0.0192837 1.4277932 0.9442807 0.0651486 0.0668762 0.9442807 0.0672718 0.0709606 
29_93      2.1900473 0.0192837 1.2835376 0.1665863 0.0740238 0.0740770 0.0706734 0.0787305 1.6663919 2.0001961 0.0740770 1.8053871 1.6827965 2.5120730 3.0584185 2.1311791 0.0606272 0.0606272 0.0706734 0.0706734 0.0192837 0.0740770 0.0000010 0.9350402 1.7063456 0.9355092 0.0740770 0.0192837 0.0000000 1.3960947 0.9350402 0.0740770 0.0691112 0.9350402 0.0715059 0.0786489 
31_1       1.7687762 1.4277932 0.4701824 1.7472334 1.4510117 1.4254935 1.4354527 1.3942521 1.6942186 1.6921437 1.4254935 1.7384300 1.5630521 2.3058399 2.5388774 2.1385607 1.4319270 1.4319270 1.4354527 1.4354527 1.4277932 1.4254935 1.3960947 1.4135306 1.5767406 1.4278709 1.4254935 1.4277932 1.3960947 0.0000000 1.4037153 1.4254935 1.4504186 1.4164928 1.4319086 1.4515783 
32_31      2.0169514 0.9442807 1.4710624 1.1761806 0.9192042 0.9268610 0.9100737 0.9297515 1.7211775 1.9922702 0.9268610 1.8772624 1.6450089 2.2500915 2.8048040 1.8084114 0.9203792 0.9203792 0.9100737 0.9100737 0.9442807 0.9268610 0.9350402 0.0000010 1.8064525 0.0028632 0.9268610 0.9442807 0.9350402 1.4037153 0.0000000 0.9268610 0.9251411 0.0000010 0.9266160 0.9267863 
33_108     2.2105593 0.0651486 1.2947820 0.1310764 0.0315668 0.0000010 0.0283592 0.0960743 1.7151449 2.0117215 0.0000010 1.8720501 1.6489475 2.5385059 2.9760863 2.1662390 0.0778541 0.0778541 0.0283592 0.0283592 0.0651486 0.0000010 0.0740770 0.9268610 1.6912824 0.9273191 0.0000010 0.0651486 0.0740770 1.4254935 0.9268610 0.0000000 0.0000010 0.9268610 0.0000010 0.0063395 
34_109     2.2166381 0.0668762 1.3197283 0.1310764 0.0323736 0.0000010 0.0290823 0.0917892 1.7416144 2.0332451 0.0000010 1.8898524 1.6339473 2.5232011 3.0189009 2.1662390 0.0732056 0.0732056 0.0290823 0.0290823 0.0668762 0.0000010 0.0691112 0.9251411 1.6423502 0.9256115 0.0000010 0.0668762 0.0691112 1.4504186 0.9251411 0.0000010 0.0000000 0.9251411 0.0000010 0.0064196 
39_82      2.0169514 0.9442807 1.4657748 1.1761806 0.9192042 0.9268610 0.9100737 0.9297515 1.7337062 1.9922702 0.9268610 1.8772624 1.6748401 2.2500915 2.8048040 1.8084114 0.9203792 0.9203792 0.9100737 0.9100737 0.9442807 0.9268610 0.9350402 0.0000010 1.8457415 0.0028632 0.9268610 0.9442807 0.9350402 1.4164928 0.0000010 0.9268610 0.9251411 0.0000000 0.9266160 0.9267863 
41_88      2.1591886 0.0660010 1.2874837 0.1253632 0.0309865 0.0000010 0.0287161 0.0909637 1.7109733 2.0100036 0.0000010 1.8729137 1.6128347 2.5232011 2.9581585 2.1662390 0.0765881 0.0765881 0.0278385 0.0278385 0.0660010 0.0000010 0.0715059 0.9266160 1.6484475 0.9270811 0.0000010 0.0672718 0.0715059 1.4319086 0.9266160 0.0000010 0.0000010 0.9266160 0.0000000 0.0061468 
42_90      2.1892461 0.0697927 1.3101638 0.1357299 0.0311058 0.0061468 0.0288301 0.0982382 1.7077951 1.9975970 0.0061468 1.8728462 1.6174830 2.5161355 2.9792066 2.1604943 0.0768808 0.0768808 0.0279457 0.0279457 0.0697927 0.0063395 0.0786489 0.9267863 1.6757582 0.9272520 0.0063395 0.0709606 0.0786489 1.4515783 0.9267863 0.0063395 0.0064196 0.9267863 0.0061468 0.0000000 
