19
1_54       0.0000000 0.0858305 0.0811080 0.0818219 0.0737626 0.1112670 0.0818219 0.0841753 0.0841753 0.0737626 0.0000010 0.0130237 1.8169282 1.8169282 0.0773242 1.7962983 0.0773242 1.8169282 0.0130237 
3_54       0.0858305 0.0000000 0.0192737 0.0031649 0.0127958 0.0829638 0.0031649 0.0469309 0.0469309 0.0127958 0.0858305 0.0784166 1.8379696 1.8379696 0.0160089 1.8172199 0.0160089 1.8379696 0.0784166 
4_58       0.0811080 0.0192737 0.0000000 0.0159816 0.0063455 0.0828916 0.0159816 0.0468960 0.0468960 0.0063455 0.0811080 0.0748776 1.8412120 1.8412120 0.0031675 1.8204417 0.0031675 1.8412120 0.0748776 
5_53       0.0818219 0.0031649 0.0159816 0.0000000 0.0095493 0.0790900 0.0000010 0.0433532 0.0433532 0.0095493 0.0818219 0.0744593 1.8379696 1.8379696 0.0127437 1.8172199 0.0127437 1.8379696 0.0744593 
6_20       0.0737626 0.0127958 0.0063455 0.0095493 0.0000000 0.0756680 0.0095493 0.0400256 0.0400256 0.0000010 0.0737626 0.0674906 1.8386610 1.8386610 0.0031625 1.8179257 0.0031625 1.8386610 0.0674906 
7_53       0.1112670 0.0829638 0.0828916 0.0790900 0.0756680 0.0000000 0.0790900 0.0644085 0.0644085 0.0756680 0.1112670 0.1127184 1.8033669 1.8033669 0.0791680 1.7829558 0.0791680 1.8033669 0.1127184 
10_53      0.0818219 0.0031649 0.0159816 0.0000010 0.0095493 0.0790900 0.0000000 0.0433532 0.0433532 0.0095493 0.0818219 0.0744593 1.8379696 1.8379696 0.0127437 1.8172199 0.0127437 1.8379696 0.0744593 
16_54      0.0841753 0.0469309 0.0468960 0.0433532 0.0400256 0.0644085 0.0433532 0.0000000 0.0000010 0.0400256 0.0841753 0.0779915 1.8148067 1.8148067 0.0433988 1.7942574 0.0433988 1.8148067 0.0779915 
17_54      0.0841753 0.0469309 0.0468960 0.0433532 0.0400256 0.0644085 0.0433532 0.0000010 0.0000000 0.0400256 0.0841753 0.0779915 1.8148067 1.8148067 0.0433988 1.7942574 0.0433988 1.8148067 0.0779915 
18_55      0.0737626 0.0127958 0.0063455 0.0095493 0.0000010 0.0756680 0.0095493 0.0400256 0.0400256 0.0000000 0.0737626 0.0674906 1.8386610 1.8386610 0.0031625 1.8179257 0.0031625 1.8386610 0.0674906 
21_51      0.0000010 0.0858305 0.0811080 0.0818219 0.0737626 0.1112670 0.0818219 0.0841753 0.0841753 0.0737626 0.0000000 0.0130237 1.8169282 1.8169282 0.0773242 1.7962983 0.0773242 1.8169282 0.0130237 
23_55      0.0130237 0.0784166 0.0748776 0.0744593 0.0674906 0.1127184 0.0744593 0.0779915 0.0779915 0.0674906 0.0130237 0.0000000 1.8182792 1.8182792 0.0710809 1.7975928 0.0710809 1.8182792 0.0000010 
24_35      1.8169282 1.8379696 1.8412120 1.8379696 1.8386610 1.8033669 1.8379696 1.8148067 1.8148067 1.8386610 1.8169282 1.8182792 0.0000000 0.0000010 1.8412120 0.0033278 1.8412120 0.0000010 1.8182792 
26_36      1.8169282 1.8379696 1.8412120 1.8379696 1.8386610 1.8033669 1.8379696 1.8148067 1.8148067 1.8386610 1.8169282 1.8182792 0.0000010 0.0000000 1.8412120 0.0032838 1.8412120 0.0000010 1.8182792 
30_56      0.0773242 0.0160089 0.0031675 0.0127437 0.0031625 0.0791680 0.0127437 0.0433988 0.0433988 0.0031625 0.0773242 0.0710809 1.8412120 1.8412120 0.0000000 1.8204417 0.0000010 1.8412120 0.0710809 
32_15      1.7962983 1.8172199 1.8204417 1.8172199 1.8179257 1.7829558 1.8172199 1.7942574 1.7942574 1.8179257 1.7962983 1.7975928 0.0033278 0.0032838 1.8204417 0.0000000 1.8204417 0.0032838 1.7975928 
35_93      0.0773242 0.0160089 0.0031675 0.0127437 0.0031625 0.0791680 0.0127437 0.0433988 0.0433988 0.0031625 0.0773242 0.0710809 1.8412120 1.8412120 0.0000010 1.8204417 0.0000000 1.8412120 0.0710809 
39_98      1.8169282 1.8379696 1.8412120 1.8379696 1.8386610 1.8033669 1.8379696 1.8148067 1.8148067 1.8386610 1.8169282 1.8182792 0.0000010 0.0000010 1.8412120 0.0032838 1.8412120 0.0000000 1.8182792 
43_54      0.0130237 0.0784166 0.0748776 0.0744593 0.0674906 0.1127184 0.0744593 0.0779915 0.0779915 0.0674906 0.0130237 0.0000010 1.8182792 1.8182792 0.0710809 1.7975928 0.0710809 1.8182792 0.0000000 
