11
1_107      0.0000000 0.1095649 0.0000010 0.1095649 0.1339560 0.0637097 0.0822755 0.0613092 0.1339560 0.0199048 0.0199048 
3_111      0.1095649 0.0000000 0.1095649 0.0000010 0.0196659 0.0896244 0.0880946 0.0861509 0.0196659 0.0853809 0.0853809 
4_116      0.0000010 0.1095649 0.0000000 0.1095649 0.1339560 0.0637097 0.0822755 0.0613092 0.1339560 0.0199048 0.0199048 
5_108      0.1095649 0.0000010 0.1095649 0.0000000 0.0196659 0.0896244 0.0880946 0.0861509 0.0196659 0.0853809 0.0853809 
6_90       0.1339560 0.0196659 0.1339560 0.0196659 0.0000000 0.1141373 0.1121658 0.1097212 0.0000010 0.1087308 0.1087308 
7_103      0.0637097 0.0896244 0.0637097 0.0896244 0.1141373 0.0000000 0.0629681 0.0417143 0.1141373 0.0413471 0.0413471 
16_103     0.0822755 0.0880946 0.0822755 0.0880946 0.1121658 0.0629681 0.0000000 0.0198331 0.1121658 0.0601021 0.0601021 
17_103     0.0613092 0.0861509 0.0613092 0.0861509 0.1097212 0.0417143 0.0198331 0.0000000 0.1097212 0.0397972 0.0397972 
18_107     0.1339560 0.0196659 0.1339560 0.0196659 0.0000010 0.1141373 0.1121658 0.1097212 0.0000000 0.1087308 0.1087308 
23_108     0.0199048 0.0853809 0.0199048 0.0853809 0.1087308 0.0413471 0.0601021 0.0397972 0.1087308 0.0000000 0.0000010 
29_111     0.0199048 0.0853809 0.0199048 0.0853809 0.1087308 0.0413471 0.0601021 0.0397972 0.1087308 0.0000010 0.0000000 
