7
0_181      0.0000000 2.1480352 2.3121547 1.1194018 3.0638334 2.4429367 2.7842227 
8_95       2.1480352 0.0000000 1.7872625 2.2653013 1.8979642 1.7323636 0.9272797 
8_113      2.3121547 1.7872625 0.0000000 2.0148424 2.8837908 1.8899378 1.9849983 
9_70       1.1194018 2.2653013 2.0148424 0.0000000 2.3828540 2.3671779 2.4353128 
9_161      3.0638334 1.8979642 2.8837908 2.3828540 0.0000000 1.9802584 1.6890680 
11_65      2.4429367 1.7323636 1.8899378 2.3671779 1.9802584 0.0000000 2.0540011 
11_152     2.7842227 0.9272797 1.9849983 2.4353128 1.6890680 2.0540011 0.0000000 
