9
0_99       0.0000000 1.3621866 1.8003892 1.3543522 1.7530344 2.9358319 2.0310482 2.5562834 2.6893151 
0_161      1.3621866 0.0000000 1.6423787 0.6812818 1.5792565 3.0304465 1.8571524 2.4899138 2.6873828 
8_52       1.8003892 1.6423787 0.0000000 1.5388891 0.2680745 2.8376596 1.8261305 2.3050441 2.5968851 
9_180      1.3543522 0.6812818 1.5388891 0.0000000 1.5453196 2.8477458 1.7263945 2.2729017 2.5167899 
11_64      1.7530344 1.5792565 0.2680745 1.5453196 0.0000000 2.8894349 1.7966774 2.3697123 2.7106222 
13_22      2.9358319 3.0304465 2.8376596 2.8477458 2.8894349 0.0000000 2.5004556 1.8350653 0.5535796 
14_62      2.0310482 1.8571524 1.8261305 1.7263945 1.7966774 2.5004556 0.0000000 2.3002744 2.4205452 
15_50      2.5562834 2.4899138 2.3050441 2.2729017 2.3697123 1.8350653 2.3002744 0.0000000 1.8425257 
25_136     2.6893151 2.6873828 2.5968851 2.5167899 2.7106222 0.5535796 2.4205452 1.8425257 0.0000000 
