26
0_62       0.0000000 3.8787143 3.6689891 3.8510030 3.8787143 3.8510030 3.7751241 3.5784467 1.2579931 1.0133281 1.4096314 2.8421242 3.1008813 2.7787429 3.8167224 3.8167224 3.7751241 3.9660797 3.8207128 2.9453675 3.8207128 3.8727865 3.5964213 3.4262292 3.5964213 3.9660797 
1_33       3.8787143 0.0000000 3.6610533 0.0766390 0.0000010 0.0766390 0.0822830 0.0936785 2.6772474 4.0042194 2.7864710 3.4214326 4.6082765 3.9556604 0.1031374 0.1031374 0.0822830 0.0156777 1.3496181 3.6979993 1.3496181 0.0051724 0.0995707 3.3087053 0.0995707 0.0156777 
2_58       3.6689891 3.6610533 0.0000000 3.5773217 3.6610533 3.5773217 3.5400616 3.4674175 3.3663257 3.7880293 3.4416855 2.2865670 3.7874562 2.3569437 3.6390521 3.6390521 3.5400616 3.6886177 3.7129998 2.3352164 3.7129998 3.7401445 3.4827065 1.2391277 3.4827065 3.6886177 
3_32       3.8510030 0.0766390 3.5773217 0.0000000 0.0766390 0.0000010 0.0101728 0.1218716 2.6445436 3.9605349 2.7784246 3.4974467 4.6846514 3.9348613 0.1459281 0.1459281 0.0101728 0.0708311 1.3046382 3.7516372 1.3046382 0.0825868 0.1277492 3.3845567 0.1277492 0.0708311 
4_36       3.8787143 0.0000010 3.6610533 0.0766390 0.0000000 0.0766390 0.0822830 0.0936785 2.6772474 4.0042194 2.7864710 3.4214326 4.6082765 3.9556604 0.1031374 0.1031374 0.0822830 0.0156777 1.3496181 3.6979993 1.3496181 0.0051724 0.0995707 3.3087053 0.0995707 0.0156777 
5_31       3.8510030 0.0766390 3.5773217 0.0000010 0.0766390 0.0000000 0.0101728 0.1218716 2.6445436 3.9605349 2.7784246 3.4974467 4.6846514 3.9348613 0.1459281 0.1459281 0.0101728 0.0708311 1.3046382 3.7516372 1.3046382 0.0825868 0.1277492 3.3845567 0.1277492 0.0708311 
6_41       3.7751241 0.0822830 3.5400616 0.0101728 0.0822830 0.0101728 0.0000000 0.1341452 2.6377813 3.9168401 2.7708528 3.4836410 4.6315883 3.9645326 0.1520847 0.1520847 0.0000010 0.0764348 1.2961510 3.6840621 1.2961510 0.0882762 0.1400627 3.3522282 0.1400627 0.0764348 
7_32       3.5784467 0.0936785 3.4674175 0.1218716 0.0936785 0.1218716 0.1341452 0.0000000 2.6527969 4.0222904 2.6799236 3.3694760 4.3330064 4.0259524 0.0974990 0.0974990 0.1341452 0.0805589 1.3101706 3.4538894 1.3101706 0.1000350 0.0050081 3.3440203 0.0050081 0.0805589 
8_157      1.2579931 2.6772474 3.3663257 2.6445436 2.6772474 2.6445436 2.6377813 2.6527969 0.0000000 1.4724858 0.4737586 3.1789684 2.3126928 2.6106696 2.7843227 2.7843227 2.6377813 2.7261129 2.8216693 3.4810116 2.8216693 2.6867272 2.6663331 3.5085745 2.6663331 2.7261129 
9_72       1.0133281 4.0042194 3.7880293 3.9605349 4.0042194 3.9605349 3.9168401 4.0222904 1.4724858 0.0000000 1.3527408 2.6959267 3.0648198 2.9144192 4.2853340 4.2853340 3.9168401 4.0113905 3.4611235 2.9761241 3.4611235 3.9300960 4.0417662 3.6849320 4.0417662 4.0113905 
11_122     1.4096314 2.7864710 3.4416855 2.7784246 2.7864710 2.7784246 2.7708528 2.6799236 0.4737586 1.3527408 0.0000000 3.0968535 2.4147817 2.7702051 2.8107706 2.8107706 2.7708528 2.8631037 2.8096275 3.2755296 2.8096275 2.7962681 2.6936187 3.3400788 2.6936187 2.8631037 
13_71      2.8421242 3.4214326 2.2865670 3.4974467 3.4214326 3.4974467 3.4836410 3.3694760 3.1789684 2.6959267 3.0968535 0.0000000 4.0051328 2.3897565 3.4096806 3.4096806 3.4836410 3.4559321 3.1300803 0.4088383 3.1300803 3.4278615 3.3557788 2.1395683 3.3557788 3.4559321 
14_239     3.1008813 4.6082765 3.7874562 4.6846514 4.6082765 4.6846514 4.6315883 4.3330064 2.3126928 3.0648198 2.4147817 4.0051328 0.0000000 2.5757818 4.4397636 4.4397636 4.6315883 4.6887382 4.3000514 3.9525451 4.3000514 4.6252707 4.3653010 4.3164342 4.3653010 4.6887382 
15_34      2.7787429 3.9556604 2.3569437 3.9348613 3.9556604 3.9348613 3.9645326 4.0259524 2.6106696 2.9144192 2.7702051 2.3897565 2.5757818 0.0000000 3.9467984 3.9467984 3.9645326 4.0711351 3.2459963 2.1894041 3.2459963 4.0364931 4.0379014 2.8450229 4.0379014 4.0711351 
16_33      3.8167224 0.1031374 3.6390521 0.1459281 0.1031374 0.1459281 0.1520847 0.0974990 2.7843227 4.2853340 2.8107706 3.4096806 4.4397636 3.9467984 0.0000000 0.0000010 0.1520847 0.0906811 1.4499765 3.6368382 1.4499765 0.1095180 0.1032949 3.4128210 0.1032949 0.0906811 
17_33      3.8167224 0.1031374 3.6390521 0.1459281 0.1031374 0.1459281 0.1520847 0.0974990 2.7843227 4.2853340 2.8107706 3.4096806 4.4397636 3.9467984 0.0000010 0.0000000 0.1520847 0.0906811 1.4499765 3.6368382 1.4499765 0.1095180 0.1032949 3.4128210 0.1032949 0.0906811 
18_35      3.7751241 0.0822830 3.5400616 0.0101728 0.0822830 0.0101728 0.0000010 0.1341452 2.6377813 3.9168401 2.7708528 3.4836410 4.6315883 3.9645326 0.1520847 0.1520847 0.0000000 0.0764348 1.2961510 3.6840621 1.2961510 0.0882762 0.1400627 3.3522282 0.1400627 0.0764348 
23_34      3.9660797 0.0156777 3.6886177 0.0708311 0.0156777 0.0708311 0.0764348 0.0805589 2.7261129 4.0113905 2.8631037 3.4559321 4.6887382 4.0711351 0.0906811 0.0906811 0.0764348 0.0000000 1.3380821 3.7371036 1.3380821 0.0210189 0.0863446 3.3262689 0.0863446 0.0000010 
24_10      3.8207128 1.3496181 3.7129998 1.3046382 1.3496181 1.3046382 1.2961510 1.3101706 2.8216693 3.4611235 2.8096275 3.1300803 4.3000514 3.2459963 1.4499765 1.4499765 1.2961510 1.3380821 0.0000000 3.3003247 0.0000010 1.3755362 1.2995675 3.0792922 1.2995675 1.3380821 
25_34      2.9453675 3.6979993 2.3352164 3.7516372 3.6979993 3.7516372 3.6840621 3.4538894 3.4810116 2.9761241 3.2755296 0.4088383 3.9525451 2.1894041 3.6368382 3.6368382 3.6840621 3.7371036 3.3003247 0.0000000 3.3003247 3.7026343 3.4401916 2.1203968 3.4401916 3.7371036 
26_10      3.8207128 1.3496181 3.7129998 1.3046382 1.3496181 1.3046382 1.2961510 1.3101706 2.8216693 3.4611235 2.8096275 3.1300803 4.3000514 3.2459963 1.4499765 1.4499765 1.2961510 1.3380821 0.0000010 3.3003247 0.0000000 1.3755362 1.2995675 3.0792922 1.2995675 1.3380821 
28_34      3.8727865 0.0051724 3.7401445 0.0825868 0.0051724 0.0825868 0.0882762 0.1000350 2.6867272 3.9300960 2.7962681 3.4278615 4.6252707 4.0364931 0.1095180 0.1095180 0.0882762 0.0210189 1.3755362 3.7026343 1.3755362 0.0000000 0.1059634 3.3207181 0.1059634 0.0210189 
30_35      3.5964213 0.0995707 3.4827065 0.1277492 0.0995707 0.1277492 0.1400627 0.0050081 2.6663331 4.0417662 2.6936187 3.3557788 4.3653010 4.0379014 0.1032949 0.1032949 0.1400627 0.0863446 1.2995675 3.4401916 1.2995675 0.1059634 0.0000000 3.3599177 0.0000010 0.0863446 
31_86      3.4262292 3.3087053 1.2391277 3.3845567 3.3087053 3.3845567 3.3522282 3.3440203 3.5085745 3.6849320 3.3400788 2.1395683 4.3164342 2.8450229 3.4128210 3.4128210 3.3522282 3.3262689 3.0792922 2.1203968 3.0792922 3.3207181 3.3599177 0.0000000 3.3599177 3.3262689 
33_43      3.5964213 0.0995707 3.4827065 0.1277492 0.0995707 0.1277492 0.1400627 0.0050081 2.6663331 4.0417662 2.6936187 3.3557788 4.3653010 4.0379014 0.1032949 0.1032949 0.1400627 0.0863446 1.2995675 3.4401916 1.2995675 0.1059634 0.0000010 3.3599177 0.0000000 0.0863446 
43_32      3.9660797 0.0156777 3.6886177 0.0708311 0.0156777 0.0708311 0.0764348 0.0805589 2.7261129 4.0113905 2.8631037 3.4559321 4.6887382 4.0711351 0.0906811 0.0906811 0.0764348 0.0000010 1.3380821 3.7371036 1.3380821 0.0210189 0.0863446 3.3262689 0.0863446 0.0000000 
