31
0_79       0.0000000 2.8160802 2.3361824 1.9158951 3.1690868 2.5133030 2.8537693 2.7508848 2.8436621 2.8537099 1.2087101 0.6817285 2.8534960 1.2573181 2.8534960 3.3097221 1.5238123 2.8692965 2.8692965 2.8436621 2.8160802 2.8410929 2.8873118 1.7353452 2.8873118 2.8408072 2.8408631 2.3335667 2.8204805 2.8408631 2.8410929 
1_111      2.8160802 0.0000000 3.3862438 2.3576878 0.0556482 0.0927633 0.0131098 0.0605440 0.0471872 0.0533696 2.8448722 2.7600187 0.0508424 2.9278264 0.0508424 5.8794658 2.7934875 0.0634229 0.0634229 0.0471872 0.0000010 0.0059044 1.5296342 2.9303414 1.5296342 0.0070894 0.0471698 3.2639805 0.0574872 0.0471698 0.0059044 
2_68       2.3361824 3.3862438 0.0000000 0.0000010 4.0524560 2.2958466 3.4502906 3.2440909 3.4004928 3.4134691 2.4409413 2.3527353 3.3442898 2.6020458 3.3442898 3.8684962 2.1417744 3.4028787 3.4028787 3.4004928 3.3862438 3.3402557 3.2924801 1.9503058 3.2924801 3.3383533 3.4004928 1.0354230 3.4004928 3.4004928 3.3402557 
2_69       1.9158951 2.3576878 0.0000010 0.0000000 0.0000010 2.4065106 2.3610468 2.4065106 2.4077457 2.3020687 1.9207906 2.0938531 2.4065106 1.8843635 2.4065106 0.0000010 2.1644990 2.3099450 2.3099450 2.4077457 2.3576878 2.3576878 2.5452976 1.7466883 2.5452976 2.3576878 2.4124506 0.8966038 2.4520319 2.4124506 2.3576878 
3_115      3.1690868 0.0556482 4.0524560 0.0000010 0.0000000 0.4179991 0.0644781 0.0178348 0.0181880 0.0536750 3.3042683 3.0553892 0.0040114 3.5330873 0.0040114 6.3400211 2.9407542 0.0665675 0.0665675 0.0181880 0.0556482 0.0578483 1.5786420 3.4376750 1.5786420 0.0599747 0.0181880 3.9675214 0.0181880 0.0181880 0.0578483 
3_116      2.5133030 0.0927633 2.2958466 2.4065106 0.4179991 0.0000000 0.1131956 0.0577158 0.0734083 0.1093232 2.4217797 2.3842911 0.0577158 2.3660027 0.0577158 0.0000010 2.5922617 0.1160555 0.1160555 0.0734083 0.0927633 0.0927633 1.5071463 2.3904634 1.5071463 0.0927633 0.0767238 2.6107812 0.1031682 0.0767238 0.0927633 
4_120      2.8537693 0.0131098 3.4502906 2.3610468 0.0644781 0.1131956 0.0000000 0.0743806 0.0600108 0.0663004 2.8823999 2.7945037 0.0637171 2.9582675 0.0637171 5.7791166 2.7898429 0.0765503 0.0765503 0.0600108 0.0131098 0.0191305 1.5573214 2.9430694 1.5573214 0.0203381 0.0599891 3.3238112 0.0681887 0.0599891 0.0191305 
5_112      2.7508848 0.0605440 3.2440909 2.4065106 0.0178348 0.0577158 0.0743806 0.0000000 0.0226939 0.0619860 2.7352561 2.6670178 0.0075065 2.7888082 0.0075065 5.2233824 2.7292935 0.0727917 0.0727917 0.0226939 0.0605440 0.0605422 1.5291629 2.7752998 1.5291629 0.0605422 0.0239886 3.1732034 0.0326171 0.0239886 0.0605422 
6_86       2.8436621 0.0471872 3.4004928 2.4077457 0.0181880 0.0734083 0.0600108 0.0226939 0.0000000 0.0522646 2.8774834 2.7776765 0.0142323 2.9249338 0.0142323 5.9133867 2.7869409 0.0623705 0.0623705 0.0000010 0.0471872 0.0484655 1.5425314 2.9091511 1.5425314 0.0497065 0.0023609 3.2714963 0.0097391 0.0023609 0.0484655 
7_107      2.8537099 0.0533696 3.4134691 2.3020687 0.0536750 0.1093232 0.0663004 0.0619860 0.0522646 0.0000000 2.8724756 2.7612281 0.0522108 2.9382898 0.0522108 5.9133867 2.7880684 0.0226488 0.0226488 0.0522646 0.0533696 0.0533167 1.5364621 2.9296362 1.5364621 0.0545607 0.0497396 3.2051326 0.0614772 0.0497396 0.0533167 
8_78       1.2087101 2.8448722 2.4409413 1.9207906 3.3042683 2.4217797 2.8823999 2.7352561 2.8774834 2.8724756 0.0000000 1.3454115 2.8549297 0.5479384 2.8549297 4.5551619 1.5713089 2.8549945 2.8549945 2.8774834 2.8448722 2.8544703 2.9958014 1.7488212 2.9958014 2.8533005 2.8784473 2.3169534 2.8719282 2.8784473 2.8544703 
9_24       0.6817285 2.7600187 2.3527353 2.0938531 3.0553892 2.3842911 2.7945037 2.6670178 2.7776765 2.7612281 1.3454115 0.0000000 2.7691469 1.3095541 2.7691469 2.9968886 1.6413730 2.7494528 2.7494528 2.7776765 2.7600187 2.7552342 2.8889846 1.7981356 2.8889846 2.7549602 2.7911066 2.3409620 2.7466874 2.7911066 2.7552342 
10_111     2.8534960 0.0508424 3.3442898 2.4065106 0.0040114 0.0577158 0.0637171 0.0075065 0.0142323 0.0522108 2.8549297 2.7691469 0.0000000 2.9181367 0.0000010 5.9133867 2.7777986 0.0623060 0.0623060 0.0142323 0.0508424 0.0521265 1.5425081 2.8694523 1.5425081 0.0533702 0.0154388 3.2552925 0.0232712 0.0154388 0.0521265 
11_42      1.2573181 2.9278264 2.6020458 1.8843635 3.5330873 2.3660027 2.9582675 2.7888082 2.9249338 2.9382898 0.5479384 1.3095541 2.9181367 0.0000000 2.9181367 3.6486790 1.6450996 2.9206247 2.9206247 2.9249338 2.9278264 2.9492429 3.0856095 1.7392136 3.0856095 2.9480200 2.9281458 2.4326742 2.9073132 2.9281458 2.9492429 
12_108     2.8534960 0.0508424 3.3442898 2.4065106 0.0040114 0.0577158 0.0637171 0.0075065 0.0142323 0.0522108 2.8549297 2.7691469 0.0000010 2.9181367 0.0000000 5.9133867 2.7777986 0.0623060 0.0623060 0.0142323 0.0508424 0.0521265 1.5425081 2.8694523 1.5425081 0.0533702 0.0154388 3.2552925 0.0232712 0.0154388 0.0521265 
13_0       3.3097221 5.8794658 3.8684962 0.0000010 6.3400211 0.0000010 5.7791166 5.2233824 5.9133867 5.9133867 4.5551619 2.9968886 5.9133867 3.6486790 5.9133867 0.0000000 3.0649174 5.9048770 5.9048770 5.9133867 5.8794658 5.8794658 3.7812523 0.5725520 3.7812523 5.8645538 5.9133867 3.3068864 5.9133867 5.9133867 5.8794658 
15_91      1.5238123 2.7934875 2.1417744 2.1644990 2.9407542 2.5922617 2.7898429 2.7292935 2.7869409 2.7880684 1.5713089 1.6413730 2.7777986 1.6450996 2.7777986 3.0649174 0.0000000 2.8246768 2.8246768 2.7869409 2.7934875 2.7921011 2.7803494 1.4054015 2.7803494 2.7921011 2.7824935 2.2901197 2.7173912 2.7824935 2.7921011 
16_107     2.8692965 0.0634229 3.4028787 2.3099450 0.0665675 0.1160555 0.0765503 0.0727917 0.0623705 0.0226488 2.8549945 2.7494528 0.0623060 2.9206247 0.0623060 5.9048770 2.8246768 0.0000000 0.0000010 0.0623705 0.0634229 0.0633599 1.5319955 2.9646415 1.5319955 0.0646167 0.0598108 3.2082325 0.0706394 0.0598108 0.0633599 
17_107     2.8692965 0.0634229 3.4028787 2.3099450 0.0665675 0.1160555 0.0765503 0.0727917 0.0623705 0.0226488 2.8549945 2.7494528 0.0623060 2.9206247 0.0623060 5.9048770 2.8246768 0.0000010 0.0000000 0.0623705 0.0634229 0.0633599 1.5319955 2.9646415 1.5319955 0.0646167 0.0598108 3.2082325 0.0706394 0.0598108 0.0633599 
18_111     2.8436621 0.0471872 3.4004928 2.4077457 0.0181880 0.0734083 0.0600108 0.0226939 0.0000010 0.0522646 2.8774834 2.7776765 0.0142323 2.9249338 0.0142323 5.9133867 2.7869409 0.0623705 0.0623705 0.0000000 0.0471872 0.0484655 1.5425314 2.9091511 1.5425314 0.0497065 0.0023609 3.2714963 0.0097391 0.0023609 0.0484655 
21_109     2.8160802 0.0000010 3.3862438 2.3576878 0.0556482 0.0927633 0.0131098 0.0605440 0.0471872 0.0533696 2.8448722 2.7600187 0.0508424 2.9278264 0.0508424 5.8794658 2.7934875 0.0634229 0.0634229 0.0471872 0.0000000 0.0059044 1.5296342 2.9303414 1.5296342 0.0070894 0.0471698 3.2639805 0.0574872 0.0471698 0.0059044 
23_112     2.8410929 0.0059044 3.3402557 2.3576878 0.0578483 0.0927633 0.0191305 0.0605422 0.0484655 0.0533167 2.8544703 2.7552342 0.0521265 2.9492429 0.0521265 5.8794658 2.7921011 0.0633599 0.0633599 0.0484655 0.0059044 0.0000000 1.5263104 2.9261169 1.5263104 0.0011762 0.0484477 3.2541475 0.0588226 0.0484477 0.0000010 
24_59      2.8873118 1.5296342 3.2924801 2.5452976 1.5786420 1.5071463 1.5573214 1.5291629 1.5425314 1.5364621 2.9958014 2.8889846 1.5425081 3.0856095 1.5425081 3.7812523 2.7803494 1.5319955 1.5319955 1.5425314 1.5296342 1.5263104 0.0000000 2.8673199 0.0000010 1.5255657 1.5426615 3.3100117 1.5589781 1.5426615 1.5263104 
25_103     1.7353452 2.9303414 1.9503058 1.7466883 3.4376750 2.3904634 2.9430694 2.7752998 2.9091511 2.9296362 1.7488212 1.7981356 2.8694523 1.7392136 2.8694523 0.5725520 1.4054015 2.9646415 2.9646415 2.9091511 2.9303414 2.9261169 2.8673199 0.0000000 2.8673199 2.9247837 2.9103695 2.0700640 2.8762968 2.9103695 2.9261169 
26_60      2.8873118 1.5296342 3.2924801 2.5452976 1.5786420 1.5071463 1.5573214 1.5291629 1.5425314 1.5364621 2.9958014 2.8889846 1.5425081 3.0856095 1.5425081 3.7812523 2.7803494 1.5319955 1.5319955 1.5425314 1.5296342 1.5263104 0.0000010 2.8673199 0.0000000 1.5255657 1.5426615 3.3100117 1.5589781 1.5426615 1.5263104 
29_115     2.8408072 0.0070894 3.3383533 2.3576878 0.0599747 0.0927633 0.0203381 0.0605422 0.0497065 0.0545607 2.8533005 2.7549602 0.0533702 2.9480200 0.0533702 5.8645538 2.7921011 0.0646167 0.0646167 0.0497065 0.0070894 0.0011762 1.5255657 2.9247837 1.5255657 0.0000000 0.0496883 3.2672081 0.0601108 0.0496883 0.0011762 
30_112     2.8408631 0.0471698 3.4004928 2.4124506 0.0181880 0.0767238 0.0599891 0.0239886 0.0023609 0.0497396 2.8784473 2.7911066 0.0154388 2.9281458 0.0154388 5.9133867 2.7824935 0.0598108 0.0598108 0.0023609 0.0471698 0.0484477 1.5426615 2.9103695 1.5426615 0.0496883 0.0000000 3.2735083 0.0097391 0.0000010 0.0484477 
31_27      2.3335667 3.2639805 1.0354230 0.8966038 3.9675214 2.6107812 3.3238112 3.1732034 3.2714963 3.2051326 2.3169534 2.3409620 3.2552925 2.4326742 3.2552925 3.3068864 2.2901197 3.2082325 3.2082325 3.2714963 3.2639805 3.2541475 3.3100117 2.0700640 3.3100117 3.2672081 3.2735083 0.0000000 3.2827069 3.2735083 3.2541475 
35_59      2.8204805 0.0574872 3.4004928 2.4520319 0.0181880 0.1031682 0.0681887 0.0326171 0.0097391 0.0614772 2.8719282 2.7466874 0.0232712 2.9073132 0.0232712 5.9133867 2.7173912 0.0706394 0.0706394 0.0097391 0.0574872 0.0588226 1.5589781 2.8762968 1.5589781 0.0601108 0.0097391 3.2827069 0.0000000 0.0097391 0.0588226 
36_5       2.8408631 0.0471698 3.4004928 2.4124506 0.0181880 0.0767238 0.0599891 0.0239886 0.0023609 0.0497396 2.8784473 2.7911066 0.0154388 2.9281458 0.0154388 5.9133867 2.7824935 0.0598108 0.0598108 0.0023609 0.0471698 0.0484477 1.5426615 2.9103695 1.5426615 0.0496883 0.0000010 3.2735083 0.0097391 0.0000000 0.0484477 
43_111     2.8410929 0.0059044 3.3402557 2.3576878 0.0578483 0.0927633 0.0191305 0.0605422 0.0484655 0.0533167 2.8544703 2.7552342 0.0521265 2.9492429 0.0521265 5.8794658 2.7921011 0.0633599 0.0633599 0.0484655 0.0059044 0.0000010 1.5263104 2.9261169 1.5263104 0.0011762 0.0484477 3.2541475 0.0588226 0.0484477 0.0000000 
