23
0_157      0.0000000 3.1129603 3.8764785 3.0635719 3.0716332 3.0635719 3.0716332 3.1518087 1.8918645 0.4561924 1.6248285 2.5296587 3.2225709 1.7266336 3.0955210 3.0955210 3.1129603 3.1100553 2.8554095 2.5202275 2.8554095 3.5625836 3.1100553 
1_4        3.1129603 0.0000000 2.6451228 0.0376782 0.0329974 0.0376782 0.0329974 0.0636011 4.4203102 3.0821619 4.3334101 2.3677320 4.0078774 3.3919386 0.0561306 0.0561306 0.0000010 0.0213961 1.2056906 2.6699708 1.2056906 3.0190010 0.0213961 
2_53       3.8764785 2.6451228 0.0000000 2.6383239 2.6250249 2.6383239 2.6250249 2.6964091 4.4929484 3.5600010 4.8007194 2.5579447 4.6941797 3.8272229 2.7352577 2.7352577 2.6451228 2.6704560 2.6422605 2.8412653 2.6422605 1.3915051 2.6704560 
3_3        3.0635719 0.0376782 2.6383239 0.0000000 0.0103715 0.0000010 0.0103715 0.0512001 4.1148264 3.0264601 4.2322962 2.4091043 3.8250643 3.4563881 0.0441134 0.0441134 0.0376782 0.0269918 1.1974634 2.6091808 1.1974634 3.0331861 0.0269918 
4_4        3.0716332 0.0329974 2.6250249 0.0103715 0.0000000 0.0103715 0.0000010 0.0568630 4.2143764 3.0346064 4.2320729 2.3802525 3.8436711 3.4447229 0.0496540 0.0496540 0.0329974 0.0331758 1.1834640 2.6353858 1.1834640 3.0209307 0.0331758 
5_4        3.0635719 0.0376782 2.6383239 0.0000010 0.0103715 0.0000000 0.0103715 0.0512001 4.1148264 3.0264601 4.2322962 2.4091043 3.8250643 3.4563881 0.0441134 0.0441134 0.0376782 0.0269918 1.1974634 2.6091808 1.1974634 3.0331861 0.0269918 
6_69       3.0716332 0.0329974 2.6250249 0.0103715 0.0000010 0.0103715 0.0000000 0.0568630 4.2143764 3.0346064 4.2320729 2.3802525 3.8436711 3.4447229 0.0496540 0.0496540 0.0329974 0.0331758 1.1834640 2.6353858 1.1834640 3.0209307 0.0331758 
7_4        3.1518087 0.0636011 2.6964091 0.0512001 0.0568630 0.0512001 0.0568630 0.0000000 4.2953981 3.1732886 4.1377042 2.3874070 3.7989330 3.2087571 0.0217224 0.0217224 0.0636011 0.0466398 1.1432462 2.6810795 1.1432462 3.0219230 0.0466398 
8_96       1.8918645 4.4203102 4.4929484 4.1148264 4.2143764 4.1148264 4.2143764 4.2953981 0.0000000 1.7209147 0.6220053 3.4372285 2.4259634 2.2748066 4.3185753 4.3185753 4.4203102 4.2529061 3.3656757 2.7371876 3.3656757 4.0535989 4.2529061 
9_40       0.4561924 3.0821619 3.5600010 3.0264601 3.0346064 3.0264601 3.0346064 3.1732886 1.7209147 0.0000000 1.6081385 2.6834682 2.7425335 1.6377271 3.0447931 3.0447931 3.0821619 3.0986588 2.8757142 2.3989304 2.8757142 3.3546077 3.0986588 
11_123     1.6248285 4.3334101 4.8007194 4.2322962 4.2320729 4.2322962 4.2320729 4.1377042 0.6220053 1.6081385 0.0000000 3.6017567 2.4346012 2.3758739 4.2554075 4.2554075 4.3334101 4.2796895 3.6338759 3.4441939 3.6338759 4.0637360 4.2796895 
13_42      2.5296587 2.3677320 2.5579447 2.4091043 2.3802525 2.4091043 2.3802525 2.3874070 3.4372285 2.6834682 3.6017567 0.0000000 3.0491491 2.6693290 2.3424301 2.3424301 2.3677320 2.4353020 2.1472594 0.6110417 2.1472594 1.8226359 2.4353020 
14_95      3.2225709 4.0078774 4.6941797 3.8250643 3.8436711 3.8250643 3.8436711 3.7989330 2.4259634 2.7425335 2.4346012 3.0491491 0.0000000 2.4361757 3.6853660 3.6853660 4.0078774 3.9190302 3.7719353 3.3678317 3.7719353 3.7673387 3.9190302 
15_115     1.7266336 3.3919386 3.8272229 3.4563881 3.4447229 3.4563881 3.4447229 3.2087571 2.2748066 1.6377271 2.3758739 2.6693290 2.4361757 0.0000000 3.2369282 3.2369282 3.3919386 3.4824098 3.1189470 2.4043497 3.1189470 3.3481252 3.4824098 
16_4       3.0955210 0.0561306 2.7352577 0.0441134 0.0496540 0.0441134 0.0496540 0.0217224 4.3185753 3.0447931 4.2554075 2.3424301 3.6853660 3.2369282 0.0000000 0.0000010 0.0561306 0.0394957 1.0971077 2.5832660 1.0971077 3.0812055 0.0394957 
17_4       3.0955210 0.0561306 2.7352577 0.0441134 0.0496540 0.0441134 0.0496540 0.0217224 4.3185753 3.0447931 4.2554075 2.3424301 3.6853660 3.2369282 0.0000010 0.0000000 0.0561306 0.0394957 1.0971077 2.5832660 1.0971077 3.0812055 0.0394957 
21_4       3.1129603 0.0000010 2.6451228 0.0376782 0.0329974 0.0376782 0.0329974 0.0636011 4.4203102 3.0821619 4.3334101 2.3677320 4.0078774 3.3919386 0.0561306 0.0561306 0.0000000 0.0213961 1.2056906 2.6699708 1.2056906 3.0190010 0.0213961 
23_4       3.1100553 0.0213961 2.6704560 0.0269918 0.0331758 0.0269918 0.0331758 0.0466398 4.2529061 3.0986588 4.2796895 2.4353020 3.9190302 3.4824098 0.0394957 0.0394957 0.0213961 0.0000000 1.1998015 2.6849486 1.1998015 3.0549538 0.0000010 
24_122     2.8554095 1.2056906 2.6422605 1.1974634 1.1834640 1.1974634 1.1834640 1.1432462 3.3656757 2.8757142 3.6338759 2.1472594 3.7719353 3.1189470 1.0971077 1.0971077 1.2056906 1.1998015 0.0000000 2.2967201 0.0000010 3.1280602 1.1998015 
25_88      2.5202275 2.6699708 2.8412653 2.6091808 2.6353858 2.6091808 2.6353858 2.6810795 2.7371876 2.3989304 3.4441939 0.6110417 3.3678317 2.4043497 2.5832660 2.5832660 2.6699708 2.6849486 2.2967201 0.0000000 2.2967201 2.3171225 2.6849486 
26_123     2.8554095 1.2056906 2.6422605 1.1974634 1.1834640 1.1974634 1.1834640 1.1432462 3.3656757 2.8757142 3.6338759 2.1472594 3.7719353 3.1189470 1.0971077 1.0971077 1.2056906 1.1998015 0.0000010 2.2967201 0.0000000 3.1280602 1.1998015 
31_37      3.5625836 3.0190010 1.3915051 3.0331861 3.0209307 3.0331861 3.0209307 3.0219230 4.0535989 3.3546077 4.0637360 1.8226359 3.7673387 3.3481252 3.0812055 3.0812055 3.0190010 3.0549538 3.1280602 2.3171225 3.1280602 0.0000000 3.0549538 
43_4       3.1100553 0.0213961 2.6704560 0.0269918 0.0331758 0.0269918 0.0331758 0.0466398 4.2529061 3.0986588 4.2796895 2.4353020 3.9190302 3.4824098 0.0394957 0.0394957 0.0213961 0.0000010 1.1998015 2.6849486 1.1998015 3.0549538 0.0000000 
