17
1_55       0.0000000 0.0953433 0.0874814 0.0953433 0.0874814 0.1044753 0.1355617 0.1355617 0.0915812 0.0915812 0.0000010 0.0032562 1.9903802 1.9903802 1.9903802 1.9903802 0.0032562 
3_55       0.0953433 0.0000000 0.0164626 0.0000010 0.0164626 0.0880216 0.1043457 0.1043457 0.0232235 0.0232235 0.0953433 0.0921779 2.0650277 2.0650277 2.0650277 2.0650277 0.0921779 
4_59       0.0874814 0.0164626 0.0000000 0.0164626 0.0000010 0.0800720 0.0990515 0.0990515 0.0064979 0.0064979 0.0874814 0.0833721 2.0178930 2.0178930 2.0178930 2.0178930 0.0833721 
5_54       0.0953433 0.0000010 0.0164626 0.0000000 0.0164626 0.0880216 0.1043457 0.1043457 0.0232235 0.0232235 0.0953433 0.0921779 2.0650277 2.0650277 2.0650277 2.0650277 0.0921779 
6_19       0.0874814 0.0164626 0.0000010 0.0164626 0.0000000 0.0800720 0.0990515 0.0990515 0.0064979 0.0064979 0.0874814 0.0833721 2.0178930 2.0178930 2.0178930 2.0178930 0.0833721 
7_54       0.1044753 0.0880216 0.0800720 0.0880216 0.0800720 0.0000000 0.0325294 0.0325294 0.0751243 0.0751243 0.1044753 0.1001061 1.9874277 1.9874277 1.9874277 1.9874277 0.1001061 
16_55      0.1355617 0.1043457 0.0990515 0.1043457 0.0990515 0.0325294 0.0000000 0.0000010 0.0937665 0.0937665 0.1355617 0.1308892 2.0655761 2.0655761 2.0655761 2.0655761 0.1308892 
17_55      0.1355617 0.1043457 0.0990515 0.1043457 0.0990515 0.0325294 0.0000010 0.0000000 0.0937665 0.0937665 0.1355617 0.1308892 2.0655761 2.0655761 2.0655761 2.0655761 0.1308892 
19_53      0.0915812 0.0232235 0.0064979 0.0232235 0.0064979 0.0751243 0.0937665 0.0937665 0.0000000 0.0000010 0.0915812 0.0874264 2.0355472 2.0355472 2.0355472 2.0355472 0.0874264 
20_56      0.0915812 0.0232235 0.0064979 0.0232235 0.0064979 0.0751243 0.0937665 0.0937665 0.0000010 0.0000000 0.0915812 0.0874264 2.0355472 2.0355472 2.0355472 2.0355472 0.0874264 
21_52      0.0000010 0.0953433 0.0874814 0.0953433 0.0874814 0.1044753 0.1355617 0.1355617 0.0915812 0.0915812 0.0000000 0.0032562 1.9903802 1.9903802 1.9903802 1.9903802 0.0032562 
23_56      0.0032562 0.0921779 0.0833721 0.0921779 0.0833721 0.1001061 0.1308892 0.1308892 0.0874264 0.0874264 0.0032562 0.0000000 1.9731886 1.9731886 1.9731886 1.9731886 0.0000010 
24_36      1.9903802 2.0650277 2.0178930 2.0650277 2.0178930 1.9874277 2.0655761 2.0655761 2.0355472 2.0355472 1.9903802 1.9731886 0.0000000 0.0000010 0.0000010 0.0000010 1.9731886 
26_37      1.9903802 2.0650277 2.0178930 2.0650277 2.0178930 1.9874277 2.0655761 2.0655761 2.0355472 2.0355472 1.9903802 1.9731886 0.0000010 0.0000000 0.0000010 0.0000010 1.9731886 
32_16      1.9903802 2.0650277 2.0178930 2.0650277 2.0178930 1.9874277 2.0655761 2.0655761 2.0355472 2.0355472 1.9903802 1.9731886 0.0000010 0.0000010 0.0000000 0.0000010 1.9731886 
39_97      1.9903802 2.0650277 2.0178930 2.0650277 2.0178930 1.9874277 2.0655761 2.0655761 2.0355472 2.0355472 1.9903802 1.9731886 0.0000010 0.0000010 0.0000010 0.0000000 1.9731886 
43_55      0.0032562 0.0921779 0.0833721 0.0921779 0.0833721 0.1001061 0.1308892 0.1308892 0.0874264 0.0874264 0.0032562 0.0000010 1.9731886 1.9731886 1.9731886 1.9731886 0.0000000 
