27
0_61       0.0000000 3.0397178 1.9020540 3.0969758 3.0772178 3.0594243 3.0772178 3.0452707 1.6293253 0.5933717 3.0905376 1.5762483 3.0905376 2.5722820 3.1069061 2.3581135 3.0114684 3.0266118 3.0849248 3.0849248 3.0397178 3.0793361 2.9960077 2.4309044 2.9960077 3.0793361 2.0740160 
1_88       3.0397178 0.0000000 2.2848887 0.0266680 0.0344546 0.0384447 0.0344546 0.0344977 2.8838795 2.9911584 0.0345300 2.9839387 0.0345300 2.3994849 3.7883965 3.0986465 0.0383036 0.0343874 0.0426482 0.0426482 0.0000010 0.0075199 0.9329660 2.5148379 0.9329660 0.0075199 2.4390157 
2_72       1.9020540 2.2848887 0.0000000 2.3085974 2.3155388 2.3033046 2.3155388 2.2872539 2.3513511 1.8752671 2.3035633 2.3767613 2.3035633 1.1797114 3.7659776 1.8817245 2.2846801 2.2855780 2.3157567 2.3157567 2.2848887 2.2870279 2.0660867 1.1514919 2.0660867 2.2870279 1.2282772 
3_88       3.0969758 0.0266680 2.3085974 0.0000000 0.0074858 0.0112759 0.0074858 0.0150435 2.8817261 3.0330616 0.0075023 3.0241487 0.0075023 2.3617169 3.8355623 3.1298277 0.0187925 0.0149967 0.0151622 0.0151622 0.0266680 0.0266534 0.9057253 2.5984379 0.9057253 0.0266534 2.4315508 
4_94       3.0772178 0.0344546 2.3155388 0.0074858 0.0000000 0.0112908 0.0000010 0.0150633 2.8994013 3.0142685 0.0075122 3.0274656 0.0075122 2.3753524 3.8512752 3.1268643 0.0188171 0.0150163 0.0075506 0.0075506 0.0344546 0.0344357 0.9091195 2.6138063 0.9091195 0.0344357 2.4701071 
5_86       3.0594243 0.0384447 2.3033046 0.0112759 0.0112908 0.0000000 0.0112908 0.0189085 2.8675064 2.9974831 0.0037368 2.9938249 0.0037368 2.3385638 3.7961642 3.1664172 0.0226755 0.0188492 0.0156866 0.0156866 0.0384447 0.0384234 0.9100288 2.5953642 0.9100288 0.0384234 2.4559417 
6_112      3.0772178 0.0344546 2.3155388 0.0074858 0.0000010 0.0112908 0.0000000 0.0150633 2.8994013 3.0142685 0.0075122 3.0274656 0.0075122 2.3753524 3.8512752 3.1268643 0.0188171 0.0150163 0.0075506 0.0075506 0.0344546 0.0344357 0.9091195 2.6138063 0.9091195 0.0344357 2.4701071 
7_83       3.0452707 0.0344977 2.2872539 0.0150435 0.0150633 0.0189085 0.0150633 0.0000000 2.8516427 2.9756893 0.0150965 3.0086810 0.0150965 2.3746887 3.7801902 3.1448492 0.0112617 0.0074892 0.0228831 0.0228831 0.0344977 0.0344787 0.9074513 2.6214218 0.9074513 0.0344787 2.4235420 
8_93       1.6293253 2.8838795 2.3513511 2.8817261 2.8994013 2.8675064 2.8994013 2.8516427 0.0000000 1.5946814 2.8955628 0.2757732 2.8955628 2.3744461 3.2039699 2.2771127 2.8722604 2.8729307 2.8991984 2.8991984 2.8838795 2.9190811 2.7043449 2.2604696 2.7043449 2.9190811 2.3809395 
9_78       0.5933717 2.9911584 1.8752671 3.0330616 3.0142685 2.9974831 3.0142685 2.9756893 1.5946814 0.0000000 3.0270194 1.5986329 3.0270194 2.4456993 2.9959109 2.2634063 2.9829686 2.9625648 3.0216654 3.0216654 2.9911584 3.0291966 2.8082353 2.3655029 2.8082353 3.0291966 2.0516999 
10_86      3.0905376 0.0345300 2.3035633 0.0075023 0.0075122 0.0037368 0.0075122 0.0150965 2.8955628 3.0270194 0.0000000 3.0235148 0.0000010 2.3813570 3.8169286 3.1342631 0.0188583 0.0150493 0.0117581 0.0117581 0.0345300 0.0345110 0.9085349 2.6202351 0.9085349 0.0345110 2.4668521 
11_45      1.5762483 2.9839387 2.3767613 3.0241487 3.0274656 2.9938249 3.0274656 3.0086810 0.2757732 1.5986329 3.0235148 0.0000000 3.0235148 2.4919348 3.3571100 2.3277488 3.0168176 3.0317129 3.0271202 3.0271202 2.9839387 2.9834537 2.5355364 2.3404460 2.5355364 2.9834537 2.3068126 
12_82      3.0905376 0.0345300 2.3035633 0.0075023 0.0075122 0.0037368 0.0075122 0.0150965 2.8955628 3.0270194 0.0000010 3.0235148 0.0000000 2.3813570 3.8169286 3.1342631 0.0188583 0.0150493 0.0117581 0.0117581 0.0345300 0.0345110 0.9085349 2.6202351 0.9085349 0.0345110 2.4668521 
13_72      2.5722820 2.3994849 1.1797114 2.3617169 2.3753524 2.3385638 2.3753524 2.3746887 2.3744461 2.4456993 2.3813570 2.4919348 2.3813570 0.0000000 4.3702141 1.9256915 2.3910931 2.3913150 2.3932278 2.3932278 2.3994849 2.4003202 2.2263336 0.2939474 2.2263336 2.4003202 1.4091577 
14_47      3.1069061 3.7883965 3.7659776 3.8355623 3.8512752 3.7961642 3.8512752 3.7801902 3.2039699 2.9959109 3.8169286 3.3571100 3.8169286 4.3702141 0.0000000 3.9481865 3.7454847 3.7457209 3.8965057 3.8965057 3.7883965 3.7788093 3.7203443 4.6069720 3.7203443 3.7788093 4.1888820 
15_45      2.3581135 3.0986465 1.8817245 3.1298277 3.1268643 3.1664172 3.1268643 3.1448492 2.2771127 2.2634063 3.1342631 2.3277488 3.1342631 1.9256915 3.9481865 0.0000000 3.1251363 3.1284908 3.1254230 3.1254230 3.0986465 3.0992517 2.8700644 1.8638815 2.8700644 3.0992517 1.9210452 
16_83      3.0114684 0.0383036 2.2846801 0.0187925 0.0188171 0.0226755 0.0188171 0.0112617 2.8722604 2.9829686 0.0188583 3.0168176 0.0188583 2.3910931 3.7454847 3.1251363 0.0000000 0.0037273 0.0266788 0.0266788 0.0383036 0.0382825 0.9044588 2.5591233 0.9044588 0.0382825 2.4156621 
17_83      3.0266118 0.0343874 2.2855780 0.0149967 0.0150163 0.0188492 0.0150163 0.0074892 2.8729307 2.9625648 0.0150493 3.0317129 0.0150493 2.3913150 3.7457209 3.1284908 0.0037273 0.0000000 0.0228106 0.0228106 0.0343874 0.0343685 0.9052627 2.5725445 0.9052627 0.0343685 2.4286500 
19_83      3.0849248 0.0426482 2.3157567 0.0151622 0.0075506 0.0156866 0.0075506 0.0228831 2.8991984 3.0216654 0.0117581 3.0271202 0.0117581 2.3932278 3.8965057 3.1254230 0.0266788 0.0228106 0.0000000 0.0000010 0.0426482 0.0426245 0.8998624 2.6337413 0.8998624 0.0426245 2.4693474 
20_86      3.0849248 0.0426482 2.3157567 0.0151622 0.0075506 0.0156866 0.0075506 0.0228831 2.8991984 3.0216654 0.0117581 3.0271202 0.0117581 2.3932278 3.8965057 3.1254230 0.0266788 0.0228106 0.0000010 0.0000000 0.0426482 0.0426245 0.8998624 2.6337413 0.8998624 0.0426245 2.4693474 
21_85      3.0397178 0.0000010 2.2848887 0.0266680 0.0344546 0.0384447 0.0344546 0.0344977 2.8838795 2.9911584 0.0345300 2.9839387 0.0345300 2.3994849 3.7883965 3.0986465 0.0383036 0.0343874 0.0426482 0.0426482 0.0000000 0.0075199 0.9329660 2.5148379 0.9329660 0.0075199 2.4390157 
23_88      3.0793361 0.0075199 2.2870279 0.0266534 0.0344357 0.0384234 0.0344357 0.0344787 2.9190811 3.0291966 0.0345110 2.9834537 0.0345110 2.4003202 3.7788093 3.0992517 0.0382825 0.0343685 0.0426245 0.0426245 0.0075199 0.0000000 0.9210825 2.5156275 0.9210825 0.0000010 2.4344246 
24_46      2.9960077 0.9329660 2.0660867 0.9057253 0.9091195 0.9100288 0.9091195 0.9074513 2.7043449 2.8082353 0.9085349 2.5355364 0.9085349 2.2263336 3.7203443 2.8700644 0.9044588 0.9052627 0.8998624 0.8998624 0.9329660 0.9210825 0.0000000 2.1489005 0.0000010 0.9210825 2.2450081 
25_121     2.4309044 2.5148379 1.1514919 2.5984379 2.6138063 2.5953642 2.6138063 2.6214218 2.2604696 2.3655029 2.6202351 2.3404460 2.6202351 0.2939474 4.6069720 1.8638815 2.5591233 2.5725445 2.6337413 2.6337413 2.5148379 2.5156275 2.1489005 0.0000000 2.1489005 2.5156275 1.3078556 
26_47      2.9960077 0.9329660 2.0660867 0.9057253 0.9091195 0.9100288 0.9091195 0.9074513 2.7043449 2.8082353 0.9085349 2.5355364 0.9085349 2.2263336 3.7203443 2.8700644 0.9044588 0.9052627 0.8998624 0.8998624 0.9329660 0.9210825 0.0000010 2.1489005 0.0000000 0.9210825 2.2450081 
29_90      3.0793361 0.0075199 2.2870279 0.0266534 0.0344357 0.0384234 0.0344357 0.0344787 2.9190811 3.0291966 0.0345110 2.9834537 0.0345110 2.4003202 3.7788093 3.0992517 0.0382825 0.0343685 0.0426245 0.0426245 0.0075199 0.0000010 0.9210825 2.5156275 0.9210825 0.0000000 2.4344246 
31_81      2.0740160 2.4390157 1.2282772 2.4315508 2.4701071 2.4559417 2.4701071 2.4235420 2.3809395 2.0516999 2.4668521 2.3068126 2.4668521 1.4091577 4.1888820 1.9210452 2.4156621 2.4286500 2.4693474 2.4693474 2.4390157 2.4344246 2.2450081 1.3078556 2.2450081 2.4344246 0.0000000 
