21
0_4        0.0000000 1.1593719 2.0163784 2.9292441 2.5591136 1.5317203 1.5989509 2.0515408 3.1426750 3.7733278 1.9475487 2.1245185 2.2797037 2.1689926 2.3744094 1.5838410 4.8331617 1.3565495 1.4696920 2.0621381 1.3533056 
0_64       1.1593719 0.0000000 2.5205142 2.7241423 2.3885189 2.5232211 1.3528869 2.1448858 3.3502543 3.4341054 2.0096718 2.1197515 1.8317067 2.1038760 2.5123981 1.4395117 4.0908293 1.7090252 1.3693247 2.0637454 2.1428123 
8_115      2.0163784 2.5205142 0.0000000 2.2579704 1.2421482 0.0000010 2.1141136 1.3289479 0.8254534 3.5484580 1.4020057 1.1350534 3.2658731 4.2132109 1.6513699 2.2757610 1.1922688 1.5079462 2.3612234 1.2198562 0.0000010 
9_182      2.9292441 2.7241423 2.2579704 0.0000000 2.0684512 0.0000010 2.5678752 2.2339107 2.1522717 4.5526256 2.1226103 2.5720841 4.6516496 3.7933382 2.4808554 3.8626980 2.7318720 2.2436618 3.8495340 2.5966175 0.0000010 
15_22      2.5591136 2.3885189 1.2421482 2.0684512 0.0000000 0.0000010 1.6385031 0.7421452 0.4212432 3.5152000 0.5214198 0.6126595 1.8670323 2.1165117 0.9100675 1.6975448 0.9941008 0.9274977 2.0013283 0.6953820 0.0000010 
15_23      1.5317203 2.5232211 0.0000010 0.0000010 0.0000010 0.0000000 0.9778948 0.9818205 0.0000010 1.5989998 1.2348075 0.9019930 1.3038653 1.1454247 1.3579481 0.6105183 0.0000010 0.6507562 0.8825745 0.9601858 1.0090417 
15_28      1.5989509 1.3528869 2.1141136 2.5678752 1.6385031 0.9778948 0.0000000 1.4674210 2.0214847 2.2645457 1.4184587 1.4467023 1.6781307 1.4192386 1.6718476 0.7592280 3.3713518 1.1670044 1.0058368 1.5608820 1.3919186 
15_37      2.0515408 2.1448858 1.3289479 2.2339107 0.7421452 0.9818205 1.4674210 0.0000000 0.5354927 1.4929344 0.2507840 0.7590939 1.6969912 1.5738291 1.6620230 1.1977162 1.5719886 1.0881796 1.3093398 0.7580227 0.5773797 
15_53      3.1426750 3.3502543 0.8254534 2.1522717 0.4212432 0.0000010 2.0214847 0.5354927 0.0000000 4.3972427 0.6105080 0.3736985 2.2222208 5.7896700 0.6428553 2.8014719 1.1111862 0.0000010 2.6257366 0.3785891 0.0000010 
15_54      3.7733278 3.4341054 3.5484580 4.5526256 3.5152000 1.5989998 2.2645457 1.4929344 4.3972427 0.0000000 1.6417609 0.9998112 4.1819546 4.4062365 2.5322891 2.7196240 3.5144337 2.1772955 3.8665307 1.0996935 1.1924930 
15_69      1.9475487 2.0096718 1.4020057 2.1226103 0.5214198 1.2348075 1.4184587 0.2507840 0.6105080 1.6417609 0.0000000 0.8365414 1.6014990 1.4921800 1.6437920 1.0915098 1.6865981 1.1679304 1.2384796 0.8218297 0.5618875 
15_90      2.1245185 2.1197515 1.1350534 2.5720841 0.6126595 0.9019930 1.4467023 0.7590939 0.3736985 0.9998112 0.8365414 0.0000000 1.7774682 1.5166122 1.5706205 1.3518454 0.8612377 1.0976348 1.3481731 0.2248469 0.6195228 
15_98      2.2797037 1.8317067 3.2658731 4.6516496 1.8670323 1.3038653 1.6781307 1.6969912 2.2222208 4.1819546 1.6014990 1.7774682 0.0000000 1.3088620 2.1796464 1.3254376 4.5126075 1.7373362 1.3614452 1.7456508 1.6910739 
15_99      2.1689926 2.1038760 4.2132109 3.7933382 2.1165117 1.1454247 1.4192386 1.5738291 5.7896700 4.4062365 1.4921800 1.5166122 1.3088620 0.0000000 2.2242341 0.9809596 4.0897473 1.3874458 1.1187594 1.8362572 1.3304970 
15_100     2.3744094 2.5123981 1.6513699 2.4808554 0.9100675 1.3579481 1.6718476 1.6620230 0.6428553 2.5322891 1.6437920 1.5706205 2.1796464 2.2242341 0.0000000 1.8410099 1.9273480 1.4924745 1.8845395 1.6464532 1.9932741 
15_101     1.5838410 1.4395117 2.2757610 3.8626980 1.6975448 0.6105183 0.7592280 1.1977162 2.8014719 2.7196240 1.0915098 1.3518454 1.3254376 0.9809596 1.8410099 0.0000000 3.8263756 0.5465293 0.6848069 1.3253509 0.6765337 
15_102     4.8331617 4.0908293 1.1922688 2.7318720 0.9941008 0.0000010 3.3713518 1.5719886 1.1111862 3.5144337 1.6865981 0.8612377 4.5126075 4.0897473 1.9273480 3.8263756 0.0000000 0.0000010 3.8809317 0.8776920 0.0000010 
15_103     1.3565495 1.7090252 1.5079462 2.2436618 0.9274977 0.6507562 1.1670044 1.0881796 0.0000010 2.1772955 1.1679304 1.0976348 1.7373362 1.3874458 1.4924745 0.5465293 0.0000010 0.0000000 0.9465465 1.1620849 1.3184581 
15_113     1.4696920 1.3693247 2.3612234 3.8495340 2.0013283 0.8825745 1.0058368 1.3093398 2.6257366 3.8665307 1.2384796 1.3481731 1.3614452 1.1187594 1.8845395 0.6848069 3.8809317 0.9465465 0.0000000 1.2899186 0.9618809 
15_127     2.0621381 2.0637454 1.2198562 2.5966175 0.6953820 0.9601858 1.5608820 0.7580227 0.3785891 1.0996935 0.8218297 0.2248469 1.7456508 1.8362572 1.6464532 1.3253509 0.8776920 1.1620849 1.2899186 0.0000000 0.6323544 
15_144     1.3533056 2.1428123 0.0000010 0.0000010 0.0000010 1.0090417 1.3919186 0.5773797 0.0000010 1.1924930 0.5618875 0.6195228 1.6910739 1.3304970 1.9932741 0.6765337 0.0000010 1.3184581 0.9618809 0.6323544 0.0000000 
