20
1_72       0.0000000 0.0584677 4.2921409 2.5623529 0.0720674 0.0633308 0.0698654 0.0682753 0.0698124 0.0698124 0.0716593 0.0720222 0.0698654 0.0000010 0.0313818 0.0037513 0.0293816 0.1113068 0.0293816 0.0676834 
3_74       0.0584677 0.0000000 4.6519281 2.6046774 0.0152448 0.0000010 0.0086317 0.0616572 0.0000010 0.0000010 0.0647235 0.0651023 0.0086317 0.0584677 0.0661117 0.0634975 0.0636502 0.0570771 0.0636502 0.0064564 
4_73       4.2921409 4.6519281 0.0000000 0.4407912 4.4366653 4.5144010 4.4366653 4.2801533 4.3524849 4.3524849 4.2750784 4.2478834 4.4366653 4.2921409 4.2657323 4.5911320 4.2657323 9.0000000 4.2657323 4.4366653 
4_74       2.5623529 2.6046774 0.4407912 0.0000000 2.2289497 2.6046774 2.2289497 2.3612049 2.4349374 2.4349374 2.2368027 2.2368027 2.2289497 2.5623529 3.0229126 2.5623529 2.8924476 1.9393019 2.8924476 2.2289497 
4_79       0.0720674 0.0152448 4.4366653 2.2289497 0.0000000 0.0137447 0.0056393 0.0787732 0.0132693 0.0132693 0.0887387 0.0891663 0.0056393 0.0720674 0.0832658 0.0765696 0.0810823 0.0479521 0.0810823 0.0190036 
5_71       0.0633308 0.0000010 4.5144010 2.6046774 0.0137447 0.0000000 0.0077887 0.0595641 0.0000010 0.0000010 0.0667792 0.0671293 0.0077887 0.0633308 0.0679820 0.0678985 0.0657659 0.0500634 0.0657659 0.0097353 
6_3        0.0698654 0.0086317 4.4366653 2.2289497 0.0056393 0.0077887 0.0000000 0.0721393 0.0075219 0.0075219 0.0819159 0.0823165 0.0000010 0.0698654 0.0764401 0.0743474 0.0742782 0.0404803 0.0742782 0.0131966 
7_69       0.0682753 0.0616572 4.2801533 2.3612049 0.0787732 0.0595641 0.0721393 0.0000000 0.0658285 0.0658285 0.0410671 0.0431170 0.0721393 0.0682753 0.0662918 0.0726850 0.0641799 0.1101499 0.0641799 0.0574809 
10_71      0.0698124 0.0000010 4.3524849 2.4349374 0.0132693 0.0000010 0.0075219 0.0658285 0.0000000 0.0000010 0.0754388 0.0758149 0.0075219 0.0698124 0.0763825 0.0742912 0.0742217 0.0479149 0.0742217 0.0170492 
12_68      0.0698124 0.0000010 4.3524849 2.4349374 0.0132693 0.0000010 0.0075219 0.0658285 0.0000010 0.0000000 0.0754388 0.0758149 0.0075219 0.0698124 0.0763825 0.0742912 0.0742217 0.0479149 0.0742217 0.0170492 
16_69      0.0716593 0.0647235 4.2750784 2.2368027 0.0887387 0.0667792 0.0819159 0.0410671 0.0754388 0.0754388 0.0000000 0.0018789 0.0819159 0.0716593 0.0669566 0.0761659 0.0648240 0.1310097 0.0648240 0.0711939 
17_69      0.0720222 0.0651023 4.2478834 2.2368027 0.0891663 0.0671293 0.0823165 0.0431170 0.0758149 0.0758149 0.0018789 0.0000000 0.0823165 0.0720222 0.0673004 0.0765480 0.0651594 0.1310097 0.0651594 0.0715527 
18_72      0.0698654 0.0086317 4.4366653 2.2289497 0.0056393 0.0077887 0.0000010 0.0721393 0.0075219 0.0075219 0.0819159 0.0823165 0.0000000 0.0698654 0.0764401 0.0743474 0.0742782 0.0404803 0.0742782 0.0131966 
21_69      0.0000010 0.0584677 4.2921409 2.5623529 0.0720674 0.0633308 0.0698654 0.0682753 0.0698124 0.0698124 0.0716593 0.0720222 0.0698654 0.0000000 0.0313818 0.0037513 0.0293816 0.1113068 0.0293816 0.0676834 
23_72      0.0313818 0.0661117 4.2657323 3.0229126 0.0832658 0.0679820 0.0764401 0.0662918 0.0763825 0.0763825 0.0669566 0.0673004 0.0764401 0.0313818 0.0000000 0.0354864 0.0018678 0.1167088 0.0018678 0.0656689 
28_73      0.0037513 0.0634975 4.5911320 2.5623529 0.0765696 0.0678985 0.0743474 0.0726850 0.0742912 0.0742912 0.0761659 0.0765480 0.0743474 0.0037513 0.0354864 0.0000000 0.0334705 0.1140513 0.0334705 0.0721456 
29_74      0.0293816 0.0636502 4.2657323 2.8924476 0.0810823 0.0657659 0.0742782 0.0641799 0.0742217 0.0742217 0.0648240 0.0651594 0.0742782 0.0293816 0.0018678 0.0334705 0.0000000 0.1167088 0.0000010 0.0635291 
35_80      0.1113068 0.0570771 9.0000000 1.9393019 0.0479521 0.0500634 0.0404803 0.1101499 0.0479149 0.0479149 0.1310097 0.1310097 0.0404803 0.1113068 0.1167088 0.1140513 0.1167088 0.0000000 0.1167088 0.0575661 
43_71      0.0293816 0.0636502 4.2657323 2.8924476 0.0810823 0.0657659 0.0742782 0.0641799 0.0742217 0.0742217 0.0648240 0.0651594 0.0742782 0.0293816 0.0018678 0.0334705 0.0000010 0.1167088 0.0000000 0.0635291 
44_69      0.0676834 0.0064564 4.4366653 2.2289497 0.0190036 0.0097353 0.0131966 0.0574809 0.0170492 0.0170492 0.0711939 0.0715527 0.0131966 0.0676834 0.0656689 0.0721456 0.0635291 0.0575661 0.0635291 0.0000000 
