23
0_6        0.0000000 0.3304304 0.9916873 0.6942152 1.5271349 1.0470614 1.5258616 1.5948321 1.4762659 1.3574986 1.5429444 1.5573417 1.4156996 0.3207269 0.7255424 2.7434469 1.0825521 0.9287946 0.3252389 0.5580833 1.0404294 1.9977718 1.5935211 
0_65       0.3304304 0.0000000 1.2495057 1.0479494 1.7126386 1.2541353 1.4571497 1.3770112 1.3295560 1.4949295 1.5174927 1.4504650 1.2870406 0.2149941 0.8472028 2.0035192 1.3403789 1.2881030 0.3202873 0.4850166 1.3201227 2.1356558 1.4515596 
0_93       0.9916873 1.2495057 0.0000000 1.1073964 1.5996490 1.1011969 1.3396315 1.2674399 1.1227217 1.3998501 1.2082055 1.2345841 1.2377984 1.3371592 1.1890625 2.0236551 1.2029748 1.1717464 1.1917607 1.1205711 1.1628751 2.4612799 1.2532959 
0_94       0.6942152 1.0479494 1.1073964 0.0000000 1.7067116 0.7188042 1.4244242 1.2664091 1.2852408 1.4404337 1.2629862 1.3283663 1.2741530 1.0994770 0.7915518 1.1798342 0.6601449 0.6702791 0.7918667 0.8411063 0.6862449 2.6495572 1.2433776 
0_108      1.5271349 1.7126386 1.5996490 1.7067116 0.0000000 1.6325730 1.1504423 1.2496916 1.2766176 1.1012714 1.2657085 1.3421502 1.2573400 1.6333448 1.5502204 1.9746762 1.7114593 1.7370094 1.6849825 2.8888384 1.7059732 1.6388238 1.3081174 
0_172      1.0470614 1.2541353 1.1011969 0.7188042 1.6325730 0.0000000 1.4517474 1.2907003 1.2005813 1.3914086 1.1714172 1.3010312 1.2283606 1.2687914 1.1982172 1.2399269 0.3097648 0.6017720 1.1896102 1.1920078 0.4684513 2.3175809 1.2836558 
8_39       1.5258616 1.4571497 1.3396315 1.4244242 1.1504423 1.4517474 0.0000000 0.7132385 0.6471350 0.2181388 0.8400051 0.6171337 0.5471807 1.5614189 1.4312650 1.9083404 1.3415970 1.4703214 1.4509446 2.0049912 1.4279122 1.0089256 0.9237511 
8_56       1.5948321 1.3770112 1.2674399 1.2664091 1.2496916 1.2907003 0.7132385 0.0000000 0.4573508 0.7608247 0.5660684 0.4962599 0.4076388 1.4102908 1.3719027 1.7642741 1.3337872 1.3411142 1.6525204 1.9965990 1.2703813 0.9310510 0.6315542 
8_106      1.4762659 1.3295560 1.1227217 1.2852408 1.2766176 1.2005813 0.6471350 0.4573508 0.0000000 0.7712111 0.5408591 0.4120278 0.2476118 1.3500478 1.3174635 1.6329363 1.2828421 1.2929912 1.3503508 1.9439117 1.1721336 0.9627982 0.5483939 
8_116      1.3574986 1.4949295 1.3998501 1.4404337 1.1012714 1.3914086 0.2181388 0.7608247 0.7712111 0.0000000 0.8750160 0.6638815 0.5488475 1.5317393 1.3986721 2.0293224 1.3702105 1.5204129 1.3812500 1.9032692 1.3788196 0.8521308 0.8606804 
8_142      1.5429444 1.5174927 1.2082055 1.2629862 1.2657085 1.1714172 0.8400051 0.5660684 0.5408591 0.8750160 0.0000000 0.5779915 0.5410050 1.5381937 1.3600530 1.5342246 1.2606906 1.3255191 1.5531857 2.0733402 1.2383719 1.1609666 0.6842145 
8_169      1.5573417 1.4504650 1.2345841 1.3283663 1.3421502 1.3010312 0.6171337 0.4962599 0.4120278 0.6638815 0.5779915 0.0000000 0.3776066 1.4554027 1.4312517 1.5971471 1.3364321 1.2897646 1.6017910 1.8911777 1.2929137 0.8802350 0.4716044 
8_171      1.4156996 1.2870406 1.2377984 1.2741530 1.2573400 1.2283606 0.5471807 0.4076388 0.2476118 0.5488475 0.5410050 0.3776066 0.0000000 1.3792530 1.2904074 1.7183151 1.2179341 1.2277336 1.4388573 1.9857672 1.2180004 0.8777509 0.4733504 
9_33       0.3207269 0.2149941 1.3371592 1.0994770 1.6333448 1.2687914 1.5614189 1.4102908 1.3500478 1.5317393 1.5381937 1.4554027 1.3792530 0.0000000 0.8986698 2.0230976 1.3193761 1.2803566 0.2478877 0.4483294 1.3463330 2.0398928 1.4646612 
9_95       0.7255424 0.8472028 1.1890625 0.7915518 1.5502204 1.1982172 1.4312650 1.3719027 1.3174635 1.3986721 1.3600530 1.4312517 1.2904074 0.8986698 0.0000000 1.9555554 1.0922253 1.2236957 0.7440058 0.7225673 1.1255649 2.0382338 1.3299857 
9_101      2.7434469 2.0035192 2.0236551 1.1798342 1.9746762 1.2399269 1.9083404 1.7642741 1.6329363 2.0293224 1.5342246 1.5971471 1.7183151 2.0230976 1.9555554 0.0000000 1.3139609 1.2100665 2.9859711 3.5994265 1.2813264 3.2292478 1.6930708 
9_129      1.0825521 1.3403789 1.2029748 0.6601449 1.7114593 0.3097648 1.3415970 1.3337872 1.2828421 1.3702105 1.2606906 1.3364321 1.2179341 1.3193761 1.0922253 1.3139609 0.0000000 0.5745681 1.2223306 1.1637117 0.3424792 2.0382716 1.2136621 
9_157      0.9287946 1.2881030 1.1717464 0.6702791 1.7370094 0.6017720 1.4703214 1.3411142 1.2929912 1.5204129 1.3255191 1.2897646 1.2277336 1.2803566 1.2236957 1.2100665 0.5745681 0.0000000 1.1172834 0.9427333 0.5708252 2.2629133 1.3103602 
9_183      0.3252389 0.3202873 1.1917607 0.7918667 1.6849825 1.1896102 1.4509446 1.6525204 1.3503508 1.3812500 1.5531857 1.6017910 1.4388573 0.2478877 0.7440058 2.9859711 1.2223306 1.1172834 0.0000000 0.4200802 1.1926524 2.1551134 1.5242710 
9_205      0.5580833 0.4850166 1.1205711 0.8411063 2.8888384 1.1920078 2.0049912 1.9965990 1.9439117 1.9032692 2.0733402 1.8911777 1.9857672 0.4483294 0.7225673 3.5994265 1.1637117 0.9427333 0.4200802 0.0000000 1.1049557 2.5596986 2.0338511 
9_207      1.0404294 1.3201227 1.1628751 0.6862449 1.7059732 0.4684513 1.4279122 1.2703813 1.1721336 1.3788196 1.2383719 1.2929137 1.2180004 1.3463330 1.1255649 1.2813264 0.3424792 0.5708252 1.1926524 1.1049557 0.0000000 2.2008096 1.2332214 
11_84      1.9977718 2.1356558 2.4612799 2.6495572 1.6388238 2.3175809 1.0089256 0.9310510 0.9627982 0.8521308 1.1609666 0.8802350 0.8777509 2.0398928 2.0382338 3.2292478 2.0382716 2.2629133 2.1551134 2.5596986 2.2008096 0.0000000 0.7724526 
11_139     1.5935211 1.4515596 1.2532959 1.2433776 1.3081174 1.2836558 0.9237511 0.6315542 0.5483939 0.8606804 0.6842145 0.4716044 0.4733504 1.4646612 1.3299857 1.6930708 1.2136621 1.3103602 1.5242710 2.0338511 1.2332214 0.7724526 0.0000000 
