6
0_180      0.0000000 2.2179739 1.9112461 0.8591188 1.9279856 2.3953447 
8_30       2.2179739 0.0000000 0.9828772 1.8767084 1.4071362 0.7828438 
8_160      1.9112461 0.9828772 0.0000000 1.9462431 0.7279939 1.2368457 
9_68       0.8591188 1.8767084 1.9462431 0.0000000 1.8182758 2.1325846 
11_5       1.9279856 1.4071362 0.7279939 1.8182758 0.0000000 1.3620129 
11_104     2.3953447 0.7828438 1.2368457 2.1325846 1.3620129 0.0000000 
