36
0_78       0.0000000 2.3830722 2.6000910 2.5296381 2.6123951 2.7270362 2.6064088 2.5969306 2.5676286 1.3923510 0.4446532 1.5022000 2.6034784 1.2933632 2.5916988 2.1727493 1.9692675 1.6375159 1.4036806 2.5589641 2.5515821 2.5850942 2.5850942 2.6000910 2.5916988 2.5779188 2.3749485 2.2763471 2.3749485 2.6034784 2.5779188 2.5850942 2.6087010 2.5850942 2.1024160 2.6798020 
0_151      2.3830722 0.0000000 3.6019553 3.9915936 3.5875525 3.6775369 3.6044560 3.6328002 3.6797365 1.9236044 2.9704676 0.9130277 3.6044560 2.0761427 3.6044560 3.0683435 2.6475069 1.7340097 3.4285157 3.6919992 3.6782980 3.6328002 3.6328002 3.6019553 3.6044560 3.6387191 3.7997671 3.5708422 3.7997671 3.6044560 3.6387191 3.6275934 4.2506723 3.6275934 3.5683982 7.3793747 
1_30       2.6000910 3.6019553 0.0000000 1.8839685 0.0331708 0.0361182 0.0286263 0.0304486 0.0302656 3.0426602 2.6875358 3.3728573 0.0286249 3.0088502 0.0277363 1.9141122 3.0911807 2.3304676 2.5833986 0.0311840 0.0329136 0.0295298 0.0295298 0.0000010 0.0277363 0.0067800 0.8076522 1.8628710 0.8076522 0.0286249 0.0067800 0.0304270 1.7925330 0.0304270 0.0329937 0.0301707 
2_90       2.5296381 3.9915936 1.8839685 0.0000000 1.8860895 1.9772597 1.8833809 1.8731494 1.8526340 3.1994753 2.5924749 3.9528048 1.8782856 3.0952813 1.8766646 1.4508528 3.1077208 1.9629220 2.5794393 1.8518941 1.8580340 1.8673224 1.8673224 1.8839685 1.8766646 1.8729332 1.8055688 1.4083405 1.8055688 1.8782856 1.8729332 1.8679540 0.7383127 1.8679540 1.9218351 1.8828527 
3_29       2.6123951 3.5875525 0.0331708 1.8860895 0.0000000 0.0709626 0.0076399 0.0110584 0.0275995 2.9967265 2.7089276 3.3673768 0.0059322 2.9848655 0.0067854 1.9297289 3.0706295 2.2921492 2.6039369 0.0320230 0.0346959 0.0101910 0.0101910 0.0331708 0.0067854 0.0286909 0.8251976 1.9102351 0.8251976 0.0059322 0.0286909 0.0110509 1.7789067 0.0110509 0.0152539 0.0097513 
4_33       2.7270362 3.6775369 0.0361182 1.9772597 0.0709626 0.0000000 0.0648856 0.0660089 0.0684686 3.1862150 2.8445420 3.4863254 0.0648819 3.1209690 0.0639035 2.0426116 3.1827690 2.4726485 2.6591462 0.0687306 0.0705805 0.0649645 0.0649645 0.0361182 0.0639035 0.0426987 0.8908699 2.0049795 0.8908699 0.0648819 0.0426987 0.0678706 1.8810251 0.0678706 0.0614944 0.0737577 
5_28       2.6064088 3.6044560 0.0286263 1.8833809 0.0076399 0.0648856 0.0000000 0.0084808 0.0249357 2.9933565 2.7091637 3.3828636 0.0016831 2.9916321 0.0008409 1.9300262 3.0657673 2.3014582 2.5978709 0.0293369 0.0319957 0.0076201 0.0076201 0.0286263 0.0008409 0.0241921 0.8154289 1.9136799 0.8154289 0.0016831 0.0241921 0.0084750 1.7809635 0.0084750 0.0108479 0.0083402 
6_44       2.5969306 3.6328002 0.0304486 1.8731494 0.0110584 0.0660089 0.0084808 0.0000000 0.0214199 3.0181373 2.6989589 3.3819361 0.0084804 3.0091992 0.0076264 1.9289137 3.0672364 2.2940108 2.5840012 0.0249276 0.0275668 0.0008418 0.0008418 0.0304486 0.0076264 0.0277555 0.8245522 1.9142217 0.8245522 0.0084804 0.0277555 0.0033751 1.7903639 0.0033751 0.0064857 0.0027663 
7_29       2.5676286 3.6797365 0.0302656 1.8526340 0.0275995 0.0684686 0.0249357 0.0214199 0.0000000 2.9847920 2.6628843 3.4104203 0.0249346 2.9552894 0.0240557 1.8969531 3.0618378 2.2852952 2.6046243 0.0153419 0.0188142 0.0205288 0.0205288 0.0302656 0.0240557 0.0302458 0.8232749 1.8727157 0.8232749 0.0249346 0.0302458 0.0179376 1.7808229 0.0179376 0.0152187 0.0226429 
8_43       1.3923510 1.9236044 3.0426602 3.1994753 2.9967265 3.1862150 2.9933565 3.0181373 2.9847920 0.0000000 1.5556732 1.9223236 3.0054297 0.4942308 2.9956622 2.9563931 2.1054320 1.7493378 2.9093995 3.0299174 3.0285279 3.0084188 3.0084188 3.0426602 2.9956622 3.0179653 2.8653067 2.8561086 2.8653067 3.0054297 3.0179653 3.0015815 3.3681246 3.0015815 3.2804554 2.8890712 
9_128      0.4446532 2.9704676 2.6875358 2.5924749 2.7089276 2.8445420 2.7091637 2.6989589 2.6628843 1.5556732 0.0000000 1.7642134 2.7059819 1.4746688 2.6935701 2.1652047 2.1851747 1.7366695 1.6520416 2.6542410 2.6635688 2.6865454 2.6865454 2.6875358 2.6935701 2.6693334 2.5536589 2.2709584 2.5536589 2.7059819 2.6693334 2.6865454 2.6696601 2.6865454 2.4253457 2.7407264 
9_163      1.5022000 0.9130277 3.3728573 3.9528048 3.3673768 3.4863254 3.3828636 3.3819361 3.4104203 1.9223236 1.7642134 0.0000000 3.3828636 2.0012130 3.3828636 3.6046882 2.2397346 1.0160190 3.2110083 3.4089544 3.3965338 3.3819361 3.3819361 3.3728573 3.3828636 3.3873914 3.5572563 3.7524940 3.5572563 3.3828636 3.3873914 3.3825962 4.4118151 3.3825962 3.4563633 2.4661097 
10_28      2.6034784 3.6044560 0.0286249 1.8782856 0.0059322 0.0648819 0.0016831 0.0084804 0.0249346 3.0054297 2.7059819 3.3828636 0.0000000 2.9878921 0.0008409 1.9200770 3.0596296 2.2868216 2.6030408 0.0293355 0.0319942 0.0076198 0.0076198 0.0286249 0.0008409 0.0241910 0.8136113 1.9038987 0.8136113 0.0000010 0.0241910 0.0084746 1.7676615 0.0084746 0.0130438 0.0069408 
11_125     1.2933632 2.0761427 3.0088502 3.0952813 2.9848655 3.1209690 2.9916321 3.0091992 2.9552894 0.4942308 1.4746688 2.0012130 2.9878921 0.0000000 2.9939495 2.7872690 2.0440322 1.7420898 2.7495793 2.9704803 2.9652442 2.9994639 2.9994639 3.0088502 2.9939495 2.9833701 3.0515496 2.7698299 3.0515496 2.9878921 2.9833701 2.9894338 3.1718595 2.9894338 3.1623588 2.9395033 
12_28      2.5916988 3.6044560 0.0277363 1.8766646 0.0067854 0.0639035 0.0008409 0.0076264 0.0240557 2.9956622 2.6935701 3.3828636 0.0008409 2.9939495 0.0000000 1.9228985 3.0629500 2.2868216 2.5978709 0.0284501 0.0311048 0.0067679 0.0067679 0.0277363 0.0000010 0.0233094 0.8150039 1.9066728 0.8150039 0.0008409 0.0233094 0.0076212 1.7746606 0.0076212 0.0108479 0.0069408 
13_6       2.1727493 3.0683435 1.9141122 1.4508528 1.9297289 2.0426116 1.9300262 1.9289137 1.8969531 2.9563931 2.1652047 3.6046882 1.9200770 2.7872690 1.9228985 0.0000000 3.1110299 1.6696552 2.5210266 1.9079578 1.9111222 1.9230246 1.9230246 1.9141122 1.9228985 1.9067097 1.7779559 0.5003426 1.7779559 1.9200770 1.9067097 1.9185561 1.5154965 1.9185561 2.1237973 1.8300779 
14_113     1.9692675 2.6475069 3.0911807 3.1077208 3.0706295 3.1827690 3.0657673 3.0672364 3.0618378 2.1054320 2.1851747 2.2397346 3.0596296 2.0440322 3.0629500 3.1110299 0.0000000 2.4249787 3.5441015 3.0739712 3.0756078 3.0568534 3.0568534 3.0911807 3.0629500 3.0941794 3.0836622 3.1719544 3.0836622 3.0596296 3.0941794 3.0594384 3.0815671 3.0594384 3.5816226 2.8014437 
15_55      1.6375159 1.7340097 2.3304676 1.9629220 2.2921492 2.4726485 2.3014582 2.2940108 2.2852952 1.7493378 1.7366695 1.0160190 2.2868216 1.7420898 2.2868216 1.6696552 2.4249787 0.0000000 2.9618959 2.2832023 2.2816749 2.2818334 2.2818334 2.3304676 2.2868216 2.2980829 2.0897889 1.6154377 2.0897889 2.2868216 2.2980829 2.2818334 2.1995788 2.2818334 1.4810098 2.2940952 
15_56      1.4036806 3.4285157 2.5833986 2.5794393 2.6039369 2.6591462 2.5978709 2.5840012 2.6046243 2.9093995 1.6520416 3.2110083 2.6030408 2.7495793 2.5978709 2.5210266 3.5441015 2.9618959 0.0000000 2.5723089 2.5731618 2.5840012 2.5840012 2.5833986 2.5978709 2.5975010 2.7602637 2.7993259 2.7602637 2.6030408 2.5975010 2.5877345 2.7925376 2.5877345 2.7955415 1.6148360 
16_30      2.5589641 3.6919992 0.0311840 1.8518941 0.0320230 0.0687306 0.0293369 0.0249276 0.0153419 3.0299174 2.6542410 3.4089544 0.0293355 2.9704803 0.0284501 1.9079578 3.0739712 2.2832023 2.5723089 0.0000000 0.0033778 0.0240279 0.0240279 0.0311840 0.0284501 0.0320353 0.8175698 1.8726598 0.8175698 0.0293355 0.0320353 0.0240262 1.7802284 0.0240262 0.0240612 0.0268468 
17_30      2.5515821 3.6782980 0.0329136 1.8580340 0.0346959 0.0705805 0.0319957 0.0275668 0.0188142 3.0285279 2.6635688 3.3965338 0.0319942 2.9652442 0.0311048 1.9111222 3.0756078 2.2816749 2.5731618 0.0033778 0.0000000 0.0266607 0.0266607 0.0329136 0.0311048 0.0337641 0.8192287 1.8785001 0.8192287 0.0319942 0.0337641 0.0266589 1.7823952 0.0266589 0.0241109 0.0311563 
18_32      2.5850942 3.6328002 0.0295298 1.8673224 0.0101910 0.0649645 0.0076201 0.0008418 0.0205288 3.0084188 2.6865454 3.3819361 0.0076198 2.9994639 0.0067679 1.9230246 3.0568534 2.2818334 2.5840012 0.0240279 0.0266607 0.0000000 0.0000010 0.0295298 0.0067679 0.0268439 0.8206779 1.9084209 0.8206779 0.0076198 0.0268439 0.0025272 1.7851519 0.0025272 0.0064857 0.0013795 
19_29      2.5850942 3.6328002 0.0295298 1.8673224 0.0101910 0.0649645 0.0076201 0.0008418 0.0205288 3.0084188 2.6865454 3.3819361 0.0076198 2.9994639 0.0067679 1.9230246 3.0568534 2.2818334 2.5840012 0.0240279 0.0266607 0.0000010 0.0000000 0.0295298 0.0067679 0.0268439 0.8206779 1.9084209 0.8206779 0.0076198 0.0268439 0.0025272 1.7851519 0.0025272 0.0064857 0.0013795 
21_28      2.6000910 3.6019553 0.0000010 1.8839685 0.0331708 0.0361182 0.0286263 0.0304486 0.0302656 3.0426602 2.6875358 3.3728573 0.0286249 3.0088502 0.0277363 1.9141122 3.0911807 2.3304676 2.5833986 0.0311840 0.0329136 0.0295298 0.0295298 0.0000000 0.0277363 0.0067800 0.8076522 1.8628710 0.8076522 0.0286249 0.0067800 0.0304270 1.7925330 0.0304270 0.0329937 0.0301707 
22_28      2.5916988 3.6044560 0.0277363 1.8766646 0.0067854 0.0639035 0.0008409 0.0076264 0.0240557 2.9956622 2.6935701 3.3828636 0.0008409 2.9939495 0.0000010 1.9228985 3.0629500 2.2868216 2.5978709 0.0284501 0.0311048 0.0067679 0.0067679 0.0277363 0.0000000 0.0233094 0.8150039 1.9066728 0.8150039 0.0008409 0.0233094 0.0076212 1.7746606 0.0076212 0.0108479 0.0069408 
23_31      2.5779188 3.6387191 0.0067800 1.8729332 0.0286909 0.0426987 0.0241921 0.0277555 0.0302458 3.0179653 2.6693334 3.3873914 0.0241910 2.9833701 0.0233094 1.9067097 3.0941794 2.2980829 2.5975010 0.0320353 0.0337641 0.0268439 0.0268439 0.0067800 0.0233094 0.0000000 0.8132746 1.8614615 0.8132746 0.0241910 0.0000010 0.0277360 1.7847537 0.0277360 0.0330277 0.0257193 
24_100     2.3749485 3.7997671 0.8076522 1.8055688 0.8251976 0.8908699 0.8154289 0.8245522 0.8232749 2.8653067 2.5536589 3.5572563 0.8136113 3.0515496 0.8150039 1.7779559 3.0836622 2.0897889 2.7602637 0.8175698 0.8192287 0.8206779 0.8206779 0.8076522 0.8150039 0.8132746 0.0000000 1.8321709 0.0000010 0.8136113 0.8132746 0.8190717 1.8167656 0.8190717 0.9672814 0.7463644 
25_123     2.2763471 3.5708422 1.8628710 1.4083405 1.9102351 2.0049795 1.9136799 1.9142217 1.8727157 2.8561086 2.2709584 3.7524940 1.9038987 2.7698299 1.9066728 0.5003426 3.1719544 1.6154377 2.7993259 1.8726598 1.8785001 1.9084209 1.9084209 1.8628710 1.9066728 1.8614615 1.8321709 0.0000000 1.8321709 1.9038987 1.8614615 1.9040225 1.5007283 1.9040225 2.1018049 1.8172954 
26_101     2.3749485 3.7997671 0.8076522 1.8055688 0.8251976 0.8908699 0.8154289 0.8245522 0.8232749 2.8653067 2.5536589 3.5572563 0.8136113 3.0515496 0.8150039 1.7779559 3.0836622 2.0897889 2.7602637 0.8175698 0.8192287 0.8206779 0.8206779 0.8076522 0.8150039 0.8132746 0.0000010 1.8321709 0.0000000 0.8136113 0.8132746 0.8190717 1.8167656 0.8190717 0.9672814 0.7463644 
27_75      2.6034784 3.6044560 0.0286249 1.8782856 0.0059322 0.0648819 0.0016831 0.0084804 0.0249346 3.0054297 2.7059819 3.3828636 0.0000010 2.9878921 0.0008409 1.9200770 3.0596296 2.2868216 2.6030408 0.0293355 0.0319942 0.0076198 0.0076198 0.0286249 0.0008409 0.0241910 0.8136113 1.9038987 0.8136113 0.0000000 0.0241910 0.0084746 1.7676615 0.0084746 0.0130438 0.0069408 
29_32      2.5779188 3.6387191 0.0067800 1.8729332 0.0286909 0.0426987 0.0241921 0.0277555 0.0302458 3.0179653 2.6693334 3.3873914 0.0241910 2.9833701 0.0233094 1.9067097 3.0941794 2.2980829 2.5975010 0.0320353 0.0337641 0.0268439 0.0268439 0.0067800 0.0233094 0.0000010 0.8132746 1.8614615 0.8132746 0.0241910 0.0000000 0.0277360 1.7847537 0.0277360 0.0330277 0.0257193 
30_32      2.5850942 3.6275934 0.0304270 1.8679540 0.0110509 0.0678706 0.0084750 0.0033751 0.0179376 3.0015815 2.6865454 3.3825962 0.0084746 2.9894338 0.0076212 1.9185561 3.0594384 2.2818334 2.5877345 0.0240262 0.0266589 0.0025272 0.0025272 0.0304270 0.0076212 0.0277360 0.8190717 1.9040225 0.8190717 0.0084746 0.0277360 0.0000000 1.7857678 0.0000010 0.0000010 0.0027624 
31_9       2.6087010 4.2506723 1.7925330 0.7383127 1.7789067 1.8810251 1.7809635 1.7903639 1.7808229 3.3681246 2.6696601 4.4118151 1.7676615 3.1718595 1.7746606 1.5154965 3.0815671 2.1995788 2.7925376 1.7802284 1.7823952 1.7851519 1.7851519 1.7925330 1.7746606 1.7847537 1.8167656 1.5007283 1.8167656 1.7676615 1.7847537 1.7857678 0.0000000 1.7857678 1.9548034 1.7349307 
33_46      2.5850942 3.6275934 0.0304270 1.8679540 0.0110509 0.0678706 0.0084750 0.0033751 0.0179376 3.0015815 2.6865454 3.3825962 0.0084746 2.9894338 0.0076212 1.9185561 3.0594384 2.2818334 2.5877345 0.0240262 0.0266589 0.0025272 0.0025272 0.0304270 0.0076212 0.0277360 0.8190717 1.9040225 0.8190717 0.0084746 0.0277360 0.0000010 1.7857678 0.0000000 0.0000010 0.0027624 
35_107     2.1024160 3.5683982 0.0329937 1.9218351 0.0152539 0.0614944 0.0108479 0.0064857 0.0152187 3.2804554 2.4253457 3.4563633 0.0130438 3.1623588 0.0108479 2.1237973 3.5816226 1.4810098 2.7955415 0.0240612 0.0241109 0.0064857 0.0064857 0.0329937 0.0108479 0.0330277 0.9672814 2.1018049 0.9672814 0.0130438 0.0330277 0.0000010 1.9548034 0.0000010 0.0000000 0.7048428 
35_112     2.6798020 7.3793747 0.0301707 1.8828527 0.0097513 0.0737577 0.0083402 0.0027663 0.0226429 2.8890712 2.7407264 2.4661097 0.0069408 2.9395033 0.0069408 1.8300779 2.8014437 2.2940952 1.6148360 0.0268468 0.0311563 0.0013795 0.0013795 0.0301707 0.0069408 0.0257193 0.7463644 1.8172954 0.7463644 0.0069408 0.0257193 0.0027624 1.7349307 0.0027624 0.7048428 0.0000000 
