10
1_12       0.0000000 0.0000010 0.0112909 0.0113606 0.0000010 0.0114791 1.4224485 1.4224485 1.4675138 0.0228664 
3_11       0.0000010 0.0000000 0.0112909 0.0113606 0.0000010 0.0114791 1.4224485 1.4224485 1.4675138 0.0228664 
4_12       0.0112909 0.0112909 0.0000000 0.0229180 0.0114208 0.0231591 1.4789005 1.4789005 1.5268852 0.0346016 
7_12       0.0113606 0.0113606 0.0229180 0.0000000 0.0113606 0.0230329 1.4186223 1.4186223 1.4633381 0.0113597 
16_13      0.0000010 0.0000010 0.0114208 0.0113606 0.0000000 0.0114791 1.4224485 1.4224485 1.4675138 0.0228664 
17_13      0.0114791 0.0114791 0.0231591 0.0230329 0.0114791 0.0000000 1.4398996 1.4398996 1.4857758 0.0347727 
24_85      1.4224485 1.4224485 1.4789005 1.4186223 1.4224485 1.4398996 0.0000000 0.0000010 0.0109651 1.3952551 
26_86      1.4224485 1.4224485 1.4789005 1.4186223 1.4224485 1.4398996 0.0000010 0.0000000 0.0109651 1.3952551 
32_66      1.4675138 1.4675138 1.5268852 1.4633381 1.4675138 1.4857758 0.0109651 0.0109651 0.0000000 1.4389885 
34_62      0.0228664 0.0228664 0.0346016 0.0113597 0.0228664 0.0347727 1.3952551 1.3952551 1.4389885 0.0000000 
