19
1_42       0.0000000 0.3382552 0.0000010 0.0326304 0.3470036 0.3795914 0.4640313 0.3470036 0.3470036 0.4490671 0.4490671 0.3795914 0.0000010 0.0171227 0.0056790 0.1656137 0.3887067 0.3848440 0.3558134 
3_42       0.3382552 0.0000000 0.2854985 0.4014092 0.0056769 0.0766505 0.3105837 0.0056769 0.0056769 0.3529674 0.3529674 0.0766505 0.3382552 0.3301877 0.3456819 0.1482993 0.0829914 0.0722977 0.0114101 
4_45       0.0000010 0.2854985 0.0000000 0.9792186 0.3086049 0.3558108 0.5466324 0.3086049 0.3086049 0.5305998 0.5305998 0.3558108 0.0000010 0.0157314 0.0000010 0.0000010 0.3558108 0.3558108 0.3324320 
4_46       0.0326304 0.4014092 0.9792186 0.0000000 0.4014092 0.4446557 0.4863625 0.4014092 0.4014092 0.4699337 0.4699337 0.4446557 0.0326304 0.0547446 0.0437263 0.3738426 0.4623536 0.4927124 0.4014092 
5_40       0.3470036 0.0056769 0.3086049 0.4014092 0.0000000 0.0704355 0.3126110 0.0000010 0.0000010 0.3518973 0.3518973 0.0704355 0.3470036 0.3388477 0.3544934 0.1553596 0.0767120 0.0647065 0.0056799 
6_32       0.3795914 0.0766505 0.3558108 0.4446557 0.0704355 0.0000000 0.3288303 0.0704355 0.0704355 0.3454566 0.3454566 0.0000010 0.3795914 0.3710440 0.3873685 0.2250250 0.0056972 0.0000010 0.0641920 
7_41       0.4640313 0.3105837 0.5466324 0.4863625 0.3126110 0.3288303 0.0000000 0.3126110 0.3126110 0.1298768 0.1298768 0.3288303 0.4640313 0.4591477 0.4721183 0.4065596 0.3376143 0.3306181 0.3035769 
10_40      0.3470036 0.0056769 0.3086049 0.4014092 0.0000010 0.0704355 0.3126110 0.0000000 0.0000010 0.4127544 0.4127544 0.0704355 0.3470036 0.3388477 0.3544934 0.1553596 0.0767120 0.0647065 0.0056799 
12_40      0.3470036 0.0056769 0.3086049 0.4014092 0.0000010 0.0704355 0.3126110 0.0000010 0.0000000 0.3518973 0.3518973 0.0704355 0.3470036 0.3388477 0.3544934 0.1553596 0.0767120 0.0647065 0.0056799 
16_42      0.4490671 0.3529674 0.5305998 0.4699337 0.3518973 0.3454566 0.1298768 0.4127544 0.3518973 0.0000000 0.0000010 0.3454566 0.4490671 0.4401203 0.4570370 0.4467475 0.3542524 0.3275202 0.3426203 
17_42      0.4490671 0.3529674 0.5305998 0.4699337 0.3518973 0.3454566 0.1298768 0.4127544 0.3518973 0.0000010 0.0000000 0.3454566 0.4490671 0.4401203 0.4570370 0.4467475 0.3542524 0.3275202 0.3426203 
18_44      0.3795914 0.0766505 0.3558108 0.4446557 0.0704355 0.0000010 0.3288303 0.0704355 0.0704355 0.3454566 0.3454566 0.0000000 0.3795914 0.3710440 0.3873685 0.2250250 0.0056972 0.0000010 0.0641920 
21_40      0.0000010 0.3382552 0.0000010 0.0326304 0.3470036 0.3795914 0.4640313 0.3470036 0.3470036 0.4490671 0.4490671 0.3795914 0.0000000 0.0171227 0.0056790 0.1656137 0.3887067 0.3848440 0.3558134 
23_43      0.0171227 0.3301877 0.0157314 0.0547446 0.3388477 0.3710440 0.4591477 0.3388477 0.3388477 0.4401203 0.4401203 0.3710440 0.0171227 0.0000000 0.0228939 0.1725628 0.3800736 0.3742542 0.3475655 
28_43      0.0056790 0.3456819 0.0000010 0.0437263 0.3544934 0.3873685 0.4721183 0.3544934 0.3544934 0.4570370 0.4570370 0.3873685 0.0056790 0.0228939 0.0000000 0.1722129 0.3965410 0.3944771 0.3633693 
29_43      0.1656137 0.1482993 0.0000010 0.3738426 0.1553596 0.2250250 0.4065596 0.1553596 0.1553596 0.4467475 0.4467475 0.2250250 0.1656137 0.1725628 0.1722129 0.0000000 0.2327634 0.2574922 0.1624487 
35_53      0.3887067 0.0829914 0.3558108 0.4623536 0.0767120 0.0056972 0.3376143 0.0767120 0.0767120 0.3542524 0.3542524 0.0056972 0.3887067 0.3800736 0.3965410 0.2327634 0.0000000 0.0000010 0.0703974 
36_62      0.3848440 0.0722977 0.3558108 0.4927124 0.0647065 0.0000010 0.3306181 0.0647065 0.0647065 0.3275202 0.3275202 0.0000010 0.3848440 0.3742542 0.3944771 0.2574922 0.0000010 0.0000000 0.0571082 
42_43      0.3558134 0.0114101 0.3324320 0.4014092 0.0056799 0.0641920 0.3035769 0.0056799 0.0056799 0.3426203 0.3426203 0.0641920 0.3558134 0.3475655 0.3633693 0.1624487 0.0703974 0.0571082 0.0000000 
