27
OQ513807_Megalocytivirus_pagrus1_ISKNV                   0.0000000 0.0195141 0.0000010 2.1301104 0.0195315 0.8793424 2.1775725 0.0032125 2.0142567 0.0195315 0.0032175 0.8793424 0.0032125 2.0150796 2.6026170 0.0195141 0.0032152 1.9568863 1.9286001 0.0032252 0.0292913 0.0032175 2.8853585 0.0260161 0.0227321 2.7248043 0.3385207 
OL774655_Megalocytivirus_pagrus1_RSIV                    0.0195141 0.0000000 0.0195141 2.1253152 0.0064506 0.8771190 2.2330292 0.0162407 2.0248292 0.0064506 0.0228356 0.8771190 0.0162407 2.0432474 2.6475057 0.0000010 0.0228187 1.9667131 1.9752916 0.0228911 0.0162343 0.0228356 2.9327282 0.0129769 0.0162475 2.8115875 0.3329708 
MT128666_Megalocytivirus_pagrus1_ISKNV                   0.0000010 0.0195141 0.0000000 2.1301104 0.0195315 0.8793424 2.1775725 0.0032125 2.0142567 0.0195315 0.0032175 0.8793424 0.0032125 2.0150796 2.6026170 0.0195141 0.0032152 1.9568863 1.9286001 0.0032252 0.0292913 0.0032175 2.8853585 0.0260161 0.0227321 2.7248043 0.3385207 
MN803438_Lymphocystivirus_micropogonias1_n/a             2.1301104 2.1253152 2.1301104 0.0000000 2.1207407 2.2322881 2.5456439 2.1142428 1.9701712 2.1207407 2.1413841 2.2322881 2.1142428 0.2489936 2.5779037 2.1253152 2.1447143 2.0419286 1.9237326 2.1534968 2.1051104 2.1413841 2.6925509 2.1159451 2.1109479 2.4494584 2.2719145 
MW883598_Megalocytivirus_pagrus1_RSIV                    0.0195315 0.0064506 0.0195315 2.1207407 0.0000000 0.8800005 2.2268396 0.0162552 2.0206559 0.0000010 0.0228559 0.8800005 0.0162552 2.0389568 2.6364709 0.0064506 0.0228390 1.9571935 1.9659298 0.0229116 0.0228171 0.0228559 2.9276919 0.0195418 0.0162620 2.7832896 0.3429520 
MN562489_Megalocytivirus_lates1_SDDV                     0.8793424 0.8771190 0.8793424 2.2322881 0.8800005 0.0000000 2.6059646 0.8785101 1.9138031 0.8800005 0.8821332 0.0000010 0.8785101 2.0872350 2.7770018 0.8771190 0.8879243 2.2687729 2.1415293 0.8944595 0.8620492 0.8821332 2.7186148 0.8561910 0.8586470 2.9298802 0.8914818 
KF938901_Chloriridovirus_anopheles1_n/a                  2.1775725 2.2330292 2.1775725 2.5456439 2.2268396 2.6059646 0.0000000 2.1757984 2.2122088 2.2268396 2.1919354 2.6059646 2.1757984 2.4844928 0.7836786 2.2330292 2.1821104 2.6713469 2.8195314 2.1507005 2.1919568 2.1919354 2.4281863 2.2030354 2.1941102 2.0457527 2.2768913 
PP974677_Megalocytivirus_pagrus1_ISKNV                   0.0032125 0.0162407 0.0032125 2.1142428 0.0162552 0.8785101 2.1757984 0.0000000 2.0122750 0.0162552 0.0064456 0.8785101 0.0000010 2.0142826 2.6174741 0.0162407 0.0064410 1.9520305 1.9263360 0.0064610 0.0260036 0.0064456 2.8813598 0.0227349 0.0194597 2.7274436 0.3382572 
MF599468_Decapodiridovirus_litopenaeus1_n/a              2.0142567 2.0248292 2.0142567 1.9701712 2.0206559 1.9138031 2.2122088 2.0122750 0.0000000 2.0206559 2.0134384 1.9138031 2.0122750 2.0193190 2.0871690 2.0248292 2.0184006 2.3117387 2.1049536 2.0304445 1.9738436 2.0134384 2.3396212 1.9839503 1.9794990 2.3994982 2.1332245 
AY894343_Megalocytivirus_pagrus1_RSIV                    0.0195315 0.0064506 0.0195315 2.1207407 0.0000010 0.8800005 2.2268396 0.0162552 2.0206559 0.0000000 0.0228559 0.8800005 0.0162552 2.0389568 2.6364709 0.0064506 0.0228390 1.9571935 1.9659298 0.0229116 0.0228171 0.0228559 2.9276919 0.0195418 0.0162620 2.7832896 0.3429520 
OR536350_Megalocytivirus_pagrus1_ISKNV                   0.0032175 0.0228356 0.0032175 2.1413841 0.0228559 0.8821332 2.1919354 0.0064456 2.0134384 0.0228559 0.0000000 0.8821332 0.0064456 2.0254587 2.6159561 0.0228356 0.0064511 1.9661104 1.9150842 0.0064711 0.0326449 0.0000010 2.9007709 0.0293571 0.0260582 2.7252218 0.3396955 
OM037668_Megalocytivirus_lates1_SDDV                     0.8793424 0.8771190 0.8793424 2.2322881 0.8800005 0.0000010 2.6059646 0.8785101 1.9138031 0.8800005 0.8821332 0.0000000 0.8785101 2.0872350 2.7770018 0.8771190 0.8879243 2.2687729 2.1415293 0.8944595 0.8620492 0.8821332 2.7186148 0.8561910 0.8586470 2.9298802 0.8914818 
MW883595_Megalocytivirus_pagrus1_ISKNV                   0.0032125 0.0162407 0.0032125 2.1142428 0.0162552 0.8785101 2.1757984 0.0000010 2.0122750 0.0162552 0.0064456 0.8785101 0.0000000 2.0142826 2.6174741 0.0162407 0.0064410 1.9520305 1.9263360 0.0064610 0.0260036 0.0064456 2.8813598 0.0227349 0.0194597 2.7274436 0.3382572 
KX643370_Lymphocystivirus_sparus1_n/a                    2.0150796 2.0432474 2.0150796 0.2489936 2.0389568 2.0872350 2.4844928 2.0142826 2.0193190 2.0389568 2.0254587 2.0872350 2.0142826 0.0000000 2.5885969 2.0432474 2.0288092 1.9243019 2.0241512 2.0315961 2.0235390 2.0254587 2.6267083 2.0340005 2.0293091 2.3722065 2.2165969 
HF920633_Chloriridovirus_simulium1_n/a                   2.6026170 2.6475057 2.6026170 2.5779037 2.6364709 2.7770018 0.7836786 2.6174741 2.0871690 2.6364709 2.6159561 2.7770018 2.6174741 2.5885969 0.0000000 2.6475057 2.6080068 2.8969849 2.8539685 2.5450930 2.5902639 2.6159561 2.5155550 2.6028830 2.5914910 2.1454318 2.7488789 
MK098185_Megalocytivirus_pagrus1_RSIV                    0.0195141 0.0000010 0.0195141 2.1253152 0.0064506 0.8771190 2.2330292 0.0162407 2.0248292 0.0064506 0.0228356 0.8771190 0.0162407 2.0432474 2.6475057 0.0000000 0.0228187 1.9667131 1.9752916 0.0228911 0.0162343 0.0228356 2.9327282 0.0129769 0.0162475 2.8115875 0.3329708 
MW883599_Megalocytivirus_pagrus1_ISKNV                   0.0032152 0.0228187 0.0032152 2.1447143 0.0228390 0.8879243 2.1821104 0.0064410 2.0184006 0.0228390 0.0064511 0.8879243 0.0064410 2.0288092 2.6080068 0.0228187 0.0000000 1.9606904 1.9322901 0.0064665 0.0326204 0.0064511 2.8938801 0.0293352 0.0260389 2.7268085 0.3436578 
NC_005946_Ranavirus_rana1_n/a                            1.9568863 1.9667131 1.9568863 2.0419286 1.9571935 2.2687729 2.6713469 1.9520305 2.3117387 1.9571935 1.9661104 2.2687729 1.9520305 1.9243019 2.8969849 1.9667131 1.9606904 0.0000000 0.6852106 1.9974589 1.9559309 1.9661104 2.9709850 1.9660676 1.9583257 2.9036670 1.9948196 
AY521625_Ranavirus_epinephelus1_n/a                      1.9286001 1.9752916 1.9286001 1.9237326 1.9659298 2.1415293 2.8195314 1.9263360 2.1049536 1.9659298 1.9150842 2.1415293 1.9263360 2.0241512 2.8539685 1.9752916 1.9322901 0.6852106 0.0000000 1.9675394 1.9402514 1.9150842 3.2241370 1.9501152 1.9426107 2.9954276 1.9080148 
MW883601_Megalocytivirus_pagrus1_ISKNV                   0.0032252 0.0228911 0.0032252 2.1534968 0.0229116 0.8944595 2.1507005 0.0064610 2.0304445 0.0229116 0.0064711 0.8944595 0.0064610 2.0315961 2.5450930 0.0228911 0.0064665 1.9974589 1.9675394 0.0000000 0.0327247 0.0064711 2.9548780 0.0294287 0.0261216 2.6657097 0.3453462 
GQ273492_Megalocytivirus_pagrus1_TRBIV                   0.0292913 0.0162343 0.0292913 2.1051104 0.0228171 0.8620492 2.1919568 0.0260036 1.9738436 0.0228171 0.0326449 0.8620492 0.0260036 2.0235390 2.5902639 0.0162343 0.0326204 1.9559309 1.9402514 0.0327247 0.0000000 0.0326449 2.8876652 0.0032142 0.0064403 2.7550401 0.3293958 
MW883600_Megalocytivirus_pagrus1_ISKNV                   0.0032175 0.0228356 0.0032175 2.1413841 0.0228559 0.8821332 2.1919354 0.0064456 2.0134384 0.0228559 0.0000010 0.8821332 0.0064456 2.0254587 2.6159561 0.0228356 0.0064511 1.9661104 1.9150842 0.0064711 0.0326449 0.0000000 2.9007709 0.0293571 0.0260582 2.7252218 0.3396955 
LS484712_Daphniairidovirus_daphnia1_n/a                  2.8853585 2.9327282 2.8853585 2.6925509 2.9276919 2.7186148 2.4281863 2.8813598 2.3396212 2.9276919 2.9007709 2.7186148 2.8813598 2.6267083 2.5155550 2.9327282 2.8938801 2.9709850 3.2241370 2.9548780 2.8876652 2.9007709 0.0000000 2.9014934 2.8936148 2.8614574 3.0780416 
MG570132_Megalocytivirus_pagrus1_TRBIV                   0.0260161 0.0129769 0.0260161 2.1159451 0.0195418 0.8561910 2.2030354 0.0227349 1.9839503 0.0195418 0.0293571 0.8561910 0.0227349 2.0340005 2.6028830 0.0129769 0.0293352 1.9660676 1.9501152 0.0294287 0.0032142 0.0293571 2.9014934 0.0000000 0.0032168 2.7678015 0.3337687 
MG570131_Megalocytivirus_pagrus1_TRBIV                   0.0227321 0.0162475 0.0227321 2.1109479 0.0162620 0.8586470 2.1941102 0.0194597 1.9794990 0.0162620 0.0260582 0.8586470 0.0194597 2.0293091 2.5914910 0.0162475 0.0260389 1.9583257 1.9426107 0.0261216 0.0064403 0.0260582 2.8936148 0.0032168 0.0000000 2.7393879 0.3385545 
AF303741_Iridovirus_chilo1_n/a                           2.7248043 2.8115875 2.7248043 2.4494584 2.7832896 2.9298802 2.0457527 2.7274436 2.3994982 2.7832896 2.7252218 2.9298802 2.7274436 2.3722065 2.1454318 2.8115875 2.7268085 2.9036670 2.9954276 2.6657097 2.7550401 2.7252218 2.8614574 2.7678015 2.7393879 0.0000000 3.0494784 
PQ335173_PQ335174_Threespine_stickleback_iridovirus_TSIV 0.3385207 0.3329708 0.3385207 2.2719145 0.3429520 0.8914818 2.2768913 0.3382572 2.1332245 0.3429520 0.3396955 0.8914818 0.3382572 2.2165969 2.7488789 0.3329708 0.3436578 1.9948196 1.9080148 0.3453462 0.3293958 0.3396955 3.0780416 0.3337687 0.3385545 3.0494784 0.0000000 
