28
OQ513807_Megalocytivirus_pagrus1_ISKNV                   0.0000000 0.0195148 0.0000010 2.1382569 0.0195323 0.8808367 0.8892996 2.1858300 0.0032125 2.0210672 0.0195323 0.0032175 0.8808367 0.0032125 2.0224834 2.6143377 0.0195148 0.0032152 1.9641115 1.9351377 0.0032253 0.0292925 0.0032175 2.8995453 0.0260171 0.0227329 2.7365657 0.3387867 
OL774655_Megalocytivirus_pagrus1_RSIV                    0.0195148 0.0000000 0.0195148 2.1334181 0.0064507 0.8786027 0.8931381 2.2416149 0.0162413 2.0317178 0.0064507 0.0228368 0.8786027 0.0162413 2.0507652 2.6596222 0.0000010 0.0228197 1.9739984 1.9821435 0.0228925 0.0162347 0.0228368 2.9472461 0.0129772 0.0162480 2.8239169 0.3332448 
MT128666_Megalocytivirus_pagrus1_ISKNV                   0.0000010 0.0195148 0.0000000 2.1382569 0.0195323 0.8808367 0.8892996 2.1858300 0.0032125 2.0210672 0.0195323 0.0032175 0.8808367 0.0032125 2.0224834 2.6143377 0.0195148 0.0032152 1.9641115 1.9351377 0.0032253 0.0292925 0.0032175 2.8995453 0.0260171 0.0227329 2.7365657 0.3387867 
MN803438_Lymphocystivirus_micropogonias1_n/a             2.1382569 2.1334181 2.1382569 0.0000000 2.1287944 2.2411133 2.2673504 2.5568234 2.1223302 1.9767142 2.1287944 2.1496522 2.2411133 2.1223302 0.2491264 2.5892081 2.1334181 2.1529580 2.0494545 1.9306208 2.1618614 2.1131824 2.1496522 2.7039288 2.1240495 2.1189977 2.4595805 2.2808552 
MW883598_Megalocytivirus_pagrus1_RSIV                    0.0195323 0.0064507 0.0195323 2.1287944 0.0000000 0.8815046 0.8961419 2.2353505 0.0162559 2.0275013 0.0000010 0.0228572 0.8815046 0.0162559 2.0464285 2.6484739 0.0064507 0.0228401 1.9643971 1.9727045 0.0229131 0.0228179 0.0228572 2.9421287 0.0195425 0.0162626 2.7954663 0.3432364 
MN562489_Megalocytivirus_lates1_SDDV                     0.8808367 0.8786027 0.8808367 2.2411133 0.8815046 0.0000000 0.3221945 2.6168240 0.8800000 1.9202294 0.8815046 0.8836416 0.0000010 0.8800000 2.0950476 2.7896038 0.8786027 0.8894303 2.2778822 2.1496121 0.8960363 0.8634911 0.8836416 2.7307105 0.8576290 0.8601042 2.9430017 0.8930029 
MK637631_European_chub_iridovirus_ECIV                   0.8892996 0.8931381 0.8892996 2.2673504 0.8961419 0.3221945 0.0000000 2.5304865 0.8966364 1.9950324 0.8961419 0.8865557 0.3221945 0.8966364 2.1281307 2.5988103 0.8931381 0.8980862 2.2461986 2.0778270 0.9048872 0.8923767 0.8865557 2.8853343 0.8863674 0.8889922 2.9043168 0.9032905 
KF938901_Chloriridovirus_anopheles1_n/a                  2.1858300 2.2416149 2.1858300 2.5568234 2.2353505 2.6168240 2.5304865 0.0000000 2.1840417 2.2209794 2.2353505 2.2003222 2.6168240 2.1840417 2.4952045 0.7850128 2.2416149 2.1904025 2.6827667 2.8319940 2.1586846 2.2003421 2.2003222 2.4388992 2.2114516 2.2024472 2.0540308 2.2856112 
PP974677_Megalocytivirus_pagrus1_ISKNV                   0.0032125 0.0162413 0.0032125 2.1223302 0.0162559 0.8800000 0.8966364 2.1840417 0.0000000 2.0190725 0.0162559 0.0064457 0.8800000 0.0000010 2.0217019 2.6293092 0.0162413 0.0064410 1.9592224 1.9328543 0.0064611 0.0260045 0.0064457 2.8955014 0.0227358 0.0194603 2.7392167 0.3385221 
MF599468_Decapodiridovirus_litopenaeus1_n/a              2.0210672 2.0317178 2.0210672 1.9767142 2.0275013 1.9202294 1.9950324 2.2209794 2.0190725 0.0000000 2.0275013 2.0202815 1.9202294 2.0190725 2.0262354 2.0950694 2.0317178 2.0252417 2.3209674 2.1125338 2.0374037 1.9805297 2.0202815 2.3483940 1.9906630 1.9861653 2.4092158 2.1406295 
AY894343_Megalocytivirus_pagrus1_RSIV                    0.0195323 0.0064507 0.0195323 2.1287944 0.0000010 0.8815046 0.8961419 2.2353505 0.0162559 2.0275013 0.0000000 0.0228572 0.8815046 0.0162559 2.0464285 2.6484739 0.0064507 0.0228401 1.9643971 1.9727045 0.0229131 0.0228179 0.0228572 2.9421287 0.0195425 0.0162626 2.7954663 0.3432364 
OR536350_Megalocytivirus_pagrus1_ISKNV                   0.0032175 0.0228368 0.0032175 2.1496522 0.0228572 0.8836416 0.8865557 2.2003222 0.0064457 2.0202815 0.0228572 0.0000000 0.8836416 0.0064457 2.0329737 2.6278049 0.0228368 0.0064512 1.9734238 1.9215079 0.0064713 0.0326466 0.0000010 2.9151141 0.0293586 0.0260595 2.7370224 0.3399665 
OM037668_Megalocytivirus_lates1_SDDV                     0.8808367 0.8786027 0.8808367 2.2411133 0.8815046 0.0000010 0.3221945 2.6168240 0.8800000 1.9202294 0.8815046 0.8836416 0.0000000 0.8800000 2.0950476 2.7896038 0.8786027 0.8894303 2.2778822 2.1496121 0.8960363 0.8634911 0.8836416 2.7307105 0.8576290 0.8601042 2.9430017 0.8930029 
MW883595_Megalocytivirus_pagrus1_ISKNV                   0.0032125 0.0162413 0.0032125 2.1223302 0.0162559 0.8800000 0.8966364 2.1840417 0.0000010 2.0190725 0.0162559 0.0064457 0.8800000 0.0000000 2.0217019 2.6293092 0.0162413 0.0064410 1.9592224 1.9328543 0.0064611 0.0260045 0.0064457 2.8955014 0.0227358 0.0194603 2.7392167 0.3385221 
KX643370_Lymphocystivirus_sparus1_n/a                    2.0224834 2.0507652 2.0224834 0.2491264 2.0464285 2.0950476 2.1281307 2.4952045 2.0217019 2.0262354 2.0464285 2.0329737 2.0950476 2.0217019 0.0000000 2.5996458 2.0507652 2.0362996 1.9313102 2.0317078 2.0391583 2.0310259 2.0329737 2.6379741 2.0415176 2.0367753 2.3815027 2.2249799 
HF920633_Chloriridovirus_simulium1_n/a                   2.6143377 2.6596222 2.6143377 2.5892081 2.6484739 2.7896038 2.5988103 0.7850128 2.6293092 2.0950694 2.6484739 2.6278049 2.7896038 2.6293092 2.5996458 0.0000000 2.6596222 2.6197722 2.9111028 2.8673902 2.5562891 2.6020297 2.6278049 2.5273283 2.6146889 2.6031788 2.1545954 2.7610278 
MK098185_Megalocytivirus_pagrus1_RSIV                    0.0195148 0.0000010 0.0195148 2.1334181 0.0064507 0.8786027 0.8931381 2.2416149 0.0162413 2.0317178 0.0064507 0.0228368 0.8786027 0.0162413 2.0507652 2.6596222 0.0000000 0.0228197 1.9739984 1.9821435 0.0228925 0.0162347 0.0228368 2.9472461 0.0129772 0.0162480 2.8239169 0.3332448 
MW883599_Megalocytivirus_pagrus1_ISKNV                   0.0032152 0.0228197 0.0032152 2.1529580 0.0228401 0.8894303 0.8980862 2.1904025 0.0064410 2.0252417 0.0228401 0.0064512 0.8894303 0.0064410 2.0362996 2.6197722 0.0228197 0.0000000 1.9679313 1.9388421 0.0064667 0.0326218 0.0064512 2.9081308 0.0293365 0.0260400 2.7385713 0.3439283 
NC_005946_Ranavirus_rana1_n/a                            1.9641115 1.9739984 1.9641115 2.0494545 1.9643971 2.2778822 2.2461986 2.6827667 1.9592224 2.3209674 1.9643971 1.9734238 2.2778822 1.9592224 1.9313102 2.9111028 1.9739984 1.9679313 0.0000000 0.6861509 2.0050319 1.9632144 1.9734238 2.9860362 1.9733807 1.9655685 2.9173066 2.0020594 
AY521625_Ranavirus_epinephelus1_n/a                      1.9351377 1.9821435 1.9351377 1.9306208 1.9727045 2.1496121 2.0778270 2.8319940 1.9328543 2.1125338 1.9727045 1.9215079 2.1496121 1.9328543 2.0317078 2.8673902 1.9821435 1.9388421 0.6861509 0.0000000 1.9743943 1.9469075 1.9215079 3.2410046 1.9567975 1.9492279 3.0089869 1.9145833 
MW883601_Megalocytivirus_pagrus1_ISKNV                   0.0032253 0.0228925 0.0032253 2.1618614 0.0229131 0.8960363 0.9048872 2.1586846 0.0064611 2.0374037 0.0229131 0.0064713 0.8960363 0.0064611 2.0391583 2.5562891 0.0228925 0.0064667 2.0050319 1.9743943 0.0000000 0.0327267 0.0064713 2.9697697 0.0294305 0.0261231 2.6769516 0.3456314 
GQ273492_Megalocytivirus_pagrus1_TRBIV                   0.0292925 0.0162347 0.0292925 2.1131824 0.0228179 0.8634911 0.8923767 2.2003421 0.0260045 1.9805297 0.0228179 0.0326466 0.8634911 0.0260045 2.0310259 2.6020297 0.0162347 0.0326218 1.9632144 1.9469075 0.0327267 0.0000000 0.0326466 2.9018760 0.0032142 0.0064403 2.7670360 0.3296557 
MW883600_Megalocytivirus_pagrus1_ISKNV                   0.0032175 0.0228368 0.0032175 2.1496522 0.0228572 0.8836416 0.8865557 2.2003222 0.0064457 2.0202815 0.0228572 0.0000010 0.8836416 0.0064457 2.0329737 2.6278049 0.0228368 0.0064512 1.9734238 1.9215079 0.0064713 0.0326466 0.0000000 2.9151141 0.0293586 0.0260595 2.7370224 0.3399665 
LS484712_Daphniairidovirus_daphnia1_n/a                  2.8995453 2.9472461 2.8995453 2.7039288 2.9421287 2.7307105 2.8853343 2.4388992 2.8955014 2.3483940 2.9421287 2.9151141 2.7307105 2.8955014 2.6379741 2.5273283 2.9472461 2.9081308 2.9860362 3.2410046 2.9697697 2.9018760 2.9151141 0.0000000 2.9157505 2.9077806 2.8748368 3.0935222 
MG570132_Megalocytivirus_pagrus1_TRBIV                   0.0260171 0.0129772 0.0260171 2.1240495 0.0195425 0.8576290 0.8863674 2.2114516 0.0227358 1.9906630 0.0195425 0.0293586 0.8576290 0.0227358 2.0415176 2.6146889 0.0129772 0.0293365 1.9733807 1.9567975 0.0294305 0.0032142 0.0293586 2.9157505 0.0000000 0.0032168 2.7798335 0.3340300 
MG570131_Megalocytivirus_pagrus1_TRBIV                   0.0227329 0.0162480 0.0227329 2.1189977 0.0162626 0.8601042 0.8889922 2.2024472 0.0194603 1.9861653 0.0162626 0.0260595 0.8601042 0.0194603 2.0367753 2.6031788 0.0162480 0.0260400 1.9655685 1.9492279 0.0261231 0.0064403 0.0260595 2.9077806 0.0032168 0.0000000 2.7512631 0.3388196 
AF303741_Iridovirus_chilo1_n/a                           2.7365657 2.8239169 2.7365657 2.4595805 2.7954663 2.9430017 2.9043168 2.0540308 2.7392167 2.4092158 2.7954663 2.7370224 2.9430017 2.7392167 2.3815027 2.1545954 2.8239169 2.7385713 2.9173066 3.0089869 2.6769516 2.7670360 2.7370224 2.8748368 2.7798335 2.7512631 0.0000000 3.0636481 
PQ335173_PQ335174_Threespine_stickleback_iridovirus_TSIV 0.3387867 0.3332448 0.3387867 2.2808552 0.3432364 0.8930029 0.9032905 2.2856112 0.3385221 2.1406295 0.3432364 0.3399665 0.8930029 0.3385221 2.2249799 2.7610278 0.3332448 0.3439283 2.0020594 1.9145833 0.3456314 0.3296557 0.3399665 3.0935222 0.3340300 0.3388196 3.0636481 0.0000000 
