19
MW883598_Megalocytivirus_pagrus1_RSIV  0.0000000 0.0688326 0.0892550 0.0724022 0.0688326 0.0294516 0.0000010 0.0788871 0.0838360 0.1079698 0.0066303 0.0294516 0.0736256 0.0892550 0.0788871 0.0736256 0.0000010 0.0724022 0.0000010 
MW883594_Megalocytivirus_pagrus1_ISKNV 0.0688326 0.0000000 0.0649933 0.0032323 0.0000010 0.0614991 0.0688326 0.0200526 0.0238516 0.0855394 0.0739768 0.0614991 0.0032836 0.0649933 0.0200526 0.0032836 0.0692262 0.0032323 0.0688326 
MG570132_Megalocytivirus_pagrus1_TRBIV 0.0892550 0.0649933 0.0000000 0.0685457 0.0649933 0.0822596 0.0892550 0.0682799 0.0730345 0.0739060 0.0795950 0.0822596 0.0696981 0.0000010 0.0682799 0.0696981 0.0789127 0.0685457 0.0784481 
OQ513807_Megalocytivirus_pagrus1_ISKNV 0.0724022 0.0032323 0.0685457 0.0000000 0.0032323 0.0650419 0.0724022 0.0234660 0.0273414 0.0892573 0.0776343 0.0650419 0.0065877 0.0685457 0.0234660 0.0065877 0.0728174 0.0000010 0.0724022 
MW883597_Megalocytivirus_pagrus1_ISKNV 0.0688326 0.0000010 0.0649933 0.0032323 0.0000000 0.0614991 0.0688326 0.0200526 0.0238516 0.0855394 0.0739768 0.0614991 0.0032836 0.0649933 0.0200526 0.0032836 0.0692262 0.0032323 0.0688326 
OL774655_Megalocytivirus_pagrus1_RSIV  0.0294516 0.0614991 0.0822596 0.0650419 0.0614991 0.0000000 0.0294516 0.0750939 0.0799556 0.1049557 0.0304390 0.0000010 0.0661323 0.0822596 0.0750939 0.0661323 0.0301718 0.0650419 0.0300081 
AY894343_Megalocytivirus_pagrus1_RSIV  0.0000010 0.0688326 0.0892550 0.0724022 0.0688326 0.0294516 0.0000000 0.0788871 0.0838360 0.1079698 0.0066303 0.0294516 0.0736256 0.0892550 0.0788871 0.0736256 0.0000010 0.0724022 0.0000010 
MN432490_Megalocytivirus_pagrus1_ISKNV 0.0788871 0.0200526 0.0682799 0.0234660 0.0200526 0.0750939 0.0788871 0.0000000 0.0032215 0.0864371 0.0860285 0.0750939 0.0238516 0.0682799 0.0000010 0.0238516 0.0773068 0.0234660 0.0768584 
PP974677_Megalocytivirus_pagrus1_ISKNV 0.0838360 0.0238516 0.0730345 0.0273414 0.0238516 0.0799556 0.0838360 0.0032215 0.0000000 0.0918214 0.0808180 0.0799556 0.0200246 0.0730345 0.0032215 0.0200246 0.0823625 0.0273414 0.0818761 
GQ273492_Megalocytivirus_pagrus1_TRBIV 0.1079698 0.0855394 0.0739060 0.0892573 0.0855394 0.1049557 0.1079698 0.0864371 0.0918214 0.0000000 0.1114949 0.1049557 0.0908337 0.0739060 0.0864371 0.0908337 0.1016964 0.0892573 0.1010601 
ON743042_Megalocytivirus_pagrus1_RSIV  0.0066303 0.0739768 0.0795950 0.0776343 0.0739768 0.0304390 0.0066303 0.0860285 0.0808180 0.1114949 0.0000000 0.0304390 0.0690747 0.0795950 0.0860285 0.0690747 0.0066657 0.0776343 0.0066303 
MK098185_Megalocytivirus_pagrus1_RSIV  0.0294516 0.0614991 0.0822596 0.0650419 0.0614991 0.0000010 0.0294516 0.0750939 0.0799556 0.1049557 0.0304390 0.0000000 0.0661323 0.0822596 0.0750939 0.0661323 0.0301718 0.0650419 0.0300081 
OP896201_Megalocytivirus_pagrus1_ISKNV 0.0736256 0.0032836 0.0696981 0.0065877 0.0032836 0.0661323 0.0736256 0.0238516 0.0200246 0.0908337 0.0690747 0.0661323 0.0000000 0.0696981 0.0238516 0.0000010 0.0740554 0.0065877 0.0736256 
MG570131_Megalocytivirus_pagrus1_TRBIV 0.0892550 0.0649933 0.0000010 0.0685457 0.0649933 0.0822596 0.0892550 0.0682799 0.0730345 0.0739060 0.0795950 0.0822596 0.0696981 0.0000000 0.0682799 0.0696981 0.0789127 0.0685457 0.0784481 
MW883595_Megalocytivirus_pagrus1_ISKNV 0.0788871 0.0200526 0.0682799 0.0234660 0.0200526 0.0750939 0.0788871 0.0000010 0.0032215 0.0864371 0.0860285 0.0750939 0.0238516 0.0682799 0.0000000 0.0238516 0.0773068 0.0234660 0.0768584 
OR356116_Megalocytivirus_pagrus1_ISKNV 0.0736256 0.0032836 0.0696981 0.0065877 0.0032836 0.0661323 0.0736256 0.0238516 0.0200246 0.0908337 0.0690747 0.0661323 0.0000010 0.0696981 0.0238516 0.0000000 0.0740554 0.0065877 0.0736256 
OK042109_Megalocytivirus_pagrus1_RSIV  0.0000010 0.0692262 0.0789127 0.0728174 0.0692262 0.0301718 0.0000010 0.0773068 0.0823625 0.1016964 0.0066657 0.0301718 0.0740554 0.0789127 0.0773068 0.0740554 0.0000000 0.0728174 0.0000010 
OR670976_Megalocytivirus_pagrus1_ISKNV 0.0724022 0.0032323 0.0685457 0.0000010 0.0032323 0.0650419 0.0724022 0.0234660 0.0273414 0.0892573 0.0776343 0.0650419 0.0065877 0.0685457 0.0234660 0.0065877 0.0728174 0.0000000 0.0724022 
ON740976_Megalocytivirus_pagrus1_RSIV  0.0000010 0.0688326 0.0784481 0.0724022 0.0688326 0.0300081 0.0000010 0.0768584 0.0818761 0.1010601 0.0066303 0.0300081 0.0736256 0.0784481 0.0768584 0.0736256 0.0000010 0.0724022 0.0000000 
