27
Chlor_AMIV_KF938901_1_Chlor_AMIV_KF938901.1_00067             0.0000000 0.9485294 2.6275132 2.4929742 2.2967743 1.8910477 2.2456357 2.9105273 2.8159690 2.9258336 2.9258336 2.9504595 2.7326769 2.7372155 2.7929166 2.7372155 2.7326769 2.9922078 2.8102655 2.8102655 2.7929166 2.7982035 2.7575042 2.7566057 2.7697958 3.1402390 3.5671551 
Chlor_IIV22_HF920633_1_Chlor_IIV22_HF920633.1_00043           0.9485294 0.0000000 2.7796536 2.5051375 2.1242349 2.0372003 2.4423577 3.1361845 2.9426676 3.1239118 3.1239118 3.1211940 3.0580384 3.0414759 3.0822550 3.0414759 3.0580384 3.4470257 3.1031219 3.1031219 3.0822550 3.0728278 3.0473474 3.0437734 3.0604925 3.3042866 3.6981369 
Daphi_LS484712_1_Daphi_LS484712.1_00248                       2.6275132 2.7796536 0.0000000 3.0308388 2.8226029 2.7660475 3.1421774 3.3418229 3.2187929 3.3620713 3.3620713 3.3738430 3.5230173 3.5300280 3.5935526 3.5300280 3.5230173 3.7922075 3.6142849 3.6142849 3.5935526 3.5781826 3.5543207 3.5541875 3.5692374 3.4150163 3.7636871 
Decap_MF599468_1_Decap_MF599468.1_00030                       2.4929742 2.5051375 3.0308388 0.0000000 2.6574709 2.0669797 2.9370515 2.5098525 2.4148015 2.2538273 2.2538273 2.2725266 2.2823539 2.2834624 2.2965904 2.2834624 2.2823539 2.4730249 2.3074149 2.3074149 2.2965904 2.2969248 2.2487617 2.2512520 2.2592132 2.5857282 2.4941326 
Irido_IIV31_HF920637_1_Irido_IIV31_HF920637.1_00175           2.2967743 2.1242349 2.8226029 2.6574709 0.0000000 2.9608460 0.8229422 3.5118667 3.7031031 4.0341189 4.0341189 4.0341189 3.8673857 3.8725528 3.9682927 3.8725528 3.8673857 4.2259552 4.0214723 4.0214723 3.9682927 3.9682927 3.8490784 3.8319893 3.8831929 4.2161197 3.5055142 
Irido_IIV31_HF920637_1_Irido_IIV31_HF920637.1_00176           1.8910477 2.0372003 2.7660475 2.0669797 2.9608460 0.0000000 1.5441973 3.5916958 2.7664799 1.8646538 1.8646538 1.8159668 2.2342527 2.2342527 2.2086598 2.2342527 2.2342527 2.4094537 2.2232730 2.2232730 2.2086598 2.1805308 2.2232730 2.2232730 2.2232730 2.5048467 2.8145860 
Irido_IIV6_AF303741_1_Irido_IIV6_AF303741.1_00165             2.2456357 2.4423577 3.1421774 2.9370515 0.8229422 1.5441973 0.0000000 3.2484091 3.3499130 3.3845809 3.3845809 3.3701827 3.2808756 3.2775829 3.3419649 3.2775829 3.2808756 3.4135212 3.3834308 3.3834308 3.3419649 3.3777743 3.3184714 3.2950556 3.3318129 3.6803644 3.6265301 
Lymph_LCD4_MN803438_1_Lymph_LCD4_MN803438.1_00106             2.9105273 3.1361845 3.3418229 2.5098525 3.5118667 3.5916958 3.2484091 0.0000000 0.9276168 2.2659894 2.2659894 2.3113950 2.2153758 2.2307660 2.2157890 2.2307660 2.2153758 2.5029759 2.2265606 2.2265606 2.2157890 2.2141646 2.2195450 2.2221867 2.2303662 2.4196709 2.4496273 
Lymph_LDV1_L63545_1_Lymph_LDV1_L63545.1_00108                 2.8159690 2.9426676 3.2187929 2.4148015 3.7031031 2.7664799 3.3499130 0.9276168 0.0000000 2.2727090 2.2727090 2.3173574 2.2835616 2.2786377 2.3107967 2.2786377 2.2835616 2.5525634 2.3167095 2.3167095 2.3107967 2.3087662 2.2890344 2.2967766 2.2999120 2.2218112 2.4250693 
MCV_ML1_SDDV_MN562489_1_MCV_ML1_SDDV_MN562489.1_00099         2.9258336 3.1239118 3.3620713 2.2538273 4.0341189 1.8646538 3.3845809 2.2659894 2.2727090 0.0000000 0.0000010 0.0032216 0.9203291 0.9211193 0.9211002 0.9211193 0.9203291 1.0076477 0.9181597 0.9181597 0.9211002 0.9302577 0.9021524 0.8990390 0.8959514 2.1325419 2.1878131 
MCV_ML1_SDDV_MT521409_1_MCV_ML1_SDDV_MT521409.1_00100         2.9258336 3.1239118 3.3620713 2.2538273 4.0341189 1.8646538 3.3845809 2.2659894 2.2727090 0.0000010 0.0000000 0.0032216 0.9203291 0.9211193 0.9211002 0.9211193 0.9203291 1.0076477 0.9181597 0.9181597 0.9211002 0.9302577 0.9021524 0.8990390 0.8959514 2.1325419 2.1878131 
MCV_ML1_SDDV_NC_027778_1_MCV_ML1_SDDV_NC_027778.1_00080       2.9504595 3.1211940 3.3738430 2.2725266 4.0341189 1.8159668 3.3701827 2.3113950 2.3173574 0.0032216 0.0032216 0.0000000 0.9281161 0.9289137 0.9288992 0.9289137 0.9281161 1.0164017 0.9259308 0.9259308 0.9288992 0.9381291 0.9097988 0.9066922 0.9035629 2.1589004 2.1809254 
MCV_MP1_BCFI_MN432490_1_MCV_MP1_BCFI_MN432490.1_00031         2.7326769 3.0580384 3.5230173 2.2823539 3.8673857 2.2342527 3.2808756 2.2153758 2.2835616 0.9203291 0.9203291 0.9281161 0.0000000 0.0031551 0.0159777 0.0031551 0.0000010 0.0448171 0.0159451 0.0159451 0.0159777 0.0192106 0.0255693 0.0191356 0.0223513 2.0899268 2.3155499 
MCV_MP1_BCFI_MT926123_1_MCV_MP1_BCFI_MT926123.1_00031         2.7372155 3.0414759 3.5300280 2.2834624 3.8725528 2.2342527 3.2775829 2.2307660 2.2786377 0.9211193 0.9211193 0.9289137 0.0031551 0.0000000 0.0192003 0.0000010 0.0031551 0.0413027 0.0191611 0.0191611 0.0192003 0.0224439 0.0288055 0.0223560 0.0255801 2.0940833 2.3178575 
MCV_MP1_GSPI_KT804738_1_MCV_MP1_GSPI_KT804738.1_00028         2.7929166 3.0822550 3.5935526 2.2965904 3.9682927 2.2086598 3.3419649 2.2157890 2.3107967 0.9211002 0.9211002 0.9288992 0.0159777 0.0192003 0.0000000 0.0192003 0.0159777 0.0629113 0.0063356 0.0063356 0.0000010 0.0031575 0.0224484 0.0159999 0.0192226 2.0896861 2.3593297 
MCV_MP1_ISKNV_AF371960_1_MCV_MP1_ISKNV_AF371960.1_00030       2.7372155 3.0414759 3.5300280 2.2834624 3.8725528 2.2342527 3.2775829 2.2307660 2.2786377 0.9211193 0.9211193 0.9289137 0.0031551 0.0000010 0.0192003 0.0000000 0.0031551 0.0413027 0.0191611 0.0191611 0.0192003 0.0224439 0.0288055 0.0223560 0.0255801 2.0940833 2.3178575 
MCV_MP1_LBUSV_OP009387_1_MCV_MP1_LBUSV_OP009387.1_00029       2.7326769 3.0580384 3.5230173 2.2823539 3.8673857 2.2342527 3.2808756 2.2153758 2.2835616 0.9203291 0.9203291 0.9281161 0.0000010 0.0031551 0.0159777 0.0031551 0.0000000 0.0448171 0.0159451 0.0159451 0.0159777 0.0192106 0.0255693 0.0191356 0.0223513 2.0899268 2.3155499 
MCV_MP1_LYCI_AY779031_1_MCV_MP1_LYCI_AY779031.1_00033         2.9922078 3.4470257 3.7922075 2.4730249 4.2259552 2.4094537 3.4135212 2.5029759 2.5525634 1.0076477 1.0076477 1.0164017 0.0448171 0.0413027 0.0629113 0.0413027 0.0448171 0.0000000 0.0627758 0.0627758 0.0629113 0.0665306 0.0698019 0.0662402 0.0698019 2.2254131 2.5098286 
MCV_MP1_LYCI_MW139932_1_MCV_MP1_LYCI_MW139932.1_00032         2.8102655 3.1031219 3.6142849 2.3074149 4.0214723 2.2232730 3.3834308 2.2265606 2.3167095 0.9181597 0.9181597 0.9259308 0.0159451 0.0191611 0.0063356 0.0191611 0.0159451 0.0627758 0.0000000 0.0000010 0.0063356 0.0095218 0.0159570 0.0159671 0.0127529 2.1045348 2.3756732 
MCV_MP1_LYCI_OL774653_1_MCV_MP1_LYCI_OL774653.1_00050         2.8102655 3.1031219 3.6142849 2.3074149 4.0214723 2.2232730 3.3834308 2.2265606 2.3167095 0.9181597 0.9181597 0.9259308 0.0159451 0.0191611 0.0063356 0.0191611 0.0159451 0.0627758 0.0000010 0.0000000 0.0063356 0.0095218 0.0159570 0.0159671 0.0127529 2.1045348 2.3756732 
MCV_MP1_OSGI_AY894343_1_MCV_MP1_OSGI_AY894343.1_00028         2.7929166 3.0822550 3.5935526 2.2965904 3.9682927 2.2086598 3.3419649 2.2157890 2.3107967 0.9211002 0.9211002 0.9288992 0.0159777 0.0192003 0.0000010 0.0192003 0.0159777 0.0629113 0.0063356 0.0063356 0.0000000 0.0031575 0.0224484 0.0159999 0.0192226 2.0896861 2.3593297 
MCV_MP1_RBIV_AY532606_1_MCV_MP1_RBIV_AY532606.1_00029         2.7982035 3.0728278 3.5781826 2.2969248 3.9682927 2.1805308 3.3777743 2.2141646 2.3087662 0.9302577 0.9302577 0.9381291 0.0192106 0.0224439 0.0031575 0.0224439 0.0192106 0.0665306 0.0095218 0.0095218 0.0031575 0.0000000 0.0257051 0.0192371 0.0224700 2.0863949 2.3555451 
MCV_MP1_TRBIV_GQ273492_1_MCV_MP1_TRBIV_GQ273492.1_00029       2.7575042 3.0473474 3.5543207 2.2487617 3.8490784 2.2232730 3.3184714 2.2195450 2.2890344 0.9021524 0.9021524 0.9097988 0.0255693 0.0288055 0.0224484 0.0288055 0.0255693 0.0698019 0.0159570 0.0159570 0.0224484 0.0257051 0.0000000 0.0063227 0.0031562 2.0927276 2.3331886 
MCV_Unclassified_MG570131_1_MCV_Unclassified_MG570131.1_00030 2.7566057 3.0437734 3.5541875 2.2512520 3.8319893 2.2232730 3.2950556 2.2221867 2.2967766 0.8990390 0.8990390 0.9066922 0.0191356 0.0223560 0.0159999 0.0223560 0.0191356 0.0662402 0.0159671 0.0159671 0.0159999 0.0192371 0.0063227 0.0000000 0.0031581 2.0934813 2.3333915 
MCV_Unclassified_MG570132_1_MCV_Unclassified_MG570132.1_00030 2.7697958 3.0604925 3.5692374 2.2592132 3.8831929 2.2232730 3.3318129 2.2303662 2.2999120 0.8959514 0.8959514 0.9035629 0.0223513 0.0255801 0.0192226 0.0255801 0.0223513 0.0698019 0.0127529 0.0127529 0.0192226 0.0224700 0.0031562 0.0031581 0.0000000 2.1026421 2.3435133 
Rana_FV3_NC_005946_1_Rana_FV3_NC_005946.1_00095               3.1402390 3.3042866 3.4150163 2.5857282 4.2161197 2.5048467 3.6803644 2.4196709 2.2218112 2.1325419 2.1325419 2.1589004 2.0899268 2.0940833 2.0896861 2.0940833 2.0899268 2.2254131 2.1045348 2.1045348 2.0896861 2.0863949 2.0927276 2.0934813 2.1026421 0.0000000 0.8215456 
Rana_SGIV_AY521625_1_Rana_SGIV_AY521625.1_00085               3.5671551 3.6981369 3.7636871 2.4941326 3.5055142 2.8145860 3.6265301 2.4496273 2.4250693 2.1878131 2.1878131 2.1809254 2.3155499 2.3178575 2.3593297 2.3178575 2.3155499 2.5098286 2.3756732 2.3756732 2.3593297 2.3555451 2.3331886 2.3333915 2.3435133 0.8215456 0.0000000 
