14
OP896201_Megalocytivirus_pagrus1_ISKNV    0.0000000 0.2365265 0.0000010 0.0000010 0.2365265 0.0211911 0.0000010 0.3079685 0.3813324 0.2826722 0.2826722 0.0211911 0.3079685 0.3813324 
AP017456_Megalocytivirus_pagrus1_RSIV     0.2365265 0.0000000 0.2365265 0.2353106 0.0000010 0.2685835 0.2353106 0.3085523 0.2769736 0.1046850 0.1046850 0.2685835 0.3085523 0.2769736 
KT781098_Megalocytivirus_pagrus1_ISKNV    0.0000010 0.2365265 0.0000000 0.0000010 0.2365265 0.0211911 0.0000010 0.3079685 0.3813324 0.2826722 0.2826722 0.0211911 0.3079685 0.3813324 
MN432490_Megalocytivirus_pagrus1_ISKNV    0.0000010 0.2353106 0.0000010 0.0000000 0.2353106 0.0211911 0.0000010 0.3079685 0.3813324 0.2826722 0.2826722 0.0211911 0.3079685 0.3813324 
KC244182_Megalocytivirus_pagrus1_RSIV     0.2365265 0.0000010 0.2365265 0.2353106 0.0000000 0.2685835 0.2353106 0.3085523 0.2769736 0.1046850 0.1046850 0.2685835 0.3085523 0.2769736 
23043610003_Megalocytivirus_pagrus1_ISKNV 0.0211911 0.2685835 0.0211911 0.0211911 0.2685835 0.0000000 0.0211911 0.3456278 0.4211615 0.3158493 0.3158493 0.0000010 0.3456278 0.4211615 
OP009387_Megalocytivirus_pagrus1_ISKNV    0.0000010 0.2353106 0.0000010 0.0000010 0.2353106 0.0211911 0.0000000 0.3079685 0.3813324 0.2826722 0.2826722 0.0211911 0.3079685 0.3813324 
MG570131_Megalocytivirus_pagrus1_TRBIV    0.3079685 0.3085523 0.3079685 0.3079685 0.3085523 0.3456278 0.3079685 0.0000000 0.1283785 0.3571250 0.3571250 0.3456278 0.0000010 0.1283785 
GQ273492_Megalocytivirus_pagrus1_TRBIV    0.3813324 0.2769736 0.3813324 0.3813324 0.2769736 0.4211615 0.3813324 0.1283785 0.0000000 0.3247860 0.3247860 0.4211615 0.1283785 0.0000010 
MK098186_Megalocytivirus_pagrus1_RSIV     0.2826722 0.1046850 0.2826722 0.2826722 0.1046850 0.3158493 0.2826722 0.3571250 0.3247860 0.0000000 0.0000010 0.3158493 0.3571250 0.3247860 
OL774654_Megalocytivirus_pagrus1_RSIV     0.2826722 0.1046850 0.2826722 0.2826722 0.1046850 0.3158493 0.2826722 0.3571250 0.3247860 0.0000010 0.0000000 0.3158493 0.3571250 0.3247860 
MW883594_Megalocytivirus_pagrus1_ISKNV    0.0211911 0.2685835 0.0211911 0.0211911 0.2685835 0.0000010 0.0211911 0.3456278 0.4211615 0.3158493 0.3158493 0.0000000 0.3456278 0.4211615 
MG570132_Megalocytivirus_pagrus1_TRBIV    0.3079685 0.3085523 0.3079685 0.3079685 0.3085523 0.3456278 0.3079685 0.0000010 0.1283785 0.3571250 0.3571250 0.3456278 0.0000000 0.1283785 
OK042109_Megalocytivirus_pagrus1_RSIV     0.3813324 0.2769736 0.3813324 0.3813324 0.2769736 0.4211615 0.3813324 0.1283785 0.0000010 0.3247860 0.3247860 0.4211615 0.1283785 0.0000000 
