26
Chlor_AMIV_KF938901_1_Chlor_AMIV_KF938901.1_00080             0.0000000 0.4269042 1.9640390 2.2926223 1.8245678 1.8429697 2.6537250 4.3829697 2.4586236 2.5253689 2.5601724 2.5601724 2.6611222 2.6553650 2.6753923 2.6553650 2.6611222 2.6792260 2.6753923 2.6792260 2.6781671 2.6696565 2.6263781 2.6263781 2.6350062 2.8406035 
Chlor_IIV22_HF920633_1_Chlor_IIV22_HF920633.1_00069           0.4269042 0.0000000 1.9158017 2.3117840 1.8914669 1.8589288 2.6397102 4.2970791 2.5736902 2.5371374 2.6992335 2.6992335 2.8214160 2.8287760 2.8641624 2.8287760 2.8214160 2.8682320 2.8641624 2.8682320 2.8673351 2.8522202 2.7978045 2.7978045 3.0455624 3.2051885 
Daphi_LS484712_1_Daphi_LS484712.1_00095                       1.9640390 1.9158017 0.0000000 3.0604122 2.2888787 2.0487489 2.8623433 4.8023682 3.1850253 3.3706241 3.4849252 3.4849252 3.1988810 3.1954147 3.2216787 3.1954147 3.1988810 3.2338647 3.2216787 3.2338647 3.2125111 3.2694198 3.2031301 3.2031301 3.3669788 3.7217536 
Decap_MF599468_1_Decap_MF599468.1_00163                       2.2926223 2.3117840 3.0604122 0.0000000 2.4442394 2.4835811 2.9425694 4.1469634 2.6015363 2.9419235 3.2748324 3.2748324 3.3893131 3.3819657 3.3571451 3.3819657 3.3893131 3.3669875 3.3571451 3.3669875 3.3337994 3.3629600 3.3730380 3.3730380 3.1902147 3.4005750 
Irido_IIV31_HF920637_1_Irido_IIV31_HF920637.1_00059           1.8245678 1.8914669 2.2888787 2.4442394 0.0000000 0.5040216 2.0949779 4.2755839 2.4866040 2.9257108 3.0935263 3.0935263 2.9847018 2.9814385 2.9951199 2.9814385 2.9847018 2.9917851 2.9951199 2.9917851 2.9618641 3.0027297 2.9967725 2.9967725 3.0203658 3.2046542 
Irido_IIV6_AF303741_1_Irido_IIV6_AF303741.1_00047             1.8429697 1.8589288 2.0487489 2.4835811 0.5040216 0.0000000 1.9818654 4.4829815 2.7916497 3.1431679 3.2659907 3.2659907 3.0500340 3.0467495 3.0404504 3.0467495 3.0500340 3.0196108 3.0404504 3.0196108 3.0189723 3.0476534 3.0207346 3.0207346 2.9441138 3.2610046 
Irido_IIV6_AF303741_1_Irido_IIV6_AF303741.1_00200             2.6537250 2.6397102 2.8623433 2.9425694 2.0949779 1.9818654 0.0000000 4.0769371 3.1272155 3.4671222 3.9263224 3.9263224 3.9392025 3.9477988 3.9727480 3.9477988 3.9392025 3.9448656 3.9727480 3.9448656 3.9438222 4.0471053 3.9370767 3.9370767 4.1977426 4.3546622 
Lymph_LCD4_MN803438_1_Lymph_LCD4_MN803438.1_00056             4.3829697 4.2970791 4.8023682 4.1469634 4.2755839 4.4829815 4.0769371 0.0000000 2.1314860 2.2467031 4.9730036 4.9730036 4.6599131 4.6689010 4.7505106 4.6689010 4.6599131 4.7564606 4.7505106 4.7564606 4.7514139 4.7048446 4.7335932 4.7335932 4.7976787 4.4818555 
Lymph_LCD4_MN803438_1_Lymph_LCD4_MN803438.1_00101             2.4586236 2.5736902 3.1850253 2.6015363 2.4866040 2.7916497 3.1272155 2.1314860 0.0000000 0.7736361 3.0254305 3.0254305 3.2748694 3.2686333 3.3154185 3.2686333 3.2748694 3.3185428 3.3154185 3.3185428 3.3418041 3.3111922 3.3073334 3.3073334 2.6325167 2.6936272 
Lymph_LDV1_L63545_1_Lymph_LDV1_L63545.1_00035                 2.5253689 2.5371374 3.3706241 2.9419235 2.9257108 3.1431679 3.4671222 2.2467031 0.7736361 0.0000000 3.0838678 3.0838678 3.0781843 3.0861378 3.1358789 3.0861378 3.0781843 3.1364972 3.1358789 3.1364972 3.1615942 3.1470184 3.1310340 3.1310340 2.5549031 2.4518383 
MCV_ML1_SDDV_MN562489_1_MCV_ML1_SDDV_MN562489.1_00081         2.5601724 2.6992335 3.4849252 3.2748324 3.0935263 3.2659907 3.9263224 4.9730036 3.0254305 3.0838678 0.0000000 0.0000010 1.2024685 1.1986509 1.1979562 1.1986509 1.2024685 1.1974124 1.1979562 1.1974124 1.1958600 1.1898729 1.1817238 1.1817238 2.3732800 2.4557528 
MCV_ML1_SDDV_MT521409_1_MCV_ML1_SDDV_MT521409.1_00082         2.5601724 2.6992335 3.4849252 3.2748324 3.0935263 3.2659907 3.9263224 4.9730036 3.0254305 3.0838678 0.0000010 0.0000000 1.2024685 1.1986509 1.1979562 1.1986509 1.2024685 1.1974124 1.1979562 1.1974124 1.1958600 1.1898729 1.1817238 1.1817238 2.3732800 2.4557528 
MCV_MP1_BCFI_MN432490_1_MCV_MP1_BCFI_MN432490.1_00008         2.6611222 2.8214160 3.1988810 3.3893131 2.9847018 3.0500340 3.9392025 4.6599131 3.2748694 3.0781843 1.2024685 1.2024685 0.0000000 0.0020783 0.0253475 0.0020783 0.0000010 0.0296714 0.0253475 0.0296714 0.0296916 0.0254600 0.0190050 0.0190050 2.2923423 2.2220295 
MCV_MP1_BCFI_MT926123_1_MCV_MP1_BCFI_MT926123.1_00008         2.6553650 2.8287760 3.1954147 3.3819657 2.9814385 3.0467495 3.9477988 4.6689010 3.2686333 3.0861378 1.1986509 1.1986509 0.0020783 0.0000000 0.0232264 0.0000010 0.0020783 0.0275418 0.0232264 0.0275418 0.0275604 0.0233294 0.0168869 0.0168869 2.2868919 2.2166706 
MCV_MP1_GSPI_KT804738_1_MCV_MP1_GSPI_KT804738.1_00008         2.6753923 2.8641624 3.2216787 3.3571451 2.9951199 3.0404504 3.9727480 4.7505106 3.3154185 3.1358789 1.1979562 1.1979562 0.0253475 0.0232264 0.0000000 0.0232264 0.0253475 0.0041681 0.0000010 0.0041681 0.0041706 0.0232804 0.0233032 0.0233032 2.2911757 2.2307901 
MCV_MP1_ISKNV_AF371960_1_MCV_MP1_ISKNV_AF371960.1_00008       2.6553650 2.8287760 3.1954147 3.3819657 2.9814385 3.0467495 3.9477988 4.6689010 3.2686333 3.0861378 1.1986509 1.1986509 0.0020783 0.0000010 0.0232264 0.0000000 0.0020783 0.0275418 0.0232264 0.0275418 0.0275604 0.0233294 0.0168869 0.0168869 2.2868919 2.2166706 
MCV_MP1_LBUSV_OP009387_1_MCV_MP1_LBUSV_OP009387.1_00008       2.6611222 2.8214160 3.1988810 3.3893131 2.9847018 3.0500340 3.9392025 4.6599131 3.2748694 3.0781843 1.2024685 1.2024685 0.0000010 0.0020783 0.0253475 0.0020783 0.0000000 0.0296714 0.0253475 0.0296714 0.0296916 0.0254600 0.0190050 0.0190050 2.2923423 2.2220295 
MCV_MP1_LYCI_AY779031_1_MCV_MP1_LYCI_AY779031.1_00008         2.6792260 2.8682320 3.2338647 3.3669875 2.9917851 3.0196108 3.9448656 4.7564606 3.3185428 3.1364972 1.1974124 1.1974124 0.0296714 0.0275418 0.0041681 0.0275418 0.0296714 0.0000000 0.0041681 0.0000010 0.0083694 0.0276061 0.0276328 0.0276328 2.2924920 2.2359428 
MCV_MP1_LYCI_MW139932_1_MCV_MP1_LYCI_MW139932.1_00008         2.6753923 2.8641624 3.2216787 3.3571451 2.9951199 3.0404504 3.9727480 4.7505106 3.3154185 3.1358789 1.1979562 1.1979562 0.0253475 0.0232264 0.0000010 0.0232264 0.0253475 0.0041681 0.0000000 0.0041681 0.0041706 0.0232804 0.0233032 0.0233032 2.2911757 2.2307901 
MCV_MP1_PI_MK098185_1_MCV_MP1_PI_MK098185.1_00008             2.6792260 2.8682320 3.2338647 3.3669875 2.9917851 3.0196108 3.9448656 4.7564606 3.3185428 3.1364972 1.1974124 1.1974124 0.0296714 0.0275418 0.0041681 0.0275418 0.0296714 0.0000010 0.0041681 0.0000000 0.0083694 0.0276061 0.0276328 0.0276328 2.2924920 2.2359428 
MCV_MP1_RBIV_AY532606_1_MCV_MP1_RBIV_AY532606.1_00007         2.6781671 2.8673351 3.2125111 3.3337994 2.9618641 3.0189723 3.9438222 4.7514139 3.3418041 3.1615942 1.1958600 1.1958600 0.0296916 0.0275604 0.0041706 0.0275604 0.0296916 0.0083694 0.0041706 0.0083694 0.0000000 0.0276247 0.0276515 0.0276515 2.2930247 2.2425231 
MCV_MP1_TRBIV_GQ273492_1_MCV_MP1_TRBIV_GQ273492.1_00008       2.6696565 2.8522202 3.2694198 3.3629600 3.0027297 3.0476534 4.0471053 4.7048446 3.3111922 3.1470184 1.1898729 1.1898729 0.0254600 0.0233294 0.0232804 0.0233294 0.0254600 0.0276061 0.0232804 0.0276061 0.0276247 0.0000000 0.0169269 0.0169269 2.3173444 2.2628564 
MCV_Unclassified_MG570131_1_MCV_Unclassified_MG570131.1_00009 2.6263781 2.7978045 3.2031301 3.3730380 2.9967725 3.0207346 3.9370767 4.7335932 3.3073334 3.1310340 1.1817238 1.1817238 0.0190050 0.0168869 0.0233032 0.0168869 0.0190050 0.0276328 0.0233032 0.0276328 0.0276515 0.0169269 0.0000000 0.0000010 2.2860880 2.2241001 
MCV_Unclassified_MG570132_1_MCV_Unclassified_MG570132.1_00009 2.6263781 2.7978045 3.2031301 3.3730380 2.9967725 3.0207346 3.9370767 4.7335932 3.3073334 3.1310340 1.1817238 1.1817238 0.0190050 0.0168869 0.0233032 0.0168869 0.0190050 0.0276328 0.0233032 0.0276328 0.0276515 0.0169269 0.0000010 0.0000000 2.2860880 2.2241001 
Rana_FV3_NC_005946_1_Rana_FV3_NC_005946.1_00053               2.6350062 3.0455624 3.3669788 3.1902147 3.0203658 2.9441138 4.1977426 4.7976787 2.6325167 2.5549031 2.3732800 2.3732800 2.2923423 2.2868919 2.2911757 2.2868919 2.2923423 2.2924920 2.2911757 2.2924920 2.2930247 2.3173444 2.2860880 2.2860880 0.0000000 0.7285976 
Rana_SGIV_AY521625_1_Rana_SGIV_AY521625.1_00077               2.8406035 3.2051885 3.7217536 3.4005750 3.2046542 3.2610046 4.3546622 4.4818555 2.6936272 2.4518383 2.4557528 2.4557528 2.2220295 2.2166706 2.2307901 2.2166706 2.2220295 2.2359428 2.2307901 2.2359428 2.2425231 2.2628564 2.2241001 2.2241001 0.7285976 0.0000000 
