12
MK689686_Megalocytivirus_pagrus1_RSIV   0.0000000 0.1159541 0.5106411 0.5106411 0.0000010 0.5516088 0.4747130 0.5516088 0.1159541 0.5381152 0.4747130 0.5381152 
BD143114_Megalocytivirus_pagrus1_RSIV   0.1159541 0.0000000 0.5716470 0.5716470 0.1159541 0.6050727 0.4980310 0.6050727 0.0000010 0.5911887 0.4980310 0.5911887 
MW883596_Megalocytivirus_pagrus1_ISKNV  0.5106411 0.5716470 0.0000000 0.0000010 0.5106411 0.0627347 0.6397969 0.0627347 0.5716470 0.0536356 0.6397969 0.0536356 
NC_003494_Megalocytivirus_pagrus1_ISKNV 0.5106411 0.5716470 0.0000010 0.0000000 0.5106411 0.0627347 0.6397969 0.0627347 0.5716470 0.0536356 0.6397969 0.0536356 
MT798582_Megalocytivirus_pagrus1_RSIV   0.0000010 0.1159541 0.5106411 0.5106411 0.0000000 0.5516088 0.4747130 0.5516088 0.1159541 0.5381152 0.4747130 0.5381152 
MT986830_Megalocytivirus_pagrus1_ISKNV  0.5516088 0.6050727 0.0627347 0.0627347 0.5516088 0.0000000 0.6225064 0.0000010 0.6050727 0.0087524 0.6225064 0.0087524 
MG570132_Megalocytivirus_pagrus1_TRBIV  0.4747130 0.4980310 0.6397969 0.6397969 0.4747130 0.6225064 0.0000000 0.6225064 0.4980310 0.6082623 0.0000010 0.6082623 
PP974677_Megalocytivirus_pagrus1_ISKNV  0.5516088 0.6050727 0.0627347 0.0627347 0.5516088 0.0000010 0.6225064 0.0000000 0.6050727 0.0087524 0.6225064 0.0087524 
OL774654_Megalocytivirus_pagrus1_RSIV   0.1159541 0.0000010 0.5716470 0.5716470 0.1159541 0.6050727 0.4980310 0.6050727 0.0000000 0.5911887 0.4980310 0.5911887 
MN432490_Megalocytivirus_pagrus1_ISKNV  0.5381152 0.5911887 0.0536356 0.0536356 0.5381152 0.0087524 0.6082623 0.0087524 0.5911887 0.0000000 0.6082623 0.0000010 
MG570131_Megalocytivirus_pagrus1_TRBIV  0.4747130 0.4980310 0.6397969 0.6397969 0.4747130 0.6225064 0.0000010 0.6225064 0.4980310 0.6082623 0.0000000 0.6082623 
MW883595_Megalocytivirus_pagrus1_ISKNV  0.5381152 0.5911887 0.0536356 0.0536356 0.5381152 0.0087524 0.6082623 0.0087524 0.5911887 0.0000010 0.6082623 0.0000000 
