26
AF303741_AF303741.1_00063          0.0000000 3.7901460 3.7099267 3.7641756 3.6916347 3.5093289 1.2712997 0.9673673 3.7641756 1.3645203 3.0225719 2.9690641 2.7202854 3.7283993 3.7283993 3.6916347 3.7901460 3.8742834 3.7353777 3.0086136 3.7353777 3.7844495 3.5267358 3.3583458 3.5267358 3.8742834 
AF371960_AF371960.1_00034          3.7901460 0.0000000 3.5889189 0.0765815 0.0822181 0.0935429 2.6227928 3.9011734 0.0765815 2.7286393 3.7901936 4.4845325 3.8826497 0.1029897 0.1029897 0.0822181 0.0000010 0.0144310 1.3359069 3.6256621 1.3359069 0.0047662 0.0994294 3.2459744 0.0994294 0.0144310 
AY521625_AY521625.1_00059          3.7099267 3.5889189 0.0000000 3.5071769 3.4710048 3.4561916 3.3128269 3.8435537 3.5071769 3.3855669 2.2608157 3.6969829 2.4166014 3.5678458 3.5678458 3.4710048 3.5889189 3.6153268 3.7053195 2.2947031 3.7053195 3.6656005 3.4712363 1.2655323 3.4712363 3.6153268 
AY894343_MK689686.1_00032          3.7641756 0.0765815 3.5071769 0.0000000 0.0101719 0.1217032 2.5904589 3.8583094 0.0000010 2.7201297 3.8437758 4.5573041 3.8622907 0.1456901 0.1456901 0.0101719 0.0765815 0.0707847 1.2920131 3.6771533 1.2920131 0.0825167 0.1275761 3.3197637 0.1275761 0.0707847 
BD143114_MK689686.1_00032          3.6916347 0.0822181 3.4710048 0.0101719 0.0000000 0.1339529 2.5841937 3.8165612 0.0101719 2.7130955 3.7969085 4.5067203 3.8908249 0.1518307 0.1518307 0.0000010 0.0822181 0.0763817 1.2836839 3.6123839 1.2836839 0.0881977 0.1398646 3.2887105 0.1398646 0.0763817 
GQ273492_deoxyribonucleoside       3.5093289 0.0935429 3.4561916 0.1217032 0.1339529 0.0000000 2.6081190 3.9310503 0.1217032 2.6330334 3.6292746 4.2332144 3.9507844 0.0973709 0.0973709 0.1339529 0.0935429 0.0804610 1.2971224 3.4688693 1.2971224 0.0998809 0.0050081 3.2803383 0.0050081 0.0804610 
HF920633_HF920633.1_00158          1.2712997 2.6227928 3.3128269 2.5904589 2.5841937 2.6081190 0.0000000 1.4174742 2.5904589 0.4536820 3.3619176 2.2668554 2.5681613 2.7273056 2.7273056 2.5841937 2.6227928 2.6701381 2.7678535 3.4133328 2.7678535 2.6320345 2.6213421 3.4612239 2.6213421 2.6701381 
HF920637_HF920637.1_00073          0.9673673 3.9011734 3.8435537 3.8583094 3.8165612 3.9310503 1.4174742 0.0000000 3.8583094 1.3476197 3.1990086 2.8474547 2.9144041 4.1721930 4.1721930 3.8165612 3.9011734 3.9079961 3.3879795 3.0736891 3.3879795 3.8300646 3.9498335 3.6130346 3.9498335 3.9079961 
KC244182_MK689686.1_00032          3.7641756 0.0765815 3.5071769 0.0000010 0.0101719 0.1217032 2.5904589 3.8583094 0.0000000 2.7201297 3.8437758 4.5573041 3.8622907 0.1456901 0.1456901 0.0101719 0.0765815 0.0707847 1.2920131 3.6771533 1.2920131 0.0825167 0.1275761 3.3197637 0.1275761 0.0707847 
KF938901_KF938901.1_00123          1.3645203 2.7286393 3.3855669 2.7201297 2.7130955 2.6330334 0.4536820 1.3476197 2.7201297 0.0000000 3.0903174 2.3422103 2.7255537 2.7517288 2.7517288 2.7130955 2.7286393 2.8028119 2.7566428 3.2145853 2.7566428 2.7381841 2.6463998 3.2958501 2.6463998 2.8028119 
KX643370_Lymph_LDV3_KX643370_00040 3.0225719 3.7901936 2.2608157 3.8437758 3.7969085 3.6292746 3.3619176 3.1990086 3.8437758 3.0903174 0.0000000 3.5836095 2.3731848 3.7293722 3.7293722 3.7969085 3.7901936 3.8299711 3.4162232 0.1495522 3.4162232 3.7948837 3.6433536 2.3885739 3.6433536 3.8299711 
LS484712_LS484712.1_00240          2.9690641 4.4845325 3.6969829 4.5573041 4.5067203 4.2332144 2.2668554 2.8474547 4.5573041 2.3422103 3.5836095 0.0000000 2.5126656 4.3227306 4.3227306 4.5067203 4.4845325 4.5611580 4.0697461 3.7922124 4.0697461 4.5007987 4.2641021 4.2032418 4.2641021 4.5611580 
MF599468_MF599468.1_00035          2.7202854 3.8826497 2.4166014 3.8622907 3.8908249 3.9507844 2.5681613 2.9144041 3.8622907 2.7255537 2.3731848 2.5126656 0.0000000 3.8739079 3.8739079 3.8908249 3.8826497 3.9945299 3.2445470 2.2718213 3.2445470 3.9612090 3.9629055 2.7908852 3.9629055 3.9945299 
MG570131_MG570131.1_00034          3.7283993 0.1029897 3.5678458 0.1456901 0.1518307 0.0973709 2.7273056 4.1721930 0.1456901 2.7517288 3.7293722 4.3227306 3.8739079 0.0000000 0.0000010 0.1518307 0.1029897 0.0905654 1.4345331 3.5661711 1.4345331 0.1093493 0.1031617 3.3464482 0.1031617 0.0905654 
MG570132_MG570132.1_00034          3.7283993 0.1029897 3.5678458 0.1456901 0.1518307 0.0973709 2.7273056 4.1721930 0.1456901 2.7517288 3.7293722 4.3227306 3.8739079 0.0000010 0.0000000 0.1518307 0.1029897 0.0905654 1.4345331 3.5661711 1.4345331 0.1093493 0.1031617 3.3464482 0.1031617 0.0905654 
MK098185_MK689686.1_00032          3.6916347 0.0822181 3.4710048 0.0101719 0.0000010 0.1339529 2.5841937 3.8165612 0.0101719 2.7130955 3.7969085 4.5067203 3.8908249 0.1518307 0.1518307 0.0000000 0.0822181 0.0763817 1.2836839 3.6123839 1.2836839 0.0881977 0.1398646 3.2887105 0.1398646 0.0763817 
MK689685_AF371960.1_00034          3.7901460 0.0000010 3.5889189 0.0765815 0.0822181 0.0935429 2.6227928 3.9011734 0.0765815 2.7286393 3.7901936 4.4845325 3.8826497 0.1029897 0.1029897 0.0822181 0.0000000 0.0144310 1.3359069 3.6256621 1.3359069 0.0047662 0.0994294 3.2459744 0.0994294 0.0144310 
MN432490_AF371960.1_00034          3.8742834 0.0144310 3.6153268 0.0707847 0.0763817 0.0804610 2.6701381 3.9079961 0.0707847 2.8028119 3.8299711 4.5611580 3.9945299 0.0905654 0.0905654 0.0763817 0.0144310 0.0000000 1.3248129 3.6632253 1.3248129 0.0193370 0.0862421 3.2627606 0.0862421 0.0000010 
MN562489_OM037668.1_00124          3.7353777 1.3359069 3.7053195 1.2920131 1.2836839 1.2971224 2.7678535 3.3879795 1.2920131 2.7566428 3.4162232 4.0697461 3.2445470 1.4345331 1.4345331 1.2836839 1.3359069 1.3248129 0.0000000 3.1583150 0.0000010 1.3613610 1.2866090 3.0194123 1.2866090 1.3248129 
MN803438_MN803438.1_00035          3.0086136 3.6256621 2.2947031 3.6771533 3.6123839 3.4688693 3.4133328 3.0736891 3.6771533 3.2145853 0.1495522 3.7922124 2.2718213 3.5661711 3.5661711 3.6123839 3.6256621 3.6632253 3.1583150 0.0000000 3.1583150 3.6301334 3.4556222 2.2449193 3.4556222 3.6632253 
MT521409_OM037668.1_00124          3.7353777 1.3359069 3.7053195 1.2920131 1.2836839 1.2971224 2.7678535 3.3879795 1.2920131 2.7566428 3.4162232 4.0697461 3.2445470 1.4345331 1.4345331 1.2836839 1.3359069 1.3248129 0.0000010 3.1583150 0.0000000 1.3613610 1.2866090 3.0194123 1.2866090 1.3248129 
MT926123_AF371960.1_00034          3.7844495 0.0047662 3.6656005 0.0825167 0.0881977 0.0998809 2.6320345 3.8300646 0.0825167 2.7381841 3.7948837 4.5007987 3.9612090 0.1093493 0.1093493 0.0881977 0.0047662 0.0193370 1.3613610 3.6301334 1.3613610 0.0000000 0.1058031 3.2576528 0.1058031 0.0193370 
MW139932_MK689686.1_00032          3.5267358 0.0994294 3.4712363 0.1275761 0.1398646 0.0050081 2.6213421 3.9498335 0.1275761 2.6463998 3.6433536 4.2641021 3.9629055 0.1031617 0.1031617 0.1398646 0.0994294 0.0862421 1.2866090 3.4556222 1.2866090 0.1058031 0.0000000 3.2961689 0.0000010 0.0862421 
NC_005946_NC_005946.1_00087        3.3583458 3.2459744 1.2655323 3.3197637 3.2887105 3.2803383 3.4612239 3.6130346 3.3197637 3.2958501 2.3885739 4.2032418 2.7908852 3.3464482 3.3464482 3.2887105 3.2459744 3.2627606 3.0194123 2.2449193 3.0194123 3.2576528 3.2961689 0.0000000 3.2961689 3.2627606 
OK042108_MK689686.1_00032          3.5267358 0.0994294 3.4712363 0.1275761 0.1398646 0.0050081 2.6213421 3.9498335 0.1275761 2.6463998 3.6433536 4.2641021 3.9629055 0.1031617 0.1031617 0.1398646 0.0994294 0.0862421 1.2866090 3.4556222 1.2866090 0.1058031 0.0000010 3.2961689 0.0000000 0.0862421 
OP009387_AF371960.1_00034          3.8742834 0.0144310 3.6153268 0.0707847 0.0763817 0.0804610 2.6701381 3.9079961 0.0707847 2.8028119 3.8299711 4.5611580 3.9945299 0.0905654 0.0905654 0.0763817 0.0144310 0.0000010 1.3248129 3.6632253 1.3248129 0.0193370 0.0862421 3.2627606 0.0862421 0.0000000 
