17
KC244182_Megalocytivirus_pagrus1_RSIV                    0.0000000 0.0335417 0.0335417 0.0000010 0.0046767 0.9085837 0.0046767 0.0284368 0.0284368 0.3927807 0.9085837 0.0334318 0.0384950 0.0382374 0.0384530 0.0384950 0.0384207 
OQ513807_Megalocytivirus_pagrus1_ISKNV                   0.0335417 0.0000000 0.0000010 0.0335417 0.0286823 0.8939900 0.0286823 0.0047198 0.0047198 0.3874986 0.8939900 0.0338101 0.0046985 0.0337957 0.0388928 0.0046985 0.0046902 
MW883593_Megalocytivirus_pagrus1_ISKNV                   0.0335417 0.0000010 0.0000000 0.0335417 0.0286823 0.8939900 0.0286823 0.0047198 0.0047198 0.3874986 0.8939900 0.0338101 0.0046985 0.0337957 0.0388928 0.0046985 0.0046902 
KT804738_Megalocytivirus_pagrus1_RSIV                    0.0000010 0.0335417 0.0335417 0.0000000 0.0046767 0.9085837 0.0046767 0.0284368 0.0284368 0.3927807 0.9085837 0.0334318 0.0384950 0.0382374 0.0384530 0.0384950 0.0384207 
OL774655_Megalocytivirus_pagrus1_RSIV                    0.0046767 0.0286823 0.0286823 0.0046767 0.0000000 0.8978953 0.0000010 0.0236422 0.0236422 0.3855203 0.8978953 0.0285887 0.0336037 0.0333828 0.0335675 0.0336037 0.0335396 
MN562489_Megalocytivirus_lates1_SDDV                     0.9085837 0.8939900 0.8939900 0.9085837 0.8978953 0.0000000 0.8978953 0.9191967 0.9191967 1.0137003 0.0000010 0.8975593 0.8951751 0.9114983 0.9068429 0.8951751 0.9075452 
MK098187_Megalocytivirus_pagrus1_RSIV                    0.0046767 0.0286823 0.0286823 0.0046767 0.0000010 0.8978953 0.0000000 0.0236422 0.0236422 0.3855203 0.8978953 0.0285887 0.0336037 0.0333828 0.0335675 0.0336037 0.0335396 
MN432490_Megalocytivirus_pagrus1_ISKNV                   0.0284368 0.0047198 0.0047198 0.0284368 0.0236422 0.9191967 0.0236422 0.0000000 0.0000010 0.3788643 0.9191967 0.0286606 0.0094792 0.0286505 0.0336530 0.0094792 0.0094622 
MW883595_Megalocytivirus_pagrus1_ISKNV                   0.0284368 0.0047198 0.0047198 0.0284368 0.0236422 0.9191967 0.0236422 0.0000010 0.0000000 0.3788643 0.9191967 0.0286606 0.0094792 0.0286505 0.0336530 0.0094792 0.0094622 
PQ335173_PQ335174_Threespine_stickleback_iridovirus_TSIV 0.3927807 0.3874986 0.3874986 0.3927807 0.3855203 1.0137003 0.3855203 0.3788643 0.3788643 0.0000000 1.0137003 0.4015711 0.3965421 0.3994814 0.4116255 0.3965421 0.3953695 
MT521409_Megalocytivirus_lates1_SDDV                     0.9085837 0.8939900 0.8939900 0.9085837 0.8978953 0.0000010 0.8978953 0.9191967 0.9191967 1.0137003 0.0000000 0.8975593 0.8951751 0.9114983 0.9068429 0.8951751 0.9075452 
MG570131_Megalocytivirus_pagrus1_TRBIV                   0.0334318 0.0338101 0.0338101 0.0334318 0.0285887 0.8975593 0.0285887 0.0286606 0.0286606 0.4015711 0.8975593 0.0000000 0.0388060 0.0287829 0.0046848 0.0388060 0.0387304 
PP151097_Megalocytivirus_pagrus1_ISKNV                   0.0384950 0.0046985 0.0046985 0.0384950 0.0336037 0.8951751 0.0336037 0.0094792 0.0094792 0.3965421 0.8951751 0.0388060 0.0000000 0.0387868 0.0439438 0.0000010 0.0094192 
GQ273492_Megalocytivirus_pagrus1_TRBIV                   0.0382374 0.0337957 0.0337957 0.0382374 0.0333828 0.9114983 0.0333828 0.0286505 0.0286505 0.3994814 0.9114983 0.0287829 0.0387868 0.0000000 0.0337965 0.0387868 0.0387114 
MG570132_Megalocytivirus_pagrus1_TRBIV                   0.0384530 0.0388928 0.0388928 0.0384530 0.0335675 0.9068429 0.0335675 0.0336530 0.0336530 0.4116255 0.9068429 0.0046848 0.0439438 0.0337965 0.0000000 0.0439438 0.0438570 
PP974677_Megalocytivirus_pagrus1_ISKNV                   0.0384950 0.0046985 0.0046985 0.0384950 0.0336037 0.8951751 0.0336037 0.0094792 0.0094792 0.3965421 0.8951751 0.0388060 0.0000010 0.0387868 0.0439438 0.0000000 0.0094192 
MW883599_Megalocytivirus_pagrus1_ISKNV                   0.0384207 0.0046902 0.0046902 0.0384207 0.0335396 0.9075452 0.0335396 0.0094622 0.0094622 0.3953695 0.9075452 0.0387304 0.0094192 0.0387114 0.0438570 0.0094192 0.0000000 
