18
MK637631_European_chub_iridovirus_ECIV                   0.0000000 1.0013836 0.9963419 0.9963419 1.0013836 1.0069753 0.7944352 1.0069753 1.0101991 1.0101991 1.1485947 0.7944352 0.9933919 0.9974122 1.0341617 0.9914919 0.9974122 1.0105156 
KC244182_Megalocytivirus_pagrus1_RSIV                    1.0013836 0.0000000 0.0335406 0.0335406 0.0000010 0.0046767 0.9074184 0.0046767 0.0284364 0.0284364 0.3925419 0.9074184 0.0334310 0.0384933 0.0382367 0.0384517 0.0384933 0.0384193 
OQ513807_Megalocytivirus_pagrus1_ISKNV                   0.9963419 0.0335406 0.0000000 0.0000010 0.0335406 0.0286814 0.8928933 0.0286814 0.0047198 0.0047198 0.3872379 0.8928933 0.0338085 0.0046984 0.0337943 0.0388906 0.0046984 0.0046902 
MW883593_Megalocytivirus_pagrus1_ISKNV                   0.9963419 0.0335406 0.0000010 0.0000000 0.0335406 0.0286814 0.8928933 0.0286814 0.0047198 0.0047198 0.3872379 0.8928933 0.0338085 0.0046984 0.0337943 0.0388906 0.0046984 0.0046902 
KT804738_Megalocytivirus_pagrus1_RSIV                    1.0013836 0.0000010 0.0335406 0.0335406 0.0000000 0.0046767 0.9074184 0.0046767 0.0284364 0.0284364 0.3925419 0.9074184 0.0334310 0.0384933 0.0382367 0.0384517 0.0384933 0.0384193 
OL774655_Megalocytivirus_pagrus1_RSIV                    1.0069753 0.0046767 0.0286814 0.0286814 0.0046767 0.0000000 0.8967420 0.0000010 0.0236418 0.0236418 0.3852840 0.8967420 0.0285881 0.0336024 0.0333823 0.0335665 0.0336024 0.0335385 
MN562489_Megalocytivirus_lates1_SDDV                     0.7944352 0.9074184 0.8928933 0.8928933 0.9074184 0.8967420 0.0000000 0.8967420 0.9180257 0.9180257 1.0124523 0.0000010 0.8964309 0.8940801 0.9103370 0.9056807 0.8940801 0.9064208 
MK098187_Megalocytivirus_pagrus1_RSIV                    1.0069753 0.0046767 0.0286814 0.0286814 0.0046767 0.0000010 0.8967420 0.0000000 0.0236418 0.0236418 0.3852840 0.8967420 0.0285881 0.0336024 0.0333823 0.0335665 0.0336024 0.0335385 
MN432490_Megalocytivirus_pagrus1_ISKNV                   1.0101991 0.0284364 0.0047198 0.0047198 0.0284364 0.0236418 0.9180257 0.0236418 0.0000000 0.0000010 0.3786295 0.9180257 0.0286597 0.0094790 0.0286498 0.0336517 0.0094790 0.0094620 
MW883595_Megalocytivirus_pagrus1_ISKNV                   1.0101991 0.0284364 0.0047198 0.0047198 0.0284364 0.0236418 0.9180257 0.0236418 0.0000010 0.0000000 0.3786295 0.9180257 0.0286597 0.0094790 0.0286498 0.0336517 0.0094790 0.0094620 
PQ335173_PQ335174_Threespine_stickleback_iridovirus_TSIV 1.1485947 0.3925419 0.3872379 0.3872379 0.3925419 0.3852840 1.0124523 0.3852840 0.3786295 0.3786295 0.0000000 1.0124523 0.4013200 0.3962724 0.3992446 0.4113641 0.3962724 0.3951051 
MT521409_Megalocytivirus_lates1_SDDV                     0.7944352 0.9074184 0.8928933 0.8928933 0.9074184 0.8967420 0.0000010 0.8967420 0.9180257 0.9180257 1.0124523 0.0000000 0.8964309 0.8940801 0.9103370 0.9056807 0.8940801 0.9064208 
MG570131_Megalocytivirus_pagrus1_TRBIV                   0.9933919 0.0334310 0.0338085 0.0338085 0.0334310 0.0285881 0.8964309 0.0285881 0.0286597 0.0286597 0.4013200 0.8964309 0.0000000 0.0388038 0.0287812 0.0046848 0.0388038 0.0387286 
PP151097_Megalocytivirus_pagrus1_ISKNV                   0.9974122 0.0384933 0.0046984 0.0046984 0.0384933 0.0336024 0.8940801 0.0336024 0.0094790 0.0094790 0.3962724 0.8940801 0.0388038 0.0000000 0.0387849 0.0439410 0.0000010 0.0094191 
GQ273492_Megalocytivirus_pagrus1_TRBIV                   1.0341617 0.0382367 0.0337943 0.0337943 0.0382367 0.0333823 0.9103370 0.0333823 0.0286498 0.0286498 0.3992446 0.9103370 0.0287812 0.0387849 0.0000000 0.0337951 0.0387849 0.0387098 
MG570132_Megalocytivirus_pagrus1_TRBIV                   0.9914919 0.0384517 0.0388906 0.0388906 0.0384517 0.0335665 0.9056807 0.0335665 0.0336517 0.0336517 0.4113641 0.9056807 0.0046848 0.0439410 0.0337951 0.0000000 0.0439410 0.0438545 
PP974677_Megalocytivirus_pagrus1_ISKNV                   0.9974122 0.0384933 0.0046984 0.0046984 0.0384933 0.0336024 0.8940801 0.0336024 0.0094790 0.0094790 0.3962724 0.8940801 0.0388038 0.0000010 0.0387849 0.0439410 0.0000000 0.0094191 
MW883599_Megalocytivirus_pagrus1_ISKNV                   1.0105156 0.0384193 0.0046902 0.0046902 0.0384193 0.0335385 0.9064208 0.0335385 0.0094620 0.0094620 0.3951051 0.9064208 0.0387286 0.0094191 0.0387098 0.0438545 0.0094191 0.0000000 
