29
AF303741_AF303741.1_00132          0.0000000 3.7813552 3.9941025 3.8254454 3.7694034 3.2090896 0.8809982 3.8407921 3.3055078 3.8254454 3.2383439 4.0506979 2.6871654 3.7704532 3.7704532 3.8039921 3.8039921 3.7813552 3.7357084 3.7315000 3.1048528 3.7315000 3.7357084 3.7806032 3.7054833 3.7806032 3.7186954 3.8254454 3.7611788 
AF371960_AF371960.1_00078          3.7813552 0.0000000 3.2299296 0.0412031 0.0518183 3.9152431 3.6690341 0.0467969 4.1798306 0.0412031 3.0211539 3.9191104 3.3497968 0.0551655 0.0551655 0.0368784 0.0368784 0.0000010 0.0082127 1.5171970 2.9360691 1.5171970 0.0082127 0.0441688 2.9629580 0.0441688 1.5200477 0.0423092 0.0442340 
AY521625_AY521625.1_00051          3.9941025 3.2299296 0.0000000 3.2379169 3.1727240 4.3156143 3.8265725 3.2457609 4.3167880 3.2379169 2.2503923 4.2589022 2.9393946 3.1962815 3.1962815 3.2605078 3.2605078 3.2299296 3.2292283 3.4799639 2.2603162 3.4799639 3.2292283 3.2237486 0.7831466 3.2237486 3.4799639 3.2379169 3.2135316 
AY894343_MK689686.1_00074          3.8254454 0.0412031 3.2379169 0.0000000 0.0474472 3.8908947 3.7116299 0.0051383 4.1579562 0.0000010 2.9824524 3.9499961 3.3906436 0.0552064 0.0552064 0.0102703 0.0102703 0.0412031 0.0390319 1.5288104 2.8882255 1.5288104 0.0390319 0.0206521 2.9439351 0.0206521 1.5316776 0.0010214 0.0227699 
GQ273492_GQ273492.1_00073          3.7694034 0.0518183 3.1727240 0.0474472 0.0000000 3.8328890 3.6560670 0.0530777 4.0960277 0.0474472 3.0038053 3.9283972 3.3937697 0.0400420 0.0400420 0.0464048 0.0464048 0.0518183 0.0474796 1.5208941 2.8954460 1.5208941 0.0474796 0.0313472 2.8960185 0.0313472 1.5237564 0.0485596 0.0313436 
HF920633_HF920633.1_00025          3.2090896 3.9152431 4.3156143 3.8908947 3.8328890 0.0000000 3.3755211 3.8772498 0.9294787 3.8908947 3.3745998 3.6752853 3.1660428 3.8508355 3.8508355 3.9267199 3.9267199 3.9152431 3.8878727 4.1781410 3.4026529 4.1781410 3.8878727 3.9012083 4.2967316 3.9012083 4.1828231 3.8908947 3.8951493 
HF920637_HF920637.1_00121          0.8809982 3.6690341 3.8265725 3.7116299 3.6560670 3.3755211 0.0000000 3.7219900 3.3733573 3.7116299 3.3168037 4.1312523 2.7868690 3.6748165 3.6748165 3.7272906 3.7272906 3.6690341 3.6403280 3.7552662 3.3612246 3.7552662 3.6403280 3.6678149 3.8349462 3.6678149 3.7593921 3.7116299 3.6602132 
KC244182_MK689686.1_00074          3.8407921 0.0467969 3.2457609 0.0051383 0.0530777 3.8772498 3.7219900 0.0000000 4.1550768 0.0051383 3.0021360 3.9430786 3.3867320 0.0609270 0.0609270 0.0155092 0.0155092 0.0467969 0.0446030 1.5569660 2.9090483 1.5569660 0.0446030 0.0259891 2.9405418 0.0259891 1.5598752 0.0061733 0.0281334 
KF938901_KF938901.1_00072          3.3055078 4.1798306 4.3167880 4.1579562 4.0960277 0.9294787 3.3733573 4.1550768 0.0000000 4.1579562 3.4765282 4.0563411 3.3889698 4.1126752 4.1126752 4.1747448 4.1747448 4.1798306 4.1472610 3.8675742 3.4661096 3.8675742 4.1472610 4.1407741 4.4274782 4.1407741 3.8750904 4.1579562 4.1384917 
KT804738_MK689686.1_00074          3.8254454 0.0412031 3.2379169 0.0000010 0.0474472 3.8908947 3.7116299 0.0051383 4.1579562 0.0000000 2.9824524 3.9499961 3.3906436 0.0552064 0.0552064 0.0102703 0.0102703 0.0412031 0.0390319 1.5288104 2.8882255 1.5288104 0.0390319 0.0206521 2.9439351 0.0206521 1.5316776 0.0010214 0.0227699 
KX643370_Lymph_LDV3_KX643370_00004 3.2383439 3.0211539 2.2503923 2.9824524 3.0038053 3.3745998 3.3168037 3.0021360 3.4765282 2.9824524 0.0000000 4.2753942 2.1444320 3.0233187 3.0233187 2.9651544 2.9651544 3.0211539 3.0106681 3.0014305 0.2151705 3.0014305 3.0106681 2.9809180 2.3395035 2.9809180 3.0069149 2.9824524 2.9860992 
LS484712_LS484712.1_00040          4.0506979 3.9191104 4.2589022 3.9499961 3.9283972 3.6752853 4.1312523 3.9430786 4.0563411 3.9499961 4.2753942 0.0000000 3.5646699 3.9305422 3.9305422 3.9517069 3.9517069 3.9191104 3.8859353 4.8172562 4.2169728 4.8172562 3.8859353 3.9180076 4.6011119 3.9180076 4.8172562 3.9499961 3.9433449 
MF599468_MF599468.1_00010          2.6871654 3.3497968 2.9393946 3.3906436 3.3937697 3.1660428 2.7868690 3.3867320 3.3889698 3.3906436 2.1444320 3.5646699 0.0000000 3.3456914 3.3456914 3.3889200 3.3889200 3.3497968 3.3334854 3.1857953 2.1174852 3.1857953 3.3334854 3.3720397 2.9117049 3.3720397 3.1834358 3.3906436 3.3638952 
MG570131_MG570131.1_00073          3.7704532 0.0551655 3.1962815 0.0552064 0.0400420 3.8508355 3.6748165 0.0609270 4.1126752 0.0552064 3.0233187 3.9305422 3.3456914 0.0000000 0.0000010 0.0530526 0.0530526 0.0551655 0.0508058 1.5209520 2.9299328 1.5209520 0.0508058 0.0453606 2.9189718 0.0453606 1.5238129 0.0563354 0.0465234 
MG570132_MG570132.1_00073          3.7704532 0.0551655 3.1962815 0.0552064 0.0400420 3.8508355 3.6748165 0.0609270 4.1126752 0.0552064 3.0233187 3.9305422 3.3456914 0.0000010 0.0000000 0.0530526 0.0530526 0.0551655 0.0508058 1.5209520 2.9299328 1.5209520 0.0508058 0.0453606 2.9189718 0.0453606 1.5238129 0.0563354 0.0465234 
MK098185_MK689686.1_00074          3.8039921 0.0368784 3.2605078 0.0102703 0.0464048 3.9267199 3.7272906 0.0155092 4.1747448 0.0102703 2.9651544 3.9517069 3.3889200 0.0530526 0.0530526 0.0000000 0.0000010 0.0368784 0.0369022 1.5225389 2.8730657 1.5225389 0.0369022 0.0144079 2.9591754 0.0144079 1.5254003 0.0113108 0.0165043 
MK098186_MK689686.1_00074          3.8039921 0.0368784 3.2605078 0.0102703 0.0464048 3.9267199 3.7272906 0.0155092 4.1747448 0.0102703 2.9651544 3.9517069 3.3889200 0.0530526 0.0530526 0.0000010 0.0000000 0.0368784 0.0369022 1.5225389 2.8730657 1.5225389 0.0369022 0.0144079 2.9591754 0.0144079 1.5254003 0.0113108 0.0165043 
MK689685_AF371960.1_00078          3.7813552 0.0000010 3.2299296 0.0412031 0.0518183 3.9152431 3.6690341 0.0467969 4.1798306 0.0412031 3.0211539 3.9191104 3.3497968 0.0551655 0.0551655 0.0368784 0.0368784 0.0000000 0.0082127 1.5171970 2.9360691 1.5171970 0.0082127 0.0441688 2.9629580 0.0441688 1.5200477 0.0423092 0.0442340 
MN432490_AF371960.1_00078          3.7357084 0.0082127 3.2292283 0.0390319 0.0474796 3.8878727 3.6403280 0.0446030 4.1472610 0.0390319 3.0106681 3.8859353 3.3334854 0.0508058 0.0508058 0.0369022 0.0369022 0.0082127 0.0000000 1.5066707 2.9227173 1.5066707 0.0000010 0.0420008 2.9440882 0.0420008 1.5095119 0.0401339 0.0420627 
MN562489_OM037668.1_00021          3.7315000 1.5171970 3.4799639 1.5288104 1.5208941 4.1781410 3.7552662 1.5569660 3.8675742 1.5288104 3.0014305 4.8172562 3.1857953 1.5209520 1.5209520 1.5225389 1.5225389 1.5171970 1.5066707 0.0000000 2.9658610 0.0000010 1.5066707 1.5102872 3.3405972 1.5102872 0.0010402 1.5288104 1.5152985 
MN803438_MN803438.1_00142          3.1048528 2.9360691 2.2603162 2.8882255 2.8954460 3.4026529 3.3612246 2.9090483 3.4661096 2.8882255 0.2151705 4.2169728 2.1174852 2.9299328 2.9299328 2.8730657 2.8730657 2.9360691 2.9227173 2.9658610 0.0000000 2.9658610 2.9227173 2.8672785 2.3502680 2.8672785 2.9712651 2.8882255 2.8722371 
MT521409_OM037668.1_00021          3.7315000 1.5171970 3.4799639 1.5288104 1.5208941 4.1781410 3.7552662 1.5569660 3.8675742 1.5288104 3.0014305 4.8172562 3.1857953 1.5209520 1.5209520 1.5225389 1.5225389 1.5171970 1.5066707 0.0000010 2.9658610 0.0000000 1.5066707 1.5102872 3.3405972 1.5102872 0.0010402 1.5288104 1.5152985 
MT986830_AF371960.1_00078          3.7357084 0.0082127 3.2292283 0.0390319 0.0474796 3.8878727 3.6403280 0.0446030 4.1472610 0.0390319 3.0106681 3.8859353 3.3334854 0.0508058 0.0508058 0.0369022 0.0369022 0.0082127 0.0000010 1.5066707 2.9227173 1.5066707 0.0000000 0.0420008 2.9440882 0.0420008 1.5095119 0.0401339 0.0420627 
MW139932_MK689686.1_00074          3.7806032 0.0441688 3.2237486 0.0206521 0.0313472 3.9012083 3.6678149 0.0259891 4.1407741 0.0206521 2.9809180 3.9180076 3.3720397 0.0453606 0.0453606 0.0144079 0.0144079 0.0441688 0.0420008 1.5102872 2.8672785 1.5102872 0.0420008 0.0000000 2.9332057 0.0000010 1.5131352 0.0217105 0.0061429 
NC_005946_NC_005946.1_00042        3.7054833 2.9629580 0.7831466 2.9439351 2.8960185 4.2967316 3.8349462 2.9405418 4.4274782 2.9439351 2.3395035 4.6011119 2.9117049 2.9189718 2.9189718 2.9591754 2.9591754 2.9629580 2.9440882 3.3405972 2.3502680 3.3405972 2.9440882 2.9332057 0.0000000 2.9332057 3.3499524 2.9439351 2.9195128 
OL774653_MK689686.1_00074          3.7806032 0.0441688 3.2237486 0.0206521 0.0313472 3.9012083 3.6678149 0.0259891 4.1407741 0.0206521 2.9809180 3.9180076 3.3720397 0.0453606 0.0453606 0.0144079 0.0144079 0.0441688 0.0420008 1.5102872 2.8672785 1.5102872 0.0420008 0.0000010 2.9332057 0.0000000 1.5131352 0.0217105 0.0061429 
OM037668_OM037668.1_00021          3.7186954 1.5200477 3.4799639 1.5316776 1.5237564 4.1828231 3.7593921 1.5598752 3.8750904 1.5316776 3.0069149 4.8172562 3.1834358 1.5238129 1.5238129 1.5254003 1.5254003 1.5200477 1.5095119 0.0010402 2.9712651 0.0010402 1.5095119 1.5131352 3.3499524 1.5131352 0.0000000 1.5316776 1.5181520 
ON740976_MK689686.1_00074          3.8254454 0.0423092 3.2379169 0.0010214 0.0485596 3.8908947 3.7116299 0.0061733 4.1579562 0.0010214 2.9824524 3.9499961 3.3906436 0.0563354 0.0563354 0.0113108 0.0113108 0.0423092 0.0401339 1.5288104 2.8882255 1.5288104 0.0401339 0.0217105 2.9439351 0.0217105 1.5316776 0.0000000 0.0238332 
OQ475017_OQ475017.1_00073          3.7611788 0.0442340 3.2135316 0.0227699 0.0313436 3.8951493 3.6602132 0.0281334 4.1384917 0.0227699 2.9860992 3.9433449 3.3638952 0.0465234 0.0465234 0.0165043 0.0165043 0.0442340 0.0420627 1.5152985 2.8722371 1.5152985 0.0420627 0.0061429 2.9195128 0.0061429 1.5181520 0.0238332 0.0000000 
