10
19_29      0.0000000 0.0000010 0.0072237 0.0274555 0.0274555 0.0771319 0.0145675 0.0000010 0.1189414 0.0000010 
20_47      0.0000010 0.0000000 0.0072237 0.0274555 0.0274555 0.0771319 0.0145675 0.0000010 0.1189414 0.0000010 
24_29      0.0072237 0.0072237 0.0000000 0.0367841 0.0367841 0.0860938 0.0219399 0.0086081 0.1189414 0.0000010 
25_26      0.0274555 0.0274555 0.0367841 0.0000000 0.0000010 0.1222887 0.0182135 0.0289139 0.1378805 0.0138969 
26_29      0.0274555 0.0274555 0.0367841 0.0000010 0.0000000 0.1222887 0.0182135 0.0289139 0.1378805 0.0138969 
32_48      0.0771319 0.0771319 0.0860938 0.1222887 0.1222887 0.0000000 0.0956934 0.0882068 0.1536283 0.1050182 
34_26      0.0145675 0.0145675 0.0219399 0.0182135 0.0182135 0.0956934 0.0000000 0.0086295 0.1378805 0.0127278 
35_27      0.0000010 0.0000010 0.0086081 0.0289139 0.0289139 0.0882068 0.0086295 0.0000000 0.1312360 0.0000010 
41_27      0.1189414 0.1189414 0.1189414 0.1378805 0.1378805 0.1536283 0.1378805 0.1312360 0.0000000 0.1690161 
42_104     0.0000010 0.0000010 0.0000010 0.0138969 0.0138969 0.1050182 0.0127278 0.0000010 0.1690161 0.0000000 
