12
8_93       0.0000000 0.0000010 4.0256225 3.7711648 4.0256225 4.9545152 4.0731111 4.0731111 4.4803869 4.4803869 3.8868175 3.4191905 
9_94       0.0000010 0.0000000 4.0256225 3.7711648 4.0256225 4.9545152 4.0731111 4.0731111 4.4803869 4.4803869 3.8868175 3.4191905 
12_21      4.0256225 4.0256225 0.0000000 0.0704276 0.0000010 0.1357954 0.0844141 0.0844141 0.1382935 0.1382935 0.0626360 0.1804034 
13_20      3.7711648 3.7711648 0.0704276 0.0000000 0.0704276 0.1798793 0.1178086 0.1178086 0.1761098 0.1761098 0.1782969 0.2222981 
17_21      4.0256225 4.0256225 0.0000010 0.0704276 0.0000000 0.1357954 0.0844141 0.0844141 0.1382935 0.1382935 0.0626360 0.1804034 
18_21      4.9545152 4.9545152 0.1357954 0.1798793 0.1357954 0.0000000 0.0560254 0.0560254 0.1051908 0.1051908 0.1605918 0.3082235 
19_21      4.0731111 4.0731111 0.0844141 0.1178086 0.0844141 0.0560254 0.0000000 0.0000010 0.0323159 0.0323159 0.0547442 0.1774008 
20_37      4.0731111 4.0731111 0.0844141 0.1178086 0.0844141 0.0560254 0.0000010 0.0000000 0.0323159 0.0323159 0.0547442 0.1774008 
25_20      4.4803869 4.4803869 0.1382935 0.1761098 0.1382935 0.1051908 0.0323159 0.0323159 0.0000000 0.0000010 0.1126814 0.1774008 
26_20      4.4803869 4.4803869 0.1382935 0.1761098 0.1382935 0.1051908 0.0323159 0.0323159 0.0000010 0.0000000 0.1126814 0.1774008 
33_54      3.8868175 3.8868175 0.0626360 0.1782969 0.0626360 0.1605918 0.0547442 0.0547442 0.1126814 0.1126814 0.0000000 0.1509160 
38_20      3.4191905 3.4191905 0.1804034 0.2222981 0.1804034 0.3082235 0.1774008 0.1774008 0.1774008 0.1774008 0.1509160 0.0000000 
