17
2_1        0.0000000 1.4018139 1.4018139 1.3288422 1.1285885 1.7367837 1.4018139 1.3519122 1.3288422 1.3288422 1.3288422 1.3288422 1.3288422 1.3390987 1.3689194 1.3689194 1.6445268 
12_66      1.4018139 0.0000000 0.0249419 0.1167721 0.0252777 0.0250793 0.0000010 0.1289927 0.1167721 0.1259045 0.1259045 0.1138046 0.1198010 0.1343322 0.1460483 0.1460483 0.1261602 
13_68      1.4018139 0.0249419 0.0000000 0.1286844 0.0041686 0.0031031 0.0249419 0.1409722 0.1286844 0.1378607 0.1378607 0.1257045 0.1317313 0.1464481 0.1644537 0.1644537 0.1397381 
14_63      1.3288422 0.1167721 0.1286844 0.0000000 0.1633294 0.1363502 0.1167721 0.0649879 0.0000010 0.0620884 0.0620884 0.0027388 0.0027367 0.1250169 0.1456455 0.1456455 0.0000010 
15_67      1.1285885 0.0252777 0.0041686 0.1633294 0.0000000 0.0000010 0.0252777 0.1633674 0.1633294 0.1633674 0.1633674 0.1586830 0.1681066 0.1601745 0.1840946 0.1840946 0.1633294 
16_64      1.7367837 0.0250793 0.0031031 0.1363502 0.0000010 0.0000000 0.0250793 0.1503621 0.1363502 0.1468064 0.1468064 0.1329567 0.1398244 0.1416778 0.1653904 0.1653904 0.1363502 
17_66      1.4018139 0.0000010 0.0249419 0.1167721 0.0252777 0.0250793 0.0000000 0.1289927 0.1167721 0.1259045 0.1259045 0.1138046 0.1198010 0.1343322 0.1460483 0.1460483 0.1261602 
18_71      1.3519122 0.1289927 0.1409722 0.0649879 0.1633674 0.1503621 0.1289927 0.0000000 0.0649879 0.0027385 0.0027385 0.0679284 0.0678743 0.1203289 0.1380618 0.1380618 0.0737162 
19_68      1.3288422 0.1167721 0.1286844 0.0000010 0.1633294 0.1363502 0.1167721 0.0649879 0.0000000 0.0620884 0.0620884 0.0027388 0.0027367 0.1250169 0.1456455 0.1456455 0.0000010 
24_67      1.3288422 0.1259045 0.1378607 0.0620884 0.1633674 0.1468064 0.1259045 0.0027385 0.0620884 0.0000000 0.0000010 0.0650203 0.0649686 0.1172461 0.1349505 0.1349505 0.0704150 
25_64      1.3288422 0.1259045 0.1378607 0.0620884 0.1633674 0.1468064 0.1259045 0.0027385 0.0620884 0.0000010 0.0000000 0.0650203 0.0649686 0.1172461 0.1349505 0.1349505 0.0704150 
27_68      1.3288422 0.1138046 0.1257045 0.0027388 0.1586830 0.1329567 0.1138046 0.0679284 0.0027388 0.0650203 0.0650203 0.0000000 0.0054824 0.1282155 0.1426125 0.1426125 0.0030933 
33_9       1.3288422 0.1198010 0.1317313 0.0027367 0.1681066 0.1398244 0.1198010 0.0678743 0.0027367 0.0649686 0.0649686 0.0054824 0.0000000 0.1281076 0.1487538 0.1487538 0.0030906 
38_65      1.3390987 0.1343322 0.1464481 0.1250169 0.1601745 0.1416778 0.1343322 0.1203289 0.1250169 0.1172461 0.1172461 0.1282155 0.1281076 0.0000000 0.0743288 0.0743288 0.1278687 
39_65      1.3689194 0.1460483 0.1644537 0.1456455 0.1840946 0.1653904 0.1460483 0.1380618 0.1456455 0.1349505 0.1349505 0.1426125 0.1487538 0.0743288 0.0000000 0.0000010 0.1545597 
40_65      1.3689194 0.1460483 0.1644537 0.1456455 0.1840946 0.1653904 0.1460483 0.1380618 0.1456455 0.1349505 0.1349505 0.1426125 0.1487538 0.0743288 0.0000010 0.0000000 0.1545597 
42_30      1.6445268 0.1261602 0.1397381 0.0000010 0.1633294 0.1363502 0.1261602 0.0737162 0.0000010 0.0704150 0.0704150 0.0030933 0.0030906 0.1278687 0.1545597 0.1545597 0.0000000 
