7
3_46       0.0000000 1.1247218 1.6023600 1.6020338 1.1372891 1.6446083 1.3345953 
3_48       1.1247218 0.0000000 1.5470797 1.4899813 1.1349717 1.3715497 1.3453443 
3_117      1.6023600 1.5470797 0.0000000 1.5541260 1.4605894 1.7886444 1.2817139 
3_118      1.6020338 1.4899813 1.5541260 0.0000000 1.4903881 1.6968639 1.4942453 
3_156      1.1372891 1.1349717 1.4605894 1.4903881 0.0000000 1.3093092 1.4458528 
3_157      1.6446083 1.3715497 1.7886444 1.6968639 1.3093092 0.0000000 1.6626618 
3_158      1.3345953 1.3453443 1.2817139 1.4942453 1.4458528 1.6626618 0.0000000 
