6
0_127      0.0000000 1.1062776 3.0733785 2.1070814 2.1032949 1.9981341 
1_168      1.1062776 0.0000000 3.4354202 1.9245908 2.1272852 2.0924686 
2_211      3.0733785 3.4354202 0.0000000 3.5516462 3.7609216 3.8692291 
3_66       2.1070814 1.9245908 3.5516462 0.0000000 2.3026644 2.2320856 
4_119      2.1032949 2.1272852 3.7609216 2.3026644 0.0000000 1.2248288 
5_90       1.9981341 2.0924686 3.8692291 2.2320856 1.2248288 0.0000000 
