13
12_8       0.0000000 0.0181949 0.2357499 0.0181949 0.0000010 0.2446676 0.2357499 0.2446676 0.2314262 0.3286194 0.3226524 0.3078698 0.2403841 
13_8       0.0181949 0.0000000 0.2215859 0.0000010 0.0181949 0.2303362 0.2215859 0.2303362 0.2172996 0.3230819 0.3166474 0.3019792 0.2261586 
14_8       0.2357499 0.2215859 0.0000000 0.2215859 0.2357499 0.0861707 0.0000010 0.0861707 0.0035744 0.2573522 0.2246735 0.2116940 0.0035827 
15_8       0.0181949 0.0000010 0.2215859 0.0000000 0.0181949 0.2303362 0.2215859 0.2303362 0.2172996 0.3230819 0.3166474 0.3019792 0.2261586 
17_8       0.0000010 0.0181949 0.2357499 0.0181949 0.0000000 0.2446676 0.2357499 0.2446676 0.2314262 0.3286194 0.3226524 0.3078698 0.2403841 
18_8       0.2446676 0.2303362 0.0861707 0.2303362 0.2446676 0.0000000 0.0861707 0.0000010 0.0823130 0.2686608 0.2355445 0.2219078 0.0901281 
19_8       0.2357499 0.2215859 0.0000010 0.2215859 0.2357499 0.0861707 0.0000000 0.0861707 0.0035744 0.2573522 0.2246735 0.2116940 0.0035827 
24_8       0.2446676 0.2303362 0.0861707 0.2303362 0.2446676 0.0000010 0.0861707 0.0000000 0.0823130 0.2686608 0.2355445 0.2219078 0.0901281 
27_7       0.2314262 0.2172996 0.0035744 0.2172996 0.2314262 0.0823130 0.0035744 0.0823130 0.0000000 0.2562144 0.2204113 0.2074865 0.0071657 
38_8       0.3286194 0.3230819 0.2573522 0.3230819 0.3286194 0.2686608 0.2573522 0.2686608 0.2562144 0.0000000 0.1039869 0.0920190 0.2620115 
39_9       0.3226524 0.3166474 0.2246735 0.3166474 0.3226524 0.2355445 0.2246735 0.2355445 0.2204113 0.1039869 0.0000000 0.0108148 0.2292251 
40_9       0.3078698 0.3019792 0.2116940 0.3019792 0.3078698 0.2219078 0.2116940 0.2219078 0.2074865 0.0920190 0.0108148 0.0000000 0.2161687 
42_16      0.2403841 0.2261586 0.0035827 0.2261586 0.2403841 0.0901281 0.0035827 0.0901281 0.0071657 0.2620115 0.2292251 0.2161687 0.0000000 
