23
0_123      0.0000000 0.5892979 2.4385255 2.3794108 1.6099309 1.5689065 3.2932012 3.4389458 3.4732870 3.4732870 4.0743835 4.1243200 4.0305678 4.1243200 4.0743835 4.0303078 4.0303078 4.0305678 3.9447669 4.0511942 4.0511942 4.0729987 4.8125465 
1_96       0.5892979 0.0000000 2.3022180 2.1527415 1.6248977 1.7608619 2.6210526 3.2698433 3.1486532 3.1486532 3.8360157 3.9845326 3.7158378 3.9845326 3.8360157 3.8021998 3.8021998 3.7158378 3.8770088 3.8920725 3.8920725 4.1785100 4.3727228 
2_95       2.4385255 2.3022180 0.0000000 2.4782934 2.7469924 3.1113164 3.2555850 2.9355898 3.6178855 3.6178855 3.7545114 3.8370299 3.6662783 3.8370299 3.7545114 3.6838864 3.6838864 3.6662783 3.6412057 3.5343682 3.5343682 3.8892985 4.7054611 
3_115      2.3794108 2.1527415 2.4782934 0.0000000 1.6397235 1.6777327 2.3520071 2.5734637 3.0155515 3.0155515 3.3951138 3.3093044 3.3500513 3.3093044 3.3951138 3.3388817 3.3388817 3.3500513 3.1691835 3.1961732 3.1961732 3.4566745 3.8353672 
4_40       1.6099309 1.6248977 2.7469924 1.6397235 0.0000000 0.4414962 2.3214573 2.5916961 2.7762129 2.7762129 2.9854394 2.9697423 2.9164331 2.9697423 2.9854394 2.9242932 2.9242932 2.9164331 3.0553885 2.9339498 2.9339498 3.3610809 3.5669784 
5_157      1.5689065 1.7608619 3.1113164 1.6777327 0.4414962 0.0000000 2.5241374 2.5337142 2.8603164 2.8603164 3.1157856 3.1186811 3.0691438 3.1186811 3.1157856 3.0772255 3.0772255 3.0691438 3.1576775 3.1012103 3.1012103 3.5698075 3.8847008 
6_88       3.2932012 2.6210526 3.2555850 2.3520071 2.3214573 2.5241374 0.0000000 0.6114206 2.3001718 2.3001718 2.6534714 2.6387663 2.5734772 2.6387663 2.6534714 2.5992842 2.5992842 2.5734772 2.6440432 2.5479816 2.5479816 2.3206591 2.8459749 
7_42       3.4389458 3.2698433 2.9355898 2.5734637 2.5916961 2.5337142 0.6114206 0.0000000 2.1504246 2.1504246 2.4392462 2.3714843 2.4129908 2.3714843 2.4392462 2.3840564 2.3840564 2.4129908 2.3912434 2.3461212 2.3461212 1.8252010 2.5620948 
8_122      3.4732870 3.1486532 3.6178855 3.0155515 2.7762129 2.8603164 2.3001718 2.1504246 0.0000000 0.0000010 1.2010262 1.2069177 1.1986763 1.2069177 1.2010262 1.1846594 1.1846594 1.1986763 1.1443891 1.0981841 1.0981841 3.1731781 2.6467564 
9_123      3.4732870 3.1486532 3.6178855 3.0155515 2.7762129 2.8603164 2.3001718 2.1504246 0.0000010 0.0000000 1.2010262 1.2069177 1.1986763 1.2069177 1.2010262 1.1846594 1.1846594 1.1986763 1.1443891 1.0981841 1.0981841 3.1731781 2.6467564 
12_4       4.0743835 3.8360157 3.7545114 3.3951138 2.9854394 3.1157856 2.6534714 2.4392462 1.2010262 1.2010262 0.0000000 0.0213966 0.0269927 0.0213966 0.0000010 0.0331778 0.0331778 0.0269927 0.0466447 0.0394980 0.0394980 3.1022625 2.6749328 
13_4       4.1243200 3.9845326 3.8370299 3.3093044 2.9697423 3.1186811 2.6387663 2.3714843 1.2069177 1.2069177 0.0213966 0.0000000 0.0376795 0.0000010 0.0213966 0.0329995 0.0329995 0.0376795 0.0636061 0.0561336 0.0561336 3.0660948 2.6495342 
14_4       4.0305678 3.7158378 3.6662783 3.3500513 2.9164331 3.0691438 2.5734772 2.4129908 1.1986763 1.1986763 0.0269927 0.0376795 0.0000000 0.0376795 0.0269927 0.0103716 0.0103716 0.0000010 0.0512036 0.0441151 0.0441151 3.0664039 2.6427043 
15_4       4.1243200 3.9845326 3.8370299 3.3093044 2.9697423 3.1186811 2.6387663 2.3714843 1.2069177 1.2069177 0.0213966 0.0000010 0.0376795 0.0000000 0.0213966 0.0329995 0.0329995 0.0376795 0.0636061 0.0561336 0.0561336 3.0660948 2.6495342 
17_4       4.0743835 3.8360157 3.7545114 3.3951138 2.9854394 3.1157856 2.6534714 2.4392462 1.2010262 1.2010262 0.0000010 0.0213966 0.0269927 0.0213966 0.0000000 0.0331778 0.0331778 0.0269927 0.0466447 0.0394980 0.0394980 3.1022625 2.6749328 
18_4       4.0303078 3.8021998 3.6838864 3.3388817 2.9242932 3.0772255 2.5992842 2.3840564 1.1846594 1.1846594 0.0331778 0.0329995 0.0103716 0.0329995 0.0331778 0.0000000 0.0000010 0.0103716 0.0568667 0.0496558 0.0496558 3.0540659 2.6293787 
19_4       4.0303078 3.8021998 3.6838864 3.3388817 2.9242932 3.0772255 2.5992842 2.3840564 1.1846594 1.1846594 0.0331778 0.0329995 0.0103716 0.0329995 0.0331778 0.0000010 0.0000000 0.0103716 0.0568667 0.0496558 0.0496558 3.0540659 2.6293787 
23_4       4.0305678 3.7158378 3.6662783 3.3500513 2.9164331 3.0691438 2.5734772 2.4129908 1.1986763 1.1986763 0.0269927 0.0376795 0.0000010 0.0376795 0.0269927 0.0103716 0.0103716 0.0000000 0.0512036 0.0441151 0.0441151 3.0664039 2.6427043 
38_4       3.9447669 3.8770088 3.6412057 3.1691835 3.0553885 3.1576775 2.6440432 2.3912434 1.1443891 1.1443891 0.0466447 0.0636061 0.0512036 0.0636061 0.0466447 0.0568667 0.0568667 0.0512036 0.0000000 0.0217230 0.0217230 3.0609510 2.7009912 
39_4       4.0511942 3.8920725 3.5343682 3.1961732 2.9339498 3.1012103 2.5479816 2.3461212 1.0981841 1.0981841 0.0394980 0.0561336 0.0441151 0.0561336 0.0394980 0.0496558 0.0496558 0.0441151 0.0217230 0.0000000 0.0000010 3.1207187 2.7399480 
40_4       4.0511942 3.8920725 3.5343682 3.1961732 2.9339498 3.1012103 2.5479816 2.3461212 1.0981841 1.0981841 0.0394980 0.0561336 0.0441151 0.0561336 0.0394980 0.0496558 0.0496558 0.0441151 0.0217230 0.0000010 0.0000000 3.1207187 2.7399480 
43_37      4.0729987 4.1785100 3.8892985 3.4566745 3.3610809 3.5698075 2.3206591 1.8252010 3.1731781 3.1731781 3.1022625 3.0660948 3.0664039 3.0660948 3.1022625 3.0540659 3.0540659 3.0664039 3.0609510 3.1207187 3.1207187 0.0000000 1.3898904 
44_53      4.8125465 4.3727228 4.7054611 3.8353672 3.5669784 3.8847008 2.8459749 2.5620948 2.6467564 2.6467564 2.6749328 2.6495342 2.6427043 2.6495342 2.6749328 2.6293787 2.6293787 2.6427043 2.7009912 2.7399480 2.7399480 1.3898904 0.0000000 
