18
8_116      0.0000000 0.0000010 1.2158728 1.2124499 1.1977606 1.2124499 1.2158728 1.2039931 1.2444224 1.2444224 1.1977606 1.2039931 1.2210371 1.4308567 1.2793590 1.2257941 1.2257941 1.2147628 
9_117      0.0000010 0.0000000 1.2158728 1.2124499 1.1977606 1.2124499 1.2158728 1.2039931 1.2444224 1.2444224 1.1977606 1.2039931 1.2210371 1.4308567 1.2793590 1.2257941 1.2257941 1.2147628 
12_82      1.2158728 1.2158728 0.0000000 0.0059972 0.0364788 0.0059972 0.0000010 0.0426602 0.0364846 0.0364846 0.0364788 0.0426602 0.0241526 0.4083306 0.0553130 0.0749409 0.0749409 0.0426389 
13_82      1.2124499 1.2124499 0.0059972 0.0000000 0.0302911 0.0000010 0.0059972 0.0364355 0.0302959 0.0302959 0.0302911 0.0364355 0.0180508 0.4083306 0.0489900 0.0684499 0.0684499 0.0364174 
14_76      1.1977606 1.1977606 0.0364788 0.0302911 0.0000000 0.0302911 0.0364788 0.0059899 0.0364386 0.0364386 0.0000010 0.0059899 0.0120280 0.4083306 0.0552423 0.0748432 0.0748432 0.0059871 
15_81      1.2124499 1.2124499 0.0059972 0.0000010 0.0302911 0.0000000 0.0059972 0.0364355 0.0302959 0.0302959 0.0302911 0.0364355 0.0180508 0.4083306 0.0489900 0.0684499 0.0684499 0.0364174 
17_81      1.2158728 1.2158728 0.0000010 0.0059972 0.0364788 0.0059972 0.0000000 0.0426602 0.0364846 0.0364846 0.0364788 0.0426602 0.0241526 0.4083306 0.0553130 0.0749409 0.0749409 0.0426389 
18_88      1.2039931 1.2039931 0.0426602 0.0364355 0.0059899 0.0364355 0.0426602 0.0000000 0.0303350 0.0303350 0.0059899 0.0000010 0.0180842 0.4320205 0.0615289 0.0812730 0.0812730 0.0120019 
19_81      1.2444224 1.2444224 0.0364846 0.0302959 0.0364386 0.0302959 0.0364846 0.0303350 0.0000000 0.0000010 0.0364386 0.0303350 0.0241263 0.4320205 0.0303234 0.0676937 0.0676937 0.0425917 
20_98      1.2444224 1.2444224 0.0364846 0.0302959 0.0364386 0.0302959 0.0364846 0.0303350 0.0000010 0.0000000 0.0364386 0.0303350 0.0241263 0.4320205 0.0303234 0.0676937 0.0676937 0.0425917 
23_80      1.1977606 1.1977606 0.0364788 0.0302911 0.0000010 0.0302911 0.0364788 0.0059899 0.0364386 0.0364386 0.0000000 0.0059899 0.0120280 0.4083306 0.0552423 0.0748432 0.0748432 0.0059871 
24_80      1.2039931 1.2039931 0.0426602 0.0364355 0.0059899 0.0364355 0.0426602 0.0000010 0.0303350 0.0303350 0.0059899 0.0000000 0.0180842 0.4320205 0.0615289 0.0812730 0.0812730 0.0120019 
27_82      1.2210371 1.2210371 0.0241526 0.0180508 0.0120280 0.0180508 0.0241526 0.0180842 0.0241263 0.0241263 0.0120280 0.0180842 0.0000000 0.4083306 0.0426683 0.0619407 0.0619407 0.0180754 
31_83      1.4308567 1.4308567 0.4083306 0.4083306 0.4083306 0.4083306 0.4083306 0.4320205 0.4320205 0.4320205 0.4083306 0.4320205 0.4083306 0.0000000 0.4284227 0.4079697 0.4079697 0.4312086 
38_77      1.2793590 1.2793590 0.0553130 0.0489900 0.0552423 0.0489900 0.0553130 0.0615289 0.0303234 0.0303234 0.0552423 0.0615289 0.0426683 0.4284227 0.0000000 0.0483961 0.0483961 0.0614977 
39_77      1.2257941 1.2257941 0.0749409 0.0684499 0.0748432 0.0684499 0.0749409 0.0812730 0.0676937 0.0676937 0.0748432 0.0812730 0.0619407 0.4079697 0.0483961 0.0000000 0.0000010 0.0812309 
40_77      1.2257941 1.2257941 0.0749409 0.0684499 0.0748432 0.0684499 0.0749409 0.0812730 0.0676937 0.0676937 0.0748432 0.0812730 0.0619407 0.4079697 0.0483961 0.0000010 0.0000000 0.0812309 
41_77      1.2147628 1.2147628 0.0426389 0.0364174 0.0059871 0.0364174 0.0426389 0.0120019 0.0425917 0.0425917 0.0059871 0.0120019 0.0180754 0.4312086 0.0614977 0.0812309 0.0812309 0.0000000 
