7
0_26       0.0000000 0.8310540 3.8827687 3.4032777 3.7951340 5.0025911 4.8262119 
1_23       0.8310540 0.0000000 3.2480401 2.3944091 2.4825736 3.2600830 3.5548252 
3_59       3.8827687 3.2480401 0.0000000 2.3879494 2.5482300 2.7597374 2.5706893 
6_2        3.4032777 2.3944091 2.3879494 0.0000000 0.3507492 1.8123566 2.4651818 
7_17       3.7951340 2.4825736 2.5482300 0.3507492 0.0000000 1.8055521 2.2549582 
43_43      5.0025911 3.2600830 2.7597374 1.8123566 1.8055521 0.0000000 0.6881363 
44_17      4.8262119 3.5548252 2.5706893 2.4651818 2.2549582 0.6881363 0.0000000 
