7
3_65       0.0000000 1.6663991 1.1710860 2.4173824 2.3136604 2.2290757 2.3786677 
3_155      1.6663991 0.0000000 1.6727047 2.7472767 2.5391213 2.5722792 2.3096561 
4_71       1.1710860 1.6727047 0.0000000 2.6390540 2.4810929 2.2967724 2.3930746 
6_77       2.4173824 2.7472767 2.6390540 0.0000000 0.6302165 1.4926319 1.5854964 
7_54       2.3136604 2.5391213 2.4810929 0.6302165 0.0000000 1.6636436 1.7853022 
43_74      2.2290757 2.5722792 2.2967724 1.4926319 1.6636436 0.0000000 0.9451072 
44_124     2.3786677 2.3096561 2.3930746 1.5854964 1.7853022 0.9451072 0.0000000 
