16
12_81      0.0000000 0.1450057 0.0000010 0.0900760 0.1617966 0.1617966 0.1672670 0.1450057 0.0828632 0.0898567 0.0898567 0.0828632 0.1475146 0.1776997 0.1776997 1.8105361 
14_75      0.1450057 0.0000000 0.1450057 0.0605996 0.2262985 0.2262985 0.2227355 0.0000010 0.0604578 0.0672440 0.0672440 0.0604578 0.2198858 0.1953625 0.1953625 1.8186123 
17_80      0.0000010 0.1450057 0.0000000 0.0900760 0.1617966 0.1617966 0.1672670 0.1450057 0.0828632 0.0898567 0.0898567 0.0828632 0.1475146 0.1776997 0.1776997 1.8105361 
18_87      0.0900760 0.0605996 0.0900760 0.0000000 0.1987254 0.1987254 0.1884581 0.0605996 0.0064631 0.0129398 0.0129398 0.0064631 0.1610770 0.1774535 0.1774535 1.8638843 
19_80      0.1617966 0.2262985 0.1617966 0.1987254 0.0000000 0.0000010 0.0000010 0.2262985 0.1867254 0.1979610 0.1979610 0.1867254 0.0288450 0.0901333 0.0901333 1.6414320 
20_97      0.1617966 0.2262985 0.1617966 0.1987254 0.0000010 0.0000000 0.0000010 0.2262985 0.1867254 0.1979610 0.1979610 0.1867254 0.0288450 0.0901333 0.0901333 1.6414320 
22_80      0.1672670 0.2227355 0.1672670 0.1884581 0.0000010 0.0000010 0.0000000 0.2227355 0.1782403 0.1878379 0.1878379 0.1782403 0.0266340 0.0951601 0.0951601 1.6792739 
23_79      0.1450057 0.0000010 0.1450057 0.0605996 0.2262985 0.2262985 0.2227355 0.0000000 0.0604578 0.0672440 0.0672440 0.0604578 0.2198858 0.1953625 0.1953625 1.8186123 
24_79      0.0828632 0.0604578 0.0828632 0.0064631 0.1867254 0.1867254 0.1782403 0.0604578 0.0000000 0.0064484 0.0064484 0.0000010 0.1503136 0.1697404 0.1697404 1.8857916 
25_76      0.0898567 0.0672440 0.0898567 0.0129398 0.1979610 0.1979610 0.1878379 0.0672440 0.0064484 0.0000000 0.0000010 0.0064484 0.1605113 0.1770104 0.1770104 1.8581551 
26_79      0.0898567 0.0672440 0.0898567 0.0129398 0.1979610 0.1979610 0.1878379 0.0672440 0.0064484 0.0000010 0.0000000 0.0064484 0.1605113 0.1770104 0.1770104 1.8581551 
29_119     0.0828632 0.0604578 0.0828632 0.0064631 0.1867254 0.1867254 0.1782403 0.0604578 0.0000010 0.0064484 0.0064484 0.0000000 0.1503136 0.1697404 0.1697404 1.8857916 
38_76      0.1475146 0.2198858 0.1475146 0.1610770 0.0288450 0.0288450 0.0266340 0.2198858 0.1503136 0.1605113 0.1605113 0.1503136 0.0000000 0.0731551 0.0731551 1.5796912 
39_76      0.1776997 0.1953625 0.1776997 0.1774535 0.0901333 0.0901333 0.0951601 0.1953625 0.1697404 0.1770104 0.1770104 0.1697404 0.0731551 0.0000000 0.0000010 1.8372021 
40_76      0.1776997 0.1953625 0.1776997 0.1774535 0.0901333 0.0901333 0.0951601 0.1953625 0.1697404 0.1770104 0.1770104 0.1697404 0.0731551 0.0000010 0.0000000 1.8372021 
43_5       1.8105361 1.8186123 1.8105361 1.8638843 1.6414320 1.6414320 1.6792739 1.8186123 1.8857916 1.8581551 1.8581551 1.8857916 1.5796912 1.8372021 1.8372021 0.0000000 
