28
0_93       0.0000000 0.2505498 1.4568167 1.3759666 1.2073503 1.9917655 2.2293706 5.0316895 5.0316895 3.8712232 3.8073729 3.8020762 3.8073729 3.9226531 3.4612725 3.4612725 3.8020762 3.7556625 3.7556625 3.8199151 3.7840150 3.5018666 3.7840150 3.7521274 3.7163969 3.7163969 2.2257962 2.4137567 
1_61       0.2505498 0.0000000 1.5088879 1.3559377 1.2478531 2.0587976 2.2685793 5.0163211 5.0163211 4.0406343 4.0205005 3.9718703 4.0205005 4.0944082 4.0804911 4.0804911 3.9718703 3.9314222 3.9314222 3.9914999 3.9532272 4.0278113 3.9532272 3.9751767 3.9367113 3.9367113 2.5019618 2.5428687 
2_148      1.4568167 1.5088879 0.0000000 1.5135708 1.4101534 2.1831573 2.6040826 5.2684843 5.2684843 5.4189892 5.3927830 5.1947090 5.3927830 5.5540948 5.1051829 5.1051829 5.1947090 5.1668868 5.1668868 5.1789024 5.1217524 5.0401885 5.1217524 5.1288230 5.1933540 5.1933540 2.4283925 2.5602759 
4_60       1.3759666 1.3559377 1.5135708 0.0000000 0.2905343 2.2312884 2.3352352 4.5923791 4.5923791 3.9942008 3.9877712 4.0746255 3.9877712 4.0269522 3.9488969 3.9488969 4.0746255 4.0097374 4.0097374 4.0625793 4.0243327 4.0060210 4.0243327 3.9495559 3.9151336 3.9151336 2.3405239 2.2883756 
5_167      1.2073503 1.2478531 1.4101534 0.2905343 0.0000000 2.2017900 2.3422806 4.6286521 4.6286521 3.9674505 3.9611280 3.9788942 3.9611280 4.0000724 3.6866053 3.6866053 3.9788942 3.8901912 3.8901912 3.9671562 3.9303833 3.7694365 3.9303833 3.8133289 3.8434331 3.8434331 2.3379348 2.2356134 
6_23       1.9917655 2.0587976 2.1831573 2.2312884 2.2017900 0.0000000 0.5641845 4.8835072 4.8835072 4.6404757 4.6841764 4.7041262 4.6841764 4.6623700 4.5171936 4.5171936 4.7041262 4.6834903 4.6834903 4.7533056 4.7041262 4.5696876 4.7041262 4.6610638 4.6076193 4.6076193 1.4527805 1.3958840 
7_14       2.2293706 2.2685793 2.6040826 2.3352352 2.3422806 0.5641845 0.0000000 4.9070470 4.9070470 4.5222483 4.5568644 4.5631690 4.5568644 4.5407638 4.1287896 4.1287896 4.5631690 4.5175775 4.5175775 4.6089983 4.5631690 4.1819110 4.5631690 4.5272121 4.4768322 4.4768322 1.6509579 1.5581258 
8_72       5.0316895 5.0163211 5.2684843 4.5923791 4.6286521 4.8835072 4.9070470 0.0000000 0.0000010 0.9230326 0.9227866 0.8633540 0.9227866 0.9254090 0.9048585 0.9048585 0.8633540 0.8672634 0.8672634 0.8853374 0.8668266 0.9213407 0.8668266 0.8646831 0.8597589 0.8597589 5.0428080 4.6537137 
9_73       5.0316895 5.0163211 5.2684843 4.5923791 4.6286521 4.8835072 4.9070470 0.0000010 0.0000000 0.9230326 0.9227866 0.8633540 0.9227866 0.9254090 0.9048585 0.9048585 0.8633540 0.8672634 0.8672634 0.8853374 0.8668266 0.9213407 0.8668266 0.8646831 0.8597589 0.8597589 5.0428080 4.6537137 
12_27      3.8712232 4.0406343 5.4189892 3.9942008 3.9674505 4.6404757 4.5222483 0.9230326 0.9230326 0.0000000 0.0061631 0.0458866 0.0061631 0.0030640 0.0429429 0.0429429 0.0458866 0.0390394 0.0390394 0.0425023 0.0425168 0.0380697 0.0425168 0.0459419 0.0460192 0.0460192 4.8132495 4.6491180 
13_27      3.8073729 4.0205005 5.3927830 3.9877712 3.9611280 4.6841764 4.5568644 0.9227866 0.9227866 0.0061631 0.0000000 0.0423060 0.0000010 0.0093300 0.0328147 0.0328147 0.0423060 0.0355321 0.0355321 0.0389537 0.0389670 0.0329657 0.0389670 0.0389038 0.0426737 0.0426737 4.7906752 4.6249367 
14_24      3.8020762 3.9718703 5.1947090 4.0746255 3.9788942 4.7041262 4.5631690 0.8633540 0.8633540 0.0458866 0.0423060 0.0000000 0.0423060 0.0496349 0.0280902 0.0280902 0.0000010 0.0095455 0.0095455 0.0095689 0.0031707 0.0046204 0.0031707 0.0356438 0.0459344 0.0459344 4.8773968 4.5135326 
15_26      3.8073729 4.0205005 5.3927830 3.9877712 3.9611280 4.6841764 4.5568644 0.9227866 0.9227866 0.0061631 0.0000010 0.0423060 0.0000000 0.0093300 0.0328147 0.0328147 0.0423060 0.0355321 0.0355321 0.0389537 0.0389670 0.0329657 0.0389670 0.0389038 0.0426737 0.0426737 4.7906752 4.6249367 
17_25      3.9226531 4.0944082 5.5540948 4.0269522 4.0000724 4.6623700 4.5407638 0.9254090 0.9254090 0.0030640 0.0093300 0.0496349 0.0093300 0.0000000 0.0483824 0.0483824 0.0496349 0.0426963 0.0426963 0.0462098 0.0462257 0.0434290 0.0462257 0.0496951 0.0497783 0.0497783 4.8760263 4.7104116 
19_28      3.4612725 4.0804911 5.1051829 3.9488969 3.6866053 4.5171936 4.1287896 0.9048585 0.9048585 0.0429429 0.0328147 0.0280902 0.0328147 0.0483824 0.0000000 0.0000010 0.0280902 0.0138488 0.0138488 0.0233339 0.0233339 0.0233339 0.0233339 0.0184889 0.0327418 0.0327418 4.7054497 4.1459359 
20_46      3.4612725 4.0804911 5.1051829 3.9488969 3.6866053 4.5171936 4.1287896 0.9048585 0.9048585 0.0429429 0.0328147 0.0280902 0.0328147 0.0483824 0.0000010 0.0000000 0.0280902 0.0138488 0.0138488 0.0233339 0.0233339 0.0233339 0.0233339 0.0184889 0.0327418 0.0327418 4.7054497 4.1459359 
23_24      3.8020762 3.9718703 5.1947090 4.0746255 3.9788942 4.7041262 4.5631690 0.8633540 0.8633540 0.0458866 0.0423060 0.0000010 0.0423060 0.0496349 0.0280902 0.0280902 0.0000000 0.0095455 0.0095455 0.0095689 0.0031707 0.0046204 0.0031707 0.0356438 0.0459344 0.0459344 4.8773968 4.5135326 
24_28      3.7556625 3.9314222 5.1668868 4.0097374 3.8901912 4.6834903 4.5175775 0.8672634 0.8672634 0.0390394 0.0355321 0.0095455 0.0355321 0.0426963 0.0138488 0.0138488 0.0095455 0.0000000 0.0000010 0.0127720 0.0063497 0.0092548 0.0063497 0.0289468 0.0390793 0.0390793 4.8549883 4.4801786 
25_25      3.7556625 3.9314222 5.1668868 4.0097374 3.8901912 4.6834903 4.5175775 0.8672634 0.8672634 0.0390394 0.0355321 0.0095455 0.0355321 0.0426963 0.0138488 0.0138488 0.0095455 0.0000010 0.0000000 0.0127720 0.0063497 0.0092548 0.0063497 0.0289468 0.0390793 0.0390793 4.8549883 4.4801786 
27_25      3.8199151 3.9914999 5.1789024 4.0625793 3.9671562 4.7533056 4.6089983 0.8853374 0.8853374 0.0425023 0.0389537 0.0095689 0.0389537 0.0462098 0.0233339 0.0233339 0.0095689 0.0127720 0.0127720 0.0000000 0.0063653 0.0000010 0.0063653 0.0323217 0.0425462 0.0425462 4.8629098 4.5427266 
30_24      3.7840150 3.9532272 5.1217524 4.0243327 3.9303833 4.7041262 4.5631690 0.8668266 0.8668266 0.0425168 0.0389670 0.0031707 0.0389670 0.0462257 0.0233339 0.0233339 0.0031707 0.0063497 0.0063497 0.0063653 0.0000000 0.0000010 0.0000010 0.0323328 0.0425607 0.0425607 4.8122720 4.4967284 
31_79      3.5018666 4.0278113 5.0401885 4.0060210 3.7694365 4.5696876 4.1819110 0.9213407 0.9213407 0.0380697 0.0329657 0.0046204 0.0329657 0.0434290 0.0233339 0.0233339 0.0046204 0.0092548 0.0092548 0.0000010 0.0000010 0.0000000 0.0000010 0.0376536 0.0476490 0.0476490 4.6464125 4.1288397 
33_50      3.7840150 3.9532272 5.1217524 4.0243327 3.9303833 4.7041262 4.5631690 0.8668266 0.8668266 0.0425168 0.0389670 0.0031707 0.0389670 0.0462257 0.0233339 0.0233339 0.0031707 0.0063497 0.0063497 0.0063653 0.0000010 0.0000010 0.0000000 0.0323328 0.0425607 0.0425607 4.8122720 4.4967284 
38_26      3.7521274 3.9751767 5.1288230 3.9495559 3.8133289 4.6610638 4.5272121 0.8646831 0.8646831 0.0459419 0.0389038 0.0356438 0.0389038 0.0496951 0.0184889 0.0184889 0.0356438 0.0289468 0.0289468 0.0323217 0.0323328 0.0376536 0.0323328 0.0000000 0.0192609 0.0192609 4.7410074 4.4984503 
39_26      3.7163969 3.9367113 5.1933540 3.9151336 3.8434331 4.6076193 4.4768322 0.8597589 0.8597589 0.0460192 0.0426737 0.0459344 0.0426737 0.0497783 0.0327418 0.0327418 0.0459344 0.0390793 0.0390793 0.0425462 0.0425607 0.0476490 0.0425607 0.0192609 0.0000000 0.0000010 4.6479665 4.4108132 
40_27      3.7163969 3.9367113 5.1933540 3.9151336 3.8434331 4.6076193 4.4768322 0.8597589 0.8597589 0.0460192 0.0426737 0.0459344 0.0426737 0.0497783 0.0327418 0.0327418 0.0459344 0.0390793 0.0390793 0.0425462 0.0425607 0.0476490 0.0425607 0.0192609 0.0000010 0.0000000 4.6479665 4.4108132 
43_66      2.2257962 2.5019618 2.4283925 2.3405239 2.3379348 1.4527805 1.6509579 5.0428080 5.0428080 4.8132495 4.7906752 4.8773968 4.7906752 4.8760263 4.7054497 4.7054497 4.8773968 4.8549883 4.8549883 4.8629098 4.8122720 4.6464125 4.8122720 4.7410074 4.6479665 4.6479665 0.0000000 0.4239589 
44_41      2.4137567 2.5428687 2.5602759 2.2883756 2.2356134 1.3958840 1.5581258 4.6537137 4.6537137 4.6491180 4.6249367 4.5135326 4.6249367 4.7104116 4.1459359 4.1459359 4.5135326 4.4801786 4.4801786 4.5427266 4.4967284 4.1288397 4.4967284 4.4984503 4.4108132 4.4108132 0.4239589 0.0000000 
