18
12_80      0.0000000 0.0398809 0.0671894 0.0398809 0.0000010 0.0811210 0.0924480 0.0924480 0.0811698 0.0950052 0.0950052 0.0897705 0.0671894 0.0811698 0.1113815 0.0836992 0.0836992 0.0951922 
13_81      0.0398809 0.0000000 0.0527294 0.0000010 0.0398809 0.0663004 0.0700390 0.0700390 0.0474235 0.0798527 0.0798527 0.0523039 0.0527294 0.0474235 0.0879774 0.0805171 0.0805171 0.0800045 
14_74      0.0671894 0.0527294 0.0000000 0.0527294 0.0671894 0.0665590 0.1049045 0.1049045 0.0000010 0.0529528 0.0529528 0.0000010 0.0000010 0.0000010 0.0867797 0.0806373 0.0806373 0.0260172 
15_80      0.0398809 0.0000010 0.0527294 0.0000000 0.0398809 0.0663004 0.0700390 0.0700390 0.0474235 0.0798527 0.0798527 0.0523039 0.0527294 0.0474235 0.0879774 0.0805171 0.0805171 0.0800045 
17_79      0.0000010 0.0398809 0.0671894 0.0398809 0.0000000 0.0811210 0.0924480 0.0924480 0.0811698 0.0950052 0.0950052 0.0897705 0.0671894 0.0811698 0.1113815 0.0836992 0.0836992 0.0951922 
18_86      0.0811210 0.0663004 0.0665590 0.0663004 0.0811210 0.0000000 0.1250957 0.1250957 0.0802479 0.0128668 0.0128668 0.0886407 0.0665590 0.0802479 0.1436891 0.1228862 0.1228862 0.0390183 
19_79      0.0924480 0.0700390 0.1049045 0.0700390 0.0924480 0.1250957 0.0000000 0.0000010 0.1049045 0.1436891 0.1436891 0.0967339 0.1049045 0.1049045 0.0165448 0.0686779 0.0686779 0.1420559 
20_96      0.0924480 0.0700390 0.1049045 0.0700390 0.0924480 0.1250957 0.0000010 0.0000000 0.1049045 0.1436891 0.1436891 0.0967339 0.1049045 0.1049045 0.0165448 0.0686779 0.0686779 0.1420559 
23_78      0.0811698 0.0474235 0.0000010 0.0474235 0.0811698 0.0802479 0.1049045 0.1049045 0.0000000 0.0637764 0.0637764 0.0000010 0.0000010 0.0000010 0.0867797 0.0810576 0.0810576 0.0312320 
24_78      0.0950052 0.0798527 0.0529528 0.0798527 0.0950052 0.0128668 0.1436891 0.1436891 0.0637764 0.0000000 0.0000010 0.0703995 0.0529528 0.0637764 0.1247648 0.1085915 0.1085915 0.0258712 
25_75      0.0950052 0.0798527 0.0529528 0.0798527 0.0950052 0.0128668 0.1436891 0.1436891 0.0637764 0.0000010 0.0000000 0.0703995 0.0529528 0.0637764 0.1247648 0.1085915 0.1085915 0.0258712 
27_80      0.0897705 0.0523039 0.0000010 0.0523039 0.0897705 0.0886407 0.0967339 0.0967339 0.0000010 0.0703995 0.0703995 0.0000000 0.0000010 0.0000010 0.0767679 0.0712114 0.0712114 0.0344043 
28_78      0.0671894 0.0527294 0.0000010 0.0527294 0.0671894 0.0665590 0.1049045 0.1049045 0.0000010 0.0529528 0.0529528 0.0000010 0.0000000 0.0000010 0.0867797 0.0806373 0.0806373 0.0260172 
30_76      0.0811698 0.0474235 0.0000010 0.0474235 0.0811698 0.0802479 0.1049045 0.1049045 0.0000010 0.0637764 0.0637764 0.0000010 0.0000010 0.0000000 0.0867797 0.0810576 0.0810576 0.0312320 
38_75      0.1113815 0.0879774 0.0867797 0.0879774 0.1113815 0.1436891 0.0165448 0.0165448 0.0867797 0.1247648 0.1247648 0.0767679 0.0867797 0.0867797 0.0000000 0.0511421 0.0511421 0.1233574 
39_75      0.0836992 0.0805171 0.0806373 0.0805171 0.0836992 0.1228862 0.0686779 0.0686779 0.0810576 0.1085915 0.1085915 0.0712114 0.0806373 0.0810576 0.0511421 0.0000000 0.0000010 0.1088076 
40_75      0.0836992 0.0805171 0.0806373 0.0805171 0.0836992 0.1228862 0.0686779 0.0686779 0.0810576 0.1085915 0.1085915 0.0712114 0.0806373 0.0810576 0.0511421 0.0000010 0.0000000 0.1088076 
41_75      0.0951922 0.0800045 0.0260172 0.0800045 0.0951922 0.0390183 0.1420559 0.1420559 0.0312320 0.0258712 0.0258712 0.0344043 0.0260172 0.0312320 0.1233574 0.1088076 0.1088076 0.0000000 
