19
12_102     0.0000000 0.0726864 0.3980856 0.0726864 0.0000010 1.0751731 0.3390466 0.3390466 0.3980856 0.4031289 0.4031289 0.4608723 0.3765878 0.4250780 0.3765878 0.4098302 0.4519841 0.5329067 0.5329067 
13_101     0.0726864 0.0000000 0.3810143 0.0000010 0.0726864 0.7288082 0.3602975 0.3602975 0.3810143 0.3561388 0.3561388 0.4421783 0.3978655 0.4070498 0.3978655 0.4318090 0.4112860 0.5121549 0.5121549 
14_97      0.3980856 0.3810143 0.0000000 0.3810143 0.3980856 0.8288477 0.0593528 0.0593528 0.0000010 0.1068808 0.1068808 0.0806545 0.0000010 0.0115828 0.0000010 0.0150205 0.4664774 0.4527125 0.4527125 
15_101     0.0726864 0.0000010 0.3810143 0.0000000 0.0726864 0.7288082 0.3602975 0.3602975 0.3810143 0.3561388 0.3561388 0.4421783 0.3978655 0.4070498 0.3978655 0.4318090 0.4112860 0.5121549 0.5121549 
17_100     0.0000010 0.0726864 0.3980856 0.0726864 0.0000000 1.0751731 0.3390466 0.3390466 0.3980856 0.4031289 0.4031289 0.4608723 0.3765878 0.4250780 0.3765878 0.4098302 0.4519841 0.5329067 0.5329067 
18_111     1.0751731 0.7288082 0.8288477 0.7288082 1.0751731 0.0000000 0.0000010 0.0000010 0.8288477 0.4372686 0.4372686 0.2786652 0.0000010 0.8288477 0.0000010 0.0000010 0.8608516 1.0549904 1.0549904 
19_101     0.3390466 0.3602975 0.0593528 0.3602975 0.3390466 0.0000010 0.0000000 0.0000010 0.0593528 0.0000010 0.0000010 0.0593528 0.0593528 0.0771392 0.0593528 0.0771392 0.4244748 0.4215261 0.4215261 
20_119     0.3390466 0.3602975 0.0593528 0.3602975 0.3390466 0.0000010 0.0000010 0.0000000 0.0593528 0.0000010 0.0000010 0.0593528 0.0593528 0.0771392 0.0593528 0.0771392 0.4244748 0.4215261 0.4215261 
23_101     0.3980856 0.3810143 0.0000010 0.3810143 0.3980856 0.8288477 0.0593528 0.0593528 0.0000000 0.1068808 0.1068808 0.0806545 0.0000010 0.0115828 0.0000010 0.0150205 0.4664774 0.4527125 0.4527125 
24_100     0.4031289 0.3561388 0.1068808 0.3561388 0.4031289 0.4372686 0.0000010 0.0000010 0.1068808 0.0000000 0.0000010 0.2066445 0.0593528 0.1224229 0.0593528 0.0771392 0.4318848 0.4315644 0.4315644 
25_97      0.4031289 0.3561388 0.1068808 0.3561388 0.4031289 0.4372686 0.0000010 0.0000010 0.1068808 0.0000010 0.0000000 0.2066445 0.0593528 0.1224229 0.0593528 0.0771392 0.4318848 0.4315644 0.4315644 
27_104     0.4608723 0.4421783 0.0806545 0.4421783 0.4608723 0.2786652 0.0593528 0.0593528 0.0806545 0.2066445 0.2066445 0.0000000 0.0000010 0.0967181 0.0000010 0.0150205 0.5380672 0.5292904 0.5292904 
28_100     0.3765878 0.3978655 0.0000010 0.3978655 0.3765878 0.0000010 0.0593528 0.0593528 0.0000010 0.0593528 0.0593528 0.0000010 0.0000000 0.0150205 0.0000010 0.0150205 0.4858209 0.4661048 0.4661048 
31_104     0.4250780 0.4070498 0.0115828 0.4070498 0.4250780 0.8288477 0.0771392 0.0771392 0.0115828 0.1224229 0.1224229 0.0967181 0.0150205 0.0000000 0.0150205 0.0000010 0.4694655 0.4557996 0.4557996 
33_98      0.3765878 0.3978655 0.0000010 0.3978655 0.3765878 0.0000010 0.0593528 0.0593528 0.0000010 0.0593528 0.0593528 0.0000010 0.0000010 0.0150205 0.0000000 0.0150205 0.4858209 0.4661048 0.4661048 
37_97      0.4098302 0.4318090 0.0150205 0.4318090 0.4098302 0.0000010 0.0771392 0.0771392 0.0150205 0.0771392 0.0771392 0.0150205 0.0150205 0.0000010 0.0150205 0.0000000 0.4896977 0.4699205 0.4699205 
38_97      0.4519841 0.4112860 0.4664774 0.4112860 0.4519841 0.8608516 0.4244748 0.4244748 0.4664774 0.4318848 0.4318848 0.5380672 0.4858209 0.4694655 0.4858209 0.4896977 0.0000000 0.1773087 0.1773087 
39_97      0.5329067 0.5121549 0.4527125 0.5121549 0.5329067 1.0549904 0.4215261 0.4215261 0.4527125 0.4315644 0.4315644 0.5292904 0.4661048 0.4557996 0.4661048 0.4699205 0.1773087 0.0000000 0.0000010 
40_97      0.5329067 0.5121549 0.4527125 0.5121549 0.5329067 1.0549904 0.4215261 0.4215261 0.4527125 0.4315644 0.4315644 0.5292904 0.4661048 0.4557996 0.4661048 0.4699205 0.1773087 0.0000010 0.0000000 
