26
0_103      0.0000000 4.5049007 0.6085106 4.1352490 1.4004328 4.8951577 1.2852573 4.8792356 0.6876678 0.6369785 3.9788431 3.7105622 2.9574807 3.6123617 3.9806812 3.2574939 3.2807128 3.6773258 3.4239130 3.5717073 3.7831589 3.6133477 4.7101293 3.7094171 2.9576016 3.6712429 
1_85       4.5049007 0.0000000 2.8494571 2.5094147 4.6393183 1.7077564 3.9038707 1.0163135 2.8789947 2.8459584 1.0216390 2.0094081 1.8414930 2.1716981 2.4379374 2.0625683 1.8519317 2.3219913 2.1145984 1.9981851 2.4362605 2.1940602 2.6826249 1.9015896 2.2093503 1.8889008 
1_144      0.6085106 2.8494571 0.0000000 1.5494547 1.1565357 2.9695911 1.1876206 2.5895528 0.5104868 0.3560008 3.0102471 2.9198454 3.4454664 3.1135782 3.9731865 3.8556352 3.2513808 2.8996996 3.2143063 4.1938274 3.1379160 2.8559720 4.3732234 3.2100301 2.4492934 2.5316838 
3_35       4.1352490 2.5094147 1.5494547 0.0000000 3.0323542 2.2062679 2.3417044 2.5375387 1.5631242 1.5757016 2.6873288 2.2699249 2.6229770 2.5527309 2.6273819 2.7281991 2.2650707 2.2724227 2.2464755 2.4999741 2.3598023 2.0835316 2.7486619 2.0123228 2.3034484 2.5320069 
3_44       1.4004328 4.6393183 1.1565357 3.0323542 0.0000000 3.9630432 1.5443334 3.6991480 1.2342127 1.1992093 3.4033732 3.3613210 3.6973271 3.3713184 4.0435941 3.2574589 3.6620046 3.7249710 4.0231499 3.8412513 3.0979056 3.7128135 3.4649907 3.8328647 3.0293847 3.5241090 
3_95       4.8951577 1.7077564 2.9695911 2.2062679 3.9630432 0.0000000 3.8736713 1.5150829 2.6740601 2.5896462 1.4801502 1.5703801 1.6616580 2.1075802 2.1499869 1.6924631 1.7748147 2.2474637 1.5892405 1.6989740 2.0143073 2.1366863 2.2524161 1.8617035 1.9136177 1.8452367 
4_76       1.2852573 3.9038707 1.1876206 2.3417044 1.5443334 3.8736713 0.0000000 4.3434752 1.0113979 1.0803987 4.0278586 3.3475251 3.1001300 3.1849680 3.6098730 3.4441718 2.8382962 4.2965949 3.3349338 3.8347304 3.4550802 4.3693031 3.3793125 3.2999564 3.3718121 3.8210174 
4_137      4.8792356 1.0163135 2.5895528 2.5375387 3.6991480 1.5150829 4.3434752 0.0000000 2.5565675 2.5124557 0.5051139 1.9141500 1.9791337 2.3499659 2.6680235 1.9784567 2.0318504 2.2802333 1.8800752 2.0002149 2.2904167 2.1872285 2.6197993 1.9127456 2.1203093 1.9010516 
4_147      0.6876678 2.8789947 0.5104868 1.5631242 1.2342127 2.6740601 1.0113979 2.5565675 0.0000000 0.2938602 2.6128809 2.7091596 3.0377483 3.1238058 3.7255090 3.4301912 2.9089299 2.5797943 2.8581673 3.5378780 3.0421543 2.6729035 4.3827159 2.7511650 2.7654599 2.6137549 
5_168      0.6369785 2.8459584 0.3560008 1.5757016 1.1992093 2.5896462 1.0803987 2.5124557 0.2938602 0.0000000 2.6126798 2.5346452 3.1122996 3.0649621 3.5688357 3.3155393 2.8531290 2.4711597 2.8481008 3.3210891 3.1327649 2.4228717 4.3717974 2.6687073 2.4599264 2.5612751 
5_169      3.9788431 1.0216390 3.0102471 2.6873288 3.4033732 1.4801502 4.0278586 0.5051139 2.6128809 2.6126798 0.0000000 2.0058501 1.8837749 2.0680081 2.4461012 2.0749835 2.2003770 2.2220833 1.9140389 2.1449857 2.2288516 2.1511876 2.5372246 2.0737928 2.1496570 2.0352095 
6_11       3.7105622 2.0094081 2.9198454 2.2699249 3.3613210 1.5703801 3.3475251 1.9141500 2.7091596 2.5346452 2.0058501 0.0000000 1.4582156 1.7044751 2.3108197 1.5405523 1.4675876 1.8320928 0.4183366 1.6989297 1.8308161 1.8118564 2.2150388 1.5798842 1.8035230 1.7793395 
6_20       2.9574807 1.8414930 3.4454664 2.6229770 3.6973271 1.6616580 3.1001300 1.9791337 3.0377483 3.1122996 1.8837749 1.4582156 0.0000000 1.7195835 1.7704773 1.3240676 1.4716412 2.0976304 1.3576562 1.4540691 1.7444783 2.0095812 1.9170138 1.5968735 1.6230939 1.7419760 
6_93       3.6123617 2.1716981 3.1135782 2.5527309 3.3713184 2.1075802 3.1849680 2.3499659 3.1238058 3.0649621 2.0680081 1.7044751 1.7195835 0.0000000 2.1977427 1.7893495 2.0487612 1.8938189 1.5439109 1.8025019 0.6777430 1.7765855 2.3411659 2.0075445 2.1356345 2.1975018 
6_106      3.9806812 2.4379374 3.9731865 2.6273819 4.0435941 2.1499869 3.6098730 2.6680235 3.7255090 3.5688357 2.4461012 2.3108197 1.7704773 2.1977427 0.0000000 1.9384424 1.8880292 1.9888623 2.0784519 1.9478960 2.0794704 1.9453502 1.0307868 1.7894073 2.3999941 2.3606537 
6_111      3.2574939 2.0625683 3.8556352 2.7281991 3.2574589 1.6924631 3.4441718 1.9784567 3.4301912 3.3155393 2.0749835 1.5405523 1.3240676 1.7893495 1.9384424 0.0000000 1.4234573 1.9136332 1.5194953 0.5351818 1.8477517 1.9050250 2.0273044 1.5165234 1.6702200 1.8573476 
6_119      3.2807128 1.8519317 3.2513808 2.2650707 3.6620046 1.7748147 2.8382962 2.0318504 2.9089299 2.8531290 2.2003770 1.4675876 1.4716412 2.0487612 1.8880292 1.4234573 0.0000000 2.0159880 1.3979116 1.5405834 2.0946862 1.8627400 1.8614188 0.6502878 1.8503094 1.7998435 
6_124      3.6773258 2.3219913 2.8996996 2.2724227 3.7249710 2.2474637 4.2965949 2.2802333 2.5797943 2.4711597 2.2220833 1.8320928 2.0976304 1.8938189 1.9888623 1.9136332 2.0159880 0.0000000 1.8697619 1.9089009 1.6941055 0.4434585 2.1294987 2.0638357 2.2701677 2.2214654 
7_4        3.4239130 2.1145984 3.2143063 2.2464755 4.0231499 1.5892405 3.3349338 1.8800752 2.8581673 2.8481008 1.9140389 0.4183366 1.3576562 1.5439109 2.0784519 1.5194953 1.3979116 1.8697619 0.0000000 1.6208062 1.6839599 1.7232261 2.2140023 1.4423241 1.8908199 1.8722492 
7_41       3.5717073 1.9981851 4.1938274 2.4999741 3.8412513 1.6989740 3.8347304 2.0002149 3.5378780 3.3210891 2.1449857 1.6989297 1.4540691 1.8025019 1.9478960 0.5351818 1.5405834 1.9089009 1.6208062 0.0000000 1.8390442 1.9400128 2.0516635 1.5585587 1.8573388 1.8482065 
7_46       3.7831589 2.4362605 3.1379160 2.3598023 3.0979056 2.0143073 3.4550802 2.2904167 3.0421543 3.1327649 2.2288516 1.8308161 1.7444783 0.6777430 2.0794704 1.8477517 2.0946862 1.6941055 1.6839599 1.8390442 0.0000000 1.6418209 2.2274004 1.8805419 2.3474505 2.3220286 
7_49       3.6133477 2.1940602 2.8559720 2.0835316 3.7128135 2.1366863 4.3693031 2.1872285 2.6729035 2.4228717 2.1511876 1.8118564 2.0095812 1.7765855 1.9453502 1.9050250 1.8627400 0.4434585 1.7232261 1.9400128 1.6418209 0.0000000 2.1349792 1.8326009 2.3096430 2.2305672 
7_50       4.7101293 2.6826249 4.3732234 2.7486619 3.4649907 2.2524161 3.3793125 2.6197993 4.3827159 4.3717974 2.5372246 2.2150388 1.9170138 2.3411659 1.0307868 2.0273044 1.8614188 2.1294987 2.2140023 2.0516635 2.2274004 2.1349792 0.0000000 1.8569867 2.5051020 2.2445703 
7_87       3.7094171 1.9015896 3.2100301 2.0123228 3.8328647 1.8617035 3.2999564 1.9127456 2.7511650 2.6687073 2.0737928 1.5798842 1.5968735 2.0075445 1.7894073 1.5165234 0.6502878 2.0638357 1.4423241 1.5585587 1.8805419 1.8326009 1.8569867 0.0000000 1.8677143 1.8053440 
43_19      2.9576016 2.2093503 2.4492934 2.3034484 3.0293847 1.9136177 3.3718121 2.1203093 2.7654599 2.4599264 2.1496570 1.8035230 1.6230939 2.1356345 2.3999941 1.6702200 1.8503094 2.2701677 1.8908199 1.8573388 2.3474505 2.3096430 2.5051020 1.8677143 0.0000000 1.0641536 
44_35      3.6712429 1.8889008 2.5316838 2.5320069 3.5241090 1.8452367 3.8210174 1.9010516 2.6137549 2.5612751 2.0352095 1.7793395 1.7419760 2.1975018 2.3606537 1.8573476 1.7998435 2.2214654 1.8722492 1.8482065 2.3220286 2.2305672 2.2445703 1.8053440 1.0641536 0.0000000 
