19
6_36       0.0000000 0.4221342 2.7632320 2.7632320 2.6535121 2.6156350 2.5586619 2.6156350 2.6339522 2.5231431 2.5231431 2.5586619 2.7364243 2.6535121 2.6585789 2.6008545 2.6008545 2.1095731 1.8874373 
7_57       0.4221342 0.0000000 2.9783096 2.9783096 2.7391413 2.7001584 2.5840862 2.7001584 2.7968914 2.5485135 2.5485135 2.5840862 2.7971923 2.7391413 2.6841690 2.6693172 2.6693172 2.1956852 1.7543548 
8_48       2.7632320 2.9783096 0.0000000 0.0000010 1.4397991 1.4209856 1.4208660 1.4209856 1.4090811 1.4006843 1.4006843 1.4208660 1.3899919 1.4397991 1.4157806 1.4810722 1.4810722 2.5910951 2.5472586 
9_49       2.7632320 2.9783096 0.0000010 0.0000000 1.4397991 1.4209856 1.4208660 1.4209856 1.4090811 1.4006843 1.4006843 1.4208660 1.3899919 1.4397991 1.4157806 1.4810722 1.4810722 2.5910951 2.5472586 
12_89      2.6535121 2.7391413 1.4397991 1.4397991 0.0000000 0.0219301 0.0443749 0.0219301 0.0000010 0.0519976 0.0519976 0.0443749 0.0367144 0.0000010 0.0534231 0.0865645 0.0865645 2.3115513 2.4707483 
13_90      2.6156350 2.7001584 1.4209856 1.4209856 0.0219301 0.0000000 0.0368386 0.0000010 0.0219301 0.0443995 0.0443995 0.0368386 0.0292611 0.0219301 0.0678546 0.0847830 0.0847830 2.3165827 2.4370926 
14_83      2.5586619 2.5840862 1.4208660 1.4208660 0.0443749 0.0368386 0.0000000 0.0368386 0.0443749 0.0072032 0.0072032 0.0000010 0.0072320 0.0443749 0.0293512 0.0450053 0.0450053 2.3895398 2.4594700 
15_89      2.6156350 2.7001584 1.4209856 1.4209856 0.0219301 0.0000010 0.0368386 0.0000000 0.0219301 0.0443995 0.0443995 0.0368386 0.0292611 0.0219301 0.0678546 0.0847830 0.0847830 2.3165827 2.4370926 
17_88      2.6339522 2.7968914 1.4090811 1.4090811 0.0000010 0.0219301 0.0443749 0.0219301 0.0000000 0.0519976 0.0519976 0.0443749 0.0360980 0.0000010 0.0534231 0.0865645 0.0865645 2.2835347 2.4846410 
18_95      2.5231431 2.5485135 1.4006843 1.4006843 0.0519976 0.0443995 0.0072032 0.0443995 0.0519976 0.0000000 0.0000010 0.0072032 0.0145279 0.0519976 0.0368522 0.0527409 0.0527409 2.3580884 2.4263650 
19_88      2.5231431 2.5485135 1.4006843 1.4006843 0.0519976 0.0443995 0.0072032 0.0443995 0.0519976 0.0000010 0.0000000 0.0072032 0.0145279 0.0519976 0.0368522 0.0527409 0.0527409 2.3580884 2.4263650 
23_87      2.5586619 2.5840862 1.4208660 1.4208660 0.0443749 0.0368386 0.0000010 0.0368386 0.0443749 0.0072032 0.0072032 0.0000000 0.0072320 0.0443749 0.0293512 0.0450053 0.0450053 2.3895398 2.4594700 
27_89      2.7364243 2.7971923 1.3899919 1.3899919 0.0367144 0.0292611 0.0072320 0.0292611 0.0360980 0.0145279 0.0145279 0.0072320 0.0000000 0.0367144 0.0370040 0.0529636 0.0529636 2.2177144 2.5259502 
36_91      2.6535121 2.7391413 1.4397991 1.4397991 0.0000010 0.0219301 0.0443749 0.0219301 0.0000010 0.0519976 0.0519976 0.0443749 0.0367144 0.0000000 0.0534231 0.0865645 0.0865645 2.3115513 2.4707483 
38_84      2.6585789 2.6841690 1.4157806 1.4157806 0.0534231 0.0678546 0.0293512 0.0678546 0.0534231 0.0368522 0.0368522 0.0293512 0.0370040 0.0534231 0.0000000 0.0296822 0.0296822 2.4676409 2.5887513 
39_84      2.6008545 2.6693172 1.4810722 1.4810722 0.0865645 0.0847830 0.0450053 0.0847830 0.0865645 0.0527409 0.0527409 0.0450053 0.0529636 0.0865645 0.0296822 0.0000000 0.0000010 2.4079224 2.5498752 
40_84      2.6008545 2.6693172 1.4810722 1.4810722 0.0865645 0.0847830 0.0450053 0.0847830 0.0865645 0.0527409 0.0527409 0.0450053 0.0529636 0.0865645 0.0296822 0.0000010 0.0000000 2.4079224 2.5498752 
43_48      2.1095731 2.1956852 2.5910951 2.5910951 2.3115513 2.3165827 2.3895398 2.3165827 2.2835347 2.3580884 2.3580884 2.3895398 2.2177144 2.3115513 2.4676409 2.4079224 2.4079224 0.0000000 0.8855235 
44_21      1.8874373 1.7543548 2.5472586 2.5472586 2.4707483 2.4370926 2.4594700 2.4370926 2.4846410 2.4263650 2.4263650 2.4594700 2.5259502 2.4707483 2.5887513 2.5498752 2.5498752 0.8855235 0.0000000 
