7
1_18       0.0000000 1.3263939 1.2141189 3.1950187 2.6922828 2.7634830 2.0427759 
1_98       1.3263939 0.0000000 0.4454439 2.0390697 1.4716379 1.2950641 1.7789900 
1_99       1.2141189 0.4454439 0.0000000 1.8415293 1.3890313 1.1756039 1.5923771 
1_128      3.1950187 2.0390697 1.8415293 0.0000000 2.4579749 1.9835183 2.7927198 
4_150      2.6922828 1.4716379 1.3890313 2.4579749 0.0000000 0.9927071 1.7785713 
5_69       2.7634830 1.2950641 1.1756039 1.9835183 0.9927071 0.0000000 1.2171025 
5_98       2.0427759 1.7789900 1.5923771 2.7927198 1.7785713 1.2171025 0.0000000 
