20
12_105     0.0000000 0.0103636 0.2781167 0.0103636 0.0269984 0.0038677 0.4721782 0.2823626 0.2751487 0.2823626 0.2781167 0.2757138 0.2757138 0.3897512 0.2714961 0.2719561 0.0068970 0.1300649 0.1182813 0.1182813 
13_104     0.0103636 0.0000000 0.2780663 0.0000010 0.0153208 0.0038645 0.4723639 0.2823123 0.2750132 0.2823123 0.2780663 0.2809978 0.2809978 0.4030479 0.2767572 0.2718317 0.0034402 0.1334408 0.1182463 0.1182463 
14_101     0.2781167 0.2780663 0.0000000 0.2780663 0.3282422 0.2768808 0.1765413 0.0417069 0.0473792 0.0417069 0.0000010 0.0432617 0.0432617 0.0951092 0.0000010 0.0000010 0.2781773 0.3408192 0.3360852 0.3360852 
15_104     0.0103636 0.0000010 0.2780663 0.0000000 0.0153208 0.0038645 0.4723639 0.2823123 0.2750132 0.2823123 0.2780663 0.2809978 0.2809978 0.4030479 0.2767572 0.2718317 0.0034402 0.1334408 0.1182463 0.1182463 
16_102     0.0269984 0.0153208 0.3282422 0.0153208 0.0000000 0.0218801 0.4744896 0.3332540 0.3379265 0.3332540 0.3282422 0.3384284 0.3384284 0.3737178 0.3333646 0.3289636 0.0192011 0.1491494 0.1335905 0.1335905 
17_104     0.0038677 0.0038645 0.2768808 0.0038645 0.0218801 0.0000000 0.5021267 0.2811231 0.2751487 0.2811231 0.2768808 0.2811231 0.2811231 0.3963881 0.2768808 0.2719561 0.0000010 0.1377444 0.1144889 0.1144889 
18_113     0.4721782 0.4723639 0.1765413 0.4723639 0.4744896 0.5021267 0.0000000 0.1491987 0.2061700 0.1491987 0.1765413 0.1791338 0.1791338 0.1996552 0.2067094 0.2125961 0.4723639 0.5153622 0.5066201 0.5066201 
19_105     0.2823626 0.2823123 0.0417069 0.2823123 0.3332540 0.2811231 0.1491987 0.0000000 0.0000010 0.0000010 0.0417069 0.0000010 0.0000010 0.1489434 0.0432617 0.0440189 0.2824249 0.3557851 0.3466576 0.3466576 
20_123     0.2751487 0.2750132 0.0473792 0.2750132 0.3379265 0.2751487 0.2061700 0.0000010 0.0000000 0.0000010 0.0473792 0.0000010 0.0000010 0.1670472 0.0473792 0.0473792 0.2751487 0.3658480 0.3292950 0.3292950 
21_103     0.2823626 0.2823123 0.0417069 0.2823123 0.3332540 0.2811231 0.1491987 0.0000010 0.0000010 0.0000000 0.0417069 0.0000010 0.0000010 0.1489434 0.0432617 0.0440189 0.2824249 0.3557851 0.3466576 0.3466576 
23_105     0.2781167 0.2780663 0.0000010 0.2780663 0.3282422 0.2768808 0.1765413 0.0417069 0.0473792 0.0417069 0.0000000 0.0432617 0.0432617 0.0951092 0.0000010 0.0000010 0.2781773 0.3408192 0.3360852 0.3360852 
24_104     0.2757138 0.2809978 0.0432617 0.2809978 0.3384284 0.2811231 0.1791338 0.0000010 0.0000010 0.0000010 0.0432617 0.0000000 0.0000010 0.1489434 0.0432617 0.0440189 0.2811231 0.3563971 0.3306090 0.3306090 
25_101     0.2757138 0.2809978 0.0432617 0.2809978 0.3384284 0.2811231 0.1791338 0.0000010 0.0000010 0.0000010 0.0432617 0.0000010 0.0000000 0.1489434 0.0432617 0.0440189 0.2811231 0.3563971 0.3306090 0.3306090 
27_108     0.3897512 0.4030479 0.0951092 0.4030479 0.3737178 0.3963881 0.1996552 0.1489434 0.1670472 0.1489434 0.0951092 0.1489434 0.1489434 0.0000000 0.0951092 0.0971300 0.3963881 0.4813700 0.4524581 0.4524581 
28_104     0.2714961 0.2767572 0.0000010 0.2767572 0.3333646 0.2768808 0.2067094 0.0432617 0.0473792 0.0432617 0.0000010 0.0432617 0.0432617 0.0951092 0.0000000 0.0000010 0.2768808 0.3402832 0.3194192 0.3194192 
34_103     0.2719561 0.2718317 0.0000010 0.2718317 0.3289636 0.2719561 0.2125961 0.0440189 0.0473792 0.0440189 0.0000010 0.0440189 0.0440189 0.0971300 0.0000010 0.0000000 0.2719561 0.3422429 0.3209229 0.3209229 
36_108     0.0068970 0.0034402 0.2781773 0.0034402 0.0192011 0.0000010 0.4723639 0.2824249 0.2751487 0.2824249 0.2781773 0.2811231 0.2811231 0.3963881 0.2768808 0.2719561 0.0000000 0.1334967 0.1182965 0.1182965 
38_100     0.1300649 0.1334408 0.3408192 0.1334408 0.1491494 0.1377444 0.5153622 0.3557851 0.3658480 0.3557851 0.3408192 0.3563971 0.3563971 0.4813700 0.3402832 0.3422429 0.1334967 0.0000000 0.1061402 0.1061402 
39_100     0.1182813 0.1182463 0.3360852 0.1182463 0.1335905 0.1144889 0.5066201 0.3466576 0.3292950 0.3466576 0.3360852 0.3306090 0.3306090 0.4524581 0.3194192 0.3209229 0.1182965 0.1061402 0.0000000 0.0000010 
40_100     0.1182813 0.1182463 0.3360852 0.1182463 0.1335905 0.1144889 0.5066201 0.3466576 0.3292950 0.3466576 0.3360852 0.3306090 0.3306090 0.4524581 0.3194192 0.3209229 0.1182965 0.1061402 0.0000010 0.0000000 
