19
4_126      0.0000000 2.5567088 5.0133876 4.8821404 5.0133876 4.8821404 8.9999986 8.9999986 8.9999987 8.9999986 8.9999986 8.9999989 8.9999989 8.9999987 8.9999987 8.9999987 7.4457093 7.4676519 7.4676519 
6_144      2.5567088 0.0000000 3.4692343 3.8838959 3.4692343 3.8838959 1.8325341 1.8325341 1.9409387 1.8325341 1.8325341 2.0401792 2.0401792 1.9409387 2.0767546 2.0767546 1.9652043 1.9380700 1.9380700 
8_124      5.0133876 3.4692343 0.0000000 0.0000010 0.0000010 0.0000010 1.4754301 1.4612175 1.4401385 1.4612175 1.4754301 1.4679108 1.4679108 1.4401385 1.4391364 1.4391364 1.4491815 1.4687409 1.4687409 
9_125      4.8821404 3.8838959 0.0000010 0.0000000 0.0000010 0.0000010 1.3894299 1.3698435 1.3812204 1.3698435 1.3894299 1.3742076 1.3742076 1.3812204 1.3812204 1.3812204 1.3662067 1.3929381 1.3929381 
10_106     5.0133876 3.4692343 0.0000010 0.0000010 0.0000000 0.0000010 1.4754301 1.4612175 1.4401385 1.4612175 1.4754301 1.4679108 1.4679108 1.4401385 1.4391364 1.4391364 1.4491815 1.4687409 1.4687409 
11_10      4.8821404 3.8838959 0.0000010 0.0000010 0.0000010 0.0000000 1.3894299 1.3698435 1.3812204 1.3698435 1.3894299 1.3742076 1.3742076 1.3812204 1.3812204 1.3812204 1.3662067 1.3929381 1.3929381 
12_5       8.9999986 1.8325341 1.4754301 1.3894299 1.4754301 1.3894299 0.0000000 0.0121093 0.0868595 0.0121093 0.0000010 0.0747097 0.0747097 0.0868595 0.0999558 0.0999558 0.1010561 0.1008843 0.1008843 
13_5       8.9999986 1.8325341 1.4612175 1.3698435 1.4612175 1.3698435 0.0121093 0.0000000 0.0738589 0.0000010 0.0121093 0.0617532 0.0617532 0.0738589 0.0867596 0.0867596 0.0876992 0.0875570 0.0875570 
14_5       8.9999987 1.9409387 1.4401385 1.3812204 1.4401385 1.3812204 0.0868595 0.0738589 0.0000000 0.0738589 0.0868595 0.0363327 0.0363327 0.0000010 0.0120281 0.0120281 0.0613967 0.0613066 0.0613066 
15_5       8.9999986 1.8325341 1.4612175 1.3698435 1.4612175 1.3698435 0.0121093 0.0000010 0.0738589 0.0000000 0.0121093 0.0617532 0.0617532 0.0738589 0.0867596 0.0867596 0.0876992 0.0875570 0.0875570 
17_5       8.9999986 1.8325341 1.4754301 1.3894299 1.4754301 1.3894299 0.0000010 0.0121093 0.0868595 0.0121093 0.0000000 0.0747097 0.0747097 0.0868595 0.0999558 0.0999558 0.1010561 0.1008843 0.1008843 
18_5       8.9999989 2.0401792 1.4679108 1.3742076 1.4679108 1.3742076 0.0747097 0.0617532 0.0363327 0.0617532 0.0747097 0.0000000 0.0000010 0.0363327 0.0240196 0.0240196 0.0242618 0.0242307 0.0242307 
19_5       8.9999989 2.0401792 1.4679108 1.3742076 1.4679108 1.3742076 0.0747097 0.0617532 0.0363327 0.0617532 0.0747097 0.0000010 0.0000000 0.0363327 0.0240196 0.0240196 0.0242618 0.0242307 0.0242307 
23_5       8.9999987 1.9409387 1.4401385 1.3812204 1.4401385 1.3812204 0.0868595 0.0738589 0.0000010 0.0738589 0.0868595 0.0363327 0.0363327 0.0000000 0.0120281 0.0120281 0.0613967 0.0613066 0.0613066 
27_4       8.9999987 2.0767546 1.4391364 1.3812204 1.4391364 1.3812204 0.0999558 0.0867596 0.0120281 0.0867596 0.0999558 0.0240196 0.0240196 0.0120281 0.0000000 0.0000010 0.0487003 0.0486323 0.0486323 
28_5       8.9999987 2.0767546 1.4391364 1.3812204 1.4391364 1.3812204 0.0999558 0.0867596 0.0120281 0.0867596 0.0999558 0.0240196 0.0240196 0.0120281 0.0000010 0.0000000 0.0487003 0.0486323 0.0486323 
38_5       7.4457093 1.9652043 1.4491815 1.3662067 1.4491815 1.3662067 0.1010561 0.0876992 0.0613967 0.0876992 0.1010561 0.0242618 0.0242618 0.0613967 0.0487003 0.0487003 0.0000000 0.0243813 0.0243813 
39_5       7.4676519 1.9380700 1.4687409 1.3929381 1.4687409 1.3929381 0.1008843 0.0875570 0.0613066 0.0875570 0.1008843 0.0242307 0.0242307 0.0613066 0.0486323 0.0486323 0.0243813 0.0000000 0.0000010 
40_5       7.4676519 1.9380700 1.4687409 1.3929381 1.4687409 1.3929381 0.1008843 0.0875570 0.0613066 0.0875570 0.1008843 0.0242307 0.0242307 0.0613066 0.0486323 0.0486323 0.0243813 0.0000010 0.0000000 
