27
0_113      0.0000000 0.8279003 3.0176068 3.3847383 2.4570022 2.2711351 3.6815202 4.0168643 3.5471924 3.5471924 3.3710450 3.3489383 3.3927492 3.3489383 3.4137035 3.3806020 3.3806020 3.3927492 3.3853726 3.3853726 3.2641248 5.1422616 3.3433144 3.2999552 3.3046500 3.0340153 3.2169985 
1_121      0.8279003 0.0000000 2.8564171 2.9778842 2.3040459 2.3389423 3.9940435 3.9110824 3.8458598 3.8458598 3.3746841 3.3545887 3.3728098 3.3545887 3.3936636 3.3634008 3.3634008 3.3728098 3.3654128 3.3654128 3.0902412 6.3367847 3.3444174 3.3125362 3.3063154 2.9408854 3.0917124 
2_129      3.0176068 2.8564171 0.0000000 3.6971473 3.4978378 3.0617505 4.0826324 4.3389793 3.8595732 3.8595732 3.7780063 3.8353569 3.8466711 3.8353569 3.8407449 3.8511619 3.8511619 3.8466711 3.8512177 3.8512177 3.1957913 8.9999989 3.7667392 3.7577890 3.7623713 3.7787587 3.5560329 
3_74       3.3847383 2.9778842 3.6971473 0.0000000 3.0511478 2.9818375 3.3821161 3.4100056 3.6625838 3.6625838 3.7175506 3.7370971 3.7725392 3.7370971 3.7782089 3.7607930 3.7607930 3.7725392 3.7782089 3.7782089 3.4348137 9.0000000 3.7688087 3.7463565 3.6984689 2.8982722 3.1656744 
4_152      2.4570022 2.3040459 3.4978378 3.0511478 0.0000000 1.0768369 3.8881372 4.1883242 4.3481758 4.3481758 4.0343887 4.0531639 4.2076048 4.0531639 4.1940983 4.1355292 4.1355292 4.2076048 4.1987188 4.1987188 3.4488067 9.0000000 4.0767163 4.0497096 4.0188759 3.6026757 3.6699577 
5_175      2.2711351 2.3389423 3.0617505 2.9818375 1.0768369 0.0000000 3.6193268 3.6058531 3.8431615 3.8431615 3.6455329 3.6343701 3.7491959 3.6343701 3.7441176 3.7055900 3.7055900 3.7491959 3.7476563 3.7476563 3.2311811 8.8435580 3.6413445 3.5560202 3.6036630 3.7847949 3.6595853 
6_108      3.6815202 3.9940435 4.0826324 3.3821161 3.8881372 3.6193268 0.0000000 0.7132953 3.4586190 3.4586190 3.3737475 3.3847978 3.3702229 3.3847978 3.3825537 3.3760068 3.3760068 3.3702229 3.3726388 3.3726388 3.1384249 6.8561344 3.4333959 3.4106861 3.4324506 2.9324096 2.5502499 
7_23       4.0168643 3.9110824 4.3389793 3.4100056 4.1883242 3.6058531 0.7132953 0.0000000 3.5943310 3.5943310 3.4064840 3.3862624 3.3733587 3.3862624 3.3831157 3.3988693 3.3988693 3.3733587 3.3730488 3.3730488 3.2372756 5.9299136 3.5385914 3.4255360 3.4477994 2.8798958 2.5006590 
8_58       3.5471924 3.8458598 3.8595732 3.6625838 4.3481758 3.8431615 3.4586190 3.5943310 0.0000000 0.0000010 1.4228833 1.4273416 1.4732426 1.4273416 1.4688122 1.4602051 1.4602051 1.4732426 1.4640304 1.4640304 1.2887876 2.5609080 1.4337626 1.4362581 1.4261134 3.6339315 3.2681673 
9_59       3.5471924 3.8458598 3.8595732 3.6625838 4.3481758 3.8431615 3.4586190 3.5943310 0.0000010 0.0000000 1.4228833 1.4273416 1.4732426 1.4273416 1.4688122 1.4602051 1.4602051 1.4732426 1.4640304 1.4640304 1.2887876 2.5609080 1.4337626 1.4362581 1.4261134 3.6339315 3.2681673 
12_113     3.3710450 3.3746841 3.7780063 3.7175506 4.0343887 3.6455329 3.3737475 3.4064840 1.4228833 1.4228833 0.0000000 0.0089181 0.0301128 0.0089181 0.0301225 0.0299786 0.0299786 0.0301128 0.0270662 0.0270662 0.0840157 0.0634162 0.0427222 0.0427346 0.0395603 3.4871078 3.4931888 
13_112     3.3489383 3.3545887 3.8353569 3.7370971 4.0531639 3.6343701 3.3847978 3.3862624 1.4273416 1.4273416 0.0089181 0.0000000 0.0269568 0.0000010 0.0269654 0.0268375 0.0268375 0.0269568 0.0239305 0.0239305 0.0836894 0.0501225 0.0395063 0.0395178 0.0363661 3.4407896 3.4824623 
14_110     3.3927492 3.3728098 3.8466711 3.7725392 4.2076048 3.7491959 3.3702229 3.3733587 1.4732426 1.4732426 0.0301128 0.0269568 0.0000000 0.0269568 0.0058883 0.0118041 0.0118041 0.0000010 0.0029394 0.0029394 0.0595291 0.0000010 0.0518414 0.0486820 0.0486567 3.4350444 3.5476423 
15_112     3.3489383 3.3545887 3.8353569 3.7370971 4.0531639 3.6343701 3.3847978 3.3862624 1.4273416 1.4273416 0.0089181 0.0000010 0.0269568 0.0000000 0.0269654 0.0268375 0.0268375 0.0269568 0.0239305 0.0239305 0.0836894 0.0501225 0.0395063 0.0395178 0.0363661 3.4407896 3.4824623 
18_121     3.4137035 3.3936636 3.8407449 3.7782089 4.1940983 3.7441176 3.3825537 3.3831157 1.4688122 1.4688122 0.0301225 0.0269654 0.0058883 0.0269654 0.0000000 0.0118079 0.0118079 0.0058883 0.0029404 0.0029404 0.0642288 0.0121037 0.0518580 0.0486976 0.0486723 3.4405498 3.5474778 
19_114     3.3806020 3.3634008 3.8511619 3.7607930 4.1355292 3.7055900 3.3760068 3.3988693 1.4602051 1.4602051 0.0299786 0.0268375 0.0118041 0.0268375 0.0118079 0.0000000 0.0000010 0.0118041 0.0088417 0.0088417 0.0784167 0.0000010 0.0454732 0.0484609 0.0484358 3.4711597 3.5290855 
20_7       3.3806020 3.3634008 3.8511619 3.7607930 4.1355292 3.7055900 3.3760068 3.3988693 1.4602051 1.4602051 0.0299786 0.0268375 0.0118041 0.0268375 0.0118079 0.0000010 0.0000000 0.0118041 0.0088417 0.0088417 0.0784167 0.0000010 0.0454732 0.0484609 0.0484358 3.4711597 3.5290855 
23_114     3.3927492 3.3728098 3.8466711 3.7725392 4.2076048 3.7491959 3.3702229 3.3733587 1.4732426 1.4732426 0.0301128 0.0269568 0.0000010 0.0269568 0.0058883 0.0118041 0.0118041 0.0000000 0.0029394 0.0029394 0.0595291 0.0000010 0.0518414 0.0486820 0.0486567 3.4350444 3.5476423 
24_113     3.3853726 3.3654128 3.8512177 3.7782089 4.1987188 3.7476563 3.3726388 3.3730488 1.4640304 1.4640304 0.0270662 0.0239305 0.0029394 0.0239305 0.0029404 0.0088417 0.0088417 0.0029394 0.0000000 0.0000010 0.0642288 0.0000010 0.0487294 0.0455809 0.0455572 3.4301446 3.5357640 
25_110     3.3853726 3.3654128 3.8512177 3.7782089 4.1987188 3.7476563 3.3726388 3.3730488 1.4640304 1.4640304 0.0270662 0.0239305 0.0029394 0.0239305 0.0029404 0.0088417 0.0088417 0.0029394 0.0000010 0.0000000 0.0642288 0.0000010 0.0487294 0.0455809 0.0455572 3.4301446 3.5357640 
27_118     3.2641248 3.0902412 3.1957913 3.4348137 3.4488067 3.2311811 3.1384249 3.2372756 1.2887876 1.2887876 0.0840157 0.0836894 0.0595291 0.0836894 0.0642288 0.0784167 0.0784167 0.0595291 0.0642288 0.0642288 0.0000000 0.0000010 0.1004060 0.1035514 0.1035514 2.9166091 3.3572415 
27_119     5.1422616 6.3367847 8.9999989 9.0000000 9.0000000 8.8435580 6.8561344 5.9299136 2.5609080 2.5609080 0.0634162 0.0501225 0.0000010 0.0501225 0.0121037 0.0000010 0.0000010 0.0000010 0.0000010 0.0000010 0.0000010 0.0000000 0.0760522 0.0762207 0.0760522 8.9999983 6.6332404 
38_109     3.3433144 3.3444174 3.7667392 3.7688087 4.0767163 3.6413445 3.4333959 3.5385914 1.4337626 1.4337626 0.0427222 0.0395063 0.0518414 0.0395063 0.0518580 0.0454732 0.0454732 0.0518414 0.0487294 0.0487294 0.1004060 0.0760522 0.0000000 0.0179462 0.0149094 3.4977252 3.4936078 
39_109     3.2999552 3.3125362 3.7577890 3.7463565 4.0497096 3.5560202 3.4106861 3.4255360 1.4362581 1.4362581 0.0427346 0.0395178 0.0486820 0.0395178 0.0486976 0.0484609 0.0484609 0.0486820 0.0455809 0.0455809 0.1035514 0.0762207 0.0179462 0.0000000 0.0029549 3.4322588 3.4822618 
40_109     3.3046500 3.3063154 3.7623713 3.6984689 4.0188759 3.6036630 3.4324506 3.4477994 1.4261134 1.4261134 0.0395603 0.0363661 0.0486567 0.0363661 0.0486723 0.0484358 0.0484358 0.0486567 0.0455572 0.0455572 0.1035514 0.0760522 0.0149094 0.0029549 0.0000000 3.4546295 3.4684106 
43_91      3.0340153 2.9408854 3.7787587 2.8982722 3.6026757 3.7847949 2.9324096 2.8798958 3.6339315 3.6339315 3.4871078 3.4407896 3.4350444 3.4407896 3.4405498 3.4711597 3.4711597 3.4350444 3.4301446 3.4301446 2.9166091 8.9999983 3.4977252 3.4322588 3.4546295 0.0000000 1.0278450 
44_140     3.2169985 3.0917124 3.5560329 3.1656744 3.6699577 3.6595853 2.5502499 2.5006590 3.2681673 3.2681673 3.4931888 3.4824623 3.5476423 3.4824623 3.5474778 3.5290855 3.5290855 3.5476423 3.5357640 3.5357640 3.3572415 6.6332404 3.4936078 3.4822618 3.4684106 1.0278450 0.0000000 
