6
0_101      0.0000000 0.6600197 3.5448751 2.7063892 2.5781910 2.2828123 
1_133      0.6600197 0.0000000 4.3770643 2.5854916 2.4303593 2.4666975 
2_115      3.5448751 4.3770643 0.0000000 3.9567287 4.4360130 3.2694068 
3_140      2.7063892 2.5854916 3.9567287 0.0000000 2.1721146 2.3630530 
4_55       2.5781910 2.4303593 4.4360130 2.1721146 0.0000000 0.8627186 
5_55       2.2828123 2.4666975 3.2694068 2.3630530 0.8627186 0.0000000 
