6
0_8        0.0000000 0.7103040 3.5378525 4.6171713 6.1651665 3.9284901 
1_33       0.7103040 0.0000000 3.9477303 4.2363624 5.0952264 3.6393013 
6_91       3.5378525 3.9477303 0.0000000 0.4529725 2.4400994 2.3327162 
7_47       4.6171713 4.2363624 0.4529725 0.0000000 3.0220787 2.2562231 
43_28      6.1651665 5.0952264 2.4400994 3.0220787 0.0000000 1.6568003 
44_138     3.9284901 3.6393013 2.3327162 2.2562231 1.6568003 0.0000000 
