27
8_12       0.0000000 0.0000010 0.0017961 0.0017961 3.1342426 3.1453468 2.9153578 3.1453468 3.1210423 3.2400346 2.7920370 2.8011790 2.8011790 2.9153578 2.7937878 2.7937878 2.9210197 2.9352919 2.8052871 2.8997938 2.8960762 3.1165606 2.8997938 3.3069130 3.2365483 3.2365483 2.8125839 
9_12       0.0000010 0.0000000 0.0017961 0.0017961 3.1342426 3.1453468 2.9153578 3.1453468 3.1210423 3.2400346 2.7920370 2.8011790 2.8011790 2.9153578 2.7937878 2.7937878 2.9210197 2.9352919 2.8052871 2.8997938 2.8960762 3.1165606 2.8997938 3.3069130 3.2365483 3.2365483 2.8125839 
10_132     0.0017961 0.0017961 0.0000000 0.0000010 3.1342426 3.1453468 2.9153578 3.1453468 3.1210423 3.2400346 2.7920370 2.8011790 2.8011790 2.9153578 2.7937878 2.7937878 2.9210197 2.9352919 2.8052871 2.8997938 2.8960762 3.1165606 2.8997938 3.3069130 3.2365483 3.2365483 2.8125839 
11_120     0.0017961 0.0017961 0.0000010 0.0000000 3.1342426 3.1453468 2.9153578 3.1453468 3.1210423 3.2400346 2.7920370 2.8011790 2.8011790 2.9153578 2.7937878 2.7937878 2.9210197 2.9352919 2.8052871 2.8997938 2.8960762 3.1165606 2.8997938 3.3069130 3.2365483 3.2365483 2.8125839 
12_37      3.1342426 3.1342426 3.1342426 3.1342426 0.0000000 0.0130939 0.1344955 0.0130939 0.0157414 0.0133990 0.1704318 0.1672373 0.1672373 0.1344955 0.1734371 0.1734371 0.1336510 0.1396516 0.1706138 0.1366654 0.1396080 0.0157233 0.1366654 0.2121140 0.2217357 0.2217357 0.1715605 
13_37      3.1453468 3.1453468 3.1453468 3.1453468 0.0130939 0.0000000 0.1254493 0.0000010 0.0026025 0.0000010 0.1610213 0.1578543 0.1578543 0.1254493 0.1640105 0.1640105 0.1246474 0.1306024 0.1611959 0.1276390 0.1305631 0.0025996 0.1276390 0.2014038 0.2041386 0.2041386 0.1603749 
14_34      2.9153578 2.9153578 2.9153578 2.9153578 0.1344955 0.1254493 0.0000000 0.1254493 0.1285329 0.1254440 0.0759248 0.0730076 0.0730076 0.0000010 0.0787632 0.0787632 0.0078157 0.0078166 0.0760176 0.0052070 0.0078155 0.1283686 0.0052070 0.1580886 0.1527801 0.1527801 0.0807116 
15_36      3.1453468 3.1453468 3.1453468 3.1453468 0.0130939 0.0000010 0.1254493 0.0000000 0.0026025 0.0000010 0.1610213 0.1578543 0.1578543 0.1254493 0.1640105 0.1640105 0.1246474 0.1306024 0.1611959 0.1276390 0.1305631 0.0025996 0.1276390 0.2014038 0.2041386 0.2041386 0.1603749 
16_34      3.1210423 3.1210423 3.1210423 3.1210423 0.0157414 0.0026025 0.1285329 0.0026025 0.0000000 0.0026629 0.1642488 0.1610707 0.1610707 0.1285329 0.1672451 0.1672451 0.1277159 0.1336896 0.1644261 0.1307169 0.1336489 0.0052086 0.1307169 0.2049094 0.2077004 0.2077004 0.1642096 
17_35      3.2400346 3.2400346 3.2400346 3.2400346 0.0133990 0.0000010 0.1254440 0.0000010 0.0026629 0.0000000 0.1582788 0.1550541 0.1550541 0.1254440 0.1613254 0.1613254 0.1246240 0.1307138 0.1584548 0.1276833 0.1306736 0.0026598 0.1276833 0.2014038 0.2041386 0.2041386 0.1603749 
18_39      2.7920370 2.7920370 2.7920370 2.7920370 0.1704318 0.1610213 0.0759248 0.1610213 0.1642488 0.1582788 0.0000000 0.0025824 0.0025824 0.0759248 0.0077626 0.0077626 0.0729774 0.0729972 0.0051792 0.0701351 0.0729802 0.1640330 0.0701351 0.1737588 0.1699993 0.1699993 0.0030763 
19_38      2.8011790 2.8011790 2.8011790 2.8011790 0.1672373 0.1578543 0.0730076 0.1578543 0.1610707 0.1550541 0.0025824 0.0000000 0.0000010 0.0730076 0.0051673 0.0051673 0.0700701 0.0700887 0.0025857 0.0672335 0.0700726 0.1608594 0.0672335 0.1704355 0.1666679 0.1666679 0.0000010 
20_56      2.8011790 2.8011790 2.8011790 2.8011790 0.1672373 0.1578543 0.0730076 0.1578543 0.1610707 0.1550541 0.0025824 0.0000010 0.0000000 0.0730076 0.0051673 0.0051673 0.0700701 0.0700887 0.0025857 0.0672335 0.0700726 0.1608594 0.0672335 0.1704355 0.1666679 0.1666679 0.0000010 
23_34      2.9153578 2.9153578 2.9153578 2.9153578 0.1344955 0.1254493 0.0000010 0.1254493 0.1285329 0.1254440 0.0759248 0.0730076 0.0730076 0.0000000 0.0787632 0.0787632 0.0078157 0.0078166 0.0760176 0.0052070 0.0078155 0.1283686 0.0052070 0.1580886 0.1527801 0.1527801 0.0807116 
25_35      2.7937878 2.7937878 2.7937878 2.7937878 0.1734371 0.1640105 0.0787632 0.1640105 0.1672451 0.1613254 0.0077626 0.0051673 0.0051673 0.0787632 0.0000000 0.0000010 0.0758092 0.0758302 0.0077724 0.0729644 0.0758123 0.1670252 0.0729644 0.1768820 0.1731337 0.1731337 0.0061559 
26_38      2.7937878 2.7937878 2.7937878 2.7937878 0.1734371 0.1640105 0.0787632 0.1640105 0.1672451 0.1613254 0.0077626 0.0051673 0.0051673 0.0787632 0.0000010 0.0000000 0.0758092 0.0758302 0.0077724 0.0729644 0.0758123 0.1670252 0.0729644 0.1768820 0.1731337 0.1731337 0.0061559 
27_35      2.9210197 2.9210197 2.9210197 2.9210197 0.1336510 0.1246474 0.0078157 0.1246474 0.1277159 0.1246240 0.0729774 0.0700701 0.0700701 0.0078157 0.0758092 0.0758092 0.0000000 0.0052013 0.0730669 0.0025986 0.0052005 0.1275534 0.0025986 0.1551149 0.1561204 0.1561204 0.0807116 
28_34      2.9352919 2.9352919 2.9352919 2.9352919 0.1396516 0.1306024 0.0078166 0.1306024 0.1336896 0.1307138 0.0729972 0.0700887 0.0700887 0.0078166 0.0758302 0.0758302 0.0052013 0.0000000 0.0730868 0.0025989 0.0052011 0.1335190 0.0025989 0.1614769 0.1561958 0.1561958 0.0773058 
29_38      2.8052871 2.8052871 2.8052871 2.8052871 0.1706138 0.1611959 0.0760176 0.1611959 0.1644261 0.1584548 0.0051792 0.0025857 0.0025857 0.0760176 0.0077724 0.0077724 0.0730669 0.0730868 0.0000000 0.0702215 0.0730697 0.1642099 0.0702215 0.1739503 0.1701889 0.1701889 0.0000010 
31_69      2.8997938 2.8997938 2.8997938 2.8997938 0.1366654 0.1276390 0.0052070 0.1276390 0.1307169 0.1276833 0.0701351 0.0672335 0.0672335 0.0052070 0.0729644 0.0729644 0.0025986 0.0025989 0.0702215 0.0000000 0.0025985 0.1305503 0.0000010 0.1583094 0.1529956 0.1529956 0.0773058 
33_40      2.8960762 2.8960762 2.8960762 2.8960762 0.1396080 0.1305631 0.0078155 0.1305631 0.1336489 0.1306736 0.0729802 0.0700726 0.0700726 0.0078155 0.0758123 0.0758123 0.0052005 0.0052011 0.0730697 0.0025985 0.0000000 0.1334784 0.0025985 0.1614197 0.1561408 0.1561408 0.0807161 
36_38      3.1165606 3.1165606 3.1165606 3.1165606 0.0157233 0.0025996 0.1283686 0.0025996 0.0052086 0.0026598 0.1640330 0.1608594 0.1608594 0.1283686 0.1670252 0.1670252 0.1275534 0.1335190 0.1642099 0.1305503 0.1334784 0.0000000 0.1305503 0.2046232 0.2074062 0.2074062 0.1639532 
37_34      2.8997938 2.8997938 2.8997938 2.8997938 0.1366654 0.1276390 0.0052070 0.1276390 0.1307169 0.1276833 0.0701351 0.0672335 0.0672335 0.0052070 0.0729644 0.0729644 0.0025986 0.0025989 0.0702215 0.0000010 0.0025985 0.1305503 0.0000000 0.1583094 0.1529956 0.1529956 0.0773058 
38_35      3.3069130 3.3069130 3.3069130 3.3069130 0.2121140 0.2014038 0.1580886 0.2014038 0.2049094 0.2014038 0.1737588 0.1704355 0.1704355 0.1580886 0.1768820 0.1768820 0.1551149 0.1614769 0.1739503 0.1583094 0.1614197 0.2046232 0.1583094 0.0000000 0.0774056 0.0774056 0.1655127 
39_36      3.2365483 3.2365483 3.2365483 3.2365483 0.2217357 0.2041386 0.1527801 0.2041386 0.2077004 0.2041386 0.1699993 0.1666679 0.1666679 0.1527801 0.1731337 0.1731337 0.1561204 0.1561958 0.1701889 0.1529956 0.1561408 0.2074062 0.1529956 0.0774056 0.0000000 0.0000010 0.1566884 
40_36      3.2365483 3.2365483 3.2365483 3.2365483 0.2217357 0.2041386 0.1527801 0.2041386 0.2077004 0.2041386 0.1699993 0.1666679 0.1666679 0.1527801 0.1731337 0.1731337 0.1561204 0.1561958 0.1701889 0.1529956 0.1561408 0.2074062 0.1529956 0.0774056 0.0000010 0.0000000 0.1566884 
42_81      2.8125839 2.8125839 2.8125839 2.8125839 0.1715605 0.1603749 0.0807116 0.1603749 0.1642096 0.1603749 0.0030763 0.0000010 0.0000010 0.0807116 0.0061559 0.0061559 0.0807116 0.0773058 0.0000010 0.0773058 0.0807161 0.1639532 0.0773058 0.1655127 0.1566884 0.1566884 0.0000000 
