6
1_29       0.0000000 1.9291369 1.5930065 1.8012584 1.7435932 2.1106848 
4_115      1.9291369 0.0000000 1.5029207 1.8102064 0.8670830 1.7699405 
5_48       1.5930065 1.5029207 0.0000000 0.7117167 1.3812938 1.6952557 
5_77       1.8012584 1.8102064 0.7117167 0.0000000 1.6097250 1.4169552 
5_82       1.7435932 0.8670830 1.3812938 1.6097250 0.0000000 1.7835690 
5_146      2.1106848 1.7699405 1.6952557 1.4169552 1.7835690 0.0000000 
