15
12_101     0.0000000 0.0254928 0.0972198 0.0254928 0.0276714 0.0000010 2.1821498 0.6283290 0.0997991 0.0997991 0.0972198 0.0993588 0.1167519 0.1362848 0.1362848 
13_100     0.0254928 0.0000000 0.0946783 0.0000010 0.0020733 0.0254928 2.2155844 0.5877801 0.0942110 0.0942110 0.0946783 0.0968139 0.1214279 0.1358677 0.1358677 
14_96      0.0972198 0.0946783 0.0000000 0.0946783 0.0971330 0.0972198 1.7771797 0.5810887 0.0228988 0.0228988 0.0000010 0.0103036 0.0987602 0.1092514 0.1092514 
15_100     0.0254928 0.0000010 0.0946783 0.0000000 0.0020733 0.0254928 2.2155844 0.5877801 0.0942110 0.0942110 0.0946783 0.0968139 0.1214279 0.1358677 0.1358677 
16_98      0.0276714 0.0020733 0.0971330 0.0020733 0.0000000 0.0276714 2.2155844 0.5879966 0.0966545 0.0966545 0.0971330 0.0992704 0.1239846 0.1385128 0.1385128 
17_99      0.0000010 0.0254928 0.0972198 0.0254928 0.0276714 0.0000000 2.1821498 0.6283290 0.0997991 0.0997991 0.0972198 0.0993588 0.1167519 0.1362848 0.1362848 
18_109     2.1821498 2.2155844 1.7771797 2.2155844 2.2155844 2.1821498 0.0000000 2.7993931 1.7665663 1.7665663 1.7771797 1.7771797 2.0789722 2.0661574 2.0661574 
18_110     0.6283290 0.5877801 0.5810887 0.5877801 0.5879966 0.6283290 2.7993931 0.0000000 0.6259648 0.6259648 0.5810887 0.5810887 0.7897110 0.9106931 0.9106931 
19_100     0.0997991 0.0942110 0.0228988 0.0942110 0.0966545 0.0997991 1.7665663 0.6259648 0.0000000 0.0000010 0.0228988 0.0124133 0.1037043 0.1138033 0.1138033 
20_118     0.0997991 0.0942110 0.0228988 0.0942110 0.0966545 0.0997991 1.7665663 0.6259648 0.0000010 0.0000000 0.0228988 0.0124133 0.1037043 0.1138033 0.1138033 
23_100     0.0972198 0.0946783 0.0000010 0.0946783 0.0971330 0.0972198 1.7771797 0.5810887 0.0228988 0.0228988 0.0000000 0.0103036 0.0987602 0.1092514 0.1092514 
34_98      0.0993588 0.0968139 0.0103036 0.0968139 0.0992704 0.0993588 1.7771797 0.5810887 0.0124133 0.0124133 0.0103036 0.0000000 0.0989133 0.1067630 0.1067630 
38_96      0.1167519 0.1214279 0.0987602 0.1214279 0.1239846 0.1167519 2.0789722 0.7897110 0.1037043 0.1037043 0.0987602 0.0989133 0.0000000 0.0630089 0.0630089 
39_96      0.1362848 0.1358677 0.1092514 0.1358677 0.1385128 0.1362848 2.0661574 0.9106931 0.1138033 0.1138033 0.1092514 0.1067630 0.0630089 0.0000000 0.0000010 
40_96      0.1362848 0.1358677 0.1092514 0.1358677 0.1385128 0.1362848 2.0661574 0.9106931 0.1138033 0.1138033 0.1092514 0.1067630 0.0630089 0.0000010 0.0000000 
