8
0_68       0.0000000 0.4691144 3.2194503 2.0816356 1.5133068 1.4147056 3.1643242 3.0055164 
1_25       0.4691144 0.0000000 3.2790203 1.8305936 1.4962061 1.3099640 3.1393880 3.1200290 
2_132      3.2194503 3.2790203 0.0000000 3.8613998 3.6947554 3.4958686 4.7746587 3.8322179 
3_160      2.0816356 1.8305936 3.8613998 0.0000000 2.0874369 1.8977706 2.6991893 2.4396747 
4_59       1.5133068 1.4962061 3.6947554 2.0874369 0.0000000 0.3989854 3.3144222 3.0992983 
5_71       1.4147056 1.3099640 3.4958686 1.8977706 0.3989854 0.0000000 3.1060881 3.0748840 
43_53      3.1643242 3.1393880 4.7746587 2.6991893 3.3144222 3.1060881 0.0000000 1.5265979 
44_131     3.0055164 3.1200290 3.8322179 2.4396747 3.0992983 3.0748840 1.5265979 0.0000000 
