17
8_44       0.0000000 0.0000010 0.0132726 2.7167116 2.7153192 2.6237279 2.7067162 2.7067162 2.6303035 2.6303035 2.6237279 2.7105438 2.7105438 2.7447652 2.5799771 2.5510608 2.5510608 
9_45       0.0000010 0.0000000 0.0132726 2.7167116 2.7153192 2.6237279 2.7067162 2.7067162 2.6303035 2.6303035 2.6237279 2.7105438 2.7105438 2.7447652 2.5799771 2.5510608 2.5510608 
11_89      0.0132726 0.0132726 0.0000000 2.7105017 2.7091484 2.5932640 2.7006954 2.7006954 2.6246348 2.6246348 2.5932640 2.7043672 2.7043672 2.7385395 2.5746883 2.5459865 2.5459865 
12_119     2.7167116 2.7167116 2.7105017 0.0000000 0.0294866 0.0816374 0.0220661 0.0220661 0.0531871 0.0531871 0.0816374 0.0688174 0.0688174 0.0295537 0.1178206 0.1098545 0.1098545 
13_117     2.7153192 2.7153192 2.7091484 0.0294866 0.0000000 0.1012917 0.0072977 0.0072977 0.0679717 0.0679717 0.1012917 0.0836243 0.0836243 0.0146599 0.1411095 0.1248748 0.1248748 
14_116     2.6237279 2.6237279 2.5932640 0.0816374 0.1012917 0.0000000 0.0908951 0.0908951 0.0195334 0.0195334 0.0000010 0.0000010 0.0000010 0.1016261 0.1688405 0.1351654 0.1351654 
15_118     2.7067162 2.7067162 2.7006954 0.0220661 0.0072977 0.0908951 0.0000000 0.0000010 0.0602849 0.0602849 0.0908951 0.0758531 0.0758531 0.0073138 0.1329854 0.1168160 0.1168160 
16_115     2.7067162 2.7067162 2.7006954 0.0220661 0.0072977 0.0908951 0.0000010 0.0000000 0.0602849 0.0602849 0.0908951 0.0758531 0.0758531 0.0073138 0.1329854 0.1168160 0.1168160 
19_120     2.6303035 2.6303035 2.6246348 0.0531871 0.0679717 0.0195334 0.0602849 0.0602849 0.0000000 0.0000010 0.0195334 0.0221883 0.0221883 0.0681348 0.1168471 0.0924432 0.0924432 
20_13      2.6303035 2.6303035 2.6246348 0.0531871 0.0679717 0.0195334 0.0602849 0.0602849 0.0000010 0.0000000 0.0195334 0.0221883 0.0221883 0.0681348 0.1168471 0.0924432 0.0924432 
23_120     2.6237279 2.6237279 2.5932640 0.0816374 0.1012917 0.0000010 0.0908951 0.0908951 0.0195334 0.0195334 0.0000000 0.0000010 0.0000010 0.1016261 0.1688405 0.1351654 0.1351654 
31_29      2.7105438 2.7105438 2.7043672 0.0688174 0.0836243 0.0000010 0.0758531 0.0758531 0.0221883 0.0221883 0.0000010 0.0000000 0.0000010 0.0838286 0.1333046 0.1085596 0.1085596 
32_78      2.7105438 2.7105438 2.7043672 0.0688174 0.0836243 0.0000010 0.0758531 0.0758531 0.0221883 0.0221883 0.0000010 0.0000010 0.0000000 0.0838286 0.1333046 0.1085596 0.1085596 
36_122     2.7447652 2.7447652 2.7385395 0.0295537 0.0146599 0.1016261 0.0073138 0.0073138 0.0681348 0.0681348 0.1016261 0.0838286 0.0838286 0.0000000 0.1414802 0.1251976 0.1251976 
38_115     2.5799771 2.5799771 2.5746883 0.1178206 0.1411095 0.1688405 0.1329854 0.1329854 0.1168471 0.1168471 0.1688405 0.1333046 0.1333046 0.1414802 0.0000000 0.0521700 0.0521700 
39_115     2.5510608 2.5510608 2.5459865 0.1098545 0.1248748 0.1351654 0.1168160 0.1168160 0.0924432 0.0924432 0.1351654 0.1085596 0.1085596 0.1251976 0.0521700 0.0000000 0.0000010 
40_115     2.5510608 2.5510608 2.5459865 0.1098545 0.1248748 0.1351654 0.1168160 0.1168160 0.0924432 0.0924432 0.1351654 0.1085596 0.1085596 0.1251976 0.0521700 0.0000010 0.0000000 
