18
12_103     0.0000000 0.0621399 0.0687851 0.0450008 0.0411485 0.0000010 0.0767158 0.0767158 0.0687851 0.0811169 0.0811169 0.0730639 0.0692398 0.0692398 0.1460846 0.0794192 0.0794192 0.1117816 
13_102     0.0621399 0.0000000 0.0901184 0.0000010 0.0084924 0.0621399 0.0802068 0.0802068 0.0901184 0.0906063 0.0906063 0.0901184 0.0901184 0.0901184 0.0528106 0.0663634 0.0663634 0.1819236 
14_98      0.0687851 0.0901184 0.0000000 0.1022930 0.0981401 0.0687851 0.0616172 0.0616172 0.0000010 0.0659413 0.0659413 0.0035722 0.0221846 0.0221846 0.1726570 0.0911186 0.0911186 0.0972249 
15_102     0.0450008 0.0000010 0.1022930 0.0000000 0.0035692 0.0450008 0.0933418 0.0933418 0.1022930 0.0979182 0.0979182 0.1069148 0.1030100 0.1030100 0.1622821 0.0917486 0.0917486 0.1235048 
16_100     0.0411485 0.0084924 0.0981401 0.0035692 0.0000000 0.0411485 0.0892676 0.0892676 0.0981401 0.0938074 0.0938074 0.1027297 0.0988247 0.0988247 0.1577836 0.0875825 0.0875825 0.1235048 
17_101     0.0000010 0.0621399 0.0687851 0.0450008 0.0411485 0.0000000 0.0767158 0.0767158 0.0687851 0.0811169 0.0811169 0.0730639 0.0692398 0.0692398 0.1460846 0.0794192 0.0794192 0.1117816 
19_102     0.0767158 0.0802068 0.0616172 0.0933418 0.0892676 0.0767158 0.0000000 0.0000010 0.0616172 0.0036228 0.0036228 0.0658897 0.0373557 0.0373557 0.1521916 0.0903583 0.0903583 0.0237083 
20_120     0.0767158 0.0802068 0.0616172 0.0933418 0.0892676 0.0767158 0.0000010 0.0000000 0.0616172 0.0036228 0.0036228 0.0658897 0.0373557 0.0373557 0.1521916 0.0903583 0.0903583 0.0237083 
23_102     0.0687851 0.0901184 0.0000010 0.1022930 0.0981401 0.0687851 0.0616172 0.0616172 0.0000000 0.0659413 0.0659413 0.0035722 0.0221846 0.0221846 0.1726570 0.0911186 0.0911186 0.0972249 
25_98      0.0811169 0.0906063 0.0659413 0.0979182 0.0938074 0.0811169 0.0036228 0.0036228 0.0659413 0.0000000 0.0000010 0.0702736 0.0413778 0.0413778 0.1575480 0.0949706 0.0949706 0.0237083 
26_101     0.0811169 0.0906063 0.0659413 0.0979182 0.0938074 0.0811169 0.0036228 0.0036228 0.0659413 0.0000010 0.0000000 0.0702736 0.0413778 0.0413778 0.1575480 0.0949706 0.0949706 0.0237083 
27_105     0.0730639 0.0901184 0.0035722 0.1069148 0.1027297 0.0730639 0.0658897 0.0658897 0.0035722 0.0702736 0.0702736 0.0000000 0.0260450 0.0260450 0.1780895 0.0956933 0.0956933 0.1031789 
32_96      0.0692398 0.0901184 0.0221846 0.1030100 0.0988247 0.0692398 0.0373557 0.0373557 0.0221846 0.0413778 0.0413778 0.0260450 0.0000000 0.0000010 0.1529638 0.0917544 0.0917544 0.0640502 
35_102     0.0692398 0.0901184 0.0221846 0.1030100 0.0988247 0.0692398 0.0373557 0.0373557 0.0221846 0.0413778 0.0413778 0.0260450 0.0000010 0.0000000 0.1529638 0.0917544 0.0917544 0.0640502 
38_98      0.1460846 0.0528106 0.1726570 0.1622821 0.1577836 0.1460846 0.1521916 0.1521916 0.1726570 0.1575480 0.1575480 0.1780895 0.1529638 0.1529638 0.0000000 0.1610620 0.1610620 0.2166182 
39_98      0.0794192 0.0663634 0.0911186 0.0917486 0.0875825 0.0794192 0.0903583 0.0903583 0.0911186 0.0949706 0.0949706 0.0956933 0.0917544 0.0917544 0.1610620 0.0000000 0.0000010 0.1308973 
40_98      0.0794192 0.0663634 0.0911186 0.0917486 0.0875825 0.0794192 0.0903583 0.0903583 0.0911186 0.0949706 0.0949706 0.0956933 0.0917544 0.0917544 0.1610620 0.0000010 0.0000000 0.1308973 
42_108     0.1117816 0.1819236 0.0972249 0.1235048 0.1235048 0.1117816 0.0237083 0.0237083 0.0972249 0.0237083 0.0237083 0.1031789 0.0640502 0.0640502 0.2166182 0.1308973 0.1308973 0.0000000 
