14
12_71      0.0000000 0.0129329 0.1110955 0.0129329 0.0129329 0.0000010 0.1198097 0.1110479 0.1110479 0.1110955 0.1183304 0.1355442 0.1110955 0.0000010 
13_72      0.0129329 0.0000000 0.1255061 0.0000010 0.0000010 0.0145130 0.1313555 0.1196032 0.1196032 0.1255061 0.1269959 0.1512913 0.1255061 0.0129329 
14_67      0.1110955 0.1255061 0.0000000 0.1255061 0.1255061 0.1090931 0.0350734 0.0259528 0.0259528 0.0000010 0.0325290 0.1124058 0.0000010 0.1110955 
15_71      0.0129329 0.0000010 0.1255061 0.0000000 0.0000010 0.0145130 0.1313555 0.1196032 0.1196032 0.1255061 0.1269959 0.1512913 0.1255061 0.0129329 
16_68      0.0129329 0.0000010 0.1255061 0.0000010 0.0000000 0.0145130 0.1313555 0.1196032 0.1196032 0.1255061 0.1269959 0.1512913 0.1255061 0.0129329 
17_70      0.0000010 0.0145130 0.1090931 0.0145130 0.0145130 0.0000000 0.1198097 0.1009181 0.1009181 0.1090931 0.1090350 0.1090931 0.1090931 0.0000010 
18_78      0.1198097 0.1313555 0.0350734 0.1313555 0.1313555 0.1198097 0.0000000 0.0086722 0.0086722 0.0350734 0.0174093 0.0350734 0.0350734 0.1198097 
19_72      0.1110479 0.1196032 0.0259528 0.1196032 0.1196032 0.1009181 0.0086722 0.0000000 0.0000010 0.0259528 0.0064401 0.0806034 0.0259528 0.1110479 
20_89      0.1110479 0.1196032 0.0259528 0.1196032 0.1196032 0.1009181 0.0086722 0.0000010 0.0000000 0.0259528 0.0064401 0.0806034 0.0259528 0.1110479 
23_70      0.1110955 0.1255061 0.0000010 0.1255061 0.1255061 0.1090931 0.0350734 0.0259528 0.0259528 0.0000000 0.0325290 0.1124058 0.0000010 0.1110955 
26_71      0.1183304 0.1269959 0.0325290 0.1269959 0.1269959 0.1090350 0.0174093 0.0064401 0.0064401 0.0325290 0.0000000 0.0881671 0.0325290 0.1183304 
27_73      0.1355442 0.1512913 0.1124058 0.1512913 0.1512913 0.1090931 0.0350734 0.0806034 0.0806034 0.1124058 0.0881671 0.0000000 0.0505700 0.1355442 
28_70      0.1110955 0.1255061 0.0000010 0.1255061 0.1255061 0.1090931 0.0350734 0.0259528 0.0259528 0.0000010 0.0325290 0.0505700 0.0000000 0.1110955 
36_73      0.0000010 0.0129329 0.1110955 0.0129329 0.0129329 0.0000010 0.1198097 0.1110479 0.1110479 0.1110955 0.1183304 0.1355442 0.1110955 0.0000000 
