6
0_116      0.0000000 0.6574544 3.3266486 2.7654191 3.2766341 3.0859078 
1_104      0.6574544 0.0000000 3.6466098 2.9409239 3.0277406 2.8990887 
2_139      3.3266486 3.6466098 0.0000000 3.6278802 4.4868860 4.1783645 
3_3        2.7654191 2.9409239 3.6278802 0.0000000 2.4546333 2.6746613 
4_94       3.2766341 3.0277406 4.4868860 2.4546333 0.0000000 0.5196686 
5_75       3.0859078 2.8990887 4.1783645 2.6746613 0.5196686 0.0000000 
