8
8_6        0.0000000 1.1623518 0.0000010 1.1623518 1.2684113 1.0454644 1.1614049 0.0035389 
8_13       1.1623518 0.0000000 1.1623518 0.0000010 0.0396099 0.0065144 0.0046207 1.1642661 
9_6        0.0000010 1.1623518 0.0000000 1.1623518 1.2684113 1.0454644 1.1614049 0.0035389 
9_13       1.1623518 0.0000010 1.1623518 0.0000000 0.0396099 0.0065144 0.0046207 1.1642661 
10_133     1.2684113 0.0396099 1.2684113 0.0396099 0.0000000 1.1255038 0.0396099 1.2712925 
10_134     1.0454644 0.0065144 1.0454644 0.0065144 1.1255038 0.0000000 0.0097836 1.0467779 
11_119     1.1614049 0.0046207 1.1614049 0.0046207 0.0396099 0.0097836 0.0000000 1.1633163 
11_126     0.0035389 1.1642661 0.0035389 1.1642661 1.2712925 1.0467779 1.1633163 0.0000000 
