10
8_85       0.0000000 0.0000010 0.0109651 1.4224485 1.4224485 1.4789005 1.3952551 1.4186223 1.4224485 1.4398996 
9_86       0.0000010 0.0000000 0.0109651 1.4224485 1.4224485 1.4789005 1.3952551 1.4186223 1.4224485 1.4398996 
10_66      0.0109651 0.0109651 0.0000000 1.4675138 1.4675138 1.5268852 1.4389885 1.4633381 1.4675138 1.4857758 
12_12      1.4224485 1.4224485 1.4675138 0.0000000 0.0000010 0.0112909 0.0228664 0.0113606 0.0000010 0.0114791 
13_12      1.4224485 1.4224485 1.4675138 0.0000010 0.0000000 0.0112909 0.0228664 0.0113606 0.0000010 0.0114791 
18_12      1.4789005 1.4789005 1.5268852 0.0112909 0.0112909 0.0000000 0.0346016 0.0229180 0.0114208 0.0231591 
33_62      1.3952551 1.3952551 1.4389885 0.0228664 0.0228664 0.0346016 0.0000000 0.0113597 0.0228664 0.0347727 
38_12      1.4186223 1.4186223 1.4633381 0.0113606 0.0113606 0.0229180 0.0113597 0.0000000 0.0113606 0.0230329 
39_13      1.4224485 1.4224485 1.4675138 0.0000010 0.0000010 0.0114208 0.0228664 0.0113606 0.0000000 0.0114791 
40_13      1.4398996 1.4398996 1.4857758 0.0114791 0.0114791 0.0231591 0.0347727 0.0230329 0.0114791 0.0000000 
