21
1_115      0.0000000 1.4529659 0.0000010 2.1006607 1.3535871 1.0505314 3.9624204 1.3476666 1.3046063 3.5309109 4.5080268 1.6211949 2.2537092 0.9028550 1.5045481 2.3356974 1.3617734 0.0000010 2.2330914 2.0067388 2.4923388 
3_22       1.4529659 0.0000000 0.0000010 1.6774619 0.7387724 0.4204794 4.4234096 0.5194154 0.6105410 1.8279877 2.1862137 0.9483986 1.6524160 1.0613122 0.9227457 1.8671793 0.6926999 0.0000010 2.0573619 2.5163589 2.3032326 
3_23       0.0000010 0.0000010 0.0000000 0.9327566 0.9772288 0.0000010 1.5028848 1.2284898 0.8979303 1.2965156 1.1410782 1.4200380 0.5716824 0.0000010 0.6484960 0.8789374 0.9555962 1.0043969 0.0000010 1.4887485 2.4955929 
3_28       2.1006607 1.6774619 0.9327566 0.0000000 1.3081493 2.9393915 2.1857333 1.3047610 1.3732097 1.5546029 1.4793833 1.5686475 0.7788218 3.0762572 1.1140595 1.0174301 1.5130697 1.3202418 2.5455493 1.6917073 1.3482330 
3_37       1.3535871 0.7387724 0.9772288 1.3081493 0.0000000 0.5341270 1.4736266 0.2503018 0.7561081 1.7503267 1.6014192 1.7527444 1.1920472 1.4626640 1.0824314 1.3347474 0.7550046 0.5753289 2.2110537 2.0056344 2.1464136 
3_53       1.0505314 0.4204794 0.0000010 2.9393915 0.5341270 0.0000000 4.9378061 0.6087472 0.3732402 3.3130769 8.9999983 0.9604299 3.5422276 1.1605547 0.0000010 3.3024680 0.3781133 0.0000010 2.1339020 4.0634216 3.7444480 
3_54       3.9624204 4.4234096 1.5028848 2.1857333 1.4736266 4.9378061 0.0000000 1.5677376 1.1305930 5.2710417 5.8674436 2.5715111 3.6424733 3.5335159 2.0755510 4.1936403 1.1507982 1.0660931 6.6208183 3.7630884 3.9787567 
3_69       1.3476666 0.5194154 1.2284898 1.3047610 0.2503018 0.6087472 1.5677376 0.0000000 0.8329241 1.6507688 1.5167839 1.7074719 1.0983928 1.5625397 1.1617311 1.2783514 0.8183161 0.5599308 2.1039364 1.9197355 2.0218122 
3_90       1.3046063 0.6105410 0.8979303 1.3732097 0.7561081 0.3732402 1.1305930 0.8329241 0.0000000 1.8058312 1.5968165 1.5940172 1.3233339 1.0082262 1.0919090 1.2876673 0.2261833 0.6173339 2.5447638 2.0496930 2.0279807 
3_98       3.5309109 1.8279877 1.2965156 1.5546029 1.7503267 3.3130769 5.2710417 1.6507688 1.8058312 0.0000000 1.3284386 2.3761202 1.3500192 5.1343802 1.7249120 1.3529168 1.7731722 1.6786341 4.5676282 2.3553138 1.8881797 
3_99       4.5080268 2.1862137 1.1410782 1.4793833 1.6014192 8.9999983 5.8674436 1.5167839 1.5968165 1.3284386 0.0000000 2.3091366 1.0076856 5.2671071 1.3796949 1.1459672 1.9338499 1.3238524 3.7593514 2.3782733 2.1670176 
3_100      1.6211949 0.9483986 1.4200380 1.5686475 1.7527444 0.9604299 2.5715111 1.7074719 1.5940172 2.3761202 2.3091366 0.0000000 1.9012288 1.3601207 1.4893422 1.9398031 1.6099102 1.9061831 2.5110498 2.5107896 2.5375576 
3_101      2.2537092 1.6524160 0.5716824 0.7788218 1.1920472 3.5422276 3.6424733 1.0983928 1.3233339 1.3500192 1.0076856 1.9012288 0.0000000 2.8041241 0.5447806 0.6823349 1.3662566 0.6742892 3.8096661 1.5791735 1.4036766 
3_102      0.9028550 1.0613122 0.0000010 3.0762572 1.4626640 1.1605547 3.5335159 1.5625397 1.0082262 5.1343802 5.2671071 1.3601207 2.8041241 0.0000000 0.0000010 3.0213769 0.9355009 0.0000010 2.6936569 3.1022464 3.2389372 
3_103      1.5045481 0.9227457 0.6484960 1.1140595 1.0824314 0.0000010 2.0755510 1.1617311 1.0919090 1.7249120 1.3796949 1.4893422 0.5447806 0.0000010 0.0000000 0.9420209 1.1556785 1.3114533 2.2247278 1.3429893 1.6953046 
3_113      2.3356974 1.8671793 0.8789374 1.0174301 1.3347474 3.3024680 4.1936403 1.2783514 1.2876673 1.3529168 1.1459672 1.9398031 0.6823349 3.0213769 0.9420209 0.0000000 1.3216826 0.9578100 3.8143186 1.5256433 1.3355841 
3_127      1.3617734 0.6926999 0.9555962 1.5130697 0.7550046 0.3781133 1.1507982 0.8183161 0.2261833 1.7731722 1.9338499 1.6099102 1.3662566 0.9355009 1.1556785 1.3216826 0.0000000 0.6298902 2.5670230 2.0091707 2.1292082 
3_144      0.0000010 0.0000010 1.0043969 1.3202418 0.5753289 0.0000010 1.0660931 0.5599308 0.6173339 1.6786341 1.3238524 1.9061831 0.6742892 0.0000010 1.3114533 0.9578100 0.6298902 0.0000000 0.0000010 1.3231012 2.1164296 
4_182      2.2330914 2.0573619 0.0000010 2.5455493 2.2110537 2.1339020 6.6208183 2.1039364 2.5447638 4.5676282 3.7593514 2.5110498 3.8096661 2.6936569 2.2247278 3.8143186 2.5670230 0.0000010 0.0000000 2.9076758 2.7020915 
5_4        2.0067388 2.5163589 1.4887485 1.6917073 2.0056344 4.0634216 3.7630884 1.9197355 2.0496930 2.3553138 2.3782733 2.5107896 1.5791735 3.1022464 1.3429893 1.5256433 2.0091707 1.3231012 2.9076758 0.0000000 1.2161016 
5_64       2.4923388 2.3032326 2.4955929 1.3482330 2.1464136 3.7444480 3.9787567 2.0218122 2.0279807 1.8881797 2.1670176 2.5375576 1.4036766 3.2389372 1.6953046 1.3355841 2.1292082 2.1164296 2.7020915 1.2161016 0.0000000 
