16
14_100     0.0000000 2.0754829 0.7985560 0.0324712 0.0250323 0.0324712 0.0000010 0.0397962 0.0434506 0.0434506 0.0397962 0.0035348 0.0000010 0.0035348 0.0434588 0.1409477 
17_103     2.0754829 0.0000000 1.3856143 2.2352921 2.0754829 2.2352921 2.0754829 2.2352921 2.2352921 2.2352921 2.2352921 2.0754829 2.0754829 2.0754829 2.2352921 2.1072285 
18_112     0.7985560 1.3856143 0.0000000 0.7302228 0.7737250 0.7302228 0.7985560 0.7302228 0.7302228 0.7302228 0.7302228 0.7985560 0.7985560 0.7985560 0.7302228 0.8441532 
19_104     0.0324712 2.2352921 0.7302228 0.0000000 0.0070979 0.0000010 0.0324712 0.0070278 0.0105501 0.0105501 0.0070278 0.0360958 0.0324712 0.0360958 0.0105520 0.1002663 
20_122     0.0250323 2.0754829 0.7737250 0.0070979 0.0000000 0.0070979 0.0250323 0.0142340 0.0178069 0.0178069 0.0142340 0.0286212 0.0250323 0.0286212 0.0178102 0.1097425 
21_102     0.0324712 2.2352921 0.7302228 0.0000010 0.0070979 0.0000000 0.0324712 0.0070278 0.0105501 0.0105501 0.0070278 0.0360958 0.0324712 0.0360958 0.0105520 0.1002663 
23_104     0.0000010 2.0754829 0.7985560 0.0324712 0.0250323 0.0324712 0.0000000 0.0397962 0.0434506 0.0434506 0.0397962 0.0035348 0.0000010 0.0035348 0.0434588 0.1409477 
24_103     0.0397962 2.2352921 0.7302228 0.0070278 0.0142340 0.0070278 0.0397962 0.0000000 0.0034930 0.0034930 0.0000010 0.0434344 0.0433969 0.0434344 0.0034936 0.1002663 
25_100     0.0434506 2.2352921 0.7302228 0.0105501 0.0178069 0.0105501 0.0434506 0.0034930 0.0000000 0.0000010 0.0034930 0.0470936 0.0470530 0.0470936 0.0069928 0.1002663 
26_103     0.0434506 2.2352921 0.7302228 0.0105501 0.0178069 0.0105501 0.0434506 0.0034930 0.0000010 0.0000000 0.0034930 0.0470936 0.0470530 0.0470936 0.0069928 0.1002663 
29_94      0.0397962 2.2352921 0.7302228 0.0070278 0.0142340 0.0070278 0.0397962 0.0000010 0.0034930 0.0034930 0.0000000 0.0434344 0.1075956 0.0434344 0.0034936 0.1002663 
32_94      0.0035348 2.0754829 0.7985560 0.0360958 0.0286212 0.0360958 0.0035348 0.0434344 0.0470936 0.0470936 0.0434344 0.0000000 0.0035348 0.0000010 0.0471026 0.1327272 
33_95      0.0000010 2.0754829 0.7985560 0.0324712 0.0250323 0.0324712 0.0000010 0.0433969 0.0470530 0.0470530 0.1075956 0.0035348 0.0000000 0.0035348 0.0470620 0.1409477 
35_104     0.0035348 2.0754829 0.7985560 0.0360958 0.0286212 0.0360958 0.0035348 0.0434344 0.0470936 0.0470936 0.0434344 0.0000010 0.0035348 0.0000000 0.0471026 0.1327272 
41_101     0.0434588 2.2352921 0.7302228 0.0105520 0.0178102 0.0105520 0.0434588 0.0034936 0.0069928 0.0069928 0.0034936 0.0471026 0.0470620 0.0471026 0.0000000 0.1002663 
42_96      0.1409477 2.1072285 0.8441532 0.1002663 0.1097425 0.1002663 0.1409477 0.1002663 0.1002663 0.1002663 0.1002663 0.1327272 0.1409477 0.1327272 0.1002663 0.0000000 
