6
0_149      0.0000000 0.2195603 1.7351313 3.6126087 1.3116393 1.3338641 
1_45       0.2195603 0.0000000 2.0079207 3.6923688 1.3137404 1.3248444 
2_183      1.7351313 2.0079207 0.0000000 2.8964257 2.1619936 2.1265423 
3_154      3.6126087 3.6923688 2.8964257 0.0000000 3.1626877 3.2085999 
4_66       1.3116393 1.3137404 2.1619936 3.1626877 0.0000000 0.2894748 
5_178      1.3338641 1.3248444 2.1265423 3.2085999 0.2894748 0.0000000 
