24
0_92       0.0000000 0.5102187 1.3287337 1.3353018 2.1981100 2.1981100 0.0000010 2.1981100 2.1722118 2.1455508 2.1584461 2.1455508 2.1455508 2.1722118 2.1693678 2.1584461 2.1693678 2.1693678 0.0000010 2.1584461 2.1722118 2.1333187 2.1712584 2.1712584 
1_46       0.5102187 0.0000000 1.5176668 1.4358549 2.1312045 2.1312045 0.0000010 2.1312045 2.1548950 2.1420813 2.1618501 2.1420813 2.1420813 2.1548950 2.1589438 2.1618501 2.1589438 2.1589438 0.0000010 2.1618501 2.1548950 2.1477178 2.1635603 2.1635603 
4_155      1.3287337 1.5176668 0.0000000 0.7527094 2.7289574 2.7289574 0.5899113 2.7955749 3.1782297 3.1735493 3.1591117 3.1735493 3.1735493 3.1782297 3.1498790 3.1591117 3.1498790 3.1498790 6.2145274 3.1294244 3.1782297 3.2480193 3.2051975 3.2051975 
5_50       1.3353018 1.4358549 0.7527094 0.0000000 2.3690390 2.3690390 0.0000010 2.3690390 2.2046794 2.1591026 2.1499407 2.1591026 2.1591026 2.2046794 2.1567273 2.1499407 2.1567273 2.1567273 0.0000010 2.1499407 2.2046794 2.2146150 2.1762477 2.1762477 
8_111      2.1981100 2.1312045 2.7289574 2.3690390 0.0000000 0.0000010 0.0000010 0.0095583 0.9425799 0.9350547 0.9265126 0.9335559 0.9335559 0.9425799 0.9285775 0.9265126 0.9285775 0.9288485 1.0470567 1.0914189 0.9431434 0.9323967 0.9290026 0.9282407 
9_112      2.1981100 2.1312045 2.7289574 2.3690390 0.0000010 0.0000000 0.0000010 0.0095583 0.9425799 0.9350547 0.9265126 0.9335559 0.9335559 0.9425799 0.9285775 0.9265126 0.9285775 0.9288485 1.0470567 1.0914189 0.9431434 0.9323967 0.9290026 0.9282407 
10_92      0.0000010 0.0000010 0.5899113 0.0000010 0.0000010 0.0000010 0.0000000 0.0000010 0.9936404 0.9936404 0.9729697 0.9936404 0.9936404 0.9936404 0.9680976 0.9729697 0.9680976 0.9693396 1.0470567 2.8339747 0.9936404 0.9607000 0.9556846 0.9556846 
10_93      2.1981100 2.1312045 2.7955749 2.3690390 0.0095583 0.0095583 0.0000010 0.0000000 0.8869741 0.8760210 0.8756146 0.8739302 0.8739302 0.8869741 0.8808381 0.8756146 0.8808381 0.8808381 0.0000010 0.8829692 0.8869741 0.8853778 0.8811238 0.8811238 
12_64      2.1722118 2.1548950 3.1782297 2.2046794 0.9425799 0.9425799 0.9936404 0.8869741 0.0000000 0.0107697 0.0393610 0.0086021 0.0086021 0.0000010 0.0438955 0.0393610 0.0438955 0.0460940 0.0466009 0.1521402 0.0021441 0.0482949 0.0483548 0.0461316 
13_65      2.1455508 2.1420813 3.1735493 2.1591026 0.9350547 0.9350547 0.9936404 0.8760210 0.0107697 0.0000000 0.0416110 0.0021399 0.0021399 0.0107697 0.0461606 0.0416110 0.0461606 0.0483626 0.0466009 0.1552414 0.0129567 0.0505671 0.0506298 0.0484020 
14_60      2.1584461 2.1618501 3.1591117 2.1499407 0.9265126 0.9265126 0.9729697 0.8756146 0.0393610 0.0416110 0.0000000 0.0393571 0.0393571 0.0393610 0.0129085 0.0000010 0.0129085 0.0150610 0.0000010 0.1188573 0.0394826 0.0303099 0.0303474 0.0281646 
15_64      2.1455508 2.1420813 3.1735493 2.1591026 0.9335559 0.9335559 0.9936404 0.8739302 0.0086021 0.0021399 0.0393571 0.0000000 0.0000010 0.0086021 0.0438910 0.0393571 0.0438910 0.0460891 0.0466009 0.1520998 0.0107800 0.0482898 0.0483496 0.0461267 
16_61      2.1455508 2.1420813 3.1735493 2.1591026 0.9335559 0.9335559 0.9936404 0.8739302 0.0086021 0.0021399 0.0393571 0.0000010 0.0000000 0.0086021 0.0438910 0.0393571 0.0438910 0.0460891 0.0466009 0.1520998 0.0107800 0.0482898 0.0483496 0.0461267 
17_64      2.1722118 2.1548950 3.1782297 2.2046794 0.9425799 0.9425799 0.9936404 0.8869741 0.0000010 0.0107697 0.0393610 0.0086021 0.0086021 0.0000000 0.0438955 0.0393610 0.0438955 0.0460940 0.0466009 0.1521402 0.0021441 0.0482949 0.0483548 0.0461316 
18_68      2.1693678 2.1589438 3.1498790 2.1567273 0.9285775 0.9285775 0.9680976 0.8808381 0.0438955 0.0461606 0.0129085 0.0438910 0.0438910 0.0438955 0.0000000 0.0129085 0.0000010 0.0021405 0.0348124 0.1247394 0.0440323 0.0303942 0.0259795 0.0238017 
19_65      2.1584461 2.1618501 3.1591117 2.1499407 0.9265126 0.9265126 0.9729697 0.8756146 0.0393610 0.0416110 0.0000010 0.0393571 0.0393571 0.0393610 0.0129085 0.0000000 0.0129085 0.0150610 0.0000010 0.1188573 0.0394826 0.0303099 0.0303474 0.0281646 
24_64      2.1693678 2.1589438 3.1498790 2.1567273 0.9285775 0.9285775 0.9680976 0.8808381 0.0438955 0.0461606 0.0129085 0.0438910 0.0438910 0.0438955 0.0000010 0.0129085 0.0000000 0.0021405 0.0348124 0.1247394 0.0440323 0.0303942 0.0259795 0.0238017 
26_64      2.1693678 2.1589438 3.1498790 2.1567273 0.9288485 0.9288485 0.9693396 0.8808381 0.0460940 0.0483626 0.0150610 0.0460891 0.0460891 0.0460940 0.0021405 0.0150610 0.0021405 0.0000000 0.0348124 0.1245175 0.0462375 0.0325677 0.0281465 0.0259674 
27_64      0.0000010 0.0000010 6.2145274 0.0000010 1.0470567 1.0470567 1.0470567 0.0000010 0.0466009 0.0466009 0.0000010 0.0466009 0.0466009 0.0466009 0.0348124 0.0000010 0.0348124 0.0348124 0.0000000 2.0640009 0.0466009 0.0344966 0.0583229 0.0583229 
27_65      2.1584461 2.1618501 3.1294244 2.1499407 1.0914189 1.0914189 2.8339747 0.8829692 0.1521402 0.1552414 0.1188573 0.1520998 0.1520998 0.1521402 0.1247394 0.1188573 0.1247394 0.1245175 2.0640009 0.0000000 0.1527162 0.1483467 0.1424677 0.1395808 
36_65      2.1722118 2.1548950 3.1782297 2.2046794 0.9431434 0.9431434 0.9936404 0.8869741 0.0021441 0.0129567 0.0394826 0.0107800 0.0107800 0.0021441 0.0440323 0.0394826 0.0440323 0.0462375 0.0466009 0.1527162 0.0000000 0.0484452 0.0485054 0.0462753 
38_63      2.1333187 2.1477178 3.2480193 2.2146150 0.9323967 0.9323967 0.9607000 0.8853778 0.0482949 0.0505671 0.0303099 0.0482898 0.0482898 0.0482949 0.0303942 0.0303099 0.0303942 0.0325677 0.0344966 0.1483467 0.0484452 0.0000000 0.0172868 0.0151178 
39_63      2.1712584 2.1635603 3.2051975 2.1762477 0.9290026 0.9290026 0.9556846 0.8811238 0.0483548 0.0506298 0.0303474 0.0483496 0.0483496 0.0483548 0.0259795 0.0303474 0.0259795 0.0281465 0.0583229 0.1424677 0.0485054 0.0172868 0.0000000 0.0021442 
40_63      2.1712584 2.1635603 3.2051975 2.1762477 0.9282407 0.9282407 0.9556846 0.8811238 0.0461316 0.0484020 0.0281646 0.0461267 0.0461267 0.0461316 0.0238017 0.0281646 0.0238017 0.0259674 0.0583229 0.1395808 0.0462753 0.0151178 0.0021442 0.0000000 
