19
12_16      0.0000000 0.0030751 0.0373715 0.0030751 0.0061583 0.0000010 0.0502054 1.0130466 0.0373715 0.0373715 0.0216872 0.0216872 0.0373715 0.0248246 0.0361836 0.0631913 0.0564959 0.0248508 0.1239819 
13_16      0.0030751 0.0000000 0.0405281 0.0000010 0.0030759 0.0030751 0.0533989 1.0130466 0.0405281 0.0405281 0.0248109 0.0248109 0.0405281 0.0279578 0.0402587 0.0664208 0.0596975 0.0279873 0.1244765 
14_16      0.0373715 0.0405281 0.0000000 0.0405281 0.0437040 0.0373715 0.0650868 0.9763123 0.0000010 0.0000010 0.0182272 0.0182272 0.0000010 0.0212982 0.0473238 0.0686277 0.0619819 0.0213202 0.1086775 
15_16      0.0030751 0.0000010 0.0405281 0.0000000 0.0030759 0.0030751 0.0533989 1.0130466 0.0405281 0.0405281 0.0248109 0.0248109 0.0405281 0.0279578 0.0402587 0.0664208 0.0596975 0.0279873 0.1244765 
16_16      0.0061583 0.0030759 0.0437040 0.0030759 0.0000000 0.0061583 0.0566158 1.0349167 0.0437040 0.0437040 0.0279502 0.0279502 0.0437040 0.0311055 0.0402587 0.0696781 0.0629247 0.0311383 0.1293126 
17_16      0.0000010 0.0030751 0.0373715 0.0030751 0.0061583 0.0000000 0.0502054 1.0130466 0.0373715 0.0373715 0.0216872 0.0216872 0.0373715 0.0248246 0.0361836 0.0631913 0.0564959 0.0248508 0.1239819 
18_17      0.0502054 0.0533989 0.0650868 0.0533989 0.0566158 0.0502054 0.0000000 0.9421344 0.0650868 0.0650868 0.0461981 0.0461981 0.0650868 0.0493564 0.0117296 0.0497548 0.0432518 0.0494076 0.1663280 
18_122     1.0130466 1.0130466 0.9763123 1.0130466 1.0349167 1.0130466 0.9421344 0.0000000 0.9763123 0.9763123 0.9793691 0.9793691 0.9763123 0.9793691 1.0318040 0.9313690 0.9313690 0.9793691 0.9763123 
19_16      0.0373715 0.0405281 0.0000010 0.0405281 0.0437040 0.0373715 0.0650868 0.9763123 0.0000000 0.0000010 0.0182272 0.0182272 0.0000010 0.0212982 0.0473238 0.0686277 0.0619819 0.0213202 0.1086775 
22_16      0.0373715 0.0405281 0.0000010 0.0405281 0.0437040 0.0373715 0.0650868 0.9763123 0.0000010 0.0000000 0.0182272 0.0182272 0.0000010 0.0212982 0.0473238 0.0686277 0.0619819 0.0213202 0.1086775 
24_16      0.0216872 0.0248109 0.0182272 0.0248109 0.0279502 0.0216872 0.0461981 0.9793691 0.0182272 0.0182272 0.0000000 0.0000010 0.0182272 0.0030238 0.0353695 0.0527566 0.0462462 0.0030269 0.1231986 
25_16      0.0216872 0.0248109 0.0182272 0.0248109 0.0279502 0.0216872 0.0461981 0.9793691 0.0182272 0.0182272 0.0000010 0.0000000 0.0182272 0.0030238 0.0353695 0.0527566 0.0462462 0.0030269 0.1231986 
30_15      0.0373715 0.0405281 0.0000010 0.0405281 0.0437040 0.0373715 0.0650868 0.9763123 0.0000010 0.0000010 0.0182272 0.0182272 0.0000000 0.0212982 0.0473238 0.0686277 0.0619819 0.0213202 0.1086775 
35_16      0.0248246 0.0279578 0.0212982 0.0279578 0.0311055 0.0248246 0.0493564 0.9793691 0.0212982 0.0212982 0.0030238 0.0030238 0.0212982 0.0000000 0.0393788 0.0528135 0.0462954 0.0060632 0.1231986 
38_16      0.0361836 0.0402587 0.0473238 0.0402587 0.0402587 0.0361836 0.0117296 1.0318040 0.0473238 0.0473238 0.0353695 0.0353695 0.0473238 0.0393788 0.0000000 0.0520073 0.0436365 0.0394315 0.1991705 
39_17      0.0631913 0.0664208 0.0686277 0.0664208 0.0696781 0.0631913 0.0497548 0.9313690 0.0686277 0.0686277 0.0527566 0.0527566 0.0686277 0.0528135 0.0520073 0.0000000 0.0060838 0.0560083 0.1674493 
40_17      0.0564959 0.0596975 0.0619819 0.0596975 0.0629247 0.0564959 0.0432518 0.9313690 0.0619819 0.0619819 0.0462462 0.0462462 0.0619819 0.0462954 0.0436365 0.0060838 0.0000000 0.0494598 0.1614386 
41_16      0.0248508 0.0279873 0.0213202 0.0279873 0.0311383 0.0248508 0.0494076 0.9793691 0.0213202 0.0213202 0.0030269 0.0030269 0.0213202 0.0060632 0.0394315 0.0560083 0.0494598 0.0000000 0.1231986 
42_9       0.1239819 0.1244765 0.1086775 0.1244765 0.1293126 0.1239819 0.1663280 0.9763123 0.1086775 0.1086775 0.1231986 0.1231986 0.1086775 0.1231986 0.1991705 0.1674493 0.1614386 0.1231986 0.0000000 
