13
12_11      0.0000000 0.0221621 0.0501438 0.0221621 0.0000010 0.0449150 0.0449150 0.0501438 0.0525132 0.0525367 0.0525132 0.0602378 0.0602378 
13_11      0.0221621 0.0000000 0.0630786 0.0000010 0.0221621 0.0526888 0.0526888 0.0630786 0.0449251 0.0603740 0.0449251 0.0526067 0.0526067 
14_10      0.0501438 0.0630786 0.0000000 0.0630786 0.0501438 0.0000010 0.0000010 0.0000010 0.0248080 0.0000010 0.0248080 0.0374401 0.0374401 
15_11      0.0221621 0.0000010 0.0630786 0.0000000 0.0221621 0.0526888 0.0526888 0.0630786 0.0449251 0.0603740 0.0449251 0.0526067 0.0526067 
17_11      0.0000010 0.0221621 0.0501438 0.0221621 0.0000000 0.0449150 0.0449150 0.0501438 0.0525132 0.0525367 0.0525132 0.0602378 0.0602378 
18_11      0.0449150 0.0526888 0.0000010 0.0526888 0.0449150 0.0000000 0.0000010 0.0000010 0.0527039 0.0073923 0.0527039 0.0604576 0.0604576 
19_11      0.0449150 0.0526888 0.0000010 0.0526888 0.0449150 0.0000010 0.0000000 0.0000010 0.0527039 0.0073923 0.0527039 0.0604576 0.0604576 
23_10      0.0501438 0.0630786 0.0000010 0.0630786 0.0501438 0.0000010 0.0000010 0.0000000 0.0248080 0.0000010 0.0248080 0.0374401 0.0374401 
33_63      0.0525132 0.0449251 0.0248080 0.0449251 0.0525132 0.0527039 0.0527039 0.0248080 0.0000000 0.0603895 0.0000010 0.0073430 0.0073430 
34_10      0.0525367 0.0603740 0.0000010 0.0603740 0.0525367 0.0073923 0.0073923 0.0000010 0.0603895 0.0000000 0.0603895 0.0681921 0.0681921 
38_11      0.0525132 0.0449251 0.0248080 0.0449251 0.0525132 0.0527039 0.0527039 0.0248080 0.0000010 0.0603895 0.0000000 0.0073430 0.0073430 
39_12      0.0602378 0.0526067 0.0374401 0.0526067 0.0602378 0.0604576 0.0604576 0.0374401 0.0073430 0.0681921 0.0073430 0.0000000 0.0000010 
40_12      0.0602378 0.0526067 0.0374401 0.0526067 0.0602378 0.0604576 0.0604576 0.0374401 0.0073430 0.0681921 0.0073430 0.0000010 0.0000000 
