18
12_104     0.0000000 0.0495595 0.0750980 0.0495595 0.0530847 0.0000010 0.0806537 0.0806537 0.0750980 0.0806537 0.0806537 0.0804989 0.0752327 0.0804989 0.1027962 0.1005205 0.0936509 0.0752327 
13_103     0.0495595 0.0000000 0.0329721 0.0000010 0.0000010 0.0495595 0.0353790 0.0353790 0.0329721 0.0353790 0.0353790 0.0353117 0.0330308 0.0353117 0.0686505 0.0541502 0.0504921 0.0330308 
14_99      0.0750980 0.0329721 0.0000000 0.0329721 0.0353117 0.0750980 0.0170844 0.0170844 0.0000010 0.0256966 0.0256966 0.0000010 0.0240414 0.0000010 0.0498064 0.0348576 0.0325777 0.0240414 
15_103     0.0495595 0.0000010 0.0329721 0.0000000 0.0000010 0.0495595 0.0353790 0.0353790 0.0329721 0.0353790 0.0353790 0.0353117 0.0330308 0.0353117 0.0686505 0.0541502 0.0504921 0.0330308 
16_101     0.0530847 0.0000010 0.0353117 0.0000010 0.0000000 0.0530847 0.0353790 0.0353790 0.0353117 0.0353790 0.0353790 0.0353117 0.0353790 0.0353117 0.0737248 0.0541502 0.0541502 0.0353790 
17_102     0.0000010 0.0495595 0.0750980 0.0495595 0.0530847 0.0000000 0.0806537 0.0806537 0.0750980 0.0806537 0.0806537 0.0804989 0.0752327 0.0804989 0.1027962 0.1005205 0.0936509 0.0752327 
19_103     0.0806537 0.0353790 0.0170844 0.0353790 0.0353790 0.0806537 0.0000000 0.0000010 0.0170844 0.0084996 0.0084996 0.0170844 0.0084996 0.0170844 0.0534633 0.0349232 0.0349232 0.0084996 
20_121     0.0806537 0.0353790 0.0170844 0.0353790 0.0353790 0.0806537 0.0000010 0.0000000 0.0170844 0.0084996 0.0084996 0.0170844 0.0084996 0.0170844 0.0534633 0.0349232 0.0349232 0.0084996 
23_103     0.0750980 0.0329721 0.0000010 0.0329721 0.0353117 0.0750980 0.0170844 0.0170844 0.0000000 0.0256966 0.0256966 0.0000010 0.0240414 0.0000010 0.0498064 0.0348576 0.0325777 0.0240414 
24_102     0.0806537 0.0353790 0.0256966 0.0353790 0.0353790 0.0806537 0.0084996 0.0084996 0.0256966 0.0000000 0.0000010 0.0256966 0.0000010 0.0256966 0.0625350 0.0437669 0.0437669 0.0000010 
25_99      0.0806537 0.0353790 0.0256966 0.0353790 0.0353790 0.0806537 0.0084996 0.0084996 0.0256966 0.0000010 0.0000000 0.0256966 0.0000010 0.0256966 0.0625350 0.0437669 0.0437669 0.0000010 
27_106     0.0804989 0.0353117 0.0000010 0.0353117 0.0353117 0.0804989 0.0170844 0.0170844 0.0000010 0.0256966 0.0256966 0.0000000 0.0256966 0.0000010 0.0533612 0.0348576 0.0348576 0.0256966 
29_95      0.0752327 0.0330308 0.0240414 0.0330308 0.0353790 0.0752327 0.0084996 0.0084996 0.0240414 0.0000010 0.0000010 0.0256966 0.0000000 0.0256966 0.0583525 0.0437669 0.0408926 0.0000010 
34_101     0.0804989 0.0353117 0.0000010 0.0353117 0.0353117 0.0804989 0.0170844 0.0170844 0.0000010 0.0256966 0.0256966 0.0000010 0.0256966 0.0000000 0.0533612 0.0348576 0.0348576 0.0256966 
38_99      0.1027962 0.0686505 0.0498064 0.0686505 0.0737248 0.1027962 0.0534633 0.0534633 0.0498064 0.0625350 0.0625350 0.0533612 0.0583525 0.0533612 0.0000000 0.0347722 0.0325020 0.0583525 
39_99      0.1005205 0.0541502 0.0348576 0.0541502 0.0541502 0.1005205 0.0349232 0.0349232 0.0348576 0.0437669 0.0437669 0.0348576 0.0437669 0.0348576 0.0347722 0.0000000 0.0000010 0.0437669 
40_99      0.0936509 0.0504921 0.0325777 0.0504921 0.0541502 0.0936509 0.0349232 0.0349232 0.0325777 0.0437669 0.0437669 0.0348576 0.0408926 0.0348576 0.0325020 0.0000010 0.0000000 0.0408926 
41_100     0.0752327 0.0330308 0.0240414 0.0330308 0.0353790 0.0752327 0.0084996 0.0084996 0.0240414 0.0000010 0.0000010 0.0256966 0.0000010 0.0256966 0.0583525 0.0437669 0.0408926 0.0000000 
