7
14_109     0.0000000 0.2141716 0.2141716 0.0000010 0.2007958 0.1750522 0.1750522 
19_113     0.2141716 0.0000000 0.0000010 0.2141716 0.0088420 0.1022515 0.1022515 
20_6       0.2141716 0.0000010 0.0000000 0.2141716 0.0088420 0.1022515 0.1022515 
23_113     0.0000010 0.2141716 0.2141716 0.0000000 0.2007958 0.1750522 0.1750522 
38_108     0.2007958 0.0088420 0.0088420 0.2007958 0.0000000 0.0911691 0.0911691 
39_108     0.1750522 0.1022515 0.1022515 0.1750522 0.0911691 0.0000000 0.0000010 
40_108     0.1750522 0.1022515 0.1022515 0.1750522 0.0911691 0.0000010 0.0000000 
