26
0_79       0.0000000 0.4268152 1.9628479 2.2912306 1.8235150 1.8418926 2.6519085 4.3791237 2.4571346 2.5237348 2.5585666 2.5585666 2.6593238 2.6535828 2.6735720 2.6535828 2.6593238 2.6774031 2.6735720 2.6774031 2.6763432 2.6678692 2.6246270 2.6246270 2.6332757 2.8386368 
1_68       0.4268152 0.0000000 1.9146520 2.3103386 1.8903690 1.8578623 2.6379585 4.2934452 2.5720639 2.5354850 2.6974628 2.6974628 2.8194577 2.8267955 2.8621332 2.8267955 2.8194577 2.8661998 2.8621332 2.8661998 2.8653020 2.8502471 2.7958581 2.7958581 3.0435451 3.2029144 
2_94       1.9628479 1.9146520 0.0000000 3.0582489 2.2874588 2.0475215 2.8603309 4.7981352 3.1827212 3.3682017 3.4820499 3.4820499 3.1963753 3.1929120 3.2191804 3.1929120 3.1963753 3.2313271 3.2191804 3.2313271 3.2100146 3.2668454 3.2006456 3.2006456 3.3644801 3.7187224 
3_162      2.2912306 2.3103386 3.0582489 0.0000000 2.4426596 2.4819690 2.9404544 4.1434607 2.5998664 2.9398784 3.2723436 3.2723436 3.3866529 3.3793130 3.3545447 3.3793130 3.3866529 3.3643796 3.3545447 3.3643796 3.3312415 3.3603474 3.3704095 3.3704095 3.1880572 3.3979977 
4_58       1.8235150 1.8903690 2.2874588 2.4426596 0.0000000 0.5038898 2.0937570 4.2719035 2.4851149 2.9237456 3.0915538 3.0915538 2.9828266 2.9795651 2.9932127 2.9795651 2.9828266 2.9898771 2.9932127 2.9898771 2.9599899 3.0008325 2.9948988 2.9948988 3.0182012 3.2021815 
5_46       1.8418926 1.8578623 2.0475215 2.4819690 0.5038898 0.0000000 1.9807456 4.4791882 2.7898556 3.1410766 3.2635895 3.2635895 3.0477798 3.0444979 3.0382275 3.0444979 3.0477798 3.0174212 3.0382275 3.0174212 3.0167837 3.0453798 3.0185115 3.0185115 2.9420875 3.2586077 
5_199      2.6519085 2.6379585 2.8603309 2.9404544 2.0937570 1.9807456 0.0000000 4.0736380 3.1248714 3.4644385 3.9231252 3.9231252 3.9358606 3.9444164 3.9693969 3.9444164 3.9358606 3.9415802 3.9693969 3.9415802 3.9405350 4.0436127 3.9337303 3.9337303 4.1940750 4.3505951 
6_55       4.3791237 4.2934452 4.7981352 4.1434607 4.2719035 4.4791882 4.0736380 0.0000000 2.1303277 2.2454201 4.9680478 4.9680478 4.6553016 4.6642752 4.7458206 4.6642752 4.6553016 4.7517631 4.7458206 4.7517631 4.7467193 4.7001928 4.7288534 4.7288534 4.7933909 4.4781486 
6_100      2.4571346 2.5720639 3.1827212 2.5998664 2.4851149 2.7898556 3.1248714 2.1303277 0.0000000 0.7733917 3.0233507 3.0233507 3.2725719 3.2663591 3.3130618 3.2663591 3.2725719 3.3161842 3.3130618 3.3161842 3.3394307 3.3088791 3.3050050 3.3050050 2.6308593 2.6918781 
7_34       2.5237348 2.5354850 3.3682017 2.9398784 2.9237456 3.1410766 3.4644385 2.2454201 0.7733917 0.0000000 3.0817611 3.0817611 3.0759524 3.0838792 3.1335403 3.0838792 3.0759524 3.1341587 3.1335403 3.1341587 3.1592296 3.1446806 3.1286920 3.1286920 2.5532564 2.4502961 
8_80       2.5585666 2.6974628 3.4820499 3.2723436 3.0915538 3.2635895 3.9231252 4.9680478 3.0233507 3.0817611 0.0000000 0.0000010 1.2019513 1.1981368 1.1974472 1.1981368 1.2019513 1.1969031 1.1974472 1.1969031 1.1953534 1.1893656 1.1812208 1.1812208 2.3717227 2.4540967 
9_81       2.5585666 2.6974628 3.4820499 3.2723436 3.0915538 3.2635895 3.9231252 4.9680478 3.0233507 3.0817611 0.0000010 0.0000000 1.2019513 1.1981368 1.1974472 1.1981368 1.2019513 1.1969031 1.1974472 1.1969031 1.1953534 1.1893656 1.1812208 1.1812208 2.3717227 2.4540967 
12_7       2.6593238 2.8194577 3.1963753 3.3866529 2.9828266 3.0477798 3.9358606 4.6553016 3.2725719 3.0759524 1.2019513 1.2019513 0.0000000 0.0020783 0.0253472 0.0020783 0.0000010 0.0296710 0.0253472 0.0296710 0.0296912 0.0254597 0.0190048 0.0190048 2.2908737 2.2206414 
13_7       2.6535828 2.8267955 3.1929120 3.3793130 2.9795651 3.0444979 3.9444164 4.6642752 3.2663591 3.0838792 1.1981368 1.1981368 0.0020783 0.0000000 0.0232262 0.0000010 0.0020783 0.0275415 0.0232262 0.0275415 0.0275600 0.0233291 0.0168867 0.0168867 2.2854355 2.2152938 
14_7       2.6735720 2.8621332 3.2191804 3.3545447 2.9932127 3.0382275 3.9693969 4.7458206 3.3130618 3.1335403 1.1974472 1.1974472 0.0253472 0.0232262 0.0000000 0.0232262 0.0253472 0.0041681 0.0000010 0.0041681 0.0041706 0.0232801 0.0233028 0.0233028 2.2897132 2.2293979 
15_7       2.6535828 2.8267955 3.1929120 3.3793130 2.9795651 3.0444979 3.9444164 4.6642752 3.2663591 3.0838792 1.1981368 1.1981368 0.0020783 0.0000010 0.0232262 0.0000000 0.0020783 0.0275415 0.0232262 0.0275415 0.0275600 0.0233291 0.0168867 0.0168867 2.2854355 2.2152938 
17_7       2.6593238 2.8194577 3.1963753 3.3866529 2.9828266 3.0477798 3.9358606 4.6553016 3.2725719 3.0759524 1.2019513 1.2019513 0.0000010 0.0020783 0.0253472 0.0020783 0.0000000 0.0296710 0.0253472 0.0296710 0.0296912 0.0254597 0.0190048 0.0190048 2.2908737 2.2206414 
18_7       2.6774031 2.8661998 3.2313271 3.3643796 2.9898771 3.0174212 3.9415802 4.7517631 3.3161842 3.1341587 1.1969031 1.1969031 0.0296710 0.0275415 0.0041681 0.0275415 0.0296710 0.0000000 0.0041681 0.0000010 0.0083693 0.0276057 0.0276324 0.0276324 2.2910282 2.2345494 
19_7       2.6735720 2.8621332 3.2191804 3.3545447 2.9932127 3.0382275 3.9693969 4.7458206 3.3130618 3.1335403 1.1974472 1.1974472 0.0253472 0.0232262 0.0000010 0.0232262 0.0253472 0.0041681 0.0000000 0.0041681 0.0041706 0.0232801 0.0233028 0.0233028 2.2897132 2.2293979 
24_7       2.6774031 2.8661998 3.2313271 3.3643796 2.9898771 3.0174212 3.9415802 4.7517631 3.3161842 3.1341587 1.1969031 1.1969031 0.0296710 0.0275415 0.0041681 0.0275415 0.0296710 0.0000010 0.0041681 0.0000000 0.0083693 0.0276057 0.0276324 0.0276324 2.2910282 2.2345494 
27_6       2.6763432 2.8653020 3.2100146 3.3312415 2.9599899 3.0167837 3.9405350 4.7467193 3.3394307 3.1592296 1.1953534 1.1953534 0.0296912 0.0275600 0.0041706 0.0275600 0.0296912 0.0083693 0.0041706 0.0083693 0.0000000 0.0276243 0.0276510 0.0276510 2.2915591 2.2411205 
38_7       2.6678692 2.8502471 3.2668454 3.3603474 3.0008325 3.0453798 4.0436127 4.7001928 3.3088791 3.1446806 1.1893656 1.1893656 0.0254597 0.0233291 0.0232801 0.0233291 0.0254597 0.0276057 0.0232801 0.0276057 0.0276243 0.0000000 0.0169266 0.0169266 2.3158501 2.2614203 
39_8       2.6246270 2.7958581 3.2006456 3.3704095 2.9948988 3.0185115 3.9337303 4.7288534 3.3050050 3.1286920 1.1812208 1.1812208 0.0190048 0.0168867 0.0233028 0.0168867 0.0190048 0.0276324 0.0233028 0.0276324 0.0276510 0.0169266 0.0000000 0.0000010 2.2846271 2.2227081 
40_8       2.6246270 2.7958581 3.2006456 3.3704095 2.9948988 3.0185115 3.9337303 4.7288534 3.3050050 3.1286920 1.1812208 1.1812208 0.0190048 0.0168867 0.0233028 0.0168867 0.0190048 0.0276324 0.0233028 0.0276324 0.0276510 0.0169266 0.0000010 0.0000000 2.2846271 2.2227081 
43_52      2.6332757 3.0435451 3.3644801 3.1880572 3.0182012 2.9420875 4.1940750 4.7933909 2.6308593 2.5532564 2.3717227 2.3717227 2.2908737 2.2854355 2.2897132 2.2854355 2.2908737 2.2910282 2.2897132 2.2910282 2.2915591 2.3158501 2.2846271 2.2846271 0.0000000 0.7283765 
44_76      2.8386368 3.2029144 3.7187224 3.3979977 3.2021815 3.2586077 4.3505951 4.4781486 2.6918781 2.4502961 2.4540967 2.4540967 2.2206414 2.2152938 2.2293979 2.2152938 2.2206414 2.2345494 2.2293979 2.2345494 2.2411205 2.2614203 2.2227081 2.2227081 0.7283765 0.0000000 
