6
12_76      0.0000000 0.0116787 0.0116787 0.0000010 0.0475110 0.0475110 
13_77      0.0116787 0.0000000 0.0000010 0.0116787 0.0477474 0.0477474 
15_76      0.0116787 0.0000010 0.0000000 0.0116787 0.0477474 0.0477474 
17_75      0.0000010 0.0116787 0.0116787 0.0000000 0.0475110 0.0475110 
23_74      0.0475110 0.0477474 0.0477474 0.0475110 0.0000000 0.0000010 
28_74      0.0475110 0.0477474 0.0477474 0.0475110 0.0000010 0.0000000 
