14
12_86      0.0000000 0.0409812 0.1346374 0.0409812 0.0000010 0.1370041 0.1370041 0.1346374 0.1629849 0.1365695 0.0409812 0.1686894 0.1775330 0.1775330 
13_87      0.0409812 0.0000000 0.1167941 0.0000010 0.0367213 0.1249537 0.1249537 0.1167941 0.1699017 0.1174012 0.0000010 0.1844730 0.1899492 0.1899492 
14_80      0.1346374 0.1167941 0.0000000 0.1167941 0.1171519 0.0166189 0.0166189 0.0000010 0.0929866 0.0000010 0.1426435 0.1173752 0.1237073 0.1237073 
15_86      0.0409812 0.0000010 0.1167941 0.0000000 0.0367213 0.1249537 0.1249537 0.1167941 0.1699017 0.1174012 0.0000010 0.1844730 0.1899492 0.1899492 
17_85      0.0000010 0.0367213 0.1171519 0.0367213 0.0000000 0.1188443 0.1188443 0.1171519 0.1629849 0.1183799 0.0409812 0.1686894 0.1908752 0.1908752 
18_92      0.1370041 0.1249537 0.0166189 0.1249537 0.1188443 0.0000000 0.0000010 0.0166189 0.1022462 0.0168536 0.1539244 0.1259535 0.1368332 0.1368332 
19_85      0.1370041 0.1249537 0.0166189 0.1249537 0.1188443 0.0000010 0.0000000 0.0166189 0.1022462 0.0168536 0.1539244 0.1259535 0.1368332 0.1368332 
23_84      0.1346374 0.1167941 0.0000010 0.1167941 0.1171519 0.0166189 0.0166189 0.0000000 0.0929866 0.0000010 0.1426435 0.1173752 0.1237073 0.1237073 
33_114     0.1629849 0.1699017 0.0929866 0.1699017 0.1629849 0.1022462 0.1022462 0.0929866 0.0000000 0.0936004 0.1699017 0.0536723 0.0696149 0.0696149 
35_85      0.1365695 0.1174012 0.0000010 0.1174012 0.1183799 0.0168536 0.0168536 0.0000010 0.0936004 0.0000000 0.1436578 0.1181600 0.1255906 0.1255906 
36_88      0.0409812 0.0000010 0.1426435 0.0000010 0.0409812 0.1539244 0.1539244 0.1426435 0.1699017 0.1436578 0.0000000 0.1844730 0.1850994 0.1850994 
38_81      0.1686894 0.1844730 0.1173752 0.1844730 0.1686894 0.1259535 0.1259535 0.1173752 0.0536723 0.1181600 0.1844730 0.0000000 0.0526342 0.0526342 
39_81      0.1775330 0.1899492 0.1237073 0.1899492 0.1908752 0.1368332 0.1368332 0.1237073 0.0696149 0.1255906 0.1850994 0.0526342 0.0000000 0.0000010 
40_81      0.1775330 0.1899492 0.1237073 0.1899492 0.1908752 0.1368332 0.1368332 0.1237073 0.0696149 0.1255906 0.1850994 0.0526342 0.0000010 0.0000000 
