30
0_91       0.0000000 0.5426617 3.4598600 2.1823157 2.1030114 2.1599508 2.5562554 2.5823951 2.7216125 2.7216125 2.9402756 2.9490857 2.8611062 2.9490857 2.9490857 2.9344824 2.8769369 2.8611062 2.8615741 2.8812246 2.8812246 2.8623783 2.8617489 2.9344824 2.8752756 2.9082816 2.9082816 2.8512219 2.6854416 2.7615392 
1_117      0.5426617 0.0000000 3.2116207 2.2491116 2.0875242 2.1301904 2.6801758 2.6155628 2.8875399 2.8875399 3.0752348 3.0947924 2.9799275 3.0947924 3.0947924 3.0715081 3.0015809 2.9799275 2.9804211 2.9976104 2.9976104 2.9649982 2.9852170 3.0715081 3.0573892 3.0551387 3.0551387 2.9792187 2.8227467 2.8312116 
2_202      3.4598600 3.2116207 0.0000000 3.5258470 3.5148882 3.7663554 3.8742297 3.7000359 4.0534337 4.0534337 3.8044268 3.8162977 3.7914288 3.8162977 3.8162977 3.8067645 3.8173152 3.7914288 3.7846283 3.8091361 3.8091361 3.7564403 3.7780257 3.8067645 3.8022889 3.8057548 3.8057548 3.7719675 4.4014094 4.0543758 
3_148      2.1823157 2.2491116 3.5258470 0.0000000 2.1184880 2.0129124 1.9473795 1.9161832 2.4023139 2.4023139 2.5250915 2.5334517 2.5129919 2.5334517 2.5334517 2.5317602 2.5821475 2.5129919 2.5134080 2.5443906 2.5443906 2.5170790 2.5046075 2.5317602 2.5359851 2.5694534 2.5694534 2.5151711 2.1442292 2.1171454 
4_216      2.1030114 2.0875242 3.5148882 2.1184880 0.0000000 0.7808971 2.3350407 2.2845888 2.9850730 2.9850730 2.9322602 2.9399888 2.9658115 2.9399888 2.9399888 2.9330998 3.0032895 2.9658115 2.9649170 2.9953393 2.9953393 2.9461514 2.8774831 2.9330998 2.9304236 2.9452351 2.9452351 2.9677091 2.6816223 2.6378728 
5_5        2.1599508 2.1301904 3.7663554 2.0129124 0.7808971 0.0000000 2.3908693 2.4209025 2.8006226 2.8006226 2.9510125 2.9664334 3.0052615 2.9664334 2.9664334 2.9544499 3.0027383 3.0052615 3.0043436 3.0105847 3.0105847 2.9791768 2.9922525 2.9544499 2.9454640 2.9769713 2.9769713 2.9910490 2.7088012 2.7638122 
6_48       2.5562554 2.6801758 3.8742297 1.9473795 2.3350407 2.3908693 0.0000000 0.4370643 1.9403396 1.9403396 2.1195995 2.1170862 2.1072343 2.1170862 2.1170862 2.1231419 2.1504533 2.1072343 2.1076190 2.1164950 2.1164950 2.1059124 2.0996369 2.1231419 2.1020653 2.1290661 2.1290661 2.1073186 1.5057165 1.4038330 
7_68       2.5823951 2.6155628 3.7000359 1.9161832 2.2845888 2.4209025 0.4370643 0.0000000 1.9287831 1.9287831 2.1078021 2.1185042 2.0925678 2.1185042 2.1185042 2.1113230 2.1309336 2.0925678 2.0929520 2.1016860 2.1016860 2.0764861 2.0850385 2.1113230 2.0900640 2.1260603 2.1260603 2.0926577 1.5246890 1.4071632 
8_126      2.7216125 2.8875399 4.0534337 2.4023139 2.9850730 2.8006226 1.9403396 1.9287831 0.0000000 0.0000010 1.2034166 1.2030744 1.1653917 1.2040431 1.2040431 1.2051838 1.2080184 1.1653917 1.1657715 1.1799937 1.1799937 1.1638596 1.1653917 1.2051838 1.1976212 1.2013481 1.2013481 1.1724526 2.1595893 2.0788575 
9_127      2.7216125 2.8875399 4.0534337 2.4023139 2.9850730 2.8006226 1.9403396 1.9287831 0.0000010 0.0000000 1.2034166 1.2030744 1.1653917 1.2040431 1.2040431 1.2051838 1.2080184 1.1653917 1.1657715 1.1799937 1.1799937 1.1638596 1.1653917 1.2051838 1.1976212 1.2013481 1.2013481 1.1724526 2.1595893 2.0788575 
12_63      2.9402756 3.0752348 3.8044268 2.5250915 2.9322602 2.9510125 2.1195995 2.1078021 1.2034166 1.2034166 0.0000000 0.0057064 0.0492141 0.0045608 0.0045608 0.0011347 0.0526825 0.0492141 0.0504905 0.0505748 0.0505748 0.0521031 0.0492141 0.0011347 0.0431803 0.0444786 0.0444786 0.0467819 2.1576088 2.0732027 
13_64      2.9490857 3.0947924 3.8162977 2.5334517 2.9399888 2.9664334 2.1170862 2.1185042 1.2030744 1.2030744 0.0057064 0.0000000 0.0492563 0.0011364 0.0011364 0.0068503 0.0527289 0.0492563 0.0505340 0.0506185 0.0506185 0.0521484 0.0492563 0.0068503 0.0456889 0.0469988 0.0469988 0.0468218 2.1555699 2.0835479 
14_59      2.8611062 2.9799275 3.7914288 2.5129919 2.9658115 3.0052615 2.1072343 2.0925678 1.1653917 1.1653917 0.0492141 0.0492563 0.0000000 0.0480370 0.0480370 0.0504064 0.0138760 0.0000010 0.0011258 0.0125010 0.0125010 0.0045491 0.0000010 0.0504064 0.0452295 0.0477110 0.0477110 0.0045094 2.1196167 2.0695490 
15_63      2.9490857 3.0947924 3.8162977 2.5334517 2.9399888 2.9664334 2.1170862 2.1185042 1.2040431 1.2040431 0.0045608 0.0011364 0.0480370 0.0000000 0.0000010 0.0057032 0.0514795 0.0480370 0.0493109 0.0493933 0.0493933 0.0509143 0.0480370 0.0057032 0.0444743 0.0457797 0.0457797 0.0456072 2.1555699 2.0835479 
16_60      2.9490857 3.0947924 3.8162977 2.5334517 2.9399888 2.9664334 2.1170862 2.1185042 1.2040431 1.2040431 0.0045608 0.0011364 0.0480370 0.0000010 0.0000000 0.0057032 0.0514795 0.0480370 0.0493109 0.0493933 0.0493933 0.0509143 0.0480370 0.0057032 0.0444743 0.0457797 0.0457797 0.0456072 2.1555699 2.0835479 
17_63      2.9344824 3.0715081 3.8067645 2.5317602 2.9330998 2.9544499 2.1231419 2.1113230 1.2051838 1.2051838 0.0011347 0.0068503 0.0504064 0.0057032 0.0057032 0.0000000 0.0539023 0.0504064 0.0516857 0.0517721 0.0517721 0.0533082 0.0504064 0.0000010 0.0443653 0.0456673 0.0456673 0.0479709 2.1508123 2.0667101 
18_67      2.8769369 3.0015809 3.8173152 2.5821475 3.0032895 3.0027383 2.1504533 2.1309336 1.2080184 1.2080184 0.0526825 0.0527289 0.0138760 0.0514795 0.0514795 0.0539023 0.0000000 0.0138760 0.0150638 0.0022911 0.0022911 0.0187279 0.0138760 0.0539023 0.0473882 0.0511482 0.0511482 0.0092226 2.1749745 2.1335168 
19_64      2.8611062 2.9799275 3.7914288 2.5129919 2.9658115 3.0052615 2.1072343 2.0925678 1.1653917 1.1653917 0.0492141 0.0492563 0.0000010 0.0480370 0.0480370 0.0504064 0.0138760 0.0000000 0.0011258 0.0125010 0.0125010 0.0045491 0.0000010 0.0504064 0.0452295 0.0477110 0.0477110 0.0045094 2.1196167 2.0695490 
23_62      2.8615741 2.9804211 3.7846283 2.5134080 2.9649170 3.0043436 2.1076190 2.0929520 1.1657715 1.1657715 0.0504905 0.0505340 0.0011258 0.0493109 0.0493109 0.0516857 0.0150638 0.0011258 0.0000000 0.0136654 0.0136654 0.0056979 0.0011258 0.0516857 0.0464850 0.0489755 0.0489755 0.0056483 2.1200066 2.0699362 
24_63      2.8812246 2.9976104 3.8091361 2.5443906 2.9953393 3.0105847 2.1164950 2.1016860 1.1799937 1.1799937 0.0505748 0.0506185 0.0125010 0.0493933 0.0493933 0.0517721 0.0022911 0.0125010 0.0136654 0.0000000 0.0000010 0.0172522 0.0125010 0.0517721 0.0465619 0.0490567 0.0490567 0.0079315 2.1384226 2.0959910 
25_60      2.8812246 2.9976104 3.8091361 2.5443906 2.9953393 3.0105847 2.1164950 2.1016860 1.1799937 1.1799937 0.0505748 0.0506185 0.0125010 0.0493933 0.0493933 0.0517721 0.0022911 0.0125010 0.0136654 0.0000010 0.0000000 0.0172522 0.0125010 0.0517721 0.0465619 0.0490567 0.0490567 0.0079315 2.1384226 2.0959910 
27_63      2.8623783 2.9649982 3.7564403 2.5170790 2.9461514 2.9791768 2.1059124 2.0764861 1.1638596 1.1638596 0.0521031 0.0521484 0.0045491 0.0509143 0.0509143 0.0533082 0.0187279 0.0045491 0.0056979 0.0172522 0.0172522 0.0000000 0.0045491 0.0533082 0.0504497 0.0529743 0.0529743 0.0091284 2.1232862 2.0805307 
33_12      2.8617489 2.9852170 3.7780257 2.5046075 2.8774831 2.9922525 2.0996369 2.0850385 1.1653917 1.1653917 0.0492141 0.0492563 0.0000010 0.0480370 0.0480370 0.0504064 0.0138760 0.0000010 0.0011258 0.0125010 0.0125010 0.0045491 0.0000000 0.0504064 0.0452295 0.0477110 0.0477110 0.0045094 2.1216987 2.0760757 
36_64      2.9344824 3.0715081 3.8067645 2.5317602 2.9330998 2.9544499 2.1231419 2.1113230 1.2051838 1.2051838 0.0011347 0.0068503 0.0504064 0.0057032 0.0057032 0.0000010 0.0539023 0.0504064 0.0516857 0.0517721 0.0517721 0.0533082 0.0504064 0.0000000 0.0443653 0.0456673 0.0456673 0.0479709 2.1508123 2.0667101 
38_62      2.8752756 3.0573892 3.8022889 2.5359851 2.9304236 2.9454640 2.1020653 2.0900640 1.1976212 1.1976212 0.0431803 0.0456889 0.0452295 0.0444743 0.0444743 0.0443653 0.0473882 0.0452295 0.0464850 0.0465619 0.0465619 0.0504497 0.0452295 0.0443653 0.0000000 0.0205716 0.0205716 0.0428292 2.1256300 2.0505120 
39_62      2.9082816 3.0551387 3.8057548 2.5694534 2.9452351 2.9769713 2.1290661 2.1260603 1.2013481 1.2013481 0.0444786 0.0469988 0.0477110 0.0457797 0.0457797 0.0456673 0.0511482 0.0477110 0.0489755 0.0490567 0.0490567 0.0529743 0.0477110 0.0456673 0.0205716 0.0000000 0.0000010 0.0452986 2.1379576 2.0798959 
40_62      2.9082816 3.0551387 3.8057548 2.5694534 2.9452351 2.9769713 2.1290661 2.1260603 1.2013481 1.2013481 0.0444786 0.0469988 0.0477110 0.0457797 0.0457797 0.0456673 0.0511482 0.0477110 0.0489755 0.0490567 0.0490567 0.0529743 0.0477110 0.0456673 0.0205716 0.0000010 0.0000000 0.0452986 2.1379576 2.0798959 
41_61      2.8512219 2.9792187 3.7719675 2.5151711 2.9677091 2.9910490 2.1073186 2.0926577 1.1724526 1.1724526 0.0467819 0.0468218 0.0045094 0.0456072 0.0456072 0.0479709 0.0092226 0.0045094 0.0056483 0.0079315 0.0079315 0.0091284 0.0045094 0.0479709 0.0428292 0.0452986 0.0452986 0.0000000 2.1277864 2.0774623 
43_10      2.6854416 2.8227467 4.4014094 2.1442292 2.6816223 2.7088012 1.5057165 1.5246890 2.1595893 2.1595893 2.1576088 2.1555699 2.1196167 2.1555699 2.1555699 2.1508123 2.1749745 2.1196167 2.1200066 2.1384226 2.1384226 2.1232862 2.1216987 2.1508123 2.1256300 2.1379576 2.1379576 2.1277864 0.0000000 0.6476110 
44_52      2.7615392 2.8312116 4.0543758 2.1171454 2.6378728 2.7638122 1.4038330 1.4071632 2.0788575 2.0788575 2.0732027 2.0835479 2.0695490 2.0835479 2.0835479 2.0667101 2.1335168 2.0695490 2.0699362 2.0959910 2.0959910 2.0805307 2.0760757 2.0667101 2.0505120 2.0798959 2.0798959 2.0774623 0.6476110 0.0000000 
