18
8_89       0.0000000 0.0000010 2.3292017 2.3645229 2.2547987 2.3645229 2.3292017 2.2547987 2.2710283 2.2710283 2.2524847 2.2524847 2.2659091 2.2882968 2.2763204 2.2795089 2.3096640 2.2636051 
9_90       0.0000010 0.0000000 2.3292017 2.3645229 2.2547987 2.3645229 2.3292017 2.2547987 2.2710283 2.2710283 2.2524847 2.2524847 2.2659091 2.2882968 2.2763204 2.2795089 2.3096640 2.2636051 
12_17      2.3292017 2.3292017 0.0000000 0.0271973 0.0691832 0.0271973 0.0000010 0.0691832 0.0649770 0.0649770 0.0738224 0.0738224 0.0654672 0.0855791 0.0830264 0.0976133 0.0827299 0.0599639 
13_17      2.3645229 2.3645229 0.0271973 0.0000000 0.0485191 0.0000010 0.0271973 0.0485191 0.0446518 0.0446518 0.0529375 0.0529375 0.0449406 0.0667146 0.0731436 0.0909802 0.0761349 0.0445193 
14_17      2.2547987 2.2547987 0.0691832 0.0485191 0.0000000 0.0485191 0.0691832 0.0000010 0.0194685 0.0194685 0.0038040 0.0038040 0.0114740 0.0403246 0.0545339 0.0793595 0.0650024 0.0000010 
15_17      2.3645229 2.3645229 0.0271973 0.0000010 0.0485191 0.0000000 0.0271973 0.0485191 0.0446518 0.0446518 0.0529375 0.0529375 0.0449406 0.0667146 0.0731436 0.0909802 0.0761349 0.0445193 
17_17      2.3292017 2.3292017 0.0000010 0.0271973 0.0691832 0.0271973 0.0000000 0.0691832 0.0649770 0.0649770 0.0738224 0.0738224 0.0654672 0.0855791 0.0830264 0.0976133 0.0827299 0.0599639 
19_17      2.2547987 2.2547987 0.0691832 0.0485191 0.0000010 0.0485191 0.0691832 0.0000000 0.0194685 0.0194685 0.0038040 0.0038040 0.0114740 0.0403246 0.0545339 0.0793595 0.0650024 0.0000010 
24_17      2.2710283 2.2710283 0.0649770 0.0446518 0.0194685 0.0446518 0.0649770 0.0194685 0.0000000 0.0000010 0.0235051 0.0235051 0.0076981 0.0444991 0.0588825 0.0838777 0.0694706 0.0192025 
25_17      2.2710283 2.2710283 0.0649770 0.0446518 0.0194685 0.0446518 0.0649770 0.0194685 0.0000010 0.0000000 0.0235051 0.0235051 0.0076981 0.0444991 0.0588825 0.0838777 0.0694706 0.0192025 
28_16      2.2524847 2.2524847 0.0738224 0.0529375 0.0038040 0.0529375 0.0738224 0.0038040 0.0235051 0.0235051 0.0000000 0.0000010 0.0153913 0.0360427 0.0569296 0.0819936 0.0675466 0.0047217 
31_8       2.2524847 2.2524847 0.0738224 0.0529375 0.0038040 0.0529375 0.0738224 0.0038040 0.0235051 0.0235051 0.0000010 0.0000000 0.0153913 0.0360427 0.0569296 0.0819936 0.0675466 0.0047217 
32_58      2.2659091 2.2659091 0.0654672 0.0449406 0.0114740 0.0449406 0.0654672 0.0114740 0.0076981 0.0076981 0.0153913 0.0153913 0.0000000 0.0447841 0.0593132 0.0846075 0.0700262 0.0142687 
33_57      2.2882968 2.2882968 0.0855791 0.0667146 0.0403246 0.0667146 0.0855791 0.0403246 0.0444991 0.0444991 0.0360427 0.0360427 0.0447841 0.0000000 0.0171095 0.0740120 0.0599369 0.0399445 
38_17      2.2763204 2.2763204 0.0830264 0.0731436 0.0545339 0.0731436 0.0830264 0.0545339 0.0588825 0.0588825 0.0569296 0.0569296 0.0593132 0.0171095 0.0000000 0.0611679 0.0476456 0.0521621 
39_18      2.2795089 2.2795089 0.0976133 0.0909802 0.0793595 0.0909802 0.0976133 0.0793595 0.0838777 0.0838777 0.0819936 0.0819936 0.0846075 0.0740120 0.0611679 0.0000000 0.0199060 0.0761796 
40_18      2.3096640 2.3096640 0.0827299 0.0761349 0.0650024 0.0761349 0.0827299 0.0650024 0.0694706 0.0694706 0.0675466 0.0675466 0.0700262 0.0599369 0.0476456 0.0199060 0.0000000 0.0582352 
42_7       2.2636051 2.2636051 0.0599639 0.0445193 0.0000010 0.0445193 0.0599639 0.0000010 0.0192025 0.0192025 0.0047217 0.0047217 0.0142687 0.0399445 0.0521621 0.0761796 0.0582352 0.0000000 
