7
44_2       0.0000000 3.1206045 2.8871156 3.3172652 3.0169846 2.4971377 3.3468879 
44_77      3.1206045 0.0000000 1.4625347 2.7931213 2.7851537 2.3842519 2.9330070 
44_78      2.8871156 1.4625347 0.0000000 2.8654216 2.6402558 2.7355044 2.8989937 
44_79      3.3172652 2.7931213 2.8654216 0.0000000 1.8096791 2.0278640 2.9999546 
44_80      3.0169846 2.7851537 2.6402558 1.8096791 0.0000000 2.0872020 3.4951583 
44_81      2.4971377 2.3842519 2.7355044 2.0278640 2.0872020 0.0000000 3.1176534 
44_125     3.3468879 2.9330070 2.8989937 2.9999546 3.4951583 3.1176534 0.0000000 
