8
6_9        0.0000000 0.7092823 2.6268919 2.6268919 2.6212076 2.6212076 3.1695636 2.9084326 
7_84       0.7092823 0.0000000 2.6142697 2.6142697 2.6096877 2.6096877 2.8291595 2.7730884 
8_134      2.6268919 2.6142697 0.0000000 0.0000010 0.0029206 0.0029206 1.4693590 1.1975720 
9_135      2.6268919 2.6142697 0.0000010 0.0000000 0.0029206 0.0029206 1.4693590 1.1975720 
10_117     2.6212076 2.6096877 0.0029206 0.0029206 0.0000000 0.0000010 1.4465499 1.1898569 
11_0       2.6212076 2.6096877 0.0029206 0.0029206 0.0000010 0.0000000 1.4465499 1.1898569 
43_51      3.1695636 2.8291595 1.4693590 1.4693590 1.4465499 1.4465499 0.0000000 1.0210448 
44_1       2.9084326 2.7730884 1.1975720 1.1975720 1.1898569 1.1898569 1.0210448 0.0000000 
