6
0_74       0.0000000 0.4945615 3.5665158 2.9705366 3.0415783 2.1271971 
1_38       0.4945615 0.0000000 3.3766734 2.9995893 3.5366869 2.0522860 
2_112      3.5665158 3.3766734 0.0000000 4.3384026 4.3024298 3.7699110 
4_139      2.9705366 2.9995893 4.3384026 0.0000000 1.0045640 0.7220925 
5_66       3.0415783 3.5366869 4.3024298 1.0045640 0.0000000 0.0000010 
5_67       2.1271971 2.0522860 3.7699110 0.7220925 0.0000010 0.0000000 
