20
12_114     0.0000000 0.0482226 0.1598018 0.0594569 0.0594569 0.2906477 0.1773732 0.1773732 0.2047615 0.1539978 0.1598018 0.1598018 0.1598018 0.1598018 0.1468348 0.1790830 0.1748344 0.1781643 0.1472626 0.2380822 
13_113     0.0482226 0.0000000 0.1293100 0.0000010 0.0000010 0.2317756 0.1481704 0.1481704 0.1680795 0.1198842 0.1293100 0.1293100 0.1293100 0.1293100 0.1113966 0.1306707 0.1267880 0.1325872 0.1346464 0.1887934 
14_111     0.1598018 0.1293100 0.0000000 0.1363525 0.1363525 0.0806286 0.0438751 0.0438751 0.0415463 0.0089335 0.0000010 0.0000010 0.0000010 0.0000010 0.1351667 0.1673023 0.1631464 0.0570446 0.0544707 0.0604925 
15_113     0.0594569 0.0000010 0.1363525 0.0000000 0.0000010 0.2443708 0.1553765 0.1553765 0.1761301 0.1269887 0.1363525 0.1363525 0.1363525 0.1363525 0.1124727 0.1326697 0.1290353 0.1397176 0.1346464 0.2001411 
16_111     0.0594569 0.0000010 0.1363525 0.0000010 0.0000000 0.2443708 0.1553765 0.1553765 0.1761301 0.1269887 0.1363525 0.1363525 0.1363525 0.1363525 0.1124727 0.1326697 0.1290353 0.1397176 0.1346464 0.2001411 
18_123     0.2906477 0.2317756 0.0806286 0.2443708 0.2443708 0.0000000 0.0149796 0.0149796 0.1726166 0.0899718 0.0806286 0.0806286 0.0806286 0.0806286 0.1767981 0.2482096 0.2391495 0.0311134 3.7569071 0.0149796 
19_115     0.1773732 0.1481704 0.0438751 0.1553765 0.1553765 0.0149796 0.0000000 0.0000010 0.0889843 0.0542372 0.0438751 0.0438751 0.0438751 0.0438751 0.1242162 0.1655680 0.1614582 0.0089739 0.0342973 0.0000010 
20_8       0.1773732 0.1481704 0.0438751 0.1553765 0.1553765 0.0149796 0.0000010 0.0000000 0.0889843 0.0542372 0.0438751 0.0438751 0.0438751 0.0438751 0.1242162 0.1655680 0.1614582 0.0089739 0.0342973 0.0000010 
23_115     0.2047615 0.1680795 0.0415463 0.1761301 0.1761301 0.1726166 0.0889843 0.0889843 0.0000000 0.0546985 0.0415463 0.0415463 0.0415463 0.0415463 0.1956339 0.2233398 0.2177128 0.0895078 0.0544707 0.1522118 
27_120     0.1539978 0.1198842 0.0089335 0.1269887 0.1269887 0.0899718 0.0542372 0.0542372 0.0546985 0.0000000 0.0089335 0.0089335 0.0089335 0.0089335 0.1257182 0.1576036 0.1535371 0.0679688 0.0705640 0.0684880 
28_114     0.1598018 0.1293100 0.0000010 0.1363525 0.1363525 0.0806286 0.0438751 0.0438751 0.0415463 0.0089335 0.0000000 0.0000010 0.0000010 0.0000010 0.1351667 0.1673023 0.1631464 0.0570446 0.0544707 0.0604925 
30_112     0.1598018 0.1293100 0.0000010 0.1363525 0.1363525 0.0806286 0.0438751 0.0438751 0.0415463 0.0089335 0.0000010 0.0000000 0.0000010 0.0000010 0.1351667 0.1673023 0.1631464 0.0570446 0.0544707 0.0604925 
31_34      0.1598018 0.1293100 0.0000010 0.1363525 0.1363525 0.0806286 0.0438751 0.0438751 0.0415463 0.0089335 0.0000010 0.0000010 0.0000000 0.0000010 0.1351667 0.1673023 0.1631464 0.0570446 0.0544707 0.0604925 
37_111     0.1598018 0.1293100 0.0000010 0.1363525 0.1363525 0.0806286 0.0438751 0.0438751 0.0415463 0.0089335 0.0000010 0.0000010 0.0000010 0.0000000 0.1351667 0.1673023 0.1631464 0.0570446 0.0544707 0.0604925 
38_110     0.1468348 0.1113966 0.1351667 0.1124727 0.1124727 0.1767981 0.1242162 0.1242162 0.1956339 0.1257182 0.1351667 0.1351667 0.1351667 0.1351667 0.0000000 0.0474969 0.0448326 0.1198734 0.1112720 0.1631833 
39_110     0.1790830 0.1306707 0.1673023 0.1326697 0.1326697 0.2482096 0.1655680 0.1655680 0.2233398 0.1576036 0.1673023 0.1673023 0.1673023 0.1673023 0.0474969 0.0000000 0.0021382 0.1615274 0.1357763 0.2126382 
40_110     0.1748344 0.1267880 0.1631464 0.1290353 0.1290353 0.2391495 0.1614582 0.1614582 0.2177128 0.1535371 0.1631464 0.1631464 0.1631464 0.1631464 0.0448326 0.0021382 0.0000000 0.1574653 0.1357763 0.2053043 
41_112     0.1781643 0.1325872 0.0570446 0.1397176 0.1397176 0.0311134 0.0089739 0.0089739 0.0895078 0.0679688 0.0570446 0.0570446 0.0570446 0.0570446 0.1198734 0.1615274 0.1574653 0.0000000 0.0342973 0.0137410 
42_116     0.1472626 0.1346464 0.0544707 0.1346464 0.1346464 3.7569071 0.0342973 0.0342973 0.0544707 0.0705640 0.0544707 0.0544707 0.0544707 0.0544707 0.1112720 0.1357763 0.1357763 0.0342973 0.0000000 1.5829661 
42_117     0.2380822 0.1887934 0.0604925 0.2001411 0.2001411 0.0149796 0.0000010 0.0000010 0.1522118 0.0684880 0.0604925 0.0604925 0.0604925 0.0604925 0.1631833 0.2126382 0.2053043 0.0137410 1.5829661 0.0000000 
