7
6_10       0.0000000 1.6467464 1.8033803 3.0508923 2.7560890 2.7560890 2.7171246 
6_95       1.6467464 0.0000000 1.8732197 4.1038246 3.5864204 3.5864204 3.5276940 
7_86       1.8033803 1.8732197 0.0000000 3.1970528 2.8891894 2.8891894 2.8976599 
8_99       3.0508923 4.1038246 3.1970528 0.0000000 0.0000010 0.0000010 0.0051819 
9_100      2.7560890 3.5864204 2.8891894 0.0000010 0.0000000 0.0000010 0.0046491 
10_80      2.7560890 3.5864204 2.8891894 0.0000010 0.0000010 0.0000000 0.0046491 
11_35      2.7171246 3.5276940 2.8976599 0.0051819 0.0046491 0.0046491 0.0000000 
