17
12_65      0.0000000 0.0137520 0.0465598 0.0137520 0.0097659 0.0000010 0.0425276 0.0425276 0.0465598 0.0369216 0.0369216 0.0454731 0.0473170 0.0000010 0.0650369 0.0702693 0.0702693 
13_66      0.0137520 0.0000000 0.0478581 0.0000010 0.0000010 0.0137520 0.0478581 0.0478581 0.0478581 0.0478581 0.0478581 0.0478581 0.0478581 0.0137520 0.1096843 0.1150251 0.1150251 
14_61      0.0465598 0.0478581 0.0000000 0.0478581 0.0438735 0.0465598 0.0000010 0.0000010 0.0000010 0.0091281 0.0091281 0.0091281 0.0091281 0.0425276 0.0880685 0.0925419 0.0925419 
15_65      0.0137520 0.0000010 0.0478581 0.0000000 0.0000010 0.0137520 0.0478581 0.0478581 0.0478581 0.0478581 0.0478581 0.0478581 0.0478581 0.0137520 0.1096843 0.1150251 0.1150251 
16_62      0.0097659 0.0000010 0.0438735 0.0000010 0.0000000 0.0097659 0.0478581 0.0478581 0.0438735 0.0328457 0.0328457 0.0328457 0.0328457 0.0137520 0.0757805 0.0805985 0.0805985 
17_65      0.0000010 0.0137520 0.0465598 0.0137520 0.0097659 0.0000000 0.0425276 0.0425276 0.0465598 0.0369216 0.0369216 0.0454731 0.0473170 0.0000010 0.0650369 0.0702693 0.0702693 
18_69      0.0425276 0.0478581 0.0000010 0.0478581 0.0478581 0.0425276 0.0000000 0.0000010 0.0000010 0.0000010 0.0000010 0.0000010 0.0000010 0.0425276 0.1114034 0.1167548 0.1167548 
19_66      0.0425276 0.0478581 0.0000010 0.0478581 0.0478581 0.0425276 0.0000010 0.0000000 0.0000010 0.0000010 0.0000010 0.0000010 0.0000010 0.0425276 0.1114034 0.1167548 0.1167548 
23_64      0.0465598 0.0478581 0.0000010 0.0478581 0.0438735 0.0465598 0.0000010 0.0000010 0.0000000 0.0091281 0.0091281 0.0091281 0.0091281 0.0425276 0.0880685 0.0925419 0.0925419 
24_65      0.0369216 0.0478581 0.0091281 0.0478581 0.0328457 0.0369216 0.0000010 0.0000010 0.0091281 0.0000000 0.0000010 0.0000010 0.0000010 0.0425276 0.0766185 0.0814552 0.0814552 
25_62      0.0369216 0.0478581 0.0091281 0.0478581 0.0328457 0.0369216 0.0000010 0.0000010 0.0091281 0.0000010 0.0000000 0.0000010 0.0000010 0.0425276 0.0766185 0.0814552 0.0814552 
27_66      0.0454731 0.0478581 0.0091281 0.0478581 0.0328457 0.0454731 0.0000010 0.0000010 0.0091281 0.0000010 0.0000010 0.0000000 0.0089224 0.0425276 0.0766185 0.0814552 0.0814552 
28_64      0.0473170 0.0478581 0.0091281 0.0478581 0.0328457 0.0473170 0.0000010 0.0000010 0.0091281 0.0000010 0.0000010 0.0089224 0.0000000 0.0425276 0.0766185 0.0814552 0.0814552 
36_66      0.0000010 0.0137520 0.0425276 0.0137520 0.0137520 0.0000010 0.0425276 0.0425276 0.0425276 0.0425276 0.0425276 0.0425276 0.0425276 0.0000000 0.0941823 0.1001309 0.1001309 
38_64      0.0650369 0.1096843 0.0880685 0.1096843 0.0757805 0.0650369 0.1114034 0.1114034 0.0880685 0.0766185 0.0766185 0.0766185 0.0766185 0.0941823 0.0000000 0.0600650 0.0600650 
39_64      0.0702693 0.1150251 0.0925419 0.1150251 0.0805985 0.0702693 0.1167548 0.1167548 0.0925419 0.0814552 0.0814552 0.0814552 0.0814552 0.1001309 0.0600650 0.0000000 0.0000010 
40_64      0.0702693 0.1150251 0.0925419 0.1150251 0.0805985 0.0702693 0.1167548 0.1167548 0.0925419 0.0814552 0.0814552 0.0814552 0.0814552 0.1001309 0.0600650 0.0000010 0.0000000 
