18
12_116     0.0000000 0.2533475 0.3319028 0.1971135 0.1971135 0.2533475 0.3435067 0.3435067 0.3319028 0.4136321 0.4136321 0.3319028 0.3319028 0.3435067 0.2533475 0.4095882 0.3696537 0.3696537 
13_115     0.2533475 0.0000000 0.4263460 0.0474983 0.0474983 0.0000010 0.4432162 0.4432162 0.4263460 0.5163787 0.5163787 0.4263460 0.4263460 0.4432162 0.0000010 0.6022049 0.4428726 0.4428726 
14_113     0.3319028 0.4263460 0.0000000 0.4355025 0.4355025 0.4506809 0.0930269 0.0930269 0.0000010 0.0920458 0.0920458 0.0000010 0.0000010 0.0930269 0.4506809 0.4248143 0.3416424 0.3416424 
15_115     0.1971135 0.0474983 0.4355025 0.0000000 0.0000010 0.0474983 0.4535664 0.4535664 0.4355025 0.5300387 0.5300387 0.4355025 0.4355025 0.4535664 0.0474983 0.5312233 0.3635778 0.3635778 
16_113     0.1971135 0.0474983 0.4355025 0.0000010 0.0000000 0.0474983 0.4535664 0.4535664 0.4355025 0.5300387 0.5300387 0.4355025 0.4355025 0.4535664 0.0474983 0.5312233 0.3635778 0.3635778 
17_115     0.2533475 0.0000010 0.4506809 0.0474983 0.0474983 0.0000000 0.4673030 0.4673030 0.4506809 0.5339355 0.5339355 0.4185682 0.4185682 0.4325620 0.0000010 0.5851991 0.4428726 0.4428726 
18_125     0.3435067 0.4432162 0.0930269 0.4535664 0.4535664 0.4673030 0.0000000 0.0000010 0.0930269 0.0448983 0.0448983 0.0930269 0.0930269 0.0000010 0.4673030 0.4398547 0.3540082 0.3540082 
19_117     0.3435067 0.4432162 0.0930269 0.4535664 0.4535664 0.4673030 0.0000010 0.0000000 0.0930269 0.0448983 0.0448983 0.0930269 0.0930269 0.0000010 0.4673030 0.4398547 0.3540082 0.3540082 
23_117     0.3319028 0.4263460 0.0000010 0.4355025 0.4355025 0.4506809 0.0930269 0.0930269 0.0000000 0.0920458 0.0920458 0.0000010 0.0000010 0.0930269 0.4506809 0.4248143 0.3416424 0.3416424 
25_113     0.4136321 0.5163787 0.0920458 0.5300387 0.5300387 0.5339355 0.0448983 0.0448983 0.0920458 0.0000000 0.0000010 0.0920458 0.0920458 0.0448983 0.5339355 0.5054045 0.4260705 0.4260705 
26_116     0.4136321 0.5163787 0.0920458 0.5300387 0.5300387 0.5339355 0.0448983 0.0448983 0.0920458 0.0000010 0.0000000 0.0920458 0.0920458 0.0448983 0.5339355 0.5054045 0.4260705 0.4260705 
27_122     0.3319028 0.4263460 0.0000010 0.4355025 0.4355025 0.4185682 0.0930269 0.0930269 0.0000010 0.0920458 0.0920458 0.0000000 0.0000010 0.0868569 0.4185682 0.3948935 0.3416424 0.3416424 
28_116     0.3319028 0.4263460 0.0000010 0.4355025 0.4355025 0.4185682 0.0930269 0.0930269 0.0000010 0.0920458 0.0920458 0.0000010 0.0000000 0.0868569 0.4185682 0.3948935 0.3416424 0.3416424 
29_81      0.3435067 0.4432162 0.0930269 0.4535664 0.4535664 0.4325620 0.0000010 0.0000010 0.0930269 0.0448983 0.0448983 0.0868569 0.0868569 0.0000000 0.4325620 0.4075567 0.3540082 0.3540082 
36_119     0.2533475 0.0000010 0.4506809 0.0474983 0.0474983 0.0000010 0.4673030 0.4673030 0.4506809 0.5339355 0.5339355 0.4185682 0.4185682 0.4325620 0.0000000 0.5851991 0.4428726 0.4428726 
38_112     0.4095882 0.6022049 0.4248143 0.5312233 0.5312233 0.5851991 0.4398547 0.4398547 0.4248143 0.5054045 0.5054045 0.3948935 0.3948935 0.4075567 0.5851991 0.0000000 0.1395229 0.1395229 
39_112     0.3696537 0.4428726 0.3416424 0.3635778 0.3635778 0.4428726 0.3540082 0.3540082 0.3416424 0.4260705 0.4260705 0.3416424 0.3416424 0.3540082 0.4428726 0.1395229 0.0000000 0.0000010 
40_112     0.3696537 0.4428726 0.3416424 0.3635778 0.3635778 0.4428726 0.3540082 0.3540082 0.3416424 0.4260705 0.4260705 0.3416424 0.3416424 0.3540082 0.4428726 0.1395229 0.0000010 0.0000000 
