6
0_102      0.0000000 0.6630796 2.2651579 2.7489917 1.8093682 1.7202421 
1_81       0.6630796 0.0000000 2.3821343 2.3631173 1.8565792 1.6597355 
2_194      2.2651579 2.3821343 0.0000000 3.0991626 2.9747431 3.0491508 
3_161      2.7489917 2.3631173 3.0991626 0.0000000 2.7428997 2.3842398 
4_48       1.8093682 1.8565792 2.9747431 2.7428997 0.0000000 0.4878668 
5_86       1.7202421 1.6597355 3.0491508 2.3842398 0.4878668 0.0000000 
