11
8_95       0.0000000 0.0000010 0.0050471 1.5339419 1.5339419 1.5418093 1.5418093 1.5418093 1.5418093 1.5366045 1.5366045 
9_96       0.0000010 0.0000000 0.0050471 1.5339419 1.5339419 1.5418093 1.5418093 1.5418093 1.5418093 1.5366045 1.5366045 
10_76      0.0050471 0.0050471 0.0000000 1.5339419 1.5339419 1.5418093 1.5418093 1.5418093 1.5418093 1.5366045 1.5366045 
12_23      1.5339419 1.5339419 1.5339419 0.0000000 0.0000010 0.0510854 0.0511314 0.0511314 0.0510854 0.0450413 0.0450413 
13_22      1.5339419 1.5339419 1.5339419 0.0000010 0.0000000 0.0510854 0.0511314 0.0511314 0.0510854 0.0450413 0.0450413 
14_21      1.5418093 1.5418093 1.5418093 0.0510854 0.0510854 0.0000000 0.0110667 0.0110667 0.0000010 0.0165656 0.0165656 
18_23      1.5418093 1.5418093 1.5418093 0.0511314 0.0511314 0.0110667 0.0000000 0.0000010 0.0110667 0.0165777 0.0165777 
19_23      1.5418093 1.5418093 1.5418093 0.0511314 0.0511314 0.0110667 0.0000010 0.0000000 0.0110667 0.0165777 0.0165777 
23_21      1.5418093 1.5418093 1.5418093 0.0510854 0.0510854 0.0000010 0.0110667 0.0110667 0.0000000 0.0165656 0.0165656 
38_22      1.5366045 1.5366045 1.5366045 0.0450413 0.0450413 0.0165656 0.0165777 0.0165777 0.0165656 0.0000000 0.0000010 
39_23      1.5366045 1.5366045 1.5366045 0.0450413 0.0450413 0.0165656 0.0165777 0.0165777 0.0165656 0.0000010 0.0000000 
