14
8_4        0.0000000 0.0000010 1.4519686 1.4519686 1.4521449 1.5084775 1.4521449 1.4679752 1.4679752 1.4966893 1.4521449 1.5125050 1.5152356 1.5152356 
9_4        0.0000010 0.0000000 1.4519686 1.4519686 1.4521449 1.5084775 1.4521449 1.4679752 1.4679752 1.4966893 1.4521449 1.5125050 1.5152356 1.5152356 
12_84      1.4519686 1.4519686 0.0000000 0.0000010 0.0589030 0.0680150 0.0589030 0.0681438 0.0681438 0.0799615 0.0501610 0.0786282 0.0786293 0.0786293 
13_84      1.4519686 1.4519686 0.0000010 0.0000000 0.0589030 0.0680150 0.0589030 0.0681438 0.0681438 0.0799615 0.0501610 0.0786282 0.0786293 0.0786293 
14_78      1.4521449 1.4521449 0.0589030 0.0589030 0.0000000 0.0080935 0.0000010 0.0081119 0.0081119 0.0169982 0.0080958 0.0602911 0.0602907 0.0602907 
18_90      1.5084775 1.5084775 0.0680150 0.0680150 0.0080935 0.0000000 0.0080935 0.0163844 0.0163844 0.0257358 0.0163517 0.0696439 0.0696442 0.0696442 
19_83      1.4521449 1.4521449 0.0589030 0.0589030 0.0000010 0.0080935 0.0000000 0.0081119 0.0081119 0.0169982 0.0080958 0.0602911 0.0602907 0.0602907 
25_79      1.4679752 1.4679752 0.0681438 0.0681438 0.0081119 0.0163844 0.0081119 0.0000000 0.0000010 0.0257930 0.0163883 0.0697782 0.0697785 0.0697785 
26_82      1.4679752 1.4679752 0.0681438 0.0681438 0.0081119 0.0163844 0.0081119 0.0000010 0.0000000 0.0257930 0.0163883 0.0697782 0.0697785 0.0697785 
27_84      1.4966893 1.4966893 0.0799615 0.0799615 0.0169982 0.0257358 0.0169982 0.0257930 0.0257930 0.0000000 0.0257408 0.0714236 0.0749590 0.0749590 
33_116     1.4521449 1.4521449 0.0501610 0.0501610 0.0080958 0.0163517 0.0080958 0.0163883 0.0163883 0.0257408 0.0000000 0.0513292 0.0513283 0.0513283 
38_79      1.5125050 1.5125050 0.0786282 0.0786282 0.0602911 0.0696439 0.0602911 0.0697782 0.0697782 0.0714236 0.0513292 0.0000000 0.0251280 0.0251280 
39_79      1.5152356 1.5152356 0.0786293 0.0786293 0.0602907 0.0696442 0.0602907 0.0697785 0.0697785 0.0749590 0.0513283 0.0251280 0.0000000 0.0000010 
40_79      1.5152356 1.5152356 0.0786293 0.0786293 0.0602907 0.0696442 0.0602907 0.0697785 0.0697785 0.0749590 0.0513283 0.0251280 0.0000010 0.0000000 
