6
6_37       0.0000000 4.9475706 4.1277568 4.4175392 3.9876063 1.9286417 
6_46       4.9475706 0.0000000 3.2631149 1.0601644 3.4888513 5.3265141 
6_66       4.1277568 3.2631149 0.0000000 3.5085136 0.9246929 4.2234777 
7_7        4.4175392 1.0601644 3.5085136 0.0000000 3.6769614 4.2279008 
7_56       3.9876063 3.4888513 0.9246929 3.6769614 0.0000000 4.2258666 
7_58       1.9286417 5.3265141 4.2234777 4.2279008 4.2258666 0.0000000 
