45
0          0.0000000 0.6415459 3.9924566 3.1177001 2.3921822 2.3602007 3.5728669 3.6472841 3.9298318 3.9298318 3.8933253 3.9326788 4.1660601 4.1707133 4.1723785 4.1704082 4.1592847 4.1673139 4.1533301 4.1533301 4.1540509 4.1533301 4.1708597 4.1668221 4.1663068 4.1663068 4.1306296 4.1721195 4.0701977 4.1714299 4.1617362 4.0704889 4.0867831 4.1620158 4.1589586 4.1545391 4.1715715 4.1532606 4.1641021 4.1628949 4.1593145 4.1273047 3.7862157 3.7971051 3.7389893 
1          0.6415459 0.0000000 3.8986164 3.0598491 2.3778953 2.3279135 3.6904559 3.6739593 4.0917521 4.0917521 4.0550290 4.0931319 4.3176880 4.3210819 4.3007443 4.3207983 4.3084975 4.3169444 4.3027573 4.3038189 4.3044838 4.3027573 4.2993085 4.3089441 4.3084753 4.3084753 4.2904593 4.3178321 4.2100469 4.2998564 4.2988192 4.2041153 4.2049451 4.2995946 4.2976621 4.3041985 4.2999918 4.3126285 4.3047533 4.3033324 4.3019731 4.2753287 3.9344106 3.8912914 3.9550483 
2          3.9924566 3.8986164 0.0000000 4.7153494 4.3184092 4.1750847 5.1463664 5.1482975 5.4749860 5.4749860 5.4391025 5.4779776 5.3497733 5.3459915 5.3525940 5.3721347 5.3394971 5.3553820 5.3218245 5.3218245 5.3218245 5.3218245 5.3504817 5.3451926 5.3465943 5.3465943 5.2990624 5.3730808 5.2962842 5.3507579 5.3420398 5.2827893 5.3078917 5.3290580 5.3382443 5.3427140 5.3512211 5.3498953 5.3234739 5.3278217 5.3428435 5.3323646 5.1321225 5.1616121 5.0217458 
3          3.1177001 3.0598491 4.7153494 0.0000000 3.0402945 2.9801310 2.7512312 2.7732653 3.2976171 3.2976171 3.2802112 3.2947303 3.5808577 3.5805927 3.5884373 3.5772537 3.5771798 3.5840689 3.5864051 3.5874258 3.5874258 3.5864051 3.5877768 3.5953377 3.5950156 3.5950156 3.5008975 3.5986141 3.5095310 3.5864927 3.5869442 3.5053570 3.5047164 3.5875126 3.5870703 3.5721672 3.5869442 3.5841805 3.5755047 3.5737646 3.5866213 3.5951633 3.1097244 2.9813328 3.3316082 
4          2.3921822 2.3778953 4.3184092 3.0402945 0.0000000 0.7729999 3.6486503 3.7281111 4.1163918 4.1221114 4.1070016 4.1231759 4.3066081 4.3116359 4.3492416 4.3087712 4.2933377 4.3115072 4.3399525 4.3410582 4.3407120 4.3399525 4.3474905 4.3501717 4.3502242 4.3502242 4.2876761 4.3726974 4.2403801 4.3434855 4.3387301 4.2532358 4.2379873 4.3524168 4.3418544 4.3099487 4.3479583 4.3177886 4.3083197 4.3023030 4.3378933 4.3184856 3.9446027 3.7870839 4.0178056 
5          2.3602007 2.3279135 4.1750847 2.9801310 0.7729999 0.0000000 3.6560927 3.7435715 4.1113196 4.1113196 4.1128964 4.1101959 4.3491655 4.3640820 4.3941748 4.3559470 4.3454170 4.3547213 4.3768190 4.3779024 4.3773176 4.3768190 4.3924585 4.3928112 4.3944958 4.3944958 4.3380531 4.4162247 4.2902760 4.3850078 4.3784659 4.2952829 4.2883800 4.3912311 4.3940891 4.3474874 4.3929197 4.3534100 4.3520781 4.3550965 4.3817804 4.3564725 3.8893945 3.8394492 4.0945771 
6          3.5728669 3.6904559 5.1463664 2.7512312 3.6486503 3.6560927 0.0000000 0.6247604 2.9595806 2.9608231 2.9577171 2.9601709 3.1225246 3.1167397 3.1275446 3.1167105 3.0546955 3.1242463 3.0878732 3.0884658 3.0884658 3.0878732 3.1266577 3.1136428 3.1155800 3.1155800 3.0453311 3.1424767 3.0526104 3.1275446 3.1072361 3.0577244 3.0627553 3.1092717 3.1149113 3.1240361 3.1281764 3.1298627 3.1209428 3.1240491 3.1148944 3.0839679 2.3182250 2.2414607 2.7685158 
7          3.6472841 3.6739593 5.1482975 2.7732653 3.7281111 3.7435715 0.6247604 0.0000000 2.9584183 2.9584183 2.9588378 2.9580813 3.1409080 3.1371279 3.1305375 3.1370349 3.0753195 3.1408256 3.0891724 3.0897667 3.0897667 3.0891724 3.1291252 3.1170007 3.1189449 3.1189449 3.0340508 3.1396225 3.0534911 3.1305375 3.1051210 3.0578682 3.0667870 3.1194741 3.1185768 3.1400314 3.1306408 3.1381326 3.1351641 3.1367345 3.1114603 3.0823460 2.3912053 2.3309361 2.7902175 
8          3.9298318 4.0917521 5.4749860 3.2976171 4.1163918 4.1113196 2.9595806 2.9584183 0.0000000 0.0000010 0.0010183 0.0005038 1.8927986 1.8937577 1.8765070 1.8898892 1.9088804 1.8966253 1.8846384 1.8871900 1.8857630 1.8846384 1.8785537 1.8795814 1.8806182 1.8806182 1.8776328 1.8768250 1.8267477 1.8788242 1.8843439 1.8714176 1.8792518 1.8789670 1.8751644 1.8958150 1.8689734 1.9137416 1.8983472 1.8972812 1.8790501 1.8741353 3.2062459 3.1585987 1.8394725 
9          3.9298318 4.0917521 5.4749860 3.2976171 4.1221114 4.1113196 2.9608231 2.9584183 0.0000010 0.0000000 0.0010201 0.0005038 1.8922179 1.8931764 1.8761858 1.8893005 1.9083162 1.8960512 1.8841510 1.8867090 1.8852779 1.8841510 1.8782382 1.8790883 1.8801272 1.8801272 1.8773438 1.8765561 1.8261057 1.8785092 1.8840904 1.8714176 1.8789863 1.8784704 1.8748416 1.8952382 1.8686883 1.9134315 1.8980068 1.8969386 1.8785559 1.8736159 3.2062459 3.1585987 1.8387816 
10         3.8933253 4.0550290 5.4391025 3.2802112 4.1070016 4.1128964 2.9577171 2.9588378 0.0010183 0.0010201 0.0000000 0.0011480 1.9001811 1.9021267 1.8847919 1.8977548 1.9169654 1.9040260 1.8937457 1.8962833 1.8948735 1.8937457 1.8868066 1.8885872 1.8896280 1.8896280 1.8865740 1.8850576 1.8362331 1.8870781 1.8926279 1.8798324 1.8876204 1.8871314 1.8834131 1.9038103 1.8771648 1.9226604 1.9074054 1.9063342 1.8876917 1.8839617 3.2049532 3.1489454 1.8502111 
11         3.9326788 4.0931319 5.4779776 3.2947303 4.1231759 4.1101959 2.9601709 2.9580813 0.0005038 0.0005038 0.0011480 0.0000000 1.8915632 1.8925188 1.8757251 1.8886435 1.9076421 1.8953950 1.8837888 1.8863474 1.8849156 1.8837888 1.8773588 1.8787300 1.8797687 1.8797687 1.8765137 1.8758015 1.8257263 1.8776297 1.8833549 1.8706793 1.8783223 1.8777455 1.8739626 1.8945085 1.8679371 1.9127681 1.8973517 1.8962838 1.8778342 1.8732472 3.2059744 3.1570730 1.8380263 
12         4.1660601 4.3176880 5.3497733 3.5808577 4.3066081 4.3491655 3.1225246 3.1409080 1.8927986 1.8922179 1.9001811 1.8915632 0.0000000 0.0155159 0.0835533 0.0148476 0.0154693 0.0032408 0.0850493 0.0838100 0.0851102 0.0849350 0.0843291 0.0844726 0.0851376 0.0852350 0.0904958 0.0835185 0.0857964 0.0836674 0.0837137 0.0851127 0.0852198 0.0841743 0.0844045 0.0169762 0.0836124 0.0990369 0.1047037 0.1041047 0.0841767 0.0852623 3.2624662 3.3226372 0.0857876 
13         4.1707133 4.3210819 5.3459915 3.5805927 4.3116359 4.3640820 3.1167397 3.1371279 1.8937577 1.8931764 1.9021267 1.8925188 0.0155159 0.0000000 0.0849930 0.0007303 0.0013306 0.0125777 0.0860830 0.0848085 0.0861437 0.0859781 0.0857351 0.0856570 0.0863264 0.0864867 0.0912562 0.0847383 0.0868012 0.0849305 0.0852442 0.0864334 0.0869540 0.0859025 0.0854896 0.0219633 0.0848052 0.0996191 0.1067539 0.1061493 0.0852176 0.0871479 3.2650477 3.3192400 0.0827891 
14         4.1723785 4.3007443 5.3525940 3.5884373 4.3492416 4.3941748 3.1275446 3.1305375 1.8765070 1.8761858 1.8847919 1.8757251 0.0835533 0.0849930 0.0000000 0.0846469 0.0858221 0.0840105 0.0262533 0.0259696 0.0262156 0.0261162 0.0009448 0.0269448 0.0274872 0.0275767 0.0107799 0.0015775 0.0276194 0.0007233 0.0008726 0.0163576 0.0060832 0.0154990 0.0108145 0.0736522 0.0007974 0.0924627 0.0979972 0.0973752 0.0289732 0.0291183 3.2687535 3.3223559 0.0562220 
15         4.1704082 4.3207983 5.3721347 3.5772537 4.3087712 4.3559470 3.1167105 3.1370349 1.8898892 1.8893005 1.8977548 1.8886435 0.0148476 0.0007303 0.0846469 0.0000000 0.0006608 0.0122147 0.0856326 0.0842923 0.0856933 0.0855267 0.0853855 0.0850059 0.0856733 0.0858308 0.0911352 0.0844566 0.0861427 0.0845994 0.0849259 0.0861148 0.0866297 0.0855532 0.0851601 0.0215374 0.0845087 0.0994309 0.1056118 0.1050099 0.0844749 0.0865048 3.2648316 3.3180043 0.0819771 
16         4.1592847 4.3084975 5.3394971 3.5771798 4.2933377 4.3454170 3.0546955 3.0753195 1.9088804 1.9083162 1.9169654 1.9076421 0.0154693 0.0013306 0.0858221 0.0006608 0.0000000 0.0127636 0.0867588 0.0854239 0.0868195 0.0866557 0.0865726 0.0863011 0.0869768 0.0871409 0.0919560 0.0855904 0.0877003 0.0857703 0.0859801 0.0874748 0.0878398 0.0868577 0.0865031 0.0223247 0.0857777 0.1006234 0.1068482 0.1062763 0.0859339 0.0877764 3.2041945 3.2628704 0.0826312 
17         4.1673139 4.3169444 5.3553820 3.5840689 4.3115072 4.3547213 3.1242463 3.1408256 1.8966253 1.8960512 1.9040260 1.8953950 0.0032408 0.0125777 0.0840105 0.0122147 0.0127636 0.0000000 0.0849983 0.0840617 0.0850592 0.0848839 0.0847153 0.0848100 0.0854750 0.0855726 0.0905390 0.0840796 0.0857064 0.0839561 0.0842044 0.0854252 0.0857265 0.0846570 0.0845723 0.0142860 0.0839690 0.0991670 0.1049071 0.1043078 0.0840308 0.0856921 3.2597024 3.3238599 0.0851805 
19         4.1533301 4.3027573 5.3218245 3.5864051 4.3399525 4.3768190 3.0878732 3.0891724 1.8846384 1.8841510 1.8937457 1.8837888 0.0850493 0.0860830 0.0262533 0.0856326 0.0867588 0.0849983 0.0000000 0.0001096 0.0001078 0.0000010 0.0275363 0.0098829 0.0104502 0.0105633 0.0354417 0.0271737 0.0101776 0.0268834 0.0263026 0.0099872 0.0306667 0.0103817 0.0194455 0.0782783 0.0264665 0.0850966 0.0944632 0.0937892 0.0107540 0.0033273 3.2461116 3.2956161 0.0346638 
20         4.1533301 4.3038189 5.3218245 3.5874258 4.3410582 4.3779024 3.0884658 3.0897667 1.8871900 1.8867090 1.8962833 1.8863474 0.0838100 0.0848085 0.0259696 0.0842923 0.0854239 0.0840617 0.0001096 0.0000000 0.0000721 0.0001098 0.0273545 0.0101345 0.0107101 0.0107781 0.0353263 0.0269495 0.0104658 0.0266523 0.0260415 0.0097436 0.0304523 0.0101815 0.0191279 0.0773589 0.0262691 0.0840242 0.0928550 0.0921753 0.0109713 0.0028170 3.2467762 3.2962848 0.0350273 
21         4.1540509 4.3044838 5.3218245 3.5874258 4.3407120 4.3773176 3.0884658 3.0897667 1.8857630 1.8852779 1.8948735 1.8849156 0.0851102 0.0861437 0.0262156 0.0856933 0.0868195 0.0850592 0.0001078 0.0000721 0.0000000 0.0001082 0.0275670 0.0099219 0.0104893 0.0106026 0.0354460 0.0272047 0.0102185 0.0269141 0.0262649 0.0099500 0.0306284 0.0103449 0.0194784 0.0783420 0.0264973 0.0851117 0.0945194 0.0938456 0.0107884 0.0034456 3.2467762 3.2962848 0.0347728 
22         4.1533301 4.3027573 5.3218245 3.5864051 4.3399525 4.3768190 3.0878732 3.0891724 1.8846384 1.8841510 1.8937457 1.8837888 0.0849350 0.0859781 0.0261162 0.0855267 0.0866557 0.0848839 0.0000010 0.0001098 0.0001082 0.0000000 0.0273963 0.0096206 0.0101895 0.0102936 0.0352742 0.0269942 0.0099033 0.0267288 0.0260904 0.0097845 0.0305430 0.0101823 0.0193577 0.0781156 0.0263107 0.0852887 0.0944646 0.0937885 0.0104755 0.0033409 3.2461116 3.2956161 0.0341490 
23         4.1708597 4.2993085 5.3504817 3.5877768 4.3474905 4.3924585 3.1266577 3.1291252 1.8785537 1.8782382 1.8868066 1.8773588 0.0843291 0.0857351 0.0009448 0.0853855 0.0865726 0.0847153 0.0275363 0.0273545 0.0275670 0.0273963 0.0000000 0.0282414 0.0287889 0.0288677 0.0118067 0.0024729 0.0288874 0.0016003 0.0017585 0.0176569 0.0072017 0.0166401 0.0119393 0.0741001 0.0016780 0.0938420 0.0990271 0.0984013 0.0297826 0.0298564 3.2683982 3.3224553 0.0575318 
24         4.1668221 4.3089441 5.3451926 3.5953377 4.3501717 4.3928112 3.1136428 3.1170007 1.8795814 1.8790883 1.8885872 1.8787300 0.0844726 0.0856570 0.0269448 0.0850059 0.0863011 0.0848100 0.0098829 0.0101345 0.0099219 0.0096206 0.0282414 0.0000000 0.0006792 0.0007534 0.0365934 0.0276876 0.0013581 0.0275458 0.0272201 0.0159664 0.0312113 0.0176068 0.0154660 0.0779626 0.0269766 0.0919901 0.0979663 0.0972506 0.0064533 0.0136336 3.2740815 3.3261884 0.0327069 
25         4.1663068 4.3084753 5.3465943 3.5950156 4.3502242 4.3944958 3.1155800 3.1189449 1.8806182 1.8801272 1.8896280 1.8797687 0.0851376 0.0863264 0.0274872 0.0856733 0.0869768 0.0854750 0.0104502 0.0107101 0.0104893 0.0101895 0.0287889 0.0006792 0.0000000 0.0001433 0.0371827 0.0282364 0.0019267 0.0280888 0.0277644 0.0164883 0.0317694 0.0181260 0.0159868 0.0786682 0.0275196 0.0925733 0.0985492 0.0978322 0.0070098 0.0141300 3.2752842 3.3273453 0.0333621 
26         4.1663068 4.3084753 5.3465943 3.5950156 4.3502242 4.3944958 3.1155800 3.1189449 1.8806182 1.8801272 1.8896280 1.8797687 0.0852350 0.0864867 0.0275767 0.0858308 0.0871409 0.0855726 0.0105633 0.0107781 0.0106026 0.0102936 0.0288677 0.0007534 0.0001433 0.0000000 0.0372792 0.0283246 0.0020099 0.0281803 0.0278552 0.0165282 0.0318513 0.0181727 0.0160388 0.0787246 0.0276094 0.0927124 0.0985059 0.0977866 0.0071032 0.0141864 3.2752842 3.3273453 0.0333141 
27         4.1306296 4.2904593 5.2990624 3.5008975 4.2876761 4.3380531 3.0453311 3.0340508 1.8776328 1.8773438 1.8865740 1.8765137 0.0904958 0.0912562 0.0107799 0.0911352 0.0919560 0.0905390 0.0354417 0.0353263 0.0354460 0.0352742 0.0118067 0.0365934 0.0371827 0.0372792 0.0000000 0.0096656 0.0364647 0.0113076 0.0104661 0.0265333 0.0166308 0.0255668 0.0217155 0.0775064 0.0103783 0.1016132 0.1061653 0.1057738 0.0386192 0.0393199 3.2098364 3.2608864 0.0649415 
28         4.1721195 4.3178321 5.3730808 3.5986141 4.3726974 4.4162247 3.1424767 3.1396225 1.8768250 1.8765561 1.8850576 1.8758015 0.0835185 0.0847383 0.0015775 0.0844566 0.0855904 0.0840796 0.0271737 0.0269495 0.0272047 0.0269942 0.0024729 0.0276876 0.0282364 0.0283246 0.0096656 0.0000000 0.0282142 0.0021628 0.0009204 0.0170770 0.0063411 0.0161210 0.0120143 0.0701852 0.0008753 0.0930372 0.0982014 0.0976277 0.0297281 0.0300008 3.2749922 3.3292907 0.0565792 
29         4.0701977 4.2100469 5.2962842 3.5095310 4.2403801 4.2902760 3.0526104 3.0534911 1.8267477 1.8261057 1.8362331 1.8257263 0.0857964 0.0868012 0.0276194 0.0861427 0.0877003 0.0857064 0.0101776 0.0104658 0.0102185 0.0099033 0.0288874 0.0013581 0.0019267 0.0020099 0.0364647 0.0282142 0.0000000 0.0281840 0.0279793 0.0169035 0.0315553 0.0181280 0.0158337 0.0789395 0.0276120 0.0922576 0.0982728 0.0974858 0.0066225 0.0138314 3.2120236 3.2602147 0.0326068 
30         4.1714299 4.2998564 5.3507579 3.5864927 4.3434855 4.3850078 3.1275446 3.1305375 1.8788242 1.8785092 1.8870781 1.8776297 0.0836674 0.0849305 0.0007233 0.0845994 0.0857703 0.0839561 0.0268834 0.0266523 0.0269141 0.0267288 0.0016003 0.0275458 0.0280888 0.0281803 0.0113076 0.0021628 0.0281840 0.0000000 0.0013820 0.0168657 0.0069803 0.0159444 0.0112077 0.0735490 0.0013397 0.0935091 0.0990910 0.0984674 0.0296793 0.0297625 3.2677661 3.3218812 0.0571022 
31         4.1617362 4.2988192 5.3420398 3.5869442 4.3387301 4.3784659 3.1072361 3.1051210 1.8843439 1.8840904 1.8926279 1.8833549 0.0837137 0.0852442 0.0008726 0.0849259 0.0859801 0.0842044 0.0263026 0.0260415 0.0262649 0.0260904 0.0017585 0.0272201 0.0277644 0.0278552 0.0104661 0.0009204 0.0279793 0.0013820 0.0000000 0.0167778 0.0057177 0.0155536 0.0113697 0.0734676 0.0000357 0.0926946 0.0979711 0.0973475 0.0292540 0.0290966 3.2473475 3.3000401 0.0565721 
32         4.0704889 4.2041153 5.2827893 3.5053570 4.2532358 4.2952829 3.0577244 3.0578682 1.8714176 1.8714176 1.8798324 1.8706793 0.0851127 0.0864334 0.0163576 0.0861148 0.0874748 0.0854252 0.0099872 0.0097436 0.0099500 0.0097845 0.0176569 0.0159664 0.0164883 0.0165282 0.0265333 0.0170770 0.0169035 0.0168657 0.0167778 0.0000000 0.0217606 0.0027265 0.0098566 0.0764718 0.0166802 0.0881663 0.0960490 0.0953846 0.0159504 0.0126080 3.2051319 3.2533236 0.0409181 
33         4.0867831 4.2049451 5.3078917 3.5047164 4.2379873 4.2883800 3.0627553 3.0667870 1.8792518 1.8789863 1.8876204 1.8783223 0.0852198 0.0869540 0.0060832 0.0866297 0.0878398 0.0857265 0.0306667 0.0304523 0.0306284 0.0305430 0.0072017 0.0312113 0.0317694 0.0318513 0.0166308 0.0063411 0.0315553 0.0069803 0.0057177 0.0217606 0.0000000 0.0211374 0.0164584 0.0758819 0.0056798 0.0857472 0.0944004 0.0938442 0.0333126 0.0337607 3.2070816 3.2578016 0.0599239 
34         4.1620158 4.2995946 5.3290580 3.5875126 4.3524168 4.3912311 3.1092717 3.1194741 1.8789670 1.8784704 1.8871314 1.8777455 0.0841743 0.0859025 0.0154990 0.0855532 0.0868577 0.0846570 0.0103817 0.0101815 0.0103449 0.0101823 0.0166401 0.0176068 0.0181260 0.0181727 0.0255668 0.0161210 0.0181280 0.0159444 0.0155536 0.0027265 0.0211374 0.0000000 0.0106027 0.0756370 0.0154833 0.0867104 0.0945376 0.0938623 0.0180387 0.0130700 3.2698576 3.3190518 0.0411997 
35         4.1589586 4.2976621 5.3382443 3.5870703 4.3418544 4.3940891 3.1149113 3.1185768 1.8751644 1.8748416 1.8834131 1.8739626 0.0844045 0.0854896 0.0108145 0.0851601 0.0865031 0.0845723 0.0194455 0.0191279 0.0194784 0.0193577 0.0119393 0.0154660 0.0159868 0.0160388 0.0217155 0.0120143 0.0158337 0.0112077 0.0113697 0.0098566 0.0164584 0.0106027 0.0000000 0.0713051 0.0111203 0.0921851 0.0985111 0.0978390 0.0184899 0.0217168 3.2718922 3.3224611 0.0477603 
36         4.1545391 4.3041985 5.3427140 3.5721672 4.3099487 4.3474874 3.1240361 3.1400314 1.8958150 1.8952382 1.9038103 1.8945085 0.0169762 0.0219633 0.0736522 0.0215374 0.0223247 0.0142860 0.0782783 0.0773589 0.0783420 0.0781156 0.0741001 0.0779626 0.0786682 0.0787246 0.0775064 0.0701852 0.0789395 0.0735490 0.0734676 0.0764718 0.0758819 0.0756370 0.0713051 0.0000000 0.0731116 0.0987021 0.1049841 0.1044322 0.0769950 0.0796753 3.2659243 3.3157777 0.0869072 
37         4.1715715 4.2999918 5.3512211 3.5869442 4.3479583 4.3929197 3.1281764 3.1306408 1.8689734 1.8686883 1.8771648 1.8679371 0.0836124 0.0848052 0.0007974 0.0845087 0.0857777 0.0839690 0.0264665 0.0262691 0.0264973 0.0263107 0.0016780 0.0269766 0.0275196 0.0276094 0.0103783 0.0008753 0.0276120 0.0013397 0.0000357 0.0166802 0.0056798 0.0154833 0.0111203 0.0731116 0.0000000 0.0923547 0.0982166 0.0975936 0.0290442 0.0292660 3.2682096 3.3221204 0.0559120 
38         4.1532606 4.3126285 5.3498953 3.5841805 4.3177886 4.3534100 3.1298627 3.1381326 1.9137416 1.9134315 1.9226604 1.9127681 0.0990369 0.0996191 0.0924627 0.0994309 0.1006234 0.0991670 0.0850966 0.0840242 0.0851117 0.0852887 0.0938420 0.0919901 0.0925733 0.0927124 0.1016132 0.0930372 0.0922576 0.0935091 0.0926946 0.0881663 0.0857472 0.0867104 0.0921851 0.0987021 0.0923547 0.0000000 0.0460693 0.0456311 0.0856559 0.0867844 3.2645975 3.3222290 0.1065444 
39         4.1641021 4.3047533 5.3234739 3.5755047 4.3083197 4.3520781 3.1209428 3.1351641 1.8983472 1.8980068 1.9074054 1.8973517 0.1047037 0.1067539 0.0979972 0.1056118 0.1068482 0.1049071 0.0944632 0.0928550 0.0945194 0.0944646 0.0990271 0.0979663 0.0985492 0.0985059 0.1061653 0.0982014 0.0982728 0.0990910 0.0979711 0.0960490 0.0944004 0.0945376 0.0985111 0.1049841 0.0982166 0.0460693 0.0000000 0.0014066 0.0939350 0.0956120 3.2578319 3.3137325 0.1145443 
40         4.1628949 4.3033324 5.3278217 3.5737646 4.3023030 4.3550965 3.1240491 3.1367345 1.8972812 1.8969386 1.9063342 1.8962838 0.1041047 0.1061493 0.0973752 0.1050099 0.1062763 0.1043078 0.0937892 0.0921753 0.0938456 0.0937885 0.0984013 0.0972506 0.0978322 0.0977866 0.1057738 0.0976277 0.0974858 0.0984674 0.0973475 0.0953846 0.0938442 0.0938623 0.0978390 0.1044322 0.0975936 0.0456311 0.0014066 0.0000000 0.0932485 0.0949484 3.2613780 3.3146572 0.1142486 
41         4.1593145 4.3019731 5.3428435 3.5866213 4.3378933 4.3817804 3.1148944 3.1114603 1.8790501 1.8785559 1.8876917 1.8778342 0.0841767 0.0852176 0.0289732 0.0844749 0.0859339 0.0840308 0.0107540 0.0109713 0.0107884 0.0104755 0.0297826 0.0064533 0.0070098 0.0071032 0.0386192 0.0297281 0.0066225 0.0296793 0.0292540 0.0159504 0.0333126 0.0180387 0.0184899 0.0769950 0.0290442 0.0856559 0.0939350 0.0932485 0.0000000 0.0143847 3.2691080 3.3196940 0.0337681 
42         4.1273047 4.2753287 5.3323646 3.5951633 4.3184856 4.3564725 3.0839679 3.0823460 1.8741353 1.8736159 1.8839617 1.8732472 0.0852623 0.0871479 0.0291183 0.0865048 0.0877764 0.0856921 0.0033273 0.0028170 0.0034456 0.0033409 0.0298564 0.0136336 0.0141300 0.0141864 0.0393199 0.0300008 0.0138314 0.0297625 0.0290966 0.0126080 0.0337607 0.0130700 0.0217168 0.0796753 0.0292660 0.0867844 0.0956120 0.0949484 0.0143847 0.0000000 3.2282766 3.2791112 0.0354090 
43         3.7862157 3.9344106 5.1321225 3.1097244 3.9446027 3.8893945 2.3182250 2.3912053 3.2062459 3.2062459 3.2049532 3.2059744 3.2624662 3.2650477 3.2687535 3.2648316 3.2041945 3.2597024 3.2461116 3.2467762 3.2467762 3.2461116 3.2683982 3.2740815 3.2752842 3.2752842 3.2098364 3.2749922 3.2120236 3.2677661 3.2473475 3.2051319 3.2070816 3.2698576 3.2718922 3.2659243 3.2682096 3.2645975 3.2578319 3.2613780 3.2691080 3.2282766 0.0000000 0.8188021 2.9197325 
44         3.7971051 3.8912914 5.1616121 2.9813328 3.7870839 3.8394492 2.2414607 2.3309361 3.1585987 3.1585987 3.1489454 3.1570730 3.3226372 3.3192400 3.3223559 3.3180043 3.2628704 3.3238599 3.2956161 3.2962848 3.2962848 3.2956161 3.3224553 3.3261884 3.3273453 3.3273453 3.2608864 3.3292907 3.2602147 3.3218812 3.3000401 3.2533236 3.2578016 3.3190518 3.3224611 3.3157777 3.3221204 3.3222290 3.3137325 3.3146572 3.3196940 3.2791112 0.8188021 0.0000000 2.9622320 
18         3.7389893 3.9550483 5.0217458 3.3316082 4.0178056 4.0945771 2.7685158 2.7902175 1.8394725 1.8387816 1.8502111 1.8380263 0.0857876 0.0827891 0.0562220 0.0819771 0.0826312 0.0851805 0.0346638 0.0350273 0.0347728 0.0341490 0.0575318 0.0327069 0.0333621 0.0333141 0.0649415 0.0565792 0.0326068 0.0571022 0.0565721 0.0409181 0.0599239 0.0411997 0.0477603 0.0869072 0.0559120 0.1065444 0.1145443 0.1142486 0.0337681 0.0354090 2.9197325 2.9622320 0.0000000 
