26
MK637631_European_chub_iridovirus_ECIV                   0.0000000 1.5885944 1.6038600 0.9291250 1.6038600 1.6004105 1.5956241 1.5885944 1.6112589 1.5962088 1.5923466 1.6167384 1.6195571 1.5984438 1.5878623 1.5923466 1.6004105 1.5962088 1.5984659 1.5945275 1.5878623 1.6112589 0.9291250 1.9462007 1.5992610 1.6226712 
OQ513807_Megalocytivirus_pagrus1_ISKNV                   1.5885944 0.0000000 0.0397532 1.7511183 0.0397532 0.0443047 0.0021080 0.0000010 0.0106878 0.0021051 0.0085248 0.0486494 0.0464654 0.0465561 0.0021051 0.0085248 0.0443047 0.0021051 0.0021065 0.0021059 0.0021051 0.0106878 1.7511183 0.5190859 0.0421179 0.0487478 
OL774653_Megalocytivirus_pagrus1_RSIV                    1.6038600 0.0397532 0.0000000 1.7568786 0.0000010 0.0127579 0.0397489 0.0397532 0.0400523 0.0420038 0.0395312 0.0301857 0.0280422 0.0148964 0.0420021 0.0395312 0.0127579 0.0420038 0.0420363 0.0420202 0.0420021 0.0400523 1.7568786 0.5295569 0.0021109 0.0302449 
OM037668_Megalocytivirus_lates1_SDDV                     0.9291250 1.7511183 1.7568786 0.0000000 1.7568786 1.7662476 1.7587193 1.7511183 1.8054700 1.7566816 1.7985678 1.7877912 1.7764256 1.7671690 1.7503088 1.7985678 1.7662476 1.7566816 1.7601883 1.7560838 1.7503088 1.8054700 0.0000010 1.8929947 1.7484138 1.7795462 
AY894343_Megalocytivirus_pagrus1_RSIV                    1.6038600 0.0397532 0.0000010 1.7568786 0.0000000 0.0127579 0.0397489 0.0397532 0.0400523 0.0420038 0.0395312 0.0301857 0.0280422 0.0148964 0.0420021 0.0395312 0.0127579 0.0420038 0.0420363 0.0420202 0.0420021 0.0400523 1.7568786 0.5295569 0.0021109 0.0302449 
BD143114_Megalocytivirus_pagrus1_RSIV                    1.6004105 0.0443047 0.0127579 1.7662476 0.0127579 0.0000000 0.0443007 0.0443047 0.0446337 0.0465666 0.0440578 0.0303049 0.0237133 0.0021098 0.0465645 0.0440578 0.0000010 0.0465666 0.0466032 0.0465847 0.0465645 0.0446337 1.7662476 0.5153501 0.0149381 0.0259072 
OR536350_Megalocytivirus_pagrus1_ISKNV                   1.5956241 0.0021080 0.0397489 1.7587193 0.0397489 0.0443007 0.0000000 0.0021080 0.0128572 0.0042205 0.0106822 0.0509907 0.0488025 0.0465524 0.0042205 0.0106822 0.0443007 0.0042205 0.0042233 0.0042221 0.0042205 0.0128572 1.7587193 0.5245762 0.0421137 0.0510942 
MW883600_Megalocytivirus_pagrus1_ISKNV                   1.5885944 0.0000010 0.0397532 1.7511183 0.0397532 0.0443047 0.0021080 0.0000000 0.0106878 0.0021051 0.0085248 0.0486494 0.0464654 0.0465561 0.0021051 0.0085248 0.0443047 0.0021051 0.0021065 0.0021059 0.0021051 0.0106878 1.7511183 0.5190859 0.0421179 0.0487478 
PP974677_Megalocytivirus_pagrus1_ISKNV                   1.6112589 0.0106878 0.0400523 1.8054700 0.0400523 0.0446337 0.0128572 0.0106878 0.0000000 0.0128390 0.0021116 0.0490067 0.0468078 0.0468999 0.0128387 0.0021116 0.0446337 0.0128390 0.0128477 0.0128439 0.0128387 0.0000010 1.8054700 0.5251991 0.0424338 0.0491064 
MW883603_Megalocytivirus_pagrus1_ISKNV                   1.5962088 0.0021051 0.0420038 1.7566816 0.0420038 0.0465666 0.0042205 0.0021051 0.0128390 0.0000000 0.0106673 0.0509109 0.0487264 0.0488218 0.0042147 0.0106673 0.0465666 0.0000010 0.0042175 0.0042163 0.0042147 0.0128390 1.7566816 0.5226713 0.0443803 0.0510140 
MN432490_Megalocytivirus_pagrus1_ISKNV                   1.5923466 0.0085248 0.0395312 1.7985678 0.0395312 0.0440578 0.0106822 0.0085248 0.0021116 0.0106673 0.0000000 0.0483812 0.0462080 0.0462976 0.0106670 0.0000010 0.0440578 0.0106673 0.0106744 0.0106713 0.0106670 0.0021116 1.7985678 0.5237702 0.0418829 0.0484786 
GQ273492_Megalocytivirus_pagrus1_TRBIV                   1.6167384 0.0486494 0.0301857 1.7877912 0.0301857 0.0303049 0.0509907 0.0486494 0.0490067 0.0509109 0.0483812 0.0000000 0.0149440 0.0324974 0.0509085 0.0483812 0.0303049 0.0509109 0.0509514 0.0487717 0.0509085 0.0490067 1.7877912 0.5209657 0.0302294 0.0171044 
MG570132_Megalocytivirus_pagrus1_TRBIV                   1.6195571 0.0464654 0.0280422 1.7764256 0.0280422 0.0237133 0.0488025 0.0464654 0.0468078 0.0487264 0.0462080 0.0149440 0.0000000 0.0258900 0.0487242 0.0462080 0.0237133 0.0487264 0.0487649 0.0465823 0.0487242 0.0468078 1.7764256 0.5137702 0.0280827 0.0021153 
MK098187_Megalocytivirus_pagrus1_RSIV                    1.5984438 0.0465561 0.0148964 1.7671690 0.0148964 0.0021098 0.0465524 0.0465561 0.0468999 0.0488218 0.0462976 0.0324974 0.0258900 0.0000000 0.0488197 0.0462976 0.0021098 0.0488218 0.0488606 0.0488409 0.0488197 0.0468999 1.7671690 0.5188913 0.0170863 0.0280888 
MW883602_Megalocytivirus_pagrus1_ISKNV                   1.5878623 0.0021051 0.0420021 1.7503088 0.0420021 0.0465645 0.0042205 0.0021051 0.0128387 0.0042147 0.0106670 0.0509085 0.0487242 0.0488197 0.0000000 0.0106670 0.0465645 0.0042147 0.0042174 0.0042163 0.0000010 0.0128387 1.7503088 0.5187969 0.0443784 0.0510117 
OP009387_Megalocytivirus_pagrus1_ISKNV                   1.5923466 0.0085248 0.0395312 1.7985678 0.0395312 0.0440578 0.0106822 0.0085248 0.0021116 0.0106673 0.0000010 0.0483812 0.0462080 0.0462976 0.0106670 0.0000000 0.0440578 0.0106673 0.0106744 0.0106713 0.0106670 0.0021116 1.7985678 0.5237702 0.0418829 0.0484786 
MK098186_Megalocytivirus_pagrus1_RSIV                    1.6004105 0.0443047 0.0127579 1.7662476 0.0127579 0.0000010 0.0443007 0.0443047 0.0446337 0.0465666 0.0440578 0.0303049 0.0237133 0.0021098 0.0465645 0.0440578 0.0000000 0.0465666 0.0466032 0.0465847 0.0465645 0.0446337 1.7662476 0.5153501 0.0149381 0.0259072 
MT128667_Megalocytivirus_pagrus1_ISKNV                   1.5962088 0.0021051 0.0420038 1.7566816 0.0420038 0.0465666 0.0042205 0.0021051 0.0128390 0.0000010 0.0106673 0.0509109 0.0487264 0.0488218 0.0042147 0.0106673 0.0465666 0.0000000 0.0042175 0.0042163 0.0042147 0.0128390 1.7566816 0.5226713 0.0443803 0.0510140 
MT926123_Megalocytivirus_pagrus1_ISKNV                   1.5984659 0.0021065 0.0420363 1.7601883 0.0420363 0.0466032 0.0042233 0.0021065 0.0128477 0.0042175 0.0106744 0.0509514 0.0487649 0.0488606 0.0042174 0.0106744 0.0466032 0.0042175 0.0000000 0.0042191 0.0042174 0.0128477 1.7601883 0.5238939 0.0444140 0.0510547 
MW883593_Megalocytivirus_pagrus1_ISKNV                   1.5945275 0.0021059 0.0420202 1.7560838 0.0420202 0.0465847 0.0042221 0.0021059 0.0128439 0.0042163 0.0106713 0.0487717 0.0465823 0.0488409 0.0042163 0.0106713 0.0465847 0.0042163 0.0042191 0.0000000 0.0042163 0.0128439 1.7560838 0.5208406 0.0443967 0.0488706 
MW273354_Megalocytivirus_pagrus1_ISKNV                   1.5878623 0.0021051 0.0420021 1.7503088 0.0420021 0.0465645 0.0042205 0.0021051 0.0128387 0.0042147 0.0106670 0.0509085 0.0487242 0.0488197 0.0000010 0.0106670 0.0465645 0.0042147 0.0042174 0.0042163 0.0000000 0.0128387 1.7503088 0.5187969 0.0443784 0.0510117 
PP151097_Megalocytivirus_pagrus1_ISKNV                   1.6112589 0.0106878 0.0400523 1.8054700 0.0400523 0.0446337 0.0128572 0.0106878 0.0000010 0.0128390 0.0021116 0.0490067 0.0468078 0.0468999 0.0128387 0.0021116 0.0446337 0.0128390 0.0128477 0.0128439 0.0128387 0.0000000 1.8054700 0.5251991 0.0424338 0.0491064 
MT521409_Megalocytivirus_lates1_SDDV                     0.9291250 1.7511183 1.7568786 0.0000010 1.7568786 1.7662476 1.7587193 1.7511183 1.8054700 1.7566816 1.7985678 1.7877912 1.7764256 1.7671690 1.7503088 1.7985678 1.7662476 1.7566816 1.7601883 1.7560838 1.7503088 1.8054700 0.0000000 1.8929947 1.7484138 1.7795462 
PQ335173_PQ335174_Threespine_stickleback_iridovirus_TSIV 1.9462007 0.5190859 0.5295569 1.8929947 0.5295569 0.5153501 0.5245762 0.5190859 0.5251991 0.5226713 0.5237702 0.5209657 0.5137702 0.5188913 0.5187969 0.5237702 0.5153501 0.5226713 0.5238939 0.5208406 0.5187969 0.5251991 1.8929947 0.0000000 0.5232196 0.5176137 
OK042109_Megalocytivirus_pagrus1_RSIV                    1.5992610 0.0421179 0.0021109 1.7484138 0.0021109 0.0149381 0.0421137 0.0421179 0.0424338 0.0443803 0.0418829 0.0302294 0.0280827 0.0170863 0.0443784 0.0418829 0.0149381 0.0443803 0.0444140 0.0443967 0.0443784 0.0424338 1.7484138 0.5232196 0.0000000 0.0302878 
MG570131_Megalocytivirus_pagrus1_TRBIV                   1.6226712 0.0487478 0.0302449 1.7795462 0.0302449 0.0259072 0.0510942 0.0487478 0.0491064 0.0510140 0.0484786 0.0171044 0.0021153 0.0280888 0.0510117 0.0484786 0.0259072 0.0510140 0.0510547 0.0488706 0.0510117 0.0491064 1.7795462 0.5176137 0.0302878 0.0000000 
