15
KT781098_Megalocytivirus_pagrus1_ISKNV                   0.0000000 0.0000010 0.0318766 0.0399470 0.0318766 1.8175671 0.0482586 0.0646695 0.0401642 0.8040353 1.8175671 0.0828101 0.0401642 0.0399470 0.0077742 
OR356116_Megalocytivirus_pagrus1_ISKNV                   0.0000010 0.0000000 0.0318766 0.0399470 0.0318766 1.8175671 0.0482586 0.0646695 0.0401642 0.8040353 1.8175671 0.0828101 0.0401642 0.0399470 0.0077742 
OK042109_Megalocytivirus_pagrus1_RSIV                    0.0318766 0.0318766 0.0000000 0.0078240 0.0000010 1.8344725 0.0480012 0.0643332 0.0399470 0.7701602 1.8344725 0.0823848 0.0399470 0.0078240 0.0399465 
KT804738_Megalocytivirus_pagrus1_RSIV                    0.0399470 0.0399470 0.0078240 0.0000000 0.0078240 1.8301931 0.0561490 0.0725661 0.0480618 0.7563577 1.8301931 0.0908465 0.0480618 0.0000010 0.0480578 
ON740976_Megalocytivirus_pagrus1_RSIV                    0.0318766 0.0318766 0.0000010 0.0078240 0.0000000 1.8344725 0.0480012 0.0643332 0.0399470 0.7701602 1.8344725 0.0823848 0.0399470 0.0078240 0.0399465 
MN562489_Megalocytivirus_lates1_SDDV                     1.8175671 1.8175671 1.8344725 1.8301931 1.8344725 0.0000000 1.8278434 1.8340216 1.8259757 1.7120748 0.0000010 1.9033484 1.8259757 1.8301931 1.8307302 
MG570132_Megalocytivirus_pagrus1_TRBIV                   0.0482586 0.0482586 0.0480012 0.0561490 0.0480012 1.8278434 0.0000000 0.0155652 0.0398295 0.7983178 1.8278434 0.0319136 0.0398295 0.0561490 0.0564466 
GQ273492_Megalocytivirus_pagrus1_TRBIV                   0.0646695 0.0646695 0.0643332 0.0725661 0.0643332 1.8340216 0.0155652 0.0000000 0.0560455 0.8176606 1.8340216 0.0480862 0.0560455 0.0725661 0.0729423 
MW883595_Megalocytivirus_pagrus1_ISKNV                   0.0401642 0.0401642 0.0399470 0.0480618 0.0399470 1.8259757 0.0398295 0.0560455 0.0000000 0.7889145 1.8259757 0.0738273 0.0000010 0.0480618 0.0483197 
PQ335173_PQ335174_Threespine_stickleback_iridovirus_TSIV 0.8040353 0.8040353 0.7701602 0.7563577 0.7701602 1.7120748 0.7983178 0.8176606 0.7889145 0.0000000 1.7120748 0.8779514 0.7889145 0.7563577 0.7902675 
MT521409_Megalocytivirus_lates1_SDDV                     1.8175671 1.8175671 1.8344725 1.8301931 1.8344725 0.0000010 1.8278434 1.8340216 1.8259757 1.7120748 0.0000000 1.9033484 1.8259757 1.8301931 1.8307302 
MG570131_Megalocytivirus_pagrus1_TRBIV                   0.0828101 0.0828101 0.0823848 0.0908465 0.0823848 1.9033484 0.0319136 0.0480862 0.0738273 0.8779514 1.9033484 0.0000000 0.0738273 0.0908465 0.0913131 
MN432490_Megalocytivirus_pagrus1_ISKNV                   0.0401642 0.0401642 0.0399470 0.0480618 0.0399470 1.8259757 0.0398295 0.0560455 0.0000010 0.7889145 1.8259757 0.0738273 0.0000000 0.0480618 0.0483197 
ON743042_Megalocytivirus_pagrus1_RSIV                    0.0399470 0.0399470 0.0078240 0.0000010 0.0078240 1.8301931 0.0561490 0.0725661 0.0480618 0.7563577 1.8301931 0.0908465 0.0480618 0.0000000 0.0480578 
MW883606_Megalocytivirus_pagrus1_ISKNV                   0.0077742 0.0077742 0.0399465 0.0480578 0.0399465 1.8307302 0.0564466 0.0729423 0.0483197 0.7902675 1.8307302 0.0913131 0.0483197 0.0480578 0.0000000 
