16
KT781098_Megalocytivirus_pagrus1_ISKNV                   0.0000000 0.0000010 0.0275072 0.0344867 0.0275072 2.2736284 2.4172894 0.0419867 0.0566493 0.0350216 0.9185447 2.2736284 0.0755940 0.0350216 0.0344867 0.0065079 
OR356116_Megalocytivirus_pagrus1_ISKNV                   0.0000010 0.0000000 0.0275072 0.0344867 0.0275072 2.2736284 2.4172894 0.0419867 0.0566493 0.0350216 0.9185447 2.2736284 0.0755940 0.0350216 0.0344867 0.0065079 
OK042109_Megalocytivirus_pagrus1_RSIV                    0.0275072 0.0275072 0.0000000 0.0065553 0.0000010 2.3265820 2.4925593 0.0410785 0.0554873 0.0342389 0.8709402 2.3265820 0.0740992 0.0342389 0.0065553 0.0344564 
KT804738_Megalocytivirus_pagrus1_RSIV                    0.0344867 0.0344867 0.0065553 0.0000000 0.0065553 2.3214839 2.4868365 0.0481027 0.0626557 0.0412396 0.8540133 2.3214839 0.0816607 0.0412396 0.0000010 0.0414728 
ON740976_Megalocytivirus_pagrus1_RSIV                    0.0275072 0.0275072 0.0000010 0.0065553 0.0000000 2.3265820 2.4925593 0.0410785 0.0554873 0.0342389 0.8709402 2.3265820 0.0740992 0.0342389 0.0065553 0.0344564 
MN562489_Megalocytivirus_lates1_SDDV                     2.2736284 2.2736284 2.3265820 2.3214839 2.3265820 0.0000000 1.2254911 2.3146266 2.3372343 2.3242110 2.2235526 0.0000010 2.4569736 2.3242110 2.3214839 2.2859506 
MK637631_European_chub_iridovirus_ECIV                   2.4172894 2.4172894 2.4925593 2.4868365 2.4925593 1.2254911 0.0000000 2.5006755 2.5433105 2.5772250 2.3117918 1.2254911 2.6652476 2.5772250 2.4868365 2.4519847 
MG570132_Megalocytivirus_pagrus1_TRBIV                   0.0419867 0.0419867 0.0410785 0.0481027 0.0410785 2.3146266 2.5006755 0.0000000 0.0131851 0.0340329 0.8921416 2.3146266 0.0285855 0.0340329 0.0481027 0.0490942 
GQ273492_Megalocytivirus_pagrus1_TRBIV                   0.0566493 0.0566493 0.0554873 0.0626557 0.0554873 2.3372343 2.5433105 0.0131851 0.0000000 0.0482632 0.9297671 2.3372343 0.0431437 0.0482632 0.0626557 0.0638802 
MW883595_Megalocytivirus_pagrus1_ISKNV                   0.0350216 0.0350216 0.0342389 0.0412396 0.0342389 2.3242110 2.5772250 0.0340329 0.0482632 0.0000000 0.8888939 2.3242110 0.0664163 0.0000010 0.0412396 0.0421178 
PQ335173_PQ335174_Threespine_stickleback_iridovirus_TSIV 0.9185447 0.9185447 0.8709402 0.8540133 0.8709402 2.2235526 2.3117918 0.8921416 0.9297671 0.8888939 0.0000000 2.2235526 0.9997439 0.8888939 0.8540133 0.9027132 
MT521409_Megalocytivirus_lates1_SDDV                     2.2736284 2.2736284 2.3265820 2.3214839 2.3265820 0.0000010 1.2254911 2.3146266 2.3372343 2.3242110 2.2235526 0.0000000 2.4569736 2.3242110 2.3214839 2.2859506 
MG570131_Megalocytivirus_pagrus1_TRBIV                   0.0755940 0.0755940 0.0740992 0.0816607 0.0740992 2.4569736 2.6652476 0.0285855 0.0431437 0.0664163 0.9997439 2.4569736 0.0000000 0.0664163 0.0816607 0.0831955 
MN432490_Megalocytivirus_pagrus1_ISKNV                   0.0350216 0.0350216 0.0342389 0.0412396 0.0342389 2.3242110 2.5772250 0.0340329 0.0482632 0.0000010 0.8888939 2.3242110 0.0664163 0.0000000 0.0412396 0.0421178 
ON743042_Megalocytivirus_pagrus1_RSIV                    0.0344867 0.0344867 0.0065553 0.0000010 0.0065553 2.3214839 2.4868365 0.0481027 0.0626557 0.0412396 0.8540133 2.3214839 0.0816607 0.0412396 0.0000000 0.0414728 
MW883606_Megalocytivirus_pagrus1_ISKNV                   0.0065079 0.0065079 0.0344564 0.0414728 0.0344564 2.2859506 2.4519847 0.0490942 0.0638802 0.0421178 0.9027132 2.2859506 0.0831955 0.0421178 0.0414728 0.0000000 
