24
MK637631_European_chub_iridovirus_ECIV                   0.0000000 1.4928670 1.4796414 1.4796414 1.4928670 1.5053007 0.5602046 1.4770538 1.4832257 1.4770538 1.4933117 1.5053007 1.4819609 1.4811423 1.4817669 0.5602046 1.4832257 1.4764992 1.4952998 1.4782840 1.4942267 1.4927431 1.4782840 1.4817669 
MW883598_Megalocytivirus_pagrus1_RSIV                    1.4928670 0.0000000 0.0487783 0.0487783 0.0000010 0.0127023 1.3291872 0.0512968 0.0511543 0.0512968 0.4392922 0.0127023 0.0305304 0.0500124 0.0499372 1.3291872 0.0511543 0.0499968 0.0045846 0.0484209 0.0459660 0.0011437 0.0484209 0.0499372 
MW883602_Megalocytivirus_pagrus1_ISKNV                   1.4796414 0.0487783 0.0000000 0.0000010 0.0487783 0.0500970 1.3680577 0.0023068 0.0057749 0.0023068 0.4332486 0.0500970 0.0174418 0.0011513 0.0046165 1.3680577 0.0057749 0.0011510 0.0463309 0.0462098 0.0449720 0.0500585 0.0462098 0.0046165 
MK689685_Megalocytivirus_pagrus1_ISKNV                   1.4796414 0.0487783 0.0000010 0.0000000 0.0487783 0.0500970 1.3680577 0.0023068 0.0057749 0.0023068 0.4332486 0.0500970 0.0174418 0.0011513 0.0046165 1.3680577 0.0057749 0.0011510 0.0463309 0.0462098 0.0449720 0.0500585 0.0462098 0.0046165 
OK042108_Megalocytivirus_pagrus1_RSIV                    1.4928670 0.0000010 0.0487783 0.0487783 0.0000000 0.0127023 1.3291872 0.0512968 0.0511543 0.0512968 0.4392922 0.0127023 0.0305304 0.0500124 0.0499372 1.3291872 0.0511543 0.0499968 0.0045846 0.0484209 0.0459660 0.0011437 0.0484209 0.0499372 
MK098186_Megalocytivirus_pagrus1_RSIV                    1.5053007 0.0127023 0.0500970 0.0500970 0.0127023 0.0000000 1.3493532 0.0500769 0.0524790 0.0500769 0.4440192 0.0000010 0.0366162 0.0513355 0.0512580 1.3493532 0.0524790 0.0513194 0.0080609 0.0497292 0.0472655 0.0138815 0.0497292 0.0512580 
MN562489_Megalocytivirus_lates1_SDDV                     0.5602046 1.3291872 1.3680577 1.3680577 1.3291872 1.3493532 0.0000000 1.3636047 1.3741892 1.3636047 1.4664152 1.3493532 1.3515601 1.3688840 1.3708567 0.0000010 1.3741892 1.3650923 1.3380240 1.3801271 1.3772737 1.3291026 1.3801271 1.3708567 
OR670976_Megalocytivirus_pagrus1_ISKNV                   1.4770538 0.0512968 0.0023068 0.0023068 0.0512968 0.0500769 1.3636047 0.0000000 0.0081068 0.0000010 0.4331351 0.0500769 0.0198211 0.0034633 0.0069448 1.3636047 0.0081068 0.0034622 0.0488392 0.0487113 0.0474677 0.0525850 0.0487113 0.0069448 
OP009387_Megalocytivirus_pagrus1_ISKNV                   1.4832257 0.0511543 0.0057749 0.0057749 0.0511543 0.0524790 1.3741892 0.0081068 0.0000000 0.0081068 0.4366707 0.0524790 0.0233463 0.0069359 0.0011501 1.3741892 0.0000010 0.0069338 0.0487038 0.0461137 0.0448786 0.0524387 0.0461137 0.0011501 
OQ513807_Megalocytivirus_pagrus1_ISKNV                   1.4770538 0.0512968 0.0023068 0.0023068 0.0512968 0.0500769 1.3636047 0.0000010 0.0081068 0.0000000 0.4331351 0.0500769 0.0198211 0.0034633 0.0069448 1.3636047 0.0081068 0.0034622 0.0488392 0.0487113 0.0474677 0.0525850 0.0487113 0.0069448 
PQ335173_PQ335174_Threespine_stickleback_iridovirus_TSIV 1.4933117 0.4392922 0.4332486 0.4332486 0.4392922 0.4440192 1.4664152 0.4331351 0.4366707 0.4331351 0.0000000 0.4440192 0.4389814 0.4355384 0.4349759 1.4664152 0.4366707 0.4326904 0.4380521 0.4402540 0.4371494 0.4420026 0.4402540 0.4349759 
MK098185_Megalocytivirus_pagrus1_RSIV                    1.5053007 0.0127023 0.0500970 0.0500970 0.0127023 0.0000010 1.3493532 0.0500769 0.0524790 0.0500769 0.4440192 0.0000000 0.0366162 0.0513355 0.0512580 1.3493532 0.0524790 0.0513194 0.0080609 0.0497292 0.0472655 0.0138815 0.0497292 0.0512580 
KT781098_Megalocytivirus_pagrus1_ISKNV                   1.4819609 0.0305304 0.0174418 0.0174418 0.0305304 0.0366162 1.3515601 0.0198211 0.0233463 0.0198211 0.4389814 0.0366162 0.0000000 0.0186210 0.0221667 1.3515601 0.0233463 0.0186153 0.0329400 0.0448934 0.0436606 0.0317613 0.0448934 0.0221667 
MW883603_Megalocytivirus_pagrus1_ISKNV                   1.4811423 0.0500124 0.0011513 0.0011513 0.0500124 0.0513355 1.3688840 0.0034633 0.0069359 0.0034633 0.4355384 0.0513355 0.0186210 0.0000000 0.0057767 1.3688840 0.0069359 0.0023039 0.0475611 0.0474367 0.0461965 0.0512960 0.0474367 0.0057767 
MW883595_Megalocytivirus_pagrus1_ISKNV                   1.4817669 0.0499372 0.0046165 0.0046165 0.0499372 0.0512580 1.3708567 0.0069448 0.0011501 0.0069448 0.4349759 0.0512580 0.0221667 0.0057767 0.0000000 1.3708567 0.0011501 0.0057750 0.0474898 0.0449065 0.0436734 0.0512187 0.0449065 0.0000010 
MT521409_Megalocytivirus_lates1_SDDV                     0.5602046 1.3291872 1.3680577 1.3680577 1.3291872 1.3493532 0.0000010 1.3636047 1.3741892 1.3636047 1.4664152 1.3493532 1.3515601 1.3688840 1.3708567 0.0000000 1.3741892 1.3650923 1.3380240 1.3801271 1.3772737 1.3291026 1.3801271 1.3708567 
PP974677_Megalocytivirus_pagrus1_ISKNV                   1.4832257 0.0511543 0.0057749 0.0057749 0.0511543 0.0524790 1.3741892 0.0081068 0.0000010 0.0081068 0.4366707 0.0524790 0.0233463 0.0069359 0.0011501 1.3741892 0.0000000 0.0069338 0.0487038 0.0461137 0.0448786 0.0524387 0.0461137 0.0011501 
MT926123_Megalocytivirus_pagrus1_ISKNV                   1.4764992 0.0499968 0.0011510 0.0011510 0.0499968 0.0513194 1.3650923 0.0034622 0.0069338 0.0034622 0.4326904 0.0513194 0.0186153 0.0023039 0.0057750 1.3650923 0.0069338 0.0000000 0.0475462 0.0474219 0.0461822 0.0512800 0.0474219 0.0057750 
OQ475017_Megalocytivirus_pagrus1_RSIV                    1.4952998 0.0045846 0.0463309 0.0463309 0.0045846 0.0080609 1.3380240 0.0488392 0.0487038 0.0488392 0.4380521 0.0080609 0.0329400 0.0475611 0.0474898 1.3380240 0.0487038 0.0475462 0.0000000 0.0459917 0.0435449 0.0057408 0.0459917 0.0474898 
MG570131_Megalocytivirus_pagrus1_TRBIV                   1.4782840 0.0484209 0.0462098 0.0462098 0.0484209 0.0497292 1.3801271 0.0487113 0.0461137 0.0487113 0.4402540 0.0497292 0.0448934 0.0474367 0.0449065 1.3801271 0.0461137 0.0474219 0.0459917 0.0000000 0.0208966 0.0496913 0.0000010 0.0449065 
GQ273492_Megalocytivirus_pagrus1_TRBIV                   1.4942267 0.0459660 0.0449720 0.0449720 0.0459660 0.0472655 1.3772737 0.0474677 0.0448786 0.0474677 0.4371494 0.0472655 0.0436606 0.0461965 0.0436734 1.3772737 0.0448786 0.0461822 0.0435449 0.0208966 0.0000000 0.0472295 0.0208966 0.0436734 
AY894343_Megalocytivirus_pagrus1_RSIV                    1.4927431 0.0011437 0.0500585 0.0500585 0.0011437 0.0138815 1.3291026 0.0525850 0.0524387 0.0525850 0.4420026 0.0138815 0.0317613 0.0512960 0.0512187 1.3291026 0.0524387 0.0512800 0.0057408 0.0496913 0.0472295 0.0000000 0.0496913 0.0512187 
MG570132_Megalocytivirus_pagrus1_TRBIV                   1.4782840 0.0484209 0.0462098 0.0462098 0.0484209 0.0497292 1.3801271 0.0487113 0.0461137 0.0487113 0.4402540 0.0497292 0.0448934 0.0474367 0.0449065 1.3801271 0.0461137 0.0474219 0.0459917 0.0000010 0.0208966 0.0496913 0.0000000 0.0449065 
MN432490_Megalocytivirus_pagrus1_ISKNV                   1.4817669 0.0499372 0.0046165 0.0046165 0.0499372 0.0512580 1.3708567 0.0069448 0.0011501 0.0069448 0.4349759 0.0512580 0.0221667 0.0057767 0.0000010 1.3708567 0.0011501 0.0057750 0.0474898 0.0449065 0.0436734 0.0512187 0.0449065 0.0000000 
