6
7_35       0.0000000 2.5658322 0.9761516 4.3717742 3.5978419 4.1296935 
8_167      2.5658322 0.0000000 2.5966655 3.4327508 3.5472839 3.4261883 
10_105     0.9761516 2.5966655 0.0000000 3.9785141 3.4285030 4.2997060 
12_11      4.3717742 3.4327508 3.9785141 0.0000000 3.1352482 0.7353366 
14_73      3.5978419 3.5472839 3.4285030 3.1352482 0.0000000 3.2363288 
24_134     4.1296935 3.4261883 4.2997060 0.7353366 3.2363288 0.0000000 
