23
0_64       0.0000000 0.0450742 0.1496928 0.0424737 0.0380736 0.0424737 0.0467178 2.4754271 3.5179937 0.0380736 2.5357562 0.0467827 0.0446269 0.0446074 0.0000010 0.0082953 0.9735461 0.9735461 0.0020618 0.0103997 1.0383612 0.9067304 0.0082953 
2_64       0.0450742 0.0000000 2.4547705 0.0336875 0.0000010 0.0336875 0.0333200 0.0000010 4.5960922 0.0000010 0.0000010 0.0565082 0.0565082 0.0336875 0.0450742 0.0450742 1.0999866 1.0999866 0.0450742 0.0450742 1.0999866 0.0000010 0.0450742 
2_65       0.1496928 2.4547705 0.0000000 0.1223820 0.1166110 0.1223820 0.1455471 2.4939057 3.4800883 0.1166110 2.5486341 0.1397030 0.1368552 0.1221198 0.1496928 0.1497158 1.1492300 1.1492300 0.1528240 0.1503928 3.6358169 0.9162801 0.1497158 
3_68       0.0424737 0.0336875 0.1223820 0.0000000 0.0124496 0.0000010 0.0293677 2.4909895 3.4579289 0.0124496 2.5746928 0.0250857 0.0229802 0.0020622 0.0424737 0.0424723 0.9670218 0.9670218 0.0446798 0.0426306 1.0054201 0.9143008 0.0424723 
4_63       0.0380736 0.0000010 0.1166110 0.0124496 0.0000000 0.0124496 0.0292704 2.4939057 3.4468954 0.0000010 2.5486341 0.0293110 0.0271996 0.0145277 0.0380736 0.0380721 0.9659618 0.9659618 0.0402628 0.0382139 1.0161992 0.9085917 0.0380721 
5_11       0.0424737 0.0336875 0.1223820 0.0000010 0.0124496 0.0000000 0.0293677 2.4909895 3.4579289 0.0124496 2.5746928 0.0250857 0.0229802 0.0020622 0.0424737 0.0424723 0.9670218 0.9670218 0.0446798 0.0426306 1.0054201 0.9143008 0.0424723 
6_63       0.0467178 0.0333200 0.1455471 0.0293677 0.0292704 0.0293677 0.0000000 2.4488827 3.5030325 0.0292704 2.4882790 0.0166773 0.0145830 0.0314726 0.0467178 0.0467166 0.9732518 0.9732518 0.0489318 0.0468902 1.0030676 0.9200629 0.0467166 
7_46       2.4754271 0.0000010 2.4939057 2.4909895 2.4939057 2.4909895 2.4488827 0.0000000 1.4955330 2.4939057 0.5248190 2.4953070 2.4953070 2.4909895 2.4754271 2.4878481 2.3197162 2.3197162 2.4754271 2.4878481 0.0000010 2.3197162 2.4878481 
8_155      3.5179937 4.5960922 3.4800883 3.4579289 3.4468954 3.4579289 3.5030325 1.4955330 0.0000000 3.4468954 1.3746092 3.5084824 3.5084824 3.4579289 3.5179937 3.5320934 2.8294483 2.8294483 3.5179937 3.5320934 0.0000010 2.8862462 3.5320934 
9_63       0.0380736 0.0000010 0.1166110 0.0124496 0.0000010 0.0124496 0.0292704 2.4939057 3.4468954 0.0000000 2.5486341 0.0293110 0.0271996 0.0145277 0.0380736 0.0380721 0.9659618 0.9659618 0.0402628 0.0382139 1.0161992 0.9085917 0.0380721 
10_92      2.5357562 0.0000010 2.5486341 2.5746928 2.5486341 2.5746928 2.4882790 0.5248190 1.3746092 2.5486341 0.0000000 2.5765502 2.5765502 2.5746928 2.5357562 2.5617975 2.4346853 2.4346853 2.5357562 2.5617975 0.0000010 2.4346853 2.5617975 
15_63      0.0467827 0.0565082 0.1397030 0.0250857 0.0293110 0.0250857 0.0166773 2.4953070 3.5084824 0.0293110 2.5765502 0.0000000 0.0020657 0.0271823 0.0467827 0.0467815 0.9679382 0.9679382 0.0489997 0.0469556 0.9926547 0.9145900 0.0467815 
16_63      0.0446269 0.0565082 0.1368552 0.0229802 0.0271996 0.0229802 0.0145830 2.4953070 3.5084824 0.0271996 2.5765502 0.0020657 0.0000000 0.0250750 0.0446269 0.0446255 0.9670073 0.9670073 0.0468384 0.0447917 0.9926547 0.9145900 0.0446255 
19_64      0.0446074 0.0336875 0.1221198 0.0020622 0.0145277 0.0020622 0.0314726 2.4909895 3.4579289 0.0145277 2.5746928 0.0271823 0.0250750 0.0000000 0.0446074 0.0446061 0.9674011 0.9674011 0.0468180 0.0447721 1.0071536 0.9143008 0.0446061 
20_61      0.0000010 0.0450742 0.1496928 0.0424737 0.0380736 0.0424737 0.0467178 2.4754271 3.5179937 0.0380736 2.5357562 0.0467827 0.0446269 0.0446074 0.0000000 0.0082953 0.9735461 0.9735461 0.0020618 0.0103997 1.0383612 0.9067304 0.0082953 
22_64      0.0082953 0.0450742 0.1497158 0.0424723 0.0380721 0.0424723 0.0467166 2.4878481 3.5320934 0.0380721 2.5617975 0.0467815 0.0446255 0.0446061 0.0082953 0.0000000 0.9833579 0.9833579 0.0103889 0.0020662 1.0383612 0.9207516 0.0000010 
23_111     0.9735461 1.0999866 1.1492300 0.9670218 0.9659618 0.9670218 0.9732518 2.3197162 2.8294483 0.9659618 2.4346853 0.9679382 0.9670073 0.9674011 0.9735461 0.9833579 0.0000000 0.0000010 0.9753546 0.9841197 0.0000010 0.0092172 0.9833579 
25_112     0.9735461 1.0999866 1.1492300 0.9670218 0.9659618 0.9670218 0.9732518 2.3197162 2.8294483 0.9659618 2.4346853 0.9679382 0.9670073 0.9674011 0.9735461 0.9833579 0.0000010 0.0000000 0.9753546 0.9841197 0.0000010 0.0092172 0.9833579 
27_65      0.0020618 0.0450742 0.1528240 0.0446798 0.0402628 0.0446798 0.0489318 2.4754271 3.5179937 0.0402628 2.5357562 0.0489997 0.0468384 0.0468180 0.0020618 0.0103889 0.9753546 0.9753546 0.0000000 0.0125035 1.0383612 0.9092475 0.0103889 
28_65      0.0103997 0.0450742 0.1503928 0.0426306 0.0382139 0.0426306 0.0468902 2.4878481 3.5320934 0.0382139 2.5617975 0.0469556 0.0447917 0.0447721 0.0103997 0.0020662 0.9841197 0.9841197 0.0125035 0.0000000 1.0383612 0.9207516 0.0020662 
31_92      1.0383612 1.0999866 3.6358169 1.0054201 1.0161992 1.0054201 1.0030676 0.0000010 0.0000010 1.0161992 0.0000010 0.9926547 0.9926547 1.0071536 1.0383612 1.0383612 0.0000010 0.0000010 1.0383612 1.0383612 0.0000000 0.0000010 1.0383612 
31_93      0.9067304 0.0000010 0.9162801 0.9143008 0.9085917 0.9143008 0.9200629 2.3197162 2.8862462 0.9085917 2.4346853 0.9145900 0.9145900 0.9143008 0.9067304 0.9207516 0.0092172 0.0092172 0.9092475 0.9207516 0.0000010 0.0000000 0.9207516 
42_64      0.0082953 0.0450742 0.1497158 0.0424723 0.0380721 0.0424723 0.0467166 2.4878481 3.5320934 0.0380721 2.5617975 0.0467815 0.0446255 0.0446061 0.0082953 0.0000010 0.9833579 0.9833579 0.0103889 0.0020662 1.0383612 0.9207516 0.0000000 
