6
2_26       0.0000000 0.1211207 0.0772591 0.0814107 0.0811185 0.1078958 
4_25       0.1211207 0.0000000 0.0252397 0.0412032 0.0347506 0.0753210 
9_25       0.0772591 0.0252397 0.0000000 0.0388899 0.0251619 0.0000010 
11_25      0.0814107 0.0412032 0.0388899 0.0000000 0.0291775 0.0863276 
21_25      0.0811185 0.0347506 0.0251619 0.0291775 0.0000000 0.0810803 
39_25      0.1078958 0.0753210 0.0000010 0.0863276 0.0810803 0.0000000 
