6
13_88      0.0000000 0.5795048 1.8421301 1.9036188 2.0910112 1.9229646 
13_89      0.5795048 0.0000000 2.1074068 1.8450916 2.0801947 1.8674930 
13_224     1.8421301 2.1074068 0.0000000 1.7176385 2.2737985 2.1557776 
13_267     1.9036188 1.8450916 1.7176385 0.0000000 0.8908455 1.2157612 
13_268     2.0910112 2.0801947 2.2737985 0.8908455 0.0000000 1.2063258 
13_269     1.9229646 1.8674930 2.1557776 1.2157612 1.2063258 0.0000000 
