21
0_90       0.0000000 0.0885304 0.0689967 0.0732983 0.0628422 0.1105549 0.0818185 0.0712815 0.0732983 0.0964087 0.0964087 0.0629197 0.0629197 0.0000010 0.0094433 1.8931338 1.8931338 0.0712815 0.0094433 0.0691070 0.0551365 
2_90       0.0885304 0.0000000 0.0483103 0.0246987 0.0586117 0.0446433 0.0777789 0.0227877 0.0246987 0.0938705 0.0938705 0.0424003 0.0424003 0.0885304 0.0822926 1.9137392 1.9137392 0.0227877 0.0822926 0.0324846 0.0505214 
3_96       0.0689967 0.0483103 0.0000000 0.0302902 0.0065481 0.0389052 0.0712327 0.0283832 0.0302902 0.0871792 0.0871792 0.0055774 0.0055774 0.0689967 0.0629305 1.9295317 1.9295317 0.0283832 0.0629305 0.0226108 0.0226486 
4_88       0.0732983 0.0246987 0.0302902 0.0000000 0.0301090 0.0504068 0.0590115 0.0018559 0.0000010 0.0748459 0.0748459 0.0245461 0.0245461 0.0732983 0.0671914 1.8689314 1.8689314 0.0018559 0.0671914 0.0074509 0.0323581 
5_109      0.0628422 0.0586117 0.0065481 0.0301090 0.0000000 0.5086749 0.0701766 0.0301090 0.0301090 0.0982520 0.0982520 0.0000010 0.0000010 0.0628422 0.0592639 2.1390147 2.1390147 0.0301090 0.0592639 0.0267266 0.0233325 
5_110      0.1105549 0.0446433 0.0389052 0.0504068 0.5086749 0.0000000 0.1037581 0.0504068 0.0504068 0.1041967 0.1041967 0.0332461 0.0332461 0.1105549 0.0985110 1.6940106 1.6940106 0.0504068 0.0985110 0.0332461 0.0447533 
6_85       0.0818185 0.0777789 0.0712327 0.0590115 0.0701766 0.1037581 0.0000000 0.0570159 0.0590115 0.0463082 0.0463082 0.0651236 0.0651236 0.0818185 0.0756386 1.8638317 1.8638317 0.0570159 0.0756386 0.0589617 0.0466425 
9_88       0.0712815 0.0227877 0.0283832 0.0018559 0.0301090 0.0504068 0.0570159 0.0000000 0.0018559 0.0728385 0.0728385 0.0226469 0.0226469 0.0712815 0.0651829 1.8803099 1.8803099 0.0000010 0.0651829 0.0093319 0.0304396 
11_84      0.0732983 0.0246987 0.0302902 0.0000010 0.0301090 0.0504068 0.0590115 0.0018559 0.0000000 0.0748459 0.0748459 0.0245461 0.0245461 0.0732983 0.0671914 1.8689314 1.8689314 0.0018559 0.0671914 0.0074509 0.0323581 
15_85      0.0964087 0.0938705 0.0871792 0.0748459 0.0982520 0.1041967 0.0463082 0.0728385 0.0748459 0.0000000 0.0000010 0.0810198 0.0810198 0.0964087 0.0901556 1.8727556 1.8727556 0.0728385 0.0901556 0.0747828 0.0727000 
16_85      0.0964087 0.0938705 0.0871792 0.0748459 0.0982520 0.1041967 0.0463082 0.0728385 0.0748459 0.0000010 0.0000000 0.0810198 0.0810198 0.0964087 0.0901556 1.8727556 1.8727556 0.0728385 0.0901556 0.0747828 0.0727000 
17_88      0.0629197 0.0424003 0.0055774 0.0245461 0.0000010 0.0332461 0.0651236 0.0226469 0.0245461 0.0810198 0.0810198 0.0000000 0.0000010 0.0629197 0.0568828 1.9237804 1.9237804 0.0226469 0.0568828 0.0169137 0.0169417 
18_85      0.0629197 0.0424003 0.0055774 0.0245461 0.0000010 0.0332461 0.0651236 0.0226469 0.0245461 0.0810198 0.0810198 0.0000010 0.0000000 0.0629197 0.0568828 1.9237804 1.9237804 0.0226469 0.0568828 0.0169137 0.0169417 
20_87      0.0000010 0.0885304 0.0689967 0.0732983 0.0628422 0.1105549 0.0818185 0.0712815 0.0732983 0.0964087 0.0964087 0.0629197 0.0629197 0.0000000 0.0094433 1.8931338 1.8931338 0.0712815 0.0094433 0.0691070 0.0551365 
22_90      0.0094433 0.0822926 0.0629305 0.0671914 0.0592639 0.0985110 0.0756386 0.0651829 0.0671914 0.0901556 0.0901556 0.0568828 0.0568828 0.0094433 0.0000000 1.9049493 1.9049493 0.0651829 0.0000010 0.0630308 0.0491100 
23_49      1.8931338 1.9137392 1.9295317 1.8689314 2.1390147 1.6940106 1.8638317 1.8803099 1.8689314 1.8727556 1.8727556 1.9237804 1.9237804 1.8931338 1.9049493 0.0000000 0.0000010 1.8803099 1.9049493 1.8665799 1.9029331 
25_50      1.8931338 1.9137392 1.9295317 1.8689314 2.1390147 1.6940106 1.8638317 1.8803099 1.8689314 1.8727556 1.8727556 1.9237804 1.9237804 1.8931338 1.9049493 0.0000010 0.0000000 1.8803099 1.9049493 1.8665799 1.9029331 
26_116     0.0712815 0.0227877 0.0283832 0.0018559 0.0301090 0.0504068 0.0570159 0.0000010 0.0018559 0.0728385 0.0728385 0.0226469 0.0226469 0.0712815 0.0651829 1.8803099 1.8803099 0.0000000 0.0651829 0.0093319 0.0304396 
28_92      0.0094433 0.0822926 0.0629305 0.0671914 0.0592639 0.0985110 0.0756386 0.0651829 0.0671914 0.0901556 0.0901556 0.0568828 0.0568828 0.0094433 0.0000010 1.9049493 1.9049493 0.0651829 0.0000000 0.0630308 0.0491100 
32_109     0.0691070 0.0324846 0.0226108 0.0074509 0.0267266 0.0332461 0.0589617 0.0093319 0.0074509 0.0747828 0.0747828 0.0169137 0.0169137 0.0691070 0.0630308 1.8665799 1.8665799 0.0093319 0.0630308 0.0000000 0.0246272 
43_85      0.0551365 0.0505214 0.0226486 0.0323581 0.0233325 0.0447533 0.0466425 0.0304396 0.0323581 0.0727000 0.0727000 0.0169417 0.0169417 0.0551365 0.0491100 1.9029331 1.9029331 0.0304396 0.0491100 0.0246272 0.0000000 
