35
0_77       0.0000000 2.2878308 0.0591304 0.7363611 0.0454367 0.0402773 0.0424762 0.0517649 2.7828268 2.5184308 0.0456576 2.7856282 0.0402773 1.9977594 2.7312911 2.3530982 0.0560919 0.0560919 0.0360951 0.0360951 0.0000010 0.0081226 1.1295352 2.0089958 1.1295352 0.0081226 0.0433262 2.1450525 1.1390264 0.0439965 0.0455468 0.0433262 1.1313284 0.0413418 0.0433391 
1_50       2.2878308 0.0000000 2.3284541 2.6113879 2.2919687 2.2940141 2.2862617 2.2681971 3.0515842 2.7630935 2.2978274 2.9887287 2.2940141 1.7043803 3.0694795 2.1187403 2.2687483 2.2687483 2.3049621 2.3049621 2.2878308 2.2880251 2.2967292 1.6740681 2.2967292 2.2880251 2.2892853 0.6626783 2.3257447 2.2676312 2.2706601 2.2892853 2.2978609 2.2940141 2.2825763 
2_77       0.0591304 2.3284541 0.0000000 1.0615466 0.0430645 0.0429556 0.0607141 0.0841703 2.8633411 2.6385354 0.0396956 2.8378862 0.0429556 2.0472360 2.8287048 2.4432003 0.0876609 0.0876609 0.0493910 0.0493910 0.0591304 0.0635412 1.1862963 2.0591245 1.1862963 0.0635412 0.0601023 2.2032649 1.2011634 0.0558617 0.0574554 0.0601023 1.1881930 0.0440373 0.0622779 
3_82       0.7363611 2.6113879 1.0615466 0.0000000 0.0000010 0.8017795 0.7968370 0.7555273 2.9137924 2.7128338 0.8017795 2.9100975 0.8017795 3.1845320 3.2281817 3.0512221 0.7830368 0.7830368 0.7804168 0.7804168 0.7363611 0.7361629 1.9921496 3.0720230 1.9921496 0.7361629 0.7804168 2.8105143 1.9921496 0.8187506 0.8187506 0.7804168 1.9921496 0.8017795 0.7804168 
3_83       0.0454367 2.2919687 0.0430645 0.0000010 0.0000000 0.0350239 0.0792677 0.0736956 3.5054190 2.8461731 0.0455040 3.2372881 0.0350239 2.0073456 2.9319558 2.6488885 0.0763669 0.0763669 0.0249202 0.0249202 0.0454367 0.0479858 1.1378481 2.0030440 1.1378481 0.0479858 0.0605756 2.1962073 1.1402034 0.0792677 0.0792677 0.0605756 1.1378481 0.0350239 0.0657959 
4_75       0.0402773 2.2940141 0.0429556 0.8017795 0.0350239 0.0000000 0.0089405 0.0475550 2.7777376 2.5596469 0.0050803 2.7708383 0.0000010 1.9766530 2.7713690 2.3825904 0.0561239 0.0561239 0.0101570 0.0101570 0.0402773 0.0381944 1.1319561 1.9788820 1.1319561 0.0381944 0.0203813 2.1364268 1.1420778 0.0014843 0.0000010 0.0203813 1.1337523 0.0010113 0.0224430 
5_0        0.0424762 2.2862617 0.0607141 0.7968370 0.0792677 0.0089405 0.0000000 0.0409827 2.5877713 2.3459255 0.0104377 2.5927901 0.0089405 1.8979266 2.8275500 2.2693382 0.0487928 0.0487928 0.0000010 0.0000010 0.0424762 0.0394308 1.0833372 1.8981354 1.0833372 0.0394308 0.0000010 2.0981622 1.0931292 0.0074451 0.0089405 0.0000010 1.0858581 0.0104421 0.0014856 
6_72       0.0517649 2.2681971 0.0841703 0.7555273 0.0736956 0.0475550 0.0409827 0.0000000 2.7689406 2.5216126 0.0529761 2.7676332 0.0475550 1.9648813 2.7834698 2.3710459 0.0402269 0.0402269 0.0465495 0.0465495 0.0517649 0.0475899 1.1429447 1.9767894 1.1429447 0.0475899 0.0318547 2.0928724 1.1538154 0.0409298 0.0424766 0.0318547 1.1447590 0.0486262 0.0318572 
7_24       2.7828268 3.0515842 2.8633411 2.9137924 3.5054190 2.7777376 2.5877713 2.7689406 0.0000000 2.2854995 2.7691413 0.8301687 2.7777376 2.5437003 2.7456877 2.3143925 2.7627333 2.7627333 2.8007987 2.8007987 2.7828268 2.7645173 2.9169363 2.5778801 2.9169363 2.7645173 2.7862637 2.9735885 2.8308991 2.5785910 2.5793464 2.7862637 2.9183636 2.7777376 2.7777594 
8_120      2.5184308 2.7630935 2.6385354 2.7128338 2.8461731 2.5596469 2.3459255 2.5216126 2.2854995 0.0000000 2.5591932 2.3278647 2.5596469 2.4797455 2.9442053 2.0310921 2.5363275 2.5363275 2.5592549 2.5592549 2.5184308 2.5144545 2.6227812 2.3595755 2.6227812 2.5144545 2.5366723 2.7213614 2.5756944 2.3552173 2.3552173 2.5366723 2.6217732 2.5596469 2.5317513 
9_75       0.0456576 2.2978274 0.0396956 0.8017795 0.0455040 0.0050803 0.0104377 0.0529761 2.7691413 2.5591932 0.0000000 2.7694421 0.0050803 1.9824871 2.7668412 2.3827386 0.0616150 0.0616150 0.0153071 0.0153071 0.0456576 0.0435623 1.1519534 1.9922218 1.1519534 0.0435623 0.0255966 2.1335593 1.1636323 0.0029705 0.0014845 0.0255966 1.1537827 0.0061010 0.0276735 
10_71      2.7856282 2.9887287 2.8378862 2.9100975 3.2372881 2.7708383 2.5927901 2.7676332 0.8301687 2.3278647 2.7694421 0.0000000 2.7708383 2.5872071 2.8034073 2.4957453 2.7641187 2.7641187 2.7788943 2.7788943 2.7856282 2.7637815 2.7319778 2.5274024 2.7319778 2.7637815 2.7715605 3.0459946 2.6636569 2.5902185 2.5929466 2.7715605 2.7343355 2.7708383 2.7640782 
11_71      0.0402773 2.2940141 0.0429556 0.8017795 0.0350239 0.0000010 0.0089405 0.0475550 2.7777376 2.5596469 0.0050803 2.7708383 0.0000000 1.9766530 2.7713690 2.3825904 0.0561239 0.0561239 0.0101570 0.0101570 0.0402773 0.0381944 1.1319561 1.9788820 1.1319561 0.0381944 0.0203813 2.1364268 1.1420778 0.0014843 0.0000010 0.0203813 1.1337523 0.0010113 0.0224430 
12_92      1.9977594 1.7043803 2.0472360 3.1845320 2.0073456 1.9766530 1.8979266 1.9648813 2.5437003 2.4797455 1.9824871 2.5872071 1.9766530 0.0000000 2.8688660 1.6989586 1.9849229 1.9849229 1.9719904 1.9719904 1.9977594 2.0031531 1.8863626 0.5235327 1.8863626 2.0031531 1.9555973 1.7536990 1.9216431 1.9046452 1.9046452 1.9555973 1.8866954 1.9766530 1.9479644 
13_39      2.7312911 3.0694795 2.8287048 3.2281817 2.9319558 2.7713690 2.8275500 2.7834698 2.7456877 2.9442053 2.7668412 2.8034073 2.7713690 2.8688660 0.0000000 2.5967250 2.7914984 2.7914984 2.7795624 2.7795624 2.7312911 2.7096109 3.0579916 2.7189095 3.0579916 2.7096109 2.7589937 2.9708958 2.9669090 2.8068568 2.8098160 2.7589937 3.0596988 2.7713690 2.7872915 
14_9       2.3530982 2.1187403 2.4432003 3.0512221 2.6488885 2.3825904 2.2693382 2.3710459 2.3143925 2.0310921 2.3827386 2.4957453 2.3825904 1.6989586 2.5967250 0.0000000 2.3503346 2.3503346 2.3788963 2.3788963 2.3530982 2.3436965 2.2329526 1.6622333 2.2329526 2.3436965 2.3634802 2.1786004 2.2193345 2.2732866 2.2732866 2.3634802 2.2339924 2.3825904 2.3587425 
15_72      0.0560919 2.2687483 0.0876609 0.7830368 0.0763669 0.0561239 0.0487928 0.0402269 2.7627333 2.5363275 0.0616150 2.7641187 0.0561239 1.9849229 2.7914984 2.3503346 0.0000000 0.0000010 0.0540279 0.0540279 0.0560919 0.0519000 1.1403013 1.9996646 1.1403013 0.0519000 0.0465592 2.1099532 1.1475046 0.0503211 0.0518839 0.0465592 1.1421109 0.0572074 0.0476199 
16_72      0.0560919 2.2687483 0.0876609 0.7830368 0.0763669 0.0561239 0.0487928 0.0402269 2.7627333 2.5363275 0.0616150 2.7641187 0.0561239 1.9849229 2.7914984 2.3503346 0.0000010 0.0000000 0.0540279 0.0540279 0.0560919 0.0519000 1.1403013 1.9996646 1.1403013 0.0519000 0.0465592 2.1099532 1.1475046 0.0503211 0.0518839 0.0465592 1.1421109 0.0572074 0.0476199 
17_75      0.0360951 2.3049621 0.0493910 0.7804168 0.0249202 0.0101570 0.0000010 0.0465495 2.8007987 2.5592549 0.0153071 2.7788943 0.0101570 1.9719904 2.7795624 2.3788963 0.0540279 0.0540279 0.0000000 0.0000010 0.0360951 0.0361182 1.1267143 1.9696216 1.1267143 0.0361182 0.0142321 2.1470877 1.1364454 0.0074451 0.0089405 0.0142321 1.1285041 0.0111812 0.0162823 
18_72      0.0360951 2.3049621 0.0493910 0.7804168 0.0249202 0.0101570 0.0000010 0.0465495 2.8007987 2.5592549 0.0153071 2.7788943 0.0101570 1.9719904 2.7795624 2.3788963 0.0540279 0.0540279 0.0000010 0.0000000 0.0360951 0.0361182 1.1267143 1.9696216 1.1267143 0.0361182 0.0142321 2.1470877 1.1364454 0.0074451 0.0089405 0.0142321 1.1285041 0.0111812 0.0162823 
20_74      0.0000010 2.2878308 0.0591304 0.7363611 0.0454367 0.0402773 0.0424762 0.0517649 2.7828268 2.5184308 0.0456576 2.7856282 0.0402773 1.9977594 2.7312911 2.3530982 0.0560919 0.0560919 0.0360951 0.0360951 0.0000000 0.0081226 1.1295352 2.0089958 1.1295352 0.0081226 0.0433262 2.1450525 1.1390264 0.0439965 0.0455468 0.0433262 1.1313284 0.0413418 0.0433391 
22_77      0.0081226 2.2880251 0.0635412 0.7361629 0.0479858 0.0381944 0.0394308 0.0475899 2.7645173 2.5144545 0.0435623 2.7637815 0.0381944 2.0031531 2.7096109 2.3436965 0.0519000 0.0519000 0.0361182 0.0361182 0.0081226 0.0000000 1.1247111 2.0072717 1.1247111 0.0000010 0.0412439 2.1387859 1.1341850 0.0409505 0.0424982 0.0412439 1.1264971 0.0392568 0.0412562 
23_114     1.1295352 2.2967292 1.1862963 1.9921496 1.1378481 1.1319561 1.0833372 1.1429447 2.9169363 2.6227812 1.1519534 2.7319778 1.1319561 1.8863626 3.0579916 2.2329526 1.1403013 1.1403013 1.1267143 1.1267143 1.1295352 1.1247111 0.0000000 2.0142392 0.0000010 1.1247111 1.1278932 2.2106077 0.0077479 1.0872883 1.0881699 1.1278932 0.0010239 1.1319561 1.1296745 
24_141     2.0089958 1.6740681 2.0591245 3.0720230 2.0030440 1.9788820 1.8981354 1.9767894 2.5778801 2.3595755 1.9922218 2.5274024 1.9788820 0.5235327 2.7189095 1.6622333 1.9996646 1.9996646 1.9696216 1.9696216 2.0089958 2.0072717 2.0142392 0.0000000 2.0142392 2.0072717 1.9652103 1.7476221 2.0215094 1.9040437 1.9040437 1.9652103 2.0137572 1.9788820 1.9685632 
25_115     1.1295352 2.2967292 1.1862963 1.9921496 1.1378481 1.1319561 1.0833372 1.1429447 2.9169363 2.6227812 1.1519534 2.7319778 1.1319561 1.8863626 3.0579916 2.2329526 1.1403013 1.1403013 1.1267143 1.1267143 1.1295352 1.1247111 0.0000010 2.0142392 0.0000000 1.1247111 1.1278932 2.2106077 0.0077479 1.0872883 1.0881699 1.1278932 0.0010239 1.1319561 1.1296745 
28_79      0.0081226 2.2880251 0.0635412 0.7361629 0.0479858 0.0381944 0.0394308 0.0475899 2.7645173 2.5144545 0.0435623 2.7637815 0.0381944 2.0031531 2.7096109 2.3436965 0.0519000 0.0519000 0.0361182 0.0361182 0.0081226 0.0000010 1.1247111 2.0072717 1.1247111 0.0000000 0.0412439 2.1387859 1.1341850 0.0409505 0.0424982 0.0412439 1.1264971 0.0392568 0.0412562 
29_76      0.0433262 2.2892853 0.0601023 0.7804168 0.0605756 0.0203813 0.0000010 0.0318547 2.7862637 2.5366723 0.0255966 2.7715605 0.0203813 1.9555973 2.7589937 2.3634802 0.0465592 0.0465592 0.0142321 0.0142321 0.0433262 0.0412439 1.1278932 1.9652103 1.1278932 0.0412439 0.0000000 2.1286465 1.1377137 0.0074451 0.0089405 0.0000010 1.1296847 0.0214166 0.0060759 
30_41      2.1450525 0.6626783 2.2032649 2.8105143 2.1962073 2.1364268 2.0981622 2.0928724 2.9735885 2.7213614 2.1335593 3.0459946 2.1364268 1.7536990 2.9708958 2.1786004 2.1099532 2.1099532 2.1470877 2.1470877 2.1450525 2.1387859 2.2106077 1.7476221 2.2106077 2.1387859 2.1286465 0.0000000 2.2140512 2.0733242 2.0760355 2.1286465 2.2117080 2.1364268 2.1196460 
31_96      1.1390264 2.3257447 1.2011634 1.9921496 1.1402034 1.1420778 1.0931292 1.1538154 2.8308991 2.5756944 1.1636323 2.6636569 1.1420778 1.9216431 2.9669090 2.2193345 1.1475046 1.1475046 1.1364454 1.1364454 1.1390264 1.1341850 0.0077479 2.0215094 0.0077479 1.1341850 1.1377137 2.2140512 0.0000000 1.0975174 1.0984971 1.1377137 0.0066398 1.1420778 1.1396270 
32_0       0.0439965 2.2676312 0.0558617 0.8187506 0.0792677 0.0014843 0.0074451 0.0409298 2.5785910 2.3552173 0.0029705 2.5902185 0.0014843 1.9046452 2.8068568 2.2732866 0.0503211 0.0503211 0.0074451 0.0074451 0.0439965 0.0409505 1.0872883 1.9040437 1.0872883 0.0409505 0.0074451 2.0733242 1.0975174 0.0000000 0.0014843 0.0074451 1.0898169 0.0029718 0.0089421 
33_0       0.0455468 2.2706601 0.0574554 0.8187506 0.0792677 0.0000010 0.0089405 0.0424766 2.5793464 2.3552173 0.0014845 2.5929466 0.0000010 1.9046452 2.8098160 2.2732866 0.0518839 0.0518839 0.0089405 0.0089405 0.0455468 0.0424982 1.0881699 1.9040437 1.0881699 0.0424982 0.0089405 2.0760355 1.0984971 0.0014843 0.0000000 0.0089405 1.0907004 0.0014851 0.0104399 
34_77      0.0433262 2.2892853 0.0601023 0.7804168 0.0605756 0.0203813 0.0000010 0.0318547 2.7862637 2.5366723 0.0255966 2.7715605 0.0203813 1.9555973 2.7589937 2.3634802 0.0465592 0.0465592 0.0142321 0.0142321 0.0433262 0.0412439 1.1278932 1.9652103 1.1278932 0.0412439 0.0000010 2.1286465 1.1377137 0.0074451 0.0089405 0.0000000 1.1296847 0.0214166 0.0060759 
38_20      1.1313284 2.2978609 1.1881930 1.9921496 1.1378481 1.1337523 1.0858581 1.1447590 2.9183636 2.6217732 1.1537827 2.7343355 1.1337523 1.8866954 3.0596988 2.2339924 1.1421109 1.1421109 1.1285041 1.1285041 1.1313284 1.1264971 0.0010239 2.0137572 0.0010239 1.1264971 1.1296847 2.2117080 0.0066398 1.0898169 1.0907004 1.1296847 0.0000000 1.1337523 1.1314680 
40_74      0.0413418 2.2940141 0.0440373 0.8017795 0.0350239 0.0010113 0.0104421 0.0486262 2.7777376 2.5596469 0.0061010 2.7708383 0.0010113 1.9766530 2.7713690 2.3825904 0.0572074 0.0572074 0.0111812 0.0111812 0.0413418 0.0392568 1.1319561 1.9788820 1.1319561 0.0392568 0.0214166 2.1364268 1.1420778 0.0029718 0.0014851 0.0214166 1.1337523 0.0000000 0.0234809 
43_72      0.0433391 2.2825763 0.0622779 0.7804168 0.0657959 0.0224430 0.0014856 0.0318572 2.7777594 2.5317513 0.0276735 2.7640782 0.0224430 1.9479644 2.7872915 2.3587425 0.0476199 0.0476199 0.0162823 0.0162823 0.0433391 0.0412562 1.1296745 1.9685632 1.1296745 0.0412562 0.0060759 2.1196460 1.1396270 0.0089421 0.0104399 0.0060759 1.1314680 0.0234809 0.0000000 
