30
0_106      0.0000000 1.8363874 0.0244377 0.0401299 0.0232999 0.0255502 0.0245216 2.8663946 2.7299341 0.0232999 2.7193899 1.8838064 4.0339626 2.1173313 0.0256332 0.0256332 0.0255502 0.0010914 0.0032798 0.9274758 1.8069604 0.9274758 0.0000010 0.0010911 1.8161753 0.9276452 0.0266854 0.0267070 0.0267070 0.0010911 
1_46       1.8363874 0.0000000 1.8403335 1.9611330 1.8351621 1.8396249 1.8447248 2.7112867 2.6585873 1.8351621 2.2201674 1.5746009 4.2842236 2.0390563 1.8533490 1.8533490 1.8396249 1.8386010 1.8381291 1.8600431 1.4891585 1.8600431 1.8363874 1.8397784 0.3838115 1.8564508 1.8464388 1.8434986 1.8434986 1.8397784 
2_110      0.0244377 1.8403335 0.0000000 0.0630021 0.0010901 0.0087606 0.0210807 2.8666568 2.7216308 0.0010901 2.7122740 1.9002497 3.9729906 2.1147293 0.0221877 0.0221877 0.0087606 0.0255636 0.0210414 0.9273767 1.8077147 0.9273767 0.0244377 0.0233153 1.8248376 0.9275461 0.0098645 0.0098726 0.0098726 0.0233153 
3_115      0.0401299 1.9611330 0.0630021 0.0000000 0.0617596 0.0654432 0.0618872 3.0528114 2.8840692 0.0617596 2.8855039 2.0203251 4.1692664 2.2763923 0.0630500 0.0630500 0.0654432 0.0413127 0.0424773 1.0044710 1.9427386 1.0044710 0.0401299 0.0412994 1.9434675 1.0046611 0.0666795 0.0667334 0.0667334 0.0412994 
4_107      0.0232999 1.8351621 0.0010901 0.0617596 0.0000000 0.0076461 0.0199204 2.8586866 2.7223837 0.0000010 2.7169629 1.8883891 3.9892696 2.1159442 0.0210247 0.0210247 0.0076461 0.0244239 0.0199109 0.9222537 1.7963418 0.9222537 0.0232999 0.0221794 1.8197650 0.9224217 0.0087462 0.0087534 0.0087534 0.0221794 
5_91       0.0255502 1.8396249 0.0087606 0.0654432 0.0076461 0.0000000 0.0210027 2.8618499 2.7262027 0.0076461 2.7114426 1.8811049 4.0081321 2.1174913 0.0221057 0.0221057 0.0000010 0.0266770 0.0221504 0.9168035 1.7921108 0.9168035 0.0255502 0.0244273 1.8163774 0.9169701 0.0010876 0.0010885 0.0010885 0.0244273 
6_102      0.0245216 1.8447248 0.0210807 0.0618872 0.0199204 0.0210027 0.0000000 2.8725722 2.7018927 0.0199204 2.6880913 1.8803760 4.0191500 2.1122444 0.0076769 0.0076769 0.0210027 0.0256514 0.0211135 0.9270908 1.7919882 0.9270908 0.0245216 0.0233954 1.8194147 0.9272600 0.0221282 0.0221462 0.0221462 0.0233954 
7_2        2.8663946 2.7112867 2.8666568 3.0528114 2.8586866 2.8618499 2.8725722 0.0000000 1.6330058 2.8586866 0.5239282 2.5775618 4.4426639 2.0830307 2.8714590 2.8714590 2.8618499 2.8677640 2.8600041 2.4734240 2.6818412 2.4734240 2.8663946 2.8597239 2.5840961 2.4710401 2.8679400 2.8683201 2.8683201 2.8597239 
8_110      2.7299341 2.6585873 2.7216308 2.8840692 2.7223837 2.7262027 2.7018927 1.6330058 0.0000000 2.7223837 1.7071705 2.5423209 4.2772501 2.0608752 2.7123137 2.7123137 2.7262027 2.7354511 2.7216706 2.5191008 2.5714087 2.5191008 2.7299341 2.7235254 2.7043805 2.5143035 2.7318544 2.7323766 2.7323766 2.7235254 
9_106      0.0232999 1.8351621 0.0010901 0.0617596 0.0000010 0.0076461 0.0199204 2.8586866 2.7223837 0.0000000 2.7169629 1.8883891 3.9892696 2.1159442 0.0210247 0.0210247 0.0076461 0.0244239 0.0199109 0.9222537 1.7963418 0.9222537 0.0232999 0.0221794 1.8197650 0.9224217 0.0087462 0.0087534 0.0087534 0.0221794 
10_24      2.7193899 2.2201674 2.7122740 2.8855039 2.7169629 2.7114426 2.6880913 0.5239282 1.7071705 2.7169629 0.0000000 2.4575768 4.3475034 2.1398313 2.7084762 2.7084762 2.7114426 2.7193899 2.7159460 2.2209327 2.4002489 2.2209327 2.7193899 2.7202760 2.1910197 2.2181114 2.7185298 2.7114426 2.7114426 2.7202760 
12_67      1.8838064 1.5746009 1.9002497 2.0203251 1.8883891 1.8811049 1.8803760 2.5775618 2.5423209 1.8883891 2.4575768 0.0000000 4.1727985 1.8057125 1.8809628 1.8809628 1.8811049 1.8861397 1.8792473 1.7196155 0.4430423 1.7196155 1.8838064 1.8826392 1.6098854 1.7160858 1.8841952 1.8848302 1.8848302 1.8826392 
13_52      4.0339626 4.2842236 3.9729906 4.1692664 3.9892696 4.0081321 4.0191500 4.4426639 4.2772501 3.9892696 4.3475034 4.1727985 0.0000000 4.1738333 4.0154835 4.0154835 4.0081321 4.0353932 4.0304807 4.3157134 4.3182364 4.3157134 4.0339626 4.0339626 4.1474770 4.3128323 4.0198533 4.0081321 4.0081321 4.0339626 
14_116     2.1173313 2.0390563 2.1147293 2.2763923 2.1159442 2.1174913 2.1122444 2.0830307 2.0608752 2.1159442 2.1398313 1.8057125 4.1738333 0.0000000 2.1166897 2.1166897 2.1174913 2.1199117 2.1164142 1.9812354 1.7725993 1.9812354 2.1173313 2.1179747 1.9101284 1.9792618 2.1257846 2.1223301 2.1223301 2.1179747 
15_102     0.0256332 1.8533490 0.0221877 0.0630500 0.0210247 0.0221057 0.0076769 2.8714590 2.7123137 0.0210247 2.7084762 1.8809628 4.0154835 2.1166897 0.0000000 0.0000010 0.0221057 0.0267635 0.0222222 0.9264616 1.7925524 0.9264616 0.0256332 0.0245066 1.8242538 0.9266306 0.0232321 0.0232509 0.0232509 0.0245066 
16_102     0.0256332 1.8533490 0.0221877 0.0630500 0.0210247 0.0221057 0.0076769 2.8714590 2.7123137 0.0210247 2.7084762 1.8809628 4.0154835 2.1166897 0.0000010 0.0000000 0.0221057 0.0267635 0.0222222 0.9264616 1.7925524 0.9264616 0.0256332 0.0245066 1.8242538 0.9266306 0.0232321 0.0232509 0.0232509 0.0245066 
17_106     0.0255502 1.8396249 0.0087606 0.0654432 0.0076461 0.0000010 0.0210027 2.8618499 2.7262027 0.0076461 2.7114426 1.8811049 4.0081321 2.1174913 0.0221057 0.0221057 0.0000000 0.0266770 0.0221504 0.9168035 1.7921108 0.9168035 0.0255502 0.0244273 1.8163774 0.9169701 0.0010876 0.0010885 0.0010885 0.0244273 
20_104     0.0010914 1.8386010 0.0255636 0.0413127 0.0244239 0.0266770 0.0256514 2.8677640 2.7354511 0.0244239 2.7193899 1.8861397 4.0353932 2.1199117 0.0267635 0.0267635 0.0266770 0.0000000 0.0043757 0.9281530 1.8092218 0.9281530 0.0010914 0.0021835 1.8183436 0.9283226 0.0278138 0.0278363 0.0278363 0.0021835 
22_107     0.0032798 1.8381291 0.0210414 0.0424773 0.0199109 0.0221504 0.0211135 2.8600041 2.7216706 0.0199109 2.7159460 1.8792473 4.0304807 2.1164142 0.0222222 0.0222222 0.0221504 0.0043757 0.0000000 0.9255620 1.8056125 0.9255620 0.0032798 0.0021855 1.8189130 0.9257308 0.0232790 0.0232979 0.0232979 0.0021855 
23_62      0.9274758 1.8600431 0.9273767 1.0044710 0.9222537 0.9168035 0.9270908 2.4734240 2.5191008 0.9222537 2.2209327 1.7196155 4.3157134 1.9812354 0.9264616 0.9264616 0.9168035 0.9281530 0.9255620 0.0000000 1.7209173 0.0000010 0.9274758 0.9279161 1.8659748 0.0011036 0.9201811 0.9207563 0.9207563 0.9279161 
24_50      1.8069604 1.4891585 1.8077147 1.9427386 1.7963418 1.7921108 1.7919882 2.6818412 2.5714087 1.7963418 2.4002489 0.4430423 4.3182364 1.7725993 1.7925524 1.7925524 1.7921108 1.8092218 1.8056125 1.7209173 0.0000000 1.7209173 1.8069604 1.8075786 1.4746797 1.7173498 1.7949890 1.7956944 1.7956944 1.8075786 
25_63      0.9274758 1.8600431 0.9273767 1.0044710 0.9222537 0.9168035 0.9270908 2.4734240 2.5191008 0.9222537 2.2209327 1.7196155 4.3157134 1.9812354 0.9264616 0.9264616 0.9168035 0.9281530 0.9255620 0.0000010 1.7209173 0.0000000 0.9274758 0.9279161 1.8659748 0.0011036 0.9201811 0.9207563 0.9207563 0.9279161 
27_106     0.0000010 1.8363874 0.0244377 0.0401299 0.0232999 0.0255502 0.0245216 2.8663946 2.7299341 0.0232999 2.7193899 1.8838064 4.0339626 2.1173313 0.0256332 0.0256332 0.0255502 0.0010914 0.0032798 0.9274758 1.8069604 0.9274758 0.0000000 0.0010911 1.8161753 0.9276452 0.0266854 0.0267070 0.0267070 0.0010911 
28_110     0.0010911 1.8397784 0.0233153 0.0412994 0.0221794 0.0244273 0.0233954 2.8597239 2.7235254 0.0221794 2.7202760 1.8826392 4.0339626 2.1179747 0.0245066 0.0245066 0.0244273 0.0021835 0.0021855 0.9279161 1.8075786 0.9279161 0.0010911 0.0000000 1.8205268 0.9280856 0.0255608 0.0255816 0.0255816 0.0000010 
30_22      1.8161753 0.3838115 1.8248376 1.9434675 1.8197650 1.8163774 1.8194147 2.5840961 2.7043805 1.8197650 2.1910197 1.6098854 4.1474770 1.9101284 1.8242538 1.8242538 1.8163774 1.8183436 1.8189130 1.8659748 1.4746797 1.8659748 1.8161753 1.8205268 0.0000000 1.8640807 1.8230294 1.8201624 1.8201624 1.8205268 
31_42      0.9276452 1.8564508 0.9275461 1.0046611 0.9224217 0.9169701 0.9272600 2.4710401 2.5143035 0.9224217 2.2181114 1.7160858 4.3128323 1.9792618 0.9266306 0.9266306 0.9169701 0.9283226 0.9257308 0.0011036 1.7173498 0.0011036 0.9276452 0.9280856 1.8640807 0.0000000 0.9203486 0.9209239 0.9209239 0.9280856 
34_64      0.0266854 1.8464388 0.0098645 0.0666795 0.0087462 0.0010876 0.0221282 2.8679400 2.7318544 0.0087462 2.7185298 1.8841952 4.0198533 2.1257846 0.0232321 0.0232321 0.0010876 0.0278138 0.0232790 0.9201811 1.7949890 0.9201811 0.0266854 0.0255608 1.8230294 0.9203486 0.0000000 0.0021790 0.0021790 0.0255608 
35_0       0.0267070 1.8434986 0.0098726 0.0667334 0.0087534 0.0010885 0.0221462 2.8683201 2.7323766 0.0087534 2.7114426 1.8848302 4.0081321 2.1223301 0.0232509 0.0232509 0.0010885 0.0278363 0.0232979 0.9207563 1.7956944 0.9207563 0.0267070 0.0255816 1.8201624 0.9209239 0.0021790 0.0000000 0.0000010 0.0255816 
36_105     0.0267070 1.8434986 0.0098726 0.0667334 0.0087534 0.0010885 0.0221462 2.8683201 2.7323766 0.0087534 2.7114426 1.8848302 4.0081321 2.1223301 0.0232509 0.0232509 0.0010885 0.0278363 0.0232979 0.9207563 1.7956944 0.9207563 0.0267070 0.0255816 1.8201624 0.9209239 0.0021790 0.0000010 0.0000000 0.0255816 
42_106     0.0010911 1.8397784 0.0233153 0.0412994 0.0221794 0.0244273 0.0233954 2.8597239 2.7235254 0.0221794 2.7202760 1.8826392 4.0339626 2.1179747 0.0245066 0.0245066 0.0244273 0.0021835 0.0021855 0.9279161 1.8075786 0.9279161 0.0010911 0.0000010 1.8205268 0.9280856 0.0255608 0.0255816 0.0255816 0.0000000 
