16
0_1        0.0000000 0.0333161 0.0417411 0.0333161 0.0679538 0.0333161 0.0417411 0.0892001 0.0505478 0.0333161 0.0000010 0.0417411 0.0421702 2.2958692 2.2958692 0.0421702 
3_1        0.0333161 0.0000000 0.0080588 0.0000010 0.0668527 0.0000010 0.0080588 0.0877794 0.0496976 0.0000010 0.0333161 0.0080588 0.0414447 2.3153344 2.3153344 0.0414447 
4_1        0.0417411 0.0080588 0.0000000 0.0080588 0.0754151 0.0080588 0.0000010 0.0967063 0.0581385 0.0080588 0.0417411 0.0000010 0.0498672 2.3066191 2.3066191 0.0498672 
5_71       0.0333161 0.0000010 0.0080588 0.0000000 0.0668527 0.0000010 0.0077853 0.0877794 0.0496976 0.0000010 0.0333161 0.0080588 0.0414447 2.3153344 2.3153344 0.0414447 
6_1        0.0679538 0.0668527 0.0754151 0.0668527 0.0000000 0.0668527 0.0754151 0.0516202 0.0161593 0.0668527 0.0679538 0.0754151 0.0583184 2.3351910 2.3351910 0.0583184 
9_1        0.0333161 0.0000010 0.0080588 0.0000010 0.0668527 0.0000000 0.0080588 0.0877794 0.0496976 0.0000010 0.0333161 0.0080588 0.0414447 2.3153344 2.3153344 0.0414447 
11_1       0.0417411 0.0080588 0.0000010 0.0077853 0.0754151 0.0080588 0.0000000 0.0967063 0.0581385 0.0077853 0.0417411 0.0000010 0.0498672 2.3066191 2.3066191 0.0498672 
15_1       0.0892001 0.0877794 0.0967063 0.0877794 0.0516202 0.0877794 0.0967063 0.0000000 0.0342469 0.0877794 0.0892001 0.0967063 0.0788554 2.4500934 2.4500934 0.0788554 
16_1       0.0505478 0.0496976 0.0581385 0.0496976 0.0161593 0.0496976 0.0581385 0.0342469 0.0000000 0.0496976 0.0505478 0.0581385 0.0412931 2.3122720 2.3122720 0.0412931 
19_1       0.0333161 0.0000010 0.0080588 0.0000010 0.0668527 0.0000010 0.0077853 0.0877794 0.0496976 0.0000000 0.0333161 0.0080588 0.0414447 2.3153344 2.3153344 0.0414447 
20_1       0.0000010 0.0333161 0.0417411 0.0333161 0.0679538 0.0333161 0.0417411 0.0892001 0.0505478 0.0333161 0.0000000 0.0417411 0.0421702 2.2958692 2.2958692 0.0421702 
21_1       0.0417411 0.0080588 0.0000010 0.0080588 0.0754151 0.0080588 0.0000010 0.0967063 0.0581385 0.0080588 0.0417411 0.0000000 0.0498672 2.3066191 2.3066191 0.0498672 
22_1       0.0421702 0.0414447 0.0498672 0.0414447 0.0583184 0.0414447 0.0498672 0.0788554 0.0412931 0.0414447 0.0421702 0.0498672 0.0000000 2.3178689 2.3178689 0.0000010 
23_104     2.2958692 2.3153344 2.3066191 2.3153344 2.3351910 2.3153344 2.3066191 2.4500934 2.3122720 2.3153344 2.2958692 2.3066191 2.3178689 0.0000000 0.0000010 2.3178689 
25_105     2.2958692 2.3153344 2.3066191 2.3153344 2.3351910 2.3153344 2.3066191 2.4500934 2.3122720 2.3153344 2.2958692 2.3066191 2.3178689 0.0000010 0.0000000 2.3178689 
28_1       0.0421702 0.0414447 0.0498672 0.0414447 0.0583184 0.0414447 0.0498672 0.0788554 0.0412931 0.0414447 0.0421702 0.0498672 0.0000010 2.3178689 2.3178689 0.0000000 
