20
0_28       0.0000000 0.1412696 0.0425760 0.1665331 0.1581537 0.1213769 0.1734099 0.1665331 0.2008758 0.2148759 0.1581537 0.1578938 0.0000010 0.0093243 0.1424184 0.0186969 0.1424184 0.1598972 0.1598972 0.0093243 
2_27       0.1412696 0.0000000 0.1956605 0.0214792 0.0432700 0.2219934 0.0000010 0.0214792 0.2862837 0.2670120 0.0432700 0.0564121 0.1412696 0.1284199 0.0214792 0.1403150 0.0214792 0.0347367 0.0347367 0.1284199 
3_31       0.0425760 0.1956605 0.0000000 0.2231313 0.2147933 0.1833862 0.2269674 0.2231313 0.2694618 0.2854277 0.2147933 0.2325986 0.0425760 0.0532438 0.2015133 0.0636871 0.2015133 0.2135567 0.2135567 0.0532438 
4_26       0.1665331 0.0214792 0.2231313 0.0000000 0.0214008 0.2224124 0.0000010 0.0000010 0.2869990 0.2676222 0.0214008 0.0277988 0.1665331 0.1533496 0.0000010 0.1602592 0.0000010 0.0347367 0.0347367 0.1533496 
5_46       0.1581537 0.0432700 0.2147933 0.0214008 0.0000000 0.2064725 0.0347367 0.0214008 0.2835268 0.2644331 0.0000010 0.0000010 0.1581537 0.1448808 0.0214008 0.1516867 0.0214008 0.0000010 0.0000010 0.1448808 
6_27       0.1213769 0.2219934 0.1833862 0.2224124 0.2064725 0.0000000 0.2853706 0.2224124 0.0913435 0.1027497 0.2064725 0.2405799 0.1213769 0.1096376 0.1875067 0.1206416 0.1875067 0.2572675 0.2572675 0.1096376 
9_26       0.1734099 0.0000010 0.2269674 0.0000010 0.0347367 0.2853706 0.0000000 0.0000010 0.3419637 0.3079847 0.0347367 0.0347367 0.1734099 0.1734099 0.0000010 0.1734099 0.0000010 0.0347367 0.0347367 0.1734099 
11_26      0.1665331 0.0214792 0.2231313 0.0000010 0.0214008 0.2224124 0.0000010 0.0000000 0.2869990 0.2676222 0.0214008 0.0277988 0.1665331 0.1533496 0.0000010 0.1602592 0.0000010 0.0347367 0.0347367 0.1533496 
15_28      0.2008758 0.2862837 0.2694618 0.2869990 0.2835268 0.0913435 0.3419637 0.2869990 0.0000000 0.0092222 0.2835268 0.2943724 0.2008758 0.1883534 0.2401402 0.1994997 0.2401402 0.3352025 0.3352025 0.1883534 
16_28      0.2148759 0.2670120 0.2854277 0.2676222 0.2644331 0.1027497 0.3079847 0.2676222 0.0092222 0.0000000 0.2644331 0.2694882 0.2148759 0.2020660 0.2247804 0.2133599 0.2247804 0.3020541 0.3020541 0.2020660 
17_30      0.1581537 0.0432700 0.2147933 0.0214008 0.0000010 0.2064725 0.0347367 0.0214008 0.2835268 0.2644331 0.0000000 0.0000010 0.1581537 0.1448808 0.0214008 0.1516867 0.0214008 0.0000010 0.0000010 0.1448808 
19_30      0.1578938 0.0564121 0.2325986 0.0277988 0.0000010 0.2405799 0.0347367 0.0277988 0.2943724 0.2694882 0.0000010 0.0000000 0.1578938 0.1578938 0.0277988 0.1672155 0.0277988 0.0000010 0.0000010 0.1578938 
20_26      0.0000010 0.1412696 0.0425760 0.1665331 0.1581537 0.1213769 0.1734099 0.1665331 0.2008758 0.2148759 0.1581537 0.1578938 0.0000000 0.0093243 0.1424184 0.0186969 0.1424184 0.1598972 0.1598972 0.0093243 
22_29      0.0093243 0.1284199 0.0532438 0.1533496 0.1448808 0.1096376 0.1734099 0.1533496 0.1883534 0.2020660 0.1448808 0.1578938 0.0093243 0.0000000 0.1313354 0.0092855 0.1313354 0.1598972 0.1598972 0.0000010 
26_77      0.1424184 0.0214792 0.2015133 0.0000010 0.0214008 0.1875067 0.0000010 0.0000010 0.2401402 0.2247804 0.0214008 0.0277988 0.1424184 0.1313354 0.0000000 0.1367733 0.0000010 0.0347367 0.0347367 0.1313354 
28_30      0.0186969 0.1403150 0.0636871 0.1602592 0.1516867 0.1206416 0.1734099 0.1602592 0.1994997 0.2133599 0.1516867 0.1672155 0.0186969 0.0092855 0.1367733 0.0000000 0.1367733 0.1598972 0.1598972 0.0092855 
33_48      0.1424184 0.0214792 0.2015133 0.0000010 0.0214008 0.1875067 0.0000010 0.0000010 0.2401402 0.2247804 0.0214008 0.0277988 0.1424184 0.1313354 0.0000010 0.1367733 0.0000000 0.0347367 0.0347367 0.1313354 
35_48      0.1598972 0.0347367 0.2135567 0.0347367 0.0000010 0.2572675 0.0347367 0.0347367 0.3352025 0.3020541 0.0000010 0.0000010 0.1598972 0.1598972 0.0347367 0.1598972 0.0347367 0.0000000 0.0000010 0.1598972 
37_31      0.1598972 0.0347367 0.2135567 0.0347367 0.0000010 0.2572675 0.0347367 0.0347367 0.3352025 0.3020541 0.0000010 0.0000010 0.1598972 0.1598972 0.0347367 0.1598972 0.0347367 0.0000010 0.0000000 0.1598972 
42_27      0.0093243 0.1284199 0.0532438 0.1533496 0.1448808 0.1096376 0.1734099 0.1533496 0.1883534 0.2020660 0.1448808 0.1578938 0.0093243 0.0000010 0.1313354 0.0092855 0.1313354 0.1598972 0.1598972 0.0000000 
