16
0_99       0.0000000 0.0561339 0.0000010 0.0561785 0.0391927 0.0625131 0.0561785 0.0739978 0.0739978 0.0391927 0.0000010 0.0279095 0.7507072 0.7507072 0.0279095 0.0399421 
2_102      0.0561339 0.0000000 0.0662955 0.0110918 0.0278719 0.0690034 0.0110918 0.0919364 0.0919364 0.0278719 0.0561339 0.0619965 0.7747707 0.7747707 0.0619965 0.0284025 
3_106      0.0000010 0.0662955 0.0000000 0.0663734 0.0412676 0.0672454 0.0663734 0.0583713 0.0583713 0.0412676 0.0000010 0.0163556 0.7558886 0.7558886 0.0163556 0.0412676 
4_99       0.0561785 0.0110918 0.0663734 0.0000000 0.0166653 0.0572975 0.0000010 0.0801480 0.0801480 0.0166653 0.0561785 0.0620460 0.7602373 0.7602373 0.0620460 0.0169813 
5_99       0.0391927 0.0278719 0.0412676 0.0166653 0.0000000 0.0454115 0.0166653 0.0627569 0.0627569 0.0000010 0.0391927 0.0449705 0.7604656 0.7604656 0.0449705 0.0000010 
6_95       0.0625131 0.0690034 0.0672454 0.0572975 0.0454115 0.0000000 0.0572975 0.0452654 0.0452654 0.0454115 0.0625131 0.0804181 0.8109386 0.8109386 0.0804181 0.0462922 
9_98       0.0561785 0.0110918 0.0663734 0.0000010 0.0166653 0.0572975 0.0000000 0.0801480 0.0801480 0.0166653 0.0561785 0.0620460 0.7602373 0.7602373 0.0620460 0.0169813 
15_95      0.0739978 0.0919364 0.0583713 0.0801480 0.0627569 0.0452654 0.0801480 0.0000000 0.0000010 0.0627569 0.0739978 0.0920550 0.7822449 0.7822449 0.0920550 0.0580864 
16_95      0.0739978 0.0919364 0.0583713 0.0801480 0.0627569 0.0452654 0.0801480 0.0000010 0.0000000 0.0627569 0.0739978 0.0920550 0.7822449 0.7822449 0.0920550 0.0580864 
17_98      0.0391927 0.0278719 0.0412676 0.0166653 0.0000010 0.0454115 0.0166653 0.0627569 0.0627569 0.0000000 0.0391927 0.0449705 0.7604656 0.7604656 0.0449705 0.0000010 
20_97      0.0000010 0.0561339 0.0000010 0.0561785 0.0391927 0.0625131 0.0561785 0.0739978 0.0739978 0.0391927 0.0000000 0.0279095 0.7507072 0.7507072 0.0279095 0.0399421 
22_100     0.0279095 0.0619965 0.0163556 0.0620460 0.0449705 0.0804181 0.0620460 0.0920550 0.0920550 0.0449705 0.0279095 0.0000000 0.7271255 0.7271255 0.0000010 0.0399941 
23_102     0.7507072 0.7747707 0.7558886 0.7602373 0.7604656 0.8109386 0.7602373 0.7822449 0.7822449 0.7604656 0.7507072 0.7271255 0.0000000 0.0000010 0.7271255 0.7595950 
25_103     0.7507072 0.7747707 0.7558886 0.7602373 0.7604656 0.8109386 0.7602373 0.7822449 0.7822449 0.7604656 0.7507072 0.7271255 0.0000010 0.0000000 0.7271255 0.7595950 
28_103     0.0279095 0.0619965 0.0163556 0.0620460 0.0449705 0.0804181 0.0620460 0.0920550 0.0920550 0.0449705 0.0279095 0.0000010 0.7271255 0.7271255 0.0000000 0.0399941 
40_97      0.0399421 0.0284025 0.0412676 0.0169813 0.0000010 0.0462922 0.0169813 0.0580864 0.0580864 0.0000010 0.0399421 0.0399941 0.7595950 0.7595950 0.0399941 0.0000000 
