14
0_83       0.0000000 0.0799612 0.0680148 0.0589029 0.0589029 0.0786279 0.0786290 0.0786290 0.0681436 0.0681436 0.0000010 1.4519182 1.4519182 0.0501609 
2_84       0.0799612 0.0000000 0.0257358 0.0169982 0.0169982 0.0714231 0.0749586 0.0749586 0.0257929 0.0257929 0.0799612 1.4966339 1.4966339 0.0257407 
3_90       0.0680148 0.0257358 0.0000000 0.0080935 0.0080935 0.0696437 0.0696439 0.0696439 0.0163844 0.0163844 0.0680148 1.5084224 1.5084224 0.0163517 
4_82       0.0589029 0.0169982 0.0080935 0.0000000 0.0000010 0.0602909 0.0602905 0.0602905 0.0081119 0.0081119 0.0589029 1.4520939 1.4520939 0.0080958 
5_116      0.0589029 0.0169982 0.0080935 0.0000010 0.0000000 0.0602909 0.0602905 0.0602905 0.0081119 0.0081119 0.0589029 1.4520939 1.4520939 0.0080958 
6_79       0.0786279 0.0714231 0.0696437 0.0602909 0.0602909 0.0000000 0.0251280 0.0251280 0.0697779 0.0697779 0.0786279 1.5124501 1.5124501 0.0513291 
15_79      0.0786290 0.0749586 0.0696439 0.0602905 0.0602905 0.0251280 0.0000000 0.0000010 0.0697782 0.0697782 0.0786290 1.5151801 1.5151801 0.0513281 
16_79      0.0786290 0.0749586 0.0696439 0.0602905 0.0602905 0.0251280 0.0000010 0.0000000 0.0697782 0.0697782 0.0786290 1.5151801 1.5151801 0.0513281 
18_79      0.0681436 0.0257929 0.0163844 0.0081119 0.0081119 0.0697779 0.0697782 0.0697782 0.0000000 0.0000010 0.0681436 1.4679234 1.4679234 0.0163883 
19_82      0.0681436 0.0257929 0.0163844 0.0081119 0.0081119 0.0697779 0.0697782 0.0697782 0.0000010 0.0000000 0.0681436 1.4679234 1.4679234 0.0163883 
20_80      0.0000010 0.0799612 0.0680148 0.0589029 0.0589029 0.0786279 0.0786290 0.0786290 0.0681436 0.0681436 0.0000000 1.4519182 1.4519182 0.0501609 
23_4       1.4519182 1.4966339 1.5084224 1.4520939 1.4520939 1.5124501 1.5151801 1.5151801 1.4679234 1.4679234 1.4519182 0.0000000 0.0000010 1.4520939 
25_4       1.4519182 1.4966339 1.5084224 1.4520939 1.4520939 1.5124501 1.5151801 1.5151801 1.4679234 1.4679234 1.4519182 0.0000010 0.0000000 1.4520939 
33_116     0.0501609 0.0257407 0.0163517 0.0080958 0.0080958 0.0513291 0.0513281 0.0513281 0.0163883 0.0163883 0.0501609 1.4520939 1.4520939 0.0000000 
