6
1_138      0.0000000 3.6343741 3.9230375 2.2539608 2.3303924 1.6554529 
7_33       3.6343741 0.0000000 0.7099543 4.2305214 3.9422907 5.0868859 
10_8       3.9230375 0.7099543 0.0000000 4.6101825 3.5334914 6.1537537 
12_47      2.2539608 4.2305214 4.6101825 0.0000000 0.4528295 3.0184756 
24_91      2.3303924 3.9422907 3.5334914 0.4528295 0.0000000 2.4376304 
30_28      1.6554529 5.0868859 6.1537537 3.0184756 2.4376304 0.0000000 
