18
0_75       0.0000000 0.0700234 0.1341510 0.0771760 0.0681563 0.0849215 0.0737945 0.0771760 0.0919803 0.0919803 0.0681563 0.0000010 0.0151867 0.0121335 0.0774613 0.0749044 0.0151867 0.0702361 
2_76       0.0700234 0.0000000 0.0608354 0.0058817 0.0058559 0.0529127 0.0029331 0.0058817 0.0636890 0.0636890 0.0058559 0.0700234 0.0586707 0.0555361 0.0058995 0.0058569 0.0586707 0.0303661 
3_81       0.1341510 0.0608354 0.0000000 0.0752582 0.0482178 0.1553624 0.0752582 0.0752582 0.1371466 0.1371466 0.0482178 0.1341510 0.0944117 0.0809473 0.0898493 0.0482178 0.0944117 0.1484134 
4_73       0.0771760 0.0058817 0.0752582 0.0000000 0.0118293 0.0525104 0.0029132 0.0000010 0.0631874 0.0631874 0.0118293 0.0771760 0.0655048 0.0623352 0.0058602 0.0058840 0.0655048 0.0301472 
5_1        0.0681563 0.0058559 0.0482178 0.0118293 0.0000000 0.0529795 0.0088491 0.0118293 0.0637736 0.0637736 0.0000010 0.0681563 0.0566730 0.0534879 0.0118669 0.0058543 0.0566730 0.0304011 
6_71       0.0849215 0.0529127 0.1553624 0.0525104 0.0529795 0.0000000 0.0493026 0.0525104 0.0399143 0.0399143 0.0529795 0.0849215 0.0728597 0.0696409 0.0497689 0.0594648 0.0728597 0.0208678 
9_73       0.0737945 0.0029331 0.0752582 0.0029132 0.0088491 0.0493026 0.0000000 0.0029132 0.0598825 0.0598825 0.0088491 0.0737945 0.0622426 0.0590810 0.0029224 0.0088507 0.0622426 0.0270643 
11_70      0.0771760 0.0058817 0.0752582 0.0000010 0.0118293 0.0525104 0.0029132 0.0000000 0.0631874 0.0631874 0.0118293 0.0771760 0.0655048 0.0623352 0.0058602 0.0058840 0.0655048 0.0301472 
15_71      0.0919803 0.0636890 0.1371466 0.0631874 0.0637736 0.0399143 0.0598825 0.0631874 0.0000000 0.0000010 0.0637736 0.0919803 0.0796587 0.0764215 0.0634149 0.0704465 0.0796587 0.0433194 
16_71      0.0919803 0.0636890 0.1371466 0.0631874 0.0637736 0.0399143 0.0598825 0.0631874 0.0000010 0.0000000 0.0637736 0.0919803 0.0796587 0.0764215 0.0634149 0.0704465 0.0796587 0.0433194 
17_74      0.0681563 0.0058559 0.0482178 0.0118293 0.0000010 0.0529795 0.0088491 0.0118293 0.0637736 0.0637736 0.0000000 0.0681563 0.0566730 0.0534879 0.0118669 0.0058543 0.0566730 0.0304011 
20_72      0.0000010 0.0700234 0.1341510 0.0771760 0.0681563 0.0849215 0.0737945 0.0771760 0.0919803 0.0919803 0.0681563 0.0000000 0.0151867 0.0121335 0.0774613 0.0749044 0.0151867 0.0702361 
22_75      0.0151867 0.0586707 0.0944117 0.0655048 0.0566730 0.0728597 0.0622426 0.0655048 0.0796587 0.0796587 0.0566730 0.0151867 0.0000000 0.0029389 0.0657378 0.0631973 0.0000010 0.0588402 
28_77      0.0121335 0.0555361 0.0809473 0.0623352 0.0534879 0.0696409 0.0590810 0.0623352 0.0764215 0.0764215 0.0534879 0.0121335 0.0029389 0.0000000 0.0625561 0.0599995 0.0029389 0.0556954 
33_2       0.0774613 0.0058995 0.0898493 0.0058602 0.0118669 0.0497689 0.0029224 0.0058602 0.0634149 0.0634149 0.0118669 0.0774613 0.0657378 0.0625561 0.0000000 0.0118692 0.0657378 0.0273098 
40_73      0.0749044 0.0058569 0.0482178 0.0058840 0.0058543 0.0594648 0.0088507 0.0058840 0.0704465 0.0704465 0.0058543 0.0749044 0.0631973 0.0599995 0.0118692 0.0000000 0.0631973 0.0366476 
42_74      0.0151867 0.0586707 0.0944117 0.0655048 0.0566730 0.0728597 0.0622426 0.0655048 0.0796587 0.0796587 0.0566730 0.0151867 0.0000010 0.0029389 0.0657378 0.0631973 0.0000000 0.0588402 
43_71      0.0702361 0.0303661 0.1484134 0.0301472 0.0304011 0.0208678 0.0270643 0.0301472 0.0433194 0.0433194 0.0304011 0.0702361 0.0588402 0.0556954 0.0273098 0.0366476 0.0588402 0.0000000 
