12
7_3        0.0000000 3.3546143 2.0763958 0.8151253 2.8733947 1.9045999 2.0655676 2.5542492 0.0000010 2.6423979 2.3329505 0.8464013 
8_7        3.3546143 0.0000000 1.1811741 2.3174839 0.9928369 2.4481409 2.2454944 2.0594185 1.8643795 0.7853666 2.2771243 1.6735353 
8_56       2.0763958 1.1811741 0.0000000 1.0600179 1.8721465 1.4795343 1.6107633 1.6336734 2.2233667 2.2699024 1.3616028 0.7512219 
8_57       0.8151253 2.3174839 1.0600179 0.0000000 2.2296925 1.7058479 1.6239186 1.5599622 0.3840931 2.5045209 1.1412779 0.4679835 
8_82       2.8733947 0.9928369 1.8721465 2.2296925 0.0000000 1.3137509 2.2787732 2.0467552 2.1955628 0.7218685 2.5291663 2.2496109 
8_83       1.9045999 2.4481409 1.4795343 1.7058479 1.3137509 0.0000000 1.4118263 1.7006716 2.0340728 3.2744699 1.8173524 1.5658076 
8_92       2.0655676 2.2454944 1.6107633 1.6239186 2.2787732 1.4118263 0.0000000 0.3840306 2.0097279 2.8233797 1.7342935 1.7847569 
8_93       2.5542492 2.0594185 1.6336734 1.5599622 2.0467552 1.7006716 0.3840306 0.0000000 2.5656956 3.9221132 1.6641482 1.8591394 
8_198      0.0000010 1.8643795 2.2233667 0.3840931 2.1955628 2.0340728 2.0097279 2.5656956 0.0000000 0.0000010 0.3632389 2.2027142 
8_199      2.6423979 0.7853666 2.2699024 2.5045209 0.7218685 3.2744699 2.8233797 3.9221132 0.0000010 0.0000000 3.5505125 2.1437976 
8_200      2.3329505 2.2771243 1.3616028 1.1412779 2.5291663 1.8173524 1.7342935 1.6641482 0.3632389 3.5505125 0.0000000 1.7358808 
8_215      0.8464013 1.6735353 0.7512219 0.4679835 2.2496109 1.5658076 1.7847569 1.8591394 2.2027142 2.1437976 1.7358808 0.0000000 
