19
7_39       0.0000000 0.7154133 0.6630535 0.2193515 0.8373176 0.6241241 0.5907118 1.6452700 1.4395636 1.9030860 1.3394501 1.4733683 1.6452152 2.0047063 1.4286396 1.0900188 0.9420369 2.4680422 1.7208922 
7_56       0.7154133 0.0000000 0.4623397 0.7623030 0.5905306 0.5001401 0.4151444 1.4826613 1.3674271 1.8065413 1.3344456 1.3682851 1.7467737 2.1968321 1.2867154 0.9817892 0.6431669 2.5954694 2.9843552 
7_106      0.6630535 0.4623397 0.0000000 0.7947379 0.5660951 0.4148095 0.2459058 1.3926958 1.2743804 1.6892213 1.2802065 1.3063431 1.5065151 2.1715693 1.1724573 1.0296060 0.5411293 2.4334556 3.2475796 
7_116      0.2193515 0.7623030 0.7947379 0.0000000 0.8649100 0.6777886 0.6039554 1.6035593 1.3940363 2.0288751 1.3679438 1.5266330 1.5066493 1.9141566 1.3771781 0.9547004 0.8845645 2.7438827 1.7900816 
7_142      0.8373176 0.5905306 0.5660951 0.8649100 0.0000000 0.6044361 0.5556389 1.5133101 1.3130983 1.5757857 1.2804756 1.3540512 1.5436175 2.2149957 1.2494345 1.1955281 0.7047513 2.4595797 3.3157667 
7_169      0.6241241 0.5001401 0.4148095 0.6777886 0.6044361 0.0000000 0.3597780 1.4993708 1.4177222 1.6438857 1.3409932 1.3308012 1.7772727 1.7098423 1.3092193 0.9433425 0.4721779 2.2081357 2.7887251 
7_171      0.5907118 0.4151444 0.2459058 0.6039554 0.5556389 0.3597780 0.0000000 1.4253242 1.2677926 1.7850202 1.2170513 1.2391736 1.5624510 2.0741172 1.2171644 0.9674701 0.4787059 2.3805266 2.3970594 
8_33       1.6452700 1.4826613 1.3926958 1.6035593 1.5133101 1.4993708 1.4253242 0.0000000 0.9157730 2.1456901 1.3001627 1.2559495 0.2844491 0.4803292 1.3094385 2.0978202 1.5169525 2.4601671 2.4879916 
8_95       1.4395636 1.3674271 1.2743804 1.3940363 1.3130983 1.4177222 1.2677926 0.9157730 0.0000000 2.0454165 1.1056785 1.2347544 0.7634616 0.7295599 1.1137807 1.9410944 1.3357497 2.4162557 2.6448147 
8_101      1.9030860 1.8065413 1.6892213 2.0288751 1.5757857 1.6438857 1.7850202 2.1456901 2.0454165 0.0000000 1.3591749 1.2316515 3.1775529 3.8776965 1.3306161 3.6764643 1.7324783 2.2999577 2.1860898 
8_129      1.3394501 1.3344456 1.2802065 1.3679438 1.2804756 1.3409932 1.2170513 1.3001627 1.1056785 1.3591749 0.0000000 0.5794549 1.2255697 1.2464805 0.3452752 2.1934972 1.2361410 2.2217353 2.3696172 
8_157      1.4733683 1.3682851 1.3063431 1.5266330 1.3540512 1.3308012 1.2391736 1.2559495 1.2347544 1.2316515 0.5794549 0.0000000 1.0336756 0.9590853 0.5702632 2.5345770 1.3490115 2.3511957 2.4234166 
8_183      1.6452152 1.7467737 1.5065151 1.5066493 1.5436175 1.7772727 1.5624510 0.2844491 0.7634616 3.1775529 1.2255697 1.0336756 0.0000000 0.4506168 1.1246287 2.2336691 1.7465856 2.5471636 2.6709618 
8_205      2.0047063 2.1968321 2.1715693 1.9141566 2.2149957 1.7098423 2.0741172 0.4803292 0.7295599 3.8776965 1.2464805 0.9590853 0.4506168 0.0000000 1.1876494 2.4327355 2.1460142 5.9840905 9.0000000 
8_207      1.4286396 1.2867154 1.1724573 1.3771781 1.2494345 1.3092193 1.2171644 1.3094385 1.1137807 1.3306161 0.3452752 0.5702632 1.1246287 1.1876494 0.0000000 2.3581389 1.2554221 2.7514389 2.5047419 
10_84      1.0900188 0.9817892 1.0296060 0.9547004 1.1955281 0.9433425 0.9674701 2.0978202 1.9410944 3.6764643 2.1934972 2.5345770 2.2336691 2.4327355 2.3581389 0.0000000 0.8153547 3.6817228 4.0107879 
10_139     0.9420369 0.6431669 0.5411293 0.8845645 0.7047513 0.4721779 0.4787059 1.5169525 1.3357497 1.7324783 1.2361410 1.3490115 1.7465856 2.1460142 1.2554221 0.8153547 0.0000000 2.3507142 3.3306566 
14_99      2.4680422 2.5954694 2.4334556 2.7438827 2.4595797 2.2081357 2.3805266 2.4601671 2.4162557 2.2999577 2.2217353 2.3511957 2.5471636 5.9840905 2.7514389 3.6817228 2.3507142 0.0000000 1.2218105 
14_113     1.7208922 2.9843552 3.2475796 1.7900816 3.3157667 2.7887251 2.3970594 2.4879916 2.6448147 2.1860898 2.3696172 2.4234166 2.6709618 9.0000000 2.5047419 4.0107879 3.3306566 1.2218105 0.0000000 
