19
0_42       0.0000000 0.1327028 0.0000010 0.0126788 0.1362063 0.1491645 0.1833531 0.1362063 0.1362063 0.1771516 0.1771516 0.1491645 0.0000010 0.0066275 0.0021975 0.0645243 0.1527768 0.1512888 0.1397446 
2_42       0.1327028 0.0000000 0.1118610 0.1578721 0.0021972 0.0297729 0.1216450 0.0021972 0.0021972 0.1384972 0.1384972 0.0297729 0.1327028 0.1294980 0.1356471 0.0577865 0.0322528 0.0280783 0.0044180 
3_45       0.0000010 0.1118610 0.0000000 0.3633783 0.1210831 0.1399718 0.2160570 0.1210831 0.1210831 0.2091199 0.2091199 0.1399718 0.0000010 0.0060926 0.0000010 0.0000010 0.1399718 0.1399718 0.1306330 
3_46       0.0126788 0.1578721 0.3633783 0.0000000 0.1578721 0.1749678 0.1923423 0.1578721 0.1578721 0.1855303 0.1855303 0.1749678 0.0126788 0.0212775 0.0169968 0.1468686 0.1819726 0.1942622 0.1578721 
4_40       0.1362063 0.0021972 0.1210831 0.1578721 0.0000000 0.0273443 0.1224516 0.0000010 0.0000010 0.1380588 0.1380588 0.0273443 0.1362063 0.1329630 0.1391769 0.0605674 0.0297970 0.0251135 0.0021984 
5_32       0.1491645 0.0297729 0.1399718 0.1749678 0.0273443 0.0000000 0.1289093 0.0273443 0.0273443 0.1356174 0.1356174 0.0000010 0.1491645 0.1457677 0.1522489 0.0879703 0.0022050 0.0000010 0.0249063 
6_41       0.1833531 0.1216450 0.2160570 0.1923423 0.1224516 0.1289093 0.0000000 0.1224516 0.1224516 0.0505995 0.0505995 0.1289093 0.1833531 0.1814446 0.1866095 0.1598775 0.1323770 0.1296525 0.1188654 
9_40       0.1362063 0.0021972 0.1210831 0.1578721 0.0000010 0.0273443 0.1224516 0.0000000 0.0000010 0.1623217 0.1623217 0.0273443 0.1362063 0.1329630 0.1391769 0.0605674 0.0297970 0.0251135 0.0021984 
11_40      0.1362063 0.0021972 0.1210831 0.1578721 0.0000010 0.0273443 0.1224516 0.0000010 0.0000000 0.1380588 0.1380588 0.0273443 0.1362063 0.1329630 0.1391769 0.0605674 0.0297970 0.0251135 0.0021984 
15_42      0.1771516 0.1384972 0.2091199 0.1855303 0.1380588 0.1356174 0.0505995 0.1623217 0.1380588 0.0000000 0.0000010 0.1356174 0.1771516 0.1735662 0.1803469 0.1759219 0.1391020 0.1285529 0.1343587 
16_42      0.1771516 0.1384972 0.2091199 0.1855303 0.1380588 0.1356174 0.0505995 0.1623217 0.1380588 0.0000010 0.0000000 0.1356174 0.1771516 0.1735662 0.1803469 0.1759219 0.1391020 0.1285529 0.1343587 
17_44      0.1491645 0.0297729 0.1399718 0.1749678 0.0273443 0.0000010 0.1289093 0.0273443 0.0273443 0.1356174 0.1356174 0.0000000 0.1491645 0.1457677 0.1522489 0.0879703 0.0022050 0.0000010 0.0249063 
20_40      0.0000010 0.1327028 0.0000010 0.0126788 0.1362063 0.1491645 0.1833531 0.1362063 0.1362063 0.1771516 0.1771516 0.1491645 0.0000000 0.0066275 0.0021975 0.0645243 0.1527768 0.1512888 0.1397446 
22_43      0.0066275 0.1294980 0.0060926 0.0212775 0.1329630 0.1457677 0.1814446 0.1329630 0.1329630 0.1735662 0.1735662 0.1457677 0.0066275 0.0000000 0.0088636 0.0672594 0.1493468 0.1470772 0.1364633 
27_43      0.0021975 0.1356471 0.0000010 0.0169968 0.1391769 0.1522489 0.1866095 0.1391769 0.1391769 0.1803469 0.1803469 0.1522489 0.0021975 0.0088636 0.0000000 0.0671094 0.1558849 0.1551132 0.1427436 
28_43      0.0645243 0.0577865 0.0000010 0.1468686 0.0605674 0.0879703 0.1598775 0.0605674 0.0605674 0.1759219 0.1759219 0.0879703 0.0645243 0.0672594 0.0671094 0.0000000 0.0910281 0.1008092 0.0633655 
34_53      0.1527768 0.0322528 0.1399718 0.1819726 0.0297970 0.0022050 0.1323770 0.0297970 0.0297970 0.1391020 0.1391020 0.0022050 0.1527768 0.1493468 0.1558849 0.0910281 0.0000000 0.0000010 0.0273289 
35_62      0.1512888 0.0280783 0.1399718 0.1942622 0.0251135 0.0000010 0.1296525 0.0251135 0.0251135 0.1285529 0.1285529 0.0000010 0.1512888 0.1470772 0.1551132 0.1008092 0.0000010 0.0000000 0.0221489 
41_43      0.1397446 0.0044180 0.1306330 0.1578721 0.0021984 0.0249063 0.1188654 0.0021984 0.0021984 0.1343587 0.1343587 0.0249063 0.1397446 0.1364633 0.1427436 0.0633655 0.0273289 0.0221489 0.0000000 
