7
7_52       0.0000000 1.0545580 0.2438558 1.6557959 1.1757140 1.5416214 1.6089693 
8_180      1.0545580 0.0000000 1.0604905 1.6592243 1.2514089 1.4262308 1.4567953 
10_64      0.2438558 1.0604905 0.0000000 1.6840605 1.1565744 1.4947737 1.5785591 
12_22      1.6557959 1.6592243 1.6840605 0.0000000 1.5598434 1.2420654 0.4441995 
13_62      1.1757140 1.2514089 1.1565744 1.5598434 0.0000000 1.4156833 1.5292616 
14_50      1.5416214 1.4262308 1.4947737 1.2420654 1.4156833 0.0000000 1.2566745 
24_136     1.6089693 1.4567953 1.5785591 0.4441995 1.5292616 1.2566745 0.0000000 
