16
0_94       0.0000000 0.0827853 0.0884241 0.0858209 0.0824295 0.0888383 0.0858209 0.0922843 0.0923907 0.0823396 0.0793979 0.0793979 0.0000010 2.2292680 2.2292680 0.0765555 
2_96       0.0827853 0.0000000 0.0319442 0.0026084 0.0265292 0.0862821 0.0026084 0.0892878 0.0865142 0.0265024 0.0238226 0.0238226 0.0827853 2.1896544 2.1896544 0.0105210 
3_101      0.0884241 0.0319442 0.0000000 0.0346784 0.0104602 0.0977598 0.0346784 0.0979040 0.0951241 0.0104499 0.0078278 0.0078278 0.0884241 2.1154885 2.1154885 0.0210764 
4_94       0.0858209 0.0026084 0.0346784 0.0000000 0.0292429 0.0892527 0.0000010 0.0922731 0.0894935 0.0292133 0.0265245 0.0265245 0.0858209 2.1896544 2.1896544 0.0131784 
5_104      0.0824295 0.0265292 0.0104602 0.0292429 0.0000000 0.0918468 0.0292429 0.0919838 0.0892123 0.0052072 0.0026004 0.0026004 0.0824295 2.1234450 2.1234450 0.0157534 
6_90       0.0888383 0.0862821 0.0977598 0.0892527 0.0918468 0.0000000 0.0892527 0.0322462 0.0377232 0.0917484 0.0888509 0.0888509 0.0888383 2.2237322 2.2237322 0.0801774 
9_93       0.0858209 0.0026084 0.0346784 0.0000010 0.0292429 0.0892527 0.0000000 0.0922731 0.0894935 0.0292133 0.0265245 0.0265245 0.0858209 2.1896544 2.1896544 0.0131784 
15_90      0.0922843 0.0892878 0.0979040 0.0922731 0.0919838 0.0322462 0.0922731 0.0000000 0.0052563 0.0918852 0.0889836 0.0889836 0.0922843 2.2047836 2.2047836 0.0831487 
16_90      0.0923907 0.0865142 0.0951241 0.0894935 0.0892123 0.0377232 0.0894935 0.0052563 0.0000000 0.0891167 0.0862173 0.0862173 0.0923907 2.2103295 2.2103295 0.0803913 
17_93      0.0823396 0.0265024 0.0104499 0.0292133 0.0052072 0.0917484 0.0292133 0.0918852 0.0891167 0.0000000 0.0025979 0.0025979 0.0823396 2.1194199 2.1194199 0.0157377 
18_90      0.0793979 0.0238226 0.0078278 0.0265245 0.0026004 0.0888509 0.0265245 0.0889836 0.0862173 0.0025979 0.0000000 0.0000010 0.0793979 2.1290624 2.1290624 0.0130985 
19_93      0.0793979 0.0238226 0.0078278 0.0265245 0.0026004 0.0888509 0.0265245 0.0889836 0.0862173 0.0025979 0.0000010 0.0000000 0.0793979 2.1290624 2.1290624 0.0130985 
20_92      0.0000010 0.0827853 0.0884241 0.0858209 0.0824295 0.0888383 0.0858209 0.0922843 0.0923907 0.0823396 0.0793979 0.0793979 0.0000000 2.2292680 2.2292680 0.0765555 
23_54      2.2292680 2.1896544 2.1154885 2.1896544 2.1234450 2.2237322 2.1896544 2.2047836 2.2103295 2.1194199 2.1290624 2.1290624 2.2292680 0.0000000 0.0000010 2.1799647 
25_55      2.2292680 2.1896544 2.1154885 2.1896544 2.1234450 2.2237322 2.1896544 2.2047836 2.2103295 2.1194199 2.1290624 2.1290624 2.2292680 0.0000010 0.0000000 2.1799647 
41_94      0.0765555 0.0105210 0.0210764 0.0131784 0.0157534 0.0801774 0.0131784 0.0831487 0.0803913 0.0157377 0.0130985 0.0130985 0.0765555 2.1799647 2.1799647 0.0000000 
