17
0_65       0.0000000 0.0478581 0.0478581 0.0478581 0.0478581 0.1096843 0.0478581 0.0478581 0.1150251 0.1150251 0.0478581 0.0478581 0.0000010 0.0137520 0.0000010 0.0137520 0.0137520 
2_66       0.0478581 0.0000000 0.0000010 0.0091281 0.0000010 0.0766185 0.0089224 0.0091281 0.0814552 0.0814552 0.0000010 0.0000010 0.0328457 0.0454731 0.0478581 0.0425276 0.0454731 
3_69       0.0478581 0.0000010 0.0000000 0.0000010 0.0000010 0.1114034 0.0000010 0.0000010 0.1167548 0.1167548 0.0000010 0.0000010 0.0478581 0.0425276 0.0478581 0.0425276 0.0425276 
4_64       0.0478581 0.0091281 0.0000010 0.0000000 0.0000010 0.0880685 0.0091281 0.0000010 0.0925419 0.0925419 0.0091281 0.0091281 0.0438735 0.0465598 0.0478581 0.0425276 0.0465598 
5_10       0.0478581 0.0000010 0.0000010 0.0000010 0.0000000 0.1114034 0.0000010 0.0000010 0.1167548 0.1167548 0.0000010 0.0000010 0.0478581 0.0425276 0.0478581 0.0425276 0.0425276 
6_64       0.1096843 0.0766185 0.1114034 0.0880685 0.1114034 0.0000000 0.0766185 0.0880685 0.0600650 0.0600650 0.0766185 0.0766185 0.0757805 0.0650369 0.1096843 0.0941823 0.0650369 
9_64       0.0478581 0.0089224 0.0000010 0.0091281 0.0000010 0.0766185 0.0000000 0.0091281 0.0814552 0.0814552 0.0000010 0.0000010 0.0328457 0.0473170 0.0478581 0.0425276 0.0473170 
11_61      0.0478581 0.0091281 0.0000010 0.0000010 0.0000010 0.0880685 0.0091281 0.0000000 0.0925419 0.0925419 0.0091281 0.0091281 0.0438735 0.0465598 0.0478581 0.0425276 0.0465598 
15_64      0.1150251 0.0814552 0.1167548 0.0925419 0.1167548 0.0600650 0.0814552 0.0925419 0.0000000 0.0000010 0.0814552 0.0814552 0.0805985 0.0702693 0.1150251 0.1001309 0.0702693 
16_64      0.1150251 0.0814552 0.1167548 0.0925419 0.1167548 0.0600650 0.0814552 0.0925419 0.0000010 0.0000000 0.0814552 0.0814552 0.0805985 0.0702693 0.1150251 0.1001309 0.0702693 
17_65      0.0478581 0.0000010 0.0000010 0.0091281 0.0000010 0.0766185 0.0000010 0.0091281 0.0814552 0.0814552 0.0000000 0.0000010 0.0328457 0.0369216 0.0478581 0.0425276 0.0369216 
18_62      0.0478581 0.0000010 0.0000010 0.0091281 0.0000010 0.0766185 0.0000010 0.0091281 0.0814552 0.0814552 0.0000010 0.0000000 0.0328457 0.0369216 0.0478581 0.0425276 0.0369216 
20_62      0.0000010 0.0328457 0.0478581 0.0438735 0.0478581 0.0757805 0.0328457 0.0438735 0.0805985 0.0805985 0.0328457 0.0328457 0.0000000 0.0097659 0.0000010 0.0137520 0.0097659 
22_65      0.0137520 0.0454731 0.0425276 0.0465598 0.0425276 0.0650369 0.0473170 0.0465598 0.0702693 0.0702693 0.0369216 0.0369216 0.0097659 0.0000000 0.0137520 0.0000010 0.0000010 
27_66      0.0000010 0.0478581 0.0478581 0.0478581 0.0478581 0.1096843 0.0478581 0.0478581 0.1150251 0.1150251 0.0478581 0.0478581 0.0000010 0.0137520 0.0000000 0.0137520 0.0137520 
28_66      0.0137520 0.0425276 0.0425276 0.0425276 0.0425276 0.0941823 0.0425276 0.0425276 0.1001309 0.1001309 0.0425276 0.0425276 0.0137520 0.0000010 0.0137520 0.0000000 0.0000010 
42_65      0.0137520 0.0454731 0.0425276 0.0465598 0.0425276 0.0650369 0.0473170 0.0465598 0.0702693 0.0702693 0.0369216 0.0369216 0.0097659 0.0000010 0.0137520 0.0000010 0.0000000 
