6
0_76       0.0000000 0.0477474 0.0477474 0.0000010 0.0116787 0.0116787 
4_74       0.0477474 0.0000000 0.0000010 0.0477474 0.0475110 0.0475110 
9_74       0.0477474 0.0000010 0.0000000 0.0477474 0.0475110 0.0475110 
20_73      0.0000010 0.0477474 0.0477474 0.0000000 0.0116787 0.0116787 
22_76      0.0116787 0.0475110 0.0475110 0.0116787 0.0000000 0.0000010 
28_78      0.0116787 0.0475110 0.0475110 0.0116787 0.0000010 0.0000000 
