13
2_95       0.0000000 0.0246344 0.0061472 0.0184780 0.0706289 0.0061472 0.0611557 0.0611557 0.0184780 0.0310406 0.0247554 0.0310406 0.0123126 
3_100      0.0246344 0.0000000 0.0183436 0.0060648 0.0972328 0.0183436 0.0822076 0.0822076 0.0060648 0.0563711 0.0499476 0.0563711 0.0121835 
4_93       0.0061472 0.0183436 0.0000000 0.0122303 0.0775987 0.0000010 0.0684599 0.0684599 0.0122303 0.0375037 0.0311554 0.0375037 0.0061126 
5_105      0.0184780 0.0060648 0.0122303 0.0000000 0.0907332 0.0122303 0.0753498 0.0753498 0.0000010 0.0501074 0.0437054 0.0501074 0.0060930 
6_89       0.0706289 0.0972328 0.0775987 0.0907332 0.0000000 0.0775987 0.0200009 0.0200009 0.0907332 0.0571786 0.0506615 0.0571786 0.0842007 
9_92       0.0061472 0.0183436 0.0000010 0.0122303 0.0775987 0.0000000 0.0684599 0.0684599 0.0122303 0.0375037 0.0311554 0.0375037 0.0061126 
15_89      0.0611557 0.0822076 0.0684599 0.0753498 0.0200009 0.0684599 0.0000000 0.0000010 0.0753498 0.0541550 0.0472255 0.0541550 0.0684599 
16_89      0.0611557 0.0822076 0.0684599 0.0753498 0.0200009 0.0684599 0.0000010 0.0000000 0.0753498 0.0541550 0.0472255 0.0541550 0.0684599 
17_92      0.0184780 0.0060648 0.0122303 0.0000010 0.0907332 0.0122303 0.0753498 0.0753498 0.0000000 0.0501074 0.0437054 0.0501074 0.0060930 
20_91      0.0310406 0.0563711 0.0375037 0.0501074 0.0571786 0.0375037 0.0541550 0.0541550 0.0501074 0.0000000 0.0060966 0.0000010 0.0438215 
22_94      0.0247554 0.0499476 0.0311554 0.0437054 0.0506615 0.0311554 0.0472255 0.0472255 0.0437054 0.0060966 0.0000000 0.0060966 0.0374428 
28_97      0.0310406 0.0563711 0.0375037 0.0501074 0.0571786 0.0375037 0.0541550 0.0541550 0.0501074 0.0000010 0.0060966 0.0000000 0.0438215 
41_93      0.0123126 0.0121835 0.0061126 0.0060930 0.0842007 0.0061126 0.0684599 0.0684599 0.0060930 0.0438215 0.0374428 0.0438215 0.0000000 
