9
1_101      0.0000000 4.8992978 5.9531015 5.3289734 2.7014184 7.4230850 4.1515134 3.0755042 1.1753946 
7_63       4.8992978 0.0000000 2.9581845 0.6821131 3.4125663 1.9708166 4.3290234 3.6785189 5.2973526 
8_13       5.9531015 2.9581845 0.0000000 3.0306017 3.2419668 3.4970052 4.9032168 3.2993510 5.2369440 
10_6       5.3289734 0.6821131 3.0306017 0.0000000 4.8431564 2.5818632 8.9999982 6.2731714 4.5439276 
12_15      2.7014184 3.4125663 3.2419668 4.8431564 0.0000000 3.9933715 2.1018993 0.4722537 2.8602755 
13_196     7.4230850 1.9708166 3.4970052 2.5818632 3.9933715 0.0000000 4.1377426 3.4391501 6.1269135 
14_26      4.1515134 4.3290234 4.9032168 8.9999982 2.1018993 4.1377426 0.0000000 2.5553604 2.8359455 
24_5       3.0755042 3.6785189 3.2993510 6.2731714 0.4722537 3.4391501 2.5553604 0.0000000 2.9166727 
30_78      1.1753946 5.2973526 5.2369440 4.5439276 2.8602755 6.1269135 2.8359455 2.9166727 0.0000000 
