6
12_7       0.0000000 3.6774268 4.2284830 4.4181152 1.0602345 3.5089442 
12_56      3.6774268 0.0000000 4.2264236 3.9880721 3.4892711 0.9247405 
12_58      4.2284830 4.2264236 0.0000000 1.9288123 5.3273478 4.2240668 
24_37      4.4181152 3.9880721 1.9288123 0.0000000 4.9482463 4.1282720 
24_46      1.0602345 3.4892711 5.3273478 4.9482463 0.0000000 3.2634894 
24_66      3.5089442 0.9247405 4.2240668 4.1282720 3.2634894 0.0000000 
