13
0_11       0.0000000 0.0526888 0.0526888 0.0630786 0.0449251 0.0630786 0.0526067 0.0526067 0.0000010 0.0221621 0.0221621 0.0449251 0.0603740 
2_10       0.0526888 0.0000000 0.0000010 0.0000010 0.0527039 0.0000010 0.0604576 0.0604576 0.0526888 0.0449150 0.0449150 0.0527039 0.0073923 
3_11       0.0526888 0.0000010 0.0000000 0.0000010 0.0527039 0.0000010 0.0604576 0.0604576 0.0526888 0.0449150 0.0449150 0.0527039 0.0073923 
4_10       0.0630786 0.0000010 0.0000010 0.0000000 0.0248080 0.0000010 0.0374401 0.0374401 0.0630786 0.0501438 0.0501438 0.0248080 0.0000010 
6_11       0.0449251 0.0527039 0.0527039 0.0248080 0.0000000 0.0248080 0.0073430 0.0073430 0.0449251 0.0525132 0.0525132 0.0000010 0.0603895 
11_10      0.0630786 0.0000010 0.0000010 0.0000010 0.0248080 0.0000000 0.0374401 0.0374401 0.0630786 0.0501438 0.0501438 0.0248080 0.0000010 
15_12      0.0526067 0.0604576 0.0604576 0.0374401 0.0073430 0.0374401 0.0000000 0.0000010 0.0526067 0.0602378 0.0602378 0.0073430 0.0681921 
16_12      0.0526067 0.0604576 0.0604576 0.0374401 0.0073430 0.0374401 0.0000010 0.0000000 0.0526067 0.0602378 0.0602378 0.0073430 0.0681921 
20_11      0.0000010 0.0526888 0.0526888 0.0630786 0.0449251 0.0630786 0.0526067 0.0526067 0.0000000 0.0221621 0.0221621 0.0449251 0.0603740 
22_11      0.0221621 0.0449150 0.0449150 0.0501438 0.0525132 0.0501438 0.0602378 0.0602378 0.0221621 0.0000000 0.0000010 0.0525132 0.0525367 
28_11      0.0221621 0.0449150 0.0449150 0.0501438 0.0525132 0.0501438 0.0602378 0.0602378 0.0221621 0.0000010 0.0000000 0.0525132 0.0525367 
33_63      0.0449251 0.0527039 0.0527039 0.0248080 0.0000010 0.0248080 0.0073430 0.0073430 0.0449251 0.0525132 0.0525132 0.0000000 0.0603895 
40_10      0.0603740 0.0073923 0.0073923 0.0000010 0.0603895 0.0000010 0.0681921 0.0681921 0.0603740 0.0525367 0.0525367 0.0603895 0.0000000 
