21
0_122      0.0000000 0.1528569 0.6921768 0.0493703 0.3643880 0.0493703 0.0875305 0.0493703 0.0591495 0.0591495 0.0493703 0.0493703 0.0044006 0.0176980 1.2478949 1.2478949 0.0493703 0.0044006 0.0044006 0.0493703 0.0044006 
2_126      0.1528569 0.0000000 0.7621171 0.1006756 0.4666773 0.1006756 0.1869348 0.1006756 0.1470377 0.1470377 0.1006756 0.1006756 0.1454733 0.1455226 1.1299577 1.1299577 0.1006756 0.1454733 0.1454733 0.1006756 0.1454733 
3_130      0.6921768 0.7621171 0.0000000 0.6773478 2.3247614 0.6773478 0.8353514 0.6773478 0.8007480 0.8007480 0.6773478 0.6773478 0.6993927 0.6751643 2.1841459 2.1841459 0.6773478 0.6993927 0.6993927 0.6773478 0.6993927 
4_124      0.0493703 0.1006756 0.6773478 0.0000000 0.3643880 0.0000010 0.0686669 0.0000010 0.0499536 0.0499536 0.0000010 0.0000010 0.0448622 0.0403559 1.2449897 1.2449897 0.0000010 0.0448622 0.0448622 0.0000010 0.0448622 
5_73       0.3643880 0.4666773 2.3247614 0.3643880 0.0000000 0.3643880 0.4710454 0.3643880 0.1027695 0.1027695 0.0709523 0.0709523 0.3643880 0.1244503 1.1349481 1.1349481 0.0988760 0.1501060 0.2661138 0.0988760 0.1501060 
5_74       0.0493703 0.1006756 0.6773478 0.0000010 0.3643880 0.0000000 0.0686669 0.0000010 0.0519770 0.0519770 0.0000010 0.0000010 0.0448622 0.0384378 1.2501264 1.2501264 0.0000010 0.0471627 0.0471627 0.0000010 0.0471627 
6_119      0.0875305 0.1869348 0.8353514 0.0686669 0.4710454 0.0686669 0.0000000 0.0686669 0.0268406 0.0268406 0.0686669 0.0686669 0.0828846 0.0782388 1.2902417 1.2902417 0.0686669 0.0828846 0.0828846 0.0686669 0.0828846 
9_122      0.0493703 0.1006756 0.6773478 0.0000010 0.3643880 0.0000010 0.0686669 0.0000000 0.0499536 0.0499536 0.0000010 0.0000010 0.0448622 0.0403559 1.2449897 1.2449897 0.0000010 0.0448622 0.0448622 0.0000010 0.0448622 
15_119     0.0591495 0.1470377 0.8007480 0.0499536 0.1027695 0.0519770 0.0268406 0.0499536 0.0000000 0.0000010 0.0494356 0.0494356 0.0545757 0.0492097 1.2535391 1.2535391 0.0491690 0.0608287 0.0595949 0.0491690 0.0608287 
16_119     0.0591495 0.1470377 0.8007480 0.0499536 0.1027695 0.0519770 0.0268406 0.0499536 0.0000010 0.0000000 0.0494356 0.0494356 0.0545757 0.0492097 1.2535391 1.2535391 0.0491690 0.0608287 0.0595949 0.0491690 0.0608287 
17_123     0.0493703 0.1006756 0.6773478 0.0000010 0.0709523 0.0000010 0.0686669 0.0000010 0.0494356 0.0494356 0.0000000 0.0000010 0.0448622 0.0410085 1.2056593 1.2056593 0.0036786 0.0524150 0.0461400 0.0036786 0.0524150 
18_120     0.0493703 0.1006756 0.6773478 0.0000010 0.0709523 0.0000010 0.0686669 0.0000010 0.0494356 0.0494356 0.0000010 0.0000000 0.0448622 0.0410085 1.2056593 1.2056593 0.0036786 0.0524150 0.0461400 0.0036786 0.0524150 
20_119     0.0044006 0.1454733 0.6993927 0.0448622 0.3643880 0.0448622 0.0828846 0.0448622 0.0545757 0.0545757 0.0448622 0.0448622 0.0000000 0.0132680 1.2521799 1.2521799 0.0448622 0.0000010 0.0000010 0.0448622 0.0000010 
22_123     0.0176980 0.1455226 0.6751643 0.0403559 0.1244503 0.0384378 0.0782388 0.0403559 0.0492097 0.0492097 0.0410085 0.0410085 0.0132680 0.0000000 1.2464455 1.2464455 0.0370342 0.0183475 0.0165562 0.0370342 0.0183475 
23_107     1.2478949 1.1299577 2.1841459 1.2449897 1.1349481 1.2501264 1.2902417 1.2449897 1.2535391 1.2535391 1.2056593 1.2056593 1.2521799 1.2464455 0.0000000 0.0000010 1.2236170 1.2357105 1.2704294 1.2236170 1.2357105 
25_108     1.2478949 1.1299577 2.1841459 1.2449897 1.1349481 1.2501264 1.2902417 1.2449897 1.2535391 1.2535391 1.2056593 1.2056593 1.2521799 1.2464455 0.0000010 0.0000000 1.2236170 1.2357105 1.2704294 1.2236170 1.2357105 
26_25      0.0493703 0.1006756 0.6773478 0.0000010 0.0988760 0.0000010 0.0686669 0.0000010 0.0491690 0.0491690 0.0036786 0.0036786 0.0448622 0.0370342 1.2236170 1.2236170 0.0000000 0.0483506 0.0461400 0.0000010 0.0483506 
27_121     0.0044006 0.1454733 0.6993927 0.0448622 0.1501060 0.0471627 0.0828846 0.0448622 0.0608287 0.0608287 0.0524150 0.0524150 0.0000010 0.0183475 1.2357105 1.2357105 0.0483506 0.0000000 0.0000010 0.0483506 0.0000010 
28_126     0.0044006 0.1454733 0.6993927 0.0448622 0.2661138 0.0471627 0.0828846 0.0448622 0.0595949 0.0595949 0.0461400 0.0461400 0.0000010 0.0165562 1.2704294 1.2704294 0.0461400 0.0000010 0.0000000 0.0461400 0.0000010 
32_74      0.0493703 0.1006756 0.6773478 0.0000010 0.0988760 0.0000010 0.0686669 0.0000010 0.0491690 0.0491690 0.0036786 0.0036786 0.0448622 0.0370342 1.2236170 1.2236170 0.0000010 0.0483506 0.0461400 0.0000000 0.0483506 
42_122     0.0044006 0.1454733 0.6993927 0.0448622 0.1501060 0.0471627 0.0828846 0.0448622 0.0608287 0.0608287 0.0524150 0.0524150 0.0000010 0.0183475 1.2357105 1.2357105 0.0483506 0.0000010 0.0000010 0.0483506 0.0000000 
