20
0_120      0.0000000 0.9711778 0.0166083 0.0124250 0.0124250 0.0167657 1.8802393 2.2107795 1.9579099 0.9144942 3.3496631 1.5342102 0.0165799 0.0165799 0.0000010 0.4234644 0.9530695 0.4234644 1.1243037 0.0041294 
1_113      0.9711778 0.0000000 1.0062972 0.9964049 0.9964049 1.0179523 1.7262051 2.0809676 1.9106797 0.8588340 3.1765799 1.4299361 0.9989286 0.9989286 0.9711778 1.0597713 0.8368605 1.0597713 0.4646933 0.9726338 
2_124      0.0166083 1.0062972 0.0000000 0.0041201 0.0041201 0.0167122 1.9143622 2.2857925 2.0072271 0.9214394 3.4542549 1.5621721 0.0082473 0.0082473 0.0166083 0.4375446 0.9845764 0.4375446 1.1471590 0.0208219 
3_128      0.0124250 0.9964049 0.0041201 0.0000000 0.0000010 0.0125030 1.9138248 2.2665921 2.0040007 0.9120453 3.4243137 1.5489032 0.0041133 0.0041133 0.0124250 0.4306058 0.9747992 0.4306058 1.1363173 0.0166158 
4_122      0.0124250 0.9964049 0.0041201 0.0000010 0.0000000 0.0125030 1.9138248 2.2665921 2.0040007 0.9120453 3.4243137 1.5489032 0.0041133 0.0041133 0.0124250 0.4306058 0.9747992 0.4306058 1.1363173 0.0166158 
6_117      0.0167657 1.0179523 0.0167122 0.0125030 0.0125030 0.0000000 1.8962344 2.2135002 1.9857724 0.9205066 3.4424668 1.5805685 0.0166835 0.0166835 0.0167657 0.4424135 0.9837781 0.4424135 1.1354155 0.0210193 
7_137      1.8802393 1.7262051 1.9143622 1.9138248 1.9138248 1.8962344 0.0000000 1.3182524 0.1736113 1.5632523 2.3637088 1.3041639 1.9286852 1.9286852 1.8802393 1.6809627 1.5178228 1.6809627 1.6553259 1.8988428 
8_107      2.2107795 2.0809676 2.2857925 2.2665921 2.2665921 2.2135002 1.3182524 0.0000000 1.3707112 2.0306262 3.2153314 1.4509996 2.2843499 2.2843499 2.2107795 2.2239448 2.0231721 2.2239448 2.0977961 2.2239448 
10_73      1.9579099 1.9106797 2.0072271 2.0040007 2.0040007 1.9857724 0.1736113 1.3707112 0.0000000 1.6742297 2.3693399 1.3527530 2.0194576 2.0194576 1.9579099 1.7078527 1.5934480 1.7078527 1.8130863 1.9771644 
12_29      0.9144942 0.8588340 0.9214394 0.9120453 0.9120453 0.9205066 1.5632523 2.0306262 1.6742297 0.0000000 3.1800050 1.1814069 0.9144505 0.9144505 0.9144942 0.8718814 0.2203401 0.8718814 0.9817415 0.9220947 
13_201     3.3496631 3.1765799 3.4542549 3.4243137 3.4243137 3.4424668 2.3637088 3.2153314 2.3693399 3.1800050 0.0000000 3.0400838 3.4174625 3.4174625 3.3496631 3.2222139 3.2066782 3.2222139 2.9112465 3.3853784 
14_121     1.5342102 1.4299361 1.5621721 1.5489032 1.5489032 1.5805685 1.3041639 1.4509996 1.3527530 1.1814069 3.0400838 0.0000000 1.5521610 1.5521610 1.5342102 1.4777139 1.1521943 1.4777139 1.4944393 1.5269033 
15_117     0.0165799 0.9989286 0.0082473 0.0041133 0.0041133 0.0166835 1.9286852 2.2843499 2.0194576 0.9144505 3.4174625 1.5521610 0.0000000 0.0000010 0.0165799 0.4322125 0.9772965 0.4322125 1.1459374 0.0207859 
16_117     0.0165799 0.9989286 0.0082473 0.0041133 0.0041133 0.0166835 1.9286852 2.2843499 2.0194576 0.9144505 3.4174625 1.5521610 0.0000010 0.0000000 0.0165799 0.4322125 0.9772965 0.4322125 1.1459374 0.0207859 
20_117     0.0000010 0.9711778 0.0166083 0.0124250 0.0124250 0.0167657 1.8802393 2.2107795 1.9579099 0.9144942 3.3496631 1.5342102 0.0165799 0.0165799 0.0000000 0.4234644 0.9530695 0.4234644 1.1243037 0.0041294 
23_57      0.4234644 1.0597713 0.4375446 0.4306058 0.4306058 0.4424135 1.6809627 2.2239448 1.7078527 0.8718814 3.2222139 1.4777139 0.4322125 0.4322125 0.4234644 0.0000000 0.8574600 0.0000010 1.0966952 0.4307360 
24_69      0.9530695 0.8368605 0.9845764 0.9747992 0.9747992 0.9837781 1.5178228 2.0231721 1.5934480 0.2203401 3.2066782 1.1521943 0.9772965 0.9772965 0.9530695 0.8574600 0.0000000 0.8574600 0.9122017 0.9608684 
25_58      0.4234644 1.0597713 0.4375446 0.4306058 0.4306058 0.4424135 1.6809627 2.2239448 1.7078527 0.8718814 3.2222139 1.4777139 0.4322125 0.4322125 0.4234644 0.0000010 0.8574600 0.0000000 1.0966952 0.4307360 
30_15      1.1243037 0.4646933 1.1471590 1.1363173 1.1363173 1.1354155 1.6553259 2.0977961 1.8130863 0.9817415 2.9112465 1.4944393 1.1459374 1.1459374 1.1243037 1.0966952 0.9122017 1.0966952 0.0000000 1.1270060 
42_120     0.0041294 0.9726338 0.0208219 0.0166158 0.0166158 0.0210193 1.8988428 2.2239448 1.9771644 0.9220947 3.3853784 1.5269033 0.0207859 0.0207859 0.0041294 0.4307360 0.9608684 0.4307360 1.1270060 0.0000000 
