23
0_56       0.0000000 1.9659217 0.0184597 0.0138089 0.0138089 0.0184569 2.7657532 2.6803081 2.3926006 2.3517294 6.4190723 2.0233617 0.0232971 0.0232971 0.0000010 0.0046396 0.5843478 2.2135704 0.5843478 1.8947945 0.0071559 0.5843478 0.0093241 
1_47       1.9659217 0.0000000 1.9614125 1.9614125 1.9614125 1.9195971 2.8325689 2.8140226 2.8373603 2.5172803 5.3815249 1.6429773 1.9259437 1.9259437 1.9659217 1.9754645 1.9406724 2.4575176 1.9406724 0.4008332 1.3758186 1.9569356 1.9813260 
2_56       0.0184597 1.9614125 0.0000000 0.0045881 0.0045881 0.0184821 2.7079998 2.7070191 2.3980271 2.3901386 6.5202976 2.0223630 0.0233292 0.0233292 0.0184597 0.0186658 0.5848149 2.2605620 0.5848149 1.9507734 0.0000010 0.5848149 0.0234471 
3_60       0.0138089 1.9614125 0.0045881 0.0000000 0.0000010 0.0138254 2.7079998 2.7070191 2.3980271 2.3901386 6.5202976 1.9936261 0.0186148 0.0186148 0.0138089 0.0139629 0.5848149 2.2605620 0.5848149 1.9228808 0.0000010 0.5848149 0.0187086 
4_55       0.0138089 1.9614125 0.0045881 0.0000010 0.0000000 0.0138254 2.7079998 2.7070191 2.3980271 2.3901386 6.5202976 1.9936261 0.0186148 0.0186148 0.0138089 0.0139629 0.5848149 2.2605620 0.5848149 1.9228808 0.0000010 0.5848149 0.0187086 
6_55       0.0184569 1.9195971 0.0184821 0.0138254 0.0138254 0.0000000 2.7195124 2.6624202 2.4097499 2.3811582 6.4947476 2.0140362 0.0138715 0.0138715 0.0184569 0.0186629 0.5647924 2.2409736 0.5647924 1.9208503 0.0071559 0.5647924 0.0234437 
7_66       2.7657532 2.8325689 2.7079998 2.7079998 2.7079998 2.7195124 0.0000000 1.6491493 0.4370952 3.8287817 4.2440696 2.1726397 2.6964715 2.6964715 2.7657532 2.8157691 2.7813928 3.5809262 2.7813928 2.6626613 2.1774727 2.8968273 2.8162143 
8_16       2.6803081 2.8140226 2.7070191 2.7070191 2.7070191 2.6624202 1.6491493 0.0000000 1.6923358 4.3036483 3.9148172 2.1474648 2.6363517 2.6363517 2.6803081 2.7023361 2.3492648 3.1566076 2.3492648 2.6970280 2.0368378 2.3691361 2.7153236 
10_59      2.3926006 2.8373603 2.3980271 2.3980271 2.3980271 2.4097499 0.4370952 1.6923358 0.0000000 3.6075573 4.1406903 1.8849224 2.3892258 2.3892258 2.3926006 2.4593761 2.3561237 3.3308190 2.3561237 2.5480165 1.9398204 2.4619950 2.4598970 
12_3       2.3517294 2.5172803 2.3901386 2.3901386 2.3901386 2.3811582 3.8287817 4.3036483 3.6075573 0.0000000 6.6971928 2.6685858 2.3827081 2.3827081 2.3517294 2.3517294 2.2604784 0.6313429 2.2604784 2.2597394 1.9905704 2.2841089 2.3523635 
13_142     6.4190723 5.3815249 6.5202976 6.5202976 6.5202976 6.4947476 4.2440696 3.9148172 4.1406903 6.6971928 0.0000000 4.4585730 6.2792674 6.2792674 6.4190723 6.5057723 5.8891286 6.2180039 5.8891286 4.9194126 6.2661607 5.9548053 6.5079865 
14_32      2.0233617 1.6429773 2.0223630 1.9936261 1.9936261 2.0140362 2.1726397 2.1474648 1.8849224 2.6685858 4.4585730 0.0000000 1.9615382 1.9615382 2.0233617 2.0568797 1.7488539 2.5788863 1.7488539 1.7876470 1.3533146 1.7635928 2.0672120 
15_56      0.0232971 1.9259437 0.0233292 0.0186148 0.0186148 0.0138715 2.6964715 2.6363517 2.3892258 2.3827081 6.2792674 1.9615382 0.0000000 0.0000010 0.0232971 0.0235591 0.5530410 2.2080812 0.5530410 1.8671089 0.0071559 0.5530410 0.0284104 
16_56      0.0232971 1.9259437 0.0233292 0.0186148 0.0186148 0.0138715 2.6964715 2.6363517 2.3892258 2.3827081 6.2792674 1.9615382 0.0000010 0.0000000 0.0232971 0.0235591 0.5530410 2.2080812 0.5530410 1.8671089 0.0071559 0.5530410 0.0284104 
20_53      0.0000010 1.9659217 0.0184597 0.0138089 0.0138089 0.0184569 2.7657532 2.6803081 2.3926006 2.3517294 6.4190723 2.0233617 0.0232971 0.0232971 0.0000000 0.0046396 0.5843478 2.2135704 0.5843478 1.8947945 0.0071559 0.5843478 0.0093241 
22_57      0.0046396 1.9754645 0.0186658 0.0139629 0.0139629 0.0186629 2.8157691 2.7023361 2.4593761 2.3517294 6.5057723 2.0568797 0.0235591 0.0235591 0.0046396 0.0000000 0.5843478 2.2135704 0.5843478 1.8949639 0.0071559 0.5843478 0.0045821 
23_37      0.5843478 1.9406724 0.5848149 0.5848149 0.5848149 0.5647924 2.7813928 2.3492648 2.3561237 2.2604784 5.8891286 1.7488539 0.5530410 0.5530410 0.5843478 0.5843478 0.0000000 2.1917793 0.0000010 1.8990288 0.5075164 0.0000010 0.5845095 
24_6       2.2135704 2.4575176 2.2605620 2.2605620 2.2605620 2.2409736 3.5809262 3.1566076 3.3308190 0.6313429 6.2180039 2.5788863 2.2080812 2.2080812 2.2135704 2.2135704 2.1917793 0.0000000 2.1917793 2.0647921 1.8557157 2.2140027 2.2189646 
25_38      0.5843478 1.9406724 0.5848149 0.5848149 0.5848149 0.5647924 2.7813928 2.3492648 2.3561237 2.2604784 5.8891286 1.7488539 0.5530410 0.5530410 0.5843478 0.5843478 0.0000010 2.1917793 0.0000000 1.8990288 0.5075164 0.0000010 0.5845095 
30_21      1.8947945 0.4008332 1.9507734 1.9228808 1.9228808 1.9208503 2.6626613 2.6970280 2.5480165 2.2597394 4.9194126 1.7876470 1.8671089 1.8671089 1.8947945 1.8949639 1.8990288 2.0647921 1.8990288 0.0000000 1.3494354 1.9149545 1.8927028 
34_95      0.0071559 1.3758186 0.0000010 0.0000010 0.0000010 0.0071559 2.1774727 2.0368378 1.9398204 1.9905704 6.2661607 1.3533146 0.0071559 0.0071559 0.0071559 0.0071559 0.5075164 1.8557157 0.5075164 1.3494354 0.0000000 0.5075164 0.0144239 
38_96      0.5843478 1.9569356 0.5848149 0.5848149 0.5848149 0.5647924 2.8968273 2.3691361 2.4619950 2.2841089 5.9548053 1.7635928 0.5530410 0.5530410 0.5843478 0.5843478 0.0000010 2.2140027 0.0000010 1.9149545 0.5075164 0.0000000 0.5845095 
42_56      0.0093241 1.9813260 0.0234471 0.0187086 0.0187086 0.0234437 2.8162143 2.7153236 2.4598970 2.3523635 6.5079865 2.0672120 0.0284104 0.0284104 0.0093241 0.0045821 0.5845095 2.2189646 0.5845095 1.8927028 0.0144239 0.5845095 0.0000000 
