21
0_116      0.0000000 0.0641420 0.0643418 0.0687775 0.0619877 0.0738845 0.0664765 0.0664601 0.0886966 0.0886966 0.0619877 0.0000010 0.0664601 0.0111237 1.3384854 1.3384854 0.0664765 0.0022195 1.3025006 0.0668446 1.3384854 
2_123      0.0641420 0.0000000 0.0223919 0.0088736 0.0201355 0.0737877 0.0022161 0.0066529 0.0934782 0.0934782 0.0201355 0.0641420 0.0066529 0.0617246 1.2624097 1.2624097 0.0022161 0.0665028 1.2549801 0.0247057 1.2624097 
3_126      0.0643418 0.0223919 0.0000000 0.0268902 0.0022237 0.0693049 0.0246466 0.0246406 0.0839753 0.0839753 0.0022237 0.0643418 0.0246406 0.0619164 1.2673133 1.2673133 0.0246466 0.0667101 1.2685682 0.0066968 1.2673133 
4_118      0.0687775 0.0088736 0.0268902 0.0000000 0.0246283 0.0784614 0.0066486 0.0022124 0.0982308 0.0982308 0.0246283 0.0687775 0.0022124 0.0663484 1.2525285 1.2525285 0.0066486 0.0711452 1.2500072 0.0292193 1.2525285 
5_80       0.0619877 0.0201355 0.0022237 0.0246283 0.0000000 0.0716417 0.0223869 0.0223815 0.0863403 0.0863403 0.0000010 0.0619877 0.0223815 0.0595696 1.2673133 1.2673133 0.0223869 0.0643523 1.2685682 0.0044608 1.2673133 
6_113      0.0738845 0.0737877 0.0693049 0.0784614 0.0716417 0.0000000 0.0761440 0.0761251 0.0549552 0.0549552 0.0716417 0.0738845 0.0761251 0.0714272 1.3130598 1.3130598 0.0761440 0.0762746 1.2981972 0.0765678 1.3130598 
9_117      0.0664765 0.0022161 0.0246466 0.0066486 0.0223869 0.0761440 0.0000000 0.0044308 0.0958796 0.0958796 0.0223869 0.0664765 0.0044308 0.0640526 1.2638239 1.2638239 0.0000010 0.0688413 1.2559094 0.0269686 1.2638239 
11_114     0.0664601 0.0066529 0.0246406 0.0022124 0.0223815 0.0761251 0.0044308 0.0000000 0.0958556 0.0958556 0.0223815 0.0664601 0.0000010 0.0640368 1.2616826 1.2616826 0.0044308 0.0688244 1.2560832 0.0269621 1.2616826 
15_113     0.0886966 0.0934782 0.0839753 0.0982308 0.0863403 0.0549552 0.0958796 0.0958556 0.0000000 0.0000010 0.0863403 0.0886966 0.0958556 0.0814426 1.3159431 1.3159431 0.0958796 0.0911291 1.3133505 0.0913723 1.3159431 
16_113     0.0886966 0.0934782 0.0839753 0.0982308 0.0863403 0.0549552 0.0958796 0.0958556 0.0000010 0.0000000 0.0863403 0.0886966 0.0958556 0.0814426 1.3159431 1.3159431 0.0958796 0.0911291 1.3133505 0.0913723 1.3159431 
17_117     0.0619877 0.0201355 0.0022237 0.0246283 0.0000010 0.0716417 0.0223869 0.0223815 0.0863403 0.0863403 0.0000000 0.0619877 0.0223815 0.0595696 1.2673133 1.2673133 0.0223869 0.0643523 1.2685682 0.0044608 1.2673133 
20_114     0.0000010 0.0641420 0.0643418 0.0687775 0.0619877 0.0738845 0.0664765 0.0664601 0.0886966 0.0886966 0.0619877 0.0000000 0.0664601 0.0111237 1.3384854 1.3384854 0.0664765 0.0022195 1.3025006 0.0668446 1.3384854 
21_115     0.0664601 0.0066529 0.0246406 0.0022124 0.0223815 0.0761251 0.0044308 0.0000010 0.0958556 0.0958556 0.0223815 0.0664601 0.0000000 0.0640368 1.2616826 1.2616826 0.0044308 0.0688244 1.2560832 0.0269621 1.2616826 
22_117     0.0111237 0.0617246 0.0619164 0.0663484 0.0595696 0.0714272 0.0640526 0.0640368 0.0814426 0.0814426 0.0595696 0.0111237 0.0640368 0.0000000 1.3152549 1.3152549 0.0640526 0.0133617 1.2874161 0.0644067 1.3152549 
23_0       1.3384854 1.2624097 1.2673133 1.2525285 1.2673133 1.3130598 1.2638239 1.2616826 1.3159431 1.3159431 1.2673133 1.3384854 1.2616826 1.3152549 0.0000000 0.0000010 1.2638239 1.3384854 0.0032822 1.2706246 0.0032822 
25_0       1.3384854 1.2624097 1.2673133 1.2525285 1.2673133 1.3130598 1.2638239 1.2616826 1.3159431 1.3159431 1.2673133 1.3384854 1.2616826 1.3152549 0.0000010 0.0000000 1.2638239 1.3384854 0.0032822 1.2706246 0.0032822 
26_31      0.0664765 0.0022161 0.0246466 0.0066486 0.0223869 0.0761440 0.0000010 0.0044308 0.0958796 0.0958796 0.0223869 0.0664765 0.0044308 0.0640526 1.2638239 1.2638239 0.0000000 0.0688413 1.2559094 0.0269686 1.2638239 
27_116     0.0022195 0.0665028 0.0667101 0.0711452 0.0643523 0.0762746 0.0688413 0.0688244 0.0911291 0.0911291 0.0643523 0.0022195 0.0688244 0.0133617 1.3384854 1.3384854 0.0688413 0.0000000 1.3114783 0.0692229 1.3384854 
31_119     1.3025006 1.2549801 1.2685682 1.2500072 1.2685682 1.2981972 1.2559094 1.2560832 1.3133505 1.3133505 1.2685682 1.3025006 1.2560832 1.2874161 0.0032822 0.0032822 1.2559094 1.3114783 0.0000000 1.2802669 0.0000010 
34_66      0.0668446 0.0247057 0.0066968 0.0292193 0.0044608 0.0765678 0.0269686 0.0269621 0.0913723 0.0913723 0.0044608 0.0668446 0.0269621 0.0644067 1.2706246 1.2706246 0.0269686 0.0692229 1.2802669 0.0000000 1.2706246 
38_132     1.3384854 1.2624097 1.2673133 1.2525285 1.2673133 1.3130598 1.2638239 1.2616826 1.3159431 1.3159431 1.2673133 1.3384854 1.2616826 1.3152549 0.0032822 0.0032822 1.2638239 1.3384854 0.0000010 1.2706246 0.0000000 
