15
0_96       0.0000000 0.0459809 0.0000010 0.0391106 0.0391760 0.0604680 0.0391106 0.0602849 0.0602849 0.0391760 0.0000010 0.0064051 1.3547351 1.3547351 0.0064051 
2_99       0.0459809 0.0000000 0.0459809 0.0058940 0.0178844 0.0556232 0.0058940 0.0617209 0.0617209 0.0178844 0.0486798 0.0391640 1.2920105 1.2920105 0.0391640 
3_103      0.0000010 0.0459809 0.0000000 0.0391106 0.0391760 0.0604680 0.0391106 0.0602849 0.0602849 0.0391760 0.0000010 0.0064051 1.3547351 1.3547351 0.0064051 
4_96       0.0391106 0.0058940 0.0391106 0.0000000 0.0118403 0.0490849 0.0000010 0.0551473 0.0551473 0.0118403 0.0422921 0.0323884 1.2863876 1.2863876 0.0323884 
5_102      0.0391760 0.0178844 0.0391760 0.0118403 0.0000000 0.0491623 0.0118403 0.0552341 0.0552341 0.0000010 0.0423577 0.0324422 1.2862004 1.2862004 0.0324422 
6_92       0.0604680 0.0556232 0.0604680 0.0490849 0.0491623 0.0000000 0.0490849 0.0180802 0.0180802 0.0491623 0.0557403 0.0534040 1.2934616 1.2934616 0.0534040 
9_95       0.0391106 0.0058940 0.0391106 0.0000010 0.0118403 0.0490849 0.0000000 0.0551473 0.0551473 0.0118403 0.0422921 0.0323884 1.2863876 1.2863876 0.0323884 
15_92      0.0602849 0.0617209 0.0602849 0.0551473 0.0552341 0.0180802 0.0551473 0.0000000 0.0000010 0.0552341 0.0618499 0.0532435 1.2798697 1.2798697 0.0532435 
16_92      0.0602849 0.0617209 0.0602849 0.0551473 0.0552341 0.0180802 0.0551473 0.0000010 0.0000000 0.0552341 0.0618499 0.0532435 1.2798697 1.2798697 0.0532435 
17_95      0.0391760 0.0178844 0.0391760 0.0118403 0.0000010 0.0491623 0.0118403 0.0552341 0.0552341 0.0000000 0.0423577 0.0324422 1.2862004 1.2862004 0.0324422 
20_94      0.0000010 0.0486798 0.0000010 0.0422921 0.0423577 0.0557403 0.0422921 0.0618499 0.0618499 0.0423577 0.0000000 0.0064051 1.3195714 1.3195714 0.0064051 
22_97      0.0064051 0.0391640 0.0064051 0.0323884 0.0324422 0.0534040 0.0323884 0.0532435 0.0532435 0.0324422 0.0064051 0.0000000 1.3258114 1.3258114 0.0000010 
23_103     1.3547351 1.2920105 1.3547351 1.2863876 1.2862004 1.2934616 1.2863876 1.2798697 1.2798697 1.2862004 1.3195714 1.3258114 0.0000000 0.0000010 1.3258114 
25_104     1.3547351 1.2920105 1.3547351 1.2863876 1.2862004 1.2934616 1.2863876 1.2798697 1.2798697 1.2862004 1.3195714 1.3258114 0.0000010 0.0000000 1.3258114 
28_100     0.0064051 0.0391640 0.0064051 0.0323884 0.0324422 0.0534040 0.0323884 0.0532435 0.0532435 0.0324422 0.0064051 0.0000010 1.3258114 1.3258114 0.0000000 
