8
1_41       0.0000000 2.9132765 2.6816488 2.7957975 1.7844249 2.8798079 1.5996915 0.4473433 
7_61       2.9132765 0.0000000 1.4841739 0.2641567 2.7180900 1.5694611 2.7193992 2.9617769 
8_60       2.6816488 1.4841739 0.0000000 1.5334632 2.7063614 1.6859532 2.5926822 2.7259732 
10_93      2.7957975 0.2641567 1.5334632 0.0000000 2.6323151 1.5604992 2.4679243 2.6583148 
12_14      1.7844249 2.7180900 2.7063614 2.6323151 0.0000000 2.9193050 0.6066514 1.8819307 
13_148     2.8798079 1.5694611 1.6859532 1.5604992 2.9193050 0.0000000 2.5176929 2.7328111 
24_23      1.5996915 2.7193992 2.5926822 2.4679243 0.6066514 2.5176929 0.0000000 1.6655325 
30_66      0.4473433 2.9617769 2.7259732 2.6583148 1.8819307 2.7328111 1.6655325 0.0000000 
