15
0_52       0.0000000 0.3821452 0.3985215 0.3707684 0.3957299 0.4239876 0.3707684 0.4696814 0.4696814 0.3817681 0.3817681 0.4014297 0.0000010 0.2576005 0.2667760 
2_52       0.3821452 0.0000000 0.1263704 0.0120247 0.1168682 0.4002706 0.0120247 0.4183141 0.4183141 0.1130450 0.1130450 0.1225083 0.3821452 0.4132923 0.4295607 
3_56       0.3985215 0.1263704 0.0000000 0.1233890 0.0122887 0.3293877 0.1233890 0.3371186 0.3371186 0.0119051 0.0119051 0.0241414 0.3985215 0.3925322 0.4074751 
4_51       0.3707684 0.0120247 0.1233890 0.0000000 0.1140433 0.3871166 0.0000010 0.4186043 0.4186043 0.1104011 0.1104011 0.1195051 0.3707684 0.4002284 0.4154590 
5_22       0.3957299 0.1168682 0.0122887 0.1140433 0.0000000 0.3404511 0.1140433 0.3476808 0.3476808 0.0000010 0.0000010 0.0123915 0.3957299 0.4054599 0.4054599 
6_51       0.4239876 0.4002706 0.3293877 0.3871166 0.3404511 0.0000000 0.3871166 0.2551477 0.2551477 0.3277834 0.3277834 0.3476744 0.4239876 0.4127301 0.4297239 
9_51       0.3707684 0.0120247 0.1233890 0.0000010 0.1140433 0.3871166 0.0000000 0.4186043 0.4186043 0.1104011 0.1104011 0.1195051 0.3707684 0.4002284 0.4154590 
15_52      0.4696814 0.4183141 0.3371186 0.4186043 0.3476808 0.2551477 0.4186043 0.0000000 0.0000010 0.3355827 0.3355827 0.3542837 0.4696814 0.4460521 0.4629476 
16_52      0.4696814 0.4183141 0.3371186 0.4186043 0.3476808 0.2551477 0.4186043 0.0000010 0.0000000 0.3355827 0.3355827 0.3542837 0.4696814 0.4460521 0.4629476 
17_54      0.3817681 0.1130450 0.0119051 0.1104011 0.0000010 0.3277834 0.1104011 0.3355827 0.3355827 0.0000000 0.0000010 0.0120017 0.3817681 0.3906519 0.4054599 
18_51      0.3817681 0.1130450 0.0119051 0.1104011 0.0000010 0.3277834 0.1104011 0.3355827 0.3355827 0.0000010 0.0000000 0.0120017 0.3817681 0.3906519 0.4054599 
19_54      0.4014297 0.1225083 0.0241414 0.1195051 0.0123915 0.3476744 0.1195051 0.3542837 0.3542837 0.0120017 0.0120017 0.0000000 0.4014297 0.4111564 0.4268647 
20_50      0.0000010 0.3821452 0.3985215 0.3707684 0.3957299 0.4239876 0.3707684 0.4696814 0.4696814 0.3817681 0.3817681 0.4014297 0.0000000 0.2576005 0.2667760 
22_53      0.2576005 0.4132923 0.3925322 0.4002284 0.4054599 0.4127301 0.4002284 0.4460521 0.4460521 0.3906519 0.3906519 0.4111564 0.2576005 0.0000000 0.0000010 
42_52      0.2667760 0.4295607 0.4074751 0.4154590 0.4054599 0.4297239 0.4154590 0.4629476 0.4629476 0.4054599 0.4054599 0.4268647 0.2667760 0.0000010 0.0000000 
