35
0_91       0.0000000 1.2410145 0.1680099 0.0615327 0.0649371 0.0582159 0.0789462 1.5264878 1.7220533 0.0649371 1.6104861 1.4865797 2.0365891 2.1337485 1.8735601 0.0613586 0.0613586 0.0582159 0.0582159 0.0000010 0.0649371 0.0192334 0.9336269 1.4821933 0.9339891 0.0649371 0.0000010 0.0192334 1.3431746 0.9336269 0.0649371 0.0666477 0.9336269 0.0657812 0.0694732 
1_15       1.2410145 0.0000000 1.4992489 1.2647846 1.2396377 1.2472756 1.2454633 1.5058012 1.5009391 1.2396377 1.4784442 1.4534980 1.8771827 2.2105990 1.7246301 1.2445543 1.2445543 1.2525345 1.2525345 1.2410145 1.2344239 1.2213498 1.2870000 1.3905340 1.2946502 1.2344239 1.2362156 1.2213498 0.4474966 1.2788677 1.2405535 1.2640744 1.2757004 1.2497850 1.2715115 
2_92       0.1680099 1.4992489 0.0000000 0.1461937 0.1182839 0.1479275 0.1672813 1.9257645 2.0627538 0.1182839 1.9898885 1.5761052 2.4637132 2.3285180 2.0942955 0.1623348 0.1623348 0.1415153 0.1415153 0.1680099 0.1235964 0.1579946 1.0976340 1.5963274 1.0976340 0.1235964 0.1655865 0.1579946 1.6284451 1.0976340 0.1235964 0.1235964 1.0976340 0.1182839 0.1281807 
3_97       0.0615327 1.2647846 0.1461937 0.0000000 0.0305382 0.0031061 0.0982738 1.5418001 1.7510011 0.0305382 1.6336630 1.4824024 2.0575647 2.1742227 1.9664116 0.0777587 0.0777587 0.0030135 0.0030135 0.0615327 0.0314891 0.0736585 0.9141308 1.5041272 0.9144680 0.0314891 0.0628925 0.0736585 1.3676503 0.9141308 0.0314891 0.0322903 0.9141308 0.0309101 0.0310106 
4_89       0.0649371 1.2396377 0.1182839 0.0305382 0.0000000 0.0283041 0.0953661 1.5051335 1.7595704 0.0000010 1.5846815 1.4732046 2.0509643 2.1649063 1.8916536 0.0783260 0.0783260 0.0274505 0.0274505 0.0649371 0.0000010 0.0737523 0.9188812 1.4890220 0.9192229 0.0000010 0.0662013 0.0737523 1.3319101 0.9188812 0.0000010 0.0000010 0.9188812 0.0000010 0.0061391 
5_108      0.0582159 1.2472756 0.1479275 0.0031061 0.0283041 0.0000000 0.0980405 1.5267206 1.6940310 0.0283041 1.6172940 1.4665533 2.0301685 2.1394886 1.9423119 0.0735275 0.0735275 0.0000010 0.0000010 0.0582159 0.0283041 0.0703624 0.9057710 1.4879313 0.9060990 0.0283041 0.0582159 0.0703624 1.3539074 0.9057710 0.0283041 0.0290231 0.9057710 0.0286591 0.0287553 
6_86       0.0789462 1.2454633 0.1672813 0.0982738 0.0953661 0.0980405 0.0000000 1.5104312 1.7316470 0.0953661 1.5879364 1.5451159 2.0321597 2.1547117 1.8873290 0.0716250 0.0716250 0.0949785 0.0949785 0.0789462 0.0984517 0.0812921 0.9120451 1.5316677 0.9135317 0.0984517 0.0798141 0.0812921 1.3072542 0.9120451 0.0984517 0.0942727 0.9120451 0.0933298 0.1004490 
7_90       1.5264878 1.5058012 1.9257645 1.5418001 1.5051335 1.5267206 1.5104312 0.0000000 1.2617816 1.5051335 0.3478835 1.5298164 1.5543283 2.2009438 1.4191136 1.4680534 1.4680534 1.5267206 1.5267206 1.5264878 1.5051335 1.4836276 1.4868080 1.5684364 1.5000096 1.5051335 1.5264878 1.4836276 1.6394266 1.5145993 1.5051335 1.5424466 1.5086780 1.5316609 1.5300862 
8_171      1.7220533 1.5009391 2.0627538 1.7510011 1.7595704 1.6940310 1.7316470 1.2617816 0.0000000 1.7595704 1.2313276 1.7274689 1.9038953 1.9220643 1.7616918 1.6746529 1.6746529 1.7322057 1.7322057 1.7220533 1.7216816 1.7411012 1.7607830 1.6742760 1.7607830 1.7216816 1.7328104 1.7411012 1.4395405 1.7760560 1.7329512 1.7874417 1.7871033 1.8018709 1.7921022 
9_89       0.0649371 1.2396377 0.1182839 0.0305382 0.0000010 0.0283041 0.0953661 1.5051335 1.7595704 0.0000000 1.5846815 1.4732046 2.0509643 2.1649063 1.8916536 0.0783260 0.0783260 0.0274505 0.0274505 0.0649371 0.0000010 0.0737523 0.9188812 1.4890220 0.9192229 0.0000010 0.0662013 0.0737523 1.3319101 0.9188812 0.0000010 0.0000010 0.9188812 0.0000010 0.0061391 
10_52      1.6104861 1.4784442 1.9898885 1.6336630 1.5846815 1.6172940 1.5879364 0.3478835 1.2313276 1.5846815 0.0000000 1.6114733 1.5829558 2.0023601 1.4456863 1.5472784 1.5472784 1.6172940 1.6172940 1.6104861 1.5846815 1.5618672 1.5954758 1.6787658 1.5969923 1.5846815 1.6104861 1.5618672 1.6565895 1.6179377 1.5846815 1.6313741 1.6100342 1.6156414 1.6170431 
12_89      1.4865797 1.4534980 1.5761052 1.4824024 1.4732046 1.4665533 1.5451159 1.5298164 1.7274689 1.4732046 1.6114733 0.0000000 1.8388758 2.5665442 1.8756044 1.4926734 1.4926734 1.4665533 1.4665533 1.4865797 1.4732046 1.4792283 1.4969124 0.6213872 1.4969124 1.4732046 1.4865797 1.4792283 1.3677679 1.5107458 1.4732046 1.5055875 1.5241806 1.4847752 1.4891851 
13_49      2.0365891 1.8771827 2.4637132 2.0575647 2.0509643 2.0301685 2.0321597 1.5543283 1.9038953 2.0509643 1.5829558 1.8388758 0.0000000 2.5567913 1.8392496 2.0059981 2.0059981 2.0301685 2.0301685 2.0365891 2.0509643 2.0484895 1.9725706 2.0040571 1.9725706 2.0509643 2.0365891 2.0484895 2.0021257 1.9725706 2.0509643 2.0788030 1.9725706 2.0430121 2.0376581 
13_233     2.1337485 2.2105990 2.3285180 2.1742227 2.1649063 2.1394886 2.1547117 2.2009438 1.9220643 2.1649063 2.0023601 2.5665442 2.5567913 0.0000000 2.1816010 2.1315205 2.1315205 2.1433846 2.1433846 2.1337485 2.1614834 2.2055045 2.1745028 2.3221155 2.1745028 2.1614834 2.1278998 2.2055045 2.2786896 2.1745028 2.1448744 2.1198532 2.1745028 2.1195236 2.1247624 
14_173     1.8735601 1.7246301 2.0942955 1.9664116 1.8916536 1.9423119 1.8873290 1.4191136 1.7616918 1.8916536 1.4456863 1.8756044 1.8392496 2.1816010 0.0000000 1.9575843 1.9575843 1.9423119 1.9423119 1.8735601 1.8916536 1.9005580 1.6462382 1.9136684 1.6462382 1.8916536 1.8735601 1.9005580 1.8837574 1.6462382 1.8916536 1.8916536 1.6462382 1.8916536 1.8874239 
15_86      0.0613586 1.2445543 0.1623348 0.0777587 0.0783260 0.0735275 0.0716250 1.4680534 1.6746529 0.0783260 1.5472784 1.4926734 2.0059981 2.1315205 1.9575843 0.0000000 0.0000010 0.0745545 0.0745545 0.0613586 0.0774005 0.0603829 0.9180063 1.4716697 0.9183446 0.0774005 0.0660179 0.0603829 1.3300218 0.9180063 0.0774005 0.0727735 0.9180063 0.0761280 0.0763751 
16_86      0.0613586 1.2445543 0.1623348 0.0777587 0.0783260 0.0735275 0.0716250 1.4680534 1.6746529 0.0783260 1.5472784 1.4926734 2.0059981 2.1315205 1.9575843 0.0000010 0.0000000 0.0745545 0.0745545 0.0613586 0.0774005 0.0603829 0.9180063 1.4716697 0.9183446 0.0774005 0.0660179 0.0603829 1.3300218 0.9180063 0.0774005 0.0727735 0.9180063 0.0761280 0.0763751 
17_89      0.0582159 1.2525345 0.1415153 0.0030135 0.0274505 0.0000010 0.0949785 1.5267206 1.7322057 0.0274505 1.6172940 1.4665533 2.0301685 2.1433846 1.9423119 0.0745545 0.0745545 0.0000000 0.0000010 0.0582159 0.0283041 0.0703624 0.9057710 1.4879313 0.9060990 0.0283041 0.0596698 0.0703624 1.3539074 0.9057710 0.0283041 0.0290231 0.9057710 0.0277842 0.0278747 
18_86      0.0582159 1.2525345 0.1415153 0.0030135 0.0274505 0.0000010 0.0949785 1.5267206 1.7322057 0.0274505 1.6172940 1.4665533 2.0301685 2.1433846 1.9423119 0.0745545 0.0745545 0.0000010 0.0000000 0.0582159 0.0283041 0.0703624 0.9057710 1.4879313 0.9060990 0.0283041 0.0596698 0.0703624 1.3539074 0.9057710 0.0283041 0.0290231 0.9057710 0.0277842 0.0278747 
20_88      0.0000010 1.2410145 0.1680099 0.0615327 0.0649371 0.0582159 0.0789462 1.5264878 1.7220533 0.0649371 1.6104861 1.4865797 2.0365891 2.1337485 1.8735601 0.0613586 0.0613586 0.0582159 0.0582159 0.0000000 0.0649371 0.0192334 0.9336269 1.4821933 0.9339891 0.0649371 0.0000010 0.0192334 1.3431746 0.9336269 0.0649371 0.0666477 0.9336269 0.0657812 0.0694732 
21_87      0.0649371 1.2344239 0.1235964 0.0314891 0.0000010 0.0283041 0.0984517 1.5051335 1.7216816 0.0000010 1.5846815 1.4732046 2.0509643 2.1614834 1.8916536 0.0774005 0.0774005 0.0283041 0.0283041 0.0649371 0.0000000 0.0737523 0.9188812 1.4890220 0.9192229 0.0000010 0.0649371 0.0737523 1.3319101 0.9188812 0.0000010 0.0000010 0.9188812 0.0000010 0.0063313 
22_91      0.0192334 1.2213498 0.1579946 0.0736585 0.0737523 0.0703624 0.0812921 1.4836276 1.7411012 0.0737523 1.5618672 1.4792283 2.0484895 2.2055045 1.9005580 0.0603829 0.0603829 0.0703624 0.0703624 0.0192334 0.0737523 0.0000000 0.9324314 1.4826487 0.9327840 0.0737523 0.0192334 0.0000010 1.3102118 0.9324314 0.0737523 0.0688418 0.9324314 0.0712247 0.0782415 
23_51      0.9336269 1.2870000 1.0976340 0.9141308 0.9188812 0.9057710 0.9120451 1.4868080 1.7607830 0.9188812 1.5954758 1.4969124 1.9725706 2.1745028 1.6462382 0.9180063 0.9180063 0.9057710 0.9057710 0.9336269 0.9188812 0.9324314 0.0000000 1.6700148 0.0028624 0.9188812 0.9336269 0.9324314 1.2853410 0.0000010 0.9188812 0.9291862 0.0000010 0.9300082 0.9300122 
24_26      1.4821933 1.3905340 1.5963274 1.5041272 1.4890220 1.4879313 1.5316677 1.5684364 1.6742760 1.4890220 1.6787658 0.6213872 2.0040571 2.3221155 1.9136684 1.4716697 1.4716697 1.4879313 1.4879313 1.4821933 1.4890220 1.4826487 1.6700148 0.0000000 1.6700148 1.4890220 1.4821933 1.4826487 1.4308612 1.6913762 1.4831336 1.4824351 1.7057458 1.4885816 1.5128040 
25_52      0.9339891 1.2946502 1.0976340 0.9144680 0.9192229 0.9060990 0.9135317 1.5000096 1.7607830 0.9192229 1.5969923 1.4969124 1.9725706 2.1745028 1.6462382 0.9183446 0.9183446 0.9060990 0.9060990 0.9339891 0.9192229 0.9327840 0.0028624 1.6700148 0.0000000 0.9192229 0.9339891 0.9327840 1.2975219 0.0028624 0.9192229 0.9295493 0.0028624 0.9303670 0.9303713 
26_115     0.0649371 1.2344239 0.1235964 0.0314891 0.0000010 0.0283041 0.0984517 1.5051335 1.7216816 0.0000010 1.5846815 1.4732046 2.0509643 2.1614834 1.8916536 0.0774005 0.0774005 0.0283041 0.0283041 0.0649371 0.0000010 0.0737523 0.9188812 1.4890220 0.9192229 0.0000000 0.0649371 0.0737523 1.3319101 0.9188812 0.0000010 0.0000010 0.9188812 0.0000010 0.0063313 
27_92      0.0000010 1.2362156 0.1655865 0.0628925 0.0662013 0.0582159 0.0798141 1.5264878 1.7328104 0.0662013 1.6104861 1.4865797 2.0365891 2.1278998 1.8735601 0.0660179 0.0660179 0.0596698 0.0596698 0.0000010 0.0649371 0.0192334 0.9336269 1.4821933 0.9339891 0.0649371 0.0000000 0.0192334 1.3431746 0.9336269 0.0649371 0.0666477 0.9336269 0.0670366 0.0706265 
28_93      0.0192334 1.2213498 0.1579946 0.0736585 0.0737523 0.0703624 0.0812921 1.4836276 1.7411012 0.0737523 1.5618672 1.4792283 2.0484895 2.2055045 1.9005580 0.0603829 0.0603829 0.0703624 0.0703624 0.0192334 0.0737523 0.0000010 0.9324314 1.4826487 0.9327840 0.0737523 0.0192334 0.0000000 1.3102118 0.9324314 0.0737523 0.0688418 0.9324314 0.0712247 0.0782415 
30_1       1.3431746 0.4474966 1.6284451 1.3676503 1.3319101 1.3539074 1.3072542 1.6394266 1.4395405 1.3319101 1.6565895 1.3677679 2.0021257 2.2786896 1.8837574 1.3300218 1.3300218 1.3539074 1.3539074 1.3431746 1.3319101 1.3102118 1.2853410 1.4308612 1.2975219 1.3319101 1.3431746 1.3102118 0.0000000 1.2771591 1.3390449 1.3701610 1.2887628 1.3534326 1.3707555 
31_31      0.9336269 1.2788677 1.0976340 0.9141308 0.9188812 0.9057710 0.9120451 1.5145993 1.7760560 0.9188812 1.6179377 1.5107458 1.9725706 2.1745028 1.6462382 0.9180063 0.9180063 0.9057710 0.9057710 0.9336269 0.9188812 0.9324314 0.0000010 1.6913762 0.0028624 0.9188812 0.9336269 0.9324314 1.2771591 0.0000000 0.9188812 0.9291862 0.0000010 0.9300082 0.9300122 
32_108     0.0649371 1.2405535 0.1235964 0.0314891 0.0000010 0.0283041 0.0984517 1.5051335 1.7329512 0.0000010 1.5846815 1.4732046 2.0509643 2.1448744 1.8916536 0.0774005 0.0774005 0.0283041 0.0283041 0.0649371 0.0000010 0.0737523 0.9188812 1.4831336 0.9192229 0.0000010 0.0649371 0.0737523 1.3390449 0.9188812 0.0000000 0.0000010 0.9188812 0.0000010 0.0063313 
33_109     0.0666477 1.2640744 0.1235964 0.0322903 0.0000010 0.0290231 0.0942727 1.5424466 1.7874417 0.0000010 1.6313741 1.5055875 2.0788030 2.1198532 1.8916536 0.0727735 0.0727735 0.0290231 0.0290231 0.0666477 0.0000010 0.0688418 0.9291862 1.4824351 0.9295493 0.0000010 0.0666477 0.0688418 1.3701610 0.9291862 0.0000010 0.0000000 0.9291862 0.0000010 0.0064111 
38_82      0.9336269 1.2757004 1.0976340 0.9141308 0.9188812 0.9057710 0.9120451 1.5086780 1.7871033 0.9188812 1.6100342 1.5241806 1.9725706 2.1745028 1.6462382 0.9180063 0.9180063 0.9057710 0.9057710 0.9336269 0.9188812 0.9324314 0.0000010 1.7057458 0.0028624 0.9188812 0.9336269 0.9324314 1.2887628 0.0000010 0.9188812 0.9291862 0.0000000 0.9300082 0.9300122 
40_88      0.0657812 1.2497850 0.1182839 0.0309101 0.0000010 0.0286591 0.0933298 1.5316609 1.8018709 0.0000010 1.6156414 1.4847752 2.0430121 2.1195236 1.8916536 0.0761280 0.0761280 0.0277842 0.0277842 0.0657812 0.0000010 0.0712247 0.9300082 1.4885816 0.9303670 0.0000010 0.0670366 0.0712247 1.3534326 0.9300082 0.0000010 0.0000010 0.9300082 0.0000000 0.0061391 
41_90      0.0694732 1.2715115 0.1281807 0.0310106 0.0061391 0.0287553 0.1004490 1.5300862 1.7921022 0.0061391 1.6170431 1.4891851 2.0376581 2.1247624 1.8874239 0.0763751 0.0763751 0.0278747 0.0278747 0.0694732 0.0063313 0.0782415 0.9300122 1.5128040 0.9303713 0.0063313 0.0706265 0.0782415 1.3707555 0.9300122 0.0063313 0.0064111 0.9300122 0.0061391 0.0000000 
