26
0_87       0.0000000 1.7176823 0.0916714 0.0910691 0.0916714 0.0461766 0.1260744 1.8311349 2.3444430 1.7313580 1.5133798 1.8742704 1.3213983 0.1081584 0.1081584 0.0838366 0.0838366 0.0000010 0.0130459 0.8630984 1.2700979 0.8630984 0.0130459 1.5481467 0.1251401 0.0911236 
1_85       1.7176823 0.0000000 1.7390117 1.6767373 1.7390117 1.7518657 1.7172800 1.6752417 2.1269291 1.9735942 1.6549083 2.0750913 1.6212289 1.7172800 1.7172800 1.7164124 1.7164124 1.7176823 1.7176823 1.6511296 1.3996294 1.6511296 1.7176823 0.7792758 1.7172800 1.7403648 
2_87       0.0916714 1.7390117 0.0000000 0.0260597 0.0000010 0.0151710 0.1181963 1.8969053 2.3386227 1.8191069 1.6217411 1.8017887 1.3045038 0.1270963 0.1270963 0.0194975 0.0194975 0.0916714 0.0907975 0.8496945 1.3839218 0.8496945 0.0907975 1.5457979 0.1100534 0.0260809 
3_93       0.0910691 1.6767373 0.0260597 0.0000000 0.0260597 0.0075243 0.1170556 1.8594009 2.3902942 1.8243896 1.5957286 1.8174199 1.3130969 0.1258857 0.1258857 0.0064384 0.0064384 0.0910691 0.0902065 0.8191342 1.3517767 0.8191342 0.0902065 1.5561362 0.1089749 0.0129192 
4_85       0.0916714 1.7390117 0.0000010 0.0260597 0.0000000 0.0151710 0.1181963 1.8969053 2.3386227 1.8191069 1.6217411 1.8017887 1.3045038 0.1270963 0.1270963 0.0194975 0.0194975 0.0916714 0.0907975 0.8496945 1.3839218 0.8496945 0.0907975 1.5457979 0.1100534 0.0260809 
5_113      0.0461766 1.7518657 0.0151710 0.0075243 0.0151710 0.0000000 0.0389419 1.7380867 2.0348496 1.6267951 1.5984469 1.5905323 1.0890343 0.0388685 0.0388685 0.0000010 0.0000010 0.0461766 0.0461766 0.8379290 1.3218383 0.8379290 0.0461766 1.5664169 0.0309308 0.0075319 
6_82       0.1260744 1.7172800 0.1181963 0.1170556 0.1181963 0.0389419 0.0000000 1.9609982 2.3202370 1.9589972 1.6575415 1.7907369 1.2452609 0.0133069 0.0133069 0.1094315 0.1094315 0.1260744 0.1089824 0.8738370 1.4086264 0.8738370 0.1089824 1.5426570 0.0065329 0.1171150 
7_162      1.8311349 1.6752417 1.8969053 1.8594009 1.8969053 1.7380867 1.9609982 0.0000000 1.4057898 0.3967732 1.8409633 2.3338442 1.3145292 2.0148656 2.0148656 1.8390356 1.8390356 1.8311349 1.7931678 1.5064102 1.7576340 1.5064102 1.7931678 2.3163017 1.9774955 1.8598472 
8_196      2.3444430 2.1269291 2.3386227 2.3902942 2.3386227 2.0348496 2.3202370 1.4057898 0.0000000 1.5524513 2.1248928 2.5130341 1.6508078 2.3206519 2.3206519 2.3561505 2.3561505 2.3444430 2.3936786 1.8811711 2.2448927 1.8811711 2.3936786 2.2078855 2.3202370 2.3790827 
10_11      1.7313580 1.9735942 1.8191069 1.8243896 1.8191069 1.6267951 1.9589972 0.3967732 1.5524513 0.0000000 1.9928188 2.4806513 1.5712801 1.9744234 1.9744234 1.8047837 1.8047837 1.7313580 1.7350951 1.7541392 2.1130975 1.7541392 1.7350951 2.2357117 1.9753409 1.8250900 
12_8       1.5133798 1.6549083 1.6217411 1.5957286 1.6217411 1.5984469 1.6575415 1.8409633 2.1248928 1.9928188 0.0000000 2.6303298 1.4578830 1.6575415 1.6575415 1.6237831 1.6237831 1.5133798 1.5133798 1.9070835 0.6066901 1.9070835 1.5133798 2.0606643 1.6575415 1.6440102 
13_191     1.8742704 2.0750913 1.8017887 1.8174199 1.8017887 1.5905323 1.7907369 2.3338442 2.5130341 2.4806513 2.6303298 0.0000000 1.6788416 1.7762416 1.7762416 1.8018934 1.8018934 1.8742704 1.8842589 1.9625498 2.0690673 1.9625498 1.8842589 2.2962325 1.7345412 1.8245228 
14_105     1.3213983 1.6212289 1.3045038 1.3130969 1.3045038 1.0890343 1.2452609 1.3145292 1.6508078 1.5712801 1.4578830 1.6788416 0.0000000 1.2717125 1.2717125 1.3007747 1.3007747 1.3213983 1.2697772 1.2457983 1.4913801 1.2457983 1.2697772 1.9604164 1.2527055 1.3170180 
15_82      0.1081584 1.7172800 0.1270963 0.1258857 0.1270963 0.0388685 0.0133069 2.0148656 2.3206519 1.9744234 1.6575415 1.7762416 1.2717125 0.0000000 0.0000010 0.1181440 0.1181440 0.1081584 0.1086445 0.8637401 1.4086264 0.8637401 0.1086445 1.5426570 0.0132125 0.1259454 
16_82      0.1081584 1.7172800 0.1270963 0.1258857 0.1270963 0.0388685 0.0133069 2.0148656 2.3206519 1.9744234 1.6575415 1.7762416 1.2717125 0.0000010 0.0000000 0.1181440 0.1181440 0.1081584 0.1086445 0.8637401 1.4086264 0.8637401 0.1086445 1.5426570 0.0132125 0.1259454 
17_85      0.0838366 1.7164124 0.0194975 0.0064384 0.0194975 0.0000010 0.1094315 1.8390356 2.3561505 1.8047837 1.6237831 1.8018934 1.3007747 0.1181440 0.1181440 0.0000000 0.0000010 0.0838366 0.0830436 0.8379290 1.3771861 0.8379290 0.0830436 1.5355983 0.1014311 0.0064440 
18_82      0.0838366 1.7164124 0.0194975 0.0064384 0.0194975 0.0000010 0.1094315 1.8390356 2.3561505 1.8047837 1.6237831 1.8018934 1.3007747 0.1181440 0.1181440 0.0000010 0.0000000 0.0838366 0.0830436 0.8379290 1.3771861 0.8379290 0.0830436 1.5355983 0.1014311 0.0064440 
20_84      0.0000010 1.7176823 0.0916714 0.0910691 0.0916714 0.0461766 0.1260744 1.8311349 2.3444430 1.7313580 1.5133798 1.8742704 1.3213983 0.1081584 0.1081584 0.0838366 0.0838366 0.0000000 0.0130459 0.8630984 1.2700979 0.8630984 0.0130459 1.5481467 0.1251401 0.0911236 
22_87      0.0130459 1.7176823 0.0907975 0.0902065 0.0907975 0.0461766 0.1089824 1.7931678 2.3936786 1.7350951 1.5133798 1.8842589 1.2697772 0.1086445 0.1086445 0.0830436 0.0830436 0.0130459 0.0000000 0.8630984 1.2700979 0.8630984 0.0000010 1.5481467 0.1081838 0.0902602 
23_45      0.8630984 1.6511296 0.8496945 0.8191342 0.8496945 0.8379290 0.8738370 1.5064102 1.8811711 1.7541392 1.9070835 1.9625498 1.2457983 0.8637401 0.8637401 0.8379290 0.8379290 0.8630984 0.8630984 0.0000000 1.5871320 0.0000010 0.8630984 2.2425065 0.8726978 0.8533602 
24_96      1.2700979 1.3996294 1.3839218 1.3517767 1.3839218 1.3218383 1.4086264 1.7576340 2.2448927 2.1130975 0.6066901 2.0690673 1.4913801 1.4086264 1.4086264 1.3771861 1.3771861 1.2700979 1.2700979 1.5871320 0.0000000 1.5871320 1.2700979 1.6797469 1.4086264 1.3965295 
25_46      0.8630984 1.6511296 0.8496945 0.8191342 0.8496945 0.8379290 0.8738370 1.5064102 1.8811711 1.7541392 1.9070835 1.9625498 1.2457983 0.8637401 0.8637401 0.8379290 0.8379290 0.8630984 0.8630984 0.0000010 1.5871320 0.0000000 0.8630984 2.2425065 0.8726978 0.8533602 
28_89      0.0130459 1.7176823 0.0907975 0.0902065 0.0907975 0.0461766 0.1089824 1.7931678 2.3936786 1.7350951 1.5133798 1.8842589 1.2697772 0.1086445 0.1086445 0.0830436 0.0830436 0.0130459 0.0000010 0.8630984 1.2700979 0.8630984 0.0000000 1.5481467 0.1081838 0.0902602 
30_93      1.5481467 0.7792758 1.5457979 1.5561362 1.5457979 1.5664169 1.5426570 2.3163017 2.2078855 2.2357117 2.0606643 2.2962325 1.9604164 1.5426570 1.5426570 1.5355983 1.5355983 1.5481467 1.5481467 2.2425065 1.6797469 2.2425065 1.5481467 0.0000000 1.5426570 1.5579212 
33_113     0.1251401 1.7172800 0.1100534 0.1089749 0.1100534 0.0309308 0.0065329 1.9774955 2.3202370 1.9753409 1.6575415 1.7345412 1.2527055 0.0132125 0.0132125 0.1014311 0.1014311 0.1251401 0.1081838 0.8726978 1.4086264 0.8726978 0.1081838 1.5426570 0.0000000 0.1090338 
43_82      0.0911236 1.7403648 0.0260809 0.0129192 0.0260809 0.0075319 0.1171150 1.8598472 2.3790827 1.8250900 1.6440102 1.8245228 1.3170180 0.1259454 0.1259454 0.0064440 0.0064440 0.0911236 0.0902602 0.8533602 1.3965295 0.8533602 0.0902602 1.5579212 0.1090338 0.0000000 
