19
0_89       0.0000000 2.4219563 0.0292588 0.0443923 0.0368337 0.0443923 0.0678372 0.0368337 2.6819198 0.0847545 0.0847545 0.0000010 0.0219281 1.4145237 2.5982604 1.4145237 0.0219281 2.3035550 0.0219281 
1_21       2.4219563 0.0000000 2.5444980 2.4113429 2.4440750 2.4113429 2.5721033 2.4440750 1.7452902 2.5337787 2.5337787 2.4219563 2.4552961 2.5995090 1.8773072 2.5995090 2.4552961 0.9005777 2.5269341 
2_89       0.0292588 2.5444980 0.0000000 0.0145267 0.0072316 0.0145267 0.0369972 0.0072316 2.7022644 0.0529495 0.0529495 0.0292588 0.0367105 1.3836770 2.6754288 1.3836770 0.0367105 2.2922500 0.0434501 
3_95       0.0443923 2.4113429 0.0145267 0.0000000 0.0072029 0.0000010 0.0368464 0.0072029 2.5322726 0.0527282 0.0527282 0.0443923 0.0519878 1.3942953 2.5070412 1.3942953 0.0519878 2.3446772 0.0519878 
4_87       0.0368337 2.4440750 0.0072316 0.0072029 0.0000000 0.0072029 0.0293475 0.0000010 2.5674126 0.0449958 0.0449958 0.0368337 0.0443678 1.4143721 2.5421233 1.4143721 0.0443678 2.3758130 0.0443678 
5_111      0.0443923 2.4113429 0.0145267 0.0000010 0.0072029 0.0000000 0.0368464 0.0072029 2.5322726 0.0527282 0.0527282 0.0443923 0.0519878 1.3942953 2.5070412 1.3942953 0.0519878 2.3446772 0.0519878 
6_84       0.0678372 2.5721033 0.0369972 0.0368464 0.0293475 0.0368464 0.0000000 0.0293475 2.6666130 0.0296781 0.0296781 0.0678372 0.0534059 1.4092576 2.6411420 1.4092576 0.0534059 2.4532028 0.0534059 
9_87       0.0368337 2.4440750 0.0072316 0.0072029 0.0000010 0.0072029 0.0293475 0.0000000 2.5674126 0.0449958 0.0449958 0.0368337 0.0443678 1.4143721 2.5421233 1.4143721 0.0443678 2.3758130 0.0443678 
12_57      2.6819198 1.7452902 2.7022644 2.5322726 2.5674126 2.5322726 2.6666130 2.5674126 0.0000000 2.6519578 2.6519578 2.6819198 2.7204838 2.8641445 0.4214701 2.8641445 2.7204838 2.1830927 2.7622184 
15_84      0.0847545 2.5337787 0.0529495 0.0527282 0.0449958 0.0527282 0.0296781 0.0449958 2.6519578 0.0000000 0.0000010 0.0847545 0.0865259 1.4741876 2.5839914 1.4741876 0.0865259 2.3940814 0.0865259 
16_84      0.0847545 2.5337787 0.0529495 0.0527282 0.0449958 0.0527282 0.0296781 0.0449958 2.6519578 0.0000010 0.0000000 0.0847545 0.0865259 1.4741876 2.5839914 1.4741876 0.0865259 2.3940814 0.0865259 
20_86      0.0000010 2.4219563 0.0292588 0.0443923 0.0368337 0.0443923 0.0678372 0.0368337 2.6819198 0.0847545 0.0847545 0.0000000 0.0219281 1.4145237 2.5982604 1.4145237 0.0219281 2.3035550 0.0219281 
22_89      0.0219281 2.4552961 0.0367105 0.0519878 0.0443678 0.0519878 0.0534059 0.0443678 2.7204838 0.0865259 0.0865259 0.0219281 0.0000000 1.4331942 2.6357358 1.4331942 0.0000010 2.2985651 0.0000010 
23_48      1.4145237 2.5995090 1.3836770 1.3942953 1.4143721 1.3942953 1.4092576 1.4143721 2.8641445 1.4741876 1.4741876 1.4145237 1.4331942 0.0000000 2.7449133 0.0000010 1.4331942 2.6524017 1.4026139 
24_36      2.5982604 1.8773072 2.6754288 2.5070412 2.5421233 2.5070412 2.6411420 2.5421233 0.4214701 2.5839914 2.5839914 2.5982604 2.6357358 2.7449133 0.0000000 2.7449133 2.6357358 2.1378335 2.6978499 
25_49      1.4145237 2.5995090 1.3836770 1.3942953 1.4143721 1.3942953 1.4092576 1.4143721 2.8641445 1.4741876 1.4741876 1.4145237 1.4331942 0.0000010 2.7449133 0.0000000 1.4331942 2.6524017 1.4026139 
28_91      0.0219281 2.4552961 0.0367105 0.0519878 0.0443678 0.0519878 0.0534059 0.0443678 2.7204838 0.0865259 0.0865259 0.0219281 0.0000010 1.4331942 2.6357358 1.4331942 0.0000000 2.2985651 0.0000010 
30_48      2.3035550 0.9005777 2.2922500 2.3446772 2.3758130 2.3446772 2.4532028 2.3758130 2.1830927 2.3940814 2.3940814 2.3035550 2.2985651 2.6524017 2.1378335 2.6524017 2.2985651 0.0000000 2.3349768 
42_88      0.0219281 2.5269341 0.0434501 0.0519878 0.0443678 0.0519878 0.0534059 0.0443678 2.7622184 0.0865259 0.0865259 0.0219281 0.0000010 1.4026139 2.6978499 1.4026139 0.0000010 2.3349768 0.0000000 
