14
0_10       0.0000000 0.0805988 0.0805006 0.0670010 0.0398845 0.0667857 0.0667857 0.0670010 0.0000010 1.1155692 1.1155692 0.0805988 0.0398845 0.0807557 
2_9        0.0805988 0.0000000 0.0262308 0.0131021 0.0537114 0.0533635 0.0533635 0.0131021 0.0805988 1.1104293 1.1104293 0.0000010 0.0537114 0.0263130 
3_10       0.0805006 0.0262308 0.0000000 0.0130833 0.0536404 0.0532934 0.0532934 0.0130833 0.0805006 1.1430351 1.1430351 0.0262308 0.0536404 0.0262763 
5_63       0.0670010 0.0131021 0.0130833 0.0000000 0.0401834 0.0399256 0.0399256 0.0000010 0.0670010 1.1122560 1.1122560 0.0131021 0.0401834 0.0131243 
6_10       0.0398845 0.0537114 0.0536404 0.0401834 0.0000000 0.0397415 0.0397415 0.0401834 0.0398845 1.1359532 1.1359532 0.0537114 0.0000010 0.0538113 
15_11      0.0667857 0.0533635 0.0532934 0.0399256 0.0397415 0.0000000 0.0000010 0.0399256 0.0667857 1.1422847 1.1422847 0.0533635 0.0397415 0.0534620 
16_11      0.0667857 0.0533635 0.0532934 0.0399256 0.0397415 0.0000010 0.0000000 0.0399256 0.0667857 1.1422847 1.1422847 0.0533635 0.0397415 0.0534620 
17_10      0.0670010 0.0131021 0.0130833 0.0000010 0.0401834 0.0399256 0.0399256 0.0000000 0.0670010 1.1122560 1.1122560 0.0131021 0.0401834 0.0131243 
20_10      0.0000010 0.0805988 0.0805006 0.0670010 0.0398845 0.0667857 0.0667857 0.0670010 0.0000000 1.1155692 1.1155692 0.0805988 0.0398845 0.0807557 
23_83      1.1155692 1.1104293 1.1430351 1.1122560 1.1359532 1.1422847 1.1422847 1.1122560 1.1155692 0.0000000 0.0000010 1.1104293 1.1359532 1.1171044 
25_84      1.1155692 1.1104293 1.1430351 1.1122560 1.1359532 1.1422847 1.1422847 1.1122560 1.1155692 0.0000010 0.0000000 1.1104293 1.1359532 1.1171044 
29_10      0.0805988 0.0000010 0.0262308 0.0131021 0.0537114 0.0533635 0.0533635 0.0131021 0.0805988 1.1104293 1.1104293 0.0000000 0.0537114 0.0263130 
33_64      0.0398845 0.0537114 0.0536404 0.0401834 0.0000010 0.0397415 0.0397415 0.0401834 0.0398845 1.1359532 1.1359532 0.0537114 0.0000000 0.0538113 
43_10      0.0807557 0.0263130 0.0262763 0.0131243 0.0538113 0.0534620 0.0534620 0.0131243 0.0807557 1.1171044 1.1171044 0.0263130 0.0538113 0.0000000 
