21
0_41       0.0000000 0.2270563 0.3265850 0.2324922 0.2743575 0.3436286 0.2431801 0.2324922 0.3331872 0.3331872 0.2743575 0.0049804 0.0049696 0.2433274 0.0000010 0.0049816 0.3404169 0.3404169 0.2378008 0.2378008 0.3279011 
2_41       0.2270563 0.0000000 0.2703279 0.0049304 0.1658409 0.2971673 0.0148995 0.0049304 0.3028385 0.3028385 0.1658409 0.2332362 0.2326334 0.0148486 0.2270563 0.2333420 0.2799228 0.2799228 0.0098912 0.0098912 0.2739140 
3_44       0.3265850 0.2703279 0.0000000 0.2757259 0.2365693 0.0506594 0.2881523 0.2757259 0.1659532 0.1659532 0.2365693 0.3334493 0.3325119 0.2875264 0.3265850 0.3336487 0.0098979 0.0098979 0.2820827 0.2820827 0.0100072 
4_39       0.2324922 0.0049304 0.2757259 0.0000000 0.1711840 0.3025671 0.0099236 0.0000010 0.3081845 0.3081845 0.1711840 0.2386752 0.2380588 0.0098899 0.2324922 0.2387845 0.2853612 0.2853612 0.0049409 0.0049409 0.2793725 
5_33       0.2743575 0.1658409 0.2365693 0.1711840 0.0000000 0.3024961 0.1832202 0.1711840 0.3191765 0.3191765 0.0000010 0.2809191 0.2801556 0.1824275 0.2743575 0.2810659 0.2494049 0.2494049 0.1770543 0.1770543 0.2240889 
6_40       0.3436286 0.2971673 0.0506594 0.3025671 0.3024961 0.0000000 0.3156155 0.3025671 0.1085833 0.1085833 0.3024961 0.3505119 0.3495275 0.3145042 0.3436286 0.3507282 0.0402769 0.0402769 0.3090539 0.3090539 0.0618094 
9_39       0.2431801 0.0148995 0.2881523 0.0099236 0.1832202 0.3156155 0.0000000 0.0099236 0.3212289 0.3212289 0.1832202 0.2495627 0.2488988 0.0099187 0.2431801 0.2496830 0.2981023 0.2981023 0.0049552 0.0049552 0.2920210 
11_39      0.2324922 0.0049304 0.2757259 0.0000010 0.1711840 0.3025671 0.0099236 0.0000000 0.3081845 0.3081845 0.1711840 0.2386752 0.2380588 0.0098899 0.2324922 0.2387845 0.2853612 0.2853612 0.0049409 0.0049409 0.2793725 
15_41      0.3331872 0.3028385 0.1659532 0.3081845 0.3191765 0.1085833 0.3212289 0.3081845 0.0000000 0.0000010 0.3191765 0.3400647 0.3391082 0.3200290 0.3331872 0.3402708 0.1542549 0.1542549 0.3146332 0.3146332 0.1735879 
16_41      0.3331872 0.3028385 0.1659532 0.3081845 0.3191765 0.1085833 0.3212289 0.3081845 0.0000010 0.0000000 0.3191765 0.3400647 0.3391082 0.3200290 0.3331872 0.3402708 0.1542549 0.1542549 0.3146332 0.3146332 0.1735879 
17_43      0.2743575 0.1658409 0.2365693 0.1711840 0.0000010 0.3024961 0.1832202 0.1711840 0.3191765 0.3191765 0.0000000 0.2809191 0.2801556 0.1824275 0.2743575 0.2810659 0.2494049 0.2494049 0.1770543 0.1770543 0.2240889 
20_39      0.0049804 0.2332362 0.3334493 0.2386752 0.2809191 0.3505119 0.2495627 0.2386752 0.3400647 0.3400647 0.2809191 0.0000000 0.0099694 0.2495999 0.0049804 0.0099936 0.3473425 0.3473425 0.2440696 0.2440696 0.3347971 
22_42      0.0049696 0.2326334 0.3325119 0.2380588 0.2801556 0.3495275 0.2488988 0.2380588 0.3391082 0.3391082 0.2801556 0.0099694 0.0000000 0.2489473 0.0049696 0.0099719 0.3463603 0.3463603 0.2434312 0.2434312 0.3338518 
26_64      0.2433274 0.0148486 0.2875264 0.0098899 0.1824275 0.3145042 0.0099187 0.0098899 0.3200290 0.3200290 0.1824275 0.2495999 0.2489473 0.0000000 0.2433274 0.2497181 0.2972964 0.2972964 0.0049385 0.0049385 0.2913204 
27_42      0.0000010 0.2270563 0.3265850 0.2324922 0.2743575 0.3436286 0.2431801 0.2324922 0.3331872 0.3331872 0.2743575 0.0049804 0.0049696 0.2433274 0.0000000 0.0049816 0.3404169 0.3404169 0.2378008 0.2378008 0.3279011 
28_42      0.0049816 0.2333420 0.3336487 0.2387845 0.2810659 0.3507282 0.2496830 0.2387845 0.3402708 0.3402708 0.2810659 0.0099936 0.0099719 0.2497181 0.0049816 0.0000000 0.3475571 0.3475571 0.2441840 0.2441840 0.3349987 
29_43      0.3404169 0.2799228 0.0098979 0.2853612 0.2494049 0.0402769 0.2981023 0.2853612 0.1542549 0.1542549 0.2494049 0.3473425 0.3463603 0.2972964 0.3404169 0.3475571 0.0000000 0.0000010 0.2918106 0.2918106 0.0201211 
32_35      0.3404169 0.2799228 0.0098979 0.2853612 0.2494049 0.0402769 0.2981023 0.2853612 0.1542549 0.1542549 0.2494049 0.3473425 0.3463603 0.2972964 0.3404169 0.3475571 0.0000010 0.0000000 0.2918106 0.2918106 0.0201211 
33_35      0.2378008 0.0098912 0.2820827 0.0049409 0.1770543 0.3090539 0.0049552 0.0049409 0.3146332 0.3146332 0.1770543 0.2440696 0.2434312 0.0049385 0.2378008 0.2441840 0.2918106 0.2918106 0.0000000 0.0000010 0.2858169 
39_39      0.2378008 0.0098912 0.2820827 0.0049409 0.1770543 0.3090539 0.0049552 0.0049409 0.3146332 0.3146332 0.1770543 0.2440696 0.2434312 0.0049385 0.2378008 0.2441840 0.2918106 0.2918106 0.0000010 0.0000000 0.2858169 
43_40      0.3279011 0.2739140 0.0100072 0.2793725 0.2240889 0.0618094 0.2920210 0.2793725 0.1735879 0.1735879 0.2240889 0.3347971 0.3338518 0.2913204 0.3279011 0.3349987 0.0201211 0.0201211 0.2858169 0.2858169 0.0000000 
