22
0_4        0.0000000 2.6228318 0.0377000 0.0330313 0.0377000 0.0330313 0.0636837 4.2509548 2.9889514 4.2910629 2.3809228 3.6662373 3.7285639 0.0561795 0.0561795 0.0000010 0.0214046 1.1629040 2.6324694 1.1629040 2.9501574 0.0214046 
1_53       2.6228318 0.0000000 2.6161911 2.6028345 2.6161911 2.6028345 2.6744351 4.4823710 3.5525507 4.7968544 2.7232246 4.3135836 3.9634187 2.7136220 2.7136220 2.6228318 2.6483308 2.6659087 2.9235260 2.6659087 1.4142466 2.6483308 
2_3        0.0377000 2.6161911 0.0000000 0.0103725 0.0000010 0.0103725 0.0512572 3.9564745 2.9345183 4.1907407 2.4240381 3.5816113 3.7685608 0.0441419 0.0441419 0.0377000 0.0270074 1.1543619 2.5655969 1.1543619 2.9595106 0.0270074 
3_4        0.0330313 2.6028345 0.0103725 0.0000000 0.0103725 0.0000010 0.0569232 4.0516306 2.9425320 4.1904871 2.3940875 3.5990882 3.7560453 0.0496846 0.0496846 0.0330313 0.0332089 1.1404429 2.5921084 1.1404429 2.9474213 0.0332089 
4_4        0.0377000 2.6161911 0.0000010 0.0103725 0.0000000 0.0103725 0.0512572 3.9564745 2.9345183 4.1907407 2.4240381 3.5816113 3.7685608 0.0441419 0.0441419 0.0377000 0.0270074 1.1543619 2.5655969 1.1543619 2.9595106 0.0270074 
5_69       0.0330313 2.6028345 0.0103725 0.0000010 0.0103725 0.0000000 0.0569232 4.0516306 2.9425320 4.1904871 2.3940875 3.5990882 3.7560453 0.0496846 0.0496846 0.0330313 0.0332089 1.1404429 2.5921084 1.1404429 2.9474213 0.0332089 
6_4        0.0636837 2.6744351 0.0512572 0.0569232 0.0512572 0.0569232 0.0000000 4.1349437 3.0764998 4.1002973 2.4015662 3.5550851 3.6958776 0.0217330 0.0217330 0.0636837 0.0467093 1.1004485 2.6373742 1.1004485 2.9538631 0.0467093 
7_96       4.2509548 4.4823710 3.9564745 4.0516306 3.9564745 4.0516306 4.1349437 0.0000000 1.7672122 0.6294157 3.5354843 2.6110374 2.2631274 4.1526448 4.1526448 4.2509548 4.0891513 3.3380073 2.8398590 3.3380073 4.0455507 4.0891513 
8_40       2.9889514 3.5525507 2.9345183 2.9425320 2.9345183 2.9425320 3.0764998 1.7672122 0.0000000 1.6707506 2.6624599 2.8594545 1.5763151 2.9524994 2.9524994 2.9889514 3.0049141 2.8649453 2.3139580 2.8649453 3.3450889 3.0049141 
10_123     4.2910629 4.7968544 4.1907407 4.1904871 4.1907407 4.1904871 4.1002973 0.6294157 1.6707506 0.0000000 3.5841041 2.6185298 2.6194595 4.2138791 4.2138791 4.2910629 4.2379526 3.5829877 3.3966713 3.5829877 4.0616441 4.2379526 
12_42      2.3809228 2.7232246 2.4240381 2.3940875 2.4240381 2.3940875 2.4015662 3.5354843 2.6624599 3.5841041 0.0000000 2.9736030 2.7144144 2.3547944 2.3547944 2.3809228 2.4510517 2.2168039 0.6173673 2.2168039 1.8533588 2.4510517 
13_95      3.6662373 4.3135836 3.5816113 3.5990882 3.5816113 3.5990882 3.5550851 2.6110374 2.8594545 2.6185298 2.9736030 0.0000000 2.5026834 3.4500195 3.4500195 3.6662373 3.5867121 3.7687772 3.2635301 3.7687772 3.6865201 3.5867121 
14_115     3.7285639 3.9634187 3.7685608 3.7560453 3.7685608 3.7560453 3.6958776 2.2631274 1.5763151 2.6194595 2.7144144 2.5026834 0.0000000 3.6256550 3.6256550 3.7285639 3.7847205 3.2718553 2.5278493 3.2718553 3.3155724 3.7847205 
15_4       0.0561795 2.7136220 0.0441419 0.0496846 0.0441419 0.0496846 0.0217330 4.1526448 2.9524994 4.2138791 2.3547944 3.4500195 3.6256550 0.0000000 0.0000010 0.0561795 0.0395337 1.0546696 2.5395198 1.0546696 3.0118253 0.0395337 
16_4       0.0561795 2.7136220 0.0441419 0.0496846 0.0441419 0.0496846 0.0217330 4.1526448 2.9524994 4.2138791 2.3547944 3.4500195 3.6256550 0.0000010 0.0000000 0.0561795 0.0395337 1.0546696 2.5395198 1.0546696 3.0118253 0.0395337 
20_4       0.0000010 2.6228318 0.0377000 0.0330313 0.0377000 0.0330313 0.0636837 4.2509548 2.9889514 4.2910629 2.3809228 3.6662373 3.7285639 0.0561795 0.0561795 0.0000000 0.0214046 1.1629040 2.6324694 1.1629040 2.9501574 0.0214046 
22_4       0.0214046 2.6483308 0.0270074 0.0332089 0.0270074 0.0332089 0.0467093 4.0891513 3.0049141 4.2379526 2.4510517 3.5867121 3.7847205 0.0395337 0.0395337 0.0214046 0.0000000 1.1569511 2.6473092 1.1569511 2.9853819 0.0000010 
23_122     1.1629040 2.6659087 1.1543619 1.1404429 1.1543619 1.1404429 1.1004485 3.3380073 2.8649453 3.5829877 2.2168039 3.7687772 3.2718553 1.0546696 1.0546696 1.1629040 1.1569511 0.0000000 2.3904262 0.0000010 3.2029628 1.1569511 
24_88      2.6324694 2.9235260 2.5655969 2.5921084 2.5655969 2.5921084 2.6373742 2.8398590 2.3139580 3.3966713 0.6173673 3.2635301 2.5278493 2.5395198 2.5395198 2.6324694 2.6473092 2.3904262 0.0000000 2.3904262 2.2609025 2.6473092 
25_123     1.1629040 2.6659087 1.1543619 1.1404429 1.1543619 1.1404429 1.1004485 3.3380073 2.8649453 3.5829877 2.2168039 3.7687772 3.2718553 1.0546696 1.0546696 1.1629040 1.1569511 0.0000010 2.3904262 0.0000000 3.2029628 1.1569511 
30_37      2.9501574 1.4142466 2.9595106 2.9474213 2.9595106 2.9474213 2.9538631 4.0455507 3.3450889 4.0616441 1.8533588 3.6865201 3.3155724 3.0118253 3.0118253 2.9501574 2.9853819 3.2029628 2.2609025 3.2029628 0.0000000 2.9853819 
42_4       0.0214046 2.6483308 0.0270074 0.0332089 0.0270074 0.0332089 0.0467093 4.0891513 3.0049141 4.2379526 2.4510517 3.5867121 3.7847205 0.0395337 0.0395337 0.0214046 0.0000010 1.1569511 2.6473092 1.1569511 2.9853819 0.0000000 
