15
0_53       0.0000000 0.0891801 0.0708402 0.0593328 0.1072218 0.0708402 0.0794146 0.0794146 0.0794331 0.0000010 0.5889687 0.6091377 0.0794331 0.6091377 0.0593328 
2_53       0.0891801 0.0000000 0.0169738 0.0383766 0.0870731 0.0169738 0.0578115 0.0578115 0.0189286 0.0891801 0.6481554 0.6711629 0.0189286 0.6711629 0.0383766 
4_52       0.0708402 0.0169738 0.0000000 0.0190293 0.0691480 0.0000010 0.0382165 0.0382165 0.0000010 0.0708402 0.6186929 0.6402847 0.0000010 0.6402847 0.0190293 
5_21       0.0593328 0.0383766 0.0190293 0.0000000 0.0577346 0.0190293 0.0190257 0.0190257 0.0190293 0.0593328 0.5742063 0.5742063 0.0190293 0.5742063 0.0000010 
6_52       0.1072218 0.0870731 0.0691480 0.0577346 0.0000000 0.0691480 0.0380526 0.0380526 0.0773280 0.1072218 0.6363740 0.6585191 0.0773280 0.6585191 0.0577346 
9_52       0.0708402 0.0169738 0.0000010 0.0190293 0.0691480 0.0000000 0.0382165 0.0382165 0.0000010 0.0708402 0.6186929 0.6402847 0.0000010 0.6402847 0.0190293 
15_53      0.0794146 0.0578115 0.0382165 0.0190257 0.0380526 0.0382165 0.0000000 0.0000010 0.0382165 0.0794146 0.6048601 0.6048601 0.0382165 0.6048601 0.0190257 
16_53      0.0794146 0.0578115 0.0382165 0.0190257 0.0380526 0.0382165 0.0000010 0.0000000 0.0382165 0.0794146 0.6048601 0.6048601 0.0382165 0.6048601 0.0190257 
21_52      0.0794331 0.0189286 0.0000010 0.0190293 0.0773280 0.0000010 0.0382165 0.0382165 0.0000000 0.0794331 0.6052759 0.6052759 0.0000010 0.6052759 0.0190293 
22_54      0.0000010 0.0891801 0.0708402 0.0593328 0.1072218 0.0708402 0.0794146 0.0794146 0.0794331 0.0000000 0.5889687 0.6091377 0.0794331 0.6091377 0.0593328 
23_34      0.5889687 0.6481554 0.6186929 0.5742063 0.6363740 0.6186929 0.6048601 0.6048601 0.6052759 0.5889687 0.0000000 0.0000010 0.6052759 0.0000010 0.5742063 
25_35      0.6091377 0.6711629 0.6402847 0.5742063 0.6585191 0.6402847 0.6048601 0.6048601 0.6052759 0.6091377 0.0000010 0.0000000 0.6052759 0.0000010 0.5742063 
28_55      0.0794331 0.0189286 0.0000010 0.0190293 0.0773280 0.0000010 0.0382165 0.0382165 0.0000010 0.0794331 0.6052759 0.6052759 0.0000000 0.6052759 0.0190293 
31_14      0.6091377 0.6711629 0.6402847 0.5742063 0.6585191 0.6402847 0.6048601 0.6048601 0.6052759 0.6091377 0.0000010 0.0000010 0.6052759 0.0000000 0.5742063 
43_52      0.0593328 0.0383766 0.0190293 0.0000010 0.0577346 0.0190293 0.0190257 0.0190257 0.0190293 0.0593328 0.5742063 0.5742063 0.0190293 0.5742063 0.0000000 
