20
0_44       0.0000000 2.0635458 0.0000010 0.0171638 0.0171638 0.0085527 4.3729996 4.1464907 3.1079107 2.2387089 4.8192336 2.4033840 0.0171978 0.0171978 0.0085567 0.8488170 2.0192489 0.8488170 1.8612821 0.0085567 
1_61       2.0635458 0.0000000 2.0635458 2.0733117 2.0733117 2.0578065 3.8131737 2.2314721 3.2577024 2.4720100 5.8121355 2.3959641 2.0652052 2.0652052 2.1092740 1.9296256 2.3126338 1.9296256 1.0686060 2.1092740 
3_48       0.0000010 2.0635458 0.0000000 0.0171638 0.0171638 0.0085527 4.3729996 4.1464907 3.1079107 2.2387089 4.8192336 2.4033840 0.0171978 0.0171978 0.0085567 0.8488170 2.0192489 0.8488170 1.8612821 0.0085567 
4_42       0.0171638 2.0733117 0.0171638 0.0000000 0.0000010 0.0085035 4.3112369 4.2575890 3.0454722 2.2827501 4.8860539 2.4424717 0.0170988 0.0170988 0.0259657 0.8539302 2.0828883 0.8539302 1.9459564 0.0259657 
5_30       0.0171638 2.0733117 0.0171638 0.0000010 0.0000000 0.0085035 4.3112369 4.2575890 3.0454722 2.2827501 4.8860539 2.4424717 0.0170988 0.0170988 0.0259657 0.8539302 2.0828883 0.8539302 1.9459564 0.0259657 
6_43       0.0085527 2.0578065 0.0085527 0.0085035 0.0085035 0.0000000 4.2473171 4.1260134 3.0202332 2.2556737 4.9697261 2.4233204 0.0085203 0.0085203 0.0172512 0.8527423 2.0337620 0.8527423 1.9068644 0.0172512 
7_16       4.3729996 3.8131737 4.3729996 4.3112369 4.3112369 4.2473171 0.0000000 1.6729415 0.8523765 3.0087770 4.5647320 2.4119516 4.2395882 4.2395882 4.4126212 4.0692927 3.4617348 4.0692927 4.3195410 4.4126212 
8_32       4.1464907 2.2314721 4.1464907 4.2575890 4.2575890 4.1260134 1.6729415 0.0000000 1.5102851 2.8254839 4.4139268 2.1764641 4.1052970 4.1052970 4.1586430 3.1550783 2.6616599 3.1550783 3.0193335 4.1586430 
10_30      3.1079107 3.2577024 3.1079107 3.0454722 3.0454722 3.0202332 0.8523765 1.5102851 0.0000000 2.5600251 3.4178928 1.8446480 3.0286826 3.0286826 3.1153068 3.1964198 3.0239016 3.1964198 3.3980905 3.1153068 
12_53      2.2387089 2.4720100 2.2387089 2.2827501 2.2827501 2.2556737 3.0087770 2.8254839 2.5600251 0.0000000 5.1041230 1.9303682 2.2434223 2.2434223 2.2848768 2.2297074 1.0276478 2.2297074 2.3746720 2.2848768 
13_116     4.8192336 5.8121355 4.8192336 4.8860539 4.8860539 4.9697261 4.5647320 4.4139268 3.4178928 5.1041230 0.0000000 5.1092905 4.9522031 4.9522031 4.8330814 4.4057792 5.0425644 4.4057792 4.3996476 4.8330814 
14_170     2.4033840 2.3959641 2.4033840 2.4424717 2.4424717 2.4233204 2.4119516 2.1764641 1.8446480 1.9303682 5.1092905 0.0000000 2.4309080 2.4309080 2.4085983 2.4551038 2.3685182 2.4551038 2.6585673 2.4085983 
15_44      0.0171978 2.0652052 0.0171978 0.0170988 0.0170988 0.0085203 4.2395882 4.1052970 3.0286826 2.2434223 4.9522031 2.4309080 0.0000000 0.0000010 0.0260173 0.8576567 2.0274516 0.8576567 1.9139320 0.0260173 
16_44      0.0171978 2.0652052 0.0171978 0.0170988 0.0170988 0.0085203 4.2395882 4.1052970 3.0286826 2.2434223 4.9522031 2.4309080 0.0000010 0.0000000 0.0260173 0.8576567 2.0274516 0.8576567 1.9139320 0.0260173 
22_45      0.0085567 2.1092740 0.0085567 0.0259657 0.0259657 0.0172512 4.4126212 4.1586430 3.1153068 2.2848768 4.8330814 2.4085983 0.0260173 0.0260173 0.0000000 0.8714240 2.0618149 0.8714240 1.9018916 0.0000010 
23_22      0.8488170 1.9296256 0.8488170 0.8539302 0.8539302 0.8527423 4.0692927 3.1550783 3.1964198 2.2297074 4.4057792 2.4551038 0.8576567 0.8576567 0.8714240 0.0000000 1.6473408 0.0000010 2.1087320 0.8714240 
24_76      2.0192489 2.3126338 2.0192489 2.0828883 2.0828883 2.0337620 3.4617348 2.6616599 3.0239016 1.0276478 5.0425644 2.3685182 2.0274516 2.0274516 2.0618149 1.6473408 0.0000000 1.6473408 2.7188124 2.0618149 
25_23      0.8488170 1.9296256 0.8488170 0.8539302 0.8539302 0.8527423 4.0692927 3.1550783 3.1964198 2.2297074 4.4057792 2.4551038 0.8576567 0.8576567 0.8714240 0.0000010 1.6473408 0.0000000 2.1087320 0.8714240 
30_88      1.8612821 1.0686060 1.8612821 1.9459564 1.9459564 1.9068644 4.3195410 3.0193335 3.3980905 2.3746720 4.3996476 2.6585673 1.9139320 1.9139320 1.9018916 2.1087320 2.7188124 2.1087320 0.0000000 1.9018916 
42_43      0.0085567 2.1092740 0.0085567 0.0259657 0.0259657 0.0172512 4.4126212 4.1586430 3.1153068 2.2848768 4.8330814 2.4085983 0.0260173 0.0260173 0.0000010 0.8714240 2.0618149 0.8714240 1.9018916 0.0000000 
