18
0_39       0.0000000 0.1540732 0.1400931 0.1452259 0.1349063 0.1816862 0.1428507 0.1452259 0.1814358 0.1814358 0.1349063 0.0020100 0.1575696 0.0040197 0.1428507 0.0000010 0.1454118 0.1349063 
2_38       0.1540732 0.0000000 0.0657022 0.0100711 0.0611748 0.1420129 0.0080506 0.0100711 0.1274739 0.1274739 0.0611748 0.1568030 0.0518680 0.1540452 0.0080506 0.1540732 0.0100815 0.0789828 
3_42       0.1400931 0.0657022 0.0000000 0.0586440 0.0040093 0.1168712 0.0565109 0.0586440 0.1128155 0.1128155 0.0040093 0.1427146 0.0930300 0.1448768 0.0565109 0.1400931 0.0587097 0.0040093 
4_37       0.1452259 0.0100711 0.0586440 0.0000000 0.0542038 0.1333490 0.0019894 0.0000010 0.1191509 0.1191509 0.0542038 0.1478969 0.0382715 0.1451997 0.0019894 0.1452259 0.0039874 0.0542038 
5_35       0.1349063 0.0611748 0.0040093 0.0542038 0.0000000 0.1118354 0.0520827 0.0542038 0.1077824 0.1077824 0.0000010 0.1375006 0.0872151 0.1396574 0.0520827 0.1349063 0.0542641 0.0000010 
6_38       0.1816862 0.1420129 0.1168712 0.1333490 0.1118354 0.0000000 0.1309858 0.1333490 0.0771013 0.0771013 0.1118354 0.1845857 0.1822431 0.1868247 0.1309858 0.1816862 0.1335173 0.1118354 
9_37       0.1428507 0.0080506 0.0565109 0.0019894 0.0520827 0.1309858 0.0000000 0.0019894 0.1168381 0.1168381 0.0520827 0.1455142 0.0408788 0.1428248 0.0000010 0.1428507 0.0019921 0.0520827 
11_37      0.1452259 0.0100711 0.0586440 0.0000010 0.0542038 0.1333490 0.0019894 0.0000000 0.1191509 0.1191509 0.0542038 0.1478969 0.0382715 0.1451997 0.0019894 0.1452259 0.0039874 0.0542038 
15_39      0.1814358 0.1274739 0.1128155 0.1191509 0.1077824 0.0771013 0.1168381 0.1191509 0.0000000 0.0000010 0.1077824 0.1843334 0.1599894 0.1865718 0.1168381 0.1814358 0.1192985 0.1077824 
16_39      0.1814358 0.1274739 0.1128155 0.1191509 0.1077824 0.0771013 0.1168381 0.1191509 0.0000010 0.0000000 0.1077824 0.1843334 0.1599894 0.1865718 0.1168381 0.1814358 0.1192985 0.1077824 
17_41      0.1349063 0.0611748 0.0040093 0.0542038 0.0000010 0.1118354 0.0520827 0.0542038 0.1077824 0.1077824 0.0000000 0.1375006 0.0872151 0.1396574 0.0520827 0.1349063 0.0542641 0.0000010 
20_37      0.0020100 0.1568030 0.1427146 0.1478969 0.1375006 0.1845857 0.1455142 0.1478969 0.1843334 0.1843334 0.1375006 0.0000000 0.1609633 0.0060432 0.1455142 0.0020100 0.1480869 0.1375006 
21_37      0.1575696 0.0518680 0.0930300 0.0382715 0.0872151 0.1822431 0.0408788 0.0382715 0.1599894 0.1599894 0.0872151 0.1609633 0.0000000 0.1606247 0.0408788 0.1575696 0.0435258 0.0872151 
22_40      0.0040197 0.1540452 0.1448768 0.1451997 0.1396574 0.1868247 0.1428248 0.1451997 0.1865718 0.1865718 0.1396574 0.0060432 0.1606247 0.0000000 0.1428248 0.0040197 0.1453855 0.1396574 
26_66      0.1428507 0.0080506 0.0565109 0.0019894 0.0520827 0.1309858 0.0000010 0.0019894 0.1168381 0.1168381 0.0520827 0.1455142 0.0408788 0.1428248 0.0000000 0.1428507 0.0019921 0.0520827 
27_40      0.0000010 0.1540732 0.1400931 0.1452259 0.1349063 0.1816862 0.1428507 0.1452259 0.1814358 0.1814358 0.1349063 0.0020100 0.1575696 0.0040197 0.1428507 0.0000000 0.1454118 0.1349063 
33_37      0.1454118 0.0100815 0.0587097 0.0039874 0.0542641 0.1335173 0.0019921 0.0039874 0.1192985 0.1192985 0.0542641 0.1480869 0.0435258 0.1453855 0.0019921 0.1454118 0.0000000 0.0542641 
41_40      0.1349063 0.0789828 0.0040093 0.0542038 0.0000010 0.1118354 0.0520827 0.0542038 0.1077824 0.1077824 0.0000010 0.1375006 0.0872151 0.1396574 0.0520827 0.1349063 0.0542641 0.0000000 
