13
7_6        0.0000000 0.5832859 1.0764829 0.5513818 0.8950658 1.2765993 1.9539392 1.3577569 2.0092086 1.3279933 1.4623982 0.8544769 1.7714686 
7_129      0.5832859 0.0000000 1.3879224 0.6927781 1.0627320 1.5573710 3.6527678 1.6241221 2.2357990 1.6529762 1.7017198 1.0965557 1.9684404 
7_146      1.0764829 1.3879224 0.0000000 1.3946944 1.3523476 1.5962060 2.3347119 1.3672502 1.7868564 1.4916069 2.1096617 1.1581150 1.9735093 
7_173      0.5513818 0.6927781 1.3946944 0.0000000 1.0037506 1.5955967 2.1879453 1.5632379 0.7828364 1.2254238 2.2183415 1.1711552 1.8160048 
8_28       0.8950658 1.0627320 1.3523476 1.0037506 0.0000000 1.3117268 2.1404460 1.3270250 1.6731137 1.9182174 1.7633940 1.1746846 1.8923506 
8_146      1.2765993 1.5573710 1.5962060 1.5955967 1.3117268 0.0000000 3.3820183 0.9095480 3.3907938 2.3717068 2.1606607 1.2850086 2.2180157 
8_197      1.9539392 3.6527678 2.3347119 2.1879453 2.1404460 3.3820183 0.0000000 2.5313355 2.5383028 2.6982410 2.5203879 2.7015377 2.2018568 
8_217      1.3577569 1.6241221 1.3672502 1.5632379 1.3270250 0.9095480 2.5313355 0.0000000 2.3416142 2.3704750 2.0293259 1.4455958 2.1248030 
10_19      2.0092086 2.2357990 1.7868564 0.7828364 1.6731137 3.3907938 2.5383028 2.3416142 0.0000000 1.5375534 2.5045611 2.2458459 2.3238610 
10_48      1.3279933 1.6529762 1.4916069 1.2254238 1.9182174 2.3717068 2.6982410 2.3704750 1.5375534 0.0000000 2.1527998 1.8780144 2.6490059 
10_90      1.4623982 1.7017198 2.1096617 2.2183415 1.7633940 2.1606607 2.5203879 2.0293259 2.5045611 2.1527998 0.0000000 2.7788673 3.0466048 
10_114     0.8544769 1.0965557 1.1581150 1.1711552 1.1746846 1.2850086 2.7015377 1.4455958 2.2458459 1.8780144 2.7788673 0.0000000 2.2936634 
13_197     1.7714686 1.9684404 1.9735093 1.8160048 1.8923506 2.2180157 2.2018568 2.1248030 2.3238610 2.6490059 3.0466048 2.2936634 0.0000000 
