15
0_100      0.0000000 0.0946783 2.2155843 0.5877801 0.0946783 0.0942110 0.1214279 0.1358677 0.1358677 0.0942110 0.0020733 0.0254928 0.0000010 0.0254928 0.0968139 
2_103      0.0946783 0.0000000 1.7771797 0.5810887 0.0000010 0.0228988 0.0987602 0.1092514 0.1092514 0.0228988 0.0971330 0.0972198 0.0946783 0.0972198 0.0103036 
3_109      2.2155843 1.7771797 0.0000000 2.7993931 1.7771797 1.7665663 2.0789722 2.0661574 2.0661574 1.7665663 2.2155843 2.1821498 2.2155843 2.1821498 1.7771797 
3_110      0.5877801 0.5810887 2.7993931 0.0000000 0.5810887 0.6259648 0.7897110 0.9106931 0.9106931 0.6259648 0.5879966 0.6283290 0.5877801 0.6283290 0.5810887 
4_100      0.0946783 0.0000010 1.7771797 0.5810887 0.0000000 0.0228988 0.0987602 0.1092514 0.1092514 0.0228988 0.0971330 0.0972198 0.0946783 0.0972198 0.0103036 
5_98       0.0942110 0.0228988 1.7665663 0.6259648 0.0228988 0.0000000 0.1037043 0.1138033 0.1138033 0.0000010 0.0966545 0.0997991 0.0942110 0.0997991 0.0124133 
6_96       0.1214279 0.0987602 2.0789722 0.7897110 0.0987602 0.1037043 0.0000000 0.0630089 0.0630089 0.1037043 0.1239846 0.1167519 0.1214279 0.1167519 0.0989133 
15_96      0.1358677 0.1092514 2.0661574 0.9106931 0.1092514 0.1138033 0.0630089 0.0000000 0.0000010 0.1138033 0.1385128 0.1362848 0.1358677 0.1362848 0.1067630 
16_96      0.1358677 0.1092514 2.0661574 0.9106931 0.1092514 0.1138033 0.0630089 0.0000010 0.0000000 0.1138033 0.1385128 0.1362848 0.1358677 0.1362848 0.1067630 
17_99      0.0942110 0.0228988 1.7665663 0.6259648 0.0228988 0.0000010 0.1037043 0.1138033 0.1138033 0.0000000 0.0966545 0.0997991 0.0942110 0.0997991 0.0124133 
20_98      0.0020733 0.0971330 2.2155843 0.5879966 0.0971330 0.0966545 0.1239846 0.1385128 0.1385128 0.0966545 0.0000000 0.0276714 0.0020733 0.0276714 0.0992704 
22_101     0.0254928 0.0972198 2.1821498 0.6283290 0.0972198 0.0997991 0.1167519 0.1362848 0.1362848 0.0997991 0.0276714 0.0000000 0.0254928 0.0000010 0.0993588 
27_100     0.0000010 0.0946783 2.2155843 0.5877801 0.0946783 0.0942110 0.1214279 0.1358677 0.1358677 0.0942110 0.0020733 0.0254928 0.0000000 0.0254928 0.0968139 
28_104     0.0254928 0.0972198 2.1821498 0.6283290 0.0972198 0.0997991 0.1167519 0.1362848 0.1362848 0.0997991 0.0276714 0.0000010 0.0254928 0.0000000 0.0993588 
40_98      0.0968139 0.0103036 1.7771797 0.5810887 0.0103036 0.0124133 0.0989133 0.1067630 0.1067630 0.0124133 0.0992704 0.0993588 0.0968139 0.0993588 0.0000000 
