7
7_155      0.0000000 0.9550226 0.5830985 1.1251658 1.0340076 1.1251658 1.0724790 
8_122      0.9550226 0.0000000 0.9394719 0.9171498 1.0504032 0.9171498 0.8375114 
10_107     0.5830985 0.9394719 0.0000000 1.0021001 1.1641112 1.0021001 0.9459725 
23_68      1.1251658 0.9171498 1.0021001 0.0000000 0.6484977 0.0000010 0.0043598 
24_4       1.0340076 1.0504032 1.1641112 0.6484977 0.0000000 0.6484977 0.6592358 
25_69      1.1251658 0.9171498 1.0021001 0.0000010 0.6484977 0.0000000 0.0043598 
38_66      1.0724790 0.8375114 0.9459725 0.0043598 0.6592358 0.0043598 0.0000000 
