19
0_113      0.0000000 0.1270081 0.2443568 0.1761215 0.1553957 0.1125021 0.1363682 0.1363682 0.1327003 0.1290664 0.1553957 0.0000010 0.1363682 0.0594773 0.1363682 0.0000010 0.1346783 0.2001404 0.1397408 
2_120      0.1270081 0.0000000 0.0899778 0.0547030 0.0542467 0.1257464 0.0089358 0.0089358 0.1576347 0.1535691 0.0542467 0.1270081 0.0089358 0.1540043 0.0089358 0.1199072 0.0705798 0.0684960 0.0679786 
3_123      0.2443568 0.0899778 0.0000000 0.1725796 0.0149827 0.1768078 0.0806365 0.0806365 0.2482044 0.2391499 0.0149827 0.2443568 0.0806365 0.2906153 0.0806365 0.2317798 3.7392207 0.0149827 0.0311189 
4_115      0.1761215 0.0547030 0.1725796 0.0000000 0.0889882 0.1956166 0.0415518 0.0415518 0.2233293 0.2177053 0.0889882 0.1761215 0.0415518 0.2047335 0.0415518 0.1680784 0.0544851 0.1521881 0.0895084 
5_83       0.1553957 0.0542467 0.0149827 0.0889882 0.0000000 0.1242438 0.0438842 0.0438842 0.1656007 0.1614918 0.0000010 0.1553957 0.0438842 0.1773871 0.0438842 0.1481949 0.0343081 0.0000010 0.0089762 
6_110      0.1125021 0.1257464 0.1768078 0.1956166 0.1242438 0.0000000 0.1351915 0.1351915 0.0475168 0.0448517 0.1242438 0.1125021 0.1351915 0.1468615 0.1351915 0.1114308 0.1113042 0.1632066 0.1199006 
9_114      0.1363682 0.0089358 0.0806365 0.0415518 0.0438842 0.1351915 0.0000000 0.0000010 0.1673295 0.1631748 0.0438842 0.1363682 0.0000010 0.1598069 0.0000010 0.1293298 0.0544851 0.0605013 0.0570547 
11_111     0.1363682 0.0089358 0.0806365 0.0415518 0.0438842 0.1351915 0.0000010 0.0000000 0.1673295 0.1631748 0.0438842 0.1363682 0.0000010 0.1598069 0.0000010 0.1293298 0.0544851 0.0605013 0.0570547 
15_110     0.1327003 0.1576347 0.2482044 0.2233293 0.1656007 0.0475168 0.1673295 0.1673295 0.0000000 0.0021392 0.1656007 0.1327003 0.1673295 0.1791101 0.1673295 0.1307062 0.1358186 0.2126540 0.1615574 
16_110     0.1290664 0.1535691 0.2391499 0.2177053 0.1614918 0.0448517 0.1631748 0.1631748 0.0021392 0.0000000 0.1614918 0.1290664 0.1631748 0.1748630 0.1631748 0.1268238 0.1358186 0.2053233 0.1574962 
17_114     0.1553957 0.0542467 0.0149827 0.0889882 0.0000010 0.1242438 0.0438842 0.0438842 0.1656007 0.1614918 0.0000000 0.1553957 0.0438842 0.1773871 0.0438842 0.1481949 0.0343081 0.0000010 0.0089762 
20_111     0.0000010 0.1270081 0.2443568 0.1761215 0.1553957 0.1125021 0.1363682 0.1363682 0.1327003 0.1290664 0.1553957 0.0000000 0.1363682 0.0594773 0.1363682 0.0000010 0.1346783 0.2001404 0.1397408 
21_112     0.1363682 0.0089358 0.0806365 0.0415518 0.0438842 0.1351915 0.0000010 0.0000010 0.1673295 0.1631748 0.0438842 0.1363682 0.0000000 0.1598069 0.0000010 0.1293298 0.0544851 0.0605013 0.0570547 
22_114     0.0594773 0.1540043 0.2906153 0.2047335 0.1773871 0.1468615 0.1598069 0.1598069 0.1791101 0.1748630 0.1773871 0.0594773 0.1598069 0.0000000 0.1598069 0.0482408 0.1472971 0.2380687 0.1781801 
26_34      0.1363682 0.0089358 0.0806365 0.0415518 0.0438842 0.1351915 0.0000010 0.0000010 0.1673295 0.1631748 0.0438842 0.1363682 0.0000010 0.1598069 0.0000000 0.1293298 0.0544851 0.0605013 0.0570547 
27_113     0.0000010 0.1199072 0.2317798 0.1680784 0.1481949 0.1114308 0.1293298 0.1293298 0.1307062 0.1268238 0.1481949 0.0000010 0.1293298 0.0482408 0.1293298 0.0000000 0.1346783 0.1888053 0.1326146 
34_116     0.1346783 0.0705798 3.7392207 0.0544851 0.0343081 0.1113042 0.0544851 0.0544851 0.1358186 0.1358186 0.0343081 0.1346783 0.0544851 0.1472971 0.0544851 0.1346783 0.0000000 1.5798923 0.0343081 
34_117     0.2001404 0.0684960 0.0149827 0.1521881 0.0000010 0.1632066 0.0605013 0.0605013 0.2126540 0.2053233 0.0000010 0.2001404 0.0605013 0.2380687 0.0605013 0.1888053 1.5798923 0.0000000 0.0137440 
43_112     0.1397408 0.0679786 0.0311189 0.0895084 0.0089762 0.1199006 0.0570547 0.0570547 0.1615574 0.1574962 0.0089762 0.1397408 0.0570547 0.1781801 0.0570547 0.1326146 0.0343081 0.0137440 0.0000000 
