7
0_9        0.0000000 0.0140478 0.0281640 0.0140478 0.0000010 0.4215299 0.4215299 
2_8        0.0140478 0.0000000 0.0140504 0.0000010 0.0140478 0.4021052 0.4021052 
3_9        0.0281640 0.0140504 0.0000000 0.0140504 0.0281640 0.3825718 0.3825718 
4_9        0.0140478 0.0000010 0.0140504 0.0000000 0.0140478 0.4021052 0.4021052 
15_10      0.0000010 0.0140478 0.0281640 0.0140478 0.0000000 0.4215299 0.4215299 
23_82      0.4215299 0.4021052 0.3825718 0.4021052 0.4215299 0.0000000 0.0000010 
25_83      0.4215299 0.4021052 0.3825718 0.4021052 0.4215299 0.0000010 0.0000000 
