9
1_97       0.0000000 3.0820769 2.8049629 2.9001112 1.8004730 3.9448952 2.3257233 1.5961477 0.7907703 
7_134      3.0820769 0.0000000 1.7620829 0.4240833 3.0391217 2.5063693 2.5461652 3.0229640 2.9070789 
8_218      2.8049629 1.7620829 0.0000000 1.7323030 2.7548163 2.8727242 2.2304041 2.4740289 3.1685071 
10_85      2.9001112 0.4240833 1.7323030 0.0000000 2.8844759 2.4596686 2.3192572 2.6751389 2.7350431 
12_91      1.8004730 3.0391217 2.7548163 2.8844759 0.0000000 3.6898543 1.7913080 0.4677601 1.9794988 
13_56      3.9448952 2.5063693 2.8727242 2.4596686 3.6898543 0.0000000 2.8901847 3.3858873 4.2688125 
14_1       2.3257233 2.5461652 2.2304041 2.3192572 1.7913080 2.8901847 0.0000000 1.6622947 2.1853364 
24_114     1.5961477 3.0229640 2.4740289 2.6751389 0.4677601 3.3858873 1.6622947 0.0000000 1.9055847 
30_0       0.7907703 2.9070789 3.1685071 2.7350431 1.9794988 4.2688125 2.1853364 1.9055847 0.0000000 
