9
0_50       0.0000000 0.1097968 0.1086889 0.1097968 0.1086889 0.0534825 0.0354819 0.0354819 0.0000010 
2_50       0.1097968 0.0000000 0.0351681 0.0000010 0.0351681 0.0900657 0.0716906 0.0716906 0.1097968 
3_54       0.1086889 0.0351681 0.0000000 0.0351681 0.0000010 0.0891778 0.0709934 0.0709934 0.1086889 
4_49       0.1097968 0.0000010 0.0351681 0.0000000 0.0351681 0.0900657 0.0716906 0.0716906 0.1097968 
5_24       0.1086889 0.0351681 0.0000010 0.0351681 0.0000000 0.0891778 0.0709934 0.0709934 0.1086889 
6_49       0.0534825 0.0900657 0.0891778 0.0900657 0.0891778 0.0000000 0.0174739 0.0174739 0.0534825 
15_50      0.0354819 0.0716906 0.0709934 0.0716906 0.0709934 0.0174739 0.0000000 0.0000010 0.0354819 
16_50      0.0354819 0.0716906 0.0709934 0.0716906 0.0709934 0.0174739 0.0000010 0.0000000 0.0354819 
20_48      0.0000010 0.1097968 0.1086889 0.1097968 0.1086889 0.0534825 0.0354819 0.0354819 0.0000000 
