21
0_18       0.0000000 0.0839351 0.0469021 0.0893819 0.0730667 0.0855386 0.0839351 0.0893819 0.1059174 0.1059305 0.0730667 0.0000010 0.0252096 1.6916375 1.6916375 0.0049508 0.0252096 0.0837270 0.0855386 0.0837270 1.6847464 
2_17       0.0839351 0.0000000 0.0978367 0.0049637 0.0200262 0.0912778 0.0000010 0.0049637 0.1007488 0.1007604 0.0200262 0.0839351 0.0730141 1.6523451 1.6523451 0.0897589 0.0730141 0.0099373 0.0912778 0.0099373 1.6457437 
3_18       0.0469021 0.0978367 0.0000000 0.1035101 0.0865121 0.0987651 0.0978367 0.1035101 0.1196808 0.1196987 0.0865121 0.0469021 0.0632473 1.6947136 1.6947136 0.0524510 0.0632473 0.0975884 0.0987651 0.0975884 1.6877763 
4_18       0.0893819 0.0049637 0.1035101 0.0000000 0.0250867 0.0968244 0.0049637 0.0000010 0.1062828 0.1062960 0.0250867 0.0893819 0.0783938 1.6582750 1.6582750 0.0952534 0.0783938 0.0149369 0.0968244 0.0149369 1.6516361 
5_55       0.0730667 0.0200262 0.0865121 0.0250867 0.0000000 0.0801988 0.0200262 0.0250867 0.0896980 0.0897067 0.0000010 0.0730667 0.0622805 1.6156681 1.6156681 0.0787930 0.0622805 0.0099470 0.0801988 0.0099470 1.6092334 
6_18       0.0855386 0.0912778 0.0987651 0.0968244 0.0801988 0.0000000 0.0912778 0.0968244 0.0564050 0.0564074 0.0801988 0.0855386 0.0795447 1.5793804 1.5793804 0.0914346 0.0795447 0.0910494 0.0000010 0.0910494 1.5730408 
9_17       0.0839351 0.0000010 0.0978367 0.0049637 0.0200262 0.0912778 0.0000000 0.0049637 0.1007488 0.1007604 0.0200262 0.0839351 0.0730141 1.6523451 1.6523451 0.0897589 0.0730141 0.0099373 0.0912778 0.0099373 1.6457437 
11_18      0.0893819 0.0049637 0.1035101 0.0000010 0.0250867 0.0968244 0.0049637 0.0000000 0.1062828 0.1062960 0.0250867 0.0893819 0.0783938 1.6582750 1.6582750 0.0952534 0.0783938 0.0149369 0.0968244 0.0149369 1.6516361 
15_19      0.1059174 0.1007488 0.1196808 0.1062828 0.0896980 0.0564050 0.1007488 0.1062828 0.0000000 0.0099373 0.0896980 0.1059174 0.0884536 1.5979112 1.5979112 0.1119336 0.0884536 0.1005003 0.0564050 0.1005003 1.5914976 
16_19      0.1059305 0.1007604 0.1196987 0.1062960 0.0897067 0.0564074 0.1007604 0.1062960 0.0099373 0.0000000 0.0897067 0.1059305 0.0884619 1.5879982 1.5879982 0.1119486 0.0884619 0.1005118 0.0564074 0.1005118 1.5816344 
17_18      0.0730667 0.0200262 0.0865121 0.0250867 0.0000010 0.0801988 0.0200262 0.0250867 0.0896980 0.0897067 0.0000000 0.0730667 0.0622805 1.6156681 1.6156681 0.0787930 0.0622805 0.0099470 0.0801988 0.0099470 1.6092334 
20_18      0.0000010 0.0839351 0.0469021 0.0893819 0.0730667 0.0855386 0.0839351 0.0893819 0.1059174 0.1059305 0.0730667 0.0000000 0.0252096 1.6916375 1.6916375 0.0049508 0.0252096 0.0837270 0.0855386 0.0837270 1.6847464 
22_18      0.0252096 0.0730141 0.0632473 0.0783938 0.0622805 0.0795447 0.0730141 0.0783938 0.0884536 0.0884619 0.0622805 0.0252096 0.0000000 1.6555350 1.6555350 0.0304443 0.0000010 0.0728329 0.0795447 0.0728329 1.6488512 
23_90      1.6916375 1.6523451 1.6947136 1.6582750 1.6156681 1.5793804 1.6523451 1.6582750 1.5979112 1.5879982 1.6156681 1.6916375 1.6555350 0.0000000 0.0000010 1.6909011 1.6555350 1.6360953 1.5793804 1.6360953 0.0047667 
25_91      1.6916375 1.6523451 1.6947136 1.6582750 1.6156681 1.5793804 1.6523451 1.6582750 1.5979112 1.5879982 1.6156681 1.6916375 1.6555350 0.0000010 0.0000000 1.6909011 1.6555350 1.6360953 1.5793804 1.6360953 0.0047667 
27_18      0.0049508 0.0897589 0.0524510 0.0952534 0.0787930 0.0914346 0.0897589 0.0952534 0.1119336 0.1119486 0.0787930 0.0049508 0.0304443 1.6909011 1.6909011 0.0000000 0.0304443 0.0895361 0.0914346 0.0895361 1.6840141 
28_18      0.0252096 0.0730141 0.0632473 0.0783938 0.0622805 0.0795447 0.0730141 0.0783938 0.0884536 0.0884619 0.0622805 0.0252096 0.0000010 1.6555350 1.6555350 0.0304443 0.0000000 0.0728329 0.0795447 0.0728329 1.6488512 
29_18      0.0837270 0.0099373 0.0975884 0.0149369 0.0099470 0.0910494 0.0099373 0.0149369 0.1005003 0.1005118 0.0099470 0.0837270 0.0728329 1.6360953 1.6360953 0.0895361 0.0728329 0.0000000 0.0910494 0.0000010 1.6295688 
33_56      0.0855386 0.0912778 0.0987651 0.0968244 0.0801988 0.0000010 0.0912778 0.0968244 0.0564050 0.0564074 0.0801988 0.0855386 0.0795447 1.5793804 1.5793804 0.0914346 0.0795447 0.0910494 0.0000000 0.0910494 1.5730408 
34_6       0.0837270 0.0099373 0.0975884 0.0149369 0.0099470 0.0910494 0.0099373 0.0149369 0.1005003 0.1005118 0.0099470 0.0837270 0.0728329 1.6360953 1.6360953 0.0895361 0.0728329 0.0000010 0.0910494 0.0000000 1.6295688 
38_44      1.6847464 1.6457437 1.6877763 1.6516361 1.6092334 1.5730408 1.6457437 1.6516361 1.5914976 1.5816344 1.6092334 1.6847464 1.6488512 0.0047667 0.0047667 1.6840141 1.6488512 1.6295688 1.5730408 1.6295688 0.0000000 
