20
0_85       0.0000000 0.1024166 0.1179755 0.1024166 0.1128559 0.1390218 0.1051731 0.1024166 0.1409939 0.1409939 0.1128559 0.1186072 0.1186072 0.0000010 0.0369111 0.1051731 0.0074712 0.1261041 0.0369111 0.1158370 
2_85       0.1024166 0.0000000 0.0456668 0.0042711 0.0409595 0.1304719 0.0064305 0.0042711 0.1328904 0.1328904 0.0409595 0.0458049 0.0458049 0.1024166 0.0805188 0.0064305 0.1002469 0.0811201 0.0805188 0.0434026 
3_91       0.1179755 0.0456668 0.0000000 0.0411137 0.0064278 0.1495804 0.0435367 0.0411137 0.1583800 0.1583800 0.0064278 0.0086106 0.0086106 0.1179755 0.1028373 0.0435367 0.1212573 0.1077598 0.1028373 0.0086057 
4_83       0.1024166 0.0042711 0.0411137 0.0000000 0.0364153 0.1304719 0.0021407 0.0000010 0.1328904 0.1328904 0.0364153 0.0412391 0.0412391 0.1024166 0.0805188 0.0021407 0.1002469 0.0763470 0.0805188 0.0388439 
5_115      0.1128559 0.0409595 0.0064278 0.0364153 0.0000000 0.1440559 0.0388174 0.0364153 0.1526618 0.1526618 0.0000010 0.0042956 0.0042956 0.1128559 0.0979281 0.0388174 0.1160882 0.1028078 0.0979281 0.0021409 
6_80       0.1390218 0.1304719 0.1495804 0.1304719 0.1440559 0.0000000 0.1333106 0.1304719 0.0766486 0.0766486 0.1440559 0.1500491 0.1500491 0.1390218 0.1324313 0.1333106 0.1359615 0.0488987 0.1324313 0.1472063 
9_83       0.1051731 0.0064305 0.0435367 0.0021407 0.0388174 0.1333106 0.0000000 0.0021407 0.1357732 0.1357732 0.0388174 0.0436693 0.0436693 0.1051731 0.0831796 0.0000010 0.1030032 0.0737191 0.0831796 0.0412620 
11_79      0.1024166 0.0042711 0.0411137 0.0000010 0.0364153 0.1304719 0.0021407 0.0000000 0.1328904 0.1328904 0.0364153 0.0412391 0.0412391 0.1024166 0.0805188 0.0021407 0.1002469 0.0763470 0.0805188 0.0388439 
15_80      0.1409939 0.1328904 0.1583800 0.1328904 0.1526618 0.0766486 0.1357732 0.1328904 0.0000000 0.0000010 0.1526618 0.1588148 0.1588148 0.1409939 0.1311021 0.1357732 0.1350344 0.0967759 0.1311021 0.1559093 
16_80      0.1409939 0.1328904 0.1583800 0.1328904 0.1526618 0.0766486 0.1357732 0.1328904 0.0000010 0.0000000 0.1526618 0.1588148 0.1588148 0.1409939 0.1311021 0.1357732 0.1350344 0.0967759 0.1311021 0.1559093 
17_83      0.1128559 0.0409595 0.0064278 0.0364153 0.0000010 0.1440559 0.0388174 0.0364153 0.1526618 0.1526618 0.0000000 0.0042956 0.0042956 0.1128559 0.0979281 0.0388174 0.1160882 0.1028078 0.0979281 0.0021409 
18_80      0.1186072 0.0458049 0.0086106 0.0412391 0.0042956 0.1500491 0.0436693 0.0412391 0.1588148 0.1588148 0.0042956 0.0000000 0.0000010 0.1186072 0.1035563 0.0436693 0.1218706 0.1084450 0.1035563 0.0064702 
19_83      0.1186072 0.0458049 0.0086106 0.0412391 0.0042956 0.1500491 0.0436693 0.0412391 0.1588148 0.1588148 0.0042956 0.0000010 0.0000000 0.1186072 0.1035563 0.0436693 0.1218706 0.1084450 0.1035563 0.0064702 
20_82      0.0000010 0.1024166 0.1179755 0.1024166 0.1128559 0.1390218 0.1051731 0.1024166 0.1409939 0.1409939 0.1128559 0.1186072 0.1186072 0.0000000 0.0369111 0.1051731 0.0074712 0.1261041 0.0369111 0.1158370 
22_85      0.0369111 0.0805188 0.1028373 0.0805188 0.0979281 0.1324313 0.0831796 0.0805188 0.1311021 0.1311021 0.0979281 0.1035563 0.1035563 0.0369111 0.0000000 0.0831796 0.0280798 0.1069371 0.0000010 0.1008277 
26_121     0.1051731 0.0064305 0.0435367 0.0021407 0.0388174 0.1333106 0.0000010 0.0021407 0.1357732 0.1357732 0.0388174 0.0436693 0.0436693 0.1051731 0.0831796 0.0000000 0.1030032 0.0737191 0.0831796 0.0412620 
28_87      0.0074712 0.1002469 0.1212573 0.1002469 0.1160882 0.1359615 0.1030032 0.1002469 0.1350344 0.1350344 0.1160882 0.1218706 0.1218706 0.0074712 0.0280798 0.1030032 0.0000000 0.1208066 0.0280798 0.1190895 
33_115     0.1261041 0.0811201 0.1077598 0.0763470 0.1028078 0.0488987 0.0737191 0.0763470 0.0967759 0.0967759 0.1028078 0.1084450 0.1084450 0.1261041 0.1069371 0.0737191 0.1208066 0.0000000 0.1069371 0.1057176 
42_84      0.0369111 0.0805188 0.1028373 0.0805188 0.0979281 0.1324313 0.0831796 0.0805188 0.1311021 0.1311021 0.0979281 0.1035563 0.1035563 0.0369111 0.0000010 0.0831796 0.0280798 0.1069371 0.0000000 0.1008277 
43_80      0.1158370 0.0434026 0.0086057 0.0388439 0.0021409 0.1472063 0.0412620 0.0388439 0.1559093 0.1559093 0.0021409 0.0064702 0.0064702 0.1158370 0.1008277 0.0412620 0.1190895 0.1057176 0.1008277 0.0000000 
