25
AF303741_AF303741.1_00137          0.0000000 2.2657881 2.1539547 2.2575644 2.2760454 2.1588042 1.2237511 0.3827579 2.2575644 1.2186015 1.6605230 2.2867946 1.3568350 2.1623916 2.1623916 2.2760454 2.2657881 2.3223643 1.6271925 1.5585628 1.6271925 2.3223643 2.5979087 2.1783126 2.2967367 
AF371960_AF371960.1_00088          2.2657881 0.0000000 1.7059819 0.0919448 0.0840548 0.1266699 1.8432255 2.6572512 0.0919448 1.8375374 1.1715502 2.0292962 1.4279063 0.1085427 0.1085427 0.0840548 0.0000010 0.0130525 0.9974835 1.0954191 0.9974835 0.0130525 1.7644630 0.1256965 0.0913727 
AY521625_AY521625.1_00086          2.1539547 1.7059819 0.0000000 1.8033214 1.7789933 1.7919903 1.9555396 2.2647357 1.8033214 2.1808115 1.5384222 2.1628095 1.6379699 1.7695287 1.7695287 1.7789933 1.7059819 1.7059819 1.4125999 1.3747190 1.4125999 1.7059819 0.7041097 1.7932356 1.8020937 
AY894343_MK689686.1_00084          2.2575644 0.0919448 1.8033214 0.0000000 0.0195949 0.1187042 1.8326439 2.5767160 0.0000010 1.8753865 1.1856009 1.9538736 1.3883570 0.1277019 0.1277019 0.0195949 0.0919448 0.0910291 0.9835076 1.1091123 0.9835076 0.0910291 1.8167937 0.1104817 0.0262153 
BD143114_MK689686.1_00084          2.2760454 0.0840548 1.7789933 0.0195949 0.0000000 0.1098642 1.7736798 2.5996628 0.0195949 1.8561349 1.1693620 1.9477523 1.3854042 0.1186669 0.1186669 0.0000010 0.0840548 0.0832248 0.9718294 1.1171076 0.9718294 0.0832248 1.8057536 0.1017908 0.0064748 
GQ273492_GQ273492.1_00083          2.1588042 0.1266699 1.7919903 0.1187042 0.1098642 0.0000000 1.8817591 2.5137884 0.1187042 1.9814155 1.1692044 2.1428491 1.3628821 0.0133193 0.0133193 0.1098642 0.1266699 0.1094254 1.0139729 1.1663022 1.0139729 0.1094254 1.8160872 0.0065350 0.1175937 
HF920633_HF920633.1_00163          1.2237511 1.8432255 1.9555396 1.8326439 1.7736798 1.8817591 0.0000000 1.3047630 1.8326439 0.3835692 1.3381124 2.0490803 1.1563052 1.9358033 1.9358033 1.7736798 1.8432255 1.8026751 1.3471726 1.2516611 1.3471726 1.8026751 2.6117477 1.8982712 1.7926653 
HF920637_HF920637.1_00197          0.3827579 2.6572512 2.2647357 2.5767160 2.5996628 2.5137884 1.3047630 0.0000000 2.5767160 1.3593111 1.7756351 2.5693734 1.5420455 2.5293638 2.5293638 2.5996628 2.6572512 2.7120598 1.7652632 1.6742236 1.7652632 2.7120598 2.4511987 2.5375698 2.6205689 
KC244182_MK689686.1_00084          2.2575644 0.0919448 1.8033214 0.0000010 0.0195949 0.1187042 1.8326439 2.5767160 0.0000000 1.8753865 1.1856009 1.9538736 1.3883570 0.1277019 0.1277019 0.0195949 0.0919448 0.0910291 0.9835076 1.1091123 0.9835076 0.0910291 1.8167937 0.1104817 0.0262153 
KF938901_KF938901.1_00012          1.2186015 1.8375374 2.1808115 1.8753865 1.8561349 1.9814155 0.3835692 1.3593111 1.8753865 0.0000000 1.5354988 2.0990710 1.4176563 1.9985400 1.9985400 1.8561349 1.8375374 1.8417507 1.5832705 1.4617248 1.5832705 1.8417507 2.3677633 1.9991958 1.8753736 
KX643370_Lymph_LDV3_KX643370_00075 1.6605230 1.1715502 1.5384222 1.1856009 1.1693620 1.1692044 1.3381124 1.7756351 1.1856009 1.5354988 0.0000000 2.0163602 0.9779601 1.1740207 1.1740207 1.1693620 1.1715502 1.1715502 1.3724194 0.1464228 1.3724194 1.1715502 1.8675988 1.1783906 1.1886786 
LS484712_LS484712.1_00192          2.2867946 2.0292962 2.1628095 1.9538736 1.9477523 2.1428491 2.0490803 2.5693734 1.9538736 2.0990710 2.0163602 0.0000000 1.9918756 2.1231413 2.1231413 1.9477523 2.0292962 2.0292962 2.1275016 1.8283510 2.1275016 2.0292962 2.5418693 2.0707743 1.9698867 
MF599468_MF599468.1_00106          1.3568350 1.4279063 1.6379699 1.3883570 1.3854042 1.3628821 1.1563052 1.5420455 1.3883570 1.4176563 0.9779601 1.9918756 0.0000000 1.3953581 1.3953581 1.3854042 1.4279063 1.3701068 1.1536358 0.9614696 1.1536358 1.3701068 1.8401865 1.3723681 1.4018781 
MG570131_MG570131.1_00083          2.1623916 0.1085427 1.7695287 0.1277019 0.1186669 0.0133193 1.9358033 2.5293638 0.1277019 1.9985400 1.1740207 2.1231413 1.3953581 0.0000000 0.0000010 0.1186669 0.1085427 0.1090812 1.0012794 1.1711907 1.0012794 0.1090812 1.8271642 0.0132218 0.1265197 
MG570132_MG570132.1_00083          2.1623916 0.1085427 1.7695287 0.1277019 0.1186669 0.0133193 1.9358033 2.5293638 0.1277019 1.9985400 1.1740207 2.1231413 1.3953581 0.0000010 0.0000000 0.1186669 0.1085427 0.1090812 1.0012794 1.1711907 1.0012794 0.1090812 1.8271642 0.0132218 0.1265197 
MK098185_MK689686.1_00084          2.2760454 0.0840548 1.7789933 0.0195949 0.0000010 0.1098642 1.7736798 2.5996628 0.0195949 1.8561349 1.1693620 1.9477523 1.3854042 0.1186669 0.1186669 0.0000000 0.0840548 0.0832248 0.9718294 1.1171076 0.9718294 0.0832248 1.8057536 0.1017908 0.0064748 
MK689685_AF371960.1_00088          2.2657881 0.0000010 1.7059819 0.0919448 0.0840548 0.1266699 1.8432255 2.6572512 0.0919448 1.8375374 1.1715502 2.0292962 1.4279063 0.1085427 0.1085427 0.0840548 0.0000000 0.0130525 0.9974835 1.0954191 0.9974835 0.0130525 1.7644630 0.1256965 0.0913727 
MN432490_AF371960.1_00088          2.3223643 0.0130525 1.7059819 0.0910291 0.0832248 0.1094254 1.8026751 2.7120598 0.0910291 1.8417507 1.1715502 2.0292962 1.3701068 0.1090812 0.1090812 0.0832248 0.0130525 0.0000000 0.9974835 1.0954191 0.9974835 0.0000010 1.7644630 0.1085946 0.0904685 
MN562489_OM037668.1_00090          1.6271925 0.9974835 1.4125999 0.9835076 0.9718294 1.0139729 1.3471726 1.7652632 0.9835076 1.5832705 1.3724194 2.1275016 1.1536358 1.0012794 1.0012794 0.9718294 0.9974835 0.9974835 0.0000000 1.2751067 0.0000010 0.9974835 2.1278966 1.0126289 0.9883201 
MN803438_MN803438.1_00097          1.5585628 1.0954191 1.3747190 1.1091123 1.1171076 1.1663022 1.2516611 1.6742236 1.1091123 1.4617248 0.1464228 1.8283510 0.9614696 1.1711907 1.1711907 1.1171076 1.0954191 1.0954191 1.2751067 0.0000000 1.2751067 1.0954191 1.6825266 1.1756372 1.1362955 
MT521409_OM037668.1_00090          1.6271925 0.9974835 1.4125999 0.9835076 0.9718294 1.0139729 1.3471726 1.7652632 0.9835076 1.5832705 1.3724194 2.1275016 1.1536358 1.0012794 1.0012794 0.9718294 0.9974835 0.9974835 0.0000010 1.2751067 0.0000000 0.9974835 2.1278966 1.0126289 0.9883201 
MT986830_AF371960.1_00088          2.3223643 0.0130525 1.7059819 0.0910291 0.0832248 0.1094254 1.8026751 2.7120598 0.0910291 1.8417507 1.1715502 2.0292962 1.3701068 0.1090812 0.1090812 0.0832248 0.0130525 0.0000010 0.9974835 1.0954191 0.9974835 0.0000000 1.7644630 0.1085946 0.0904685 
NC_005946_NC_005946.1_00094        2.5979087 1.7644630 0.7041097 1.8167937 1.8057536 1.8160872 2.6117477 2.4511987 1.8167937 2.3677633 1.8675988 2.5418693 1.8401865 1.8271642 1.8271642 1.8057536 1.7644630 1.7644630 2.1278966 1.6825266 2.1278966 1.7644630 0.0000000 1.8346069 1.8289075 
OK042109_MK689686.1_00084          2.1783126 0.1256965 1.7932356 0.1104817 0.1017908 0.0065350 1.8982712 2.5375698 0.1104817 1.9991958 1.1783906 2.0707743 1.3723681 0.0132218 0.0132218 0.1017908 0.1256965 0.1085946 1.0126289 1.1756372 1.0126289 0.1085946 1.8346069 0.0000000 0.1094347 
OQ475017_OQ475017.1_00083          2.2967367 0.0913727 1.8020937 0.0262153 0.0064748 0.1175937 1.7926653 2.6205689 0.0262153 1.8753736 1.1886786 1.9698867 1.4018781 0.1265197 0.1265197 0.0064748 0.0913727 0.0904685 0.9883201 1.1362955 0.9883201 0.0904685 1.8289075 0.1094347 0.0000000 
