26
AF303741_AF303741.1_00168          0.0000000 4.1966096 2.4181017 4.2197509 4.1328093 4.1059229 1.2732031 0.2831523 4.2197509 1.2131501 2.4239778 1.4617228 4.1357776 4.1357776 4.1328093 4.1966096 4.1777620 4.2019267 5.1137972 2.3776424 5.1137972 4.1777620 4.1135605 2.5956807 4.1135605 4.2259783 
AF371960_AF371960.1_00027          4.1966096 0.0000000 4.7512238 0.0430895 0.0361072 0.0395972 4.1949978 4.0727311 0.0430895 3.9110013 4.8784154 5.5398991 0.0436804 0.0436804 0.0361072 0.0000010 0.0396718 0.0064263 0.9939657 4.8339227 0.9939657 0.0396718 0.0395188 5.0882775 0.0395188 0.0097732 
AY521625_AY521625.1_00042          2.4181017 4.7512238 0.0000000 4.8074749 4.7681203 4.7730171 2.6790213 2.4274356 4.8074749 2.6296480 1.4596484 2.6593090 4.6969203 4.6969203 4.7681203 4.7512238 4.7910570 4.7769166 5.1015815 1.5085540 5.1015815 4.7910570 4.7871535 0.4511006 4.7871535 4.8377967 
AY894343_MK689686.1_00025          4.2197509 0.0430895 4.8074749 0.0000000 0.0096207 0.0361984 4.1807628 4.1652382 0.0000010 3.8965099 4.9303550 5.3509526 0.0469076 0.0469076 0.0096207 0.0430895 0.0031877 0.0468828 0.9814317 4.8989618 0.9814317 0.0031877 0.0194139 5.2024933 0.0194139 0.0509230 
BD143114_MK689686.1_00025          4.1328093 0.0361072 4.7681203 0.0096207 0.0000000 0.0293283 4.1397835 4.1033279 0.0096207 3.8513286 4.9159399 5.3254539 0.0398164 0.0398164 0.0000010 0.0361072 0.0063966 0.0397971 0.9843931 4.8745379 0.9843931 0.0063966 0.0095856 5.1817850 0.0095856 0.0437068 
GQ273492_GQ273492.1_00027          4.1059229 0.0395972 4.7730171 0.0361984 0.0293283 0.0000000 4.1774163 4.0885449 0.0361984 3.8458269 4.9028535 5.2852260 0.0195247 0.0195247 0.0293283 0.0395972 0.0328213 0.0470075 0.9825114 4.8492341 0.9825114 0.0328213 0.0193528 5.0801985 0.0193528 0.0510590 
HF920633_HF920633.1_00062          1.2732031 4.1949978 2.6790213 4.1807628 4.1397835 4.1774163 0.0000000 1.4903422 4.1807628 0.2536524 2.3688281 1.6098991 4.1442172 4.1442172 4.1397835 4.1949978 4.1597664 4.2172253 5.0990520 2.2913479 5.0990520 4.1597664 4.1915487 2.7105371 4.1915487 4.2685177 
HF920637_HF920637.1_00061          0.2831523 4.0727311 2.4274356 4.1652382 4.1033279 4.0885449 1.4903422 0.0000000 4.1652382 1.4804718 2.5425465 1.5997091 4.0616703 4.0616703 4.1033279 4.0727311 4.1225011 4.0775671 5.0199101 2.4636836 5.0199101 4.1225011 4.0788895 2.5457845 4.0788895 4.1013804 
KC244182_MK689686.1_00025          4.2197509 0.0430895 4.8074749 0.0000010 0.0096207 0.0361984 4.1807628 4.1652382 0.0000000 3.8965099 4.9303550 5.3509526 0.0469076 0.0469076 0.0096207 0.0430895 0.0031877 0.0468828 0.9814317 4.8989618 0.9814317 0.0031877 0.0194139 5.2024933 0.0194139 0.0509230 
KF938901_KF938901.1_00094          1.2131501 3.9110013 2.6296480 3.8965099 3.8513286 3.8458269 0.2536524 1.4804718 3.8965099 0.0000000 2.2686632 1.5306740 3.8160164 3.8160164 3.8513286 3.9110013 3.8775190 3.9712670 5.2498641 2.2552330 5.2498641 3.8775190 3.8496787 2.5229246 3.8496787 4.0170597 
KX643370_Lymph_LDV3_KX643370_00052 2.4239778 4.8784154 1.4596484 4.9303550 4.9159399 4.9028535 2.3688281 2.5425465 4.9303550 2.2686632 0.0000000 2.4813607 4.8396970 4.8396970 4.9159399 4.8784154 4.9303550 4.8326633 5.7488165 0.1792877 5.7488165 4.9303550 4.9081697 1.5036162 4.9081697 4.8478199 
LS484712_LS484712.1_00149          1.4617228 5.5398991 2.6593090 5.3509526 5.3254539 5.2852260 1.6098991 1.5997091 5.3509526 1.5306740 2.4813607 0.0000000 5.3367235 5.3367235 5.3254539 5.5398991 5.2910792 5.5629573 5.5274190 2.4650637 5.5274190 5.2910792 5.3246645 2.7053395 5.3246645 5.6793932 
MG570131_MG570131.1_00027          4.1357776 0.0436804 4.6969203 0.0469076 0.0398164 0.0195247 4.1442172 4.0616703 0.0469076 3.8160164 4.8396970 5.3367235 0.0000000 0.0000010 0.0398164 0.0436804 0.0434444 0.0471330 0.9784688 4.7952095 0.9784688 0.0434444 0.0328449 5.0004621 0.0328449 0.0511949 
MG570132_MG570132.1_00028          4.1357776 0.0436804 4.6969203 0.0469076 0.0398164 0.0195247 4.1442172 4.0616703 0.0469076 3.8160164 4.8396970 5.3367235 0.0000010 0.0000000 0.0398164 0.0436804 0.0434444 0.0471330 0.9784688 4.7952095 0.9784688 0.0434444 0.0328449 5.0004621 0.0328449 0.0511949 
MK098185_MK689686.1_00025          4.1328093 0.0361072 4.7681203 0.0096207 0.0000010 0.0293283 4.1397835 4.1033279 0.0096207 3.8513286 4.9159399 5.3254539 0.0398164 0.0398164 0.0000000 0.0361072 0.0063966 0.0397971 0.9843931 4.8745379 0.9843931 0.0063966 0.0095856 5.1817850 0.0095856 0.0437068 
MK689685_AF371960.1_00027          4.1966096 0.0000010 4.7512238 0.0430895 0.0361072 0.0395972 4.1949978 4.0727311 0.0430895 3.9110013 4.8784154 5.5398991 0.0436804 0.0436804 0.0361072 0.0000000 0.0396718 0.0064263 0.9939657 4.8339227 0.9939657 0.0396718 0.0395188 5.0882775 0.0395188 0.0097732 
MK689686_MK689686.1_00025          4.1777620 0.0396718 4.7910570 0.0031877 0.0063966 0.0328213 4.1597664 4.1225011 0.0031877 3.8775190 4.9303550 5.2910792 0.0434444 0.0434444 0.0063966 0.0396718 0.0000000 0.0434224 0.9839572 4.8989618 0.9839572 0.0000010 0.0161353 5.1449176 0.0161353 0.0474071 
MN432490_AF371960.1_00027          4.2019267 0.0064263 4.7769166 0.0468828 0.0397971 0.0470075 4.2172253 4.0775671 0.0468828 3.9712670 4.8326633 5.5629573 0.0471330 0.0471330 0.0397971 0.0064263 0.0434224 0.0000000 0.9942475 4.7857904 0.9942475 0.0434224 0.0469130 5.1133952 0.0469130 0.0031895 
MN562489_OM037668.1_00064          5.1137972 0.9939657 5.1015815 0.9814317 0.9843931 0.9825114 5.0990520 5.0199101 0.9814317 5.2498641 5.7488165 5.5274190 0.9784688 0.9784688 0.9843931 0.9939657 0.9839572 0.9942475 0.0000000 5.3551116 0.0000010 0.9839572 0.9702667 5.4805917 0.9702667 0.9966553 
MN803438_MN803438.1_00024          2.3776424 4.8339227 1.5085540 4.8989618 4.8745379 4.8492341 2.2913479 2.4636836 4.8989618 2.2552330 0.1792877 2.4650637 4.7952095 4.7952095 4.8745379 4.8339227 4.8989618 4.7857904 5.3551116 0.0000000 5.3551116 4.8989618 4.8572746 1.5708106 4.8572746 4.8029144 
MT521409_OM037668.1_00064          5.1137972 0.9939657 5.1015815 0.9814317 0.9843931 0.9825114 5.0990520 5.0199101 0.9814317 5.2498641 5.7488165 5.5274190 0.9784688 0.9784688 0.9843931 0.9939657 0.9839572 0.9942475 0.0000010 5.3551116 0.0000000 0.9839572 0.9702667 5.4805917 0.9702667 0.9966553 
MT798582_MK689686.1_00025          4.1777620 0.0396718 4.7910570 0.0031877 0.0063966 0.0328213 4.1597664 4.1225011 0.0031877 3.8775190 4.9303550 5.2910792 0.0434444 0.0434444 0.0063966 0.0396718 0.0000010 0.0434224 0.9839572 4.8989618 0.9839572 0.0000000 0.0161353 5.1449176 0.0161353 0.0474071 
MW139932_MK689686.1_00025          4.1135605 0.0395188 4.7871535 0.0194139 0.0095856 0.0193528 4.1915487 4.0788895 0.0194139 3.8496787 4.9081697 5.3246645 0.0328449 0.0328449 0.0095856 0.0395188 0.0161353 0.0469130 0.9702667 4.8572746 0.9702667 0.0161353 0.0000000 5.1808328 0.0000010 0.0509550 
NC_005946_NC_005946.1_00067        2.5956807 5.0882775 0.4511006 5.2024933 5.1817850 5.0801985 2.7105371 2.5457845 5.2024933 2.5229246 1.5036162 2.7053395 5.0004621 5.0004621 5.1817850 5.0882775 5.1449176 5.1133952 5.4805917 1.5708106 5.4805917 5.1449176 5.1808328 0.0000000 5.1808328 5.1772708 
OL774653_MK689686.1_00025          4.1135605 0.0395188 4.7871535 0.0194139 0.0095856 0.0193528 4.1915487 4.0788895 0.0194139 3.8496787 4.9081697 5.3246645 0.0328449 0.0328449 0.0095856 0.0395188 0.0161353 0.0469130 0.9702667 4.8572746 0.9702667 0.0161353 0.0000010 5.1808328 0.0000000 0.0509550 
OP009387_AF371960.1_00027          4.2259783 0.0097732 4.8377967 0.0509230 0.0437068 0.0510590 4.2685177 4.1013804 0.0509230 4.0170597 4.8478199 5.6793932 0.0511949 0.0511949 0.0437068 0.0097732 0.0474071 0.0031895 0.9966553 4.8029144 0.9966553 0.0474071 0.0509550 5.1772708 0.0509550 0.0000000 
