14
AF371960_AF371960.1_00052 0.0000000 0.0985478 0.0991401 0.1258207 0.0985478 0.2048810 0.2048810 0.0991401 0.0000010 0.0294948 0.1071047 0.1071047 0.0294948 0.1150534 
AY894343_MK689686.1_00051 0.0985478 0.0000000 0.0072686 0.1388421 0.0000010 0.2338307 0.2338307 0.0072686 0.0985478 0.0753480 0.0145810 0.0145810 0.0753480 0.0219243 
BD143114_MK689686.1_00051 0.0991401 0.0072686 0.0000000 0.1396717 0.0072686 0.2352182 0.2352182 0.0000010 0.0991401 0.0758044 0.0072704 0.0072704 0.0758044 0.0145759 
GQ273492_GQ273492.1_00051 0.1258207 0.1388421 0.1396717 0.0000000 0.1388421 0.1426928 0.1426928 0.1396717 0.1258207 0.1345385 0.1479091 0.1479091 0.1345385 0.1561114 
KC244182_MK689686.1_00051 0.0985478 0.0000010 0.0072686 0.1388421 0.0000000 0.2338307 0.2338307 0.0072686 0.0985478 0.0753480 0.0145810 0.0145810 0.0753480 0.0219243 
MG570131_MG570131.1_00052 0.2048810 0.2338307 0.2352182 0.1426928 0.2338307 0.0000000 0.0000010 0.2352182 0.2048810 0.2230673 0.2441755 0.2441755 0.2230673 0.2530532 
MG570132_MG570132.1_00052 0.2048810 0.2338307 0.2352182 0.1426928 0.2338307 0.0000010 0.0000000 0.2352182 0.2048810 0.2230673 0.2441755 0.2441755 0.2230673 0.2530532 
MK098185_MK689686.1_00051 0.0991401 0.0072686 0.0000010 0.1396717 0.0072686 0.2352182 0.2352182 0.0000000 0.0991401 0.0758044 0.0072704 0.0072704 0.0758044 0.0145759 
MK689685_AF371960.1_00052 0.0000010 0.0985478 0.0991401 0.1258207 0.0985478 0.2048810 0.2048810 0.0991401 0.0000000 0.0294948 0.1071047 0.1071047 0.0294948 0.1150534 
MN432490_AF371960.1_00052 0.0294948 0.0753480 0.0758044 0.1345385 0.0753480 0.2230673 0.2230673 0.0758044 0.0294948 0.0000000 0.0836464 0.0836464 0.0000010 0.0914840 
MW139932_MK689686.1_00051 0.1071047 0.0145810 0.0072704 0.1479091 0.0145810 0.2441755 0.2441755 0.0072704 0.1071047 0.0836464 0.0000000 0.0000010 0.0836464 0.0219299 
OL774653_MK689686.1_00051 0.1071047 0.0145810 0.0072704 0.1479091 0.0145810 0.2441755 0.2441755 0.0072704 0.1071047 0.0836464 0.0000010 0.0000000 0.0836464 0.0219299 
OP009387_AF371960.1_00052 0.0294948 0.0753480 0.0758044 0.1345385 0.0753480 0.2230673 0.2230673 0.0758044 0.0294948 0.0000010 0.0836464 0.0836464 0.0000000 0.0914840 
OQ475017_OQ475017.1_00051 0.1150534 0.0219243 0.0145759 0.1561114 0.0219243 0.2530532 0.2530532 0.0145759 0.1150534 0.0914840 0.0219299 0.0219299 0.0914840 0.0000000 
