12
BD143114_Megalocytivirus_pagrus1_RSIV  0.0000000 0.0411308 0.0424608 0.0411308 0.0424608 0.0000010 0.0412726 0.0412726 0.0104214 0.0515578 0.0847226 0.0740361 
MW883603_Megalocytivirus_pagrus1_ISKNV 0.0411308 0.0000000 0.0338619 0.0000010 0.0338619 0.0411308 0.0204804 0.0204804 0.0447453 0.0516315 0.0848289 0.0741340 
ON740976_Megalocytivirus_pagrus1_RSIV  0.0424608 0.0338619 0.0000000 0.0338619 0.0000010 0.0424608 0.0339866 0.0339866 0.0311531 0.0532842 0.0875024 0.0764986 
OR670976_Megalocytivirus_pagrus1_ISKNV 0.0411308 0.0000010 0.0338619 0.0000000 0.0338619 0.0411308 0.0204804 0.0204804 0.0447453 0.0516315 0.0848289 0.0741340 
KT804738_Megalocytivirus_pagrus1_RSIV  0.0424608 0.0338619 0.0000010 0.0338619 0.0000000 0.0424608 0.0339866 0.0339866 0.0311531 0.0532842 0.0875024 0.0764986 
MK098187_Megalocytivirus_pagrus1_RSIV  0.0000010 0.0411308 0.0424608 0.0411308 0.0424608 0.0000000 0.0412726 0.0412726 0.0104214 0.0515578 0.0847226 0.0740361 
OP009387_Megalocytivirus_pagrus1_ISKNV 0.0412726 0.0204804 0.0339866 0.0204804 0.0339866 0.0412726 0.0000000 0.0000010 0.0449107 0.0518131 0.0851501 0.0744100 
MW883595_Megalocytivirus_pagrus1_ISKNV 0.0412726 0.0204804 0.0339866 0.0204804 0.0339866 0.0412726 0.0000010 0.0000000 0.0449107 0.0518131 0.0851501 0.0744100 
ON743042_Megalocytivirus_pagrus1_RSIV  0.0104214 0.0447453 0.0311531 0.0447453 0.0311531 0.0104214 0.0449107 0.0449107 0.0000000 0.0636963 0.0980705 0.0870913 
GQ273492_Megalocytivirus_pagrus1_TRBIV 0.0515578 0.0516315 0.0532842 0.0516315 0.0532842 0.0515578 0.0518131 0.0518131 0.0636963 0.0000000 0.0310211 0.0206570 
MG570132_Megalocytivirus_pagrus1_TRBIV 0.0847226 0.0848289 0.0875024 0.0848289 0.0875024 0.0847226 0.0851501 0.0851501 0.0980705 0.0310211 0.0000000 0.0101074 
MG570131_Megalocytivirus_pagrus1_TRBIV 0.0740361 0.0741340 0.0764986 0.0741340 0.0764986 0.0740361 0.0744100 0.0744100 0.0870913 0.0206570 0.0101074 0.0000000 
