16
AF371960_AF371960.1_00082 0.0000000 0.0302910 0.0364353 0.0489898 0.0302910 0.0684497 0.0684497 0.0364353 0.0000010 0.0059972 1.2124499 1.2124499 0.0059972 0.0302958 0.0302958 0.0364173 
AY894343_MK689686.1_00079 0.0302910 0.0000000 0.0059899 0.0552420 0.0000010 0.0748428 0.0748428 0.0059899 0.0302910 0.0364787 1.1977606 1.1977606 0.0364787 0.0364385 0.0364385 0.0059870 
BD143114_MK689686.1_00079 0.0364353 0.0059899 0.0000000 0.0615286 0.0059899 0.0812726 0.0812726 0.0000010 0.0364353 0.0426600 1.2039930 1.2039930 0.0426600 0.0303349 0.0303349 0.0120018 
GQ273492_GQ273492.1_00078 0.0489898 0.0552420 0.0615286 0.0000000 0.0552420 0.0483957 0.0483957 0.0615286 0.0489898 0.0553128 1.2793590 1.2793590 0.0553128 0.0303233 0.0303233 0.0614974 
KC244182_MK689686.1_00079 0.0302910 0.0000010 0.0059899 0.0552420 0.0000000 0.0748428 0.0748428 0.0059899 0.0302910 0.0364787 1.1977606 1.1977606 0.0364787 0.0364385 0.0364385 0.0059870 
MG570131_MG570131.1_00078 0.0684497 0.0748428 0.0812726 0.0483957 0.0748428 0.0000000 0.0000010 0.0812726 0.0684497 0.0749406 1.2257940 1.2257940 0.0749406 0.0676932 0.0676932 0.0812304 
MG570132_MG570132.1_00078 0.0684497 0.0748428 0.0812726 0.0483957 0.0748428 0.0000010 0.0000000 0.0812726 0.0684497 0.0749406 1.2257940 1.2257940 0.0749406 0.0676932 0.0676932 0.0812304 
MK098185_MK689686.1_00079 0.0364353 0.0059899 0.0000010 0.0615286 0.0059899 0.0812726 0.0812726 0.0000000 0.0364353 0.0426600 1.2039930 1.2039930 0.0426600 0.0303349 0.0303349 0.0120018 
MK689685_AF371960.1_00082 0.0000010 0.0302910 0.0364353 0.0489898 0.0302910 0.0684497 0.0684497 0.0364353 0.0000000 0.0059972 1.2124499 1.2124499 0.0059972 0.0302958 0.0302958 0.0364173 
MN432490_AF371960.1_00082 0.0059972 0.0364787 0.0426600 0.0553128 0.0364787 0.0749406 0.0749406 0.0426600 0.0059972 0.0000000 1.2158727 1.2158727 0.0000010 0.0364844 0.0364844 0.0426387 
MN562489_OM037668.1_00019 1.2124499 1.1977606 1.2039930 1.2793590 1.1977606 1.2257940 1.2257940 1.2039930 1.2124499 1.2158727 0.0000000 0.0000010 1.2158727 1.2444233 1.2444233 1.2147627 
MT521409_OM037668.1_00019 1.2124499 1.1977606 1.2039930 1.2793590 1.1977606 1.2257940 1.2257940 1.2039930 1.2124499 1.2158727 0.0000010 0.0000000 1.2158727 1.2444233 1.2444233 1.2147627 
MT986830_AF371960.1_00082 0.0059972 0.0364787 0.0426600 0.0553128 0.0364787 0.0749406 0.0749406 0.0426600 0.0059972 0.0000010 1.2158727 1.2158727 0.0000000 0.0364844 0.0364844 0.0426387 
MW139932_MK689686.1_00079 0.0302958 0.0364385 0.0303349 0.0303233 0.0364385 0.0676932 0.0676932 0.0303349 0.0302958 0.0364844 1.2444233 1.2444233 0.0364844 0.0000000 0.0000010 0.0425915 
OL774653_MK689686.1_00079 0.0302958 0.0364385 0.0303349 0.0303233 0.0364385 0.0676932 0.0676932 0.0303349 0.0302958 0.0364844 1.2444233 1.2444233 0.0364844 0.0000010 0.0000000 0.0425915 
OQ475017_OQ475017.1_00078 0.0364173 0.0059870 0.0120018 0.0614974 0.0059870 0.0812304 0.0812304 0.0120018 0.0364173 0.0426387 1.2147627 1.2147627 0.0426387 0.0425915 0.0425915 0.0000000 
