25
MG570132_Megalocytivirus_pagrus1_TRBIV    0.0000000 0.1926708 0.1866961 0.1867085 0.5034574 0.1866961 0.1865877 0.1867085 0.5125772 0.5125772 0.2582685 0.5149563 0.5034574 0.1927031 0.1865877 0.1926708 0.1931110 0.1923948 0.5149563 0.0000010 0.1808791 0.1976245 0.1931110 0.1808791 0.1672093 
MT128666_Megalocytivirus_pagrus1_ISKNV    0.1926708 0.0000000 0.0086282 0.0043053 0.4207730 0.0086282 0.0392032 0.0043053 0.4234940 0.4234940 0.0786726 0.4253581 0.4207730 0.0086260 0.0392032 0.0000010 0.0129807 0.0086150 0.4253581 0.1926708 0.0086335 0.0129906 0.0129807 0.0086335 0.2030744 
PP974677_Megalocytivirus_pagrus1_ISKNV    0.1866961 0.0086282 0.0000000 0.0043071 0.4133596 0.0000010 0.0303934 0.0043071 0.4160613 0.4160613 0.0787034 0.4178880 0.4133596 0.0086297 0.0303934 0.0086282 0.0129863 0.0086187 0.4178880 0.1866961 0.0086372 0.0129962 0.0129863 0.0086372 0.1971750 
MW273354_Megalocytivirus_pagrus1_ISKNV    0.1867085 0.0043053 0.0043071 0.0000000 0.4133862 0.0043071 0.0347909 0.0000010 0.4160881 0.4160881 0.0736840 0.4179149 0.4133862 0.0043060 0.0347909 0.0043053 0.0086397 0.0043005 0.4179149 0.1867085 0.0043098 0.0086463 0.0086397 0.0043098 0.1971877 
MT798582_Megalocytivirus_pagrus1_RSIV     0.5034574 0.4207730 0.4133596 0.4133862 0.0000000 0.4133596 0.4130474 0.4133862 0.0606426 0.0606426 0.5785118 0.0658368 0.0000010 0.4217102 0.4130474 0.4207730 0.4133862 0.4200810 0.0658368 0.5034574 0.4214226 0.4297178 0.4133862 0.4214226 0.5020555 
MT986830_Megalocytivirus_pagrus1_ISKNV    0.1866961 0.0086282 0.0000010 0.0043071 0.4133596 0.0000000 0.0303934 0.0043071 0.4160613 0.4160613 0.0787034 0.4178880 0.4133596 0.0086297 0.0303934 0.0086282 0.0129863 0.0086187 0.4178880 0.1866961 0.0086372 0.0129962 0.0129863 0.0086372 0.1971750 
MW883595_Megalocytivirus_pagrus1_ISKNV    0.1865877 0.0392032 0.0303934 0.0347909 0.4130474 0.0303934 0.0000000 0.0347909 0.4157461 0.4157461 0.1137066 0.4175696 0.4130474 0.0392099 0.0000010 0.0392032 0.0437095 0.0391595 0.4175696 0.1865877 0.0392446 0.0437438 0.0437095 0.0392446 0.1926105 
MW883606_Megalocytivirus_pagrus1_ISKNV    0.1867085 0.0043053 0.0043071 0.0000010 0.4133862 0.0043071 0.0347909 0.0000000 0.4160881 0.4160881 0.0736840 0.4179149 0.4133862 0.0043060 0.0347909 0.0043053 0.0086397 0.0043005 0.4179149 0.1867085 0.0043098 0.0086463 0.0086397 0.0043098 0.1971877 
MW139932_Megalocytivirus_pagrus1_RSIV     0.5125772 0.4234940 0.4160613 0.4160881 0.0606426 0.4160613 0.4157461 0.4160881 0.0000000 0.0000010 0.5822208 0.0049545 0.0606426 0.4244418 0.4157461 0.4234940 0.4160881 0.4227962 0.0049545 0.5125772 0.4241491 0.4324942 0.4160881 0.4241491 0.5207585 
AB104413_Megalocytivirus_pagrus1_RSIV     0.5125772 0.4234940 0.4160613 0.4160881 0.0606426 0.4160613 0.4157461 0.4160881 0.0000010 0.0000000 0.5822208 0.0049545 0.0606426 0.4244418 0.4157461 0.4234940 0.4160881 0.4227962 0.0049545 0.5125772 0.4241491 0.4324942 0.4160881 0.4241491 0.5207585 
MK689685_Megalocytivirus_pagrus1_ISKNV    0.2582685 0.0786726 0.0787034 0.0736840 0.5785118 0.0787034 0.1137066 0.0736840 0.5822208 0.5822208 0.0000000 0.5851119 0.5785118 0.0786867 0.1137066 0.0786726 0.0838476 0.0785748 0.5851119 0.2582685 0.0787652 0.0839228 0.0838476 0.0787652 0.2945940 
MK098187_Megalocytivirus_pagrus1_RSIV     0.5149563 0.4253581 0.4178880 0.4179149 0.0658368 0.4178880 0.4175696 0.4179149 0.0049545 0.0049545 0.5851119 0.0000000 0.0658368 0.4263157 0.4175696 0.4253581 0.4179149 0.4246542 0.0000010 0.5149563 0.4260190 0.4344245 0.4179149 0.4260190 0.5231858 
AP017456_Megalocytivirus_pagrus1_RSIV     0.5034574 0.4207730 0.4133596 0.4133862 0.0000010 0.4133596 0.4130474 0.4133862 0.0606426 0.0606426 0.5785118 0.0658368 0.0000000 0.4217102 0.4130474 0.4207730 0.4133862 0.4200810 0.0658368 0.5034574 0.4214226 0.4297178 0.4133862 0.4214226 0.5020555 
MW883603_Megalocytivirus_pagrus1_ISKNV    0.1927031 0.0086260 0.0086297 0.0043060 0.4217102 0.0086297 0.0392099 0.0043060 0.4244418 0.4244418 0.0786867 0.4263157 0.4217102 0.0000000 0.0392099 0.0086260 0.0129830 0.0086165 0.4263157 0.1927031 0.0086350 0.0129929 0.0129830 0.0086350 0.2031071 
MN432490_Megalocytivirus_pagrus1_ISKNV    0.1865877 0.0392032 0.0303934 0.0347909 0.4130474 0.0303934 0.0000010 0.0347909 0.4157461 0.4157461 0.1137066 0.4175696 0.4130474 0.0392099 0.0000000 0.0392032 0.0437095 0.0391595 0.4175696 0.1865877 0.0392446 0.0437438 0.0437095 0.0392446 0.1926105 
MT128667_Megalocytivirus_pagrus1_ISKNV    0.1926708 0.0000010 0.0086282 0.0043053 0.4207730 0.0086282 0.0392032 0.0043053 0.4234940 0.4234940 0.0786726 0.4253581 0.4207730 0.0086260 0.0392032 0.0000000 0.0129807 0.0086150 0.4253581 0.1926708 0.0086335 0.0129906 0.0129807 0.0086335 0.2030744 
23043610005_Megalocytivirus_pagrus1_ISKNV 0.1931110 0.0129807 0.0129863 0.0086397 0.4133862 0.0129863 0.0437095 0.0086397 0.4160881 0.4160881 0.0838476 0.4179149 0.4133862 0.0129830 0.0437095 0.0129807 0.0000000 0.0129664 0.4179149 0.1931110 0.0129944 0.0173803 0.0000010 0.0129944 0.2035328 
MW883593_Megalocytivirus_pagrus1_ISKNV    0.1923948 0.0086150 0.0086187 0.0043005 0.4200810 0.0086187 0.0391595 0.0043005 0.4227962 0.4227962 0.0785748 0.4246542 0.4200810 0.0086165 0.0391595 0.0086150 0.0129664 0.0000000 0.4246542 0.1923948 0.0086240 0.0129762 0.0129664 0.0086240 0.2027883 
MK098186_Megalocytivirus_pagrus1_RSIV     0.5149563 0.4253581 0.4178880 0.4179149 0.0658368 0.4178880 0.4175696 0.4179149 0.0049545 0.0049545 0.5851119 0.0000010 0.0658368 0.4263157 0.4175696 0.4253581 0.4179149 0.4246542 0.0000000 0.5149563 0.4260190 0.4344245 0.4179149 0.4260190 0.5231858 
MG570131_Megalocytivirus_pagrus1_TRBIV    0.0000010 0.1926708 0.1866961 0.1867085 0.5034574 0.1866961 0.1865877 0.1867085 0.5125772 0.5125772 0.2582685 0.5149563 0.5034574 0.1927031 0.1865877 0.1926708 0.1931110 0.1923948 0.5149563 0.0000000 0.1808791 0.1976245 0.1931110 0.1808791 0.1672093 
OQ513807_Megalocytivirus_pagrus1_ISKNV    0.1808791 0.0086335 0.0086372 0.0043098 0.4214226 0.0086372 0.0392446 0.0043098 0.4241491 0.4241491 0.0787652 0.4260190 0.4214226 0.0086350 0.0392446 0.0086335 0.0129944 0.0086240 0.4260190 0.1808791 0.0000000 0.0130043 0.0129944 0.0000010 0.2033440 
MW273353_Megalocytivirus_pagrus1_ISKNV    0.1976245 0.0129906 0.0129962 0.0086463 0.4297178 0.0129962 0.0437438 0.0086463 0.4324942 0.4324942 0.0839228 0.4344245 0.4297178 0.0129929 0.0437438 0.0129906 0.0173803 0.0129762 0.4344245 0.1976245 0.0130043 0.0000000 0.0173803 0.0130043 0.2080907 
23043610003_Megalocytivirus_pagrus1_ISKNV 0.1931110 0.0129807 0.0129863 0.0086397 0.4133862 0.0129863 0.0437095 0.0086397 0.4160881 0.4160881 0.0838476 0.4179149 0.4133862 0.0129830 0.0437095 0.0129807 0.0000010 0.0129664 0.4179149 0.1931110 0.0129944 0.0173803 0.0000000 0.0129944 0.2035328 
OR670976_Megalocytivirus_pagrus1_ISKNV    0.1808791 0.0086335 0.0086372 0.0043098 0.4214226 0.0086372 0.0392446 0.0043098 0.4241491 0.4241491 0.0787652 0.4260190 0.4214226 0.0086350 0.0392446 0.0086335 0.0129944 0.0086240 0.4260190 0.1808791 0.0000010 0.0130043 0.0129944 0.0000000 0.2033440 
GQ273492_Megalocytivirus_pagrus1_TRBIV    0.1672093 0.2030744 0.1971750 0.1971877 0.5020555 0.1971750 0.1926105 0.1971877 0.5207585 0.5207585 0.2945940 0.5231858 0.5020555 0.2031071 0.1926105 0.2030744 0.2035328 0.2027883 0.5231858 0.1672093 0.2033440 0.2080907 0.2035328 0.2033440 0.0000000 
