20
MK098186_Megalocytivirus_pagrus1_RSIV  0.0000000 0.0551864 0.1549267 0.0842667 0.0551864 0.0613201 0.0453788 0.0842667 0.0939519 0.0738774 0.0939519 0.0453788 0.0738774 0.0170834 0.0084002 0.1549267 0.0084002 0.0938306 0.0951997 0.1040800 
OK042108_Megalocytivirus_pagrus1_RSIV  0.0551864 0.0000000 0.1624257 0.1081722 0.0000010 0.0828514 0.0084053 0.1081722 0.1107130 0.0969336 0.1107130 0.0084053 0.0969336 0.0359124 0.0458249 0.1624257 0.0458249 0.1212743 0.1200674 0.1215746 
MG570132_Megalocytivirus_pagrus1_TRBIV 0.1549267 0.1624257 0.0000000 0.1485809 0.1624257 0.1375938 0.1495397 0.1485809 0.1368840 0.1612322 0.1368840 0.1495397 0.1612322 0.1314528 0.1444214 0.0000010 0.1444214 0.1473971 0.1612728 0.1477508 
OR356116_Megalocytivirus_pagrus1_ISKNV 0.0842667 0.1081722 0.1485809 0.0000000 0.1081722 0.0714647 0.0970617 0.0000010 0.0082500 0.0083440 0.0082500 0.0970617 0.0083440 0.0641946 0.0747699 0.1485809 0.0747699 0.0166068 0.0083460 0.0166410 
OL774653_Megalocytivirus_pagrus1_RSIV  0.0551864 0.0000010 0.1624257 0.1081722 0.0000000 0.0828514 0.0084053 0.1081722 0.1107130 0.0969336 0.1107130 0.0084053 0.0969336 0.0359124 0.0458249 0.1624257 0.0458249 0.1212743 0.1200674 0.1215746 
GQ273492_Megalocytivirus_pagrus1_TRBIV 0.0613201 0.0828514 0.1375938 0.0714647 0.0828514 0.0000000 0.0726595 0.0714647 0.0807315 0.0690626 0.0807315 0.0726595 0.0690626 0.0428062 0.0523849 0.1375938 0.0523849 0.0901804 0.0817613 0.0903847 
OK042109_Megalocytivirus_pagrus1_RSIV  0.0453788 0.0084053 0.1495397 0.0970617 0.0084053 0.0726595 0.0000000 0.0970617 0.0994078 0.0861372 0.0994078 0.0000010 0.0861372 0.0265883 0.0361772 0.1495397 0.0361772 0.1097691 0.1085924 0.1100381 
MK689685_Megalocytivirus_pagrus1_ISKNV 0.0842667 0.1081722 0.1485809 0.0000010 0.1081722 0.0714647 0.0970617 0.0000000 0.0082500 0.0083440 0.0082500 0.0970617 0.0083440 0.0641946 0.0747699 0.1485809 0.0747699 0.0166068 0.0083460 0.0166410 
MT926123_Megalocytivirus_pagrus1_ISKNV 0.0939519 0.1107130 0.1368840 0.0082500 0.1107130 0.0807315 0.0994078 0.0082500 0.0000000 0.0167790 0.0000010 0.0994078 0.0167790 0.0736186 0.0844091 0.1368840 0.0844091 0.0082455 0.0167830 0.0082622 
PP974677_Megalocytivirus_pagrus1_ISKNV 0.0738774 0.0969336 0.1612322 0.0083440 0.0969336 0.0690626 0.0861372 0.0083440 0.0167790 0.0000000 0.0167790 0.0861372 0.0000010 0.0542849 0.0645280 0.1612322 0.0645280 0.0253319 0.0169780 0.0253852 
OR670976_Megalocytivirus_pagrus1_ISKNV 0.0939519 0.1107130 0.1368840 0.0082500 0.1107130 0.0807315 0.0994078 0.0082500 0.0000010 0.0167790 0.0000000 0.0994078 0.0167790 0.0736186 0.0844091 0.1368840 0.0844091 0.0082455 0.0167830 0.0082622 
ON075463_Megalocytivirus_pagrus1_RSIV  0.0453788 0.0084053 0.1495397 0.0970617 0.0084053 0.0726595 0.0000010 0.0970617 0.0994078 0.0861372 0.0994078 0.0000000 0.0861372 0.0265883 0.0361772 0.1495397 0.0361772 0.1097691 0.1085924 0.1100381 
MT986830_Megalocytivirus_pagrus1_ISKNV 0.0738774 0.0969336 0.1612322 0.0083440 0.0969336 0.0690626 0.0861372 0.0083440 0.0167790 0.0000010 0.0167790 0.0861372 0.0000000 0.0542849 0.0645280 0.1612322 0.0645280 0.0253319 0.0169780 0.0253852 
MW883598_Megalocytivirus_pagrus1_RSIV  0.0170834 0.0359124 0.1314528 0.0641946 0.0359124 0.0428062 0.0265883 0.0641946 0.0736186 0.0542849 0.0736186 0.0265883 0.0542849 0.0000000 0.0085083 0.1314528 0.0085083 0.0832106 0.0745749 0.0834027 
MK098185_Megalocytivirus_pagrus1_RSIV  0.0084002 0.0458249 0.1444214 0.0747699 0.0458249 0.0523849 0.0361772 0.0747699 0.0844091 0.0645280 0.0844091 0.0361772 0.0645280 0.0085083 0.0000000 0.1444214 0.0000010 0.0842945 0.0855275 0.0944553 
MG570131_Megalocytivirus_pagrus1_TRBIV 0.1549267 0.1624257 0.0000010 0.1485809 0.1624257 0.1375938 0.1495397 0.1485809 0.1368840 0.1612322 0.1368840 0.1495397 0.1612322 0.1314528 0.1444214 0.0000000 0.1444214 0.1473971 0.1612728 0.1477508 
MK098187_Megalocytivirus_pagrus1_RSIV  0.0084002 0.0458249 0.1444214 0.0747699 0.0458249 0.0523849 0.0361772 0.0747699 0.0844091 0.0645280 0.0844091 0.0361772 0.0645280 0.0085083 0.0000010 0.1444214 0.0000000 0.0842945 0.0855275 0.0944553 
MW883594_Megalocytivirus_pagrus1_ISKNV 0.0938306 0.1212743 0.1473971 0.0166068 0.1212743 0.0901804 0.1097691 0.0166068 0.0082455 0.0253319 0.0082455 0.1097691 0.0253319 0.0832106 0.0842945 0.1473971 0.0842945 0.0000000 0.0253378 0.0166318 
MW883600_Megalocytivirus_pagrus1_ISKNV 0.0951997 0.1200674 0.1612728 0.0083460 0.1200674 0.0817613 0.1085924 0.0083460 0.0167830 0.0169780 0.0167830 0.1085924 0.0169780 0.0745749 0.0855275 0.1612728 0.0855275 0.0253378 0.0000000 0.0253912 
MW883599_Megalocytivirus_pagrus1_ISKNV 0.1040800 0.1215746 0.1477508 0.0166410 0.1215746 0.0903847 0.1100381 0.0166410 0.0082622 0.0253852 0.0082622 0.1100381 0.0253852 0.0834027 0.0944553 0.1477508 0.0944553 0.0166318 0.0253912 0.0000000 
