18
MK637631_European_chub_iridovirus_ECIV                   0.0000000 2.0040634 1.9616535 2.0303613 2.0040634 1.9616535 2.5526435 2.0303613 1.8929600 1.8929600 2.7409562 2.7409562 1.9995681 1.8982315 1.8982315 2.0840371 2.0840371 2.0599663 
OP896201_Megalocytivirus_pagrus1_ISKNV                   2.0040634 0.0000000 0.1522707 0.1426102 0.0000010 0.1522707 1.2735566 0.1426102 0.1114641 0.1114641 1.5088984 1.5088984 0.1178116 0.0578316 0.0578316 0.1541964 0.1541964 0.0090475 
KC244182_Megalocytivirus_pagrus1_RSIV                    1.9616535 0.1522707 0.0000000 0.0356314 0.1522707 0.0000010 1.2877041 0.0356314 0.1229060 0.1229060 1.5813111 1.5813111 0.1173236 0.0993244 0.0993244 0.0449294 0.0449294 0.1632097 
OL774653_Megalocytivirus_pagrus1_RSIV                    2.0303613 0.1426102 0.0356314 0.0000000 0.1426102 0.0356314 1.2868153 0.0000010 0.1140553 0.1140553 1.5757538 1.5757538 0.1087203 0.0895121 0.0895121 0.0087743 0.0087743 0.1535823 
ON212400_Megalocytivirus_pagrus1_ISKNV                   2.0040634 0.0000010 0.1522707 0.1426102 0.0000000 0.1522707 1.2735566 0.1426102 0.1114641 0.1114641 1.5088984 1.5088984 0.1178116 0.0578316 0.0578316 0.1541964 0.1541964 0.0090475 
MT798582_Megalocytivirus_pagrus1_RSIV                    1.9616535 0.1522707 0.0000010 0.0356314 0.1522707 0.0000000 1.2877041 0.0356314 0.1229060 0.1229060 1.5813111 1.5813111 0.1173236 0.0993244 0.0993244 0.0449294 0.0449294 0.1632097 
PQ335173_PQ335174_Threespine_stickleback_iridovirus_TSIV 2.5526435 1.2735566 1.2877041 1.2868153 1.2735566 1.2877041 0.0000000 1.2868153 1.3639952 1.3639952 2.1947029 2.1947029 1.3201770 1.3160141 1.3160141 1.2729802 1.2729802 1.2944938 
OL774654_Megalocytivirus_pagrus1_RSIV                    2.0303613 0.1426102 0.0356314 0.0000010 0.1426102 0.0356314 1.2868153 0.0000000 0.1140553 0.1140553 1.5757538 1.5757538 0.1087203 0.0895121 0.0895121 0.0087743 0.0087743 0.1535823 
MG570132_Megalocytivirus_pagrus1_TRBIV                   1.8929600 0.1114641 0.1229060 0.1140553 0.1114641 0.1229060 1.3639952 0.1140553 0.0000000 0.0000010 1.4928675 1.4928675 0.0800164 0.1061164 0.1061164 0.1254103 0.1254103 0.1221165 
MG570131_Megalocytivirus_pagrus1_TRBIV                   1.8929600 0.1114641 0.1229060 0.1140553 0.1114641 0.1229060 1.3639952 0.1140553 0.0000010 0.0000000 1.4928675 1.4928675 0.0800164 0.1061164 0.1061164 0.1254103 0.1254103 0.1221165 
OM037668_Megalocytivirus_lates1_SDDV                     2.7409562 1.5088984 1.5813111 1.5757538 1.5088984 1.5813111 2.1947029 1.5757538 1.4928675 1.4928675 0.0000000 0.0000010 1.5895975 1.5684571 1.5684571 1.6186793 1.6186793 1.5494442 
MN562489_Megalocytivirus_lates1_SDDV                     2.7409562 1.5088984 1.5813111 1.5757538 1.5088984 1.5813111 2.1947029 1.5757538 1.4928675 1.4928675 0.0000010 0.0000000 1.5895975 1.5684571 1.5684571 1.6186793 1.6186793 1.5494442 
GQ273492_Megalocytivirus_pagrus1_TRBIV                   1.9995681 0.1178116 0.1173236 0.1087203 0.1178116 0.1173236 1.3201770 0.1087203 0.0800164 0.0800164 1.5895975 1.5895975 0.0000000 0.1088425 0.1088425 0.1196631 0.1196631 0.1283112 
OP009387_Megalocytivirus_pagrus1_ISKNV                   1.8982315 0.0578316 0.0993244 0.0895121 0.0578316 0.0993244 1.3160141 0.0895121 0.1061164 0.1061164 1.5684571 1.5684571 0.1088425 0.0000000 0.0000010 0.1003662 0.1003662 0.0678319 
MN432490_Megalocytivirus_pagrus1_ISKNV                   1.8982315 0.0578316 0.0993244 0.0895121 0.0578316 0.0993244 1.3160141 0.0895121 0.1061164 0.1061164 1.5684571 1.5684571 0.1088425 0.0000010 0.0000000 0.1003662 0.1003662 0.0678319 
MK098186_Megalocytivirus_pagrus1_RSIV                    2.0840371 0.1541964 0.0449294 0.0087743 0.1541964 0.0449294 1.2729802 0.0087743 0.1254103 0.1254103 1.6186793 1.6186793 0.1196631 0.1003662 0.1003662 0.0000000 0.0000010 0.1653300 
MK098187_Megalocytivirus_pagrus1_RSIV                    2.0840371 0.1541964 0.0449294 0.0087743 0.1541964 0.0449294 1.2729802 0.0087743 0.1254103 0.1254103 1.6186793 1.6186793 0.1196631 0.1003662 0.1003662 0.0000010 0.0000000 0.1653300 
MW883601_Megalocytivirus_pagrus1_ISKNV                   2.0599663 0.0090475 0.1632097 0.1535823 0.0090475 0.1632097 1.2944938 0.1535823 0.1221165 0.1221165 1.5494442 1.5494442 0.1283112 0.0678319 0.0678319 0.1653300 0.1653300 0.0000000 
