13
ON743042_Megalocytivirus_pagrus1_RSIV                    0.0000000 0.0121643 0.0264443 0.0000010 0.0714974 0.0121643 2.2535344 0.0264443 1.0535302 0.0683130 2.2535344 0.0273255 0.0714974 
BD143114_Megalocytivirus_pagrus1_RSIV                    0.0121643 0.0000000 0.0126975 0.0121643 0.0553207 0.0000010 2.3187669 0.0126975 1.0498430 0.0523383 2.3187669 0.0279283 0.0553207 
MT128667_Megalocytivirus_pagrus1_ISKNV                   0.0264443 0.0126975 0.0000000 0.0264443 0.0525153 0.0126975 2.3074260 0.0000010 1.0473242 0.0496994 2.3074260 0.0127732 0.0525153 
ON740976_Megalocytivirus_pagrus1_RSIV                    0.0000010 0.0121643 0.0264443 0.0000000 0.0714974 0.0121643 2.2535344 0.0264443 1.0535302 0.0683130 2.2535344 0.0273255 0.0714974 
MG570132_Megalocytivirus_pagrus1_TRBIV                   0.0714974 0.0553207 0.0525153 0.0714974 0.0000000 0.0553207 2.3166464 0.0525153 1.0476535 0.0248706 2.3166464 0.0710544 0.0000010 
MK098186_Megalocytivirus_pagrus1_RSIV                    0.0121643 0.0000010 0.0126975 0.0121643 0.0553207 0.0000000 2.3187669 0.0126975 1.0498430 0.0523383 2.3187669 0.0279283 0.0553207 
MN562489_Megalocytivirus_lates1_SDDV                     2.2535344 2.3187669 2.3074260 2.2535344 2.3166464 2.3187669 0.0000000 2.3074260 3.3531163 2.3779079 0.0000010 2.3172980 2.3166464 
23043610005_Megalocytivirus_pagrus1_ISKNV                0.0264443 0.0126975 0.0000010 0.0264443 0.0525153 0.0126975 2.3074260 0.0000000 1.0473242 0.0496994 2.3074260 0.0127732 0.0525153 
PQ335173_PQ335174_Threespine_stickleback_iridovirus_TSIV 1.0535302 1.0498430 1.0473242 1.0535302 1.0476535 1.0498430 3.3531163 1.0473242 0.0000000 0.9577437 3.3531163 1.0497461 1.0476535 
GQ273492_Megalocytivirus_pagrus1_TRBIV                   0.0683130 0.0523383 0.0496994 0.0683130 0.0248706 0.0523383 2.3779079 0.0496994 0.9577437 0.0000000 2.3779079 0.0678885 0.0248706 
MT521409_Megalocytivirus_lates1_SDDV                     2.2535344 2.3187669 2.3074260 2.2535344 2.3166464 2.3187669 0.0000010 2.3074260 3.3531163 2.3779079 0.0000000 2.3172980 2.3166464 
MT926123_Megalocytivirus_pagrus1_ISKNV                   0.0273255 0.0279283 0.0127732 0.0273255 0.0710544 0.0279283 2.3172980 0.0127732 1.0497461 0.0678885 2.3172980 0.0000000 0.0710544 
MG570131_Megalocytivirus_pagrus1_TRBIV                   0.0714974 0.0553207 0.0525153 0.0714974 0.0000010 0.0553207 2.3166464 0.0525153 1.0476535 0.0248706 2.3166464 0.0710544 0.0000000 
