14
MW883606_Megalocytivirus_pagrus1_ISKNV                   0.0000000 0.0140191 0.0140191 0.0000010 0.7729384 0.0048277 0.0236210 0.0096912 0.4255422 0.0236210 0.0048277 0.7729384 0.0046782 0.0187572 
KT804738_Megalocytivirus_pagrus1_RSIV                    0.0140191 0.0000000 0.0000010 0.0140191 0.7735101 0.0141593 0.0188653 0.0189658 0.4414141 0.0188653 0.0141593 0.7735101 0.0189329 0.0140441 
OK042109_Megalocytivirus_pagrus1_RSIV                    0.0140191 0.0000010 0.0000000 0.0140191 0.7735101 0.0141593 0.0188653 0.0189658 0.4414141 0.0188653 0.0141593 0.7735101 0.0189329 0.0140441 
MW883603_Megalocytivirus_pagrus1_ISKNV                   0.0000010 0.0140191 0.0140191 0.0000000 0.7729384 0.0048277 0.0236210 0.0096912 0.4255422 0.0236210 0.0048277 0.7729384 0.0046782 0.0187572 
MN562489_Megalocytivirus_lates1_SDDV                     0.7729384 0.7735101 0.7735101 0.7729384 0.0000000 0.7729384 0.7337925 0.7745718 0.7873375 0.7337925 0.7729384 0.0000010 0.7834449 0.7474307 
MN432490_Megalocytivirus_pagrus1_ISKNV                   0.0048277 0.0141593 0.0141593 0.0048277 0.7729384 0.0000000 0.0238605 0.0046407 0.4275648 0.0238605 0.0000010 0.7729384 0.0097746 0.0189450 
MG570132_Megalocytivirus_pagrus1_TRBIV                   0.0236210 0.0188653 0.0188653 0.0236210 0.7337925 0.0238605 0.0000000 0.0287655 0.4277257 0.0000010 0.0238605 0.7337925 0.0287116 0.0140189 
OP009387_Megalocytivirus_pagrus1_ISKNV                   0.0096912 0.0189658 0.0189658 0.0096912 0.7745718 0.0046407 0.0287655 0.0000000 0.4359069 0.0287655 0.0046407 0.7745718 0.0147168 0.0237919 
PQ335173_PQ335174_Threespine_stickleback_iridovirus_TSIV 0.4255422 0.4414141 0.4414141 0.4255422 0.7873375 0.4275648 0.4277257 0.4359069 0.0000000 0.4277257 0.4275648 0.7873375 0.4277346 0.4380875 
MG570131_Megalocytivirus_pagrus1_TRBIV                   0.0236210 0.0188653 0.0188653 0.0236210 0.7337925 0.0238605 0.0000010 0.0287655 0.4277257 0.0000000 0.0238605 0.7337925 0.0287116 0.0140189 
MW883595_Megalocytivirus_pagrus1_ISKNV                   0.0048277 0.0141593 0.0141593 0.0048277 0.7729384 0.0000010 0.0238605 0.0046407 0.4275648 0.0238605 0.0000000 0.7729384 0.0097746 0.0189450 
MT521409_Megalocytivirus_lates1_SDDV                     0.7729384 0.7735101 0.7735101 0.7729384 0.0000010 0.7729384 0.7337925 0.7745718 0.7873375 0.7337925 0.7729384 0.0000000 0.7834449 0.7474307 
OR536350_Megalocytivirus_pagrus1_ISKNV                   0.0046782 0.0189329 0.0189329 0.0046782 0.7834449 0.0097746 0.0287116 0.0147168 0.4277346 0.0287116 0.0097746 0.7834449 0.0000000 0.0237492 
GQ273492_Megalocytivirus_pagrus1_TRBIV                   0.0187572 0.0140441 0.0140441 0.0187572 0.7474307 0.0189450 0.0140189 0.0237919 0.4380875 0.0140189 0.0189450 0.7474307 0.0237492 0.0000000 
