15
MK637631_European_chub_iridovirus_ECIV                   0.0000000 0.7624801 0.7679349 0.7679349 0.7624801 0.2735174 0.7687511 0.7414191 0.7750962 0.7827603 0.7414191 0.7687511 0.2735174 0.7671104 0.7593399 
MW883606_Megalocytivirus_pagrus1_ISKNV                   0.7624801 0.0000000 0.0139902 0.0139902 0.0000010 0.6974503 0.0047056 0.0236717 0.0094666 0.3848967 0.0236717 0.0047056 0.6974503 0.0046644 0.0187281 
KT804738_Megalocytivirus_pagrus1_RSIV                    0.7679349 0.0139902 0.0000000 0.0000010 0.0139902 0.6979289 0.0141705 0.0188875 0.0190023 0.4010028 0.0188875 0.0141705 0.6979289 0.0188534 0.0140087 
OK042109_Megalocytivirus_pagrus1_RSIV                    0.7679349 0.0139902 0.0000010 0.0000000 0.0139902 0.6979289 0.0141705 0.0188875 0.0190023 0.4010028 0.0188875 0.0141705 0.6979289 0.0188534 0.0140087 
MW883603_Megalocytivirus_pagrus1_ISKNV                   0.7624801 0.0000010 0.0139902 0.0139902 0.0000000 0.6974503 0.0047056 0.0236717 0.0094666 0.3848967 0.0236717 0.0047056 0.6974503 0.0046644 0.0187281 
MN562489_Megalocytivirus_lates1_SDDV                     0.2735174 0.6974503 0.6979289 0.6979289 0.6974503 0.0000000 0.6974503 0.6604620 0.6983820 0.7006082 0.6604620 0.6974503 0.0000010 0.7036324 0.6748643 
MN432490_Megalocytivirus_pagrus1_ISKNV                   0.7687511 0.0047056 0.0141705 0.0141705 0.0047056 0.6974503 0.0000000 0.0239811 0.0046371 0.3885019 0.0239811 0.0000010 0.6974503 0.0095147 0.0189703 
MG570132_Megalocytivirus_pagrus1_TRBIV                   0.7414191 0.0236717 0.0188875 0.0188875 0.0236717 0.6604620 0.0239811 0.0000000 0.0289430 0.3855032 0.0000010 0.0239811 0.6604620 0.0287134 0.0140674 
OP009387_Megalocytivirus_pagrus1_ISKNV                   0.7750962 0.0094666 0.0190023 0.0190023 0.0094666 0.6983820 0.0046371 0.0289430 0.0000000 0.3971598 0.0289430 0.0046371 0.6983820 0.0143537 0.0238496 
PQ335173_PQ335174_Threespine_stickleback_iridovirus_TSIV 0.7827603 0.3848967 0.4010028 0.4010028 0.3848967 0.7006082 0.3885019 0.3855032 0.3971598 0.0000000 0.3855032 0.3885019 0.7006082 0.3840130 0.3956804 
MG570131_Megalocytivirus_pagrus1_TRBIV                   0.7414191 0.0236717 0.0188875 0.0188875 0.0236717 0.6604620 0.0239811 0.0000010 0.0289430 0.3855032 0.0000000 0.0239811 0.6604620 0.0287134 0.0140674 
MW883595_Megalocytivirus_pagrus1_ISKNV                   0.7687511 0.0047056 0.0141705 0.0141705 0.0047056 0.6974503 0.0000010 0.0239811 0.0046371 0.3885019 0.0239811 0.0000000 0.6974503 0.0095147 0.0189703 
MT521409_Megalocytivirus_lates1_SDDV                     0.2735174 0.6974503 0.6979289 0.6979289 0.6974503 0.0000010 0.6974503 0.6604620 0.6983820 0.7006082 0.6604620 0.6974503 0.0000000 0.7036324 0.6748643 
OR536350_Megalocytivirus_pagrus1_ISKNV                   0.7671104 0.0046644 0.0188534 0.0188534 0.0046644 0.7036324 0.0095147 0.0287134 0.0143537 0.3840130 0.0287134 0.0095147 0.7036324 0.0000000 0.0236624 
GQ273492_Megalocytivirus_pagrus1_TRBIV                   0.7593399 0.0187281 0.0140087 0.0140087 0.0187281 0.6748643 0.0189703 0.0140674 0.0238496 0.3956804 0.0140674 0.0189703 0.6748643 0.0236624 0.0000000 
