14
AF371960_AF371960.1_00083 0.0000000 0.0537042 0.0705560 0.0884517 0.0537042 0.0880416 0.0880416 0.0705560 0.0000010 0.0278487 1.8068478 1.8068478 0.0278487 0.0676272 
AY894343_MK689686.1_00080 0.0537042 0.0000000 0.0248472 0.0646670 0.0000010 0.0675750 0.0675750 0.0248472 0.0537042 0.0594069 1.7681103 1.7681103 0.0594069 0.0220527 
BD143114_MK689686.1_00080 0.0705560 0.0248472 0.0000000 0.0736908 0.0248472 0.0737006 0.0737006 0.0000010 0.0705560 0.0711048 1.7995223 1.7995223 0.0711048 0.0027388 
GQ273492_GQ273492.1_00079 0.0884517 0.0646670 0.0736908 0.0000000 0.0646670 0.0388545 0.0388545 0.0736908 0.0884517 0.0918345 1.8110392 1.8110392 0.0918345 0.0707475 
KC244182_MK689686.1_00080 0.0537042 0.0000010 0.0248472 0.0646670 0.0000000 0.0675750 0.0675750 0.0248472 0.0537042 0.0594069 1.7681103 1.7681103 0.0594069 0.0220527 
MG570131_MG570131.1_00079 0.0880416 0.0675750 0.0737006 0.0388545 0.0675750 0.0000000 0.0000010 0.0737006 0.0880416 0.0855438 1.7805959 1.7805959 0.0855438 0.0707567 
MG570132_MG570132.1_00079 0.0880416 0.0675750 0.0737006 0.0388545 0.0675750 0.0000010 0.0000000 0.0737006 0.0880416 0.0855438 1.7805959 1.7805959 0.0855438 0.0707567 
MK098185_MK689686.1_00080 0.0705560 0.0248472 0.0000010 0.0736908 0.0248472 0.0737006 0.0737006 0.0000000 0.0705560 0.0711048 1.7995223 1.7995223 0.0711048 0.0027388 
MK689685_AF371960.1_00083 0.0000010 0.0537042 0.0705560 0.0884517 0.0537042 0.0880416 0.0880416 0.0705560 0.0000000 0.0278487 1.8068478 1.8068478 0.0278487 0.0676272 
MN432490_AF371960.1_00083 0.0278487 0.0594069 0.0711048 0.0918345 0.0594069 0.0855438 0.0855438 0.0711048 0.0278487 0.0000000 1.8244695 1.8244695 0.0000010 0.0681559 
MN562489_OM037668.1_00018 1.8068478 1.7681103 1.7995223 1.8110392 1.7681103 1.7805959 1.7805959 1.7995223 1.8068478 1.8244695 0.0000000 0.0000010 1.8244695 1.7847525 
MT521409_OM037668.1_00018 1.8068478 1.7681103 1.7995223 1.8110392 1.7681103 1.7805959 1.7805959 1.7995223 1.8068478 1.8244695 0.0000010 0.0000000 1.8244695 1.7847525 
MT986830_AF371960.1_00083 0.0278487 0.0594069 0.0711048 0.0918345 0.0594069 0.0855438 0.0855438 0.0711048 0.0278487 0.0000010 1.8244695 1.8244695 0.0000000 0.0681559 
OQ475017_OQ475017.1_00079 0.0676272 0.0220527 0.0027388 0.0707475 0.0220527 0.0707567 0.0707567 0.0027388 0.0676272 0.0681559 1.7847525 1.7847525 0.0681559 0.0000000 
