28
OP009387_Megalocytivirus_pagrus1_ISKNV                   0.0000000 0.0849653 0.0448828 0.0399351 0.1003654 0.1003654 0.1081651 0.1389574 0.0399351 0.0000010 0.0849653 0.0303804 0.0424383 2.4737448 0.0327336 0.0424105 0.1368872 0.0423473 0.1032824 0.1059737 0.0423880 0.0423473 0.1059737 0.1368872 0.0423174 0.0877159 0.0877159 0.0423174 
OK042108_Megalocytivirus_pagrus1_RSIV                    0.0849653 0.0000000 0.1096561 0.1067244 0.0388629 0.0388629 0.0799550 0.1337998 0.1067244 0.0849653 0.0000010 0.1045227 0.1097695 2.5162635 0.1071691 0.1096835 0.1365222 0.1094920 0.0414083 0.0438758 0.1096056 0.1094920 0.0438758 0.1365222 0.1071223 0.0023681 0.0023681 0.1071223 
MW273354_Megalocytivirus_pagrus1_ISKNV                   0.0448828 0.1096561 0.0000000 0.0045530 0.1181235 0.1181235 0.1310677 0.1511624 0.0045530 0.0448828 0.1096561 0.0137563 0.0068533 2.4430995 0.0160580 0.0068492 0.1539952 0.0068396 0.1211069 0.1238227 0.0068460 0.0068396 0.1238227 0.1539952 0.0068348 0.1124955 0.1124955 0.0068348 
MW883600_Megalocytivirus_pagrus1_ISKNV                   0.0399351 0.1067244 0.0045530 0.0000000 0.1151524 0.1151524 0.1280616 0.1451901 0.0000010 0.0399351 0.1067244 0.0091163 0.0022720 2.4252094 0.0114050 0.0022707 0.1479338 0.0022675 0.1181183 0.1208244 0.0022697 0.0022675 0.1208244 0.1479338 0.0022660 0.1095497 0.1095497 0.0022660 
OL774654_Megalocytivirus_pagrus1_RSIV                    0.1003654 0.0388629 0.1181235 0.1151524 0.0000000 0.0000010 0.1051912 0.1467304 0.1151524 0.1003654 0.0388629 0.1185140 0.1182485 2.4804102 0.1211823 0.1181544 0.1528406 0.1179458 0.0023562 0.0047160 0.1180684 0.1179458 0.0047160 0.1528406 0.1155779 0.0413737 0.0413737 0.1155779 
OL774655_Megalocytivirus_pagrus1_RSIV                    0.1003654 0.0388629 0.1181235 0.1151524 0.0000010 0.0000000 0.1051912 0.1467304 0.1151524 0.1003654 0.0388629 0.1185140 0.1182485 2.4804102 0.1211823 0.1181544 0.1528406 0.1179458 0.0023562 0.0047160 0.1180684 0.1179458 0.0047160 0.1528406 0.1155779 0.0413737 0.0413737 0.1155779 
OK042109_Megalocytivirus_pagrus1_RSIV                    0.1081651 0.0799550 0.1310677 0.1280616 0.1051912 0.1051912 0.0000000 0.0548518 0.1280616 0.1081651 0.0799550 0.1225708 0.1312099 2.5745739 0.1252172 0.1311041 0.1016168 0.1308705 0.1081232 0.1108185 0.1310057 0.1308705 0.1108185 0.1016168 0.1309453 0.0771945 0.0771945 0.1309453 
GQ273492_Megalocytivirus_pagrus1_TRBIV                   0.1389574 0.1337998 0.1511624 0.1451901 0.1467304 0.1467304 0.0548518 0.0000000 0.1451901 0.1389574 0.1337998 0.1425812 0.1483311 2.5281963 0.1451677 0.1482123 0.0825762 0.1479517 0.1498850 0.1526960 0.1480997 0.1479517 0.1526960 0.0825762 0.1480327 0.1367541 0.1367541 0.1480327 
MK689685_Megalocytivirus_pagrus1_ISKNV                   0.0399351 0.1067244 0.0045530 0.0000010 0.1151524 0.1151524 0.1280616 0.1451901 0.0000000 0.0399351 0.1067244 0.0091163 0.0022720 2.4252094 0.0114050 0.0022707 0.1479338 0.0022675 0.1181183 0.1208244 0.0022697 0.0022675 0.1208244 0.1479338 0.0022660 0.1095497 0.1095497 0.0022660 
PP151097_Megalocytivirus_pagrus1_ISKNV                   0.0000010 0.0849653 0.0448828 0.0399351 0.1003654 0.1003654 0.1081651 0.1389574 0.0399351 0.0000000 0.0849653 0.0303804 0.0424383 2.4737448 0.0327336 0.0424105 0.1368872 0.0423473 0.1032824 0.1059737 0.0423880 0.0423473 0.1059737 0.1368872 0.0423174 0.0877159 0.0877159 0.0423174 
KT804738_Megalocytivirus_pagrus1_RSIV                    0.0849653 0.0000010 0.1096561 0.1067244 0.0388629 0.0388629 0.0799550 0.1337998 0.1067244 0.0849653 0.0000000 0.1045227 0.1097695 2.5162635 0.1071691 0.1096835 0.1365222 0.1094920 0.0414083 0.0438758 0.1096056 0.1094920 0.0438758 0.1365222 0.1071223 0.0023681 0.0023681 0.1071223 
MT986830_Megalocytivirus_pagrus1_ISKNV                   0.0303804 0.1045227 0.0137563 0.0091163 0.1185140 0.1185140 0.1225708 0.1425812 0.0091163 0.0303804 0.1045227 0.0000000 0.0114393 2.4524408 0.0022707 0.0114323 0.1422569 0.0114162 0.1215060 0.1242280 0.0114270 0.0114162 0.1242280 0.1422569 0.0114083 0.1073526 0.1073526 0.0114083 
MW883594_Megalocytivirus_pagrus1_ISKNV                   0.0424383 0.1097695 0.0068533 0.0022720 0.1182485 0.1182485 0.1312099 0.1483311 0.0022720 0.0424383 0.1097695 0.0114393 0.0000000 2.4229309 0.0137363 0.0045572 0.1511252 0.0045508 0.1212362 0.1239558 0.0045551 0.0045508 0.1239558 0.1511252 0.0045477 0.1126128 0.1126128 0.0045477 
PQ335173_PQ335174_Threespine_stickleback_iridovirus_TSIV 2.4737448 2.5162635 2.4430995 2.4252094 2.4804102 2.4804102 2.5745739 2.5281963 2.4252094 2.4737448 2.5162635 2.4524408 2.4229309 0.0000000 2.4507534 2.4399867 2.5416094 2.4409794 2.4862368 2.5104871 2.4288128 2.4409794 2.5104871 2.5416094 2.4370127 2.5356269 2.5356269 2.4370127 
PP974677_Megalocytivirus_pagrus1_ISKNV                   0.0327336 0.1071691 0.0160580 0.0114050 0.1211823 0.1211823 0.1252172 0.1451677 0.0114050 0.0327336 0.1071691 0.0022707 0.0137363 2.4507534 0.0000000 0.0137279 0.1448672 0.0137085 0.1241815 0.1269055 0.0137215 0.0137085 0.1269055 0.1448672 0.0136990 0.1100047 0.1100047 0.0136990 
MW883593_Megalocytivirus_pagrus1_ISKNV                   0.0424105 0.1096835 0.0068492 0.0022707 0.1181544 0.1181544 0.1311041 0.1482123 0.0022707 0.0424105 0.1096835 0.0114323 0.0045572 2.4399867 0.0137279 0.0000000 0.1510024 0.0045481 0.1211391 0.1238561 0.0045524 0.0045481 0.1238561 0.1510024 0.0045450 0.1125240 0.1125240 0.0045450 
MG570132_Megalocytivirus_pagrus1_TRBIV                   0.1368872 0.1365222 0.1539952 0.1479338 0.1528406 0.1528406 0.1016168 0.0825762 0.1479338 0.1368872 0.1365222 0.1422569 0.1511252 2.5416094 0.1448672 0.1510024 0.0000000 0.1507330 0.1560747 0.1589435 0.1508855 0.1507330 0.1589435 0.0000010 0.1508163 0.1395285 0.1395285 0.1508163 
OQ513807_Megalocytivirus_pagrus1_ISKNV                   0.0423473 0.1094920 0.0068396 0.0022675 0.1179458 0.1179458 0.1308705 0.1479517 0.0022675 0.0423473 0.1094920 0.0114162 0.0045508 2.4409794 0.0137085 0.0045481 0.1507330 0.0000000 0.1209241 0.1236357 0.0045460 0.0000010 0.1236357 0.1507330 0.0045386 0.1123268 0.1123268 0.0045386 
OQ475017_Megalocytivirus_pagrus1_RSIV                    0.1032824 0.0414083 0.1211069 0.1181183 0.0023562 0.0023562 0.1081232 0.1498850 0.1181183 0.1032824 0.0414083 0.1215060 0.1212362 2.4862368 0.1241815 0.1211391 0.1560747 0.1209241 0.0000000 0.0070935 0.1210500 0.1209241 0.0070935 0.1560747 0.1185540 0.0439312 0.0439312 0.1185540 
MK098186_Megalocytivirus_pagrus1_RSIV                    0.1059737 0.0438758 0.1238227 0.1208244 0.0047160 0.0047160 0.1108185 0.1526960 0.1208244 0.1059737 0.0438758 0.1242280 0.1239558 2.5104871 0.1269055 0.1238561 0.1589435 0.1236357 0.0070935 0.0000000 0.1237643 0.1236357 0.0000010 0.1589435 0.1212684 0.0464064 0.0464064 0.1212684 
OR536350_Megalocytivirus_pagrus1_ISKNV                   0.0423880 0.1096056 0.0068460 0.0022697 0.1180684 0.1180684 0.1310057 0.1480997 0.0022697 0.0423880 0.1096056 0.0114270 0.0045551 2.4288128 0.0137215 0.0045524 0.1508855 0.0045460 0.1210500 0.1237643 0.0000000 0.0045460 0.1237643 0.1508855 0.0045429 0.1124434 0.1124434 0.0045429 
OR670976_Megalocytivirus_pagrus1_ISKNV                   0.0423473 0.1094920 0.0068396 0.0022675 0.1179458 0.1179458 0.1308705 0.1479517 0.0022675 0.0423473 0.1094920 0.0114162 0.0045508 2.4409794 0.0137085 0.0045481 0.1507330 0.0000010 0.1209241 0.1236357 0.0045460 0.0000000 0.1236357 0.1507330 0.0045386 0.1123268 0.1123268 0.0045386 
MK098187_Megalocytivirus_pagrus1_RSIV                    0.1059737 0.0438758 0.1238227 0.1208244 0.0047160 0.0047160 0.1108185 0.1526960 0.1208244 0.1059737 0.0438758 0.1242280 0.1239558 2.5104871 0.1269055 0.1238561 0.1589435 0.1236357 0.0070935 0.0000010 0.1237643 0.1236357 0.0000000 0.1589435 0.1212684 0.0464064 0.0464064 0.1212684 
MG570131_Megalocytivirus_pagrus1_TRBIV                   0.1368872 0.1365222 0.1539952 0.1479338 0.1528406 0.1528406 0.1016168 0.0825762 0.1479338 0.1368872 0.1365222 0.1422569 0.1511252 2.5416094 0.1448672 0.1510024 0.0000010 0.1507330 0.1560747 0.1589435 0.1508855 0.1507330 0.1589435 0.0000000 0.1508163 0.1395285 0.1395285 0.1508163 
23043610005_Megalocytivirus_pagrus1_ISKNV                0.0423174 0.1071223 0.0068348 0.0022660 0.1155779 0.1155779 0.1309453 0.1480327 0.0022660 0.0423174 0.1071223 0.0114083 0.0045477 2.4370127 0.0136990 0.0045450 0.1508163 0.0045386 0.1185540 0.1212684 0.0045429 0.0045386 0.1212684 0.1508163 0.0000000 0.1099571 0.1099571 0.0000010 
ON740976_Megalocytivirus_pagrus1_RSIV                    0.0877159 0.0023681 0.1124955 0.1095497 0.0413737 0.0413737 0.0771945 0.1367541 0.1095497 0.0877159 0.0023681 0.1073526 0.1126128 2.5356269 0.1100047 0.1125240 0.1395285 0.1123268 0.0439312 0.0464064 0.1124434 0.1123268 0.0464064 0.1395285 0.1099571 0.0000000 0.0000010 0.1099571 
ON075463_Megalocytivirus_pagrus1_RSIV                    0.0877159 0.0023681 0.1124955 0.1095497 0.0413737 0.0413737 0.0771945 0.1367541 0.1095497 0.0877159 0.0023681 0.1073526 0.1126128 2.5356269 0.1100047 0.1125240 0.1395285 0.1123268 0.0439312 0.0464064 0.1124434 0.1123268 0.0464064 0.1395285 0.1099571 0.0000010 0.0000000 0.1099571 
23043610003_Megalocytivirus_pagrus1_ISKNV                0.0423174 0.1071223 0.0068348 0.0022660 0.1155779 0.1155779 0.1309453 0.1480327 0.0022660 0.0423174 0.1071223 0.0114083 0.0045477 2.4370127 0.0136990 0.0045450 0.1508163 0.0045386 0.1185540 0.1212684 0.0045429 0.0045386 0.1212684 0.1508163 0.0000010 0.1099571 0.1099571 0.0000000 
