15
AF371960_AF371960.1_00110          0.0000000 4.6998585 0.0286097 0.0243715 0.0249120 0.0286097 4.5511187 0.0290682 0.0290682 0.0243715 0.0000010 1.4172156 4.5248708 1.4172156 5.5159939 
AY521625_AY521625.1_00060          4.6998585 0.0000000 4.6965575 4.6965575 4.6821682 4.6965575 4.4627353 4.6906665 4.6906665 4.6965575 4.6998585 4.7344974 4.3594682 4.7344974 1.8199005 
AY894343_MK689686.1_00108          0.0286097 4.6965575 0.0000000 0.0039487 0.0161782 0.0000010 4.5600547 0.0160236 0.0160236 0.0039487 0.0286097 1.4208763 4.6215519 1.4208763 5.4154888 
BD143114_MK689686.1_00108          0.0243715 4.6965575 0.0039487 0.0000000 0.0203617 0.0039487 4.5600547 0.0201670 0.0201670 0.0000010 0.0243715 1.3938961 4.6215519 1.3938961 5.4154888 
GQ273492_GQ273492.1_00106          0.0249120 4.6821682 0.0161782 0.0203617 0.0000000 0.0161782 4.5758270 0.0121749 0.0121749 0.0203617 0.0249120 1.4486238 4.5491982 1.4486238 5.4244682 
KC244182_MK689686.1_00108          0.0286097 4.6965575 0.0000010 0.0039487 0.0161782 0.0000000 4.5600547 0.0160236 0.0160236 0.0039487 0.0286097 1.4208763 4.6215519 1.4208763 5.4154888 
KX643370_Lymph_LDV3_KX643370_00119 4.5511187 4.4627353 4.5600547 4.5600547 4.5758270 4.5600547 0.0000000 4.6038574 4.6038574 4.5600547 4.5511187 4.2360352 0.1987838 4.2360352 5.4387687 
MG570131_MG570131.1_00106          0.0290682 4.6906665 0.0160236 0.0201670 0.0121749 0.0160236 4.6038574 0.0000000 0.0000010 0.0201670 0.0290682 1.4431944 4.6189725 1.4431944 5.3610008 
MG570132_MG570132.1_00106          0.0290682 4.6906665 0.0160236 0.0201670 0.0121749 0.0160236 4.6038574 0.0000010 0.0000000 0.0201670 0.0290682 1.4431944 4.6189725 1.4431944 5.3610008 
MK098185_MK689686.1_00108          0.0243715 4.6965575 0.0039487 0.0000010 0.0203617 0.0039487 4.5600547 0.0201670 0.0201670 0.0000000 0.0243715 1.3938961 4.6215519 1.3938961 5.4154888 
MK689685_AF371960.1_00110          0.0000010 4.6998585 0.0286097 0.0243715 0.0249120 0.0286097 4.5511187 0.0290682 0.0290682 0.0243715 0.0000000 1.4172156 4.5248708 1.4172156 5.5159939 
MN562489_OM037668.1_00074          1.4172156 4.7344974 1.4208763 1.3938961 1.4486238 1.4208763 4.2360352 1.4431944 1.4431944 1.3938961 1.4172156 0.0000000 4.1572054 0.0000010 6.1249951 
MN803438_MN803438.1_00126          4.5248708 4.3594682 4.6215519 4.6215519 4.5491982 4.6215519 0.1987838 4.6189725 4.6189725 4.6215519 4.5248708 4.1572054 0.0000000 4.1572054 5.5301483 
MT521409_OM037668.1_00074          1.4172156 4.7344974 1.4208763 1.3938961 1.4486238 1.4208763 4.2360352 1.4431944 1.4431944 1.3938961 1.4172156 0.0000010 4.1572054 0.0000000 6.1249951 
NC_005946_NC_005946.1_00086        5.5159939 1.8199005 5.4154888 5.4154888 5.4244682 5.4154888 5.4387687 5.3610008 5.3610008 5.4154888 5.5159939 6.1249951 5.5301483 6.1249951 0.0000000 
