33
MW883606_Megalocytivirus_pagrus1_ISKNV                   0.0000000 0.1254573 0.0020774 1.1824006 0.0956010 3.1879014 0.0000010 3.5018752 0.0041724 0.1034670 0.1093193 0.0020790 3.3397621 3.5898341 3.6081656 0.0041724 0.0041601 0.1034670 0.0978760 2.4057799 0.1057513 0.1278851 0.0020790 3.1479433 0.0978760 0.0020774 0.0940123 0.0956010 3.9570938 0.1057513 2.4057799 3.0675315 3.6278726 
MG570132_Megalocytivirus_pagrus1_TRBIV                   0.1254573 0.0000000 0.1278105 1.1995257 0.0974748 3.0169811 0.1254573 3.5759230 0.1228195 0.1046872 0.0402189 0.1279183 3.2983257 3.6179038 3.6537368 0.1228195 0.1278389 0.1046872 0.0997341 2.4210867 0.1069502 0.0020657 0.1279183 3.1965417 0.0997341 0.1278105 0.1000313 0.0974748 3.7583134 0.1069502 2.4210867 3.0622160 3.6445965 
23043610005_Megalocytivirus_pagrus1_ISKNV                0.0020774 0.1278105 0.0000000 1.1765397 0.0932900 3.1946514 0.0020774 3.5166790 0.0062634 0.1011337 0.1116459 0.0041613 3.3609985 3.6157679 3.6236741 0.0062634 0.0062450 0.1011337 0.0955617 2.4098031 0.1034152 0.1302441 0.0041613 3.1708750 0.0955617 0.0000010 0.0916988 0.0932900 3.9570938 0.1034152 2.4098031 3.0852739 3.6408908 
PQ335173_PQ335174_Threespine_stickleback_iridovirus_TSIV 1.1824006 1.1995257 1.1765397 0.0000000 1.2018623 3.9927904 1.1824006 4.4133355 1.1796233 1.1969354 1.1933993 1.1908850 4.1914138 3.8827393 4.3457076 1.1796233 1.1781330 1.1969354 1.1975671 2.6697833 1.2011895 1.2068254 1.1908833 3.5066354 1.1975671 1.1765397 1.2036263 1.2018623 4.3878687 1.2011895 2.6697833 3.3217817 4.3304848 
BD143114_Megalocytivirus_pagrus1_RSIV                    0.0956010 0.0974748 0.0932900 1.2018623 0.0000000 3.0564134 0.0956010 3.4453463 0.0905920 0.0313345 0.0900698 0.0979910 3.3387399 3.6368732 3.4949895 0.0905920 0.1002668 0.0313345 0.0020543 2.4065723 0.0334397 0.0998257 0.0955207 3.1746989 0.0020543 0.0932900 0.0270981 0.0000010 3.8298312 0.0334397 2.4065723 3.0497863 3.5778667 
AY521625_Ranavirus_epinephelus1_n/a                      3.1879014 3.0169811 3.1946514 3.9927904 3.0564134 0.0000000 3.1879014 2.2742328 3.1754955 3.0724263 3.0956336 3.1907888 6.2182833 5.4462054 2.4623247 3.1754955 3.1995517 3.0724263 3.0564134 4.2338292 3.0773998 3.0260975 3.1866179 1.5290144 3.0564134 3.1946514 3.0923681 3.0564134 6.3901370 3.0773998 4.2338292 5.0539694 5.8119407 
OQ513807_Megalocytivirus_pagrus1_ISKNV                   0.0000010 0.1254573 0.0020774 1.1824006 0.0956010 3.1879014 0.0000000 3.5018752 0.0041724 0.1034670 0.1093193 0.0020790 3.3397621 3.5898341 3.6081656 0.0041724 0.0041601 0.1034670 0.0978760 2.4057799 0.1057513 0.1278851 0.0020790 3.1479433 0.0978760 0.0020774 0.0940123 0.0956010 3.9570938 0.1057513 2.4057799 3.0675315 3.6278726 
KX643370_Lymphocystivirus_sparus1_n/a                    3.5018752 3.5759230 3.5166790 4.4133355 3.4453463 2.2742328 3.5018752 0.0000000 3.4861000 3.5206075 3.5770623 3.5053684 6.3954260 5.1128921 0.2710220 3.4861000 3.5178640 3.5206075 3.4453463 3.8243534 3.5266106 3.6037896 3.4994979 2.2466131 3.4453463 3.5166790 3.4959390 3.4453463 7.0122758 3.5266106 3.8243534 4.8709783 7.2441531 
MT986830_Megalocytivirus_pagrus1_ISKNV                   0.0041724 0.1228195 0.0062634 1.1796233 0.0905920 3.1754955 0.0041724 3.4861000 0.0000000 0.0983769 0.1070300 0.0062685 3.3408295 3.6006860 3.5775827 0.0000010 0.0083620 0.0983769 0.0928505 2.3898010 0.1006460 0.1252354 0.0062685 3.1111973 0.0928505 0.0062634 0.0890037 0.0905920 3.9803221 0.1006460 2.3898010 3.0860307 3.6407081 
OK042109_Megalocytivirus_pagrus1_RSIV                    0.1034670 0.1046872 0.1011337 1.1969354 0.0313345 3.0724263 0.1034670 3.5206075 0.0983769 0.0000000 0.0973182 0.1058864 3.3454572 3.6772782 3.5558713 0.0983769 0.1081805 0.0000010 0.0334407 2.3947473 0.0020500 0.1070587 0.1033794 3.2069666 0.0334407 0.1011337 0.0082324 0.0313345 3.7863641 0.0020500 2.3947473 3.0226633 3.5916258 
GQ273492_Megalocytivirus_pagrus1_TRBIV                   0.1093193 0.0402189 0.1116459 1.1933993 0.0900698 3.0956336 0.1093193 3.5770623 0.1070300 0.0973182 0.0000000 0.1117400 3.3101146 3.6114744 3.6359175 0.1070300 0.1140288 0.0973182 0.0923476 2.4077176 0.0996001 0.0423944 0.1117400 3.2303512 0.0923476 0.1116459 0.0906471 0.0900698 3.8761337 0.0996001 2.4077176 3.0104389 3.7007026 
MW883600_Megalocytivirus_pagrus1_ISKNV                   0.0020790 0.1279183 0.0041613 1.1908850 0.0979910 3.1907888 0.0020790 3.5053684 0.0062685 0.1058864 0.1117400 0.0000000 3.3560555 3.6292917 3.6118224 0.0062685 0.0062500 0.1058864 0.1002712 2.4259698 0.1081752 0.1303541 0.0041647 3.1509677 0.1002712 0.0041613 0.0964033 0.0979910 3.9570938 0.1081752 2.4259698 3.1001321 3.6453172 
KF938901_Chloriridovirus_anopheles1_n/a                  3.3397621 3.2983257 3.3609985 4.1914138 3.3387399 6.2182833 3.3397621 6.3954260 3.3408295 3.3454572 3.3101146 3.3560555 0.0000000 2.0222148 6.7524989 3.3408295 3.3324928 3.3454572 3.3335505 5.2742623 3.3393207 3.3194373 3.3560555 5.3725586 3.3335505 3.3609985 3.3065979 3.3387399 2.6214035 3.3393207 5.2742623 1.8633665 0.8768742 
HF920637_Iridovirus_armadillidium1_n/a                   3.5898341 3.6179038 3.6157679 3.8827393 3.6368732 5.4462054 3.5898341 5.1128921 3.6006860 3.6772782 3.6114744 3.6292917 2.0222148 0.0000000 4.8630826 3.6006860 3.5977763 3.6772782 3.6289567 4.3240954 3.6823134 3.6367143 3.6292917 6.4286227 3.6289567 3.6157679 3.6661208 3.6368732 2.6832714 3.6823134 4.3240954 0.7728008 1.9020340 
MN803438_Lymphocystivirus_micropogonias1_n/a             3.6081656 3.6537368 3.6236741 4.3457076 3.4949895 2.4623247 3.6081656 0.2710220 3.5775827 3.5558713 3.6359175 3.6118224 6.7524989 4.8630826 0.0000000 3.5775827 3.6082411 3.5558713 3.4949895 3.8650175 3.5619172 3.6821816 3.6056755 2.3760480 3.4949895 3.6236741 3.5376929 3.4949895 7.0688351 3.5619172 3.8650175 4.8219515 7.1045442 
PP974677_Megalocytivirus_pagrus1_ISKNV                   0.0041724 0.1228195 0.0062634 1.1796233 0.0905920 3.1754955 0.0041724 3.4861000 0.0000010 0.0983769 0.1070300 0.0062685 3.3408295 3.6006860 3.5775827 0.0000000 0.0083620 0.0983769 0.0928505 2.3898010 0.1006460 0.1252354 0.0062685 3.1111973 0.0928505 0.0062634 0.0890037 0.0905920 3.9803221 0.1006460 2.3898010 3.0860307 3.6407081 
ON212400_Megalocytivirus_pagrus1_ISKNV                   0.0041601 0.1278389 0.0062450 1.1781330 0.1002668 3.1995517 0.0041601 3.5178640 0.0083620 0.1081805 0.1140288 0.0062500 3.3324928 3.5977763 3.6082411 0.0083620 0.0000000 0.1081805 0.1025493 2.3959372 0.1104711 0.1302730 0.0062500 3.1385876 0.1025493 0.0062450 0.0986816 0.1002668 3.9596445 0.1104711 2.3959372 3.0680975 3.6211620 
KC244182_Megalocytivirus_pagrus1_RSIV                    0.1034670 0.1046872 0.1011337 1.1969354 0.0313345 3.0724263 0.1034670 3.5206075 0.0983769 0.0000010 0.0973182 0.1058864 3.3454572 3.6772782 3.5558713 0.0983769 0.1081805 0.0000000 0.0334407 2.3947473 0.0020500 0.1070587 0.1033794 3.2069666 0.0334407 0.1011337 0.0082324 0.0313345 3.7863641 0.0020500 2.3947473 3.0226633 3.5916258 
ON743042_Megalocytivirus_pagrus1_RSIV                    0.0978760 0.0997341 0.0955617 1.1975671 0.0020543 3.0564134 0.0978760 3.4453463 0.0928505 0.0334407 0.0923476 0.1002712 3.3335505 3.6289567 3.4949895 0.0928505 0.1025493 0.0334407 0.0000000 2.4031111 0.0355479 0.1020894 0.0977937 3.1746989 0.0000010 0.0955617 0.0291986 0.0020543 3.8246193 0.0355479 2.4031111 3.0433861 3.5756090 
MN562489_Megalocytivirus_lates1_SDDV                     2.4057799 2.4210867 2.4098031 2.6697833 2.4065723 4.2338292 2.4057799 3.8243534 2.3898010 2.3947473 2.4077176 2.4259698 5.2742623 4.3240954 3.8650175 2.3898010 2.3959372 2.3947473 2.4031111 0.0000000 2.3894978 2.4121811 2.4046800 4.4243881 2.4031111 2.4098031 2.4175639 2.4065723 5.1240569 2.3894978 0.0000010 4.1792140 5.8037001 
OL774655_Megalocytivirus_pagrus1_RSIV                    0.1057513 0.1069502 0.1034152 1.2011895 0.0334397 3.0773998 0.1057513 3.5266106 0.1006460 0.0020500 0.0996001 0.1081752 3.3393207 3.6823134 3.5619172 0.1006460 0.1104711 0.0020500 0.0355479 2.3894978 0.0000000 0.1093256 0.1056616 3.2124900 0.0355479 0.1034152 0.0102956 0.0334397 3.7929482 0.0000010 2.3894978 3.0286953 3.5860510 
MG570131_Megalocytivirus_pagrus1_TRBIV                   0.1278851 0.0020657 0.1302441 1.2068254 0.0998257 3.0260975 0.1278851 3.6037896 0.1252354 0.1070587 0.0423944 0.1303541 3.3194373 3.6367143 3.6821816 0.1252354 0.1302730 0.1070587 0.1020894 2.4121811 0.1093256 0.0000000 0.1303541 3.2131908 0.1020894 0.1302441 0.1023913 0.0998257 3.7583134 0.1093256 2.4121811 3.0726601 3.6639117 
OR536350_Megalocytivirus_pagrus1_ISKNV                   0.0020790 0.1279183 0.0041613 1.1908833 0.0955207 3.1866179 0.0020790 3.4994979 0.0062685 0.1033794 0.1117400 0.0041647 3.3560555 3.6292917 3.6056755 0.0062685 0.0062500 0.1033794 0.0977937 2.4046800 0.1056616 0.1303541 0.0000000 3.1459075 0.0977937 0.0041613 0.0939331 0.0955207 3.9643270 0.1056616 2.4046800 3.0602348 3.6343705 
NC_005946_Ranavirus_rana1_n/a                            3.1479433 3.1965417 3.1708750 3.5066354 3.1746989 1.5290144 3.1479433 2.2466131 3.1111973 3.2069666 3.2303512 3.1509677 5.3725586 6.4286227 2.3760480 3.1111973 3.1385876 3.2069666 3.1746989 4.4243881 3.2124900 3.2131908 3.1459075 0.0000000 3.1746989 3.1708750 3.2235327 3.1746989 6.1149852 3.2124900 4.4243881 5.6380964 5.9616421 
OQ475017_Megalocytivirus_pagrus1_RSIV                    0.0978760 0.0997341 0.0955617 1.1975671 0.0020543 3.0564134 0.0978760 3.4453463 0.0928505 0.0334407 0.0923476 0.1002712 3.3335505 3.6289567 3.4949895 0.0928505 0.1025493 0.0334407 0.0000010 2.4031111 0.0355479 0.1020894 0.0977937 3.1746989 0.0000000 0.0955617 0.0291986 0.0020543 3.8246193 0.0355479 2.4031111 3.0433861 3.5756090 
MW883594_Megalocytivirus_pagrus1_ISKNV                   0.0020774 0.1278105 0.0000010 1.1765397 0.0932900 3.1946514 0.0020774 3.5166790 0.0062634 0.1011337 0.1116459 0.0041613 3.3609985 3.6157679 3.6236741 0.0062634 0.0062450 0.1011337 0.0955617 2.4098031 0.1034152 0.1302441 0.0041613 3.1708750 0.0955617 0.0000000 0.0916988 0.0932900 3.9570938 0.1034152 2.4098031 3.0852739 3.6408908 
MW883598_Megalocytivirus_pagrus1_RSIV                    0.0940123 0.1000313 0.0916988 1.2036263 0.0270981 3.0923681 0.0940123 3.4959390 0.0890037 0.0082324 0.0906471 0.0964033 3.3065979 3.6661208 3.5376929 0.0890037 0.0986816 0.0082324 0.0291986 2.4175639 0.0102956 0.1023913 0.0939331 3.2235327 0.0291986 0.0916988 0.0000000 0.0270981 3.8130870 0.0102956 2.4175639 3.0362859 3.5882750 
AB104413_Megalocytivirus_pagrus1_RSIV                    0.0956010 0.0974748 0.0932900 1.2018623 0.0000010 3.0564134 0.0956010 3.4453463 0.0905920 0.0313345 0.0900698 0.0979910 3.3387399 3.6368732 3.4949895 0.0905920 0.1002668 0.0313345 0.0020543 2.4065723 0.0334397 0.0998257 0.0955207 3.1746989 0.0020543 0.0932900 0.0270981 0.0000000 3.8298312 0.0334397 2.4065723 3.0497863 3.5778667 
LS484712_Daphniairidovirus_daphnia1_n/a                  3.9570938 3.7583134 3.9570938 4.3878687 3.8298312 6.3901370 3.9570938 7.0122758 3.9803221 3.7863641 3.8761337 3.9570938 2.6214035 2.6832714 7.0688351 3.9803221 3.9596445 3.7863641 3.8246193 5.1240569 3.7929482 3.7583134 3.9643270 6.1149852 3.8246193 3.9570938 3.8130870 3.8298312 0.0000000 3.7929482 5.1240569 2.6528021 2.8843848 
OL774653_Megalocytivirus_pagrus1_RSIV                    0.1057513 0.1069502 0.1034152 1.2011895 0.0334397 3.0773998 0.1057513 3.5266106 0.1006460 0.0020500 0.0996001 0.1081752 3.3393207 3.6823134 3.5619172 0.1006460 0.1104711 0.0020500 0.0355479 2.3894978 0.0000010 0.1093256 0.1056616 3.2124900 0.0355479 0.1034152 0.0102956 0.0334397 3.7929482 0.0000000 2.3894978 3.0286953 3.5860510 
OM037668_Megalocytivirus_lates1_SDDV                     2.4057799 2.4210867 2.4098031 2.6697833 2.4065723 4.2338292 2.4057799 3.8243534 2.3898010 2.3947473 2.4077176 2.4259698 5.2742623 4.3240954 3.8650175 2.3898010 2.3959372 2.3947473 2.4031111 0.0000010 2.3894978 2.4121811 2.4046800 4.4243881 2.4031111 2.4098031 2.4175639 2.4065723 5.1240569 2.3894978 0.0000000 4.1792140 5.8037001 
AF303741_Iridovirus_chilo1_n/a                           3.0675315 3.0622160 3.0852739 3.3217817 3.0497863 5.0539694 3.0675315 4.8709783 3.0860307 3.0226633 3.0104389 3.1001321 1.8633665 0.7728008 4.8219515 3.0860307 3.0680975 3.0226633 3.0433861 4.1792140 3.0286953 3.0726601 3.0602348 5.6380964 3.0433861 3.0852739 3.0362859 3.0497863 2.6528021 3.0286953 4.1792140 0.0000000 2.0641244 
HF920633_Chloriridovirus_simulium1_n/a                   3.6278726 3.6445965 3.6408908 4.3304848 3.5778667 5.8119407 3.6278726 7.2441531 3.6407081 3.5916258 3.7007026 3.6453172 0.8768742 1.9020340 7.1045442 3.6407081 3.6211620 3.5916258 3.5756090 5.8037001 3.5860510 3.6639117 3.6343705 5.9616421 3.5756090 3.6408908 3.5882750 3.5778667 2.8843848 3.5860510 5.8037001 2.0641244 0.0000000 
