34
MW883606_Megalocytivirus_pagrus1_ISKNV                   0.0000000 0.1256530 0.0020774 1.1990840 0.0957434 3.2686602 0.0000010 3.5865164 0.0041729 0.1036365 0.1094821 0.0020791 3.4179110 3.6804537 3.6951854 0.0041729 0.0041603 0.1036365 0.0980247 2.3090939 2.4575378 0.1059241 0.1280880 0.0020791 3.2248266 0.0980247 0.0020774 0.0941558 0.0957434 4.0624954 0.1059241 2.4575378 3.1415999 3.7196415 
MG570132_Megalocytivirus_pagrus1_TRBIV                   0.1256530 0.0000000 0.1280115 1.2164737 0.0976242 3.0923289 0.1256530 3.6617256 0.1230033 0.1048576 0.0402416 0.1281231 3.3758357 3.7093630 3.7445952 0.1230033 0.1280408 0.1048576 0.0998888 2.3937562 2.4740382 0.1071239 0.0020657 0.1281231 3.2749476 0.0998888 0.1280115 0.1001887 0.0976242 3.8557740 0.1071239 2.4740382 3.1355964 3.7364634 
23043610005_Megalocytivirus_pagrus1_ISKNV                0.0020774 0.1280115 0.0000000 1.1930781 0.0934279 3.2756493 0.0020774 3.6016732 0.0062643 0.1012984 0.1118136 0.0041615 3.4396537 3.7079298 3.7110567 0.0062643 0.0062453 0.1012984 0.0957058 2.3150482 2.4617095 0.1035833 0.1304524 0.0041615 3.2488697 0.0957058 0.0000010 0.0918380 0.0934279 4.0624954 0.1035833 2.4617095 3.1598165 3.7330741 
PQ335173_PQ335174_Threespine_stickleback_iridovirus_TSIV 1.1990840 1.2164737 1.1930781 0.0000000 1.2189083 4.0968791 1.1990840 4.5281184 1.1962308 1.2137766 1.2101481 1.2077882 4.3031127 3.9803448 4.4592698 1.1962308 1.1947185 1.2137766 1.2145245 2.5970571 2.7310155 1.2181262 1.2238730 1.2077777 3.5939829 1.2145245 1.1930781 1.2206438 1.2189083 4.5111839 1.2181262 2.7310155 3.3997529 4.4494495 
BD143114_Megalocytivirus_pagrus1_RSIV                    0.0957434 0.0976242 0.0934279 1.2189083 0.0000000 3.1344078 0.0957434 3.5274942 0.0907154 0.0313476 0.0902309 0.0981410 3.4161170 3.7289136 3.5792566 0.0907154 0.1004218 0.0313476 0.0020543 2.3730684 2.4584402 0.0334537 0.0999813 0.0956620 3.2523658 0.0020543 0.0934279 0.0271079 0.0000010 3.9273398 0.0334537 2.4584402 3.1220754 3.6677861 
AY521625_Ranavirus_epinephelus1_n/a                      3.2686602 3.0923289 3.2756493 4.0968791 3.1344078 0.0000000 3.2686602 2.3183728 3.2558600 3.1509588 3.1740860 3.2716574 6.4236437 5.6191324 2.5136586 3.2558600 3.2805804 3.1509588 3.1344078 4.5437412 4.3530125 3.1560609 3.1017113 3.2673964 1.5540064 3.1344078 3.2756493 3.1715551 3.1344078 6.5809078 3.1560609 4.3530125 5.2088918 5.9867137 
OQ513807_Megalocytivirus_pagrus1_ISKNV                   0.0000010 0.1256530 0.0020774 1.1990840 0.0957434 3.2686602 0.0000000 3.5865164 0.0041729 0.1036365 0.1094821 0.0020791 3.4179110 3.6804537 3.6951854 0.0041729 0.0041603 0.1036365 0.0980247 2.3090939 2.4575378 0.1059241 0.1280880 0.0020791 3.2248266 0.0980247 0.0020774 0.0941558 0.0957434 4.0624954 0.1059241 2.4575378 3.1415999 3.7196415 
KX643370_Lymphocystivirus_sparus1_n/a                    3.5865164 3.6617256 3.6016732 4.5281184 3.5274942 2.3183728 3.5865164 0.0000000 3.5704280 3.6055495 3.6642160 3.5901165 6.5981152 5.2618144 0.2718938 3.5704280 3.6028626 3.6055495 3.5274942 4.1469330 3.9225956 3.6116693 3.6903114 3.5841344 2.2904670 3.5274942 3.6016732 3.5796781 3.5274942 7.2250784 3.6116693 3.9225956 5.0109307 7.4982306 
MT986830_Megalocytivirus_pagrus1_ISKNV                   0.0041729 0.1230033 0.0062643 1.1962308 0.0907154 3.2558600 0.0041729 3.5704280 0.0000000 0.0985250 0.1071874 0.0062696 3.4188865 3.6914850 3.6639676 0.0000010 0.0083635 0.0985250 0.0929789 2.3051055 2.4411905 0.1007972 0.1254262 0.0062696 3.1868690 0.0929789 0.0062643 0.0891279 0.0907154 4.0862503 0.1007972 2.4411905 3.1605506 3.7327277 
OK042109_Megalocytivirus_pagrus1_RSIV                    0.1036365 0.1048576 0.1012984 1.2137766 0.0313476 3.1509588 0.1036365 3.6055495 0.0985250 0.0000000 0.0975008 0.1060639 3.4235448 3.7694621 3.6420010 0.0985250 0.1083622 0.0000010 0.0334553 2.3882425 2.4465491 0.0020500 0.1072357 0.1035466 3.2853514 0.0334553 0.1012984 0.0082334 0.0313476 3.8805110 0.0020500 2.4465491 3.0924256 3.6803467 
GQ273492_Megalocytivirus_pagrus1_TRBIV                   0.1094821 0.0402416 0.1118136 1.2101481 0.0902309 3.1740860 0.1094821 3.6642160 0.1071874 0.0975008 0.0000000 0.1119110 3.3892966 3.7034437 3.7268456 0.1071874 0.1142038 0.0975008 0.0925142 2.3932100 2.4601449 0.0997863 0.0424195 0.1119110 3.3096341 0.0925142 0.1118136 0.0908182 0.0902309 3.9798570 0.0997863 2.4601449 3.0823386 3.7944677 
MW883600_Megalocytivirus_pagrus1_ISKNV                   0.0020791 0.1281231 0.0041615 1.2077882 0.0981410 3.2716574 0.0020791 3.5901165 0.0062696 0.1060639 0.1119110 0.0000000 3.4344440 3.7207846 3.6989538 0.0062696 0.0062506 0.1060639 0.1004277 2.3282218 2.4784681 0.1083563 0.1305663 0.0041650 3.2279437 0.1004277 0.0041615 0.0965542 0.0981410 4.0624954 0.1083563 2.4784681 3.1755169 3.7374114 
KF938901_Chloriridovirus_anopheles1_n/a                  3.4179110 3.3758357 3.4396537 4.3031127 3.4161170 6.4236437 3.4179110 6.5981152 3.4188865 3.4235448 3.3892966 3.4344440 0.0000000 2.0589722 6.9770910 3.4188865 3.4104123 3.4235448 3.4108247 4.8344023 5.4176204 3.4166351 3.3974649 3.4344440 5.5297774 3.4108247 3.4396537 3.3832125 3.4161170 2.6773897 3.4166351 5.4176204 1.8946249 0.8859215 
HF920637_Iridovirus_armadillidium1_n/a                   3.6804537 3.7093630 3.7079298 3.9803448 3.7289136 5.6191324 3.6804537 5.2618144 3.6914850 3.7694621 3.7034437 3.7207846 2.0589722 0.0000000 5.0024247 3.6914850 3.6886080 3.7694621 3.7208900 4.5297856 4.4365114 3.7746626 3.7286139 3.7207846 6.6353532 3.7208900 3.7079298 3.7582395 3.7289136 2.7382813 3.7746626 4.4365114 0.7803798 1.9339049 
MN803438_Lymphocystivirus_micropogonias1_n/a             3.6951854 3.7445952 3.7110567 4.4592698 3.5792566 2.5136586 3.6951854 0.2718938 3.6639676 3.6420010 3.7268456 3.6989538 6.9770910 5.0024247 0.0000000 3.6639676 3.6952859 3.6420010 3.5792566 4.1799038 3.9642687 3.6481657 3.7738415 3.6926934 2.4244365 3.5792566 3.7110567 3.6233851 3.5792566 7.2919911 3.6481657 3.9642687 4.9625453 7.3492474 
PP974677_Megalocytivirus_pagrus1_ISKNV                   0.0041729 0.1230033 0.0062643 1.1962308 0.0907154 3.2558600 0.0041729 3.5704280 0.0000010 0.0985250 0.1071874 0.0062696 3.4188865 3.6914850 3.6639676 0.0000000 0.0083635 0.0985250 0.0929789 2.3051055 2.4411905 0.1007972 0.1254262 0.0062696 3.1868690 0.0929789 0.0062643 0.0891279 0.0907154 4.0862503 0.1007972 2.4411905 3.1605506 3.7327277 
ON212400_Megalocytivirus_pagrus1_ISKNV                   0.0041603 0.1280408 0.0062453 1.1947185 0.1004218 3.2805804 0.0041603 3.6028626 0.0083635 0.1083622 0.1142038 0.0062506 3.4104123 3.6886080 3.6952859 0.0083635 0.0000000 0.1083622 0.1027100 2.3054353 2.4474713 0.1106563 0.1304822 0.0062506 3.2152550 0.1027100 0.0062453 0.0988364 0.1004218 4.0650936 0.1106563 2.4474713 3.1422256 3.7126707 
KC244182_Megalocytivirus_pagrus1_RSIV                    0.1036365 0.1048576 0.1012984 1.2137766 0.0313476 3.1509588 0.1036365 3.6055495 0.0985250 0.0000010 0.0975008 0.1060639 3.4235448 3.7694621 3.6420010 0.0985250 0.1083622 0.0000000 0.0334553 2.3882425 2.4465491 0.0020500 0.1072357 0.1035466 3.2853514 0.0334553 0.1012984 0.0082334 0.0313476 3.8805110 0.0020500 2.4465491 3.0924256 3.6803467 
ON743042_Megalocytivirus_pagrus1_RSIV                    0.0980247 0.0998888 0.0957058 1.2145245 0.0020543 3.1344078 0.0980247 3.5274942 0.0929789 0.0334553 0.0925142 0.1004277 3.4108247 3.7208900 3.5792566 0.0929789 0.1027100 0.0334553 0.0000000 2.3723970 2.4548214 0.0355636 0.1022504 0.0979403 3.2523658 0.0000010 0.0957058 0.0292096 0.0020543 3.9220246 0.0355636 2.4548214 3.1155875 3.6654624 
MK637631_European_chub_iridovirus_ECIV                   2.3090939 2.3937562 2.3150482 2.5970571 2.3730684 4.5437412 2.3090939 4.1469330 2.3051055 2.3882425 2.3932100 2.3282218 4.8344023 4.5297856 4.1799038 2.3051055 2.3054353 2.3882425 2.3723970 0.0000000 1.2996760 2.3939607 2.3848811 2.3269827 4.5924300 2.3723970 2.3150482 2.3967528 2.3730684 4.9921201 2.3939607 1.2996760 4.4564189 5.0422984 
MN562489_Megalocytivirus_lates1_SDDV                     2.4575378 2.4740382 2.4617095 2.7310155 2.4584402 4.3530125 2.4575378 3.9225956 2.4411905 2.4465491 2.4601449 2.4784681 5.4176204 4.4365114 3.9642687 2.4411905 2.4474713 2.4465491 2.4548214 1.2996760 0.0000000 2.4409079 2.4647263 2.4564059 4.5450164 2.4548214 2.4617095 2.4699789 2.4584402 5.2758311 2.4409079 0.0000010 4.2871466 5.9653114 
OL774655_Megalocytivirus_pagrus1_RSIV                    0.1059241 0.1071239 0.1035833 1.2181262 0.0334537 3.1560609 0.1059241 3.6116693 0.1007972 0.0020500 0.0997863 0.1083563 3.4166351 3.7746626 3.6481657 0.1007972 0.1106563 0.0020500 0.0355636 2.3939607 2.4409079 0.0000000 0.1095060 0.1058322 3.2909758 0.0355636 0.1035833 0.0102968 0.0334537 3.8872731 0.0000010 2.4409079 3.0985440 3.6739532 
MG570131_Megalocytivirus_pagrus1_TRBIV                   0.1280880 0.0020657 0.1304524 1.2238730 0.0999813 3.1017113 0.1280880 3.6903114 0.1254262 0.1072357 0.0424195 0.1305663 3.3974649 3.7286139 3.7738415 0.1254262 0.1304822 0.1072357 0.1022504 2.3848811 2.4647263 0.1095060 0.0000000 0.1305663 3.2920456 0.1022504 0.1304524 0.1025550 0.0999813 3.8557740 0.1095060 2.4647263 3.1464772 3.7562397 
OR536350_Megalocytivirus_pagrus1_ISKNV                   0.0020791 0.1281231 0.0041615 1.2077777 0.0956620 3.2673964 0.0020791 3.5841344 0.0062696 0.1035466 0.1119110 0.0041650 3.4344440 3.7207846 3.6926934 0.0062696 0.0062506 0.1035466 0.0979403 2.3269827 2.4564059 0.1058322 0.1305663 0.0000000 3.2227756 0.0979403 0.0041615 0.0940747 0.0956620 4.0699345 0.1058322 2.4564059 3.1341987 3.7264229 
NC_005946_Ranavirus_rana1_n/a                            3.2248266 3.2749476 3.2488697 3.5939829 3.2523658 1.5540064 3.2248266 2.2904670 3.1868690 3.2853514 3.3096341 3.2279437 5.5297774 6.6353532 2.4244365 3.1868690 3.2152550 3.2853514 3.2523658 4.5924300 4.5450164 3.2909758 3.2920456 3.2227756 0.0000000 3.2523658 3.2488697 3.3028471 3.2523658 6.2980479 3.2909758 4.5450164 5.8202485 6.1615200 
OQ475017_Megalocytivirus_pagrus1_RSIV                    0.0980247 0.0998888 0.0957058 1.2145245 0.0020543 3.1344078 0.0980247 3.5274942 0.0929789 0.0334553 0.0925142 0.1004277 3.4108247 3.7208900 3.5792566 0.0929789 0.1027100 0.0334553 0.0000010 2.3723970 2.4548214 0.0355636 0.1022504 0.0979403 3.2523658 0.0000000 0.0957058 0.0292096 0.0020543 3.9220246 0.0355636 2.4548214 3.1155875 3.6654624 
MW883594_Megalocytivirus_pagrus1_ISKNV                   0.0020774 0.1280115 0.0000010 1.1930781 0.0934279 3.2756493 0.0020774 3.6016732 0.0062643 0.1012984 0.1118136 0.0041615 3.4396537 3.7079298 3.7110567 0.0062643 0.0062453 0.1012984 0.0957058 2.3150482 2.4617095 0.1035833 0.1304524 0.0041615 3.2488697 0.0957058 0.0000000 0.0918380 0.0934279 4.0624954 0.1035833 2.4617095 3.1598165 3.7330741 
MW883598_Megalocytivirus_pagrus1_RSIV                    0.0941558 0.1001887 0.0918380 1.2206438 0.0271079 3.1715551 0.0941558 3.5796781 0.0891279 0.0082334 0.0908182 0.0965542 3.3832125 3.7582395 3.6233851 0.0891279 0.0988364 0.0082334 0.0292096 2.3967528 2.4699789 0.0102968 0.1025550 0.0940747 3.3028471 0.0292096 0.0918380 0.0000000 0.0271079 3.9099419 0.0102968 2.4699789 3.1069850 3.6771004 
AB104413_Megalocytivirus_pagrus1_RSIV                    0.0957434 0.0976242 0.0934279 1.2189083 0.0000010 3.1344078 0.0957434 3.5274942 0.0907154 0.0313476 0.0902309 0.0981410 3.4161170 3.7289136 3.5792566 0.0907154 0.1004218 0.0313476 0.0020543 2.3730684 2.4584402 0.0334537 0.0999813 0.0956620 3.2523658 0.0020543 0.0934279 0.0271079 0.0000000 3.9273398 0.0334537 2.4584402 3.1220754 3.6677861 
LS484712_Daphniairidovirus_daphnia1_n/a                  4.0624954 3.8557740 4.0624954 4.5111839 3.9273398 6.5809078 4.0624954 7.2250784 4.0862503 3.8805110 3.9798570 4.0624954 2.6773897 2.7382813 7.2919911 4.0862503 4.0650936 3.8805110 3.9220246 4.9921201 5.2758311 3.8872731 3.8557740 4.0699345 6.2980479 3.9220246 4.0624954 3.9099419 3.9273398 0.0000000 3.8872731 5.2758311 2.7061979 2.9476659 
OL774653_Megalocytivirus_pagrus1_RSIV                    0.1059241 0.1071239 0.1035833 1.2181262 0.0334537 3.1560609 0.1059241 3.6116693 0.1007972 0.0020500 0.0997863 0.1083563 3.4166351 3.7746626 3.6481657 0.1007972 0.1106563 0.0020500 0.0355636 2.3939607 2.4409079 0.0000010 0.1095060 0.1058322 3.2909758 0.0355636 0.1035833 0.0102968 0.0334537 3.8872731 0.0000000 2.4409079 3.0985440 3.6739532 
OM037668_Megalocytivirus_lates1_SDDV                     2.4575378 2.4740382 2.4617095 2.7310155 2.4584402 4.3530125 2.4575378 3.9225956 2.4411905 2.4465491 2.4601449 2.4784681 5.4176204 4.4365114 3.9642687 2.4411905 2.4474713 2.4465491 2.4548214 1.2996760 0.0000010 2.4409079 2.4647263 2.4564059 4.5450164 2.4548214 2.4617095 2.4699789 2.4584402 5.2758311 2.4409079 0.0000000 4.2871466 5.9653114 
AF303741_Iridovirus_chilo1_n/a                           3.1415999 3.1355964 3.1598165 3.3997529 3.1220754 5.2088918 3.1415999 5.0109307 3.1605506 3.0924256 3.0823386 3.1755169 1.8946249 0.7803798 4.9625453 3.1605506 3.1422256 3.0924256 3.1155875 4.4564189 4.2871466 3.0985440 3.1464772 3.1341987 5.8202485 3.1155875 3.1598165 3.1069850 3.1220754 2.7061979 3.0985440 4.2871466 0.0000000 2.1008232 
HF920633_Chloriridovirus_simulium1_n/a                   3.7196415 3.7364634 3.7330741 4.4494495 3.6677861 5.9867137 3.7196415 7.4982306 3.7327277 3.6803467 3.7944677 3.7374114 0.8859215 1.9339049 7.3492474 3.7327277 3.7126707 3.6803467 3.6654624 5.0422984 5.9653114 3.6739532 3.7562397 3.7264229 6.1615200 3.6654624 3.7330741 3.6771004 3.6677861 2.9476659 3.6739532 5.9653114 2.1008232 0.0000000 
