34
MW883606_Megalocytivirus_pagrus1_ISKNV                   0.0000000 0.1254901 0.0020774 2.6086886 1.1854717 0.0956251 3.2039928 0.0000010 3.5212393 0.0041725 0.1034956 0.1093467 0.0020791 3.3580346 3.6095515 3.6288098 0.0041725 0.0041601 0.1034956 0.0979010 2.4161945 0.1057804 0.1279191 0.0020791 3.1651912 0.0979010 0.0020774 0.0940364 0.0956251 3.9828789 0.1057804 2.4161945 3.0830024 3.6472713 
MG570132_Megalocytivirus_pagrus1_TRBIV                   0.1254901 0.0000000 0.1278442 2.7157442 1.2025691 0.0974999 3.0315181 0.1254901 3.5961171 0.1228503 0.1047159 0.0402227 0.1279526 3.3159895 3.6378594 3.6745112 0.1228503 0.1278728 0.1047159 0.0997601 2.4315834 0.1069794 0.0020657 0.1279526 3.2143819 0.0997601 0.1278442 0.1000578 0.0974999 3.7816920 0.1069794 2.4315834 3.0775175 3.6640497 
23043610005_Megalocytivirus_pagrus1_ISKNV                0.0020774 0.1278442 0.0000000 2.5995604 1.1795895 0.0933133 3.2108172 0.0020774 3.5362076 0.0062636 0.1011614 0.1116741 0.0041613 3.3794935 3.6356216 3.6444978 0.0062636 0.0062450 0.1011614 0.0955859 2.4202601 0.1034435 0.1302790 0.0041613 3.1882525 0.0955859 0.0000010 0.0917222 0.0933133 3.9828789 0.1034435 2.4202601 3.1009149 3.6604371 
MF599468_Decapodiridovirus_litopenaeus1_n/a              2.6086886 2.7157442 2.5995604 0.0000000 3.2616346 2.5992895 4.5584895 2.6086886 5.7271651 2.6110880 2.6124787 2.7001759 2.6108042 4.8303176 4.4880628 5.4606740 2.6110880 2.6272795 2.6124787 2.5976553 3.8590160 2.6061743 2.7166511 2.6006336 5.0904433 2.5976553 2.5995604 2.6281220 2.5992895 4.9336136 2.6061743 3.8590160 4.3706942 4.3661211 
PQ335173_PQ335174_Threespine_stickleback_iridovirus_TSIV 1.1854717 1.2025691 1.1795895 3.2616346 0.0000000 1.2049717 4.0179678 1.1854717 4.4409424 1.1826764 1.2000236 1.1964050 1.1940082 4.2172940 3.9050274 4.3734592 1.1826764 1.1811777 1.2000236 1.2006536 2.6817425 1.2042859 1.2098835 1.1939944 3.5272593 1.2006536 1.1795895 1.2067559 1.2049717 4.4180184 1.2042859 2.6817425 3.3395367 4.3565710 
BD143114_Megalocytivirus_pagrus1_RSIV                    0.0956251 0.0974999 0.0933133 2.5992895 1.2049717 0.0000000 3.0713089 0.0956251 3.4643747 0.0906127 0.0313367 0.0900970 0.0980164 3.3571276 3.6571416 3.5145028 0.0906127 0.1002928 0.0313367 0.0020543 2.4170456 0.0334420 0.0998519 0.0955445 3.1922011 0.0020543 0.0933133 0.0270998 0.0000010 3.8547180 0.0334420 2.4170456 3.0651891 3.5968421 
AY521625_Ranavirus_epinephelus1_n/a                      3.2039928 3.0315181 3.2108172 4.5584895 4.0179678 3.0713089 0.0000000 3.2039928 2.2827777 3.1914501 3.0874771 3.1110093 3.2069122 6.2656465 5.4838629 2.4722531 3.1914501 3.2157425 3.0874771 3.0713089 4.2600500 3.0924888 3.0407218 3.2027028 1.5337909 3.0713089 3.2108172 3.1076346 3.0713089 6.4455763 3.0924888 4.2600500 5.0884750 5.8529477 
OQ513807_Megalocytivirus_pagrus1_ISKNV                   0.0000010 0.1254901 0.0020774 2.6086886 1.1854717 0.0956251 3.2039928 0.0000000 3.5212393 0.0041725 0.1034956 0.1093467 0.0020791 3.3580346 3.6095515 3.6288098 0.0041725 0.0041601 0.1034956 0.0979010 2.4161945 0.1057804 0.1279191 0.0020791 3.1651912 0.0979010 0.0020774 0.0940364 0.0956251 3.9828789 0.1057804 2.4161945 3.0830024 3.6472713 
KX643370_Lymphocystivirus_sparus1_n/a                    3.5212393 3.5961171 3.5362076 5.7271651 4.4409424 3.4643747 2.2827777 3.5212393 0.0000000 3.5052816 3.5402515 3.5971789 3.5247737 6.4434200 5.1468065 0.2711690 3.5052816 3.5374142 3.5402515 3.4643747 3.8462676 3.5463058 3.6243018 3.5188421 2.2550969 3.4643747 3.5362076 3.5154082 3.4643747 7.0784537 3.5463058 3.8462676 4.9021138 7.3041114 
MT986830_Megalocytivirus_pagrus1_ISKNV                   0.0041725 0.1228503 0.0062636 2.6110880 1.1826764 0.0906127 3.1914501 0.0041725 3.5052816 0.0000000 0.0984019 0.1070565 0.0062687 3.3590849 3.6205029 3.5978906 0.0000010 0.0083623 0.0984019 0.0928721 2.4000871 0.1006714 0.1252674 0.0062687 3.1281136 0.0928721 0.0062636 0.0890246 0.0906127 4.0063698 0.1006714 2.4000871 3.1016721 3.6602223 
OK042109_Megalocytivirus_pagrus1_RSIV                    0.1034956 0.1047159 0.1011614 2.6124787 1.2000236 0.0313367 3.0874771 0.1034956 3.5402515 0.0984019 0.0000000 0.0973491 0.1059163 3.3638739 3.6980403 3.5759550 0.0984019 0.1082111 0.0000010 0.0334431 2.4052289 0.0020500 0.1070885 0.1034076 3.2248046 0.0334431 0.1011614 0.0082325 0.0313367 3.8111124 0.0020500 2.4052289 3.0380827 3.6108539 
GQ273492_Megalocytivirus_pagrus1_TRBIV                   0.1093467 0.0402227 0.1116741 2.7001759 1.1964050 0.0900970 3.1110093 0.1093467 3.5971789 0.1070565 0.0973491 0.0000000 0.1117687 3.3279807 3.6315532 3.6563344 0.1070565 0.1140582 0.0973491 0.0923758 2.4179955 0.0996316 0.0423986 0.1117687 3.2485733 0.0923758 0.1116741 0.0906761 0.0900970 3.9007819 0.0996316 2.4179955 3.0254750 3.7208588 
MW883600_Megalocytivirus_pagrus1_ISKNV                   0.0020791 0.1279526 0.0041613 2.6108042 1.1940082 0.0980164 3.2069122 0.0020791 3.5247737 0.0062687 0.1059163 0.1117687 0.0000000 3.3744842 3.6494208 3.6325119 0.0062687 0.0062501 0.1059163 0.1002975 2.4365300 0.1082057 0.1303897 0.0041647 3.1682508 0.1002975 0.0041613 0.0964287 0.0980164 3.9828789 0.1082057 2.4365300 3.1158534 3.6648751 
KF938901_Chloriridovirus_anopheles1_n/a                  3.3580346 3.3159895 3.3794935 4.8303176 4.2172940 3.3571276 6.2656465 3.3580346 6.4434200 3.3590849 3.3638739 3.3279807 3.3744842 0.0000000 2.0292103 6.8056376 3.3590849 3.3506704 3.3638739 3.3518864 5.3145053 3.3577561 3.3373345 3.3744842 5.4102124 3.3518864 3.3794935 3.3247408 3.3571276 2.6328551 3.3577561 5.3145053 1.8695962 0.8784827 
HF920637_Iridovirus_armadillidium1_n/a                   3.6095515 3.6378594 3.6356216 4.4880628 3.9050274 3.6571416 5.4838629 3.6095515 5.1468065 3.6205029 3.6980403 3.6315532 3.6494208 2.0292103 0.0000000 4.8944917 3.6205029 3.6175674 3.6980403 3.6491629 4.3519552 3.7031288 3.6568794 3.6494208 6.4820238 3.6491629 3.6356216 3.6868117 3.6571416 2.6957972 3.7031288 4.3519552 0.7741490 1.9081489 
MN803438_Lymphocystivirus_micropogonias1_n/a             3.6288098 3.6745112 3.6444978 5.4606740 4.3734592 3.5145028 2.4722531 3.6288098 0.2711690 3.5978906 3.5759550 3.6563344 3.6325119 6.8056376 4.8944917 0.0000000 3.5978906 3.6288957 3.5759550 3.5145028 3.8872616 3.5820535 3.7032831 3.6262981 2.3853103 3.5145028 3.6444978 3.5575761 3.5145028 7.1358851 3.5820535 3.8872616 4.8525220 7.1635080 
PP974677_Megalocytivirus_pagrus1_ISKNV                   0.0041725 0.1228503 0.0062636 2.6110880 1.1826764 0.0906127 3.1914501 0.0041725 3.5052816 0.0000010 0.0984019 0.1070565 0.0062687 3.3590849 3.6205029 3.5978906 0.0000000 0.0083623 0.0984019 0.0928721 2.4000871 0.1006714 0.1252674 0.0062687 3.1281136 0.0928721 0.0062636 0.0890246 0.0906127 4.0063698 0.1006714 2.4000871 3.1016721 3.6602223 
ON212400_Megalocytivirus_pagrus1_ISKNV                   0.0041601 0.1278728 0.0062450 2.6272795 1.1811777 0.1002928 3.2157425 0.0041601 3.5374142 0.0083623 0.1082111 0.1140582 0.0062501 3.3506704 3.6175674 3.6288957 0.0083623 0.0000000 0.1082111 0.1025763 2.4062678 0.1105023 0.1303081 0.0062501 3.1557363 0.1025763 0.0062450 0.0987077 0.1002928 3.9854451 0.1105023 2.4062678 3.0835813 3.6404986 
KC244182_Megalocytivirus_pagrus1_RSIV                    0.1034956 0.1047159 0.1011614 2.6124787 1.2000236 0.0313367 3.0874771 0.1034956 3.5402515 0.0984019 0.0000010 0.0973491 0.1059163 3.3638739 3.6980403 3.5759550 0.0984019 0.1082111 0.0000000 0.0334431 2.4052289 0.0020500 0.1070885 0.1034076 3.2248046 0.0334431 0.1011614 0.0082325 0.0313367 3.8111124 0.0020500 2.4052289 3.0380827 3.6108539 
ON743042_Megalocytivirus_pagrus1_RSIV                    0.0979010 0.0997601 0.0955859 2.5976553 1.2006536 0.0020543 3.0713089 0.0979010 3.4643747 0.0928721 0.0334431 0.0923758 0.1002975 3.3518864 3.6491629 3.5145028 0.0928721 0.1025763 0.0334431 0.0000000 2.4135408 0.0355506 0.1021165 0.0978183 3.1922011 0.0000010 0.0955859 0.0292004 0.0020543 3.8494644 0.0355506 2.4135408 3.0587421 3.5945554 
MN562489_Megalocytivirus_lates1_SDDV                     2.4161945 2.4315834 2.4202601 3.8590160 2.6817425 2.4170456 4.2600500 2.4161945 3.8462676 2.4000871 2.4052289 2.4179955 2.4365300 5.3145053 4.3519552 3.8872616 2.4000871 2.4062678 2.4052289 2.4135408 0.0000000 2.3999651 2.4226133 2.4150831 4.4535179 2.4135408 2.4202601 2.4281899 2.4170456 5.1611924 2.3999651 0.0000010 4.2056533 5.8485464 
OL774655_Megalocytivirus_pagrus1_RSIV                    0.1057804 0.1069794 0.1034435 2.6061743 1.2042859 0.0334420 3.0924888 0.1057804 3.5463058 0.1006714 0.0020500 0.0996316 0.1082057 3.3577561 3.7031288 3.5820535 0.1006714 0.1105023 0.0020500 0.0355506 2.3999651 0.0000000 0.1093560 0.1056903 3.2303753 0.0355506 0.1034435 0.0102958 0.0334420 3.8177760 0.0000010 2.3999651 3.0441572 3.6053146 
MG570131_Megalocytivirus_pagrus1_TRBIV                   0.1279191 0.0020657 0.1302790 2.7166511 1.2098835 0.0998519 3.0407218 0.1279191 3.6243018 0.1252674 0.1070885 0.0423986 0.1303897 3.3373345 3.6568794 3.7032831 0.1252674 0.1303081 0.1070885 0.1021165 2.4226133 0.1093560 0.0000000 0.1303897 3.2312319 0.1021165 0.1302790 0.1024188 0.0998519 3.7816920 0.1093560 2.4226133 3.0880964 3.6835697 
OR536350_Megalocytivirus_pagrus1_ISKNV                   0.0020791 0.1279526 0.0041613 2.6006336 1.1939944 0.0955445 3.2027028 0.0020791 3.5188421 0.0062687 0.1034076 0.1117687 0.0041647 3.3744842 3.6494208 3.6262981 0.0062687 0.0062501 0.1034076 0.0978183 2.4150831 0.1056903 0.1303897 0.0000000 3.1631363 0.0978183 0.0041613 0.0939570 0.0955445 3.9902334 0.1056903 2.4150831 3.0756469 3.6538625 
NC_005946_Ranavirus_rana1_n/a                            3.1651912 3.2143819 3.1882525 5.0904433 3.5272593 3.1922011 1.5337909 3.1651912 2.2550969 3.1281136 3.2248046 3.2485733 3.1682508 5.4102124 6.4820238 2.3853103 3.1281136 3.1557363 3.2248046 3.1922011 4.4535179 3.2303753 3.2312319 3.1631363 0.0000000 3.1922011 3.1882525 3.2414544 3.1922011 6.1655553 3.2303753 4.4535179 5.6800581 6.0032531 
OQ475017_Megalocytivirus_pagrus1_RSIV                    0.0979010 0.0997601 0.0955859 2.5976553 1.2006536 0.0020543 3.0713089 0.0979010 3.4643747 0.0928721 0.0334431 0.0923758 0.1002975 3.3518864 3.6491629 3.5145028 0.0928721 0.1025763 0.0334431 0.0000010 2.4135408 0.0355506 0.1021165 0.0978183 3.1922011 0.0000000 0.0955859 0.0292004 0.0020543 3.8494644 0.0355506 2.4135408 3.0587421 3.5945554 
MW883594_Megalocytivirus_pagrus1_ISKNV                   0.0020774 0.1278442 0.0000010 2.5995604 1.1795895 0.0933133 3.2108172 0.0020774 3.5362076 0.0062636 0.1011614 0.1116741 0.0041613 3.3794935 3.6356216 3.6444978 0.0062636 0.0062450 0.1011614 0.0955859 2.4202601 0.1034435 0.1302790 0.0041613 3.1882525 0.0955859 0.0000000 0.0917222 0.0933133 3.9828789 0.1034435 2.4202601 3.1009149 3.6604371 
MW883598_Megalocytivirus_pagrus1_RSIV                    0.0940364 0.1000578 0.0917222 2.6281220 1.2067559 0.0270998 3.1076346 0.0940364 3.5154082 0.0890246 0.0082325 0.0906761 0.0964287 3.3247408 3.6868117 3.5575761 0.0890246 0.0987077 0.0082325 0.0292004 2.4281899 0.0102958 0.1024188 0.0939570 3.2414544 0.0292004 0.0917222 0.0000000 0.0270998 3.8377791 0.0102958 2.4281899 3.0517577 3.6075236 
AB104413_Megalocytivirus_pagrus1_RSIV                    0.0956251 0.0974999 0.0933133 2.5992895 1.2049717 0.0000010 3.0713089 0.0956251 3.4643747 0.0906127 0.0313367 0.0900970 0.0980164 3.3571276 3.6571416 3.5145028 0.0906127 0.1002928 0.0313367 0.0020543 2.4170456 0.0334420 0.0998519 0.0955445 3.1922011 0.0020543 0.0933133 0.0270998 0.0000000 3.8547180 0.0334420 2.4170456 3.0651891 3.5968421 
LS484712_Daphniairidovirus_daphnia1_n/a                  3.9828789 3.7816920 3.9828789 4.9336136 4.4180184 3.8547180 6.4455763 3.9828789 7.0784537 4.0063698 3.8111124 3.9007819 3.9828789 2.6328551 2.6957972 7.1358851 4.0063698 3.9854451 3.8111124 3.8494644 5.1611924 3.8177760 3.7816920 3.9902334 6.1655553 3.8494644 3.9828789 3.8377791 3.8547180 0.0000000 3.8177760 5.1611924 2.6648141 2.8981356 
OL774653_Megalocytivirus_pagrus1_RSIV                    0.1057804 0.1069794 0.1034435 2.6061743 1.2042859 0.0334420 3.0924888 0.1057804 3.5463058 0.1006714 0.0020500 0.0996316 0.1082057 3.3577561 3.7031288 3.5820535 0.1006714 0.1105023 0.0020500 0.0355506 2.3999651 0.0000010 0.1093560 0.1056903 3.2303753 0.0355506 0.1034435 0.0102958 0.0334420 3.8177760 0.0000000 2.3999651 3.0441572 3.6053146 
OM037668_Megalocytivirus_lates1_SDDV                     2.4161945 2.4315834 2.4202601 3.8590160 2.6817425 2.4170456 4.2600500 2.4161945 3.8462676 2.4000871 2.4052289 2.4179955 2.4365300 5.3145053 4.3519552 3.8872616 2.4000871 2.4062678 2.4052289 2.4135408 0.0000010 2.3999651 2.4226133 2.4150831 4.4535179 2.4135408 2.4202601 2.4281899 2.4170456 5.1611924 2.3999651 0.0000000 4.2056533 5.8485464 
AF303741_Iridovirus_chilo1_n/a                           3.0830024 3.0775175 3.1009149 4.3706942 3.3395367 3.0651891 5.0884750 3.0830024 4.9021138 3.1016721 3.0380827 3.0254750 3.1158534 1.8695962 0.7741490 4.8525220 3.1016721 3.0835813 3.0380827 3.0587421 4.2056533 3.0441572 3.0880964 3.0756469 5.6800581 3.0587421 3.1009149 3.0517577 3.0651891 2.6648141 3.0441572 4.2056533 0.0000000 2.0713238 
HF920633_Chloriridovirus_simulium1_n/a                   3.6472713 3.6640497 3.6604371 4.3661211 4.3565710 3.5968421 5.8529477 3.6472713 7.3041114 3.6602223 3.6108539 3.7208588 3.6648751 0.8784827 1.9081489 7.1635080 3.6602223 3.6404986 3.6108539 3.5945554 5.8485464 3.6053146 3.6835697 3.6538625 6.0032531 3.5945554 3.6604371 3.6075236 3.5968421 2.8981356 3.6053146 5.8485464 2.0713238 0.0000000 
