29
OQ513807_Megalocytivirus_pagrus1_ISKNV                   0.0000000 0.0383194 1.2592271 0.0383194 0.0428128 0.0020517 5.9729349 3.7696879 4.3754319 4.9596490 0.0000010 0.0103752 0.0020496 0.0082686 0.0470059 0.0449193 0.0449743 0.0020503 0.0082686 0.0428128 0.0020496 0.0020540 0.0020497 0.0020503 0.0103752 1.2592271 0.4365709 0.0406031 0.0471112 
OL774653_Megalocytivirus_pagrus1_RSIV                    0.0383194 0.0000000 1.2600043 0.0000010 0.0124059 0.0383622 5.6901171 3.7080164 4.3510976 4.9274212 0.0383194 0.0384625 0.0404899 0.0383069 0.0292733 0.0272117 0.0144804 0.0405048 0.0383069 0.0124059 0.0404899 0.0405788 0.0404934 0.0405048 0.0384625 1.2600043 0.4455562 0.0020524 0.0293379 
OM037668_Megalocytivirus_lates1_SDDV                     1.2592271 1.2600043 0.0000000 1.2600043 1.2659482 1.2620861 5.2889487 4.1093993 4.1837301 5.0993719 1.2592271 1.2900980 1.2625140 1.2867182 1.2748850 1.2690782 1.2671155 1.2587725 1.2867182 1.2659482 1.2625140 1.2635245 1.2625736 1.2587725 1.2900980 0.0000010 1.3380152 1.2550202 1.2713580 
AY894343_Megalocytivirus_pagrus1_RSIV                    0.0383194 0.0000010 1.2600043 0.0000000 0.0124059 0.0383622 5.6901171 3.7080164 4.3510976 4.9274212 0.0383194 0.0384625 0.0404899 0.0383069 0.0292733 0.0272117 0.0144804 0.0405048 0.0383069 0.0124059 0.0404899 0.0405788 0.0404934 0.0405048 0.0384625 1.2600043 0.4455562 0.0020524 0.0293379 
BD143114_Megalocytivirus_pagrus1_RSIV                    0.0428128 0.0124059 1.2659482 0.0124059 0.0000000 0.0428613 5.6901171 3.7080164 4.3510976 4.9274212 0.0428128 0.0429742 0.0449999 0.0427995 0.0294173 0.0229927 0.0020511 0.0450165 0.0427995 0.0000010 0.0449999 0.0450991 0.0450039 0.0450165 0.0429742 1.2659482 0.4342941 0.0145283 0.0251110 
OR536350_Megalocytivirus_pagrus1_ISKNV                   0.0020517 0.0383622 1.2620861 0.0383622 0.0428613 0.0000000 6.0383407 3.8099350 4.3878189 4.9757969 0.0020517 0.0124767 0.0041077 0.0103586 0.0492506 0.0471617 0.0450256 0.0041092 0.0103586 0.0428613 0.0041077 0.0041166 0.0041080 0.0041092 0.0124767 1.2620861 0.4408993 0.0406488 0.0493612 
HF920637_Iridovirus_armadillidium1_n/a                   5.9729349 5.6901171 5.2889487 5.6901171 5.6901171 6.0383407 0.0000000 1.0200715 2.5411791 2.5595662 5.9729349 5.9719947 5.9729349 5.9719947 5.7985662 5.7692333 5.6901171 5.9640613 5.9719947 5.6901171 5.9729349 5.9729349 5.9729349 5.9640613 5.9719947 5.2889487 6.1114058 5.6901171 5.7692333 
AF303741_Iridovirus_chilo1_n/a                           3.7696879 3.7080164 4.1093993 3.7080164 3.7080164 3.8099350 1.0200715 0.0000000 2.4408389 2.4317850 3.7696879 3.8892215 3.7696879 3.8892215 3.8610172 3.7573964 3.7080164 3.7424117 3.8892215 3.7080164 3.7696879 3.7696879 3.7696879 3.7424117 3.8892215 4.1093993 4.3891463 3.7080164 3.7573964 
HF920633_Chloriridovirus_simulium1_n/a                   4.3754319 4.3510976 4.1837301 4.3510976 4.3510976 4.3878189 2.5411791 2.4408389 0.0000000 0.6257069 4.3754319 4.3812203 4.3754319 4.3812203 4.2720436 4.3738082 4.3510976 4.3500692 4.3812203 4.3510976 4.3754319 4.3754319 4.3754319 4.3500692 4.3812203 4.1837301 4.2700477 4.3510976 4.3738082 
KF938901_Chloriridovirus_anopheles1_n/a                  4.9596490 4.9274212 5.0993719 4.9274212 4.9274212 4.9757969 2.5595662 2.4317850 0.6257069 0.0000000 4.9596490 4.9995376 4.9596490 4.9995376 4.7262580 4.9550627 4.9274212 4.9302779 4.9995376 4.9274212 4.9596490 4.9596490 4.9596490 4.9302779 4.9995376 5.0993719 4.7268912 4.9274212 4.9550627 
MW883600_Megalocytivirus_pagrus1_ISKNV                   0.0000010 0.0383194 1.2592271 0.0383194 0.0428128 0.0020517 5.9729349 3.7696879 4.3754319 4.9596490 0.0000000 0.0103752 0.0020496 0.0082686 0.0470059 0.0449193 0.0449743 0.0020503 0.0082686 0.0428128 0.0020496 0.0020540 0.0020497 0.0020503 0.0103752 1.2592271 0.4365709 0.0406031 0.0471112 
PP974677_Megalocytivirus_pagrus1_ISKNV                   0.0103752 0.0384625 1.2900980 0.0384625 0.0429742 0.0124767 5.9719947 3.8892215 4.3812203 4.9995376 0.0103752 0.0000000 0.0124632 0.0020559 0.0471834 0.0450887 0.0451442 0.0124678 0.0020559 0.0429742 0.0124632 0.0124904 0.0124643 0.0124678 0.0000010 1.2900980 0.4394976 0.0407555 0.0472895 
MW883603_Megalocytivirus_pagrus1_ISKNV                   0.0020496 0.0404899 1.2625140 0.0404899 0.0449999 0.0041077 5.9729349 3.7696879 4.3754319 4.9596490 0.0020496 0.0124632 0.0000000 0.0103475 0.0491930 0.0471066 0.0471646 0.0041048 0.0103475 0.0449999 0.0000010 0.0041122 0.0041037 0.0041048 0.0124632 1.2625140 0.4399167 0.0427840 0.0493033 
MN432490_Megalocytivirus_pagrus1_ISKNV                   0.0082686 0.0383069 1.2867182 0.0383069 0.0427995 0.0103586 5.9719947 3.8892215 4.3812203 4.9995376 0.0082686 0.0020559 0.0103475 0.0000000 0.0469919 0.0449056 0.0449606 0.0103513 0.0000010 0.0427995 0.0103475 0.0103700 0.0103484 0.0103513 0.0020559 1.2867182 0.4390627 0.0405901 0.0470972 
GQ273492_Megalocytivirus_pagrus1_TRBIV                   0.0470059 0.0292733 1.2748850 0.0292733 0.0294173 0.0492506 5.7985662 3.8610172 4.2720436 4.7262580 0.0470059 0.0471834 0.0491930 0.0469919 0.0000000 0.0145327 0.0315338 0.0492110 0.0469919 0.0294173 0.0491930 0.0493009 0.0471251 0.0492110 0.0471834 1.2748850 0.4379702 0.0293335 0.0166275 
MG570132_Megalocytivirus_pagrus1_TRBIV                   0.0449193 0.0272117 1.2690782 0.0272117 0.0229927 0.0471617 5.7692333 3.7573964 4.3738082 4.9550627 0.0449193 0.0450887 0.0471066 0.0449056 0.0145327 0.0000000 0.0250947 0.0471239 0.0449056 0.0229927 0.0471066 0.0472102 0.0450335 0.0471239 0.0450887 1.2690782 0.4335907 0.0272676 0.0020558 
MK098187_Megalocytivirus_pagrus1_RSIV                    0.0449743 0.0144804 1.2671155 0.0144804 0.0020511 0.0450256 5.6901171 3.7080164 4.3510976 4.9274212 0.0449743 0.0451442 0.0471646 0.0449606 0.0315338 0.0250947 0.0000000 0.0471819 0.0449606 0.0020511 0.0471646 0.0472685 0.0471688 0.0471819 0.0451442 1.2671155 0.4373543 0.0166116 0.0272164 
MW883602_Megalocytivirus_pagrus1_ISKNV                   0.0020503 0.0405048 1.2587725 0.0405048 0.0450165 0.0041092 5.9640613 3.7424117 4.3500692 4.9302779 0.0020503 0.0124678 0.0041048 0.0103513 0.0492110 0.0471239 0.0471819 0.0000000 0.0103513 0.0450165 0.0041048 0.0041137 0.0041052 0.0000010 0.0124678 1.2587725 0.4363729 0.0427997 0.0493213 
OP009387_Megalocytivirus_pagrus1_ISKNV                   0.0082686 0.0383069 1.2867182 0.0383069 0.0427995 0.0103586 5.9719947 3.8892215 4.3812203 4.9995376 0.0082686 0.0020559 0.0103475 0.0000010 0.0469919 0.0449056 0.0449606 0.0103513 0.0000000 0.0427995 0.0103475 0.0103700 0.0103484 0.0103513 0.0020559 1.2867182 0.4390627 0.0405901 0.0470972 
MK098186_Megalocytivirus_pagrus1_RSIV                    0.0428128 0.0124059 1.2659482 0.0124059 0.0000010 0.0428613 5.6901171 3.7080164 4.3510976 4.9274212 0.0428128 0.0429742 0.0449999 0.0427995 0.0294173 0.0229927 0.0020511 0.0450165 0.0427995 0.0000000 0.0449999 0.0450991 0.0450039 0.0450165 0.0429742 1.2659482 0.4342941 0.0145283 0.0251110 
MT128667_Megalocytivirus_pagrus1_ISKNV                   0.0020496 0.0404899 1.2625140 0.0404899 0.0449999 0.0041077 5.9729349 3.7696879 4.3754319 4.9596490 0.0020496 0.0124632 0.0000010 0.0103475 0.0491930 0.0471066 0.0471646 0.0041048 0.0103475 0.0449999 0.0000000 0.0041122 0.0041037 0.0041048 0.0124632 1.2625140 0.4399167 0.0427840 0.0493033 
MT926123_Megalocytivirus_pagrus1_ISKNV                   0.0020540 0.0405788 1.2635245 0.0405788 0.0450991 0.0041166 5.9729349 3.7696879 4.3754319 4.9596490 0.0020540 0.0124904 0.0041122 0.0103700 0.0493009 0.0472102 0.0472685 0.0041137 0.0103700 0.0450991 0.0041122 0.0000000 0.0041126 0.0041137 0.0124904 1.2635245 0.4409728 0.0428782 0.0494117 
MW883593_Megalocytivirus_pagrus1_ISKNV                   0.0020497 0.0404934 1.2625736 0.0404934 0.0450039 0.0041080 5.9729349 3.7696879 4.3754319 4.9596490 0.0020497 0.0124643 0.0041037 0.0103484 0.0471251 0.0450335 0.0471688 0.0041052 0.0103484 0.0450039 0.0041037 0.0041126 0.0000000 0.0041052 0.0124643 1.2625736 0.4381084 0.0427878 0.0472310 
MW273354_Megalocytivirus_pagrus1_ISKNV                   0.0020503 0.0405048 1.2587725 0.0405048 0.0450165 0.0041092 5.9640613 3.7424117 4.3500692 4.9302779 0.0020503 0.0124678 0.0041048 0.0103513 0.0492110 0.0471239 0.0471819 0.0000010 0.0103513 0.0450165 0.0041048 0.0041137 0.0041052 0.0000000 0.0124678 1.2587725 0.4363729 0.0427997 0.0493213 
PP151097_Megalocytivirus_pagrus1_ISKNV                   0.0103752 0.0384625 1.2900980 0.0384625 0.0429742 0.0124767 5.9719947 3.8892215 4.3812203 4.9995376 0.0103752 0.0000010 0.0124632 0.0020559 0.0471834 0.0450887 0.0451442 0.0124678 0.0020559 0.0429742 0.0124632 0.0124904 0.0124643 0.0124678 0.0000000 1.2900980 0.4394976 0.0407555 0.0472895 
MT521409_Megalocytivirus_lates1_SDDV                     1.2592271 1.2600043 0.0000010 1.2600043 1.2659482 1.2620861 5.2889487 4.1093993 4.1837301 5.0993719 1.2592271 1.2900980 1.2625140 1.2867182 1.2748850 1.2690782 1.2671155 1.2587725 1.2867182 1.2659482 1.2625140 1.2635245 1.2625736 1.2587725 1.2900980 0.0000000 1.3380152 1.2550202 1.2713580 
PQ335173_PQ335174_Threespine_stickleback_iridovirus_TSIV 0.4365709 0.4455562 1.3380152 0.4455562 0.4342941 0.4408993 6.1114058 4.3891463 4.2700477 4.7268912 0.4365709 0.4394976 0.4399167 0.4390627 0.4379702 0.4335907 0.4373543 0.4363729 0.4390627 0.4342941 0.4399167 0.4409728 0.4381084 0.4363729 0.4394976 1.3380152 0.0000000 0.4403107 0.4370156 
OK042109_Megalocytivirus_pagrus1_RSIV                    0.0406031 0.0020524 1.2550202 0.0020524 0.0145283 0.0406488 5.6901171 3.7080164 4.3510976 4.9274212 0.0406031 0.0407555 0.0427840 0.0405901 0.0293335 0.0272676 0.0166116 0.0427997 0.0405901 0.0145283 0.0427840 0.0428782 0.0427878 0.0427997 0.0407555 1.2550202 0.4403107 0.0000000 0.0293983 
MG570131_Megalocytivirus_pagrus1_TRBIV                   0.0471112 0.0293379 1.2713580 0.0293379 0.0251110 0.0493612 5.7692333 3.7573964 4.3738082 4.9550627 0.0471112 0.0472895 0.0493033 0.0470972 0.0166275 0.0020558 0.0272164 0.0493213 0.0470972 0.0251110 0.0493033 0.0494117 0.0472310 0.0493213 0.0472895 1.2713580 0.4370156 0.0293983 0.0000000 
