25
OQ513807_Megalocytivirus_pagrus1_ISKNV                   0.0000000 0.0397519 1.7486467 0.0397519 0.0443022 0.0021073 0.0000010 0.0106877 0.0021044 0.0085247 0.0486469 0.0464630 0.0465534 0.0021044 0.0085247 0.0443022 0.0021044 0.0021058 0.0021052 0.0021044 0.0106877 1.7486467 0.5188186 0.0421162 0.0487452 
OL774653_Megalocytivirus_pagrus1_RSIV                    0.0397519 0.0000000 1.7543695 0.0000010 0.0127580 0.0397475 0.0397519 0.0400503 0.0420024 0.0395293 0.0301848 0.0280423 0.0148966 0.0420008 0.0395293 0.0127580 0.0420024 0.0420349 0.0420188 0.0420008 0.0400503 1.7543695 0.5292787 0.0021102 0.0302439 
OM037668_Megalocytivirus_lates1_SDDV                     1.7486467 1.7543695 0.0000000 1.7543695 1.7637261 1.7562222 1.7486467 1.8028540 1.7541991 1.7959735 1.7852208 1.7738831 1.7646446 1.7478390 1.7959735 1.7637261 1.7541991 1.7576933 1.7536000 1.7478390 1.8028540 0.0000010 1.8901197 1.7459235 1.7770032 
AY894343_Megalocytivirus_pagrus1_RSIV                    0.0397519 0.0000010 1.7543695 0.0000000 0.0127580 0.0397475 0.0397519 0.0400503 0.0420024 0.0395293 0.0301848 0.0280423 0.0148966 0.0420008 0.0395293 0.0127580 0.0420024 0.0420349 0.0420188 0.0420008 0.0400503 1.7543695 0.5292787 0.0021102 0.0302439 
BD143114_Megalocytivirus_pagrus1_RSIV                    0.0443022 0.0127580 1.7637261 0.0127580 0.0000000 0.0442982 0.0443022 0.0446316 0.0465639 0.0440557 0.0303048 0.0237132 0.0021090 0.0465619 0.0440557 0.0000010 0.0465639 0.0466005 0.0465821 0.0465619 0.0446316 1.7637261 0.5150836 0.0149382 0.0259071 
OR536350_Megalocytivirus_pagrus1_ISKNV                   0.0021073 0.0397475 1.7562222 0.0397475 0.0442982 0.0000000 0.0021073 0.0128570 0.0042206 0.0106822 0.0509878 0.0487998 0.0465497 0.0042205 0.0106822 0.0442982 0.0042206 0.0042233 0.0042221 0.0042205 0.0128570 1.7562222 0.5243012 0.0421120 0.0510912 
MW883600_Megalocytivirus_pagrus1_ISKNV                   0.0000010 0.0397519 1.7486467 0.0397519 0.0443022 0.0021073 0.0000000 0.0106877 0.0021044 0.0085247 0.0486469 0.0464630 0.0465534 0.0021044 0.0085247 0.0443022 0.0021044 0.0021058 0.0021052 0.0021044 0.0106877 1.7486467 0.5188186 0.0421162 0.0487452 
PP974677_Megalocytivirus_pagrus1_ISKNV                   0.0106877 0.0400503 1.8028540 0.0400503 0.0446316 0.0128570 0.0106877 0.0000000 0.0128389 0.0021109 0.0490038 0.0468061 0.0468977 0.0128387 0.0021109 0.0446316 0.0128389 0.0128477 0.0128438 0.0128387 0.0000010 1.8028540 0.5249188 0.0424315 0.0491035 
MW883603_Megalocytivirus_pagrus1_ISKNV                   0.0021044 0.0420024 1.7541991 0.0420024 0.0465639 0.0042206 0.0021044 0.0128389 0.0000000 0.0106672 0.0509081 0.0487238 0.0488189 0.0042147 0.0106672 0.0465639 0.0000010 0.0042175 0.0042164 0.0042147 0.0128389 1.7541991 0.5224026 0.0443775 0.0510112 
MN432490_Megalocytivirus_pagrus1_ISKNV                   0.0085247 0.0395293 1.7959735 0.0395293 0.0440557 0.0106822 0.0085247 0.0021109 0.0106672 0.0000000 0.0483790 0.0462059 0.0462953 0.0106670 0.0000010 0.0440557 0.0106672 0.0106744 0.0106713 0.0106670 0.0021109 1.7959735 0.5234935 0.0418806 0.0484763 
GQ273492_Megalocytivirus_pagrus1_TRBIV                   0.0486469 0.0301848 1.7852208 0.0301848 0.0303048 0.0509878 0.0486469 0.0490038 0.0509081 0.0483790 0.0000000 0.0149442 0.0324962 0.0509059 0.0483790 0.0303048 0.0509081 0.0509487 0.0487690 0.0509059 0.0490038 1.7852208 0.5206887 0.0302285 0.0171045 
MG570132_Megalocytivirus_pagrus1_TRBIV                   0.0464630 0.0280423 1.7738831 0.0280423 0.0237132 0.0487998 0.0464630 0.0468061 0.0487238 0.0462059 0.0149442 0.0000000 0.0258900 0.0487217 0.0462059 0.0237132 0.0487238 0.0487623 0.0465798 0.0487217 0.0468061 1.7738831 0.5135027 0.0280826 0.0021146 
MK098187_Megalocytivirus_pagrus1_RSIV                    0.0465534 0.0148966 1.7646446 0.0148966 0.0021090 0.0465497 0.0465534 0.0468977 0.0488189 0.0462953 0.0324962 0.0258900 0.0000000 0.0488168 0.0462953 0.0021090 0.0488189 0.0488576 0.0488380 0.0488168 0.0468977 1.7646446 0.5186229 0.0170863 0.0280888 
MW883602_Megalocytivirus_pagrus1_ISKNV                   0.0021044 0.0420008 1.7478390 0.0420008 0.0465619 0.0042205 0.0021044 0.0128387 0.0042147 0.0106670 0.0509059 0.0487217 0.0488168 0.0000000 0.0106670 0.0465619 0.0042147 0.0042175 0.0042163 0.0000010 0.0128387 1.7478390 0.5185301 0.0443757 0.0510089 
OP009387_Megalocytivirus_pagrus1_ISKNV                   0.0085247 0.0395293 1.7959735 0.0395293 0.0440557 0.0106822 0.0085247 0.0021109 0.0106672 0.0000010 0.0483790 0.0462059 0.0462953 0.0106670 0.0000000 0.0440557 0.0106672 0.0106744 0.0106713 0.0106670 0.0021109 1.7959735 0.5234935 0.0418806 0.0484763 
MK098186_Megalocytivirus_pagrus1_RSIV                    0.0443022 0.0127580 1.7637261 0.0127580 0.0000010 0.0442982 0.0443022 0.0446316 0.0465639 0.0440557 0.0303048 0.0237132 0.0021090 0.0465619 0.0440557 0.0000000 0.0465639 0.0466005 0.0465821 0.0465619 0.0446316 1.7637261 0.5150836 0.0149382 0.0259071 
MT128667_Megalocytivirus_pagrus1_ISKNV                   0.0021044 0.0420024 1.7541991 0.0420024 0.0465639 0.0042206 0.0021044 0.0128389 0.0000010 0.0106672 0.0509081 0.0487238 0.0488189 0.0042147 0.0106672 0.0465639 0.0000000 0.0042175 0.0042164 0.0042147 0.0128389 1.7541991 0.5224026 0.0443775 0.0510112 
MT926123_Megalocytivirus_pagrus1_ISKNV                   0.0021058 0.0420349 1.7576933 0.0420349 0.0466005 0.0042233 0.0021058 0.0128477 0.0042175 0.0106744 0.0509487 0.0487623 0.0488576 0.0042175 0.0106744 0.0466005 0.0042175 0.0000000 0.0042191 0.0042175 0.0128477 1.7576933 0.5236225 0.0444122 0.0510519 
MW883593_Megalocytivirus_pagrus1_ISKNV                   0.0021052 0.0420188 1.7536000 0.0420188 0.0465821 0.0042221 0.0021052 0.0128438 0.0042164 0.0106713 0.0487690 0.0465798 0.0488380 0.0042163 0.0106713 0.0465821 0.0042164 0.0042191 0.0000000 0.0042163 0.0128438 1.7536000 0.5205695 0.0443949 0.0488679 
MW273354_Megalocytivirus_pagrus1_ISKNV                   0.0021044 0.0420008 1.7478390 0.0420008 0.0465619 0.0042205 0.0021044 0.0128387 0.0042147 0.0106670 0.0509059 0.0487217 0.0488168 0.0000010 0.0106670 0.0465619 0.0042147 0.0042175 0.0042163 0.0000000 0.0128387 1.7478390 0.5185301 0.0443757 0.0510089 
PP151097_Megalocytivirus_pagrus1_ISKNV                   0.0106877 0.0400503 1.8028540 0.0400503 0.0446316 0.0128570 0.0106877 0.0000010 0.0128389 0.0021109 0.0490038 0.0468061 0.0468977 0.0128387 0.0021109 0.0446316 0.0128389 0.0128477 0.0128438 0.0128387 0.0000000 1.8028540 0.5249188 0.0424315 0.0491035 
MT521409_Megalocytivirus_lates1_SDDV                     1.7486467 1.7543695 0.0000010 1.7543695 1.7637261 1.7562222 1.7486467 1.8028540 1.7541991 1.7959735 1.7852208 1.7738831 1.7646446 1.7478390 1.7959735 1.7637261 1.7541991 1.7576933 1.7536000 1.7478390 1.8028540 0.0000000 1.8901197 1.7459235 1.7770032 
PQ335173_PQ335174_Threespine_stickleback_iridovirus_TSIV 0.5188186 0.5292787 1.8901197 0.5292787 0.5150836 0.5243012 0.5188186 0.5249188 0.5224026 0.5234935 0.5206887 0.5135027 0.5186229 0.5185301 0.5234935 0.5150836 0.5224026 0.5236225 0.5205695 0.5185301 0.5249188 1.8901197 0.0000000 0.5229488 0.5173451 
OK042109_Megalocytivirus_pagrus1_RSIV                    0.0421162 0.0021102 1.7459235 0.0021102 0.0149382 0.0421120 0.0421162 0.0424315 0.0443775 0.0418806 0.0302285 0.0280826 0.0170863 0.0443757 0.0418806 0.0149382 0.0443775 0.0444122 0.0443949 0.0443757 0.0424315 1.7459235 0.5229488 0.0000000 0.0302878 
MG570131_Megalocytivirus_pagrus1_TRBIV                   0.0487452 0.0302439 1.7770032 0.0302439 0.0259071 0.0510912 0.0487452 0.0491035 0.0510112 0.0484763 0.0171045 0.0021146 0.0280888 0.0510089 0.0484763 0.0259071 0.0510112 0.0510519 0.0488679 0.0510089 0.0491035 1.7770032 0.5173451 0.0302878 0.0000000 
