9
MW883601_Megalocytivirus_pagrus1_ISKNV    0.0000000 0.0309632 0.0000010 0.0309632 0.0466840 0.0469835 0.0760350 0.0140298 0.0427738 
MK098186_Megalocytivirus_pagrus1_RSIV     0.0309632 0.0000000 0.0309632 0.0000010 0.0152730 0.0153685 0.0152730 0.0466525 0.0000010 
23043610003_Megalocytivirus_pagrus1_ISKNV 0.0000010 0.0309632 0.0000000 0.0309632 0.0466840 0.0469835 0.0760350 0.0140298 0.0427738 
ON740976_Megalocytivirus_pagrus1_RSIV     0.0309632 0.0000010 0.0309632 0.0000000 0.0152730 0.0153685 0.0152730 0.0466525 0.0000010 
MG570132_Megalocytivirus_pagrus1_TRBIV    0.0466840 0.0152730 0.0466840 0.0152730 0.0000000 0.0308956 0.0000010 0.0625246 0.0152730 
GQ273492_Megalocytivirus_pagrus1_TRBIV    0.0469835 0.0153685 0.0469835 0.0153685 0.0308956 0.0000000 0.0308956 0.0629292 0.0153685 
MG570131_Megalocytivirus_pagrus1_TRBIV    0.0760350 0.0152730 0.0760350 0.0152730 0.0000010 0.0308956 0.0000000 0.0914605 0.0298271 
MK689685_Megalocytivirus_pagrus1_ISKNV    0.0140298 0.0466525 0.0140298 0.0466525 0.0625246 0.0629292 0.0914605 0.0000000 0.0572690 
OQ475017_Megalocytivirus_pagrus1_RSIV     0.0427738 0.0000010 0.0427738 0.0000010 0.0152730 0.0153685 0.0298271 0.0572690 0.0000000 
