13
AF371960_AF371960.1_00075 0.0000000 0.1457602 0.1726681 0.2136419 0.1457602 0.1999259 0.1999259 0.1726681 0.0000010 0.0145293 0.0072130 0.0145293 0.1917387 
AY894343_MK689686.1_00072 0.1457602 0.0000000 0.0781099 0.2468713 0.0000010 0.2273403 0.2273403 0.0781099 0.1457602 0.1276455 0.1373696 0.1276455 0.2245456 
BD143114_MK689686.1_00072 0.1726681 0.0781099 0.0000000 0.2974848 0.0781099 0.2657255 0.2657255 0.0000010 0.1726681 0.1539339 0.1641259 0.1539339 0.2314922 
GQ273492_GQ273492.1_00071 0.2136419 0.2468713 0.2974848 0.0000000 0.2468713 0.0925034 0.0925034 0.2974848 0.2136419 0.1927817 0.2239358 0.1927817 0.0453242 
KC244182_MK689686.1_00072 0.1457602 0.0000010 0.0781099 0.2468713 0.0000000 0.2273403 0.2273403 0.0781099 0.1457602 0.1276455 0.1373696 0.1276455 0.2245456 
MG570131_MG570131.1_00071 0.1999259 0.2273403 0.2657255 0.0925034 0.2273403 0.0000000 0.0000010 0.2657255 0.1999259 0.1796462 0.2099646 0.1796462 0.0926169 
MG570132_MG570132.1_00071 0.1999259 0.2273403 0.2657255 0.0925034 0.2273403 0.0000010 0.0000000 0.2657255 0.1999259 0.1796462 0.2099646 0.1796462 0.0926169 
MK098185_MK689686.1_00072 0.1726681 0.0781099 0.0000010 0.2974848 0.0781099 0.2657255 0.2657255 0.0000000 0.1726681 0.1539339 0.1641259 0.1539339 0.2314922 
MK689685_AF371960.1_00075 0.0000010 0.1457602 0.1726681 0.2136419 0.1457602 0.1999259 0.1999259 0.1726681 0.0000000 0.0145293 0.0072130 0.0145293 0.1917387 
MN432490_AF371960.1_00075 0.0145293 0.1276455 0.1539339 0.1927817 0.1276455 0.1796462 0.1796462 0.1539339 0.0145293 0.0000000 0.0219280 0.0000010 0.1716295 
MT926123_AF371960.1_00075 0.0072130 0.1373696 0.1641259 0.2239358 0.1373696 0.2099646 0.2099646 0.1641259 0.0072130 0.0219280 0.0000000 0.0219280 0.2017047 
MT986830_AF371960.1_00075 0.0145293 0.1276455 0.1539339 0.1927817 0.1276455 0.1796462 0.1796462 0.1539339 0.0145293 0.0000010 0.0219280 0.0000000 0.1716295 
OQ475017_OQ475017.1_00071 0.1917387 0.2245456 0.2314922 0.0453242 0.2245456 0.0926169 0.0926169 0.2314922 0.1917387 0.1716295 0.2017047 0.1716295 0.0000000 
