14
MW273354_Megalocytivirus_pagrus1_ISKNV 0.0000000 0.0347695 0.0347255 0.0347732 0.0347695 0.0000010 0.0387056 0.0347732 0.0076482 0.0076482 0.0386205 0.0347810 0.0427132 0.0427132 
OL774653_Megalocytivirus_pagrus1_RSIV  0.0347695 0.0000000 0.0153132 0.0076507 0.0000010 0.0347695 0.0114960 0.0076507 0.0347631 0.0347631 0.0191597 0.0153373 0.0076703 0.0076703 
MG570132_Megalocytivirus_pagrus1_TRBIV 0.0347255 0.0153132 0.0000000 0.0153149 0.0153132 0.0347255 0.0191773 0.0153149 0.0347191 0.0347191 0.0038067 0.0076379 0.0230855 0.0230855 
ON740976_Megalocytivirus_pagrus1_RSIV  0.0347732 0.0076507 0.0153149 0.0000000 0.0076507 0.0347732 0.0038217 0.0000010 0.0347668 0.0347668 0.0191618 0.0153390 0.0153421 0.0153421 
OL774655_Megalocytivirus_pagrus1_RSIV  0.0347695 0.0000010 0.0153132 0.0076507 0.0000000 0.0347695 0.0114960 0.0076507 0.0347631 0.0347631 0.0191597 0.0153373 0.0076703 0.0076703 
MW883602_Megalocytivirus_pagrus1_ISKNV 0.0000010 0.0347695 0.0347255 0.0347732 0.0347695 0.0000000 0.0387056 0.0347732 0.0076482 0.0076482 0.0386205 0.0347810 0.0427132 0.0427132 
AY894343_Megalocytivirus_pagrus1_RSIV  0.0387056 0.0114960 0.0191773 0.0038217 0.0114960 0.0387056 0.0000000 0.0038217 0.0386985 0.0386985 0.0230347 0.0192077 0.0192189 0.0192189 
KT804738_Megalocytivirus_pagrus1_RSIV  0.0347732 0.0076507 0.0153149 0.0000010 0.0076507 0.0347732 0.0038217 0.0000000 0.0347668 0.0347668 0.0191618 0.0153390 0.0153421 0.0153421 
MN432490_Megalocytivirus_pagrus1_ISKNV 0.0076482 0.0347631 0.0347191 0.0347668 0.0347631 0.0076482 0.0386985 0.0347668 0.0000000 0.0000010 0.0386134 0.0347746 0.0427052 0.0427052 
PP974677_Megalocytivirus_pagrus1_ISKNV 0.0076482 0.0347631 0.0347191 0.0347668 0.0347631 0.0076482 0.0386985 0.0347668 0.0000010 0.0000000 0.0386134 0.0347746 0.0427052 0.0427052 
MG570131_Megalocytivirus_pagrus1_TRBIV 0.0386205 0.0191597 0.0038067 0.0191618 0.0191597 0.0386205 0.0230347 0.0191618 0.0386134 0.0386134 0.0000000 0.0114675 0.0269586 0.0269586 
GQ273492_Megalocytivirus_pagrus1_TRBIV 0.0347810 0.0153373 0.0076379 0.0153390 0.0153373 0.0347810 0.0192077 0.0153390 0.0347746 0.0347746 0.0114675 0.0000000 0.0231222 0.0231222 
MK098187_Megalocytivirus_pagrus1_RSIV  0.0427132 0.0076703 0.0230855 0.0153421 0.0076703 0.0427132 0.0192189 0.0153421 0.0427052 0.0427052 0.0269586 0.0231222 0.0000000 0.0000010 
MK098186_Megalocytivirus_pagrus1_RSIV  0.0427132 0.0076703 0.0230855 0.0153421 0.0076703 0.0427132 0.0192189 0.0153421 0.0427052 0.0427052 0.0269586 0.0231222 0.0000010 0.0000000 
