14
OR670976_Megalocytivirus_pagrus1_ISKNV 0.0000000 0.1875468 0.3161896 0.1976994 0.0000010 0.2014827 0.2185557 0.1976994 0.2185557 0.0092011 0.0654483 0.3463666 0.0654483 0.3328464 
MW883598_Megalocytivirus_pagrus1_RSIV  0.1875468 0.0000000 0.3321990 0.0090535 0.1875468 0.1339416 0.0644901 0.0090535 0.0644901 0.1987861 0.1352335 0.3789659 0.1352335 0.3649374 
GQ273492_Megalocytivirus_pagrus1_TRBIV 0.3161896 0.3321990 0.0000000 0.3382709 0.3161896 0.2811063 0.3660050 0.3382709 0.3660050 0.3293894 0.2724207 0.1680990 0.2724207 0.1570157 
OK042108_Megalocytivirus_pagrus1_RSIV  0.1976994 0.0090535 0.3382709 0.0000000 0.1976994 0.1437396 0.0738347 0.0000010 0.0738347 0.2090262 0.1451249 0.3859971 0.1451249 0.3716797 
MW883596_Megalocytivirus_pagrus1_ISKNV 0.0000010 0.1875468 0.3161896 0.1976994 0.0000000 0.2014827 0.2185557 0.1976994 0.2185557 0.0092011 0.0654483 0.3463666 0.0654483 0.3328464 
OQ475017_Megalocytivirus_pagrus1_RSIV  0.2014827 0.1339416 0.2811063 0.1437396 0.2014827 0.0000000 0.0657446 0.1437396 0.0657446 0.2128326 0.1698804 0.3345926 0.1698804 0.3214040 
OL774653_Megalocytivirus_pagrus1_RSIV  0.2185557 0.0644901 0.3660050 0.0738347 0.2185557 0.0657446 0.0000000 0.0738347 0.0000010 0.2300770 0.1653805 0.4133894 0.1653805 0.3990848 
KT804738_Megalocytivirus_pagrus1_RSIV  0.1976994 0.0090535 0.3382709 0.0000010 0.1976994 0.1437396 0.0738347 0.0000000 0.0738347 0.2090262 0.1451249 0.3859971 0.1451249 0.3716797 
BD143114_Megalocytivirus_pagrus1_RSIV  0.2185557 0.0644901 0.3660050 0.0738347 0.2185557 0.0657446 0.0000010 0.0738347 0.0000000 0.2300770 0.1653805 0.4133894 0.1653805 0.3990848 
MW883594_Megalocytivirus_pagrus1_ISKNV 0.0092011 0.1987861 0.3293894 0.2090262 0.0092011 0.2128326 0.2300770 0.2090262 0.2300770 0.0000000 0.0752826 0.3600345 0.0752826 0.3462856 
MW883595_Megalocytivirus_pagrus1_ISKNV 0.0654483 0.1352335 0.2724207 0.1451249 0.0654483 0.1698804 0.1653805 0.1451249 0.1653805 0.0752826 0.0000000 0.3281820 0.0000010 0.3145887 
MG570132_Megalocytivirus_pagrus1_TRBIV 0.3463666 0.3789659 0.1680990 0.3859971 0.3463666 0.3345926 0.4133894 0.3859971 0.4133894 0.3600345 0.3281820 0.0000000 0.3281820 0.0090372 
MN432490_Megalocytivirus_pagrus1_ISKNV 0.0654483 0.1352335 0.2724207 0.1451249 0.0654483 0.1698804 0.1653805 0.1451249 0.1653805 0.0752826 0.0000010 0.3281820 0.0000000 0.3145887 
MG570131_Megalocytivirus_pagrus1_TRBIV 0.3328464 0.3649374 0.1570157 0.3716797 0.3328464 0.3214040 0.3990848 0.3716797 0.3990848 0.3462856 0.3145887 0.0090372 0.3145887 0.0000000 
