19
23043610003_Megalocytivirus_pagrus1_ISKNV 0.0000000 0.2533230 0.2425767 0.2425720 0.0000010 0.2911489 0.2533230 0.2425720 0.2533230 0.3464484 0.0675338 0.2911489 0.0675338 0.3464484 0.0060386 0.2695832 0.0060884 0.2846058 0.0060884 
OQ475017_Megalocytivirus_pagrus1_RSIV     0.2533230 0.0000000 0.2979345 0.0273515 0.2533230 0.0708490 0.0000010 0.0273515 0.0000010 0.2808681 0.2870770 0.0708490 0.2870770 0.2808681 0.2580631 0.0066776 0.2688827 0.0134983 0.2688827 
GQ273492_Megalocytivirus_pagrus1_TRBIV    0.2425767 0.2979345 0.0000000 0.3786170 0.2425767 0.4935147 0.4361966 0.3786170 0.4361966 0.1133690 0.2844312 0.4935147 0.2844312 0.1133690 0.2399525 0.4541215 0.2577975 0.4711565 0.2577975 
MT798582_Megalocytivirus_pagrus1_RSIV     0.2425720 0.0273515 0.3786170 0.0000000 0.2425720 0.2082990 0.1197025 0.0000010 0.1197025 0.2616096 0.2907784 0.2082990 0.2907784 0.2616096 0.2573278 0.1302987 0.2583959 0.1404064 0.2583959 
MW883599_Megalocytivirus_pagrus1_ISKNV    0.0000010 0.2533230 0.2425767 0.2425720 0.0000000 0.2911489 0.2533230 0.2425720 0.2533230 0.3464484 0.0675338 0.2911489 0.0675338 0.3464484 0.0060386 0.2695832 0.0060884 0.2846058 0.0060884 
BD143114_Megalocytivirus_pagrus1_RSIV     0.2911489 0.0708490 0.4935147 0.2082990 0.2911489 0.0000000 0.0630220 0.2082990 0.0630220 0.3472108 0.3206155 0.0000010 0.3206155 0.3472108 0.2955451 0.0719498 0.3076639 0.0808106 0.3076639 
ON740976_Megalocytivirus_pagrus1_RSIV     0.2533230 0.0000010 0.4361966 0.1197025 0.2533230 0.0630220 0.0000000 0.1197025 0.0000010 0.2808681 0.2870770 0.0630220 0.2870770 0.2808681 0.2580631 0.0061026 0.2688827 0.0123204 0.2688827 
KC244182_Megalocytivirus_pagrus1_RSIV     0.2425720 0.0273515 0.3786170 0.0000010 0.2425720 0.2082990 0.1197025 0.0000000 0.1197025 0.2616096 0.2907784 0.2082990 0.2907784 0.2616096 0.2573278 0.1302987 0.2583959 0.1404064 0.2583959 
MW139932_Megalocytivirus_pagrus1_RSIV     0.2533230 0.0000010 0.4361966 0.1197025 0.2533230 0.0630220 0.0000010 0.1197025 0.0000000 0.2808681 0.2870770 0.0630220 0.2870770 0.2808681 0.2580631 0.0061026 0.2688827 0.0123204 0.2688827 
MG570131_Megalocytivirus_pagrus1_TRBIV    0.3464484 0.2808681 0.1133690 0.2616096 0.3464484 0.3472108 0.2808681 0.2616096 0.2808681 0.0000000 0.3568201 0.3472108 0.3568201 0.0000010 0.3434847 0.2993688 0.3648208 0.3165031 0.3648208 
MW883595_Megalocytivirus_pagrus1_ISKNV    0.0675338 0.2870770 0.2844312 0.2907784 0.0675338 0.3206155 0.2870770 0.2907784 0.2870770 0.3568201 0.0000000 0.3206155 0.0000010 0.3568201 0.0667802 0.3044771 0.0760978 0.3204759 0.0760978 
AB104413_Megalocytivirus_pagrus1_RSIV     0.2911489 0.0708490 0.4935147 0.2082990 0.2911489 0.0000010 0.0630220 0.2082990 0.0630220 0.3472108 0.3206155 0.0000000 0.3206155 0.3472108 0.2955451 0.0719498 0.3076639 0.0808106 0.3076639 
MN432490_Megalocytivirus_pagrus1_ISKNV    0.0675338 0.2870770 0.2844312 0.2907784 0.0675338 0.3206155 0.2870770 0.2907784 0.2870770 0.3568201 0.0000010 0.3206155 0.0000000 0.3568201 0.0667802 0.3044771 0.0760978 0.3204759 0.0760978 
MG570132_Megalocytivirus_pagrus1_TRBIV    0.3464484 0.2808681 0.1133690 0.2616096 0.3464484 0.3472108 0.2808681 0.2616096 0.2808681 0.0000010 0.3568201 0.3472108 0.3568201 0.0000000 0.3434847 0.2993688 0.3648208 0.3165031 0.3648208 
MW883602_Megalocytivirus_pagrus1_ISKNV    0.0060386 0.2580631 0.2399525 0.2573278 0.0060386 0.2955451 0.2580631 0.2573278 0.2580631 0.3434847 0.0667802 0.2955451 0.0667802 0.3434847 0.0000000 0.2741813 0.0123508 0.2890513 0.0123508 
MK098186_Megalocytivirus_pagrus1_RSIV     0.2695832 0.0066776 0.4541215 0.1302987 0.2695832 0.0719498 0.0061026 0.1302987 0.0061026 0.2993688 0.3044771 0.0719498 0.3044771 0.2993688 0.2741813 0.0000000 0.2855375 0.0060634 0.2855375 
OR670976_Megalocytivirus_pagrus1_ISKNV    0.0060884 0.2688827 0.2577975 0.2583959 0.0060884 0.3076639 0.2688827 0.2583959 0.2688827 0.3648208 0.0760978 0.3076639 0.0760978 0.3648208 0.0123508 0.2855375 0.0000000 0.3008909 0.0000010 
MK098187_Megalocytivirus_pagrus1_RSIV     0.2846058 0.0134983 0.4711565 0.1404064 0.2846058 0.0808106 0.0123204 0.1404064 0.0123204 0.3165031 0.3204759 0.0808106 0.3204759 0.3165031 0.2890513 0.0060634 0.3008909 0.0000000 0.3008909 
OQ513807_Megalocytivirus_pagrus1_ISKNV    0.0060884 0.2688827 0.2577975 0.2583959 0.0060884 0.3076639 0.2688827 0.2583959 0.2688827 0.3648208 0.0760978 0.3076639 0.0760978 0.3648208 0.0123508 0.2855375 0.0000010 0.3008909 0.0000000 
