16
MK098187_Megalocytivirus_pagrus1_RSIV                    0.0000000 0.0243829 0.0243829 0.0029924 1.8868305 0.0029924 0.0494225 0.0275840 0.0462595 0.5274720 1.8868305 0.0000010 0.0462742 0.0089954 0.0089954 0.0275840 
OR356116_Megalocytivirus_pagrus1_ISKNV                   0.0243829 0.0000000 0.0000010 0.0274803 1.8543270 0.0274803 0.0399972 0.0090727 0.0400443 0.5361142 1.8543270 0.0243829 0.0368737 0.0273546 0.0273546 0.0090727 
MW883597_Megalocytivirus_pagrus1_ISKNV                   0.0243829 0.0000010 0.0000000 0.0274803 1.8543270 0.0274803 0.0399972 0.0090727 0.0400443 0.5361142 1.8543270 0.0243829 0.0368737 0.0273546 0.0273546 0.0090727 
MK689686_Megalocytivirus_pagrus1_RSIV                    0.0029924 0.0274803 0.0274803 0.0000000 1.9004880 0.0000010 0.0526057 0.0307043 0.0494319 0.5226558 1.9004880 0.0029924 0.0494477 0.0120153 0.0120153 0.0307043 
MN562489_Megalocytivirus_lates1_SDDV                     1.8868305 1.8543270 1.8543270 1.9004880 0.0000000 1.9004880 1.8629368 1.8497293 1.8589720 2.0356832 0.0000010 1.8868305 1.8474126 1.8822910 1.8822910 1.8497293 
ON740976_Megalocytivirus_pagrus1_RSIV                    0.0029924 0.0274803 0.0274803 0.0000010 1.9004880 0.0000000 0.0526057 0.0307043 0.0494319 0.5226558 1.9004880 0.0029924 0.0494477 0.0120153 0.0120153 0.0307043 
GQ273492_Megalocytivirus_pagrus1_TRBIV                   0.0494225 0.0399972 0.0399972 0.0526057 1.8629368 0.0526057 0.0000000 0.0431977 0.0181746 0.5420259 1.8629368 0.0494225 0.0151087 0.0461135 0.0461135 0.0431977 
MN432490_Megalocytivirus_pagrus1_ISKNV                   0.0275840 0.0090727 0.0090727 0.0307043 1.8497293 0.0307043 0.0431977 0.0000000 0.0432484 0.5301528 1.8497293 0.0275840 0.0400614 0.0305627 0.0305627 0.0000010 
MG570131_Megalocytivirus_pagrus1_TRBIV                   0.0462595 0.0400443 0.0400443 0.0494319 1.8589720 0.0494319 0.0181746 0.0432484 0.0000000 0.5273852 1.8589720 0.0462595 0.0030036 0.0491985 0.0491985 0.0432484 
PQ335173_PQ335174_Threespine_stickleback_iridovirus_TSIV 0.5274720 0.5361142 0.5361142 0.5226558 2.0356832 0.5226558 0.5420259 0.5301528 0.5273852 0.0000000 2.0356832 0.5274720 0.5250019 0.5363993 0.5363993 0.5301528 
MT521409_Megalocytivirus_lates1_SDDV                     1.8868305 1.8543270 1.8543270 1.9004880 0.0000010 1.9004880 1.8629368 1.8497293 1.8589720 2.0356832 0.0000000 1.8868305 1.8474126 1.8822910 1.8822910 1.8497293 
MK098185_Megalocytivirus_pagrus1_RSIV                    0.0000010 0.0243829 0.0243829 0.0029924 1.8868305 0.0029924 0.0494225 0.0275840 0.0462595 0.5274720 1.8868305 0.0000000 0.0462742 0.0089954 0.0089954 0.0275840 
MG570132_Megalocytivirus_pagrus1_TRBIV                   0.0462742 0.0368737 0.0368737 0.0494477 1.8474126 0.0494477 0.0151087 0.0400614 0.0030036 0.5250019 1.8474126 0.0462742 0.0000000 0.0492141 0.0492141 0.0400614 
OL774654_Megalocytivirus_pagrus1_RSIV                    0.0089954 0.0273546 0.0273546 0.0120153 1.8822910 0.0120153 0.0461135 0.0305627 0.0491985 0.5363993 1.8822910 0.0089954 0.0492141 0.0000000 0.0000010 0.0305627 
OL774655_Megalocytivirus_pagrus1_RSIV                    0.0089954 0.0273546 0.0273546 0.0120153 1.8822910 0.0120153 0.0461135 0.0305627 0.0491985 0.5363993 1.8822910 0.0089954 0.0492141 0.0000010 0.0000000 0.0305627 
MW883595_Megalocytivirus_pagrus1_ISKNV                   0.0275840 0.0090727 0.0090727 0.0307043 1.8497293 0.0307043 0.0431977 0.0000010 0.0432484 0.5301528 1.8497293 0.0275840 0.0400614 0.0305627 0.0305627 0.0000000 
