18
OL774655_Megalocytivirus_pagrus1_RSIV                    0.0000000 0.0210901 0.0253387 0.0000010 0.0253387 0.4194956 0.0083866 0.0210901 0.0083866 0.0296922 1.0727163 0.0296222 1.0727163 0.0296322 0.0168604 0.0296322 0.0210918 0.0211066 
MT986830_Megalocytivirus_pagrus1_ISKNV                   0.0210901 0.0000000 0.0041795 0.0210901 0.0041795 0.4261390 0.0211045 0.0000010 0.0211045 0.0083951 1.0721149 0.0083758 1.0721149 0.0083784 0.0295223 0.0083784 0.0337651 0.0252735 
MW883603_Megalocytivirus_pagrus1_ISKNV                   0.0253387 0.0041795 0.0000000 0.0253387 0.0000010 0.4264905 0.0253561 0.0041795 0.0253561 0.0041919 1.0734568 0.0041823 1.0734568 0.0041835 0.0337802 0.0041835 0.0380319 0.0295211 
OL774654_Megalocytivirus_pagrus1_RSIV                    0.0000010 0.0210901 0.0253387 0.0000000 0.0253387 0.4194956 0.0083866 0.0210901 0.0083866 0.0296922 1.0727163 0.0296222 1.0727163 0.0296322 0.0168604 0.0296322 0.0210918 0.0211066 
23043610003_Megalocytivirus_pagrus1_ISKNV                0.0253387 0.0041795 0.0000010 0.0253387 0.0000000 0.4264905 0.0253561 0.0041795 0.0253561 0.0041919 1.0734568 0.0041823 1.0734568 0.0041835 0.0337802 0.0041835 0.0380319 0.0295211 
PQ335173_PQ335174_Threespine_stickleback_iridovirus_TSIV 0.4194956 0.4261390 0.4264905 0.4194956 0.4264905 0.0000000 0.4317915 0.4261390 0.4317915 0.4345874 1.1061862 0.4328491 1.1061862 0.4279119 0.4208465 0.4279119 0.4154760 0.4267045 
KT804738_Megalocytivirus_pagrus1_RSIV                    0.0083866 0.0211045 0.0253561 0.0083866 0.0253561 0.4317915 0.0000000 0.0211045 0.0000010 0.0297126 1.0763096 0.0296425 1.0763096 0.0296525 0.0253767 0.0296525 0.0296285 0.0211210 
OP009387_Megalocytivirus_pagrus1_ISKNV                   0.0210901 0.0000010 0.0041795 0.0210901 0.0041795 0.4261390 0.0211045 0.0000000 0.0211045 0.0083951 1.0721149 0.0083758 1.0721149 0.0083784 0.0295223 0.0083784 0.0337651 0.0252735 
MK689686_Megalocytivirus_pagrus1_RSIV                    0.0083866 0.0211045 0.0253561 0.0083866 0.0253561 0.4317915 0.0000010 0.0211045 0.0000000 0.0297126 1.0763096 0.0296425 1.0763096 0.0296525 0.0253767 0.0296525 0.0296285 0.0211210 
MW883601_Megalocytivirus_pagrus1_ISKNV                   0.0296922 0.0083951 0.0041919 0.0296922 0.0041919 0.4345874 0.0297126 0.0083951 0.0297126 0.0000000 1.0909791 0.0084008 1.0909791 0.0084034 0.0381705 0.0084034 0.0424444 0.0338869 
OM037668_Megalocytivirus_lates1_SDDV                     1.0727163 1.0721149 1.0734568 1.0727163 1.0734568 1.1061862 1.0763096 1.0721149 1.0763096 1.0909791 0.0000000 1.0819379 0.0000010 1.0774652 1.0489533 1.0774652 1.0532401 1.0518438 
MW883599_Megalocytivirus_pagrus1_ISKNV                   0.0296222 0.0083758 0.0041823 0.0296222 0.0041823 0.4328491 0.0296425 0.0083758 0.0296425 0.0084008 1.0819379 0.0000000 1.0819379 0.0083840 0.0380799 0.0083840 0.0423434 0.0338069 
MN562489_Megalocytivirus_lates1_SDDV                     1.0727163 1.0721149 1.0734568 1.0727163 1.0734568 1.1061862 1.0763096 1.0721149 1.0763096 1.0909791 0.0000010 1.0819379 0.0000000 1.0774652 1.0489533 1.0774652 1.0532401 1.0518438 
OR536350_Megalocytivirus_pagrus1_ISKNV                   0.0296322 0.0083784 0.0041835 0.0296322 0.0041835 0.4279119 0.0296525 0.0083784 0.0296525 0.0084034 1.0774652 0.0083840 1.0774652 0.0000000 0.0380932 0.0000010 0.0423583 0.0338184 
MG570132_Megalocytivirus_pagrus1_TRBIV                   0.0168604 0.0295223 0.0337802 0.0168604 0.0337802 0.4208465 0.0253767 0.0295223 0.0253767 0.0381705 1.0489533 0.0380799 1.0489533 0.0380932 0.0000000 0.0380932 0.0041818 0.0041847 
MW883600_Megalocytivirus_pagrus1_ISKNV                   0.0296322 0.0083784 0.0041835 0.0296322 0.0041835 0.4279119 0.0296525 0.0083784 0.0296525 0.0084034 1.0774652 0.0083840 1.0774652 0.0000010 0.0380932 0.0000000 0.0423583 0.0338184 
GQ273492_Megalocytivirus_pagrus1_TRBIV                   0.0210918 0.0337651 0.0380319 0.0210918 0.0380319 0.4154760 0.0296285 0.0337651 0.0296285 0.0424444 1.0532401 0.0423434 1.0532401 0.0423583 0.0041818 0.0423583 0.0000000 0.0083760 
MG570131_Megalocytivirus_pagrus1_TRBIV                   0.0211066 0.0252735 0.0295211 0.0211066 0.0295211 0.4267045 0.0211210 0.0252735 0.0211210 0.0338869 1.0518438 0.0338069 1.0518438 0.0338184 0.0041847 0.0338184 0.0083760 0.0000000 
