15
ON212400_Megalocytivirus_pagrus1_ISKNV                   0.0000000 0.0370163 0.0000010 0.0207159 0.0370163 5.4082661 0.0418812 0.0418812 2.0864336 0.0779123 5.4082661 0.0899991 0.0207159 0.0487542 0.0529080 
OK042108_Megalocytivirus_pagrus1_RSIV                    0.0370163 0.0000000 0.0370163 0.0375932 0.0000010 5.6005109 0.0446837 0.0446837 2.1490421 0.0830160 5.6005109 0.0958071 0.0375932 0.0319095 0.0563939 
AF371960_Megalocytivirus_pagrus1_ISKNV                   0.0000010 0.0370163 0.0000000 0.0207159 0.0370163 5.4082661 0.0418812 0.0418812 2.0864336 0.0779123 5.4082661 0.0899991 0.0207159 0.0487542 0.0529080 
MW883595_Megalocytivirus_pagrus1_ISKNV                   0.0207159 0.0375932 0.0207159 0.0000000 0.0375932 5.4720117 0.0424655 0.0424655 2.0328340 0.0791142 5.4720117 0.0914173 0.0000010 0.0495134 0.0536646 
KC244182_Megalocytivirus_pagrus1_RSIV                    0.0370163 0.0000010 0.0370163 0.0375932 0.0000000 5.6005109 0.0446837 0.0446837 2.1490421 0.0830160 5.6005109 0.0958071 0.0375932 0.0319095 0.0563939 
MN562489_Megalocytivirus_lates1_SDDV                     5.4082661 5.6005109 5.4082661 5.4720117 5.6005109 0.0000000 5.2110850 5.2110850 6.3868752 6.0359964 0.0000010 6.0566540 5.4720117 5.1956727 5.7183047 
BD143114_Megalocytivirus_pagrus1_RSIV                    0.0418812 0.0446837 0.0418812 0.0424655 0.0446837 5.2110850 0.0000000 0.0000010 2.0783582 0.0787863 5.2110850 0.0910290 0.0424655 0.0107372 0.0534579 
MK098186_Megalocytivirus_pagrus1_RSIV                    0.0418812 0.0446837 0.0418812 0.0424655 0.0446837 5.2110850 0.0000010 0.0000000 2.0783582 0.0787863 5.2110850 0.0910290 0.0424655 0.0107372 0.0534579 
PQ335173_PQ335174_Threespine_stickleback_iridovirus_TSIV 2.0864336 2.1490421 2.0864336 2.0328340 2.1490421 6.3868752 2.0783582 2.0783582 0.0000000 2.2830663 6.3868752 2.2613386 2.0328340 2.0684851 2.1267786 
MG570131_Megalocytivirus_pagrus1_TRBIV                   0.0779123 0.0830160 0.0779123 0.0791142 0.0830160 6.0359964 0.0787863 0.0787863 2.2830663 0.0000000 6.0359964 0.0102056 0.0791142 0.0949050 0.0212009 
MT521409_Megalocytivirus_lates1_SDDV                     5.4082661 5.6005109 5.4082661 5.4720117 5.6005109 0.0000010 5.2110850 5.2110850 6.3868752 6.0359964 0.0000000 6.0566540 5.4720117 5.1956727 5.7183047 
MG570132_Megalocytivirus_pagrus1_TRBIV                   0.0899991 0.0958071 0.0899991 0.0914173 0.0958071 6.0566540 0.0910290 0.0910290 2.2613386 0.0102056 6.0566540 0.0000000 0.0914173 0.1078152 0.0321545 
OP009387_Megalocytivirus_pagrus1_ISKNV                   0.0207159 0.0375932 0.0207159 0.0000010 0.0375932 5.4720117 0.0424655 0.0424655 2.0328340 0.0791142 5.4720117 0.0914173 0.0000000 0.0495134 0.0536646 
ON743042_Megalocytivirus_pagrus1_RSIV                    0.0487542 0.0319095 0.0487542 0.0495134 0.0319095 5.1956727 0.0107372 0.0107372 2.0684851 0.0949050 5.1956727 0.1078152 0.0495134 0.0000000 0.0677082 
GQ273492_Megalocytivirus_pagrus1_TRBIV                   0.0529080 0.0563939 0.0529080 0.0536646 0.0563939 5.7183047 0.0534579 0.0534579 2.1267786 0.0212009 5.7183047 0.0321545 0.0536646 0.0677082 0.0000000 
