26
OP896201_Megalocytivirus_pagrus1_ISKNV 0.0000000 0.0000010 2.4053148 0.0044584 0.0625795 0.0672624 2.3919112 0.0625795 0.0022239 0.0044595 2.3919112 0.0133974 0.0672174 0.0111566 0.0672174 0.0672624 0.0022227 0.0022251 0.0695930 0.0779040 0.0944482 0.0944482 0.0022251 0.0044595 0.0022260 0.0022225 
AF371960_Megalocytivirus_pagrus1_ISKNV 0.0000010 0.0000000 2.4053148 0.0044584 0.0625795 0.0672624 2.3919112 0.0625795 0.0022239 0.0044595 2.3919112 0.0133974 0.0672174 0.0111566 0.0672174 0.0672624 0.0022227 0.0022251 0.0695930 0.0779040 0.0944482 0.0944482 0.0022251 0.0044595 0.0022260 0.0022225 
OM037668_Megalocytivirus_lates1_SDDV   2.4053148 2.4053148 0.0000000 2.4116523 2.1915717 2.1913030 0.0034041 2.1915717 2.4053148 2.3832151 0.0034041 2.3297896 2.1785087 2.3572666 2.1785087 2.1913030 2.4053148 2.4053148 2.1774087 2.3597953 2.3566306 2.3566306 2.4053148 2.3832151 2.4069055 2.4053148 
MW883603_Megalocytivirus_pagrus1_ISKNV 0.0044584 0.0044584 2.4116523 0.0000000 0.0652470 0.0699562 2.3982369 0.0652470 0.0066953 0.0089510 2.3982369 0.0179238 0.0699092 0.0156722 0.0699092 0.0699562 0.0066917 0.0066989 0.0722996 0.0806998 0.0953216 0.0953216 0.0066989 0.0089510 0.0067015 0.0066914 
MW139932_Megalocytivirus_pagrus1_RSIV  0.0625795 0.0625795 2.1915717 0.0652470 0.0000000 0.0224573 2.1791595 0.0000010 0.0649635 0.0674682 2.1791595 0.0624736 0.0224424 0.0601136 0.0224424 0.0224573 0.0649236 0.0650025 0.0247069 0.0727556 0.0886631 0.0886631 0.0650025 0.0674682 0.0650269 0.0649254 
ON075463_Megalocytivirus_pagrus1_RSIV  0.0672624 0.0672624 2.1913030 0.0699562 0.0224573 0.0000000 2.1788808 0.0224573 0.0696528 0.0721719 2.1788808 0.0671485 0.0044298 0.0647830 0.0044298 0.0000010 0.0696098 0.0696949 0.0066502 0.0775028 0.0987703 0.0987703 0.0696949 0.0721719 0.0697209 0.0696121 
MN562489_Megalocytivirus_lates1_SDDV   2.3919112 2.3919112 0.0034041 2.3982369 2.1791595 2.1788808 0.0000000 2.1791595 2.3919112 2.3699503 0.0000010 2.3167558 2.1661403 2.3440965 2.1661403 2.1788808 2.3919112 2.3919112 2.1650450 2.3465504 2.3434304 2.3434304 2.3919112 2.3699503 2.3935109 2.3919112 
MK098187_Megalocytivirus_pagrus1_RSIV  0.0625795 0.0625795 2.1915717 0.0652470 0.0000010 0.0224573 2.1791595 0.0000000 0.0649635 0.0674682 2.1791595 0.0624736 0.0224424 0.0601136 0.0224424 0.0224573 0.0649236 0.0650025 0.0247069 0.0727556 0.0886631 0.0886631 0.0650025 0.0674682 0.0650269 0.0649254 
MW883593_Megalocytivirus_pagrus1_ISKNV 0.0022239 0.0022239 2.4053148 0.0066953 0.0649635 0.0696528 2.3919112 0.0649635 0.0000000 0.0066970 2.3919112 0.0156454 0.0648569 0.0134008 0.0648569 0.0696528 0.0044504 0.0044542 0.0672290 0.0803456 0.0969601 0.0969601 0.0044542 0.0066970 0.0044560 0.0044502 
OQ513807_Megalocytivirus_pagrus1_ISKNV 0.0044595 0.0044595 2.3832151 0.0089510 0.0674682 0.0721719 2.3699503 0.0674682 0.0066970 0.0000000 2.3699503 0.0179283 0.0721235 0.0156761 0.0721235 0.0721719 0.0066934 0.0067006 0.0745120 0.0829358 0.0996512 0.0996512 0.0067006 0.0000010 0.0067032 0.0066931 
MT521409_Megalocytivirus_lates1_SDDV   2.3919112 2.3919112 0.0034041 2.3982369 2.1791595 2.1788808 0.0000010 2.1791595 2.3919112 2.3699503 0.0000000 2.3167558 2.1661403 2.3440965 2.1661403 2.1788808 2.3919112 2.3919112 2.1650450 2.3465504 2.3434304 2.3434304 2.3919112 2.3699503 2.3935109 2.3919112 
MW883595_Megalocytivirus_pagrus1_ISKNV 0.0133974 0.0133974 2.3297896 0.0179238 0.0624736 0.0671485 2.3167558 0.0624736 0.0156454 0.0179283 2.3167558 0.0000000 0.0671037 0.0022201 0.0671037 0.0671485 0.0156368 0.0156539 0.0694752 0.0777700 0.0893002 0.0893002 0.0156539 0.0179283 0.0156600 0.0156363 
MK689686_Megalocytivirus_pagrus1_RSIV  0.0672174 0.0672174 2.1785087 0.0699092 0.0224424 0.0044298 2.1661403 0.0224424 0.0648569 0.0721235 2.1661403 0.0671037 0.0000000 0.0647397 0.0000010 0.0044298 0.0695632 0.0696483 0.0022117 0.0774505 0.0987030 0.0987030 0.0696483 0.0721235 0.0696742 0.0695655 
MN432490_Megalocytivirus_pagrus1_ISKNV 0.0111566 0.0111566 2.3572666 0.0156722 0.0601136 0.0647830 2.3440965 0.0601136 0.0134008 0.0156761 2.3440965 0.0022201 0.0647397 0.0000000 0.0647397 0.0647830 0.0133935 0.0134081 0.0671073 0.0753560 0.0868276 0.0868276 0.0134081 0.0156761 0.0134133 0.0133931 
KT804738_Megalocytivirus_pagrus1_RSIV  0.0672174 0.0672174 2.1785087 0.0699092 0.0224424 0.0044298 2.1661403 0.0224424 0.0648569 0.0721235 2.1661403 0.0671037 0.0000010 0.0647397 0.0000000 0.0044298 0.0695632 0.0696483 0.0022117 0.0774505 0.0987030 0.0987030 0.0696483 0.0721235 0.0696742 0.0695655 
KC244182_Megalocytivirus_pagrus1_RSIV  0.0672624 0.0672624 2.1913030 0.0699562 0.0224573 0.0000010 2.1788808 0.0224573 0.0696528 0.0721719 2.1788808 0.0671485 0.0044298 0.0647830 0.0044298 0.0000000 0.0696098 0.0696949 0.0066502 0.0775028 0.0987703 0.0987703 0.0696949 0.0721719 0.0697209 0.0696121 
ON212400_Megalocytivirus_pagrus1_ISKNV 0.0022227 0.0022227 2.4053148 0.0066917 0.0649236 0.0696098 2.3919112 0.0649236 0.0044504 0.0066934 2.3919112 0.0156368 0.0695632 0.0133935 0.0695632 0.0696098 0.0000000 0.0044527 0.0719416 0.0802944 0.0968956 0.0968956 0.0044527 0.0066934 0.0044535 0.0044478 
KT781098_Megalocytivirus_pagrus1_ISKNV 0.0022251 0.0022251 2.4053148 0.0066989 0.0650025 0.0696949 2.3919112 0.0650025 0.0044542 0.0067006 2.3919112 0.0156539 0.0696483 0.0134081 0.0696483 0.0696949 0.0044527 0.0000000 0.0720299 0.0803956 0.0970228 0.0970228 0.0000010 0.0067006 0.0044584 0.0044525 
AY894343_Megalocytivirus_pagrus1_RSIV  0.0695930 0.0695930 2.1774087 0.0722996 0.0247069 0.0066502 2.1650450 0.0247069 0.0672290 0.0745120 2.1650450 0.0694752 0.0022117 0.0671073 0.0022117 0.0066502 0.0719416 0.0720299 0.0000000 0.0798636 0.1011864 0.1011864 0.0720299 0.0745120 0.0720567 0.0719442 
GQ273492_Megalocytivirus_pagrus1_TRBIV 0.0779040 0.0779040 2.3597953 0.0806998 0.0727556 0.0775028 2.3465504 0.0727556 0.0803456 0.0829358 2.3465504 0.0777700 0.0774505 0.0753560 0.0774505 0.0775028 0.0802944 0.0803956 0.0798636 0.0000000 0.0561791 0.0561791 0.0803956 0.0829358 0.0804256 0.0802981 
MG570132_Megalocytivirus_pagrus1_TRBIV 0.0944482 0.0944482 2.3566306 0.0953216 0.0886631 0.0987703 2.3434304 0.0886631 0.0969601 0.0996512 2.3434304 0.0893002 0.0987030 0.0868276 0.0987030 0.0987703 0.0968956 0.0970228 0.1011864 0.0561791 0.0000000 0.0000010 0.0970228 0.0996512 0.0970587 0.0969020 
MG570131_Megalocytivirus_pagrus1_TRBIV 0.0944482 0.0944482 2.3566306 0.0953216 0.0886631 0.0987703 2.3434304 0.0886631 0.0969601 0.0996512 2.3434304 0.0893002 0.0987030 0.0868276 0.0987030 0.0987703 0.0968956 0.0970228 0.1011864 0.0561791 0.0000010 0.0000000 0.0970228 0.0996512 0.0970587 0.0969020 
MT926123_Megalocytivirus_pagrus1_ISKNV 0.0022251 0.0022251 2.4053148 0.0066989 0.0650025 0.0696949 2.3919112 0.0650025 0.0044542 0.0067006 2.3919112 0.0156539 0.0696483 0.0134081 0.0696483 0.0696949 0.0044527 0.0000010 0.0720299 0.0803956 0.0970228 0.0970228 0.0000000 0.0067006 0.0044584 0.0044525 
OR670976_Megalocytivirus_pagrus1_ISKNV 0.0044595 0.0044595 2.3832151 0.0089510 0.0674682 0.0721719 2.3699503 0.0674682 0.0066970 0.0000010 2.3699503 0.0179283 0.0721235 0.0156761 0.0721235 0.0721719 0.0066934 0.0067006 0.0745120 0.0829358 0.0996512 0.0996512 0.0067006 0.0000000 0.0067032 0.0066931 
MW883594_Megalocytivirus_pagrus1_ISKNV 0.0022260 0.0022260 2.4069055 0.0067015 0.0650269 0.0697209 2.3935109 0.0650269 0.0044560 0.0067032 2.3935109 0.0156600 0.0696742 0.0134133 0.0696742 0.0697209 0.0044535 0.0044584 0.0720567 0.0804256 0.0970587 0.0970587 0.0044584 0.0067032 0.0000000 0.0044533 
MW273354_Megalocytivirus_pagrus1_ISKNV 0.0022225 0.0022225 2.4053148 0.0066914 0.0649254 0.0696121 2.3919112 0.0649254 0.0044502 0.0066931 2.3919112 0.0156363 0.0695655 0.0133931 0.0695655 0.0696121 0.0044478 0.0044525 0.0719442 0.0802981 0.0969020 0.0969020 0.0044525 0.0066931 0.0044533 0.0000000 
