23
MW273353_Megalocytivirus_pagrus1_ISKNV                   0.0000000 0.0021340 0.0021294 0.0960748 0.0021289 0.0021289 0.0000010 0.0960748 0.0021292 1.6439418 0.0021286 0.0963754 0.0261222 0.0042609 0.1391618 0.0963754 0.1391618 0.0938736 0.1235227 0.0986469 0.0261222 0.0988459 0.0021340 
OR670976_Megalocytivirus_pagrus1_ISKNV                   0.0021340 0.0000000 0.0042741 0.0987282 0.0042731 0.0042731 0.0021340 0.0987282 0.0042736 1.6507378 0.0042725 0.0990365 0.0284017 0.0064142 0.1395282 0.0990365 0.1395282 0.0965200 0.1238424 0.1013161 0.0284017 0.1015212 0.0000010 
MK689685_Megalocytivirus_pagrus1_ISKNV                   0.0021294 0.0042741 0.0000000 0.0985059 0.0042639 0.0042639 0.0021294 0.0985059 0.0042644 1.6439418 0.0042632 0.0988130 0.0283392 0.0064003 0.1417675 0.0988130 0.1417675 0.0963024 0.1260430 0.1010876 0.0283392 0.1012919 0.0042741 
OQ475017_Megalocytivirus_pagrus1_RSIV                    0.0960748 0.0987282 0.0985059 0.0000000 0.0984775 0.0984775 0.0960748 0.0000010 0.0984939 1.6226230 0.0984594 0.0234145 0.1015890 0.1008289 0.1152727 0.0234145 0.1152727 0.0212379 0.1050611 0.0127085 0.1015890 0.0255866 0.0987282 
OR356116_Megalocytivirus_pagrus1_ISKNV                   0.0021289 0.0042731 0.0042639 0.0984775 0.0000000 0.0000010 0.0021289 0.0984775 0.0042634 1.6352411 0.0042623 0.0939983 0.0283324 0.0063989 0.1388790 0.0939983 0.1388790 0.0915038 0.1232695 0.0962679 0.0283324 0.0964620 0.0042731 
OP896201_Megalocytivirus_pagrus1_ISKNV                   0.0021289 0.0042731 0.0042639 0.0984775 0.0000010 0.0000000 0.0021289 0.0984775 0.0042634 1.6352411 0.0042623 0.0939983 0.0283324 0.0063989 0.1388790 0.0939983 0.1388790 0.0915038 0.1232695 0.0962679 0.0283324 0.0964620 0.0042731 
MW883597_Megalocytivirus_pagrus1_ISKNV                   0.0000010 0.0021340 0.0021294 0.0960748 0.0021289 0.0021289 0.0000000 0.0960748 0.0021292 1.6439418 0.0021286 0.0963754 0.0261222 0.0042609 0.1391618 0.0963754 0.1391618 0.0938736 0.1235227 0.0986469 0.0261222 0.0988459 0.0021340 
MK098186_Megalocytivirus_pagrus1_RSIV                    0.0960748 0.0987282 0.0985059 0.0000010 0.0984775 0.0984775 0.0960748 0.0000000 0.0984939 1.6226230 0.0984594 0.0234145 0.1015890 0.1008289 0.1152727 0.0234145 0.1152727 0.0212379 0.1050611 0.0127085 0.1015890 0.0255866 0.0987282 
23043610005_Megalocytivirus_pagrus1_ISKNV                0.0021292 0.0042736 0.0042644 0.0984939 0.0042634 0.0042634 0.0021292 0.0984939 0.0000000 1.6501818 0.0042627 0.0988009 0.0283359 0.0063996 0.1417499 0.0988009 0.1417499 0.0962906 0.1260276 0.1010753 0.0283359 0.1012795 0.0042736 
PQ335173_PQ335174_Threespine_stickleback_iridovirus_TSIV 1.6439418 1.6507378 1.6439418 1.6226230 1.6352411 1.6352411 1.6439418 1.6226230 1.6501818 0.0000000 1.6538933 1.6349415 1.6594975 1.6419658 1.6542579 1.6349415 1.6542579 1.6240616 1.5809572 1.6140282 1.6594975 1.6391427 1.6507378 
MW883600_Megalocytivirus_pagrus1_ISKNV                   0.0021286 0.0042725 0.0042632 0.0984594 0.0042623 0.0042623 0.0021286 0.0984594 0.0042627 1.6538933 0.0000000 0.0987662 0.0283278 0.0063979 0.1416934 0.0987662 0.1416934 0.0962570 0.1259800 0.1010396 0.0283278 0.1012436 0.0042725 
KC244182_Megalocytivirus_pagrus1_RSIV                    0.0963754 0.0990365 0.0988130 0.0234145 0.0939983 0.0939983 0.0963754 0.0234145 0.0988009 1.6349415 0.0987662 0.0000000 0.0989107 0.1011418 0.1105749 0.0000010 0.1105749 0.0021033 0.0999589 0.0105619 0.0989107 0.0021018 0.0990365 
MN432490_Megalocytivirus_pagrus1_ISKNV                   0.0261222 0.0284017 0.0283392 0.1015890 0.0283324 0.0283324 0.0261222 0.1015890 0.0283359 1.6594975 0.0283278 0.0989107 0.0000000 0.0261016 0.1396081 0.0989107 0.1396081 0.0963973 0.1189142 0.1011877 0.0000010 0.1013924 0.0284017 
PP151097_Megalocytivirus_pagrus1_ISKNV                   0.0042609 0.0064142 0.0064003 0.1008289 0.0063989 0.0063989 0.0042609 0.1008289 0.0063996 1.6419658 0.0063979 0.1011418 0.0261016 0.0000000 0.1441993 0.1011418 0.1441993 0.0986258 0.1234169 0.1034166 0.0261016 0.1036256 0.0064142 
MG570132_Megalocytivirus_pagrus1_TRBIV                   0.1391618 0.1395282 0.1417675 0.1152727 0.1388790 0.1388790 0.1391618 0.1152727 0.1417499 1.6542579 0.1416934 0.1105749 0.1396081 0.1441993 0.0000000 0.1105749 0.0000010 0.1080267 0.0642015 0.1081333 0.1396081 0.1130895 0.1395282 
ON075463_Megalocytivirus_pagrus1_RSIV                    0.0963754 0.0990365 0.0988130 0.0234145 0.0939983 0.0939983 0.0963754 0.0234145 0.0988009 1.6349415 0.0987662 0.0000010 0.0989107 0.1011418 0.1105749 0.0000000 0.1105749 0.0021033 0.0999589 0.0105619 0.0989107 0.0021018 0.0990365 
MG570131_Megalocytivirus_pagrus1_TRBIV                   0.1391618 0.1395282 0.1417675 0.1152727 0.1388790 0.1388790 0.1391618 0.1152727 0.1417499 1.6542579 0.1416934 0.1105749 0.1396081 0.1441993 0.0000010 0.1105749 0.0000000 0.1080267 0.0642015 0.1081333 0.1396081 0.1130895 0.1395282 
MW883598_Megalocytivirus_pagrus1_RSIV                    0.0938736 0.0965200 0.0963024 0.0212379 0.0915038 0.0915038 0.0938736 0.0212379 0.0962906 1.6240616 0.0962570 0.0021033 0.0963973 0.0986258 0.1080267 0.0021033 0.1080267 0.0000000 0.0974673 0.0084305 0.0963973 0.0042135 0.0965200 
GQ273492_Megalocytivirus_pagrus1_TRBIV                   0.1235227 0.1238424 0.1260430 0.1050611 0.1232695 0.1232695 0.1235227 0.1050611 0.1260276 1.5809572 0.1259800 0.0999589 0.1189142 0.1234169 0.0642015 0.0999589 0.0642015 0.0974673 0.0000000 0.1002381 0.1189142 0.1024188 0.1238424 
ON740976_Megalocytivirus_pagrus1_RSIV                    0.0986469 0.1013161 0.1010876 0.0127085 0.0962679 0.0962679 0.0986469 0.0127085 0.1010753 1.6140282 0.1010396 0.0105619 0.1011877 0.1034166 0.1081333 0.0105619 0.1081333 0.0084305 0.1002381 0.0000000 0.1011877 0.0126956 0.1013161 
PP974677_Megalocytivirus_pagrus1_ISKNV                   0.0261222 0.0284017 0.0283392 0.1015890 0.0283324 0.0283324 0.0261222 0.1015890 0.0283359 1.6594975 0.0283278 0.0989107 0.0000010 0.0261016 0.1396081 0.0989107 0.1396081 0.0963973 0.1189142 0.1011877 0.0000000 0.1013924 0.0284017 
AP017456_Megalocytivirus_pagrus1_RSIV                    0.0988459 0.1015212 0.1012919 0.0255866 0.0964620 0.0964620 0.0988459 0.0255866 0.1012795 1.6391427 0.1012436 0.0021018 0.1013924 0.1036256 0.1130895 0.0021018 0.1130895 0.0042135 0.1024188 0.0126956 0.1013924 0.0000000 0.1015212 
OQ513807_Megalocytivirus_pagrus1_ISKNV                   0.0021340 0.0000010 0.0042741 0.0987282 0.0042731 0.0042731 0.0021340 0.0987282 0.0042736 1.6507378 0.0042725 0.0990365 0.0284017 0.0064142 0.1395282 0.0990365 0.1395282 0.0965200 0.1238424 0.1013161 0.0284017 0.1015212 0.0000000 
