17
KC244182_Megalocytivirus_pagrus1_RSIV                    0.0000000 0.0335417 0.0335417 0.0000010 0.0046767 0.9085839 0.0046767 0.0284368 0.0284368 0.3927807 0.9085839 0.0334318 0.0384950 0.0382374 0.0384530 0.0384950 0.0384207 
OQ513807_Megalocytivirus_pagrus1_ISKNV                   0.0335417 0.0000000 0.0000010 0.0335417 0.0286823 0.8939902 0.0286823 0.0047198 0.0047198 0.3874986 0.8939902 0.0338101 0.0046985 0.0337957 0.0388928 0.0046985 0.0046902 
MW883593_Megalocytivirus_pagrus1_ISKNV                   0.0335417 0.0000010 0.0000000 0.0335417 0.0286823 0.8939902 0.0286823 0.0047198 0.0047198 0.3874986 0.8939902 0.0338101 0.0046985 0.0337957 0.0388928 0.0046985 0.0046902 
KT804738_Megalocytivirus_pagrus1_RSIV                    0.0000010 0.0335417 0.0335417 0.0000000 0.0046767 0.9085839 0.0046767 0.0284368 0.0284368 0.3927807 0.9085839 0.0334318 0.0384950 0.0382374 0.0384530 0.0384950 0.0384207 
OL774655_Megalocytivirus_pagrus1_RSIV                    0.0046767 0.0286823 0.0286823 0.0046767 0.0000000 0.8978955 0.0000010 0.0236422 0.0236422 0.3855203 0.8978955 0.0285887 0.0336037 0.0333828 0.0335675 0.0336037 0.0335396 
MN562489_Megalocytivirus_lates1_SDDV                     0.9085839 0.8939902 0.8939902 0.9085839 0.8978955 0.0000000 0.8978955 0.9191969 0.9191969 1.0137005 0.0000010 0.8975595 0.8951753 0.9114985 0.9068431 0.8951753 0.9075454 
MK098187_Megalocytivirus_pagrus1_RSIV                    0.0046767 0.0286823 0.0286823 0.0046767 0.0000010 0.8978955 0.0000000 0.0236422 0.0236422 0.3855203 0.8978955 0.0285887 0.0336037 0.0333828 0.0335675 0.0336037 0.0335396 
MN432490_Megalocytivirus_pagrus1_ISKNV                   0.0284368 0.0047198 0.0047198 0.0284368 0.0236422 0.9191969 0.0236422 0.0000000 0.0000010 0.3788644 0.9191969 0.0286606 0.0094792 0.0286505 0.0336530 0.0094792 0.0094622 
MW883595_Megalocytivirus_pagrus1_ISKNV                   0.0284368 0.0047198 0.0047198 0.0284368 0.0236422 0.9191969 0.0236422 0.0000010 0.0000000 0.3788644 0.9191969 0.0286606 0.0094792 0.0286505 0.0336530 0.0094792 0.0094622 
PQ335173_PQ335174_Threespine_stickleback_iridovirus_TSIV 0.3927807 0.3874986 0.3874986 0.3927807 0.3855203 1.0137005 0.3855203 0.3788644 0.3788644 0.0000000 1.0137005 0.4015712 0.3965422 0.3994815 0.4116256 0.3965422 0.3953696 
MT521409_Megalocytivirus_lates1_SDDV                     0.9085839 0.8939902 0.8939902 0.9085839 0.8978955 0.0000010 0.8978955 0.9191969 0.9191969 1.0137005 0.0000000 0.8975595 0.8951753 0.9114985 0.9068431 0.8951753 0.9075454 
MG570131_Megalocytivirus_pagrus1_TRBIV                   0.0334318 0.0338101 0.0338101 0.0334318 0.0285887 0.8975595 0.0285887 0.0286606 0.0286606 0.4015712 0.8975595 0.0000000 0.0388060 0.0287829 0.0046848 0.0388060 0.0387304 
PP151097_Megalocytivirus_pagrus1_ISKNV                   0.0384950 0.0046985 0.0046985 0.0384950 0.0336037 0.8951753 0.0336037 0.0094792 0.0094792 0.3965422 0.8951753 0.0388060 0.0000000 0.0387868 0.0439438 0.0000010 0.0094192 
GQ273492_Megalocytivirus_pagrus1_TRBIV                   0.0382374 0.0337957 0.0337957 0.0382374 0.0333828 0.9114985 0.0333828 0.0286505 0.0286505 0.3994815 0.9114985 0.0287829 0.0387868 0.0000000 0.0337965 0.0387868 0.0387114 
MG570132_Megalocytivirus_pagrus1_TRBIV                   0.0384530 0.0388928 0.0388928 0.0384530 0.0335675 0.9068431 0.0335675 0.0336530 0.0336530 0.4116256 0.9068431 0.0046848 0.0439438 0.0337965 0.0000000 0.0439438 0.0438570 
PP974677_Megalocytivirus_pagrus1_ISKNV                   0.0384950 0.0046985 0.0046985 0.0384950 0.0336037 0.8951753 0.0336037 0.0094792 0.0094792 0.3965422 0.8951753 0.0388060 0.0000010 0.0387868 0.0439438 0.0000000 0.0094192 
MW883599_Megalocytivirus_pagrus1_ISKNV                   0.0384207 0.0046902 0.0046902 0.0384207 0.0335396 0.9075454 0.0335396 0.0094622 0.0094622 0.3953696 0.9075454 0.0387304 0.0094192 0.0387114 0.0438570 0.0094192 0.0000000 
