18
OR536350_Megalocytivirus_pagrus1_ISKNV                   0.0000000 0.0000010 0.1612272 0.1523293 0.1523293 0.1612272 0.1574175 1.9607299 0.1574159 0.1574175 0.1987169 0.0265203 0.0265203 0.0043668 0.1469099 0.1509672 0.0043660 0.1987169 
MW273354_Megalocytivirus_pagrus1_ISKNV                   0.0000010 0.0000000 0.1612272 0.1523293 0.1523293 0.1612272 0.1574175 1.9607299 0.1574159 0.1574175 0.1987169 0.0265203 0.0265203 0.0043668 0.1469099 0.1509672 0.0043660 0.1987169 
OK042109_Megalocytivirus_pagrus1_RSIV                    0.1612272 0.1612272 0.0000000 0.0311881 0.0311881 0.0000010 0.0357117 1.8420268 0.0357128 0.0357117 0.2116989 0.1783888 0.1783888 0.1663171 0.1476904 0.0087797 0.1663259 0.2116989 
ON740976_Megalocytivirus_pagrus1_RSIV                    0.1523293 0.1523293 0.0311881 0.0000000 0.0000010 0.0311881 0.0043796 1.8230447 0.0043798 0.0043796 0.1950297 0.1693975 0.1693975 0.1574159 0.1424183 0.0221659 0.1574219 0.1950297 
AB104413_Megalocytivirus_pagrus1_RSIV                    0.1523293 0.1523293 0.0311881 0.0000010 0.0000000 0.0311881 0.0043796 1.8230447 0.0043798 0.0043796 0.1950297 0.1693975 0.1693975 0.1574159 0.1424183 0.0221659 0.1574219 0.1950297 
ON075463_Megalocytivirus_pagrus1_RSIV                    0.1612272 0.1612272 0.0000010 0.0311881 0.0311881 0.0000000 0.0357117 1.8420268 0.0357128 0.0357117 0.2116989 0.1783888 0.1783888 0.1663171 0.1476904 0.0087797 0.1663259 0.2116989 
MK098187_Megalocytivirus_pagrus1_RSIV                    0.1574175 0.1574175 0.0357117 0.0043796 0.0043796 0.0357117 0.0000000 1.8018106 0.0087758 0.0000010 0.2002952 0.1746074 0.1746074 0.1625261 0.1474280 0.0266496 0.1625336 0.2002952 
PQ335173_PQ335174_Threespine_stickleback_iridovirus_TSIV 1.9607299 1.9607299 1.8420268 1.8230447 1.8230447 1.8420268 1.8018106 0.0000000 1.8230447 1.8018106 1.9379445 2.0086006 2.0086006 1.9574150 1.8884897 1.8614620 1.9607299 1.9379445 
MK098185_Megalocytivirus_pagrus1_RSIV                    0.1574159 0.1574159 0.0357128 0.0043798 0.0043798 0.0357128 0.0087758 1.8230447 0.0000000 0.0087758 0.2002892 0.1746042 0.1746042 0.1625240 0.1474271 0.0266505 0.1625316 0.2002892 
MK098186_Megalocytivirus_pagrus1_RSIV                    0.1574175 0.1574175 0.0357117 0.0043796 0.0043796 0.0357117 0.0000010 1.8018106 0.0087758 0.0000000 0.2002952 0.1746074 0.1746074 0.1625261 0.1474280 0.0266496 0.1625336 0.2002952 
MG570132_Megalocytivirus_pagrus1_TRBIV                   0.1987169 0.1987169 0.2116989 0.1950297 0.1950297 0.2116989 0.2002952 1.9379445 0.2002892 0.2002952 0.0000000 0.2140546 0.2140546 0.2039914 0.0903107 0.2059921 0.1933505 0.0000010 
OP009387_Megalocytivirus_pagrus1_ISKNV                   0.0265203 0.0265203 0.1783888 0.1693975 0.1693975 0.1783888 0.1746074 2.0086006 0.1746042 0.1746074 0.2140546 0.0000000 0.0000010 0.0310029 0.1723051 0.1678769 0.0309983 0.2140546 
MW883595_Megalocytivirus_pagrus1_ISKNV                   0.0265203 0.0265203 0.1783888 0.1693975 0.1693975 0.1783888 0.1746074 2.0086006 0.1746042 0.1746074 0.2140546 0.0000010 0.0000000 0.0310029 0.1723051 0.1678769 0.0309983 0.2140546 
MW883606_Megalocytivirus_pagrus1_ISKNV                   0.0043668 0.0043668 0.1663171 0.1574159 0.1574159 0.1663171 0.1625261 1.9574150 0.1625240 0.1625261 0.2039914 0.0310029 0.0310029 0.0000000 0.1519628 0.1560106 0.0087494 0.2039914 
GQ273492_Megalocytivirus_pagrus1_TRBIV                   0.1469099 0.1469099 0.1476904 0.1424183 0.1424183 0.1476904 0.1474280 1.8884897 0.1474271 0.1474280 0.0903107 0.1723051 0.1723051 0.1519628 0.0000000 0.1375390 0.1519672 0.0903107 
MW883598_Megalocytivirus_pagrus1_RSIV                    0.1509672 0.1509672 0.0087797 0.0221659 0.0221659 0.0087797 0.0266496 1.8614620 0.0266505 0.0266496 0.2059921 0.1678769 0.1678769 0.1560106 0.1375390 0.0000000 0.1560161 0.2059921 
MK689685_Megalocytivirus_pagrus1_ISKNV                   0.0043660 0.0043660 0.1663259 0.1574219 0.1574219 0.1663259 0.1625336 1.9607299 0.1625316 0.1625336 0.1933505 0.0309983 0.0309983 0.0087494 0.1519672 0.1560161 0.0000000 0.1933505 
MG570131_Megalocytivirus_pagrus1_TRBIV                   0.1987169 0.1987169 0.2116989 0.1950297 0.1950297 0.2116989 0.2002952 1.9379445 0.2002892 0.2002952 0.0000010 0.2140546 0.2140546 0.2039914 0.0903107 0.2059921 0.1933505 0.0000000 
