16
MW883602_Megalocytivirus_pagrus1_ISKNV                   0.0000000 0.0000010 0.0657169 0.0105770 0.0548714 0.0548714 0.0657169 0.0774187 0.0430995 1.6154176 0.0774187 1.6154176 0.9606440 0.0773935 0.0105770 0.0773935 
KT781098_Megalocytivirus_pagrus1_ISKNV                   0.0000010 0.0000000 0.0657169 0.0105770 0.0548714 0.0548714 0.0657169 0.0774187 0.0430995 1.6154176 0.0774187 1.6154176 0.9606440 0.0773935 0.0105770 0.0773935 
MK689686_Megalocytivirus_pagrus1_RSIV                    0.0657169 0.0657169 0.0000000 0.0770254 0.0321776 0.0321776 0.0000010 0.0540414 0.0214113 1.6255485 0.0540414 1.6255485 0.8746999 0.0106392 0.0770254 0.0106392 
OP009387_Megalocytivirus_pagrus1_ISKNV                   0.0105770 0.0105770 0.0770254 0.0000000 0.0661620 0.0661620 0.0770254 0.0888934 0.0541250 1.6288516 0.0888934 1.6288516 0.9868342 0.0888616 0.0000010 0.0888616 
MK098187_Megalocytivirus_pagrus1_RSIV                    0.0548714 0.0548714 0.0321776 0.0661620 0.0000000 0.0000010 0.0321776 0.0212174 0.0323597 1.6069628 0.0212174 1.6069628 0.8827824 0.0212136 0.0661620 0.0212136 
OQ475017_Megalocytivirus_pagrus1_RSIV                    0.0548714 0.0548714 0.0321776 0.0661620 0.0000010 0.0000000 0.0321776 0.0212174 0.0323597 1.6069628 0.0212174 1.6069628 0.8827824 0.0212136 0.0661620 0.0212136 
ON743042_Megalocytivirus_pagrus1_RSIV                    0.0657169 0.0657169 0.0000010 0.0770254 0.0321776 0.0321776 0.0000000 0.0540414 0.0214113 1.6255485 0.0540414 1.6255485 0.8746999 0.0106392 0.0770254 0.0106392 
MG570131_Megalocytivirus_pagrus1_TRBIV                   0.0774187 0.0774187 0.0540414 0.0888934 0.0212174 0.0212174 0.0540414 0.0000000 0.0543557 1.5855383 0.0000010 1.5855383 0.8617614 0.0427531 0.0888934 0.0427531 
MW883598_Megalocytivirus_pagrus1_RSIV                    0.0430995 0.0430995 0.0214113 0.0541250 0.0323597 0.0323597 0.0214113 0.0543557 0.0000000 1.6616670 0.0543557 1.6616670 0.8937152 0.0324157 0.0541250 0.0324157 
MN562489_Megalocytivirus_lates1_SDDV                     1.6154176 1.6154176 1.6255485 1.6288516 1.6069628 1.6069628 1.6255485 1.5855383 1.6616670 0.0000000 1.5855383 0.0000010 2.2210875 1.6114352 1.6288516 1.6114352 
MG570132_Megalocytivirus_pagrus1_TRBIV                   0.0774187 0.0774187 0.0540414 0.0888934 0.0212174 0.0212174 0.0540414 0.0000010 0.0543557 1.5855383 0.0000000 1.5855383 0.8617614 0.0427531 0.0888934 0.0427531 
MT521409_Megalocytivirus_lates1_SDDV                     1.6154176 1.6154176 1.6255485 1.6288516 1.6069628 1.6069628 1.6255485 1.5855383 1.6616670 0.0000010 1.5855383 0.0000000 2.2210875 1.6114352 1.6288516 1.6114352 
PQ335173_PQ335174_Threespine_stickleback_iridovirus_TSIV 0.9606440 0.9606440 0.8746999 0.9868342 0.8827824 0.8827824 0.8746999 0.8617614 0.8937152 2.2210875 0.8617614 2.2210875 0.0000000 0.8768621 0.9868342 0.8768621 
KC244182_Megalocytivirus_pagrus1_RSIV                    0.0773935 0.0773935 0.0106392 0.0888616 0.0212136 0.0212136 0.0106392 0.0427531 0.0324157 1.6114352 0.0427531 1.6114352 0.8768621 0.0000000 0.0888616 0.0000010 
MW883595_Megalocytivirus_pagrus1_ISKNV                   0.0105770 0.0105770 0.0770254 0.0000010 0.0661620 0.0661620 0.0770254 0.0888934 0.0541250 1.6288516 0.0888934 1.6288516 0.9868342 0.0888616 0.0000000 0.0888616 
OK042109_Megalocytivirus_pagrus1_RSIV                    0.0773935 0.0773935 0.0106392 0.0888616 0.0212136 0.0212136 0.0106392 0.0427531 0.0324157 1.6114352 0.0427531 1.6114352 0.8768621 0.0000010 0.0888616 0.0000000 
