16
KT804738_Megalocytivirus_pagrus1_RSIV  0.0000000 0.1390705 5.0714382 0.0375473 0.1390705 0.0000010 0.0365055 5.0714382 0.1812351 0.0547270 0.1812351 0.0375473 0.0471463 0.0742997 0.0547270 0.1609063 
MW273354_Megalocytivirus_pagrus1_ISKNV 0.1390705 0.0000000 4.3955211 0.0734278 0.0000010 0.1390705 0.2078066 4.3955211 0.0181698 0.1613238 0.0181698 0.0734278 0.2163248 0.0867858 0.1613238 0.0000010 
MT521409_Megalocytivirus_lates1_SDDV   5.0714382 4.3955211 0.0000000 3.8740121 4.3955211 5.0714382 3.9899433 0.0000010 4.1326915 5.9503584 4.1326915 3.8740121 4.0491806 4.1429532 5.9503584 5.6147663 
MT986830_Megalocytivirus_pagrus1_ISKNV 0.0375473 0.0734278 3.8740121 0.0000000 0.0734278 0.0375473 0.0850572 3.8740121 0.1139470 0.1205111 0.1139470 0.0000010 0.1132994 0.0208186 0.1205111 0.0734278 
MT128667_Megalocytivirus_pagrus1_ISKNV 0.1390705 0.0000010 4.3955211 0.0734278 0.0000000 0.1390705 0.2078066 4.3955211 0.0181698 0.1613238 0.0181698 0.0734278 0.2163248 0.0867858 0.1613238 0.0000010 
OL774654_Megalocytivirus_pagrus1_RSIV  0.0000010 0.1390705 5.0714382 0.0375473 0.1390705 0.0000000 0.0365055 5.0714382 0.1812351 0.0547270 0.1812351 0.0375473 0.0471463 0.0742997 0.0547270 0.1609063 
OK042109_Megalocytivirus_pagrus1_RSIV  0.0365055 0.2078066 3.9899433 0.0850572 0.2078066 0.0365055 0.0000000 3.9899433 0.2495113 0.1204032 0.2495113 0.0850572 0.0415136 0.1361599 0.1204032 0.2078066 
OM037668_Megalocytivirus_lates1_SDDV   5.0714382 4.3955211 0.0000010 3.8740121 4.3955211 5.0714382 3.9899433 0.0000000 4.1326915 5.9503584 4.1326915 3.8740121 4.0491806 4.1429532 5.9503584 5.6147663 
OP896201_Megalocytivirus_pagrus1_ISKNV 0.1812351 0.0181698 4.1326915 0.1139470 0.0181698 0.1812351 0.2495113 4.1326915 0.0000000 0.2028599 0.0000010 0.1139470 0.2797775 0.1374957 0.2028599 0.0181698 
MK098187_Megalocytivirus_pagrus1_RSIV  0.0547270 0.1613238 5.9503584 0.1205111 0.1613238 0.0547270 0.1204032 5.9503584 0.2028599 0.0000000 0.2028599 0.1205111 0.1658734 0.1836849 0.0000010 0.1812693 
OR356116_Megalocytivirus_pagrus1_ISKNV 0.1812351 0.0181698 4.1326915 0.1139470 0.0181698 0.1812351 0.2495113 4.1326915 0.0000010 0.2028599 0.0000000 0.1139470 0.2797775 0.1374957 0.2028599 0.0181698 
OP009387_Megalocytivirus_pagrus1_ISKNV 0.0375473 0.0734278 3.8740121 0.0000010 0.0734278 0.0375473 0.0850572 3.8740121 0.1139470 0.1205111 0.1139470 0.0000000 0.1132994 0.0208186 0.1205111 0.0734278 
GQ273492_Megalocytivirus_pagrus1_TRBIV 0.0471463 0.2163248 4.0491806 0.1132994 0.2163248 0.0471463 0.0415136 4.0491806 0.2797775 0.1658734 0.2797775 0.1132994 0.0000000 0.0736278 0.1658734 0.2163248 
PP974677_Megalocytivirus_pagrus1_ISKNV 0.0742997 0.0867858 4.1429532 0.0208186 0.0867858 0.0742997 0.1361599 4.1429532 0.1374957 0.1836849 0.1374957 0.0208186 0.0736278 0.0000000 0.1836849 0.0867858 
MK098186_Megalocytivirus_pagrus1_RSIV  0.0547270 0.1613238 5.9503584 0.1205111 0.1613238 0.0547270 0.1204032 5.9503584 0.2028599 0.0000010 0.2028599 0.1205111 0.1658734 0.1836849 0.0000000 0.1812693 
MW273353_Megalocytivirus_pagrus1_ISKNV 0.1609063 0.0000010 5.6147663 0.0734278 0.0000010 0.1609063 0.2078066 5.6147663 0.0181698 0.1812693 0.0181698 0.0734278 0.2163248 0.0867858 0.1812693 0.0000000 
