12
MG570132_Megalocytivirus_pagrus1_TRBIV                   0.0000000 0.0210338 0.0167792 0.0041578 0.0041578 0.0167792 0.4339039 0.1161700 0.4339039 0.0211246 0.0000010 0.0168544 
OP009387_Megalocytivirus_pagrus1_ISKNV                   0.0210338 0.0000000 0.0041735 0.0168075 0.0168075 0.0041735 0.4235127 0.1226523 0.4235127 0.0084079 0.0210338 0.0212424 
MW883594_Megalocytivirus_pagrus1_ISKNV                   0.0167792 0.0041735 0.0000000 0.0125695 0.0125695 0.0000010 0.4163053 0.1176459 0.4163053 0.0041913 0.0167792 0.0169450 
MK098185_Megalocytivirus_pagrus1_RSIV                    0.0041578 0.0168075 0.0125695 0.0000000 0.0000010 0.0125695 0.4318385 0.1114806 0.4318385 0.0168798 0.0041578 0.0126260 
ON740976_Megalocytivirus_pagrus1_RSIV                    0.0041578 0.0168075 0.0125695 0.0000010 0.0000000 0.0125695 0.4318385 0.1114806 0.4318385 0.0168798 0.0041578 0.0126260 
MW883601_Megalocytivirus_pagrus1_ISKNV                   0.0167792 0.0041735 0.0000010 0.0125695 0.0125695 0.0000000 0.4163053 0.1176459 0.4163053 0.0041913 0.0167792 0.0169450 
MN562489_Megalocytivirus_lates1_SDDV                     0.4339039 0.4235127 0.4163053 0.4318385 0.4318385 0.4163053 0.0000000 0.4446804 0.0000010 0.4231266 0.4339039 0.4435689 
PQ335173_PQ335174_Threespine_stickleback_iridovirus_TSIV 0.1161700 0.1226523 0.1176459 0.1114806 0.1114806 0.1176459 0.4446804 0.0000000 0.4446804 0.1232686 0.1161700 0.1269039 
MT521409_Megalocytivirus_lates1_SDDV                     0.4339039 0.4235127 0.4163053 0.4318385 0.4318385 0.4163053 0.0000010 0.4446804 0.0000000 0.4231266 0.4339039 0.4435689 
OP896201_Megalocytivirus_pagrus1_ISKNV                   0.0211246 0.0084079 0.0041913 0.0168798 0.0168798 0.0041913 0.4231266 0.1232686 0.4231266 0.0000000 0.0211246 0.0213350 
MG570131_Megalocytivirus_pagrus1_TRBIV                   0.0000010 0.0210338 0.0167792 0.0041578 0.0041578 0.0167792 0.4339039 0.1161700 0.4339039 0.0211246 0.0000000 0.0168544 
GQ273492_Megalocytivirus_pagrus1_TRBIV                   0.0168544 0.0212424 0.0169450 0.0126260 0.0126260 0.0169450 0.4435689 0.1269039 0.4435689 0.0213350 0.0168544 0.0000000 
