20
MW883594_Megalocytivirus_pagrus1_ISKNV                   0.0000000 0.0000010 0.2830417 0.0809897 0.2830417 0.4313599 0.4313599 0.4652822 0.0805116 0.4045831 0.0047634 0.0047021 0.0047021 0.4274687 0.2645095 0.0047634 0.4652822 0.0047033 3.0291952 0.0047223 
MW883603_Megalocytivirus_pagrus1_ISKNV                   0.0000010 0.0000000 0.2830417 0.0809897 0.2830417 0.4313599 0.4313599 0.4652822 0.0805116 0.4045831 0.0047634 0.0047021 0.0047021 0.4274687 0.2645095 0.0047634 0.4652822 0.0047033 3.0291952 0.0047223 
MK098185_Megalocytivirus_pagrus1_RSIV                    0.2830417 0.2830417 0.0000000 0.3180844 0.0000010 0.2755995 0.2755995 0.4475671 0.3180844 0.1981341 0.2934068 0.2895080 0.2895080 0.3811815 0.0000010 0.2934068 0.4475671 0.2888358 3.0814035 0.2746698 
MW883595_Megalocytivirus_pagrus1_ISKNV                   0.0809897 0.0809897 0.3180844 0.0000000 0.3180844 0.4520119 0.4520119 0.4896776 0.0000010 0.4218493 0.0872923 0.0861693 0.0861693 0.4459599 0.2781858 0.0872923 0.4896776 0.0755739 3.1753937 0.0754175 
MW139932_Megalocytivirus_pagrus1_RSIV                    0.2830417 0.2830417 0.0000010 0.3180844 0.0000000 0.2755995 0.2755995 0.4475671 0.3180844 0.1981341 0.2934068 0.2895080 0.2895080 0.3811815 0.0000010 0.2934068 0.4475671 0.2888358 3.0814035 0.2746698 
ON075463_Megalocytivirus_pagrus1_RSIV                    0.4313599 0.4313599 0.2755995 0.4520119 0.2755995 0.0000000 0.0000010 0.6451564 0.4520119 0.0500467 0.4451649 0.4389967 0.4389967 0.5887308 0.1141502 0.4451649 0.6451564 0.4391851 2.7901405 0.4203212 
MW883598_Megalocytivirus_pagrus1_RSIV                    0.4313599 0.4313599 0.2755995 0.4520119 0.2755995 0.0000010 0.0000000 0.6451564 0.4520119 0.0500467 0.4451649 0.4389967 0.4389967 0.5887308 0.1141502 0.4451649 0.6451564 0.4391851 2.7901405 0.4203212 
MG570132_Megalocytivirus_pagrus1_TRBIV                   0.4652822 0.4652822 0.4475671 0.4896776 0.4475671 0.6451564 0.6451564 0.0000000 0.4896776 0.6445013 0.4529502 0.4730726 0.4730726 0.1175256 0.4198160 0.4529502 0.0000010 0.4732625 3.3036310 0.4537855 
MN432490_Megalocytivirus_pagrus1_ISKNV                   0.0805116 0.0805116 0.3180844 0.0000010 0.3180844 0.4520119 0.4520119 0.4896776 0.0000000 0.4218493 0.0867701 0.0856599 0.0856599 0.4459599 0.2781858 0.0867701 0.4896776 0.0751299 3.2625330 0.0749754 
OK042108_Megalocytivirus_pagrus1_RSIV                    0.4045831 0.4045831 0.1981341 0.4218493 0.1981341 0.0500467 0.0500467 0.6445013 0.4218493 0.0000000 0.4178253 0.4120426 0.4120426 0.5875403 0.0510657 0.4178253 0.6445013 0.4122260 2.9450748 0.3939932 
OR670976_Megalocytivirus_pagrus1_ISKNV                   0.0047634 0.0047634 0.2934068 0.0872923 0.2934068 0.4451649 0.4451649 0.4529502 0.0867701 0.4178253 0.0000000 0.0095394 0.0095394 0.4158102 0.2757729 0.0000010 0.4529502 0.0095420 3.0291952 0.0095812 
MW883601_Megalocytivirus_pagrus1_ISKNV                   0.0047021 0.0047021 0.2895080 0.0861693 0.2895080 0.4389967 0.4389967 0.4730726 0.0856599 0.4120426 0.0095394 0.0000000 0.0000010 0.4349856 0.2716593 0.0095394 0.4730726 0.0094196 2.9412648 0.0094578 
MT986830_Megalocytivirus_pagrus1_ISKNV                   0.0047021 0.0047021 0.2895080 0.0861693 0.2895080 0.4389967 0.4389967 0.4730726 0.0856599 0.4120426 0.0095394 0.0000010 0.0000000 0.4349856 0.2716593 0.0095394 0.4730726 0.0094196 2.9412648 0.0094578 
GQ273492_Megalocytivirus_pagrus1_TRBIV                   0.4274687 0.4274687 0.3811815 0.4459599 0.3811815 0.5887308 0.5887308 0.1175256 0.4459599 0.5875403 0.4158102 0.4349856 0.4349856 0.0000000 0.3612927 0.4158102 0.1175256 0.4351712 3.2751161 0.4166369 
OQ475017_Megalocytivirus_pagrus1_RSIV                    0.2645095 0.2645095 0.0000010 0.2781858 0.0000010 0.1141502 0.1141502 0.4198160 0.2781858 0.0510657 0.2757729 0.2716593 0.2716593 0.3612927 0.0000000 0.2757729 0.4198160 0.2707963 3.0814035 0.2554082 
OQ513807_Megalocytivirus_pagrus1_ISKNV                   0.0047634 0.0047634 0.2934068 0.0872923 0.2934068 0.4451649 0.4451649 0.4529502 0.0867701 0.4178253 0.0000010 0.0095394 0.0095394 0.4158102 0.2757729 0.0000000 0.4529502 0.0095420 3.0291952 0.0095812 
MG570131_Megalocytivirus_pagrus1_TRBIV                   0.4652822 0.4652822 0.4475671 0.4896776 0.4475671 0.6451564 0.6451564 0.0000010 0.4896776 0.6445013 0.4529502 0.4730726 0.4730726 0.1175256 0.4198160 0.4529502 0.0000000 0.4732625 3.3036310 0.4537855 
MW883602_Megalocytivirus_pagrus1_ISKNV                   0.0047033 0.0047033 0.2888358 0.0755739 0.2888358 0.4391851 0.4391851 0.4732625 0.0751299 0.4122260 0.0095420 0.0094196 0.0094196 0.4351712 0.2707963 0.0095420 0.4732625 0.0000000 3.0291952 0.0094604 
PQ335173_PQ335174_Threespine_stickleback_iridovirus_TSIV 3.0291952 3.0291952 3.0814035 3.1753937 3.0814035 2.7901405 2.7901405 3.3036310 3.2625330 2.9450748 3.0291952 2.9412648 2.9412648 3.2751161 3.0814035 3.0291952 3.3036310 3.0291952 0.0000000 3.0774880 
MW883600_Megalocytivirus_pagrus1_ISKNV                   0.0047223 0.0047223 0.2746698 0.0754175 0.2746698 0.4203212 0.4203212 0.4537855 0.0749754 0.3939932 0.0095812 0.0094578 0.0094578 0.4166369 0.2554082 0.0095812 0.4537855 0.0094604 3.0774880 0.0000000 
