18
AB104413_Megalocytivirus_pagrus1_RSIV                    0.0000000 0.0720723 0.0720723 0.0099711 0.0793726 2.2975463 0.0099711 0.0656869 0.0656869 0.0759231 0.7135060 0.0133046 0.0453760 2.2975463 0.0000010 0.0032963 0.0032963 0.0453760 
OR356116_Megalocytivirus_pagrus1_ISKNV                   0.0720723 0.0000000 0.0000010 0.0801904 0.1110204 2.2700310 0.0801904 0.0135770 0.0135770 0.0033751 0.6717968 0.0838773 0.0879298 2.2700310 0.0720723 0.0757126 0.0757126 0.0879298 
MW883594_Megalocytivirus_pagrus1_ISKNV                   0.0720723 0.0000010 0.0000000 0.0801904 0.1110204 2.2700310 0.0801904 0.0135770 0.0135770 0.0033751 0.6717968 0.0838773 0.0879298 2.2700310 0.0720723 0.0757126 0.0757126 0.0879298 
ON743042_Megalocytivirus_pagrus1_RSIV                    0.0099711 0.0801904 0.0801904 0.0000000 0.0831719 2.2946193 0.0000010 0.0728684 0.0728684 0.0841151 0.7042962 0.0032879 0.0489827 2.2946193 0.0099711 0.0133046 0.0133046 0.0489827 
GQ273492_Megalocytivirus_pagrus1_TRBIV                   0.0793726 0.1110204 0.1110204 0.0831719 0.0000000 2.2934670 0.0831719 0.1125906 0.1125906 0.1151228 0.6734023 0.0868339 0.0676354 2.2934670 0.0793726 0.0830236 0.0830236 0.0676354 
MN562489_Megalocytivirus_lates1_SDDV                     2.2975463 2.2700310 2.2700310 2.2946193 2.2934670 0.0000000 2.2946193 2.2780486 2.2780486 2.2591318 2.3030224 2.2721513 2.2594556 0.0000010 2.2975463 2.2995722 2.2995722 2.2594556 
MT986830_Megalocytivirus_pagrus1_ISKNV                   0.0099711 0.0801904 0.0801904 0.0000010 0.0831719 2.2946193 0.0000000 0.0728684 0.0728684 0.0841151 0.7042962 0.0032879 0.0489827 2.2946193 0.0099711 0.0133046 0.0133046 0.0489827 
MN432490_Megalocytivirus_pagrus1_ISKNV                   0.0656869 0.0135770 0.0135770 0.0728684 0.1125906 2.2780486 0.0728684 0.0000000 0.0000010 0.0170252 0.6875303 0.0765504 0.0815949 2.2780486 0.0656869 0.0693619 0.0693619 0.0815949 
MW883595_Megalocytivirus_pagrus1_ISKNV                   0.0656869 0.0135770 0.0135770 0.0728684 0.1125906 2.2780486 0.0728684 0.0000010 0.0000000 0.0170252 0.6875303 0.0765504 0.0815949 2.2780486 0.0656869 0.0693619 0.0693619 0.0815949 
MW883599_Megalocytivirus_pagrus1_ISKNV                   0.0759231 0.0033751 0.0033751 0.0841151 0.1151228 2.2591318 0.0841151 0.0170252 0.0170252 0.0000000 0.6729765 0.0878172 0.0919040 2.2591318 0.0759231 0.0795780 0.0795780 0.0919040 
PQ335173_PQ335174_Threespine_stickleback_iridovirus_TSIV 0.7135060 0.6717968 0.6717968 0.7042962 0.6734023 2.3030224 0.7042962 0.6875303 0.6875303 0.6729765 0.0000000 0.7069337 0.6723639 2.3030224 0.7135060 0.7064902 0.7064902 0.6723639 
AP017456_Megalocytivirus_pagrus1_RSIV                    0.0133046 0.0838773 0.0838773 0.0032879 0.0868339 2.2721513 0.0032879 0.0765504 0.0765504 0.0878172 0.7069337 0.0000000 0.0525186 2.2721513 0.0133046 0.0166430 0.0166430 0.0525186 
MG570131_Megalocytivirus_pagrus1_TRBIV                   0.0453760 0.0879298 0.0879298 0.0489827 0.0676354 2.2594556 0.0489827 0.0815949 0.0815949 0.0919040 0.6723639 0.0525186 0.0000000 2.2594556 0.0453760 0.0489009 0.0489009 0.0000010 
MT521409_Megalocytivirus_lates1_SDDV                     2.2975463 2.2700310 2.2700310 2.2946193 2.2934670 0.0000010 2.2946193 2.2780486 2.2780486 2.2591318 2.3030224 2.2721513 2.2594556 0.0000000 2.2975463 2.2995722 2.2995722 2.2594556 
MK098185_Megalocytivirus_pagrus1_RSIV                    0.0000010 0.0720723 0.0720723 0.0099711 0.0793726 2.2975463 0.0099711 0.0656869 0.0656869 0.0759231 0.7135060 0.0133046 0.0453760 2.2975463 0.0000000 0.0032963 0.0032963 0.0453760 
OL774654_Megalocytivirus_pagrus1_RSIV                    0.0032963 0.0757126 0.0757126 0.0133046 0.0830236 2.2995722 0.0133046 0.0693619 0.0693619 0.0795780 0.7064902 0.0166430 0.0489009 2.2995722 0.0032963 0.0000000 0.0000010 0.0489009 
OL774655_Megalocytivirus_pagrus1_RSIV                    0.0032963 0.0757126 0.0757126 0.0133046 0.0830236 2.2995722 0.0133046 0.0693619 0.0693619 0.0795780 0.7064902 0.0166430 0.0489009 2.2995722 0.0032963 0.0000010 0.0000000 0.0489009 
MG570132_Megalocytivirus_pagrus1_TRBIV                   0.0453760 0.0879298 0.0879298 0.0489827 0.0676354 2.2594556 0.0489827 0.0815949 0.0815949 0.0919040 0.6723639 0.0525186 0.0000010 2.2594556 0.0453760 0.0489009 0.0489009 0.0000000 
