26
MW883600_Megalocytivirus_pagrus1_ISKNV                   0.0000000 0.0107827 2.3463282 0.0162186 0.0309410 0.0000010 0.0461993 2.3463282 0.0309410 0.0432590 0.0135033 0.0461993 0.0026741 0.0162186 0.0366136 0.0026782 0.0626343 0.0026803 0.7077159 0.0626343 0.0026803 0.0000010 0.0026782 0.0295142 0.0135033 0.0653613 
OP009387_Megalocytivirus_pagrus1_ISKNV                   0.0107827 0.0000000 2.3160096 0.0053314 0.0367531 0.0107827 0.0522224 2.3160096 0.0367531 0.0492584 0.0026632 0.0522224 0.0135154 0.0053314 0.0424637 0.0135359 0.0623304 0.0135469 0.7181050 0.0623304 0.0135469 0.0108033 0.0135359 0.0386582 0.0026632 0.0650449 
OM037668_Megalocytivirus_lates1_SDDV                     2.3463282 2.3160096 0.0000000 2.2958476 2.3657291 2.3463282 2.4004526 0.0000010 2.3657291 2.4157716 2.3206960 2.4004526 2.3331057 2.2958476 2.3632731 2.3453481 2.3962729 2.3537737 2.3538479 2.3962729 2.3537737 2.3461611 2.3453481 2.4731168 2.3206960 2.3583539 
MN432490_Megalocytivirus_pagrus1_ISKNV                   0.0162186 0.0053314 2.2958476 0.0000000 0.0310001 0.0162186 0.0462901 2.2958476 0.0310001 0.0433438 0.0080117 0.0462901 0.0189738 0.0000010 0.0366837 0.0190021 0.0564397 0.0190177 0.7158295 0.0564397 0.0190177 0.0162498 0.0190021 0.0326013 0.0080117 0.0591532 
OK042108_Megalocytivirus_pagrus1_RSIV                    0.0309410 0.0367531 2.3657291 0.0310001 0.0000000 0.0309410 0.0135872 2.3657291 0.0000010 0.0163592 0.0396369 0.0135872 0.0338337 0.0310001 0.0052827 0.0338832 0.0539707 0.0339125 0.7048543 0.0539707 0.0339125 0.0310033 0.0338832 0.0000010 0.0396369 0.0566923 
KT781098_Megalocytivirus_pagrus1_ISKNV                   0.0000010 0.0107827 2.3463282 0.0162186 0.0309410 0.0000000 0.0461993 2.3463282 0.0309410 0.0432590 0.0135033 0.0461993 0.0026741 0.0162186 0.0366136 0.0026782 0.0626343 0.0026803 0.7077159 0.0626343 0.0026803 0.0000010 0.0026782 0.0295142 0.0135033 0.0653613 
ON075463_Megalocytivirus_pagrus1_RSIV                    0.0461993 0.0522224 2.4004526 0.0462901 0.0135872 0.0461993 0.0000000 2.4004526 0.0135872 0.0079594 0.0551928 0.0000010 0.0491956 0.0462901 0.0081133 0.0492651 0.0699200 0.0493094 0.7027407 0.0699200 0.0493094 0.0462952 0.0492651 0.0142636 0.0551928 0.0726697 
MN562489_Megalocytivirus_lates1_SDDV                     2.3463282 2.3160096 0.0000010 2.2958476 2.3657291 2.3463282 2.4004526 0.0000000 2.3657291 2.4157716 2.3206960 2.4004526 2.3331057 2.2958476 2.3632731 2.3453481 2.3962729 2.3537737 2.3538479 2.3962729 2.3537737 2.3461611 2.3453481 2.4731168 2.3206960 2.3583539 
OL774653_Megalocytivirus_pagrus1_RSIV                    0.0309410 0.0367531 2.3657291 0.0310001 0.0000010 0.0309410 0.0135872 2.3657291 0.0000000 0.0163592 0.0396369 0.0135872 0.0338337 0.0310001 0.0052827 0.0338832 0.0539707 0.0339125 0.7048543 0.0539707 0.0339125 0.0310033 0.0338832 0.0000010 0.0396369 0.0566923 
MW883598_Megalocytivirus_pagrus1_RSIV                    0.0432590 0.0492584 2.4157716 0.0433438 0.0163592 0.0432590 0.0079594 2.4157716 0.0163592 0.0000000 0.0522201 0.0079594 0.0462438 0.0433438 0.0163655 0.0463098 0.0730749 0.0463512 0.7128029 0.0730749 0.0463512 0.0433485 0.0463098 0.0171766 0.0522201 0.0758283 
PP151097_Megalocytivirus_pagrus1_ISKNV                   0.0135033 0.0026632 2.3206960 0.0080117 0.0396369 0.0135033 0.0551928 2.3206960 0.0396369 0.0522201 0.0000000 0.0551928 0.0162486 0.0080117 0.0453603 0.0162731 0.0652820 0.0162863 0.7208231 0.0652820 0.0162863 0.0135292 0.0162731 0.0416949 0.0000010 0.0654798 
KC244182_Megalocytivirus_pagrus1_RSIV                    0.0461993 0.0522224 2.4004526 0.0462901 0.0135872 0.0461993 0.0000010 2.4004526 0.0135872 0.0079594 0.0551928 0.0000000 0.0491956 0.0462901 0.0081133 0.0492651 0.0699200 0.0493094 0.7027407 0.0699200 0.0493094 0.0462952 0.0492651 0.0142636 0.0551928 0.0726697 
OR670976_Megalocytivirus_pagrus1_ISKNV                   0.0026741 0.0135154 2.3331057 0.0189738 0.0338337 0.0026741 0.0491956 2.3331057 0.0338337 0.0462438 0.0162486 0.0491956 0.0000000 0.0189738 0.0395244 0.0053711 0.0656669 0.0053753 0.7148015 0.0656669 0.0053753 0.0000010 0.0053711 0.0325458 0.0162486 0.0683969 
MW883595_Megalocytivirus_pagrus1_ISKNV                   0.0162186 0.0053314 2.2958476 0.0000010 0.0310001 0.0162186 0.0462901 2.2958476 0.0310001 0.0433438 0.0080117 0.0462901 0.0189738 0.0000000 0.0366837 0.0190021 0.0564397 0.0190177 0.7158295 0.0564397 0.0190177 0.0162498 0.0190021 0.0326013 0.0080117 0.0591532 
ON740976_Megalocytivirus_pagrus1_RSIV                    0.0366136 0.0424637 2.3632731 0.0366837 0.0052827 0.0366136 0.0081133 2.3632731 0.0052827 0.0163655 0.0453603 0.0081133 0.0395244 0.0366837 0.0000000 0.0395811 0.0597481 0.0396156 0.7084118 0.0597481 0.0396156 0.0366876 0.0395811 0.0055381 0.0453603 0.0624642 
MW883597_Megalocytivirus_pagrus1_ISKNV                   0.0026782 0.0135359 2.3453481 0.0190021 0.0338832 0.0026782 0.0492651 2.3453481 0.0338832 0.0463098 0.0162731 0.0492651 0.0053711 0.0190021 0.0395811 0.0000000 0.0657539 0.0053837 0.7096846 0.0657539 0.0053837 0.0026833 0.0000010 0.0325961 0.0162731 0.0684864 
MG570131_Megalocytivirus_pagrus1_TRBIV                   0.0626343 0.0623304 2.3962729 0.0564397 0.0539707 0.0626343 0.0699200 2.3962729 0.0539707 0.0730749 0.0652820 0.0699200 0.0656669 0.0564397 0.0597481 0.0657539 0.0000000 0.0658139 0.6781278 0.0000010 0.0658139 0.0627651 0.0657539 0.0567908 0.0652820 0.0106160 
MW883594_Megalocytivirus_pagrus1_ISKNV                   0.0026803 0.0135469 2.3537737 0.0190177 0.0339125 0.0026803 0.0493094 2.3537737 0.0339125 0.0463512 0.0162863 0.0493094 0.0053753 0.0190177 0.0396156 0.0053837 0.0658139 0.0000000 0.7077136 0.0658139 0.0000010 0.0026854 0.0053837 0.0326255 0.0162863 0.0685490 
PQ335173_PQ335174_Threespine_stickleback_iridovirus_TSIV 0.7077159 0.7181050 2.3538479 0.7158295 0.7048543 0.7077159 0.7027407 2.3538479 0.7048543 0.7128029 0.7208231 0.7027407 0.7148015 0.7158295 0.7084118 0.7096846 0.6781278 0.7077136 0.0000000 0.6781278 0.7077136 0.7106691 0.7096846 0.7157376 0.7208231 0.6632148 
MG570132_Megalocytivirus_pagrus1_TRBIV                   0.0626343 0.0623304 2.3962729 0.0564397 0.0539707 0.0626343 0.0699200 2.3962729 0.0539707 0.0730749 0.0652820 0.0699200 0.0656669 0.0564397 0.0597481 0.0657539 0.0000010 0.0658139 0.6781278 0.0000000 0.0658139 0.0627651 0.0657539 0.0567908 0.0652820 0.0106160 
23043610005_Megalocytivirus_pagrus1_ISKNV                0.0026803 0.0135469 2.3537737 0.0190177 0.0339125 0.0026803 0.0493094 2.3537737 0.0339125 0.0463512 0.0162863 0.0493094 0.0053753 0.0190177 0.0396156 0.0053837 0.0658139 0.0000010 0.7077136 0.0658139 0.0000000 0.0026854 0.0053837 0.0326255 0.0162863 0.0685490 
OQ513807_Megalocytivirus_pagrus1_ISKNV                   0.0000010 0.0108033 2.3461611 0.0162498 0.0310033 0.0000010 0.0462952 2.3461611 0.0310033 0.0433485 0.0135292 0.0462952 0.0000010 0.0162498 0.0366876 0.0026833 0.0627651 0.0026854 0.7106691 0.0627651 0.0026854 0.0000000 0.0026833 0.0295765 0.0135292 0.0654978 
MW883596_Megalocytivirus_pagrus1_ISKNV                   0.0026782 0.0135359 2.3453481 0.0190021 0.0338832 0.0026782 0.0492651 2.3453481 0.0338832 0.0463098 0.0162731 0.0492651 0.0053711 0.0190021 0.0395811 0.0000010 0.0657539 0.0053837 0.7096846 0.0657539 0.0053837 0.0026833 0.0000000 0.0325961 0.0162731 0.0684864 
OQ475017_Megalocytivirus_pagrus1_RSIV                    0.0295142 0.0386582 2.4731168 0.0326013 0.0000010 0.0295142 0.0142636 2.4731168 0.0000010 0.0171766 0.0416949 0.0142636 0.0325458 0.0326013 0.0055381 0.0325961 0.0567908 0.0326255 0.7157376 0.0567908 0.0326255 0.0295765 0.0325961 0.0000000 0.0416949 0.0596497 
PP974677_Megalocytivirus_pagrus1_ISKNV                   0.0135033 0.0026632 2.3206960 0.0080117 0.0396369 0.0135033 0.0551928 2.3206960 0.0396369 0.0522201 0.0000010 0.0551928 0.0162486 0.0080117 0.0453603 0.0162731 0.0652820 0.0162863 0.7208231 0.0652820 0.0162863 0.0135292 0.0162731 0.0416949 0.0000000 0.0654798 
GQ273492_Megalocytivirus_pagrus1_TRBIV                   0.0653613 0.0650449 2.3583539 0.0591532 0.0566923 0.0653613 0.0726697 2.3583539 0.0566923 0.0758283 0.0654798 0.0726697 0.0683969 0.0591532 0.0624642 0.0684864 0.0106160 0.0685490 0.6632148 0.0106160 0.0685490 0.0654978 0.0684864 0.0596497 0.0654798 0.0000000 
