15
OK042108_Megalocytivirus_pagrus1_RSIV                    0.0000000 0.0164237 0.0164237 0.0000010 0.0408995 1.5752382 0.0248138 0.0081795 0.4242474 1.5752382 0.0241922 0.0081795 0.0248138 0.0248911 0.0408995 
MT128667_Megalocytivirus_pagrus1_ISKNV                   0.0164237 0.0000000 0.0000010 0.0164237 0.0503958 1.4678766 0.0082095 0.0081903 0.4384644 1.4678766 0.0252086 0.0081903 0.0082095 0.0082355 0.0503958 
MW883601_Megalocytivirus_pagrus1_ISKNV                   0.0164237 0.0000010 0.0000000 0.0164237 0.0503958 1.4678766 0.0082095 0.0081903 0.4384644 1.4678766 0.0252086 0.0081903 0.0082095 0.0082355 0.0503958 
MW883598_Megalocytivirus_pagrus1_RSIV                    0.0000010 0.0164237 0.0164237 0.0000000 0.0408995 1.5752382 0.0248138 0.0081795 0.4242474 1.5752382 0.0241922 0.0081795 0.0248138 0.0248911 0.0408995 
MG570132_Megalocytivirus_pagrus1_TRBIV                   0.0408995 0.0503958 0.0503958 0.0408995 0.0000000 1.5328352 0.0525977 0.0418345 0.3975542 1.5328352 0.0326116 0.0418345 0.0525977 0.0593969 0.0000010 
MN562489_Megalocytivirus_lates1_SDDV                     1.5752382 1.4678766 1.4678766 1.5752382 1.5328352 0.0000000 1.4807532 1.4826479 1.2542916 0.0000010 1.5578550 1.4826479 1.4807532 1.5001860 1.5328352 
OR670976_Megalocytivirus_pagrus1_ISKNV                   0.0248138 0.0082095 0.0082095 0.0248138 0.0525977 1.4807532 0.0000000 0.0164993 0.4436150 1.4807532 0.0264354 0.0164993 0.0000010 0.0165905 0.0525977 
MW883595_Megalocytivirus_pagrus1_ISKNV                   0.0081795 0.0081903 0.0081903 0.0081795 0.0418345 1.4826479 0.0164993 0.0000000 0.4404493 1.4826479 0.0167439 0.0000010 0.0164993 0.0165513 0.0418345 
PQ335173_PQ335174_Threespine_stickleback_iridovirus_TSIV 0.4242474 0.4384644 0.4384644 0.4242474 0.3975542 1.2542916 0.4436150 0.4404493 0.0000000 1.2542916 0.4300831 0.4404493 0.4436150 0.4559888 0.3975542 
MT521409_Megalocytivirus_lates1_SDDV                     1.5752382 1.4678766 1.4678766 1.5752382 1.5328352 0.0000010 1.4807532 1.4826479 1.2542916 0.0000000 1.5578550 1.4826479 1.4807532 1.5001860 1.5328352 
GQ273492_Megalocytivirus_pagrus1_TRBIV                   0.0241922 0.0252086 0.0252086 0.0241922 0.0326116 1.5578550 0.0264354 0.0167439 0.4300831 1.5578550 0.0000000 0.0167439 0.0264354 0.0339543 0.0326116 
MN432490_Megalocytivirus_pagrus1_ISKNV                   0.0081795 0.0081903 0.0081903 0.0081795 0.0418345 1.4826479 0.0164993 0.0000010 0.4404493 1.4826479 0.0167439 0.0000000 0.0164993 0.0165513 0.0418345 
OQ513807_Megalocytivirus_pagrus1_ISKNV                   0.0248138 0.0082095 0.0082095 0.0248138 0.0525977 1.4807532 0.0000010 0.0164993 0.4436150 1.4807532 0.0264354 0.0164993 0.0000000 0.0165905 0.0525977 
MK689685_Megalocytivirus_pagrus1_ISKNV                   0.0248911 0.0082355 0.0082355 0.0248911 0.0593969 1.5001860 0.0165905 0.0165513 0.4559888 1.5001860 0.0339543 0.0165513 0.0165905 0.0000000 0.0593969 
MG570131_Megalocytivirus_pagrus1_TRBIV                   0.0408995 0.0503958 0.0503958 0.0408995 0.0000010 1.5328352 0.0525977 0.0418345 0.3975542 1.5328352 0.0326116 0.0418345 0.0525977 0.0593969 0.0000000 
