39
MT128666_Megalocytivirus_pagrus1_ISKNV                   0.0000000 0.0016557 0.0008254 0.0000010 0.0016544 0.0850531 0.0000010 0.0352227 0.0016522 0.0874368 0.0840522 0.0016546 0.0868801 0.0850531 0.0016533 0.0844370 0.0016515 0.0844370 0.0016533 0.1100111 0.0008263 0.0016546 0.0840522 0.0830795 3.6255409 1.7299545 0.0016522 0.0868801 0.0878665 0.0016531 0.0850309 3.6255409 0.0008252 0.0000010 0.0843617 0.1117764 0.0016531 0.1052445 0.0850027 
MW883601_Megalocytivirus_pagrus1_ISKNV                   0.0016557 0.0000000 0.0024873 0.0016557 0.0000010 0.0863549 0.0016557 0.0353111 0.0033191 0.0887547 0.0853486 0.0033214 0.0881965 0.0863549 0.0033214 0.0857390 0.0033177 0.0857390 0.0033214 0.1097419 0.0024899 0.0033214 0.0853486 0.0843710 3.6303412 1.7292721 0.0033191 0.0881965 0.0891880 0.0033209 0.0863323 3.6303412 0.0024867 0.0016557 0.0856623 0.1130827 0.0033210 0.1049807 0.0863035 
MW883593_Megalocytivirus_pagrus1_ISKNV                   0.0008254 0.0024873 0.0000000 0.0008260 0.0024854 0.0840252 0.0008254 0.0361632 0.0024820 0.0864007 0.0830266 0.0024856 0.0858440 0.0840252 0.0024837 0.0834077 0.0024810 0.0834077 0.0024837 0.1092933 0.0016550 0.0024856 0.0830266 0.0820558 3.6255409 1.7243892 0.0024820 0.0858440 0.0868284 0.0024834 0.0840032 3.6255409 0.0016529 0.0008260 0.0833334 0.1105877 0.0024835 0.1045373 0.0839754 
MW883597_Megalocytivirus_pagrus1_ISKNV                   0.0000010 0.0016557 0.0008260 0.0000000 0.0016544 0.0850531 0.0000010 0.0352512 0.0016534 0.0874368 0.0840522 0.0016546 0.0868801 0.0850531 0.0016546 0.0844370 0.0016527 0.0844370 0.0016546 0.1100111 0.0008269 0.0016546 0.0840522 0.0830795 3.6255409 1.7327671 0.0016534 0.0868801 0.0878665 0.0016543 0.0850309 3.6255409 0.0008258 0.0000010 0.0843617 0.1117764 0.0016544 0.1052445 0.0850027 
MW883599_Megalocytivirus_pagrus1_ISKNV                   0.0016544 0.0000010 0.0024854 0.0016544 0.0000000 0.0862821 0.0016544 0.0362615 0.0033166 0.0886796 0.0852768 0.0033189 0.0881219 0.0862821 0.0033189 0.0856666 0.0033152 0.0856666 0.0033189 0.1096457 0.0024880 0.0033189 0.0852768 0.0843000 3.6303412 1.7306076 0.0033166 0.0881219 0.0891124 0.0033184 0.0862596 3.6303412 0.0024848 0.0016544 0.0855900 0.1130827 0.0033185 0.1048886 0.0862308 
OL774655_Megalocytivirus_pagrus1_RSIV                    0.0850531 0.0863549 0.0840252 0.0850531 0.0862821 0.0000000 0.0850531 0.1019358 0.0871088 0.0056356 0.0007855 0.0871868 0.0202254 0.0000010 0.0871868 0.0015719 0.0870732 0.0015719 0.0871868 0.1231419 0.0862133 0.0871868 0.0007855 0.0015721 3.7271559 1.8829837 0.0871088 0.0202254 0.0210463 0.0871716 0.0015721 3.7271559 0.0860927 0.0850531 0.0031519 0.1149370 0.0871888 0.1136999 0.0015717 
MT128667_Megalocytivirus_pagrus1_ISKNV                   0.0000010 0.0016557 0.0008254 0.0000010 0.0016544 0.0850531 0.0000000 0.0352227 0.0016522 0.0874368 0.0840522 0.0016546 0.0868801 0.0850531 0.0016533 0.0844370 0.0016515 0.0844370 0.0016533 0.1100111 0.0008263 0.0016546 0.0840522 0.0830795 3.6255409 1.7299545 0.0016522 0.0868801 0.0878665 0.0016531 0.0850309 3.6255409 0.0008252 0.0000010 0.0843617 0.1117764 0.0016531 0.1052445 0.0850027 
MT986830_Megalocytivirus_pagrus1_ISKNV                   0.0352227 0.0353111 0.0361632 0.0352512 0.0362615 0.1019358 0.0352227 0.0000000 0.0370723 0.1045139 0.1008708 0.0371318 0.1053732 0.1019358 0.0371017 0.1013256 0.0361247 0.1013256 0.0371017 0.1364520 0.0361999 0.0371318 0.1008708 0.0998409 3.7495149 1.8028805 0.0370723 0.1053732 0.1064178 0.0370956 0.1019090 3.7495149 0.0361510 0.0352512 0.1012314 0.1332173 0.0370994 0.1304334 0.1018729 
OQ513807_Megalocytivirus_pagrus1_ISKNV                   0.0016522 0.0033191 0.0024820 0.0016534 0.0033166 0.0871088 0.0016522 0.0370723 0.0000000 0.0895072 0.0861039 0.0033169 0.0889507 0.0871088 0.0033143 0.0864958 0.0033106 0.0864958 0.0033143 0.1101221 0.0024846 0.0033169 0.0861039 0.0851278 3.6213300 1.7303564 0.0000010 0.0889507 0.0899406 0.0033138 0.0870861 3.6213300 0.0024814 0.0016534 0.0844436 0.1118959 0.0033140 0.1053509 0.0870571 
OQ475017_Megalocytivirus_pagrus1_RSIV                    0.0874368 0.0887547 0.0864007 0.0874368 0.0886796 0.0056356 0.0874368 0.1045139 0.0895072 0.0000000 0.0048262 0.0895880 0.0172377 0.0056356 0.0895880 0.0040199 0.0894706 0.0040199 0.0895880 0.1218503 0.0886087 0.0895880 0.0048262 0.0056342 3.7732148 1.8773070 0.0895072 0.0172377 0.0180690 0.0895723 0.0056341 3.7732148 0.0884842 0.0874368 0.0056428 0.1127972 0.0895904 0.1131385 0.0056326 
MK689686_Megalocytivirus_pagrus1_RSIV                    0.0840522 0.0853486 0.0830266 0.0840522 0.0852768 0.0007855 0.0840522 0.1008708 0.0861039 0.0048262 0.0000000 0.0861809 0.0210435 0.0007855 0.0861809 0.0007852 0.0860687 0.0007852 0.0861809 0.1220453 0.0852088 0.0861809 0.0000010 0.0007853 3.7153901 1.8828535 0.0861039 0.0210435 0.0218653 0.0861659 0.0007853 3.7153901 0.0850896 0.0840522 0.0023618 0.1138042 0.0861826 0.1126162 0.0007851 
23043610003_Megalocytivirus_pagrus1_ISKNV                0.0016546 0.0033214 0.0024856 0.0016546 0.0033189 0.0871868 0.0016546 0.0371318 0.0033169 0.0895880 0.0861809 0.0000000 0.0890309 0.0871868 0.0000010 0.0865734 0.0033155 0.0865734 0.0000010 0.1123356 0.0024882 0.0000010 0.0861809 0.0852038 3.6409200 1.7383875 0.0033169 0.0890309 0.0900219 0.0016536 0.0871641 3.6409200 0.0024850 0.0016546 0.0864960 0.1142477 0.0016537 0.1075537 0.0871350 
BD143114_Megalocytivirus_pagrus1_RSIV                    0.0868801 0.0881965 0.0858440 0.0868801 0.0881219 0.0202254 0.0868801 0.1053732 0.0889507 0.0172377 0.0210435 0.0890309 0.0000000 0.0202254 0.0890309 0.0218626 0.0889142 0.0218626 0.0890309 0.1240797 0.0880513 0.0890309 0.0210435 0.0202231 3.7782707 1.8914738 0.0889507 0.0000010 0.0007838 0.0890153 0.0218653 3.7782707 0.0879275 0.0868801 0.0235408 0.1089568 0.0890332 0.1153098 0.0218594 
MW139932_Megalocytivirus_pagrus1_RSIV                    0.0850531 0.0863549 0.0840252 0.0850531 0.0862821 0.0000010 0.0850531 0.1019358 0.0871088 0.0056356 0.0007855 0.0871868 0.0202254 0.0000000 0.0871868 0.0015719 0.0870732 0.0015719 0.0871868 0.1231419 0.0862133 0.0871868 0.0007855 0.0015721 3.7271559 1.8829837 0.0871088 0.0202254 0.0210463 0.0871716 0.0015721 3.7271559 0.0860927 0.0850531 0.0031519 0.1149370 0.0871888 0.1136999 0.0015717 
OP896201_Megalocytivirus_pagrus1_ISKNV                   0.0016533 0.0033214 0.0024837 0.0016546 0.0033189 0.0871868 0.0016533 0.0371017 0.0033143 0.0895880 0.0861809 0.0000010 0.0890309 0.0871868 0.0000000 0.0865734 0.0033130 0.0865734 0.0000010 0.1123356 0.0024863 0.0000010 0.0861809 0.0852038 3.6409200 1.7355642 0.0033143 0.0890309 0.0900219 0.0016523 0.0871641 3.6409200 0.0024831 0.0016546 0.0864960 0.1142477 0.0016524 0.1075537 0.0871350 
ON740976_Megalocytivirus_pagrus1_RSIV                    0.0844370 0.0857390 0.0834077 0.0844370 0.0856666 0.0015719 0.0844370 0.1013256 0.0864958 0.0040199 0.0007852 0.0865734 0.0218626 0.0015719 0.0865734 0.0000000 0.0864603 0.0000010 0.0865734 0.1230960 0.0855981 0.0865734 0.0007852 0.0015715 3.7232084 1.8828535 0.0864958 0.0218626 0.0226853 0.0865583 0.0015715 3.7232084 0.0854780 0.0844370 0.0015738 0.1148913 0.0865752 0.1136565 0.0015710 
ON212400_Megalocytivirus_pagrus1_ISKNV                   0.0016515 0.0033177 0.0024810 0.0016527 0.0033152 0.0870732 0.0016515 0.0361247 0.0033106 0.0894706 0.0860687 0.0033155 0.0889142 0.0870732 0.0033130 0.0864603 0.0000000 0.0864603 0.0033130 0.1121811 0.0024835 0.0033155 0.0860687 0.0850929 3.6499641 1.7293441 0.0033106 0.0889142 0.0899038 0.0033124 0.0870505 3.6499641 0.0024803 0.0016527 0.0863832 0.1128589 0.0033126 0.1074059 0.0870215 
KC244182_Megalocytivirus_pagrus1_RSIV                    0.0844370 0.0857390 0.0834077 0.0844370 0.0856666 0.0015719 0.0844370 0.1013256 0.0864958 0.0040199 0.0007852 0.0865734 0.0218626 0.0015719 0.0865734 0.0000010 0.0864603 0.0000000 0.0865734 0.1230960 0.0855981 0.0865734 0.0007852 0.0015715 3.7232084 1.8828535 0.0864958 0.0218626 0.0226853 0.0865583 0.0015715 3.7232084 0.0854780 0.0844370 0.0015738 0.1148913 0.0865752 0.1136565 0.0015710 
OR536350_Megalocytivirus_pagrus1_ISKNV                   0.0016533 0.0033214 0.0024837 0.0016546 0.0033189 0.0871868 0.0016533 0.0371017 0.0033143 0.0895880 0.0861809 0.0000010 0.0890309 0.0871868 0.0000010 0.0865734 0.0033130 0.0865734 0.0000000 0.1123356 0.0024863 0.0000010 0.0861809 0.0852038 3.6409200 1.7355642 0.0033143 0.0890309 0.0900219 0.0016523 0.0871641 3.6409200 0.0024831 0.0016546 0.0864960 0.1142477 0.0016524 0.1075537 0.0871350 
MG570132_Megalocytivirus_pagrus1_TRBIV                   0.1100111 0.1097419 0.1092933 0.1100111 0.1096457 0.1231419 0.1100111 0.1364520 0.1101221 0.1218503 0.1220453 0.1123356 0.1240797 0.1231419 0.1123356 0.1230960 0.1121811 0.1230960 0.1123356 0.0000000 0.1112984 0.1123356 0.1220453 0.1209903 3.5838824 1.7786647 0.1101221 0.1240797 0.1251518 0.1123151 0.1231109 3.5838824 0.1111359 0.1100111 0.1208422 0.0685318 0.1123436 0.0042131 0.1230659 
MK689685_Megalocytivirus_pagrus1_ISKNV                   0.0008263 0.0024899 0.0016550 0.0008269 0.0024880 0.0862133 0.0008263 0.0361999 0.0024846 0.0886087 0.0852088 0.0024882 0.0880513 0.0862133 0.0024863 0.0855981 0.0024835 0.0855981 0.0024863 0.1112984 0.0000000 0.0024882 0.0852088 0.0842328 3.6441913 1.7307131 0.0024846 0.0880513 0.0890411 0.0024859 0.0861908 3.6441913 0.0016546 0.0008269 0.0855217 0.1117764 0.0024860 0.1065192 0.0861621 
23043610005_Megalocytivirus_pagrus1_ISKNV                0.0016546 0.0033214 0.0024856 0.0016546 0.0033189 0.0871868 0.0016546 0.0371318 0.0033169 0.0895880 0.0861809 0.0000010 0.0890309 0.0871868 0.0000010 0.0865734 0.0033155 0.0865734 0.0000010 0.1123356 0.0024882 0.0000000 0.0861809 0.0852038 3.6409200 1.7383875 0.0033169 0.0890309 0.0900219 0.0016536 0.0871641 3.6409200 0.0024850 0.0016546 0.0864960 0.1142477 0.0016537 0.1075537 0.0871350 
AP017456_Megalocytivirus_pagrus1_RSIV                    0.0840522 0.0853486 0.0830266 0.0840522 0.0852768 0.0007855 0.0840522 0.1008708 0.0861039 0.0048262 0.0000010 0.0861809 0.0210435 0.0007855 0.0861809 0.0007852 0.0860687 0.0007852 0.0861809 0.1220453 0.0852088 0.0861809 0.0000000 0.0007853 3.7153901 1.8828535 0.0861039 0.0210435 0.0218653 0.0861659 0.0007853 3.7153901 0.0850896 0.0840522 0.0023618 0.1138042 0.0861826 0.1126162 0.0007851 
MW883598_Megalocytivirus_pagrus1_RSIV                    0.0830795 0.0843710 0.0820558 0.0830795 0.0843000 0.0015721 0.0830795 0.0998409 0.0851278 0.0056342 0.0007853 0.0852038 0.0202231 0.0015721 0.0852038 0.0015715 0.0850929 0.0015715 0.0852038 0.1209903 0.0842328 0.0852038 0.0007853 0.0000000 3.7065499 1.8820380 0.0851278 0.0202231 0.0210440 0.0851890 0.0015717 3.7065499 0.0841150 0.0830795 0.0031511 0.1127129 0.0852054 0.1115718 0.0015713 
MN562489_Megalocytivirus_lates1_SDDV                     3.6255409 3.6303412 3.6255409 3.6255409 3.6303412 3.7271559 3.6255409 3.7495149 3.6213300 3.7732148 3.7153901 3.6409200 3.7782707 3.7271559 3.6409200 3.7232084 3.6499641 3.7232084 3.6409200 3.5838824 3.6441913 3.6409200 3.7153901 3.7065499 0.0000000 4.5623381 3.6213300 3.7782707 3.7782707 3.6331731 3.7042335 0.0000010 3.6398389 3.6255409 3.7175962 3.6842624 3.6409200 3.6092705 3.7215842 
PQ335173_PQ335174_Threespine_stickleback_iridovirus_TSIV 1.7299545 1.7292721 1.7243892 1.7327671 1.7306076 1.8829837 1.7299545 1.8028805 1.7303564 1.8773070 1.8828535 1.7383875 1.8914738 1.8829837 1.7355642 1.8828535 1.7293441 1.8828535 1.7355642 1.7786647 1.7307131 1.7383875 1.8828535 1.8820380 4.5623381 0.0000000 1.7303564 1.8914738 1.8932311 1.7360246 1.8814231 4.5623381 1.7346405 1.7327671 1.8751562 1.7269089 1.7371606 1.7658078 1.8842007 
OR670976_Megalocytivirus_pagrus1_ISKNV                   0.0016522 0.0033191 0.0024820 0.0016534 0.0033166 0.0871088 0.0016522 0.0370723 0.0000010 0.0895072 0.0861039 0.0033169 0.0889507 0.0871088 0.0033143 0.0864958 0.0033106 0.0864958 0.0033143 0.1101221 0.0024846 0.0033169 0.0861039 0.0851278 3.6213300 1.7303564 0.0000000 0.0889507 0.0899406 0.0033138 0.0870861 3.6213300 0.0024814 0.0016534 0.0844436 0.1118959 0.0033140 0.1053509 0.0870571 
MK098187_Megalocytivirus_pagrus1_RSIV                    0.0868801 0.0881965 0.0858440 0.0868801 0.0881219 0.0202254 0.0868801 0.1053732 0.0889507 0.0172377 0.0210435 0.0890309 0.0000010 0.0202254 0.0890309 0.0218626 0.0889142 0.0218626 0.0890309 0.1240797 0.0880513 0.0890309 0.0210435 0.0202231 3.7782707 1.8914738 0.0889507 0.0000000 0.0007838 0.0890153 0.0218653 3.7782707 0.0879275 0.0868801 0.0235408 0.1089568 0.0890332 0.1153098 0.0218594 
MK098186_Megalocytivirus_pagrus1_RSIV                    0.0878665 0.0891880 0.0868284 0.0878665 0.0891124 0.0210463 0.0878665 0.1064178 0.0899406 0.0180690 0.0218653 0.0900219 0.0007838 0.0210463 0.0900219 0.0226853 0.0899038 0.0226853 0.0900219 0.1251518 0.0890411 0.0900219 0.0218653 0.0210440 3.7782707 1.8932311 0.0899406 0.0007838 0.0000000 0.0900061 0.0226881 3.7782707 0.0889158 0.0878665 0.0243664 0.1100541 0.0900244 0.1163706 0.0226819 
MW273354_Megalocytivirus_pagrus1_ISKNV                   0.0016531 0.0033209 0.0024834 0.0016543 0.0033184 0.0871716 0.0016531 0.0370956 0.0033138 0.0895723 0.0861659 0.0016536 0.0890153 0.0871716 0.0016523 0.0865583 0.0033124 0.0865583 0.0016523 0.1123151 0.0024859 0.0016536 0.0861659 0.0851890 3.6331731 1.7360246 0.0033138 0.0890153 0.0900061 0.0000000 0.0871489 3.6331731 0.0024827 0.0016543 0.0864810 0.1142256 0.0016521 0.1075341 0.0871199 
ON743042_Megalocytivirus_pagrus1_RSIV                    0.0850309 0.0863323 0.0840032 0.0850309 0.0862596 0.0015721 0.0850309 0.1019090 0.0870861 0.0056341 0.0007853 0.0871641 0.0218653 0.0015721 0.0871641 0.0015715 0.0870505 0.0015715 0.0871641 0.1231109 0.0861908 0.0871641 0.0007853 0.0015717 3.7042335 1.8814231 0.0870861 0.0218653 0.0226881 0.0871489 0.0000000 3.7042335 0.0860702 0.0850309 0.0031510 0.1127300 0.0871660 0.1136707 0.0015712 
MT521409_Megalocytivirus_lates1_SDDV                     3.6255409 3.6303412 3.6255409 3.6255409 3.6303412 3.7271559 3.6255409 3.7495149 3.6213300 3.7732148 3.7153901 3.6409200 3.7782707 3.7271559 3.6409200 3.7232084 3.6499641 3.7232084 3.6409200 3.5838824 3.6441913 3.6409200 3.7153901 3.7065499 0.0000010 4.5623381 3.6213300 3.7782707 3.7782707 3.6331731 3.7042335 0.0000000 3.6398389 3.6255409 3.7175962 3.6842624 3.6409200 3.6092705 3.7215842 
MW883594_Megalocytivirus_pagrus1_ISKNV                   0.0008252 0.0024867 0.0016529 0.0008258 0.0024848 0.0860927 0.0008252 0.0361510 0.0024814 0.0884842 0.0850896 0.0024850 0.0879275 0.0860927 0.0024831 0.0854780 0.0024803 0.0854780 0.0024831 0.1111359 0.0016546 0.0024850 0.0850896 0.0841150 3.6398389 1.7346405 0.0024814 0.0879275 0.0889158 0.0024827 0.0860702 3.6398389 0.0000000 0.0008258 0.0854018 0.1129715 0.0024828 0.1063633 0.0860416 
MW883596_Megalocytivirus_pagrus1_ISKNV                   0.0000010 0.0016557 0.0008260 0.0000010 0.0016544 0.0850531 0.0000010 0.0352512 0.0016534 0.0874368 0.0840522 0.0016546 0.0868801 0.0850531 0.0016546 0.0844370 0.0016527 0.0844370 0.0016546 0.1100111 0.0008269 0.0016546 0.0840522 0.0830795 3.6255409 1.7327671 0.0016534 0.0868801 0.0878665 0.0016543 0.0850309 3.6255409 0.0008258 0.0000000 0.0843617 0.1117764 0.0016544 0.1052445 0.0850027 
OK042109_Megalocytivirus_pagrus1_RSIV                    0.0843617 0.0856623 0.0833334 0.0843617 0.0855900 0.0031519 0.0843617 0.1012314 0.0844436 0.0056428 0.0023618 0.0864960 0.0235408 0.0031519 0.0864960 0.0015738 0.0863832 0.0015738 0.0864960 0.1208422 0.0855217 0.0864960 0.0023618 0.0031511 3.7175962 1.8751562 0.0844436 0.0235408 0.0243664 0.0864810 0.0031510 3.7175962 0.0854018 0.0843617 0.0000000 0.1125677 0.0864979 0.1114340 0.0031502 
GQ273492_Megalocytivirus_pagrus1_TRBIV                   0.1117764 0.1130827 0.1105877 0.1117764 0.1130827 0.1149370 0.1117764 0.1332173 0.1118959 0.1127972 0.1138042 0.1142477 0.1089568 0.1149370 0.1142477 0.1148913 0.1128589 0.1148913 0.1142477 0.0685318 0.1117764 0.1142477 0.1138042 0.1127129 3.6842624 1.7269089 0.1118959 0.1089568 0.1100541 0.1142256 0.1127300 3.6842624 0.1129715 0.1117764 0.1125677 0.0000000 0.1142568 0.0657637 0.1148629 
MW883602_Megalocytivirus_pagrus1_ISKNV                   0.0016531 0.0033210 0.0024835 0.0016544 0.0033185 0.0871888 0.0016531 0.0370994 0.0033140 0.0895904 0.0861826 0.0016537 0.0890332 0.0871888 0.0016524 0.0865752 0.0033126 0.0865752 0.0016524 0.1123436 0.0024860 0.0016537 0.0861826 0.0852054 3.6409200 1.7371606 0.0033140 0.0890332 0.0900244 0.0016521 0.0871660 3.6409200 0.0024828 0.0016544 0.0864979 0.1142568 0.0000000 0.1075604 0.0871370 
MG570131_Megalocytivirus_pagrus1_TRBIV                   0.1052445 0.1049807 0.1045373 0.1052445 0.1048886 0.1136999 0.1052445 0.1304334 0.1053509 0.1131385 0.1126162 0.1075537 0.1153098 0.1136999 0.1075537 0.1136565 0.1074059 0.1136565 0.1075537 0.0042131 0.1065192 0.1075537 0.1126162 0.1115718 3.6092705 1.7658078 0.1053509 0.1153098 0.1163706 0.1075341 0.1136707 3.6092705 0.1063633 0.1052445 0.1114340 0.0657637 0.1075604 0.0000000 0.1136297 
KT804738_Megalocytivirus_pagrus1_RSIV                    0.0850027 0.0863035 0.0839754 0.0850027 0.0862308 0.0015717 0.0850027 0.1018729 0.0870571 0.0056326 0.0007851 0.0871350 0.0218594 0.0015717 0.0871350 0.0015710 0.0870215 0.0015710 0.0871350 0.1230659 0.0861621 0.0871350 0.0007851 0.0015713 3.7215842 1.8842007 0.0870571 0.0218594 0.0226819 0.0871199 0.0015712 3.7215842 0.0860416 0.0850027 0.0031502 0.1148629 0.0871370 0.1136297 0.0000000 
