15
MW273353_Megalocytivirus_pagrus1_ISKNV                   0.0000000 0.0830053 0.0035520 0.0750355 0.0830053 0.0000010 0.0711810 0.0750355 0.0251763 0.1169886 2.4996572 0.0251763 0.0764639 0.1225267 0.1272722 
MW139932_Megalocytivirus_pagrus1_RSIV                    0.0830053 0.0000000 0.0871682 0.0284299 0.0000010 0.0830053 0.0248402 0.0284299 0.0630202 0.1355759 2.5899151 0.0630202 0.0251744 0.1464766 0.1514251 
MW883594_Megalocytivirus_pagrus1_ISKNV                   0.0035520 0.0871682 0.0000000 0.0791388 0.0871682 0.0035520 0.0752604 0.0791388 0.0288957 0.1215183 2.4858468 0.0288957 0.0805935 0.1271075 0.1319027 
ON740976_Megalocytivirus_pagrus1_RSIV                    0.0750355 0.0284299 0.0791388 0.0000000 0.0284299 0.0750355 0.0035003 0.0000010 0.0552936 0.1242260 2.5476890 0.0552936 0.0548509 0.1350661 0.1399525 
OL774654_Megalocytivirus_pagrus1_RSIV                    0.0830053 0.0000010 0.0871682 0.0284299 0.0000000 0.0830053 0.0248402 0.0284299 0.0630202 0.1355759 2.5899151 0.0630202 0.0251744 0.1464766 0.1514251 
MW883602_Megalocytivirus_pagrus1_ISKNV                   0.0000010 0.0830053 0.0035520 0.0750355 0.0830053 0.0000000 0.0711810 0.0750355 0.0251763 0.1169886 2.4996572 0.0251763 0.0764639 0.1225267 0.1272722 
MW883598_Megalocytivirus_pagrus1_RSIV                    0.0711810 0.0248402 0.0752604 0.0035003 0.0248402 0.0711810 0.0000000 0.0035003 0.0515338 0.1227860 2.5386430 0.0515338 0.0511203 0.1335137 0.1383500 
KC244182_Megalocytivirus_pagrus1_RSIV                    0.0750355 0.0284299 0.0791388 0.0000010 0.0284299 0.0750355 0.0035003 0.0000000 0.0552936 0.1242260 2.5476890 0.0552936 0.0548509 0.1350661 0.1399525 
MT986830_Megalocytivirus_pagrus1_ISKNV                   0.0251763 0.0630202 0.0288957 0.0552936 0.0630202 0.0251763 0.0515338 0.0552936 0.0000000 0.1003846 2.4837646 0.0000010 0.0644701 0.1148391 0.1195529 
GQ273492_Megalocytivirus_pagrus1_TRBIV                   0.1169886 0.1355759 0.1215183 0.1242260 0.1355759 0.1169886 0.1227860 0.1242260 0.1003846 0.0000000 2.6731138 0.1003846 0.1049300 0.0592680 0.0633289 
PQ335173_PQ335174_Threespine_stickleback_iridovirus_TSIV 2.4996572 2.5899151 2.4858468 2.5476890 2.5899151 2.4996572 2.5386430 2.5476890 2.4837646 2.6731138 0.0000000 2.4837646 2.6909179 2.6276478 2.6367697 
OP009387_Megalocytivirus_pagrus1_ISKNV                   0.0251763 0.0630202 0.0288957 0.0552936 0.0630202 0.0251763 0.0515338 0.0552936 0.0000010 0.1003846 2.4837646 0.0000000 0.0644701 0.1148391 0.1195529 
OQ475017_Megalocytivirus_pagrus1_RSIV                    0.0764639 0.0251744 0.0805935 0.0548509 0.0251744 0.0764639 0.0511203 0.0548509 0.0644701 0.1049300 2.6909179 0.0644701 0.0000000 0.1190340 0.1236889 
MG570131_Megalocytivirus_pagrus1_TRBIV                   0.1225267 0.1464766 0.1271075 0.1350661 0.1464766 0.1225267 0.1335137 0.1350661 0.1148391 0.0592680 2.6276478 0.1148391 0.1190340 0.0000000 0.0034905 
MG570132_Megalocytivirus_pagrus1_TRBIV                   0.1272722 0.1514251 0.1319027 0.1399525 0.1514251 0.1272722 0.1383500 0.1399525 0.1195529 0.0633289 2.6367697 0.1195529 0.1236889 0.0034905 0.0000000 
