24
PP151097_Megalocytivirus_pagrus1_ISKNV                   0.0000000 0.1389602 0.0000010 0.1389602 0.1133145 0.0034527 0.0069093 0.0034497 0.1133145 0.1400308 0.0034492 0.1170693 1.6845645 0.0034527 0.0034481 0.0034504 0.1047136 0.0034457 0.1285293 0.1170693 0.1322521 0.0034496 0.0069093 0.0034497 
ON743042_Megalocytivirus_pagrus1_RSIV                    0.1389602 0.0000000 0.1389602 0.0000010 0.0894647 0.1429610 0.1466918 0.1351314 0.0894647 0.1381752 0.1351058 0.0931228 1.7225144 0.1429610 0.1427515 0.1428649 0.0812910 0.1426481 0.1305449 0.0931228 0.1342301 0.1428112 0.1466918 0.1351314 
MW883600_Megalocytivirus_pagrus1_ISKNV                   0.0000010 0.1389602 0.0000000 0.1389602 0.1133145 0.0034527 0.0069093 0.0034497 0.1133145 0.1400308 0.0034492 0.1170693 1.6845645 0.0034527 0.0034481 0.0034504 0.1047136 0.0034457 0.1285293 0.1170693 0.1322521 0.0034496 0.0069093 0.0034497 
OL774655_Megalocytivirus_pagrus1_RSIV                    0.1389602 0.0000010 0.1389602 0.0000000 0.0894647 0.1429610 0.1466918 0.1351314 0.0894647 0.1381752 0.1351058 0.0931228 1.7225144 0.1429610 0.1427515 0.1428649 0.0812910 0.1426481 0.1305449 0.0931228 0.1342301 0.1428112 0.1466918 0.1351314 
ON075463_Megalocytivirus_pagrus1_RSIV                    0.1133145 0.0894647 0.1133145 0.0894647 0.0000000 0.1172394 0.1209454 0.1095298 0.0000010 0.1247064 0.1095095 0.0033991 1.7413464 0.1172394 0.1170693 0.1171605 0.0068787 0.1169850 0.1095784 0.0033991 0.1132731 0.1171195 0.1209454 0.1095298 
OR536350_Megalocytivirus_pagrus1_ISKNV                   0.0034527 0.1429610 0.0034527 0.1429610 0.1172394 0.0000000 0.0103868 0.0069161 0.1172394 0.1440545 0.0069150 0.1210066 1.6869097 0.0000010 0.0069127 0.0069175 0.1085771 0.0069081 0.1325114 0.1210066 0.1362443 0.0069158 0.0103868 0.0069161 
OP009387_Megalocytivirus_pagrus1_ISKNV                   0.0069093 0.1466918 0.0069093 0.1466918 0.1209454 0.0103868 0.0000000 0.0103779 0.1209454 0.1478045 0.0103763 0.1247174 1.6966820 0.0103868 0.0034489 0.0103801 0.1122409 0.0103659 0.1362434 0.1247174 0.1399791 0.0103776 0.0000010 0.0103779 
MW883595_Megalocytivirus_pagrus1_ISKNV                   0.0034497 0.1351314 0.0034497 0.1351314 0.1095298 0.0069161 0.0103779 0.0000000 0.1095298 0.1361810 0.0069091 0.1132768 1.6861504 0.0069161 0.0069068 0.0069116 0.1009791 0.0069022 0.1247066 0.1132768 0.1284237 0.0069099 0.0103779 0.0000010 
AY894343_Megalocytivirus_pagrus1_RSIV                    0.1133145 0.0894647 0.1133145 0.0894647 0.0000010 0.1172394 0.1209454 0.1095298 0.0000000 0.1247064 0.1095095 0.0033991 1.7413464 0.1172394 0.1170693 0.1171605 0.0068787 0.1169850 0.1095784 0.0033991 0.1132731 0.1171195 0.1209454 0.1095298 
GQ273492_Megalocytivirus_pagrus1_TRBIV                   0.1400308 0.1381752 0.1400308 0.1381752 0.1247064 0.1440545 0.1478045 0.1361810 0.1247064 0.0000000 0.1361550 0.1284798 1.7601393 0.1440545 0.1438424 0.1439573 0.1159666 0.1437376 0.0418251 0.1284798 0.0453315 0.1439027 0.1478045 0.1361810 
OR670976_Megalocytivirus_pagrus1_ISKNV                   0.0034492 0.1351058 0.0034492 0.1351058 0.1095095 0.0069150 0.0103763 0.0069091 0.1095095 0.1361550 0.0000000 0.1132558 1.6796041 0.0069150 0.0069057 0.0069105 0.1009608 0.0069011 0.1246832 0.1132558 0.1283994 0.0069088 0.0103763 0.0069091 
AP017456_Megalocytivirus_pagrus1_RSIV                    0.1170693 0.0931228 0.1170693 0.0931228 0.0033991 0.1210066 0.1247174 0.1132768 0.0033991 0.1284798 0.1132558 0.0000000 1.7410484 0.1210066 0.1208308 0.1209252 0.0103261 0.1207437 0.1133272 0.0000010 0.1170263 0.1208824 0.1247174 0.1132768 
PQ335173_PQ335174_Threespine_stickleback_iridovirus_TSIV 1.6845645 1.7225144 1.6845645 1.7225144 1.7413464 1.6869097 1.6966820 1.6861504 1.7413464 1.7601393 1.6796041 1.7410484 0.0000000 1.6869097 1.6957813 1.7019783 1.7188993 1.6751411 1.7637586 1.7410484 1.7694190 1.6809028 1.6966820 1.6861504 
MW273354_Megalocytivirus_pagrus1_ISKNV                   0.0034527 0.1429610 0.0034527 0.1429610 0.1172394 0.0000010 0.0103868 0.0069161 0.1172394 0.1440545 0.0069150 0.1210066 1.6869097 0.0000000 0.0069127 0.0069175 0.1085771 0.0069081 0.1325114 0.1210066 0.1362443 0.0069158 0.0103868 0.0069161 
KT781098_Megalocytivirus_pagrus1_ISKNV                   0.0034481 0.1427515 0.0034481 0.1427515 0.1170693 0.0069127 0.0034489 0.0069068 0.1170693 0.1438424 0.0069057 0.1208308 1.6957813 0.0069127 0.0000000 0.0069082 0.1084215 0.0068989 0.1323174 0.1208308 0.1360447 0.0069066 0.0034489 0.0069068 
MW883601_Megalocytivirus_pagrus1_ISKNV                   0.0034504 0.1428649 0.0034504 0.1428649 0.1171605 0.0069175 0.0103801 0.0069116 0.1171605 0.1439573 0.0069105 0.1209252 1.7019783 0.0069175 0.0069082 0.0000000 0.1085047 0.0069036 0.1324220 0.1209252 0.1361525 0.0069114 0.0103801 0.0069116 
MW883598_Megalocytivirus_pagrus1_RSIV                    0.1047136 0.0812910 0.1047136 0.0812910 0.0068787 0.1085771 0.1122409 0.1009791 0.0068787 0.1159666 0.1009608 0.0103261 1.7188993 0.1085771 0.1084215 0.1085047 0.0000000 0.1083444 0.1051554 0.0103261 0.1088220 0.1084679 0.1122409 0.1009791 
ON212400_Megalocytivirus_pagrus1_ISKNV                   0.0034457 0.1426481 0.0034457 0.1426481 0.1169850 0.0069081 0.0103659 0.0069022 0.1169850 0.1437376 0.0069011 0.1207437 1.6751411 0.0069081 0.0068989 0.0069036 0.1083444 0.0000000 0.1322215 0.1207437 0.1359460 0.0069020 0.0103659 0.0069022 
MG570131_Megalocytivirus_pagrus1_TRBIV                   0.1285293 0.1305449 0.1285293 0.1305449 0.1095784 0.1325114 0.1362434 0.1247066 0.1095784 0.0418251 0.1246832 0.1133272 1.7637586 0.1325114 0.1323174 0.1324220 0.1051554 0.1322215 0.0000000 0.1133272 0.0034321 0.1323735 0.1362434 0.1247066 
MK689686_Megalocytivirus_pagrus1_RSIV                    0.1170693 0.0931228 0.1170693 0.0931228 0.0033991 0.1210066 0.1247174 0.1132768 0.0033991 0.1284798 0.1132558 0.0000010 1.7410484 0.1210066 0.1208308 0.1209252 0.0103261 0.1207437 0.1133272 0.0000000 0.1170263 0.1208824 0.1247174 0.1132768 
MG570132_Megalocytivirus_pagrus1_TRBIV                   0.1322521 0.1342301 0.1322521 0.1342301 0.1132731 0.1362443 0.1399791 0.1284237 0.1132731 0.0453315 0.1283994 0.1170263 1.7694190 0.1362443 0.1360447 0.1361525 0.1088220 0.1359460 0.0034321 0.1170263 0.0000000 0.1361021 0.1399791 0.1284237 
MW273353_Megalocytivirus_pagrus1_ISKNV                   0.0034496 0.1428112 0.0034496 0.1428112 0.1171195 0.0069158 0.0103776 0.0069099 0.1171195 0.1439027 0.0069088 0.1208824 1.6809028 0.0069158 0.0069066 0.0069114 0.1084679 0.0069020 0.1323735 0.1208824 0.1361021 0.0000000 0.0103776 0.0069099 
MT926123_Megalocytivirus_pagrus1_ISKNV                   0.0069093 0.1466918 0.0069093 0.1466918 0.1209454 0.0103868 0.0000010 0.0103779 0.1209454 0.1478045 0.0103763 0.1247174 1.6966820 0.0103868 0.0034489 0.0103801 0.1122409 0.0103659 0.1362434 0.1247174 0.1399791 0.0103776 0.0000000 0.0103779 
MN432490_Megalocytivirus_pagrus1_ISKNV                   0.0034497 0.1351314 0.0034497 0.1351314 0.1095298 0.0069161 0.0103779 0.0000010 0.1095298 0.1361810 0.0069091 0.1132768 1.6861504 0.0069161 0.0069068 0.0069116 0.1009791 0.0069022 0.1247066 0.1132768 0.1284237 0.0069099 0.0103779 0.0000000 
