20
OP896201_Megalocytivirus_pagrus1_ISKNV                   0.0000000 0.1192256 0.0000010 0.1192256 0.1063230 0.0053784 0.1129979 0.0053769 0.1189309 0.1129979 1.3090311 0.0053769 0.0053784 0.1237881 0.1127388 0.0053906 0.1127062 0.1237881 0.1063230 0.1499162 
AB104413_Megalocytivirus_pagrus1_RSIV                    0.1192256 0.0000000 0.1192256 0.0000010 0.0260658 0.1256892 0.0314734 0.1215605 0.0155296 0.0314734 1.3374712 0.1215605 0.1256892 0.1076413 0.0314148 0.1259657 0.0313974 0.1076413 0.0260658 0.1195882 
MW883600_Megalocytivirus_pagrus1_ISKNV                   0.0000010 0.1192256 0.0000000 0.1192256 0.1063230 0.0053784 0.1129979 0.0053769 0.1189309 0.1129979 1.3090311 0.0053769 0.0053784 0.1237881 0.1127388 0.0053906 0.1127062 0.1237881 0.1063230 0.1499162 
MK098185_Megalocytivirus_pagrus1_RSIV                    0.1192256 0.0000010 0.1192256 0.0000000 0.0260658 0.1256892 0.0314734 0.1215605 0.0155296 0.0314734 1.3374712 0.1215605 0.1256892 0.1076413 0.0314148 0.1259657 0.0313974 0.1076413 0.0260658 0.1195882 
ON075463_Megalocytivirus_pagrus1_RSIV                    0.1063230 0.0260658 0.1063230 0.0260658 0.0000000 0.1126709 0.0051422 0.1084561 0.0207057 0.0051422 1.3764791 0.1084561 0.1126709 0.1189568 0.0051331 0.1129206 0.0051298 0.1189568 0.0000010 0.1309914 
OQ513807_Megalocytivirus_pagrus1_ISKNV                   0.0053784 0.1256892 0.0053784 0.1256892 0.1126709 0.0000000 0.1194206 0.0107918 0.1253840 0.1194206 1.3361077 0.0107918 0.0000010 0.1302314 0.1191438 0.0108196 0.1191124 0.1302314 0.1126709 0.1565975 
MK689686_Megalocytivirus_pagrus1_RSIV                    0.1129979 0.0314734 0.1129979 0.0314734 0.0051422 0.1194206 0.0000000 0.1152417 0.0154576 0.0000010 1.3729259 0.1152417 0.1194206 0.1254731 0.0103286 0.1196849 0.0103221 0.1254731 0.0051422 0.1376316 
PP974677_Megalocytivirus_pagrus1_ISKNV                   0.0053769 0.1215605 0.0053769 0.1215605 0.1084561 0.0107918 0.1152417 0.0000000 0.1212583 0.1152417 1.3037789 0.0000010 0.0107918 0.1261694 0.1149731 0.0108163 0.1149406 0.1261694 0.1084561 0.1526737 
OK042108_Megalocytivirus_pagrus1_RSIV                    0.1189309 0.0155296 0.1189309 0.0155296 0.0207057 0.1253840 0.0154576 0.1212583 0.0000000 0.0154576 1.3496212 0.1212583 0.1253840 0.1134661 0.0259942 0.1256596 0.0259794 0.1134661 0.0207057 0.1254748 
KT804738_Megalocytivirus_pagrus1_RSIV                    0.1129979 0.0314734 0.1129979 0.0314734 0.0051422 0.1194206 0.0000010 0.1152417 0.0154576 0.0000000 1.3729259 0.1152417 0.1194206 0.1254731 0.0103286 0.1196849 0.0103221 0.1254731 0.0051422 0.1376316 
PQ335173_PQ335174_Threespine_stickleback_iridovirus_TSIV 1.3090311 1.3374712 1.3090311 1.3374712 1.3764791 1.3361077 1.3729259 1.3037789 1.3496212 1.3729259 0.0000000 1.3037789 1.3361077 1.4101432 1.3928125 1.3363523 1.3911300 1.4101432 1.3764791 1.5309056 
OP009387_Megalocytivirus_pagrus1_ISKNV                   0.0053769 0.1215605 0.0053769 0.1215605 0.1084561 0.0107918 0.1152417 0.0000010 0.1212583 0.1152417 1.3037789 0.0000000 0.0107918 0.1261694 0.1149731 0.0108163 0.1149406 0.1261694 0.1084561 0.1526737 
OR670976_Megalocytivirus_pagrus1_ISKNV                   0.0053784 0.1256892 0.0053784 0.1256892 0.1126709 0.0000010 0.1194206 0.0107918 0.1253840 0.1194206 1.3361077 0.0107918 0.0000000 0.1302314 0.1191438 0.0108196 0.1191124 0.1302314 0.1126709 0.1565975 
MG570131_Megalocytivirus_pagrus1_TRBIV                   0.1237881 0.1076413 0.1237881 0.1076413 0.1189568 0.1302314 0.1254731 0.1261694 0.1134661 0.1254731 1.4101432 0.1261694 0.1302314 0.0000000 0.1251924 0.1305146 0.1251637 0.0000010 0.1189568 0.0651607 
OK042109_Megalocytivirus_pagrus1_RSIV                    0.1127388 0.0314148 0.1127388 0.0314148 0.0051331 0.1191438 0.0103286 0.1149731 0.0259942 0.0103286 1.3928125 0.1149731 0.1191438 0.1251924 0.0000000 0.1194068 0.0103036 0.1251924 0.0051331 0.1373182 
MT926123_Megalocytivirus_pagrus1_ISKNV                   0.0053906 0.1259657 0.0053906 0.1259657 0.1129206 0.0108196 0.1196849 0.0108163 0.1256596 0.1196849 1.3363523 0.0108163 0.0108196 0.1305146 0.1194068 0.0000000 0.1193754 0.1305146 0.1129206 0.1569324 
KC244182_Megalocytivirus_pagrus1_RSIV                    0.1127062 0.0313974 0.1127062 0.0313974 0.0051298 0.1191124 0.0103221 0.1149406 0.0259794 0.0103221 1.3911300 0.1149406 0.1191124 0.1251637 0.0103036 0.1193754 0.0000000 0.1251637 0.0051298 0.1330940 
MG570132_Megalocytivirus_pagrus1_TRBIV                   0.1237881 0.1076413 0.1237881 0.1076413 0.1189568 0.1302314 0.1254731 0.1261694 0.1134661 0.1254731 1.4101432 0.1261694 0.1302314 0.0000010 0.1251924 0.1305146 0.1251637 0.0000000 0.1189568 0.0651607 
MW883598_Megalocytivirus_pagrus1_RSIV                    0.1063230 0.0260658 0.1063230 0.0260658 0.0000010 0.1126709 0.0051422 0.1084561 0.0207057 0.0051422 1.3764791 0.1084561 0.1126709 0.1189568 0.0051331 0.1129206 0.0051298 0.1189568 0.0000000 0.1309914 
GQ273492_Megalocytivirus_pagrus1_TRBIV                   0.1499162 0.1195882 0.1499162 0.1195882 0.1309914 0.1565975 0.1376316 0.1526737 0.1254748 0.1376316 1.5309056 0.1526737 0.1565975 0.0651607 0.1373182 0.1569324 0.1330940 0.0651607 0.1309914 0.0000000 
