16
MW883603_Megalocytivirus_pagrus1_ISKNV 0.0000000 0.3954275 0.0134358 0.4460121 0.3697661 0.0000010 0.3697661 0.5326109 0.3954275 0.0752033 0.0000010 0.0752033 0.4229700 0.0122129 0.4229700 0.5326109 
ON740976_Megalocytivirus_pagrus1_RSIV  0.3954275 0.0000000 0.4173544 0.5105753 0.1107187 0.3954275 0.1107187 0.4618224 0.0000010 0.4133995 0.3978417 0.4133995 0.0119856 0.4145160 0.0119856 0.4618224 
OQ513807_Megalocytivirus_pagrus1_ISKNV 0.0134358 0.4173544 0.0000000 0.4862656 0.3909210 0.0134358 0.3909210 0.5771525 0.4173544 0.0815212 0.0000010 0.0815212 0.4466507 0.0269988 0.4466507 0.5771525 
GQ273492_Megalocytivirus_pagrus1_TRBIV 0.4460121 0.5105753 0.4862656 0.0000000 0.4733876 0.4460121 0.4733876 0.2008899 0.5105753 0.4910704 0.4492481 0.4910704 0.5141716 0.4693287 0.5141716 0.2008899 
MK098185_Megalocytivirus_pagrus1_RSIV  0.3697661 0.1107187 0.3909210 0.4733876 0.0000000 0.3697661 0.0000010 0.4399420 0.1107187 0.4187858 0.3720319 0.4187858 0.1269712 0.3886781 0.1269712 0.4399420 
MW883593_Megalocytivirus_pagrus1_ISKNV 0.0000010 0.3954275 0.0134358 0.4460121 0.3697661 0.0000000 0.3697661 0.5326109 0.3954275 0.0752033 0.0000010 0.0752033 0.4229700 0.0122129 0.4229700 0.5326109 
BD143114_Megalocytivirus_pagrus1_RSIV  0.3697661 0.1107187 0.3909210 0.4733876 0.0000010 0.3697661 0.0000000 0.4399420 0.1107187 0.4187858 0.3720319 0.4187858 0.1269712 0.3886781 0.1269712 0.4399420 
MG570132_Megalocytivirus_pagrus1_TRBIV 0.5326109 0.4618224 0.5771525 0.2008899 0.4399420 0.5326109 0.4399420 0.0000000 0.4618224 0.5323412 0.5366785 0.5323412 0.4650745 0.5581946 0.4650745 0.0000010 
MW883598_Megalocytivirus_pagrus1_RSIV  0.3954275 0.0000010 0.4173544 0.5105753 0.1107187 0.3954275 0.1107187 0.4618224 0.0000000 0.4133995 0.3978417 0.4133995 0.0119856 0.4145160 0.0119856 0.4618224 
MW883595_Megalocytivirus_pagrus1_ISKNV 0.0752033 0.4133995 0.0815212 0.4910704 0.4187858 0.0752033 0.4187858 0.5323412 0.4133995 0.0000000 0.0755878 0.0000010 0.4419839 0.0886590 0.4419839 0.5323412 
OR670976_Megalocytivirus_pagrus1_ISKNV 0.0000010 0.3978417 0.0000010 0.4492481 0.3720319 0.0000010 0.3720319 0.5366785 0.3978417 0.0755878 0.0000000 0.0755878 0.4256465 0.0122728 0.4256465 0.5366785 
PP974677_Megalocytivirus_pagrus1_ISKNV 0.0752033 0.4133995 0.0815212 0.4910704 0.4187858 0.0752033 0.4187858 0.5323412 0.4133995 0.0000010 0.0755878 0.0000000 0.4419839 0.0886590 0.4419839 0.5323412 
ON075463_Megalocytivirus_pagrus1_RSIV  0.4229700 0.0119856 0.4466507 0.5141716 0.1269712 0.4229700 0.1269712 0.4650745 0.0119856 0.4419839 0.4256465 0.4419839 0.0000000 0.4430392 0.0000010 0.4650745 
MW273353_Megalocytivirus_pagrus1_ISKNV 0.0122129 0.4145160 0.0269988 0.4693287 0.3886781 0.0122129 0.3886781 0.5581946 0.4145160 0.0886590 0.0122728 0.0886590 0.4430392 0.0000000 0.4430392 0.5581946 
MT798582_Megalocytivirus_pagrus1_RSIV  0.4229700 0.0119856 0.4466507 0.5141716 0.1269712 0.4229700 0.1269712 0.4650745 0.0119856 0.4419839 0.4256465 0.4419839 0.0000010 0.4430392 0.0000000 0.4650745 
MG570131_Megalocytivirus_pagrus1_TRBIV 0.5326109 0.4618224 0.5771525 0.2008899 0.4399420 0.5326109 0.4399420 0.0000010 0.4618224 0.5323412 0.5366785 0.5323412 0.4650745 0.5581946 0.4650745 0.0000000 
