28
KT781098_Megalocytivirus_pagrus1_ISKNV                   0.0000000 0.1680694 0.2227738 0.1482192 0.1680694 0.0000010 0.0021678 0.0021663 0.0021705 0.2227738 0.0729606 0.1482192 0.0021738 0.1597991 0.1520926 5.0382395 0.0021695 0.0065505 0.0043398 0.0021770 0.0065505 0.0021668 0.0021681 0.0021673 0.0021668 0.0043398 0.0021673 0.0021695 
OL774653_Megalocytivirus_pagrus1_RSIV                    0.1680694 0.0000000 0.1769326 0.0294263 0.0000010 0.1680694 0.1711442 0.1709528 0.1713461 0.1769326 0.0911186 0.0294263 0.1719335 0.0000010 0.0269666 5.1541917 0.1719570 0.1644632 0.1739563 0.1722316 0.1644632 0.1711119 0.1711305 0.1647892 0.1711119 0.1739563 0.1647892 0.1719570 
MG570131_Megalocytivirus_pagrus1_TRBIV                   0.2227738 0.1769326 0.0000000 0.1765209 0.1769326 0.2227738 0.2262282 0.2259161 0.2264314 0.0000010 0.2207270 0.1765209 0.2244705 0.1424668 0.1720946 5.1457354 0.2272813 0.2186484 0.2226543 0.2277586 0.2186484 0.2261955 0.2261501 0.2227738 0.2261955 0.2226543 0.2227738 0.2272813 
AY894343_Megalocytivirus_pagrus1_RSIV                    0.1482192 0.0294263 0.1765209 0.0000000 0.0294263 0.1482192 0.1511535 0.1509973 0.1513408 0.1765209 0.0602340 0.0000010 0.1518151 0.0280940 0.0021589 5.1685229 0.1513350 0.1448170 0.1538680 0.1520788 0.1448170 0.1511215 0.1511523 0.1450982 0.1511215 0.1538680 0.1450982 0.1513350 
OL774655_Megalocytivirus_pagrus1_RSIV                    0.1680694 0.0000010 0.1769326 0.0294263 0.0000000 0.1680694 0.1711442 0.1709528 0.1713461 0.1769326 0.0911186 0.0294263 0.1719335 0.0000010 0.0269666 5.1541917 0.1719570 0.1644632 0.1739563 0.1722316 0.1644632 0.1711119 0.1711305 0.1647892 0.1711119 0.1739563 0.1647892 0.1719570 
MW883606_Megalocytivirus_pagrus1_ISKNV                   0.0000010 0.1680694 0.2227738 0.1482192 0.1680694 0.0000000 0.0021678 0.0021663 0.0021705 0.2227738 0.0729606 0.1482192 0.0021738 0.1597991 0.1520926 5.0382395 0.0021695 0.0065505 0.0043398 0.0021770 0.0065505 0.0021668 0.0021681 0.0021673 0.0021668 0.0043398 0.0021673 0.0021695 
MW883601_Megalocytivirus_pagrus1_ISKNV                   0.0021678 0.1711442 0.2262282 0.1511535 0.1711442 0.0021678 0.0000000 0.0043419 0.0043504 0.2262282 0.0755241 0.1511535 0.0043571 0.1629236 0.1550588 5.0327946 0.0043484 0.0087528 0.0065237 0.0043636 0.0087528 0.0043431 0.0043457 0.0043441 0.0043431 0.0065237 0.0043441 0.0043484 
OR536350_Megalocytivirus_pagrus1_ISKNV                   0.0021663 0.1709528 0.2259161 0.1509973 0.1709528 0.0021663 0.0043419 0.0000000 0.0043473 0.2259161 0.0754614 0.1509973 0.0043539 0.1627409 0.1548959 5.0408187 0.0043453 0.0087464 0.0021648 0.0043605 0.0087464 0.0043399 0.0043426 0.0043410 0.0043399 0.0021648 0.0043410 0.0043453 
MT926123_Megalocytivirus_pagrus1_ISKNV                   0.0021705 0.1713461 0.2264314 0.1513408 0.1713461 0.0021705 0.0043504 0.0043473 0.0000000 0.2264314 0.0756265 0.1513408 0.0043625 0.1631272 0.1552497 5.0446824 0.0043538 0.0087637 0.0065318 0.0043690 0.0087637 0.0043484 0.0043511 0.0043495 0.0043484 0.0065318 0.0043495 0.0043538 
MG570132_Megalocytivirus_pagrus1_TRBIV                   0.2227738 0.1769326 0.0000010 0.1765209 0.1769326 0.2227738 0.2262282 0.2259161 0.2264314 0.0000000 0.2207270 0.1765209 0.2244705 0.1424668 0.1720946 5.1457354 0.2272813 0.2186484 0.2226543 0.2277586 0.2186484 0.2261955 0.2261501 0.2227738 0.2261955 0.2226543 0.2227738 0.2272813 
MT986830_Megalocytivirus_pagrus1_ISKNV                   0.0729606 0.0911186 0.2207270 0.0602340 0.0911186 0.0729606 0.0755241 0.0754614 0.0756265 0.2207270 0.0000000 0.0602340 0.0757968 0.0920360 0.0630799 5.1711386 0.0756032 0.0758685 0.0779934 0.0759260 0.0758685 0.0754991 0.0755357 0.0755210 0.0754991 0.0779934 0.0755210 0.0756032 
ON075463_Megalocytivirus_pagrus1_RSIV                    0.1482192 0.0294263 0.1765209 0.0000010 0.0294263 0.1482192 0.1511535 0.1509973 0.1513408 0.1765209 0.0602340 0.0000000 0.1518151 0.0280940 0.0021589 5.1685229 0.1513350 0.1448170 0.1538680 0.1520788 0.1448170 0.1511215 0.1511523 0.1450982 0.1511215 0.1538680 0.1450982 0.1513350 
MW883600_Megalocytivirus_pagrus1_ISKNV                   0.0021738 0.1719335 0.2244705 0.1518151 0.1719335 0.0021738 0.0043571 0.0043539 0.0043625 0.2244705 0.0757968 0.1518151 0.0000000 0.1636860 0.1557459 4.9992283 0.0043605 0.0087775 0.0065419 0.0043758 0.0087775 0.0043551 0.0043578 0.0043561 0.0043551 0.0065419 0.0043561 0.0043605 
OQ475017_Megalocytivirus_pagrus1_RSIV                    0.1597991 0.0000010 0.1424668 0.0280940 0.0000010 0.1597991 0.1629236 0.1627409 0.1631272 0.1424668 0.0920360 0.0280940 0.1636860 0.0000000 0.0255602 5.1505528 0.1637213 0.1561523 0.1657953 0.1597991 0.1561523 0.1628902 0.1629153 0.1564703 0.1628902 0.1657953 0.1564703 0.1637213 
ON743042_Megalocytivirus_pagrus1_RSIV                    0.1520926 0.0269666 0.1720946 0.0021589 0.0269666 0.1520926 0.1550588 0.1548959 0.1552497 0.1720946 0.0630799 0.0021589 0.1557459 0.0255602 0.0000000 5.1153251 0.1552464 0.1486452 0.1577969 0.1560170 0.1486452 0.1550267 0.1550556 0.1489356 0.1550267 0.1577969 0.1489356 0.1552464 
PQ335173_PQ335174_Threespine_stickleback_iridovirus_TSIV 5.0382395 5.1541917 5.1457354 5.1685229 5.1541917 5.0382395 5.0327946 5.0408187 5.0446824 5.1457354 5.1711386 5.1685229 4.9992283 5.1505528 5.1153251 0.0000000 5.0861788 4.9703716 5.0804852 5.0382395 4.9703716 5.0340291 5.0382441 5.0382395 5.0340291 5.0804852 5.0382395 5.0861788 
OR670976_Megalocytivirus_pagrus1_ISKNV                   0.0021695 0.1719570 0.2272813 0.1513350 0.1719570 0.0021695 0.0043484 0.0043453 0.0043538 0.2272813 0.0756032 0.1513350 0.0043605 0.1637213 0.1552464 5.0861788 0.0000000 0.0087598 0.0065288 0.0043670 0.0087598 0.0043464 0.0043491 0.0043475 0.0043464 0.0065288 0.0043475 0.0000010 
MW883595_Megalocytivirus_pagrus1_ISKNV                   0.0065505 0.1644632 0.2186484 0.1448170 0.1644632 0.0065505 0.0087528 0.0087464 0.0087637 0.2186484 0.0758685 0.1448170 0.0087775 0.1561523 0.1486452 4.9703716 0.0087598 0.0000000 0.0109511 0.0087908 0.0000010 0.0087489 0.0087542 0.0087510 0.0087489 0.0109511 0.0087510 0.0087598 
23043610005_Megalocytivirus_pagrus1_ISKNV                0.0043398 0.1739563 0.2226543 0.1538680 0.1739563 0.0043398 0.0065237 0.0021648 0.0065318 0.2226543 0.0779934 0.1538680 0.0065419 0.1657953 0.1577969 5.0804852 0.0065288 0.0109511 0.0000000 0.0065518 0.0109511 0.0065208 0.0065248 0.0065224 0.0065208 0.0000010 0.0065224 0.0065288 
MW273353_Megalocytivirus_pagrus1_ISKNV                   0.0021770 0.1722316 0.2277586 0.1520788 0.1722316 0.0021770 0.0043636 0.0043605 0.0043690 0.2277586 0.0759260 0.1520788 0.0043758 0.1597991 0.1560170 5.0382395 0.0043670 0.0087908 0.0065518 0.0000000 0.0087908 0.0043616 0.0043643 0.0043627 0.0043616 0.0065518 0.0043627 0.0043670 
MN432490_Megalocytivirus_pagrus1_ISKNV                   0.0065505 0.1644632 0.2186484 0.1448170 0.1644632 0.0065505 0.0087528 0.0087464 0.0087637 0.2186484 0.0758685 0.1448170 0.0087775 0.1561523 0.1486452 4.9703716 0.0087598 0.0000010 0.0109511 0.0087908 0.0000000 0.0087489 0.0087542 0.0087510 0.0087489 0.0109511 0.0087510 0.0087598 
MT128666_Megalocytivirus_pagrus1_ISKNV                   0.0021668 0.1711119 0.2261955 0.1511215 0.1711119 0.0021668 0.0043431 0.0043399 0.0043484 0.2261955 0.0754991 0.1511215 0.0043551 0.1628902 0.1550267 5.0340291 0.0043464 0.0087489 0.0065208 0.0043616 0.0087489 0.0000000 0.0043438 0.0043421 0.0000010 0.0065208 0.0043421 0.0043464 
MW273354_Megalocytivirus_pagrus1_ISKNV                   0.0021681 0.1711305 0.2261501 0.1511523 0.1711305 0.0021681 0.0043457 0.0043426 0.0043511 0.2261501 0.0755357 0.1511523 0.0043578 0.1629153 0.1550556 5.0382441 0.0043491 0.0087542 0.0065248 0.0043643 0.0087542 0.0043438 0.0000000 0.0043448 0.0043438 0.0065248 0.0043448 0.0043491 
MW883594_Megalocytivirus_pagrus1_ISKNV                   0.0021673 0.1647892 0.2227738 0.1450982 0.1647892 0.0021673 0.0043441 0.0043410 0.0043495 0.2227738 0.0755210 0.1450982 0.0043561 0.1564703 0.1489356 5.0382395 0.0043475 0.0087510 0.0065224 0.0043627 0.0087510 0.0043421 0.0043448 0.0000000 0.0043421 0.0065224 0.0000010 0.0043475 
MT128667_Megalocytivirus_pagrus1_ISKNV                   0.0021668 0.1711119 0.2261955 0.1511215 0.1711119 0.0021668 0.0043431 0.0043399 0.0043484 0.2261955 0.0754991 0.1511215 0.0043551 0.1628902 0.1550267 5.0340291 0.0043464 0.0087489 0.0065208 0.0043616 0.0087489 0.0000010 0.0043438 0.0043421 0.0000000 0.0065208 0.0043421 0.0043464 
23043610003_Megalocytivirus_pagrus1_ISKNV                0.0043398 0.1739563 0.2226543 0.1538680 0.1739563 0.0043398 0.0065237 0.0021648 0.0065318 0.2226543 0.0779934 0.1538680 0.0065419 0.1657953 0.1577969 5.0804852 0.0065288 0.0109511 0.0000010 0.0065518 0.0109511 0.0065208 0.0065248 0.0065224 0.0065208 0.0000000 0.0065224 0.0065288 
MW883599_Megalocytivirus_pagrus1_ISKNV                   0.0021673 0.1647892 0.2227738 0.1450982 0.1647892 0.0021673 0.0043441 0.0043410 0.0043495 0.2227738 0.0755210 0.1450982 0.0043561 0.1564703 0.1489356 5.0382395 0.0043475 0.0087510 0.0065224 0.0043627 0.0087510 0.0043421 0.0043448 0.0000010 0.0043421 0.0065224 0.0000000 0.0043475 
OQ513807_Megalocytivirus_pagrus1_ISKNV                   0.0021695 0.1719570 0.2272813 0.1513350 0.1719570 0.0021695 0.0043484 0.0043453 0.0043538 0.2272813 0.0756032 0.1513350 0.0043605 0.1637213 0.1552464 5.0861788 0.0000010 0.0087598 0.0065288 0.0043670 0.0087598 0.0043464 0.0043491 0.0043475 0.0043464 0.0065288 0.0043475 0.0000000 
