13
ON743042_Megalocytivirus_pagrus1_RSIV                    0.0000000 0.0121622 0.0264838 0.0000010 0.0719385 0.0121622 2.5384378 0.0264838 1.1710974 0.0680183 2.5384378 0.0274154 0.0719385 
BD143114_Megalocytivirus_pagrus1_RSIV                    0.0121622 0.0000000 0.0126983 0.0121622 0.0555447 0.0000010 2.6138216 0.0126983 1.1665763 0.0521072 2.6138216 0.0280195 0.0555447 
MT128667_Megalocytivirus_pagrus1_ISKNV                   0.0264838 0.0126983 0.0000000 0.0264838 0.0524829 0.0126983 2.6013155 0.0000010 1.1631300 0.0493053 2.6013155 0.0127749 0.0524829 
ON740976_Megalocytivirus_pagrus1_RSIV                    0.0000010 0.0121622 0.0264838 0.0000000 0.0719385 0.0121622 2.5384378 0.0264838 1.1710974 0.0680183 2.5384378 0.0274154 0.0719385 
MG570132_Megalocytivirus_pagrus1_TRBIV                   0.0719385 0.0555447 0.0524829 0.0719385 0.0000000 0.0555447 2.6129551 0.0524829 1.1634916 0.0248584 2.6129551 0.0713503 0.0000010 
MK098186_Megalocytivirus_pagrus1_RSIV                    0.0121622 0.0000010 0.0126983 0.0121622 0.0555447 0.0000000 2.6138216 0.0126983 1.1665763 0.0521072 2.6138216 0.0280195 0.0555447 
MN562489_Megalocytivirus_lates1_SDDV                     2.5384378 2.6138216 2.6013155 2.5384378 2.6129551 2.6138216 0.0000000 2.6013155 3.7896524 2.6834801 0.0000010 2.6127165 2.6129551 
23043610005_Megalocytivirus_pagrus1_ISKNV                0.0264838 0.0126983 0.0000010 0.0264838 0.0524829 0.0126983 2.6013155 0.0000000 1.1631300 0.0493053 2.6013155 0.0127749 0.0524829 
PQ335173_PQ335174_Threespine_stickleback_iridovirus_TSIV 1.1710974 1.1665763 1.1631300 1.1710974 1.1634916 1.1665763 3.7896524 1.1631300 0.0000000 1.0593711 3.7896524 1.1664304 1.1634916 
GQ273492_Megalocytivirus_pagrus1_TRBIV                   0.0680183 0.0521072 0.0493053 0.0680183 0.0248584 0.0521072 2.6834801 0.0493053 1.0593711 0.0000000 2.6834801 0.0674782 0.0248584 
MT521409_Megalocytivirus_lates1_SDDV                     2.5384378 2.6138216 2.6013155 2.5384378 2.6129551 2.6138216 0.0000010 2.6013155 3.7896524 2.6834801 0.0000000 2.6127165 2.6129551 
MT926123_Megalocytivirus_pagrus1_ISKNV                   0.0274154 0.0280195 0.0127749 0.0274154 0.0713503 0.0280195 2.6127165 0.0127749 1.1664304 0.0674782 2.6127165 0.0000000 0.0713503 
MG570131_Megalocytivirus_pagrus1_TRBIV                   0.0719385 0.0555447 0.0524829 0.0719385 0.0000010 0.0555447 2.6129551 0.0524829 1.1634916 0.0248584 2.6129551 0.0713503 0.0000000 
