16
AF371960_Megalocytivirus_pagrus1_ISKNV                   0.0000000 0.1210075 0.0049584 0.0000010 0.1273875 0.1273875 0.1210075 3.4376461 0.1782150 0.1621606 0.0049597 0.1214932 0.1782150 0.0200467 0.0049597 0.0200467 
MT798582_Megalocytivirus_pagrus1_RSIV                    0.1210075 0.0000000 0.1269548 0.1210075 0.0350251 0.0350251 0.0000010 3.3915538 0.1050752 0.0918329 0.1269533 0.0000010 0.1050752 0.1203793 0.1269533 0.1203793 
MW273354_Megalocytivirus_pagrus1_ISKNV                   0.0049584 0.1269548 0.0000000 0.0049584 0.1333747 0.1333747 0.1269548 3.4763663 0.1847205 0.1684910 0.0099442 0.1274666 0.1847205 0.0251216 0.0099442 0.0251216 
MW883606_Megalocytivirus_pagrus1_ISKNV                   0.0000010 0.1210075 0.0049584 0.0000000 0.1273875 0.1273875 0.1210075 3.4376461 0.1782150 0.1621606 0.0049597 0.1214932 0.1782150 0.0200467 0.0049597 0.0200467 
MK098187_Megalocytivirus_pagrus1_RSIV                    0.1273875 0.0350251 0.1333747 0.1273875 0.0000000 0.0000010 0.0350251 3.4677675 0.0986705 0.0928872 0.1333711 0.0351452 0.0986705 0.1267236 0.1333711 0.1267236 
MK098186_Megalocytivirus_pagrus1_RSIV                    0.1273875 0.0350251 0.1333747 0.1273875 0.0000010 0.0000000 0.0350251 3.4677675 0.0986705 0.0928872 0.1333711 0.0351452 0.0986705 0.1267236 0.1333711 0.1267236 
OK042109_Megalocytivirus_pagrus1_RSIV                    0.1210075 0.0000010 0.1269548 0.1210075 0.0350251 0.0350251 0.0000000 3.3915538 0.1050752 0.0918329 0.1269533 0.0000010 0.1050752 0.1203793 0.1269533 0.1203793 
PQ335173_PQ335174_Threespine_stickleback_iridovirus_TSIV 3.4376461 3.3915538 3.4763663 3.4376461 3.4677675 3.4677675 3.3915538 0.0000000 3.5120468 3.2229408 3.4391835 3.3915538 3.5120468 3.4439304 3.4391835 3.4439304 
MG570131_Megalocytivirus_pagrus1_TRBIV                   0.1782150 0.1050752 0.1847205 0.1782150 0.0986705 0.0986705 0.1050752 3.5120468 0.0000000 0.0709056 0.1846919 0.1054886 0.0000010 0.1719571 0.1846919 0.1719571 
GQ273492_Megalocytivirus_pagrus1_TRBIV                   0.1621606 0.0918329 0.1684910 0.1621606 0.0928872 0.0928872 0.0918329 3.2229408 0.0709056 0.0000000 0.1684719 0.0864334 0.0709056 0.1560697 0.1684719 0.1560697 
MW883594_Megalocytivirus_pagrus1_ISKNV                   0.0049597 0.1269533 0.0099442 0.0049597 0.1333711 0.1333711 0.1269533 3.4391835 0.1846919 0.1684719 0.0000000 0.1274649 0.1846919 0.0251268 0.0000010 0.0251268 
AP017456_Megalocytivirus_pagrus1_RSIV                    0.1214932 0.0000010 0.1274666 0.1214932 0.0351452 0.0351452 0.0000010 3.3915538 0.1054886 0.0864334 0.1274649 0.0000000 0.1054886 0.1208598 0.1274649 0.1208598 
MG570132_Megalocytivirus_pagrus1_TRBIV                   0.1782150 0.1050752 0.1847205 0.1782150 0.0986705 0.0986705 0.1050752 3.5120468 0.0000010 0.0709056 0.1846919 0.1054886 0.0000000 0.1719571 0.1846919 0.1719571 
MN432490_Megalocytivirus_pagrus1_ISKNV                   0.0200467 0.1203793 0.0251216 0.0200467 0.1267236 0.1267236 0.1203793 3.4439304 0.1719571 0.1560697 0.0251268 0.1208598 0.1719571 0.0000000 0.0251268 0.0000010 
MW883599_Megalocytivirus_pagrus1_ISKNV                   0.0049597 0.1269533 0.0099442 0.0049597 0.1333711 0.1333711 0.1269533 3.4391835 0.1846919 0.1684719 0.0000010 0.1274649 0.1846919 0.0251268 0.0000000 0.0251268 
MW883595_Megalocytivirus_pagrus1_ISKNV                   0.0200467 0.1203793 0.0251216 0.0200467 0.1267236 0.1267236 0.1203793 3.4439304 0.1719571 0.1560697 0.0251268 0.1208598 0.1719571 0.0000010 0.0251268 0.0000000 
