23
MW883598_Megalocytivirus_pagrus1_RSIV                    0.0000000 0.0486897 0.0486897 0.0000010 0.0126951 1.2689046 0.0511972 0.0510636 0.0511972 0.4311432 0.0126951 0.0304922 0.0499194 0.0498493 1.2689046 0.0510636 0.0499050 0.0045839 0.0483539 0.0459036 0.0011438 0.0483539 0.0498493 
MW883602_Megalocytivirus_pagrus1_ISKNV                   0.0486897 0.0000000 0.0000010 0.0486897 0.0500009 1.3054203 0.0023069 0.0057736 0.0023069 0.4252287 0.0500009 0.0174309 0.0011514 0.0046164 1.3054203 0.0057736 0.0011511 0.0462511 0.0461462 0.0449104 0.0499611 0.0461462 0.0046164 
MK689685_Megalocytivirus_pagrus1_ISKNV                   0.0486897 0.0000010 0.0000000 0.0486897 0.0500009 1.3054203 0.0023069 0.0057736 0.0023069 0.4252287 0.0500009 0.0174309 0.0011514 0.0046164 1.3054203 0.0057736 0.0011511 0.0462511 0.0461462 0.0449104 0.0499611 0.0461462 0.0046164 
OK042108_Megalocytivirus_pagrus1_RSIV                    0.0000010 0.0486897 0.0486897 0.0000000 0.0126951 1.2689046 0.0511972 0.0510636 0.0511972 0.4311432 0.0126951 0.0304922 0.0499194 0.0498493 1.2689046 0.0510636 0.0499050 0.0045839 0.0483539 0.0459036 0.0011438 0.0483539 0.0498493 
MK098186_Megalocytivirus_pagrus1_RSIV                    0.0126951 0.0500009 0.0500009 0.0126951 0.0000000 1.2874366 0.0499822 0.0523807 0.0499822 0.4356933 0.0000010 0.0365611 0.0512348 0.0511626 1.2874366 0.0523807 0.0512200 0.0080576 0.0496555 0.0471966 0.0138719 0.0496555 0.0511626 
MN562489_Megalocytivirus_lates1_SDDV                     1.2689046 1.3054203 1.3054203 1.2689046 1.2874366 0.0000000 1.3012651 1.3112379 1.3012651 1.3954790 1.2874366 1.2898727 1.3062676 1.3082108 0.0000010 1.3112379 1.3026546 1.2772193 1.3164484 1.3135104 1.2688600 1.3164484 1.3082108 
OR670976_Megalocytivirus_pagrus1_ISKNV                   0.0511972 0.0023069 0.0023069 0.0511972 0.0499822 1.3012651 0.0000000 0.0081039 0.0000010 0.4251303 0.0499822 0.0198061 0.0034632 0.0069425 1.3012651 0.0081039 0.0034623 0.0487491 0.0486383 0.0473968 0.0524762 0.0486383 0.0069425 
OP009387_Megalocytivirus_pagrus1_ISKNV                   0.0510636 0.0057736 0.0057736 0.0510636 0.0523807 1.3112379 0.0081039 0.0000000 0.0081039 0.4285309 0.0523807 0.0233267 0.0069341 0.0011502 1.3112379 0.0000010 0.0069321 0.0486220 0.0460561 0.0448228 0.0523390 0.0460561 0.0011502 
OQ513807_Megalocytivirus_pagrus1_ISKNV                   0.0511972 0.0023069 0.0023069 0.0511972 0.0499822 1.3012651 0.0000010 0.0081039 0.0000000 0.4251303 0.0499822 0.0198061 0.0034632 0.0069425 1.3012651 0.0081039 0.0034623 0.0487491 0.0486383 0.0473968 0.0524762 0.0486383 0.0069425 
PQ335173_PQ335174_Threespine_stickleback_iridovirus_TSIV 0.4311432 0.4252287 0.4252287 0.4311432 0.4356933 1.3954790 0.4251303 0.4285309 0.4251303 0.0000000 0.4356933 0.4308897 0.4274152 0.4269288 1.3954790 0.4285309 0.4247313 0.4298803 0.4319340 0.4289117 0.4337243 0.4319340 0.4269288 
MK098185_Megalocytivirus_pagrus1_RSIV                    0.0126951 0.0500009 0.0500009 0.0126951 0.0000010 1.2874366 0.0499822 0.0523807 0.0499822 0.4356933 0.0000000 0.0365611 0.0512348 0.0511626 1.2874366 0.0523807 0.0512200 0.0080576 0.0496555 0.0471966 0.0138719 0.0496555 0.0511626 
KT781098_Megalocytivirus_pagrus1_ISKNV                   0.0304922 0.0174309 0.0174309 0.0304922 0.0365611 1.2898727 0.0198061 0.0233267 0.0198061 0.4308897 0.0365611 0.0000000 0.0186085 0.0221484 1.2898727 0.0233267 0.0186032 0.0328969 0.0448343 0.0436035 0.0317175 0.0448343 0.0221484 
MW883603_Megalocytivirus_pagrus1_ISKNV                   0.0499194 0.0011514 0.0011514 0.0499194 0.0512348 1.3062676 0.0034632 0.0069341 0.0034632 0.4274152 0.0512348 0.0186085 0.0000000 0.0057753 1.3062676 0.0069341 0.0023041 0.0474771 0.0473694 0.0461312 0.0511940 0.0473694 0.0057753 
MW883595_Megalocytivirus_pagrus1_ISKNV                   0.0498493 0.0046164 0.0046164 0.0498493 0.0511626 1.3082108 0.0069425 0.0011502 0.0069425 0.4269288 0.0511626 0.0221484 0.0057753 0.0000000 1.3082108 0.0011502 0.0057737 0.0474106 0.0448510 0.0436196 0.0511219 0.0448510 0.0000010 
MT521409_Megalocytivirus_lates1_SDDV                     1.2689046 1.3054203 1.3054203 1.2689046 1.2874366 0.0000010 1.3012651 1.3112379 1.3012651 1.3954790 1.2874366 1.2898727 1.3062676 1.3082108 0.0000000 1.3112379 1.3026546 1.2772193 1.3164484 1.3135104 1.2688600 1.3164484 1.3082108 
PP974677_Megalocytivirus_pagrus1_ISKNV                   0.0510636 0.0057736 0.0057736 0.0510636 0.0523807 1.3112379 0.0081039 0.0000010 0.0081039 0.4285309 0.0523807 0.0233267 0.0069341 0.0011502 1.3112379 0.0000000 0.0069321 0.0486220 0.0460561 0.0448228 0.0523390 0.0460561 0.0011502 
MT926123_Megalocytivirus_pagrus1_ISKNV                   0.0499050 0.0011511 0.0011511 0.0499050 0.0512200 1.3026546 0.0034623 0.0069321 0.0034623 0.4247313 0.0512200 0.0186032 0.0023041 0.0057737 1.3026546 0.0069321 0.0000000 0.0474634 0.0473557 0.0461180 0.0511792 0.0473557 0.0057737 
OQ475017_Megalocytivirus_pagrus1_RSIV                    0.0045839 0.0462511 0.0462511 0.0045839 0.0080576 1.2772193 0.0487491 0.0486220 0.0487491 0.4298803 0.0080576 0.0328969 0.0474771 0.0474106 1.2772193 0.0486220 0.0474634 0.0000000 0.0459323 0.0434898 0.0057392 0.0459323 0.0474106 
MG570131_Megalocytivirus_pagrus1_TRBIV                   0.0483539 0.0461462 0.0461462 0.0483539 0.0496555 1.3164484 0.0486383 0.0460561 0.0486383 0.4319340 0.0496555 0.0448343 0.0473694 0.0448510 1.3164484 0.0460561 0.0473557 0.0459323 0.0000000 0.0208845 0.0496162 0.0000010 0.0448510 
GQ273492_Megalocytivirus_pagrus1_TRBIV                   0.0459036 0.0449104 0.0449104 0.0459036 0.0471966 1.3135104 0.0473968 0.0448228 0.0473968 0.4289117 0.0471966 0.0436035 0.0461312 0.0436196 1.3135104 0.0448228 0.0461180 0.0434898 0.0208845 0.0000000 0.0471593 0.0208845 0.0436196 
AY894343_Megalocytivirus_pagrus1_RSIV                    0.0011438 0.0499611 0.0499611 0.0011438 0.0138719 1.2688600 0.0524762 0.0523390 0.0524762 0.4337243 0.0138719 0.0317175 0.0511940 0.0511219 1.2688600 0.0523390 0.0511792 0.0057392 0.0496162 0.0471593 0.0000000 0.0496162 0.0511219 
MG570132_Megalocytivirus_pagrus1_TRBIV                   0.0483539 0.0461462 0.0461462 0.0483539 0.0496555 1.3164484 0.0486383 0.0460561 0.0486383 0.4319340 0.0496555 0.0448343 0.0473694 0.0448510 1.3164484 0.0460561 0.0473557 0.0459323 0.0000010 0.0208845 0.0496162 0.0000000 0.0448510 
MN432490_Megalocytivirus_pagrus1_ISKNV                   0.0498493 0.0046164 0.0046164 0.0498493 0.0511626 1.3082108 0.0069425 0.0011502 0.0069425 0.4269288 0.0511626 0.0221484 0.0057753 0.0000010 1.3082108 0.0011502 0.0057737 0.0474106 0.0448510 0.0436196 0.0511219 0.0448510 0.0000000 
