12
ON743042_Megalocytivirus_pagrus1_RSIV                    0.0000000 0.0170487 0.0304060 0.0000010 0.0304060 0.0040592 1.8158030 0.0040592 0.3433374 1.8158030 0.0166522 0.0166522 
GQ273492_Megalocytivirus_pagrus1_TRBIV                   0.0170487 0.0000000 0.0270739 0.0170487 0.0270739 0.0215754 1.8616143 0.0215754 0.3294044 1.8616143 0.0129746 0.0129746 
MT128666_Megalocytivirus_pagrus1_ISKNV                   0.0304060 0.0270739 0.0000000 0.0304060 0.0000010 0.0257483 1.8237531 0.0257483 0.3439042 1.8237531 0.0316855 0.0316855 
ON740976_Megalocytivirus_pagrus1_RSIV                    0.0000010 0.0170487 0.0304060 0.0000000 0.0304060 0.0040592 1.8158030 0.0040592 0.3433374 1.8158030 0.0166522 0.0166522 
MW883600_Megalocytivirus_pagrus1_ISKNV                   0.0304060 0.0270739 0.0000010 0.0304060 0.0000000 0.0257483 1.8237531 0.0257483 0.3439042 1.8237531 0.0316855 0.0316855 
MK098185_Megalocytivirus_pagrus1_RSIV                    0.0040592 0.0215754 0.0257483 0.0040592 0.0257483 0.0000000 1.7882848 0.0000010 0.3437420 1.7882848 0.0210789 0.0210789 
MN562489_Megalocytivirus_lates1_SDDV                     1.8158030 1.8616143 1.8237531 1.8158030 1.8237531 1.7882848 0.0000000 1.7882848 1.8045167 0.0000010 1.8514855 1.8514855 
OL774655_Megalocytivirus_pagrus1_RSIV                    0.0040592 0.0215754 0.0257483 0.0040592 0.0257483 0.0000010 1.7882848 0.0000000 0.3437420 1.7882848 0.0210789 0.0210789 
PQ335173_PQ335174_Threespine_stickleback_iridovirus_TSIV 0.3433374 0.3294044 0.3439042 0.3433374 0.3439042 0.3437420 1.8045167 0.3437420 0.0000000 1.8045167 0.3263967 0.3263967 
MT521409_Megalocytivirus_lates1_SDDV                     1.8158030 1.8616143 1.8237531 1.8158030 1.8237531 1.7882848 0.0000010 1.7882848 1.8045167 0.0000000 1.8514855 1.8514855 
MG570132_Megalocytivirus_pagrus1_TRBIV                   0.0166522 0.0129746 0.0316855 0.0166522 0.0316855 0.0210789 1.8514855 0.0210789 0.3263967 1.8514855 0.0000000 0.0000010 
MG570131_Megalocytivirus_pagrus1_TRBIV                   0.0166522 0.0129746 0.0316855 0.0166522 0.0316855 0.0210789 1.8514855 0.0210789 0.3263967 1.8514855 0.0000010 0.0000000 
