14
MK689686_Megalocytivirus_pagrus1_RSIV                    0.0000000 0.0446826 0.0446826 0.0000010 0.0298703 1.5157318 0.0144345 0.0144345 0.0558274 0.0558274 0.8038678 0.0298703 1.5157318 0.0616465 
MK689685_Megalocytivirus_pagrus1_ISKNV                   0.0446826 0.0000000 0.0000010 0.0446826 0.0298841 1.5689036 0.0380851 0.0380851 0.0799779 0.0799779 0.8158574 0.0298841 1.5689036 0.0854890 
MW883600_Megalocytivirus_pagrus1_ISKNV                   0.0446826 0.0000010 0.0000000 0.0446826 0.0298841 1.5689036 0.0380851 0.0380851 0.0799779 0.0799779 0.8158574 0.0298841 1.5689036 0.0854890 
MT798582_Megalocytivirus_pagrus1_RSIV                    0.0000010 0.0446826 0.0446826 0.0000000 0.0298703 1.5157318 0.0144345 0.0144345 0.0558274 0.0558274 0.8038678 0.0298703 1.5157318 0.0616465 
MW883595_Megalocytivirus_pagrus1_ISKNV                   0.0298703 0.0298841 0.0298841 0.0298703 0.0000000 1.5662380 0.0383149 0.0383149 0.0564024 0.0564024 0.8385045 0.0000010 1.5662380 0.0622701 
MN562489_Megalocytivirus_lates1_SDDV                     1.5157318 1.5689036 1.5689036 1.5157318 1.5662380 0.0000000 1.5091028 1.5091028 1.4383973 1.4383973 1.3517104 1.5662380 0.0000010 1.5027863 
OL774654_Megalocytivirus_pagrus1_RSIV                    0.0144345 0.0380851 0.0380851 0.0144345 0.0383149 1.5091028 0.0000000 0.0000010 0.0637635 0.0637635 0.7939083 0.0383149 1.5091028 0.0694554 
OK042108_Megalocytivirus_pagrus1_RSIV                    0.0144345 0.0380851 0.0380851 0.0144345 0.0383149 1.5091028 0.0000010 0.0000000 0.0637635 0.0637635 0.7939083 0.0383149 1.5091028 0.0694554 
MG570132_Megalocytivirus_pagrus1_TRBIV                   0.0558274 0.0799779 0.0799779 0.0558274 0.0564024 1.4383973 0.0637635 0.0637635 0.0000000 0.0000010 0.7496956 0.0564024 1.4383973 0.0302337 
MG570131_Megalocytivirus_pagrus1_TRBIV                   0.0558274 0.0799779 0.0799779 0.0558274 0.0564024 1.4383973 0.0637635 0.0637635 0.0000010 0.0000000 0.7496956 0.0564024 1.4383973 0.0302337 
PQ335173_PQ335174_Threespine_stickleback_iridovirus_TSIV 0.8038678 0.8158574 0.8158574 0.8038678 0.8385045 1.3517104 0.7939083 0.7939083 0.7496956 0.7496956 0.0000000 0.8385045 1.3517104 0.7653496 
OP009387_Megalocytivirus_pagrus1_ISKNV                   0.0298703 0.0298841 0.0298841 0.0298703 0.0000010 1.5662380 0.0383149 0.0383149 0.0564024 0.0564024 0.8385045 0.0000000 1.5662380 0.0622701 
MT521409_Megalocytivirus_lates1_SDDV                     1.5157318 1.5689036 1.5689036 1.5157318 1.5662380 0.0000010 1.5091028 1.5091028 1.4383973 1.4383973 1.3517104 1.5662380 0.0000000 1.5027863 
GQ273492_Megalocytivirus_pagrus1_TRBIV                   0.0616465 0.0854890 0.0854890 0.0616465 0.0622701 1.5027863 0.0694554 0.0694554 0.0302337 0.0302337 0.7653496 0.0622701 1.5027863 0.0000000 
