23
MW883594_Megalocytivirus_pagrus1_ISKNV                   0.0000000 0.0261263 0.0237976 0.0000010 0.0237976 1.2043030 0.0272875 0.0033402 0.0261263 0.0011099 0.0011098 0.3531627 0.0011098 0.0033402 1.2043030 0.0251128 0.0011100 0.0249664 0.0011099 0.0262667 0.0011099 0.0262667 0.0272875 
MK098185_Megalocytivirus_pagrus1_RSIV                    0.0261263 0.0000000 0.0077985 0.0261263 0.0077985 1.1947620 0.0011090 0.0226185 0.0000010 0.0249728 0.0272773 0.3455136 0.0272773 0.0226185 1.1947620 0.0214436 0.0272818 0.0089248 0.0272783 0.0225833 0.0249728 0.0225833 0.0011090 
MK689686_Megalocytivirus_pagrus1_RSIV                    0.0237976 0.0077985 0.0000000 0.0237976 0.0000010 1.2049847 0.0089208 0.0203080 0.0077985 0.0226484 0.0249446 0.3481693 0.0249446 0.0203080 1.2049847 0.0203256 0.0249487 0.0011094 0.0249455 0.0214654 0.0226484 0.0214654 0.0089208 
MW883596_Megalocytivirus_pagrus1_ISKNV                   0.0000010 0.0261263 0.0237976 0.0000000 0.0237976 1.2043030 0.0272875 0.0033402 0.0261263 0.0011099 0.0011098 0.3531627 0.0011098 0.0033402 1.2043030 0.0251128 0.0011100 0.0249664 0.0011099 0.0262667 0.0011099 0.0262667 0.0272875 
ON743042_Megalocytivirus_pagrus1_RSIV                    0.0237976 0.0077985 0.0000010 0.0237976 0.0000000 1.2049847 0.0089208 0.0203080 0.0077985 0.0226484 0.0249446 0.3481693 0.0249446 0.0203080 1.2049847 0.0203256 0.0249487 0.0011094 0.0249455 0.0214654 0.0226484 0.0214654 0.0089208 
MN562489_Megalocytivirus_lates1_SDDV                     1.2043030 1.1947620 1.2049847 1.2043030 1.2049847 0.0000000 1.1999873 1.2045883 1.1947620 1.2059788 1.2077350 1.1557730 1.2077350 1.2045883 0.0000010 1.2140559 1.2053572 1.2116481 1.2015165 1.2100623 1.2059788 1.2100623 1.1999873 
OL774654_Megalocytivirus_pagrus1_RSIV                    0.0272875 0.0011090 0.0089208 0.0272875 0.0089208 1.1999873 0.0000000 0.0237714 0.0011090 0.0261322 0.0284402 0.3475714 0.0284402 0.0237714 1.1999873 0.0225931 0.0284449 0.0100502 0.0284413 0.0237344 0.0261322 0.0237344 0.0000010 
MW883595_Megalocytivirus_pagrus1_ISKNV                   0.0033402 0.0226185 0.0203080 0.0033402 0.0203080 1.2045883 0.0237714 0.0000000 0.0226185 0.0022249 0.0044561 0.3498254 0.0044561 0.0000010 1.2045883 0.0215925 0.0044569 0.0214668 0.0044562 0.0227400 0.0022249 0.0227400 0.0237714 
AB104413_Megalocytivirus_pagrus1_RSIV                    0.0261263 0.0000010 0.0077985 0.0261263 0.0077985 1.1947620 0.0011090 0.0226185 0.0000000 0.0249728 0.0272773 0.3455136 0.0272773 0.0226185 1.1947620 0.0214436 0.0272818 0.0089248 0.0272783 0.0225833 0.0249728 0.0225833 0.0011090 
PP974677_Megalocytivirus_pagrus1_ISKNV                   0.0011099 0.0249728 0.0226484 0.0011099 0.0226484 1.2059788 0.0261322 0.0022249 0.0249728 0.0000000 0.0022207 0.3517613 0.0022207 0.0022249 1.2059788 0.0239544 0.0022211 0.0238148 0.0022208 0.0251071 0.0000010 0.0251071 0.0261322 
MT128667_Megalocytivirus_pagrus1_ISKNV                   0.0011098 0.0272773 0.0249446 0.0011098 0.0249446 1.2077350 0.0284402 0.0044561 0.0272773 0.0022207 0.0000000 0.3549557 0.0000010 0.0044561 1.2077350 0.0262688 0.0022210 0.0261158 0.0022206 0.0274238 0.0022207 0.0274238 0.0284402 
PQ335173_PQ335174_Threespine_stickleback_iridovirus_TSIV 0.3531627 0.3455136 0.3481693 0.3531627 0.3481693 1.1557730 0.3475714 0.3498254 0.3455136 0.3517613 0.3549557 0.0000000 0.3549557 0.3498254 1.1557730 0.3384703 0.3531112 0.3504973 0.3513054 0.3363692 0.3517613 0.3363692 0.3475714 
MT128666_Megalocytivirus_pagrus1_ISKNV                   0.0011098 0.0272773 0.0249446 0.0011098 0.0249446 1.2077350 0.0284402 0.0044561 0.0272773 0.0022207 0.0000010 0.3549557 0.0000000 0.0044561 1.2077350 0.0262688 0.0022210 0.0261158 0.0022206 0.0274238 0.0022207 0.0274238 0.0284402 
MN432490_Megalocytivirus_pagrus1_ISKNV                   0.0033402 0.0226185 0.0203080 0.0033402 0.0203080 1.2045883 0.0237714 0.0000010 0.0226185 0.0022249 0.0044561 0.3498254 0.0044561 0.0000000 1.2045883 0.0215925 0.0044569 0.0214668 0.0044562 0.0227400 0.0022249 0.0227400 0.0237714 
MT521409_Megalocytivirus_lates1_SDDV                     1.2043030 1.1947620 1.2049847 1.2043030 1.2049847 0.0000010 1.1999873 1.2045883 1.1947620 1.2059788 1.2077350 1.1557730 1.2077350 1.2045883 0.0000000 1.2140559 1.2053572 1.2116481 1.2015165 1.2100623 1.2059788 1.2100623 1.1999873 
GQ273492_Megalocytivirus_pagrus1_TRBIV                   0.0251128 0.0214436 0.0203256 0.0251128 0.0203256 1.2140559 0.0225931 0.0215925 0.0214436 0.0239544 0.0262688 0.3384703 0.0262688 0.0215925 1.2140559 0.0000000 0.0262732 0.0214855 0.0262698 0.0078051 0.0239544 0.0078051 0.0225931 
MK689685_Megalocytivirus_pagrus1_ISKNV                   0.0011100 0.0272818 0.0249487 0.0011100 0.0249487 1.2053572 0.0284449 0.0044569 0.0272818 0.0022211 0.0022210 0.3531112 0.0022210 0.0044569 1.2053572 0.0262732 0.0000000 0.0261201 0.0022210 0.0274283 0.0022211 0.0274283 0.0284449 
MW883598_Megalocytivirus_pagrus1_RSIV                    0.0249664 0.0089248 0.0011094 0.0249664 0.0011094 1.2116481 0.0100502 0.0214668 0.0089248 0.0238148 0.0261158 0.3504973 0.0261158 0.0214668 1.2116481 0.0214855 0.0261201 0.0000000 0.0261167 0.0226275 0.0238148 0.0226275 0.0100502 
PP151097_Megalocytivirus_pagrus1_ISKNV                   0.0011099 0.0272783 0.0249455 0.0011099 0.0249455 1.2015165 0.0284413 0.0044562 0.0272783 0.0022208 0.0022206 0.3513054 0.0022206 0.0044562 1.2015165 0.0262698 0.0022210 0.0261167 0.0000000 0.0274248 0.0022208 0.0274248 0.0284413 
MG570132_Megalocytivirus_pagrus1_TRBIV                   0.0262667 0.0225833 0.0214654 0.0262667 0.0214654 1.2100623 0.0237344 0.0227400 0.0225833 0.0251071 0.0274238 0.3363692 0.0274238 0.0227400 1.2100623 0.0078051 0.0274283 0.0226275 0.0274248 0.0000000 0.0251071 0.0000010 0.0237344 
OP009387_Megalocytivirus_pagrus1_ISKNV                   0.0011099 0.0249728 0.0226484 0.0011099 0.0226484 1.2059788 0.0261322 0.0022249 0.0249728 0.0000010 0.0022207 0.3517613 0.0022207 0.0022249 1.2059788 0.0239544 0.0022211 0.0238148 0.0022208 0.0251071 0.0000000 0.0251071 0.0261322 
MG570131_Megalocytivirus_pagrus1_TRBIV                   0.0262667 0.0225833 0.0214654 0.0262667 0.0214654 1.2100623 0.0237344 0.0227400 0.0225833 0.0251071 0.0274238 0.3363692 0.0274238 0.0227400 1.2100623 0.0078051 0.0274283 0.0226275 0.0274248 0.0000010 0.0251071 0.0000000 0.0237344 
OL774653_Megalocytivirus_pagrus1_RSIV                    0.0272875 0.0011090 0.0089208 0.0272875 0.0089208 1.1999873 0.0000010 0.0237714 0.0011090 0.0261322 0.0284402 0.3475714 0.0284402 0.0237714 1.1999873 0.0225931 0.0284449 0.0100502 0.0284413 0.0237344 0.0261322 0.0237344 0.0000000 
