13
ON743042_Megalocytivirus_pagrus1_RSIV                    0.0000000 0.0134225 0.0270331 0.0000010 0.0270331 1.3371401 0.0406719 0.4081375 1.3371401 0.0407116 0.0407116 0.0269368 0.0269368 
GQ273492_Megalocytivirus_pagrus1_TRBIV                   0.0134225 0.0000000 0.0134651 0.0134225 0.0134651 1.3233482 0.0270119 0.3889503 1.3233482 0.0270393 0.0270393 0.0134167 0.0134167 
MT128666_Megalocytivirus_pagrus1_ISKNV                   0.0270331 0.0134651 0.0000000 0.0270331 0.0000010 1.3110243 0.0134445 0.3692827 1.3110243 0.0134587 0.0134587 0.0270231 0.0270231 
ON740976_Megalocytivirus_pagrus1_RSIV                    0.0000010 0.0134225 0.0270331 0.0000000 0.0270331 1.3371401 0.0406719 0.4081375 1.3371401 0.0407116 0.0407116 0.0269368 0.0269368 
MW883600_Megalocytivirus_pagrus1_ISKNV                   0.0270331 0.0134651 0.0000010 0.0270331 0.0000000 1.3110243 0.0134445 0.3692827 1.3110243 0.0134587 0.0134587 0.0270231 0.0270231 
MN562489_Megalocytivirus_lates1_SDDV                     1.3371401 1.3233482 1.3110243 1.3371401 1.3110243 0.0000000 1.3495630 1.2080072 0.0000010 1.3220937 1.3220937 1.3262902 1.3262902 
MW273354_Megalocytivirus_pagrus1_ISKNV                   0.0406719 0.0270119 0.0134445 0.0406719 0.0134445 1.3495630 0.0000000 0.3883574 1.3495630 0.0269980 0.0269980 0.0406592 0.0406592 
PQ335173_PQ335174_Threespine_stickleback_iridovirus_TSIV 0.4081375 0.3889503 0.3692827 0.4081375 0.3692827 1.2080072 0.3883574 0.0000000 1.2080072 0.3881511 0.3881511 0.4089865 0.4089865 
MT521409_Megalocytivirus_lates1_SDDV                     1.3371401 1.3233482 1.3110243 1.3371401 1.3110243 0.0000010 1.3495630 1.2080072 0.0000000 1.3220937 1.3220937 1.3262902 1.3262902 
OP009387_Megalocytivirus_pagrus1_ISKNV                   0.0407116 0.0270393 0.0134587 0.0407116 0.0134587 1.3220937 0.0269980 0.3881511 1.3220937 0.0000000 0.0000010 0.0406989 0.0406989 
MN432490_Megalocytivirus_pagrus1_ISKNV                   0.0407116 0.0270393 0.0134587 0.0407116 0.0134587 1.3220937 0.0269980 0.3881511 1.3220937 0.0000010 0.0000000 0.0406989 0.0406989 
MG570132_Megalocytivirus_pagrus1_TRBIV                   0.0269368 0.0134167 0.0270231 0.0269368 0.0270231 1.3262902 0.0406592 0.4089865 1.3262902 0.0406989 0.0406989 0.0000000 0.0000010 
MG570131_Megalocytivirus_pagrus1_TRBIV                   0.0269368 0.0134167 0.0270231 0.0269368 0.0270231 1.3262902 0.0406592 0.4089865 1.3262902 0.0406989 0.0406989 0.0000010 0.0000000 
