18
AB104413_Megalocytivirus_pagrus1_RSIV                    0.0000000 0.0735087 0.0735087 0.0000010 0.0256803 2.6019679 0.0256803 0.0765717 1.2447974 2.6019679 0.0776158 0.0776158 0.0794704 0.0764551 0.0028267 0.0765717 0.0764551 0.0772779 
MW883602_Megalocytivirus_pagrus1_ISKNV                   0.0735087 0.0000000 0.0000010 0.0735087 0.0582947 2.6131596 0.0582947 0.0028419 1.2184540 2.6131596 0.0920689 0.0920689 0.0317658 0.0288523 0.0704050 0.0028419 0.0288523 0.0946239 
MT128666_Megalocytivirus_pagrus1_ISKNV                   0.0735087 0.0000010 0.0000000 0.0735087 0.0582947 2.6131596 0.0582947 0.0028419 1.2184540 2.6131596 0.0920689 0.0920689 0.0317658 0.0288523 0.0704050 0.0028419 0.0288523 0.0946239 
BD143114_Megalocytivirus_pagrus1_RSIV                    0.0000010 0.0735087 0.0735087 0.0000000 0.0256803 2.6019679 0.0256803 0.0765717 1.2447974 2.6019679 0.0776158 0.0776158 0.0794704 0.0764551 0.0028267 0.0765717 0.0764551 0.0772779 
MK689686_Megalocytivirus_pagrus1_RSIV                    0.0256803 0.0582947 0.0582947 0.0256803 0.0000000 2.5577646 0.0000010 0.0613066 1.2322015 2.5577646 0.0705328 0.0705328 0.0670967 0.0641204 0.0227761 0.0613066 0.0641204 0.0674437 
MN562489_Megalocytivirus_lates1_SDDV                     2.6019679 2.6131596 2.6131596 2.6019679 2.5577646 0.0000000 2.5577646 2.6132086 2.7791326 0.0000010 2.5595770 2.5595770 2.6336577 2.6341549 2.5763608 2.6132086 2.6341549 2.6020450 
OK042109_Megalocytivirus_pagrus1_RSIV                    0.0256803 0.0582947 0.0582947 0.0256803 0.0000010 2.5577646 0.0000000 0.0613066 1.2322015 2.5577646 0.0705328 0.0705328 0.0670967 0.0641204 0.0227761 0.0613066 0.0641204 0.0674437 
OR670976_Megalocytivirus_pagrus1_ISKNV                   0.0765717 0.0028419 0.0028419 0.0765717 0.0613066 2.6132086 0.0613066 0.0000000 1.2184760 2.6132086 0.0951903 0.0951903 0.0347084 0.0317876 0.0734558 0.0000010 0.0317876 0.0977376 
PQ335173_PQ335174_Threespine_stickleback_iridovirus_TSIV 1.2447974 1.2184540 1.2184540 1.2447974 1.2322015 2.7791326 1.2322015 1.2184760 0.0000000 2.7791326 1.1907326 1.1907326 1.1920493 1.1902786 1.2339987 1.2184760 1.1902786 1.2233066 
MT521409_Megalocytivirus_lates1_SDDV                     2.6019679 2.6131596 2.6131596 2.6019679 2.5577646 0.0000010 2.5577646 2.6132086 2.7791326 0.0000000 2.5595770 2.5595770 2.6336577 2.6341549 2.5763608 2.6132086 2.6341549 2.6020450 
MG570131_Megalocytivirus_pagrus1_TRBIV                   0.0776158 0.0920689 0.0920689 0.0776158 0.0705328 2.5595770 0.0705328 0.0951903 1.1907326 2.5595770 0.0000000 0.0000010 0.0934060 0.0903335 0.0744676 0.0951903 0.0903335 0.0403357 
MG570132_Megalocytivirus_pagrus1_TRBIV                   0.0776158 0.0920689 0.0920689 0.0776158 0.0705328 2.5595770 0.0705328 0.0951903 1.1907326 2.5595770 0.0000010 0.0000000 0.0934060 0.0903335 0.0744676 0.0951903 0.0903335 0.0403357 
MW883595_Megalocytivirus_pagrus1_ISKNV                   0.0794704 0.0317658 0.0317658 0.0794704 0.0670967 2.6336577 0.0670967 0.0347084 1.1920493 2.6336577 0.0934060 0.0934060 0.0000000 0.0028232 0.0763489 0.0347084 0.0028232 0.1021661 
PP151097_Megalocytivirus_pagrus1_ISKNV                   0.0764551 0.0288523 0.0288523 0.0764551 0.0641204 2.6341549 0.0641204 0.0317876 1.1902786 2.6341549 0.0903335 0.0903335 0.0028232 0.0000000 0.0733438 0.0317876 0.0000010 0.0990910 
OQ475017_Megalocytivirus_pagrus1_RSIV                    0.0028267 0.0704050 0.0704050 0.0028267 0.0227761 2.5763608 0.0227761 0.0734558 1.2339987 2.5763608 0.0744676 0.0744676 0.0763489 0.0733438 0.0000000 0.0734558 0.0733438 0.0741415 
OQ513807_Megalocytivirus_pagrus1_ISKNV                   0.0765717 0.0028419 0.0028419 0.0765717 0.0613066 2.6132086 0.0613066 0.0000010 1.2184760 2.6132086 0.0951903 0.0951903 0.0347084 0.0317876 0.0734558 0.0000000 0.0317876 0.0977376 
PP974677_Megalocytivirus_pagrus1_ISKNV                   0.0764551 0.0288523 0.0288523 0.0764551 0.0641204 2.6341549 0.0641204 0.0317876 1.1902786 2.6341549 0.0903335 0.0903335 0.0028232 0.0000010 0.0733438 0.0317876 0.0000000 0.0990910 
GQ273492_Megalocytivirus_pagrus1_TRBIV                   0.0772779 0.0946239 0.0946239 0.0772779 0.0674437 2.6020450 0.0674437 0.0977376 1.2233066 2.6020450 0.0403357 0.0403357 0.1021661 0.0990910 0.0741415 0.0977376 0.0990910 0.0000000 
