32
MG570132_Megalocytivirus_pagrus1_TRBIV                   0.0000000 0.0486633 0.0454628 0.0053231 0.0466247 0.0456357 1.1207690 0.0444268 0.0454628 0.0444268 0.0486633 0.0477260 0.4724364 0.0466187 0.0477260 1.1207690 0.0455889 1.1167625 0.0433592 0.0455889 0.0466015 0.0444739 0.0498324 0.0498324 0.0466187 0.0466247 0.0466247 0.0444739 0.0465902 0.0466058 0.0466587 0.0226062 
MW139932_Megalocytivirus_pagrus1_RSIV                    0.0486633 0.0000000 0.0304061 0.0474804 0.0315315 0.0315272 1.0975545 0.0293652 0.0304061 0.0293652 0.0000010 0.0326169 0.4581907 0.0315272 0.0326169 1.0975545 0.0226625 1.0935836 0.0204948 0.0226625 0.0315163 0.0215784 0.0010646 0.0010646 0.0315272 0.0315315 0.0315315 0.0215784 0.0315086 0.0315186 0.0315539 0.0500192 
NC_003494_Megalocytivirus_pagrus1_ISKNV                  0.0454628 0.0304061 0.0000000 0.0443043 0.0010648 0.0010646 1.0852326 0.0032054 0.0000010 0.0032054 0.0304061 0.0021295 0.4390953 0.0010646 0.0021295 1.0852326 0.0248006 1.0812835 0.0226340 0.0248006 0.0010643 0.0237170 0.0315208 0.0315208 0.0010646 0.0010648 0.0010648 0.0237170 0.0010640 0.0010643 0.0010655 0.0431052 
MG570131_Megalocytivirus_pagrus1_TRBIV                   0.0053231 0.0474804 0.0443043 0.0000000 0.0454636 0.0444730 1.1240651 0.0432678 0.0443043 0.0432678 0.0474804 0.0465628 0.4717530 0.0454576 0.0465628 1.1240651 0.0444274 1.1200467 0.0422005 0.0444274 0.0454410 0.0433139 0.0486472 0.0486472 0.0454576 0.0454636 0.0454636 0.0433139 0.0454299 0.0454451 0.0454966 0.0215033 
MW883596_Megalocytivirus_pagrus1_ISKNV                   0.0466247 0.0315315 0.0010648 0.0454636 0.0000000 0.0021319 1.0900303 0.0042791 0.0010648 0.0042791 0.0315315 0.0031982 0.4412768 0.0021319 0.0031982 1.0900303 0.0259110 1.0860714 0.0237413 0.0259110 0.0021312 0.0248259 0.0326486 0.0326486 0.0021319 0.0021322 0.0000010 0.0248259 0.0021307 0.0021313 0.0021337 0.0442611 
MK689685_Megalocytivirus_pagrus1_ISKNV                   0.0456357 0.0315272 0.0010646 0.0444730 0.0021319 0.0000000 1.0845053 0.0042784 0.0010646 0.0042784 0.0315272 0.0031977 0.4381903 0.0021315 0.0031977 1.0845053 0.0259074 1.0805564 0.0237379 0.0259074 0.0021309 0.0248224 0.0326441 0.0326441 0.0021315 0.0021319 0.0021319 0.0248224 0.0021304 0.0021310 0.0021333 0.0442553 
MN562489_Megalocytivirus_lates1_SDDV                     1.1207690 1.0975545 1.0852326 1.1240651 1.0900303 1.0845053 0.0000000 1.0803171 1.0852326 1.0803171 1.0975545 1.0915060 1.0762201 1.0857043 1.0915060 0.0000010 1.0935947 0.0010667 1.0935089 1.0935947 1.0855071 1.0946701 1.1016049 1.1016049 1.0857043 1.0871654 1.0900303 1.0946701 1.0821227 1.0870435 1.0898266 1.1201565 
OP009387_Megalocytivirus_pagrus1_ISKNV                   0.0444268 0.0293652 0.0032054 0.0432678 0.0042791 0.0042784 1.0803171 0.0000000 0.0032054 0.0000010 0.0293652 0.0053487 0.4399834 0.0042784 0.0053487 1.0803171 0.0237589 1.0763846 0.0215896 0.0237589 0.0042771 0.0226740 0.0304805 0.0304805 0.0042784 0.0042791 0.0042791 0.0226740 0.0042761 0.0042773 0.0042820 0.0420687 
MW883606_Megalocytivirus_pagrus1_ISKNV                   0.0454628 0.0304061 0.0000010 0.0443043 0.0010648 0.0010646 1.0852326 0.0032054 0.0000000 0.0032054 0.0304061 0.0021295 0.4390953 0.0010646 0.0021295 1.0852326 0.0248006 1.0812835 0.0226340 0.0248006 0.0010643 0.0237170 0.0315208 0.0315208 0.0010646 0.0010648 0.0010648 0.0237170 0.0010640 0.0010643 0.0010655 0.0431052 
MN432490_Megalocytivirus_pagrus1_ISKNV                   0.0444268 0.0293652 0.0032054 0.0432678 0.0042791 0.0042784 1.0803171 0.0000010 0.0032054 0.0000000 0.0293652 0.0053487 0.4399834 0.0042784 0.0053487 1.0803171 0.0237589 1.0763846 0.0215896 0.0237589 0.0042771 0.0226740 0.0304805 0.0304805 0.0042784 0.0042791 0.0042791 0.0226740 0.0042761 0.0042773 0.0042820 0.0420687 
ON740976_Megalocytivirus_pagrus1_RSIV                    0.0486633 0.0000010 0.0304061 0.0474804 0.0315315 0.0315272 1.0975545 0.0293652 0.0304061 0.0293652 0.0000000 0.0326169 0.4581907 0.0315272 0.0326169 1.0975545 0.0226625 1.0935836 0.0204948 0.0226625 0.0315163 0.0215784 0.0010646 0.0010646 0.0315272 0.0315315 0.0315315 0.0215784 0.0315086 0.0315186 0.0315539 0.0500192 
OR670976_Megalocytivirus_pagrus1_ISKNV                   0.0477260 0.0326169 0.0021295 0.0465628 0.0031982 0.0031977 1.0915060 0.0053487 0.0021295 0.0053487 0.0326169 0.0000000 0.4391670 0.0031977 0.0000010 1.0915060 0.0269892 1.0875416 0.0248192 0.0269892 0.0031967 0.0259040 0.0337348 0.0337348 0.0031977 0.0031982 0.0031982 0.0259040 0.0031960 0.0031969 0.0032004 0.0453587 
PQ335173_PQ335174_Threespine_stickleback_iridovirus_TSIV 0.4724364 0.4581907 0.4390953 0.4717530 0.4412768 0.4381903 1.0762201 0.4399834 0.4390953 0.4399834 0.4581907 0.4391670 0.0000000 0.4403122 0.4391670 1.0762201 0.4455860 1.0722726 0.4424082 0.4455860 0.4392606 0.4440760 0.4602638 0.4602638 0.4403122 0.4391656 0.4412768 0.4440760 0.4408812 0.4406708 0.4393449 0.4604270 
23043610005_Megalocytivirus_pagrus1_ISKNV                0.0466187 0.0315272 0.0010646 0.0454576 0.0021319 0.0021315 1.0857043 0.0042784 0.0010646 0.0042784 0.0315272 0.0031977 0.4403122 0.0000000 0.0031977 1.0857043 0.0259074 1.0817508 0.0237379 0.0259074 0.0021309 0.0248224 0.0326441 0.0326441 0.0000010 0.0021319 0.0021319 0.0248224 0.0021304 0.0021310 0.0021333 0.0442553 
OQ513807_Megalocytivirus_pagrus1_ISKNV                   0.0477260 0.0326169 0.0021295 0.0465628 0.0031982 0.0031977 1.0915060 0.0053487 0.0021295 0.0053487 0.0326169 0.0000010 0.4391670 0.0031977 0.0000000 1.0915060 0.0269892 1.0875416 0.0248192 0.0269892 0.0031967 0.0259040 0.0337348 0.0337348 0.0031977 0.0031982 0.0031982 0.0259040 0.0031960 0.0031969 0.0032004 0.0453587 
MT521409_Megalocytivirus_lates1_SDDV                     1.1207690 1.0975545 1.0852326 1.1240651 1.0900303 1.0845053 0.0000010 1.0803171 1.0852326 1.0803171 1.0975545 1.0915060 1.0762201 1.0857043 1.0915060 0.0000000 1.0935947 0.0010667 1.0935089 1.0935947 1.0855071 1.0946701 1.1016049 1.1016049 1.0857043 1.0871654 1.0900303 1.0946701 1.0821227 1.0870435 1.0898266 1.1201565 
ON075463_Megalocytivirus_pagrus1_RSIV                    0.0455889 0.0226625 0.0248006 0.0444274 0.0259110 0.0259074 1.0935947 0.0237589 0.0248006 0.0237589 0.0226625 0.0269892 0.4455860 0.0259074 0.0269892 1.0935947 0.0000000 1.0896337 0.0021269 0.0000010 0.0258986 0.0010629 0.0237632 0.0237632 0.0259074 0.0259110 0.0259110 0.0010629 0.0258924 0.0259004 0.0259292 0.0446737 
OM037668_Megalocytivirus_lates1_SDDV                     1.1167625 1.0935836 1.0812835 1.1200467 1.0860714 1.0805564 0.0010667 1.0763846 1.0812835 1.0763846 1.0935836 1.0875416 1.0722726 1.0817508 1.0875416 0.0010667 1.0896337 0.0000000 1.0895522 1.0896337 1.0815580 1.0907127 1.0976222 1.0976222 1.0817508 1.0832107 1.0860714 1.0907127 1.0781824 1.0830873 1.0858640 1.1161543 
MW883598_Megalocytivirus_pagrus1_RSIV                    0.0433592 0.0204948 0.0226340 0.0422005 0.0237413 0.0237379 1.0935089 0.0215896 0.0226340 0.0215896 0.0204948 0.0248192 0.4424082 0.0237379 0.0248192 1.0935089 0.0021269 1.0895522 0.0000000 0.0021269 0.0237299 0.0010632 0.0215931 0.0215931 0.0237379 0.0237413 0.0237413 0.0010632 0.0237242 0.0237315 0.0237579 0.0424451 
MT798582_Megalocytivirus_pagrus1_RSIV                    0.0455889 0.0226625 0.0248006 0.0444274 0.0259110 0.0259074 1.0935947 0.0237589 0.0248006 0.0237589 0.0226625 0.0269892 0.4455860 0.0259074 0.0269892 1.0935947 0.0000010 1.0896337 0.0021269 0.0000000 0.0258986 0.0010629 0.0237632 0.0237632 0.0259074 0.0259110 0.0259110 0.0010629 0.0258924 0.0259004 0.0259292 0.0446737 
MW883600_Megalocytivirus_pagrus1_ISKNV                   0.0466015 0.0315163 0.0010643 0.0454410 0.0021312 0.0021309 1.0855071 0.0042771 0.0010643 0.0042771 0.0315163 0.0031967 0.4392606 0.0021309 0.0031967 1.0855071 0.0258986 1.0815580 0.0237299 0.0258986 0.0000000 0.0248141 0.0326328 0.0326328 0.0021309 0.0021312 0.0021312 0.0248141 0.0021297 0.0021303 0.0021327 0.0442392 
AP017456_Megalocytivirus_pagrus1_RSIV                    0.0444739 0.0215784 0.0237170 0.0433139 0.0248259 0.0248224 1.0946701 0.0226740 0.0237170 0.0226740 0.0215784 0.0259040 0.4440760 0.0248224 0.0259040 1.0946701 0.0010629 1.0907127 0.0010632 0.0010629 0.0248141 0.0000000 0.0226779 0.0226779 0.0248224 0.0248259 0.0248259 0.0000010 0.0248081 0.0248158 0.0248433 0.0435594 
MK098187_Megalocytivirus_pagrus1_RSIV                    0.0498324 0.0010646 0.0315208 0.0486472 0.0326486 0.0326441 1.1016049 0.0304805 0.0315208 0.0304805 0.0010646 0.0337348 0.4602638 0.0326441 0.0337348 1.1016049 0.0237632 1.0976222 0.0215931 0.0237632 0.0326328 0.0226779 0.0000000 0.0000010 0.0326441 0.0326486 0.0326486 0.0226779 0.0326248 0.0326353 0.0326718 0.0511889 
MK098186_Megalocytivirus_pagrus1_RSIV                    0.0498324 0.0010646 0.0315208 0.0486472 0.0326486 0.0326441 1.1016049 0.0304805 0.0315208 0.0304805 0.0010646 0.0337348 0.4602638 0.0326441 0.0337348 1.1016049 0.0237632 1.0976222 0.0215931 0.0237632 0.0326328 0.0226779 0.0000010 0.0000000 0.0326441 0.0326486 0.0326486 0.0226779 0.0326248 0.0326353 0.0326718 0.0511889 
23043610003_Megalocytivirus_pagrus1_ISKNV                0.0466187 0.0315272 0.0010646 0.0454576 0.0021319 0.0021315 1.0857043 0.0042784 0.0010646 0.0042784 0.0315272 0.0031977 0.4403122 0.0000010 0.0031977 1.0857043 0.0259074 1.0817508 0.0237379 0.0259074 0.0021309 0.0248224 0.0326441 0.0326441 0.0000000 0.0021319 0.0021319 0.0248224 0.0021304 0.0021310 0.0021333 0.0442553 
MW883603_Megalocytivirus_pagrus1_ISKNV                   0.0466247 0.0315315 0.0010648 0.0454636 0.0021322 0.0021319 1.0871654 0.0042791 0.0010648 0.0042791 0.0315315 0.0031982 0.4391656 0.0021319 0.0031982 1.0871654 0.0259110 1.0832107 0.0237413 0.0259110 0.0021312 0.0248259 0.0326486 0.0326486 0.0021319 0.0000000 0.0021322 0.0248259 0.0021307 0.0021313 0.0021337 0.0442611 
MW883597_Megalocytivirus_pagrus1_ISKNV                   0.0466247 0.0315315 0.0010648 0.0454636 0.0000010 0.0021319 1.0900303 0.0042791 0.0010648 0.0042791 0.0315315 0.0031982 0.4412768 0.0021319 0.0031982 1.0900303 0.0259110 1.0860714 0.0237413 0.0259110 0.0021312 0.0248259 0.0326486 0.0326486 0.0021319 0.0021322 0.0000000 0.0248259 0.0021307 0.0021313 0.0021337 0.0442611 
AY894343_Megalocytivirus_pagrus1_RSIV                    0.0444739 0.0215784 0.0237170 0.0433139 0.0248259 0.0248224 1.0946701 0.0226740 0.0237170 0.0226740 0.0215784 0.0259040 0.4440760 0.0248224 0.0259040 1.0946701 0.0010629 1.0907127 0.0010632 0.0010629 0.0248141 0.0000010 0.0226779 0.0226779 0.0248224 0.0248259 0.0248259 0.0000000 0.0248081 0.0248158 0.0248433 0.0435594 
OR536350_Megalocytivirus_pagrus1_ISKNV                   0.0465902 0.0315086 0.0010640 0.0454299 0.0021307 0.0021304 1.0821227 0.0042761 0.0010640 0.0042761 0.0315086 0.0031960 0.4408812 0.0021304 0.0031960 1.0821227 0.0258924 1.0781824 0.0237242 0.0258924 0.0021297 0.0248081 0.0326248 0.0326248 0.0021304 0.0021307 0.0021307 0.0248081 0.0000000 0.0021298 0.0021322 0.0442284 
MW883602_Megalocytivirus_pagrus1_ISKNV                   0.0466058 0.0315186 0.0010643 0.0454451 0.0021313 0.0021310 1.0870435 0.0042773 0.0010643 0.0042773 0.0315186 0.0031969 0.4406708 0.0021310 0.0031969 1.0870435 0.0259004 1.0830873 0.0237315 0.0259004 0.0021303 0.0248158 0.0326353 0.0326353 0.0021310 0.0021313 0.0021313 0.0248158 0.0021298 0.0000000 0.0021328 0.0442431 
MW273353_Megalocytivirus_pagrus1_ISKNV                   0.0466587 0.0315539 0.0010655 0.0454966 0.0021337 0.0021333 1.0898266 0.0042820 0.0010655 0.0042820 0.0315539 0.0032004 0.4393449 0.0021333 0.0032004 1.0898266 0.0259292 1.0858640 0.0237579 0.0259292 0.0021327 0.0248433 0.0326718 0.0326718 0.0021333 0.0021337 0.0021337 0.0248433 0.0021322 0.0021328 0.0000000 0.0442932 
GQ273492_Megalocytivirus_pagrus1_TRBIV                   0.0226062 0.0500192 0.0431052 0.0215033 0.0442611 0.0442553 1.1201565 0.0420687 0.0431052 0.0420687 0.0500192 0.0453587 0.4604270 0.0442553 0.0453587 1.1201565 0.0446737 1.1161543 0.0424451 0.0446737 0.0442392 0.0435594 0.0511889 0.0511889 0.0442553 0.0442611 0.0442611 0.0435594 0.0442284 0.0442431 0.0442932 0.0000000 
