28
OP009387_Megalocytivirus_pagrus1_ISKNV                   0.0000000 0.0879101 0.0457974 0.0406303 0.1045181 0.1045181 0.1118931 0.1458039 0.0406303 0.0000010 0.0879101 0.0308277 0.0432665 2.7654494 0.0332194 0.0432105 0.1441465 0.0431094 0.1076891 0.1104568 0.0431550 0.0431094 0.1104568 0.1441465 0.0430658 0.0908177 0.0908177 0.0430658 
OK042108_Megalocytivirus_pagrus1_RSIV                    0.0879101 0.0000000 0.1141904 0.1109616 0.0393772 0.0393772 0.0827426 0.1406920 0.1109616 0.0879101 0.0000010 0.1087973 0.1143937 2.8105488 0.1115578 0.1142136 0.1442588 0.1138949 0.0420135 0.0445093 0.1140270 0.1138949 0.0445093 0.1442588 0.1115185 0.0023700 0.0023700 0.1115185 
MW273354_Megalocytivirus_pagrus1_ISKNV                   0.0457974 0.1141904 0.0000000 0.0045663 0.1234600 0.1234600 0.1366434 0.1597983 0.0045663 0.0457974 0.1141904 0.0138382 0.0068870 2.7263372 0.0161555 0.0068790 0.1634188 0.0068642 0.1267492 0.1295647 0.0068713 0.0068642 0.1295647 0.1634188 0.0068571 0.1172251 0.1172251 0.0068571 
MW883600_Megalocytivirus_pagrus1_ISKNV                   0.0406303 0.1109616 0.0045663 0.0000000 0.1201654 0.1201654 0.1332957 0.1530235 0.0000010 0.0406303 0.1109616 0.0091455 0.0022765 2.7061011 0.0114421 0.0022738 0.1565441 0.0022690 0.1234276 0.1262292 0.0022714 0.0022690 0.1262292 0.1565441 0.0022667 0.1139755 0.1139755 0.0022667 
OL774654_Megalocytivirus_pagrus1_RSIV                    0.1045181 0.0393772 0.1234600 0.1201654 0.0000000 0.0000010 0.1095713 0.1552118 0.1201654 0.1045181 0.0393772 0.1237950 0.1236872 2.7993599 0.1265862 0.1234892 0.1627149 0.1231402 0.0023594 0.0047219 0.1232838 0.1231402 0.0047219 0.1627149 0.1207600 0.0419524 0.0419524 0.1207600 
OL774655_Megalocytivirus_pagrus1_RSIV                    0.1045181 0.0393772 0.1234600 0.1201654 0.0000010 0.0000000 0.1095713 0.1552118 0.1201654 0.1045181 0.0393772 0.1237950 0.1236872 2.7993599 0.1265862 0.1234892 0.1627149 0.1231402 0.0023594 0.0047219 0.1232838 0.1231402 0.0047219 0.1627149 0.1207600 0.0419524 0.0419524 0.1207600 
OK042109_Megalocytivirus_pagrus1_RSIV                    0.1118931 0.0827426 0.1366434 0.1332957 0.1095713 0.1095713 0.0000000 0.0560157 0.1332957 0.1118931 0.0827426 0.1273869 0.1369033 2.8715889 0.1301570 0.1366820 0.1053931 0.1362936 0.1127764 0.1155593 0.1364519 0.1362936 0.1155593 0.1053931 0.1363029 0.0798363 0.0798363 0.1363029 
GQ273492_Megalocytivirus_pagrus1_TRBIV                   0.1458039 0.1406920 0.1597983 0.1530235 0.1552118 0.1552118 0.0560157 0.0000000 0.1530235 0.1458039 0.1406920 0.1501644 0.1567188 2.7982023 0.1529219 0.1564651 0.0851804 0.1560227 0.1587722 0.1617341 0.1562010 0.1560227 0.1617341 0.0851804 0.1559984 0.1439007 0.1439007 0.1559984 
MK689685_Megalocytivirus_pagrus1_ISKNV                   0.0406303 0.1109616 0.0045663 0.0000010 0.1201654 0.1201654 0.1332957 0.1530235 0.0000000 0.0406303 0.1109616 0.0091455 0.0022765 2.7061011 0.0114421 0.0022738 0.1565441 0.0022690 0.1234276 0.1262292 0.0022714 0.0022690 0.1262292 0.1565441 0.0022667 0.1139755 0.1139755 0.0022667 
PP151097_Megalocytivirus_pagrus1_ISKNV                   0.0000010 0.0879101 0.0457974 0.0406303 0.1045181 0.1045181 0.1118931 0.1458039 0.0406303 0.0000000 0.0879101 0.0308277 0.0432665 2.7654494 0.0332194 0.0432105 0.1441465 0.0431094 0.1076891 0.1104568 0.0431550 0.0431094 0.1104568 0.1441465 0.0430658 0.0908177 0.0908177 0.0430658 
KT804738_Megalocytivirus_pagrus1_RSIV                    0.0879101 0.0000010 0.1141904 0.1109616 0.0393772 0.0393772 0.0827426 0.1406920 0.1109616 0.0879101 0.0000000 0.1087973 0.1143937 2.8105488 0.1115578 0.1142136 0.1442588 0.1138949 0.0420135 0.0445093 0.1140270 0.1138949 0.0445093 0.1442588 0.1115185 0.0023700 0.0023700 0.1115185 
MT986830_Megalocytivirus_pagrus1_ISKNV                   0.0308277 0.1087973 0.0138382 0.0091455 0.1237950 0.1237950 0.1273869 0.1501644 0.0091455 0.0308277 0.1087973 0.0000000 0.0114972 2.7352574 0.0022712 0.0114836 0.1501630 0.0114588 0.1270862 0.1299021 0.0114706 0.0114588 0.1299021 0.1501630 0.0114470 0.1118172 0.1118172 0.0114470 
MW883594_Megalocytivirus_pagrus1_ISKNV                   0.0432665 0.1143937 0.0068870 0.0022765 0.1236872 0.1236872 0.1369033 0.1567188 0.0022765 0.0432665 0.1143937 0.0114972 0.0000000 2.7073418 0.0138073 0.0045725 0.1603023 0.0045628 0.1269854 0.1298081 0.0045675 0.0045628 0.1298081 0.1603023 0.0045580 0.1174361 0.1174361 0.0045580 
PQ335173_PQ335174_Threespine_stickleback_iridovirus_TSIV 2.7654494 2.8105488 2.7263372 2.7061011 2.7993599 2.7993599 2.8715889 2.7982023 2.7061011 2.7654494 2.8105488 2.7352574 2.7073418 0.0000000 2.7311197 2.7098563 2.8218759 2.7270824 2.8028313 2.8372181 2.7049116 2.7270824 2.8372181 2.8218759 2.7111782 2.8356391 2.8356391 2.7111782 
PP974677_Megalocytivirus_pagrus1_ISKNV                   0.0332194 0.1115578 0.0161555 0.0114421 0.1265862 0.1265862 0.1301570 0.1529219 0.0114421 0.0332194 0.1115578 0.0022712 0.0138073 2.7311197 0.0000000 0.0137909 0.1529380 0.0137610 0.1298903 0.1327095 0.0137751 0.0137610 0.1327095 0.1529380 0.0137468 0.1145861 0.1145861 0.0137468 
MW883593_Megalocytivirus_pagrus1_ISKNV                   0.0432105 0.1142136 0.0068790 0.0022738 0.1234892 0.1234892 0.1366820 0.1564651 0.0022738 0.0432105 0.1142136 0.0114836 0.0045725 2.7098563 0.0137909 0.0000000 0.1600394 0.0045575 0.1267808 0.1295983 0.0045622 0.0045575 0.1295983 0.1600394 0.0045527 0.1172502 0.1172502 0.0045527 
MG570132_Megalocytivirus_pagrus1_TRBIV                   0.1441465 0.1442588 0.1634188 0.1565441 0.1627149 0.1627149 0.1053931 0.0851804 0.1565441 0.1441465 0.1442588 0.1501630 0.1603023 2.8218759 0.1529380 0.1600394 0.0000000 0.1595818 0.1663813 0.1694128 0.1597659 0.1595818 0.1694128 0.0000010 0.1595500 0.1475299 0.1475299 0.1595500 
OQ513807_Megalocytivirus_pagrus1_ISKNV                   0.0431094 0.1138949 0.0068642 0.0022690 0.1231402 0.1231402 0.1362936 0.1560227 0.0022690 0.0431094 0.1138949 0.0114588 0.0045628 2.7270824 0.0137610 0.0045575 0.1595818 0.0000000 0.1264204 0.1292292 0.0045525 0.0000010 0.1292292 0.1595818 0.0045431 0.1169217 0.1169217 0.0045431 
OQ475017_Megalocytivirus_pagrus1_RSIV                    0.1076891 0.0420135 0.1267492 0.1234276 0.0023594 0.0023594 0.1127764 0.1587722 0.1234276 0.1076891 0.0420135 0.1270862 0.1269854 2.8028313 0.1298903 0.1267808 0.1663813 0.1264204 0.0000000 0.0071120 0.1265683 0.1264204 0.0071120 0.1663813 0.1240359 0.0446063 0.0446063 0.1240359 
MK098186_Megalocytivirus_pagrus1_RSIV                    0.1104568 0.0445093 0.1295647 0.1262292 0.0047219 0.0047219 0.1155593 0.1617341 0.1262292 0.1104568 0.0445093 0.1299021 0.1298081 2.8372181 0.1327095 0.1295983 0.1694128 0.1292292 0.0071120 0.0000000 0.1293804 0.1292292 0.0000010 0.1694128 0.1268476 0.0471112 0.0471112 0.1268476 
OR536350_Megalocytivirus_pagrus1_ISKNV                   0.0431550 0.1140270 0.0068713 0.0022714 0.1232838 0.1232838 0.1364519 0.1562010 0.0022714 0.0431550 0.1140270 0.0114706 0.0045675 2.7049116 0.0137751 0.0045622 0.1597659 0.0045525 0.1265683 0.1293804 0.0000000 0.0045525 0.1293804 0.1597659 0.0045477 0.1170576 0.1170576 0.0045477 
OR670976_Megalocytivirus_pagrus1_ISKNV                   0.0431094 0.1138949 0.0068642 0.0022690 0.1231402 0.1231402 0.1362936 0.1560227 0.0022690 0.0431094 0.1138949 0.0114588 0.0045628 2.7270824 0.0137610 0.0045575 0.1595818 0.0000010 0.1264204 0.1292292 0.0045525 0.0000000 0.1292292 0.1595818 0.0045431 0.1169217 0.1169217 0.0045431 
MK098187_Megalocytivirus_pagrus1_RSIV                    0.1104568 0.0445093 0.1295647 0.1262292 0.0047219 0.0047219 0.1155593 0.1617341 0.1262292 0.1104568 0.0445093 0.1299021 0.1298081 2.8372181 0.1327095 0.1295983 0.1694128 0.1292292 0.0071120 0.0000010 0.1293804 0.1292292 0.0000000 0.1694128 0.1268476 0.0471112 0.0471112 0.1268476 
MG570131_Megalocytivirus_pagrus1_TRBIV                   0.1441465 0.1442588 0.1634188 0.1565441 0.1627149 0.1627149 0.1053931 0.0851804 0.1565441 0.1441465 0.1442588 0.1501630 0.1603023 2.8218759 0.1529380 0.1600394 0.0000010 0.1595818 0.1663813 0.1694128 0.1597659 0.1595818 0.1694128 0.0000000 0.1595500 0.1475299 0.1475299 0.1595500 
23043610005_Megalocytivirus_pagrus1_ISKNV                0.0430658 0.1115185 0.0068571 0.0022667 0.1207600 0.1207600 0.1363029 0.1559984 0.0022667 0.0430658 0.1115185 0.0114470 0.0045580 2.7111782 0.0137468 0.0045527 0.1595500 0.0045431 0.1240359 0.1268476 0.0045477 0.0045431 0.1268476 0.1595500 0.0000000 0.1145447 0.1145447 0.0000010 
ON740976_Megalocytivirus_pagrus1_RSIV                    0.0908177 0.0023700 0.1172251 0.1139755 0.0419524 0.0419524 0.0798363 0.1439007 0.1139755 0.0908177 0.0023700 0.1118172 0.1174361 2.8356391 0.1145861 0.1172502 0.1475299 0.1169217 0.0446063 0.0471112 0.1170576 0.1169217 0.0471112 0.1475299 0.1145447 0.0000000 0.0000010 0.1145447 
ON075463_Megalocytivirus_pagrus1_RSIV                    0.0908177 0.0023700 0.1172251 0.1139755 0.0419524 0.0419524 0.0798363 0.1439007 0.1139755 0.0908177 0.0023700 0.1118172 0.1174361 2.8356391 0.1145861 0.1172502 0.1475299 0.1169217 0.0446063 0.0471112 0.1170576 0.1169217 0.0471112 0.1475299 0.1145447 0.0000010 0.0000000 0.1145447 
23043610003_Megalocytivirus_pagrus1_ISKNV                0.0430658 0.1115185 0.0068571 0.0022667 0.1207600 0.1207600 0.1363029 0.1559984 0.0022667 0.0430658 0.1115185 0.0114470 0.0045580 2.7111782 0.0137468 0.0045527 0.1595500 0.0045431 0.1240359 0.1268476 0.0045477 0.0045431 0.1268476 0.1595500 0.0000010 0.1145447 0.1145447 0.0000000 
