17
MK689686_Megalocytivirus_pagrus1_RSIV                    0.0000000 0.0919371 0.0936266 0.0000010 0.0195068 0.0936266 0.1308962 0.0195068 0.0919371 0.1122614 0.1210276 0.1308962 0.5462206 1.0273614 1.0273614 0.0261256 0.0064669 
OP009387_Megalocytivirus_pagrus1_ISKNV                   0.0919371 0.0000000 0.0131970 0.0919371 0.0842335 0.0131970 0.1128440 0.0842335 0.0000010 0.1115945 0.1123824 0.1128440 0.4925060 1.0481267 1.0481267 0.0916627 0.0844156 
MW883594_Megalocytivirus_pagrus1_ISKNV                   0.0936266 0.0131970 0.0000000 0.0936266 0.0857745 0.0000010 0.1112146 0.0857745 0.0131970 0.1299071 0.1308456 0.1112146 0.4925060 1.0481267 1.0481267 0.0933411 0.0859642 
KT804738_Megalocytivirus_pagrus1_RSIV                    0.0000010 0.0919371 0.0936266 0.0000000 0.0195068 0.0936266 0.1308962 0.0195068 0.0919371 0.1122614 0.1210276 0.1308962 0.5462206 1.0273614 1.0273614 0.0261256 0.0064669 
AB104413_Megalocytivirus_pagrus1_RSIV                    0.0195068 0.0842335 0.0857745 0.0195068 0.0000000 0.0857745 0.1220338 0.0000010 0.0842335 0.1037517 0.1123665 0.1220338 0.5432927 1.0109841 1.0109841 0.0064667 0.0129358 
MW883601_Megalocytivirus_pagrus1_ISKNV                   0.0936266 0.0131970 0.0000010 0.0936266 0.0857745 0.0000000 0.1112146 0.0857745 0.0131970 0.1299071 0.1308456 0.1112146 0.4925060 1.0481267 1.0481267 0.0933411 0.0859642 
MG570132_Megalocytivirus_pagrus1_TRBIV                   0.1308962 0.1128440 0.1112146 0.1308962 0.1220338 0.1112146 0.0000000 0.1220338 0.1128440 0.0133686 0.0134546 0.0000010 0.5266571 1.0392140 1.0392140 0.1302569 0.1225582 
OL774653_Megalocytivirus_pagrus1_RSIV                    0.0195068 0.0842335 0.0857745 0.0195068 0.0000010 0.0857745 0.1220338 0.0000000 0.0842335 0.1037517 0.1123665 0.1220338 0.5432927 1.0109841 1.0109841 0.0064667 0.0129358 
PP151097_Megalocytivirus_pagrus1_ISKNV                   0.0919371 0.0000010 0.0131970 0.0919371 0.0842335 0.0131970 0.1128440 0.0842335 0.0000000 0.1115945 0.1123824 0.1128440 0.4925060 1.0481267 1.0481267 0.0916627 0.0844156 
OK042109_Megalocytivirus_pagrus1_RSIV                    0.1122614 0.1115945 0.1299071 0.1122614 0.1037517 0.1299071 0.0133686 0.1037517 0.1115945 0.0000000 0.0065705 0.0133686 0.5455861 1.0490500 1.0490500 0.1116760 0.1042325 
GQ273492_Megalocytivirus_pagrus1_TRBIV                   0.1210276 0.1123824 0.1308456 0.1210276 0.1123665 0.1308456 0.0134546 0.1123665 0.1123824 0.0065705 0.0000000 0.0134546 0.5505018 1.0498656 1.0498656 0.1204164 0.1128682 
MG570131_Megalocytivirus_pagrus1_TRBIV                   0.1308962 0.1128440 0.1112146 0.1308962 0.1220338 0.1112146 0.0000010 0.1220338 0.1128440 0.0133686 0.0134546 0.0000000 0.5266571 1.0392140 1.0392140 0.1302569 0.1225582 
PQ335173_PQ335174_Threespine_stickleback_iridovirus_TSIV 0.5462206 0.4925060 0.4925060 0.5462206 0.5432927 0.4925060 0.5266571 0.5432927 0.4925060 0.5455861 0.5505018 0.5266571 0.0000000 0.9768806 0.9768806 0.5567650 0.5319495 
MT521409_Megalocytivirus_lates1_SDDV                     1.0273614 1.0481267 1.0481267 1.0273614 1.0109841 1.0481267 1.0392140 1.0109841 1.0481267 1.0490500 1.0498656 1.0392140 0.9768806 0.0000000 0.0000010 1.0301119 1.0277350 
OM037668_Megalocytivirus_lates1_SDDV                     1.0273614 1.0481267 1.0481267 1.0273614 1.0109841 1.0481267 1.0392140 1.0109841 1.0481267 1.0490500 1.0498656 1.0392140 0.9768806 0.0000010 0.0000000 1.0301119 1.0277350 
OQ475017_Megalocytivirus_pagrus1_RSIV                    0.0261256 0.0916627 0.0933411 0.0261256 0.0064667 0.0933411 0.1302569 0.0064667 0.0916627 0.1116760 0.1204164 0.1302569 0.5567650 1.0301119 1.0301119 0.0000000 0.0194919 
MW883598_Megalocytivirus_pagrus1_RSIV                    0.0064669 0.0844156 0.0859642 0.0064669 0.0129358 0.0859642 0.1225582 0.0129358 0.0844156 0.1042325 0.1128682 0.1225582 0.5319495 1.0277350 1.0277350 0.0194919 0.0000000 
