21
MW883603_Megalocytivirus_pagrus1_ISKNV                   0.0000000 0.0842579 0.0845681 0.0000010 0.0736131 1.6631444 0.0254260 0.0254260 0.0842579 0.0845681 0.1069282 0.8192564 0.0736131 1.6631444 1.6606072 0.1069488 0.0900542 0.0050056 0.0878651 0.0900542 0.0878651 
ON740976_Megalocytivirus_pagrus1_RSIV                    0.0842579 0.0000000 0.0101112 0.0842579 0.0101132 1.6579178 0.0735851 0.0735851 0.0000010 0.0101112 0.1020361 0.8684543 0.0101132 1.6579178 1.6554314 0.1020553 0.0151987 0.0900775 0.0934673 0.0151987 0.0934673 
MT798582_Megalocytivirus_pagrus1_RSIV                    0.0845681 0.0101112 0.0000000 0.0845681 0.0203692 1.6741947 0.0738557 0.0738557 0.0101112 0.0000010 0.1024169 0.8784260 0.0203692 1.6741947 1.6716844 0.1024363 0.0050483 0.0904108 0.0938167 0.0050483 0.0938167 
MW883602_Megalocytivirus_pagrus1_ISKNV                   0.0000010 0.0842579 0.0845681 0.0000000 0.0736131 1.6631444 0.0254260 0.0254260 0.0842579 0.0845681 0.1069282 0.8192564 0.0736131 1.6631444 1.6606072 0.1069488 0.0900542 0.0050056 0.0878651 0.0900542 0.0878651 
OK042108_Megalocytivirus_pagrus1_RSIV                    0.0736131 0.0101132 0.0203692 0.0736131 0.0000000 1.6412190 0.0629959 0.0629959 0.0101132 0.0203692 0.0911747 0.8746334 0.0000010 1.6412190 1.6387525 0.0911907 0.0255155 0.0793599 0.0826127 0.0255155 0.0826127 
MN562489_Megalocytivirus_lates1_SDDV                     1.6631444 1.6579178 1.6741947 1.6631444 1.6412190 0.0000000 1.6543211 1.6543211 1.6579178 1.6741947 1.6661196 1.6737123 1.6412190 0.0000010 0.0051246 1.6575726 1.6856862 1.6601187 1.6355750 1.6856862 1.6355750 
MN432490_Megalocytivirus_pagrus1_ISKNV                   0.0254260 0.0735851 0.0738557 0.0254260 0.0629959 1.6543211 0.0000000 0.0000010 0.0735851 0.0738557 0.0895873 0.8279541 0.0629959 1.6543211 1.6518189 0.0896026 0.0792954 0.0306982 0.0819187 0.0792954 0.0819187 
PP974677_Megalocytivirus_pagrus1_ISKNV                   0.0254260 0.0735851 0.0738557 0.0254260 0.0629959 1.6543211 0.0000010 0.0000000 0.0735851 0.0738557 0.0895873 0.8279541 0.0629959 1.6543211 1.6518189 0.0896026 0.0792954 0.0306982 0.0819187 0.0792954 0.0819187 
OL774655_Megalocytivirus_pagrus1_RSIV                    0.0842579 0.0000010 0.0101112 0.0842579 0.0101132 1.6579178 0.0735851 0.0735851 0.0000000 0.0101112 0.1020361 0.8684543 0.0101132 1.6579178 1.6554314 0.1020553 0.0151987 0.0900775 0.0934673 0.0151987 0.0934673 
KC244182_Megalocytivirus_pagrus1_RSIV                    0.0845681 0.0101112 0.0000010 0.0845681 0.0203692 1.6741947 0.0738557 0.0738557 0.0101112 0.0000000 0.1024169 0.8784260 0.0203692 1.6741947 1.6716844 0.1024363 0.0050483 0.0904108 0.0938167 0.0050483 0.0938167 
MG570131_Megalocytivirus_pagrus1_TRBIV                   0.1069282 0.1020361 0.1024169 0.1069282 0.0911747 1.6661196 0.0895873 0.0895873 0.1020361 0.1024169 0.0000000 0.8875200 0.0911747 1.6661196 1.6635949 0.0100957 0.1080401 0.1129706 0.0571820 0.1080401 0.0571820 
PQ335173_PQ335174_Threespine_stickleback_iridovirus_TSIV 0.8192564 0.8684543 0.8784260 0.8192564 0.8746334 1.6737123 0.8279541 0.8279541 0.8684543 0.8784260 0.8875200 0.0000000 0.8746334 1.6737123 1.6588386 0.8824108 0.8902847 0.8165339 0.8690648 0.8902847 0.8690648 
AB104413_Megalocytivirus_pagrus1_RSIV                    0.0736131 0.0101132 0.0203692 0.0736131 0.0000010 1.6412190 0.0629959 0.0629959 0.0101132 0.0203692 0.0911747 0.8746334 0.0000000 1.6412190 1.6387525 0.0911907 0.0255155 0.0793599 0.0826127 0.0255155 0.0826127 
MT521409_Megalocytivirus_lates1_SDDV                     1.6631444 1.6579178 1.6741947 1.6631444 1.6412190 0.0000010 1.6543211 1.6543211 1.6579178 1.6741947 1.6661196 1.6737123 1.6412190 0.0000000 0.0051246 1.6575726 1.6856862 1.6601187 1.6355750 1.6856862 1.6355750 
OM037668_Megalocytivirus_lates1_SDDV                     1.6606072 1.6554314 1.6716844 1.6606072 1.6387525 0.0051246 1.6518189 1.6518189 1.6554314 1.6716844 1.6635949 1.6588386 1.6387525 0.0051246 0.0000000 1.6550621 1.6831550 1.6575873 1.6330889 1.6831550 1.6330889 
MG570132_Megalocytivirus_pagrus1_TRBIV                   0.1069488 0.1020553 0.1024363 0.1069488 0.0911907 1.6575726 0.0896026 0.0896026 0.1020553 0.1024363 0.0100957 0.8824108 0.0911907 1.6575726 1.6550621 0.0000000 0.1080612 0.1129933 0.0571896 0.1080612 0.0571896 
AP017456_Megalocytivirus_pagrus1_RSIV                    0.0900542 0.0151987 0.0050483 0.0900542 0.0255155 1.6856862 0.0792954 0.0792954 0.0151987 0.0050483 0.1080401 0.8902847 0.0255155 1.6856862 1.6831550 0.1080612 0.0000000 0.0959429 0.0994165 0.0000010 0.0994165 
MT926123_Megalocytivirus_pagrus1_ISKNV                   0.0050056 0.0900775 0.0904108 0.0050056 0.0793599 1.6601187 0.0306982 0.0306982 0.0900775 0.0904108 0.1129706 0.8165339 0.0793599 1.6601187 1.6575873 0.1129933 0.0959429 0.0000000 0.0937918 0.0959429 0.0937918 
OK042109_Megalocytivirus_pagrus1_RSIV                    0.0878651 0.0934673 0.0938167 0.0878651 0.0826127 1.6355750 0.0819187 0.0819187 0.0934673 0.0938167 0.0571820 0.8690648 0.0826127 1.6355750 1.6330889 0.0571896 0.0994165 0.0937918 0.0000000 0.0994165 0.0000010 
KT804738_Megalocytivirus_pagrus1_RSIV                    0.0900542 0.0151987 0.0050483 0.0900542 0.0255155 1.6856862 0.0792954 0.0792954 0.0151987 0.0050483 0.1080401 0.8902847 0.0255155 1.6856862 1.6831550 0.1080612 0.0000010 0.0959429 0.0994165 0.0000000 0.0994165 
GQ273492_Megalocytivirus_pagrus1_TRBIV                   0.0878651 0.0934673 0.0938167 0.0878651 0.0826127 1.6355750 0.0819187 0.0819187 0.0934673 0.0938167 0.0571820 0.8690648 0.0826127 1.6355750 1.6330889 0.0571896 0.0994165 0.0937918 0.0000010 0.0994165 0.0000000 
