25
KT781098_Megalocytivirus_pagrus1_ISKNV                   0.0000000 0.0397384 0.0397384 0.0000010 0.0301797 1.7127309 0.0395179 0.0419878 0.0400350 0.0419865 0.0420044 0.5275823 0.0021101 0.0302385 0.0397341 0.0419878 1.7127309 0.0400350 0.0419865 0.0148954 0.0127571 0.0420203 0.0395179 0.0127571 0.0280375 
OQ513807_Megalocytivirus_pagrus1_ISKNV                   0.0397384 0.0000000 0.0000010 0.0397384 0.0486319 1.7075260 0.0085240 0.0021044 0.0106866 0.0021043 0.0021052 0.5171884 0.0421004 0.0487298 0.0021072 0.0021044 1.7075260 0.0106866 0.0021043 0.0465371 0.0442872 0.0021057 0.0085240 0.0442872 0.0464487 
MK689685_Megalocytivirus_pagrus1_ISKNV                   0.0397384 0.0000010 0.0000000 0.0397384 0.0486319 1.7075260 0.0085240 0.0021044 0.0106866 0.0021043 0.0021052 0.5171884 0.0421004 0.0487298 0.0021072 0.0021044 1.7075260 0.0106866 0.0021043 0.0465371 0.0442872 0.0021057 0.0085240 0.0442872 0.0464487 
KT804738_Megalocytivirus_pagrus1_RSIV                    0.0000010 0.0397384 0.0397384 0.0000000 0.0301797 1.7127309 0.0395179 0.0419878 0.0400350 0.0419865 0.0420044 0.5275823 0.0021101 0.0302385 0.0397341 0.0419878 1.7127309 0.0400350 0.0419865 0.0148954 0.0127571 0.0420203 0.0395179 0.0127571 0.0280375 
GQ273492_Megalocytivirus_pagrus1_TRBIV                   0.0301797 0.0486319 0.0486319 0.0301797 0.0000000 1.7429542 0.0483664 0.0508920 0.0489866 0.0508901 0.0487530 0.5190000 0.0302230 0.0171031 0.0509707 0.0508920 1.7429542 0.0489866 0.0508901 0.0324892 0.0302987 0.0509325 0.0483664 0.0302987 0.0149431 
MN562489_Megalocytivirus_lates1_SDDV                     1.7127309 1.7075260 1.7075260 1.7127309 1.7429542 0.0000000 1.7534305 1.7129427 1.7600882 1.7067427 1.7123345 1.8698926 1.7045066 1.7349985 1.7148554 1.7129427 0.0000010 1.7600882 1.7067427 1.7228111 1.7219216 1.7163441 1.7534305 1.7219216 1.7318841 
OP009387_Megalocytivirus_pagrus1_ISKNV                   0.0395179 0.0085240 0.0085240 0.0395179 0.0483664 1.7534305 0.0000000 0.0106662 0.0021109 0.0106660 0.0106703 0.5218071 0.0418670 0.0484633 0.0106809 0.0106662 1.7534305 0.0021109 0.0106660 0.0462813 0.0440429 0.0106734 0.0000010 0.0440429 0.0461939 
MT128666_Megalocytivirus_pagrus1_ISKNV                   0.0419878 0.0021044 0.0021044 0.0419878 0.0508920 1.7129427 0.0106662 0.0000000 0.0128375 0.0042147 0.0042163 0.5207646 0.0443605 0.0509946 0.0042204 0.0000010 1.7129427 0.0128375 0.0042147 0.0488014 0.0465477 0.0042175 0.0106662 0.0465477 0.0487083 
MT986830_Megalocytivirus_pagrus1_ISKNV                   0.0400350 0.0106866 0.0106866 0.0400350 0.0489866 1.7600882 0.0021109 0.0128375 0.0000000 0.0128373 0.0128424 0.5232106 0.0424137 0.0490858 0.0128554 0.0128375 1.7600882 0.0000010 0.0128373 0.0468793 0.0446146 0.0128462 0.0021109 0.0446146 0.0467896 
MW883602_Megalocytivirus_pagrus1_ISKNV                   0.0419865 0.0021043 0.0021043 0.0419865 0.0508901 1.7067427 0.0106660 0.0042147 0.0128373 0.0000000 0.0042163 0.5169036 0.0443590 0.0509927 0.0042204 0.0042147 1.7067427 0.0128373 0.0000010 0.0487996 0.0465461 0.0042174 0.0106660 0.0465461 0.0487065 
MW883593_Megalocytivirus_pagrus1_ISKNV                   0.0420044 0.0021052 0.0021052 0.0420044 0.0487530 1.7123345 0.0106703 0.0042163 0.0128424 0.0042163 0.0000000 0.5189168 0.0443780 0.0488514 0.0042220 0.0042163 1.7123345 0.0128424 0.0042163 0.0488207 0.0465661 0.0042191 0.0106703 0.0465661 0.0465644 
PQ335173_PQ335174_Threespine_stickleback_iridovirus_TSIV 0.5275823 0.5171884 0.5171884 0.5275823 0.5190000 1.8698926 0.5218071 0.5207646 0.5232106 0.5169036 0.5189168 0.0000000 0.5212976 0.5157071 0.5226243 0.5207646 1.8698926 0.5232106 0.5169036 0.5169864 0.5134592 0.5219677 0.5218071 0.5134592 0.5118718 
OK042109_Megalocytivirus_pagrus1_RSIV                    0.0021101 0.0421004 0.0421004 0.0021101 0.0302230 1.7045066 0.0418670 0.0443605 0.0424137 0.0443590 0.0443780 0.5212976 0.0000000 0.0302820 0.0420962 0.0443605 1.7045066 0.0424137 0.0443590 0.0170843 0.0149366 0.0443952 0.0418670 0.0149366 0.0280775 
MG570131_Megalocytivirus_pagrus1_TRBIV                   0.0302385 0.0487298 0.0487298 0.0302385 0.0171031 1.7349985 0.0484633 0.0509946 0.0490858 0.0509927 0.0488514 0.5157071 0.0302820 0.0000000 0.0510736 0.0509946 1.7349985 0.0490858 0.0509927 0.0280835 0.0259026 0.0510353 0.0484633 0.0259026 0.0021146 
OR536350_Megalocytivirus_pagrus1_ISKNV                   0.0397341 0.0021072 0.0021072 0.0397341 0.0509707 1.7148554 0.0106809 0.0042204 0.0128554 0.0042204 0.0042220 0.5226243 0.0420962 0.0510736 0.0000000 0.0042204 1.7148554 0.0128554 0.0042204 0.0465333 0.0442832 0.0042232 0.0106809 0.0442832 0.0487834 
MW883603_Megalocytivirus_pagrus1_ISKNV                   0.0419878 0.0021044 0.0021044 0.0419878 0.0508920 1.7129427 0.0106662 0.0000010 0.0128375 0.0042147 0.0042163 0.5207646 0.0443605 0.0509946 0.0042204 0.0000000 1.7129427 0.0128375 0.0042147 0.0488014 0.0465477 0.0042175 0.0106662 0.0465477 0.0487083 
MT521409_Megalocytivirus_lates1_SDDV                     1.7127309 1.7075260 1.7075260 1.7127309 1.7429542 0.0000010 1.7534305 1.7129427 1.7600882 1.7067427 1.7123345 1.8698926 1.7045066 1.7349985 1.7148554 1.7129427 0.0000000 1.7600882 1.7067427 1.7228111 1.7219216 1.7163441 1.7534305 1.7219216 1.7318841 
PP974677_Megalocytivirus_pagrus1_ISKNV                   0.0400350 0.0106866 0.0106866 0.0400350 0.0489866 1.7600882 0.0021109 0.0128375 0.0000010 0.0128373 0.0128424 0.5232106 0.0424137 0.0490858 0.0128554 0.0128375 1.7600882 0.0000000 0.0128373 0.0468793 0.0446146 0.0128462 0.0021109 0.0446146 0.0467896 
MW273354_Megalocytivirus_pagrus1_ISKNV                   0.0419865 0.0021043 0.0021043 0.0419865 0.0508901 1.7067427 0.0106660 0.0042147 0.0128373 0.0000010 0.0042163 0.5169036 0.0443590 0.0509927 0.0042204 0.0042147 1.7067427 0.0128373 0.0000000 0.0487996 0.0465461 0.0042174 0.0106660 0.0465461 0.0487065 
MK098187_Megalocytivirus_pagrus1_RSIV                    0.0148954 0.0465371 0.0465371 0.0148954 0.0324892 1.7228111 0.0462813 0.0488014 0.0468793 0.0487996 0.0488207 0.5169864 0.0170843 0.0280835 0.0465333 0.0488014 1.7228111 0.0468793 0.0487996 0.0000000 0.0021090 0.0488401 0.0462813 0.0021090 0.0258854 
BD143114_Megalocytivirus_pagrus1_RSIV                    0.0127571 0.0442872 0.0442872 0.0127571 0.0302987 1.7219216 0.0440429 0.0465477 0.0446146 0.0465461 0.0465661 0.5134592 0.0149366 0.0259026 0.0442832 0.0465477 1.7219216 0.0446146 0.0465461 0.0021090 0.0000000 0.0465844 0.0440429 0.0000010 0.0237093 
MT926123_Megalocytivirus_pagrus1_ISKNV                   0.0420203 0.0021057 0.0021057 0.0420203 0.0509325 1.7163441 0.0106734 0.0042175 0.0128462 0.0042174 0.0042191 0.5219677 0.0443952 0.0510353 0.0042232 0.0042175 1.7163441 0.0128462 0.0042174 0.0488401 0.0465844 0.0000000 0.0106734 0.0465844 0.0487468 
MN432490_Megalocytivirus_pagrus1_ISKNV                   0.0395179 0.0085240 0.0085240 0.0395179 0.0483664 1.7534305 0.0000010 0.0106662 0.0021109 0.0106660 0.0106703 0.5218071 0.0418670 0.0484633 0.0106809 0.0106662 1.7534305 0.0021109 0.0106660 0.0462813 0.0440429 0.0106734 0.0000000 0.0440429 0.0461939 
AB104413_Megalocytivirus_pagrus1_RSIV                    0.0127571 0.0442872 0.0442872 0.0127571 0.0302987 1.7219216 0.0440429 0.0465477 0.0446146 0.0465461 0.0465661 0.5134592 0.0149366 0.0259026 0.0442832 0.0465477 1.7219216 0.0446146 0.0465461 0.0021090 0.0000010 0.0465844 0.0440429 0.0000000 0.0237093 
MG570132_Megalocytivirus_pagrus1_TRBIV                   0.0280375 0.0464487 0.0464487 0.0280375 0.0149431 1.7318841 0.0461939 0.0487083 0.0467896 0.0487065 0.0465644 0.5118718 0.0280775 0.0021146 0.0487834 0.0487083 1.7318841 0.0467896 0.0487065 0.0258854 0.0237093 0.0487468 0.0461939 0.0237093 0.0000000 
