23
OP009387_Megalocytivirus_pagrus1_ISKNV                   0.0000000 0.0137223 0.1538767 0.1467157 0.0137223 0.0171924 0.1456185 0.1498086 0.0171924 0.1538767 0.1456185 2.0186607 0.0000010 0.1467157 0.0172273 0.1723471 0.1421273 0.1580805 0.0171945 0.1752012 0.1632677 0.0171777 0.0172273 
MW883599_Megalocytivirus_pagrus1_ISKNV                   0.0137223 0.0000000 0.1572008 0.1500661 0.0000010 0.0033990 0.1489475 0.1531360 0.0033990 0.1572008 0.1489475 1.9898686 0.0137223 0.1500661 0.0034058 0.1757187 0.1454716 0.1614031 0.0033995 0.1785531 0.1666293 0.0033960 0.0034058 
MT798582_Megalocytivirus_pagrus1_RSIV                    0.1538767 0.1572008 0.0000000 0.0525231 0.1572008 0.1613708 0.0067866 0.0102079 0.1613708 0.0000010 0.0067866 2.0873560 0.1538767 0.0525231 0.1617513 0.1706181 0.0487578 0.0033775 0.1545206 0.1734439 0.1498816 0.1573595 0.1617513 
MK098185_Megalocytivirus_pagrus1_RSIV                    0.1467157 0.1500661 0.0525231 0.0000000 0.1500661 0.1542283 0.0453137 0.0489359 0.1542283 0.0525231 0.0453137 1.9499042 0.1467157 0.0000010 0.1545919 0.1439556 0.0034028 0.0561693 0.1474309 0.1468816 0.1318533 0.1502160 0.1545919 
MW883603_Megalocytivirus_pagrus1_ISKNV                   0.0137223 0.0000010 0.1572008 0.1500661 0.0000000 0.0033990 0.1489475 0.1531360 0.0033990 0.1572008 0.1489475 1.9898686 0.0137223 0.1500661 0.0034058 0.1757187 0.1454716 0.1614031 0.0033995 0.1785531 0.1666293 0.0033960 0.0034058 
23043610005_Megalocytivirus_pagrus1_ISKNV                0.0171924 0.0033990 0.1613708 0.1542283 0.0033990 0.0000000 0.1530772 0.1572872 0.0000010 0.1613708 0.1530772 2.0122223 0.0171924 0.1542283 0.0068272 0.1800542 0.1496007 0.1655948 0.0068145 0.1828797 0.1709003 0.0068077 0.0068272 
AP017456_Megalocytivirus_pagrus1_RSIV                    0.1456185 0.1489475 0.0067866 0.0453137 0.1489475 0.1530772 0.0000000 0.0033877 0.1530772 0.0067866 0.0000010 2.0797415 0.1456185 0.0453137 0.1534353 0.1621539 0.0416041 0.0102053 0.1463392 0.1649986 0.1416133 0.1490951 0.1534353 
AY894343_Megalocytivirus_pagrus1_RSIV                    0.1498086 0.1531360 0.0102079 0.0489359 0.1531360 0.1572872 0.0033877 0.0000000 0.1572872 0.0102079 0.0033877 2.0876995 0.1498086 0.0489359 0.1576568 0.1630235 0.0451966 0.0136446 0.1504901 0.1658774 0.1458070 0.1532892 0.1576568 
23043610003_Megalocytivirus_pagrus1_ISKNV                0.0171924 0.0033990 0.1613708 0.1542283 0.0033990 0.0000010 0.1530772 0.1572872 0.0000000 0.1613708 0.1530772 2.0122223 0.0171924 0.1542283 0.0068272 0.1800542 0.1496007 0.1655948 0.0068145 0.1828797 0.1709003 0.0068077 0.0068272 
MT986830_Megalocytivirus_pagrus1_ISKNV                   0.1538767 0.1572008 0.0000010 0.0525231 0.1572008 0.1613708 0.0067866 0.0102079 0.1613708 0.0000000 0.0067866 2.0873560 0.1538767 0.0525231 0.1617513 0.1706181 0.0487578 0.0033775 0.1545206 0.1734439 0.1498816 0.1573595 0.1617513 
MK689686_Megalocytivirus_pagrus1_RSIV                    0.1456185 0.1489475 0.0067866 0.0453137 0.1489475 0.1530772 0.0000010 0.0033877 0.1530772 0.0067866 0.0000000 2.0797415 0.1456185 0.0453137 0.1534353 0.1621539 0.0416041 0.0102053 0.1463392 0.1649986 0.1416133 0.1490951 0.1534353 
PQ335173_PQ335174_Threespine_stickleback_iridovirus_TSIV 2.0186607 1.9898686 2.0873560 1.9499042 1.9898686 2.0122223 2.0797415 2.0876995 2.0122223 2.0873560 2.0797415 0.0000000 2.0186607 1.9499042 1.9867113 1.9730209 1.9724821 2.0816118 1.9941825 1.9509158 1.9283931 1.9992545 1.9867113 
MW883595_Megalocytivirus_pagrus1_ISKNV                   0.0000010 0.0137223 0.1538767 0.1467157 0.0137223 0.0171924 0.1456185 0.1498086 0.0171924 0.1538767 0.1456185 2.0186607 0.0000000 0.1467157 0.0172273 0.1723471 0.1421273 0.1580805 0.0171945 0.1752012 0.1632677 0.0171777 0.0172273 
MK098187_Megalocytivirus_pagrus1_RSIV                    0.1467157 0.1500661 0.0525231 0.0000010 0.1500661 0.1542283 0.0453137 0.0489359 0.1542283 0.0525231 0.0453137 1.9499042 0.1467157 0.0000000 0.1545919 0.1439556 0.0034028 0.0561693 0.1474309 0.1468816 0.1318533 0.1502160 0.1545919 
MW883602_Megalocytivirus_pagrus1_ISKNV                   0.0172273 0.0034058 0.1617513 0.1545919 0.0034058 0.0068272 0.1534353 0.1576568 0.0068272 0.1617513 0.1534353 1.9867113 0.0172273 0.1545919 0.0000000 0.1804937 0.1499509 0.1659869 0.0068281 0.1833249 0.1713122 0.0068213 0.0000010 
MG570131_Megalocytivirus_pagrus1_TRBIV                   0.1723471 0.1757187 0.1706181 0.1439556 0.1757187 0.1800542 0.1621539 0.1630235 0.1800542 0.1706181 0.1621539 1.9730209 0.1723471 0.1439556 0.1804937 0.0000000 0.1393388 0.1749323 0.1772650 0.0068638 0.0873187 0.1759068 0.1804937 
ON740976_Megalocytivirus_pagrus1_RSIV                    0.1421273 0.1454716 0.0487578 0.0034028 0.1454716 0.1496007 0.0416041 0.0451966 0.1496007 0.0487578 0.0416041 1.9724821 0.1421273 0.0034028 0.1499509 0.1393388 0.0000000 0.0523748 0.1428844 0.1422694 0.1273267 0.1456151 0.1499509 
OK042109_Megalocytivirus_pagrus1_RSIV                    0.1580805 0.1614031 0.0033775 0.0561693 0.1614031 0.1655948 0.0102053 0.0136446 0.1655948 0.0033775 0.0102053 2.0816118 0.1580805 0.0561693 0.1659869 0.1749323 0.0523748 0.0000000 0.1586865 0.1777495 0.1540907 0.1615676 0.1659869 
MW883594_Megalocytivirus_pagrus1_ISKNV                   0.0171945 0.0033995 0.1545206 0.1474309 0.0033995 0.0068145 0.1463392 0.1504901 0.0068145 0.1545206 0.1463392 1.9941825 0.0171945 0.1474309 0.0068281 0.1772650 0.1428844 0.1586865 0.0000000 0.1801124 0.1681002 0.0068086 0.0068281 
MG570132_Megalocytivirus_pagrus1_TRBIV                   0.1752012 0.1785531 0.1734439 0.1468816 0.1785531 0.1828797 0.1649986 0.1658774 0.1828797 0.1734439 0.1649986 1.9509158 0.1752012 0.1468816 0.1833249 0.0068638 0.1422694 0.1777495 0.1801124 0.0000000 0.0873788 0.1787444 0.1833249 
GQ273492_Megalocytivirus_pagrus1_TRBIV                   0.1632677 0.1666293 0.1498816 0.1318533 0.1666293 0.1709003 0.1416133 0.1458070 0.1709003 0.1498816 0.1416133 1.9283931 0.1632677 0.1318533 0.1713122 0.0873187 0.1273267 0.1540907 0.1681002 0.0873788 0.0000000 0.1668034 0.1713122 
MW273353_Megalocytivirus_pagrus1_ISKNV                   0.0171777 0.0033960 0.1573595 0.1502160 0.0033960 0.0068077 0.1490951 0.1532892 0.0068077 0.1573595 0.1490951 1.9992545 0.0171777 0.1502160 0.0068213 0.1759068 0.1456151 0.1615676 0.0068086 0.1787444 0.1668034 0.0000000 0.0068213 
MW883600_Megalocytivirus_pagrus1_ISKNV                   0.0172273 0.0034058 0.1617513 0.1545919 0.0034058 0.0068272 0.1534353 0.1576568 0.0068272 0.1617513 0.1534353 1.9867113 0.0172273 0.1545919 0.0000010 0.1804937 0.1499509 0.1659869 0.0068281 0.1833249 0.1713122 0.0068213 0.0000000 
