10
MK098186_Megalocytivirus_pagrus1_RSIV                    0.0000000 0.0205981 0.0205981 0.0000010 1.7077701 0.0290672 1.7077701 0.5892762 0.0291670 0.0290672 
ON212400_Megalocytivirus_pagrus1_ISKNV                   0.0205981 0.0000000 0.0000010 0.0205981 1.7210027 0.0249494 1.7210027 0.5558883 0.0250362 0.0249494 
MW883593_Megalocytivirus_pagrus1_ISKNV                   0.0205981 0.0000010 0.0000000 0.0205981 1.7210027 0.0249494 1.7210027 0.5558883 0.0250362 0.0249494 
MK098187_Megalocytivirus_pagrus1_RSIV                    0.0000010 0.0205981 0.0205981 0.0000000 1.7077701 0.0290672 1.7077701 0.5892762 0.0291670 0.0290672 
MN562489_Megalocytivirus_lates1_SDDV                     1.7077701 1.7210027 1.7210027 1.7077701 0.0000000 1.7148548 0.0000010 1.6282718 1.7282952 1.7148548 
MG570132_Megalocytivirus_pagrus1_TRBIV                   0.0290672 0.0249494 0.0249494 0.0290672 1.7148548 0.0000000 1.7148548 0.5656304 0.0040925 0.0000010 
MT521409_Megalocytivirus_lates1_SDDV                     1.7077701 1.7210027 1.7210027 1.7077701 0.0000010 1.7148548 0.0000000 1.6282718 1.7282952 1.7148548 
PQ335173_PQ335174_Threespine_stickleback_iridovirus_TSIV 0.5892762 0.5558883 0.5558883 0.5892762 1.6282718 0.5656304 1.6282718 0.0000000 0.5733462 0.5656304 
GQ273492_Megalocytivirus_pagrus1_TRBIV                   0.0291670 0.0250362 0.0250362 0.0291670 1.7282952 0.0040925 1.7282952 0.5733462 0.0000000 0.0040925 
MG570131_Megalocytivirus_pagrus1_TRBIV                   0.0290672 0.0249494 0.0249494 0.0290672 1.7148548 0.0000010 1.7148548 0.5656304 0.0040925 0.0000000 
