15
KT781098_Megalocytivirus_pagrus1_ISKNV                   0.0000000 0.0000010 0.0318766 0.0399470 0.0318766 1.8175662 0.0482586 0.0646695 0.0401642 0.8040350 1.8175662 0.0828101 0.0401642 0.0399470 0.0077742 
OR356116_Megalocytivirus_pagrus1_ISKNV                   0.0000010 0.0000000 0.0318766 0.0399470 0.0318766 1.8175662 0.0482586 0.0646695 0.0401642 0.8040350 1.8175662 0.0828101 0.0401642 0.0399470 0.0077742 
OK042109_Megalocytivirus_pagrus1_RSIV                    0.0318766 0.0318766 0.0000000 0.0078240 0.0000010 1.8344715 0.0480012 0.0643332 0.0399470 0.7701599 1.8344715 0.0823847 0.0399470 0.0078240 0.0399465 
KT804738_Megalocytivirus_pagrus1_RSIV                    0.0399470 0.0399470 0.0078240 0.0000000 0.0078240 1.8301922 0.0561489 0.0725660 0.0480618 0.7563573 1.8301922 0.0908464 0.0480618 0.0000010 0.0480577 
ON740976_Megalocytivirus_pagrus1_RSIV                    0.0318766 0.0318766 0.0000010 0.0078240 0.0000000 1.8344715 0.0480012 0.0643332 0.0399470 0.7701599 1.8344715 0.0823847 0.0399470 0.0078240 0.0399465 
MN562489_Megalocytivirus_lates1_SDDV                     1.8175662 1.8175662 1.8344715 1.8301922 1.8344715 0.0000000 1.8278424 1.8340206 1.8259748 1.7120740 0.0000010 1.9033473 1.8259748 1.8301922 1.8307292 
MG570132_Megalocytivirus_pagrus1_TRBIV                   0.0482586 0.0482586 0.0480012 0.0561489 0.0480012 1.8278424 0.0000000 0.0155652 0.0398295 0.7983174 1.8278424 0.0319136 0.0398295 0.0561489 0.0564466 
GQ273492_Megalocytivirus_pagrus1_TRBIV                   0.0646695 0.0646695 0.0643332 0.0725660 0.0643332 1.8340206 0.0155652 0.0000000 0.0560455 0.8176602 1.8340206 0.0480862 0.0560455 0.0725660 0.0729423 
MW883595_Megalocytivirus_pagrus1_ISKNV                   0.0401642 0.0401642 0.0399470 0.0480618 0.0399470 1.8259748 0.0398295 0.0560455 0.0000000 0.7889141 1.8259748 0.0738273 0.0000010 0.0480618 0.0483197 
PQ335173_PQ335174_Threespine_stickleback_iridovirus_TSIV 0.8040350 0.8040350 0.7701599 0.7563573 0.7701599 1.7120740 0.7983174 0.8176602 0.7889141 0.0000000 1.7120740 0.8779510 0.7889141 0.7563573 0.7902671 
MT521409_Megalocytivirus_lates1_SDDV                     1.8175662 1.8175662 1.8344715 1.8301922 1.8344715 0.0000010 1.8278424 1.8340206 1.8259748 1.7120740 0.0000000 1.9033473 1.8259748 1.8301922 1.8307292 
MG570131_Megalocytivirus_pagrus1_TRBIV                   0.0828101 0.0828101 0.0823847 0.0908464 0.0823847 1.9033473 0.0319136 0.0480862 0.0738273 0.8779510 1.9033473 0.0000000 0.0738273 0.0908464 0.0913131 
MN432490_Megalocytivirus_pagrus1_ISKNV                   0.0401642 0.0401642 0.0399470 0.0480618 0.0399470 1.8259748 0.0398295 0.0560455 0.0000010 0.7889141 1.8259748 0.0738273 0.0000000 0.0480618 0.0483197 
ON743042_Megalocytivirus_pagrus1_RSIV                    0.0399470 0.0399470 0.0078240 0.0000010 0.0078240 1.8301922 0.0561489 0.0725660 0.0480618 0.7563573 1.8301922 0.0908464 0.0480618 0.0000000 0.0480577 
MW883606_Megalocytivirus_pagrus1_ISKNV                   0.0077742 0.0077742 0.0399465 0.0480577 0.0399465 1.8307292 0.0564466 0.0729423 0.0483197 0.7902671 1.8307292 0.0913131 0.0483197 0.0480577 0.0000000 
