21
MT798582_Megalocytivirus_pagrus1_RSIV                    0.0000000 0.0934449 0.0934449 0.0083563 0.0918777 0.0918777 0.0351494 0.0000010 0.0083563 0.0351494 0.0704395 1.0732038 0.0260024 0.0819928 0.1031851 0.0819928 0.0440765 0.1379496 0.1033319 0.1379496 0.1020362 
AF371960_Megalocytivirus_pagrus1_ISKNV                   0.0934449 0.0000000 0.0000010 0.1034003 0.0082299 0.0082299 0.0810081 0.0934449 0.1034003 0.0810081 0.0786640 1.0428252 0.0710678 0.0166436 0.0082325 0.0166436 0.0902376 0.1299297 0.0082429 0.1299297 0.0166240 
MW883597_Megalocytivirus_pagrus1_ISKNV                   0.0934449 0.0000010 0.0000000 0.1034003 0.0082299 0.0082299 0.0810081 0.0934449 0.1034003 0.0810081 0.0786640 1.0428252 0.0710678 0.0166436 0.0082325 0.0166436 0.0902376 0.1299297 0.0082429 0.1299297 0.0166240 
OL774653_Megalocytivirus_pagrus1_RSIV                    0.0083563 0.1034003 0.1034003 0.0000000 0.1017133 0.1017133 0.0442336 0.0083563 0.0000010 0.0442336 0.0797906 1.0904937 0.0349006 0.0916764 0.1132504 0.0916764 0.0532512 0.1487463 0.1134124 0.1487463 0.1120383 
23043610005_Megalocytivirus_pagrus1_ISKNV                0.0918777 0.0082299 0.0082299 0.1017133 0.0000000 0.0000010 0.0718551 0.0918777 0.1017133 0.0718551 0.0697448 1.0359969 0.0620548 0.0082963 0.0165415 0.0082963 0.0810392 0.1398911 0.0165624 0.1398911 0.0082866 
23043610003_Megalocytivirus_pagrus1_ISKNV                0.0918777 0.0082299 0.0082299 0.1017133 0.0000010 0.0000000 0.0718551 0.0918777 0.1017133 0.0718551 0.0697448 1.0359969 0.0620548 0.0082963 0.0165415 0.0082963 0.0810392 0.1398911 0.0165624 0.1398911 0.0082866 
MK098187_Megalocytivirus_pagrus1_RSIV                    0.0351494 0.0810081 0.0810081 0.0442336 0.0718551 0.0718551 0.0000000 0.0351494 0.0442336 0.0000010 0.0515788 1.0205914 0.0084565 0.0623454 0.0809298 0.0623454 0.0083943 0.1343304 0.0905290 0.1343304 0.0816104 
OQ475017_Megalocytivirus_pagrus1_RSIV                    0.0000010 0.0934449 0.0934449 0.0083563 0.0918777 0.0918777 0.0351494 0.0000000 0.0083563 0.0351494 0.0704395 1.0732038 0.0260024 0.0819928 0.1031851 0.0819928 0.0440765 0.1379496 0.1033319 0.1379496 0.1020362 
ON743042_Megalocytivirus_pagrus1_RSIV                    0.0083563 0.1034003 0.1034003 0.0000010 0.1017133 0.1017133 0.0442336 0.0083563 0.0000000 0.0442336 0.0797906 1.0904937 0.0349006 0.0916764 0.1132504 0.0916764 0.0532512 0.1487463 0.1134124 0.1487463 0.1120383 
MK098185_Megalocytivirus_pagrus1_RSIV                    0.0351494 0.0810081 0.0810081 0.0442336 0.0718551 0.0718551 0.0000010 0.0351494 0.0442336 0.0000000 0.0515788 1.0205914 0.0084565 0.0623454 0.0809298 0.0623454 0.0083943 0.1343304 0.0905290 0.1343304 0.0816104 
GQ273492_Megalocytivirus_pagrus1_TRBIV                   0.0704395 0.0786640 0.0786640 0.0797906 0.0697448 0.0697448 0.0515788 0.0704395 0.0797906 0.0515788 0.0000000 1.0733720 0.0424027 0.0681769 0.0878193 0.0681769 0.0603719 0.1302041 0.0879377 0.1302041 0.0792343 
PQ335173_PQ335174_Threespine_stickleback_iridovirus_TSIV 1.0732038 1.0428252 1.0428252 1.0904937 1.0359969 1.0359969 1.0205914 1.0732038 1.0904937 1.0205914 1.0733720 0.0000000 1.0516693 1.0529557 1.0449094 1.0529557 1.0429613 1.0707948 1.0696101 1.0707948 1.0025419 
MW883598_Megalocytivirus_pagrus1_RSIV                    0.0260024 0.0710678 0.0710678 0.0349006 0.0620548 0.0620548 0.0084565 0.0260024 0.0349006 0.0084565 0.0424027 1.0516693 0.0000000 0.0527488 0.0802968 0.0527488 0.0169682 0.1230492 0.0804065 0.1230492 0.0715909 
MN432490_Megalocytivirus_pagrus1_ISKNV                   0.0819928 0.0166436 0.0166436 0.0916764 0.0082963 0.0082963 0.0623454 0.0819928 0.0916764 0.0623454 0.0681769 1.0529557 0.0527488 0.0000000 0.0250904 0.0000010 0.0714269 0.1509408 0.0251226 0.1509408 0.0167609 
MW883594_Megalocytivirus_pagrus1_ISKNV                   0.1031851 0.0082325 0.0082325 0.1132504 0.0165415 0.0165415 0.0809298 0.1031851 0.1132504 0.0809298 0.0878193 1.0449094 0.0802968 0.0250904 0.0000000 0.0250904 0.0901528 0.1398772 0.0165679 0.1398772 0.0250603 
PP974677_Megalocytivirus_pagrus1_ISKNV                   0.0819928 0.0166436 0.0166436 0.0916764 0.0082963 0.0082963 0.0623454 0.0819928 0.0916764 0.0623454 0.0681769 1.0529557 0.0527488 0.0000010 0.0250904 0.0000000 0.0714269 0.1509408 0.0251226 0.1509408 0.0167609 
MK098186_Megalocytivirus_pagrus1_RSIV                    0.0440765 0.0902376 0.0902376 0.0532512 0.0810392 0.0810392 0.0083943 0.0440765 0.0532512 0.0083943 0.0603719 1.0429613 0.0169682 0.0714269 0.0901528 0.0714269 0.0000000 0.1442955 0.0998401 0.1442955 0.0909084 
MG570132_Megalocytivirus_pagrus1_TRBIV                   0.1379496 0.1299297 0.1299297 0.1487463 0.1398911 0.1398911 0.1343304 0.1379496 0.1487463 0.1343304 0.1302041 1.0707948 0.1230492 0.1509408 0.1398772 0.1509408 0.1442955 0.0000000 0.1400760 0.0000010 0.1507104 
MW883599_Megalocytivirus_pagrus1_ISKNV                   0.1033319 0.0082429 0.0082429 0.1134124 0.0165624 0.0165624 0.0905290 0.1033319 0.1134124 0.0905290 0.0879377 1.0696101 0.0804065 0.0251226 0.0165679 0.0251226 0.0998401 0.1400760 0.0000000 0.1400760 0.0250924 
MG570131_Megalocytivirus_pagrus1_TRBIV                   0.1379496 0.1299297 0.1299297 0.1487463 0.1398911 0.1398911 0.1343304 0.1379496 0.1487463 0.1343304 0.1302041 1.0707948 0.1230492 0.1509408 0.1398772 0.1509408 0.1442955 0.0000010 0.1400760 0.0000000 0.1507104 
MW883600_Megalocytivirus_pagrus1_ISKNV                   0.1020362 0.0166240 0.0166240 0.1120383 0.0082866 0.0082866 0.0816104 0.1020362 0.1120383 0.0816104 0.0792343 1.0025419 0.0715909 0.0167609 0.0250603 0.0167609 0.0909084 0.1507104 0.0250924 0.1507104 0.0000000 
