21
MN432490_Megalocytivirus_pagrus1_ISKNV                   0.0000000 0.0038766 0.0732017 0.0472996 0.0038766 0.0274417 0.0472996 0.0821573 0.0433053 1.1584876 0.0000010 0.0635891 0.0274417 0.0077599 0.0116665 0.0116665 0.0321295 0.0077599 0.0077674 0.0314224 0.0077606 
MW883602_Megalocytivirus_pagrus1_ISKNV                   0.0038766 0.0000000 0.0773302 0.0512819 0.0000010 0.0313871 0.0512819 0.0863328 0.0472798 1.1493108 0.0038766 0.0676165 0.0313871 0.0038744 0.0077678 0.0077678 0.0361751 0.0038744 0.0038781 0.0353787 0.0038748 
MG570132_Megalocytivirus_pagrus1_TRBIV                   0.0732017 0.0773302 0.0000000 0.0803205 0.0773302 0.0599106 0.0803205 0.0078568 0.0762123 1.1456202 0.0732017 0.0478613 0.0599106 0.0814642 0.0857356 0.0857356 0.0640759 0.0814642 0.0815434 0.0600312 0.0814654 
MT798582_Megalocytivirus_pagrus1_RSIV                    0.0472996 0.0512819 0.0803205 0.0000000 0.0512819 0.0230659 0.0000010 0.0892311 0.0038076 1.1546423 0.0472996 0.0825779 0.0230659 0.0552677 0.0593501 0.0593501 0.0275560 0.0552677 0.0553204 0.0269612 0.0552701 
MW883606_Megalocytivirus_pagrus1_ISKNV                   0.0038766 0.0000010 0.0773302 0.0512819 0.0000000 0.0313871 0.0512819 0.0863328 0.0472798 1.1493108 0.0038766 0.0676165 0.0313871 0.0038744 0.0077678 0.0077678 0.0361751 0.0038744 0.0038781 0.0353787 0.0038748 
MK098186_Megalocytivirus_pagrus1_RSIV                    0.0274417 0.0313871 0.0599106 0.0230659 0.0313871 0.0000000 0.0230659 0.0685765 0.0191984 1.1518125 0.0274417 0.0585883 0.0000010 0.0353361 0.0393520 0.0393520 0.0039091 0.0353361 0.0353700 0.0038247 0.0353384 
KC244182_Megalocytivirus_pagrus1_RSIV                    0.0472996 0.0512819 0.0803205 0.0000010 0.0512819 0.0230659 0.0000000 0.0892311 0.0038076 1.1546423 0.0472996 0.0825779 0.0230659 0.0552677 0.0593501 0.0593501 0.0275560 0.0552677 0.0553204 0.0269612 0.0552701 
MG570131_Megalocytivirus_pagrus1_TRBIV                   0.0821573 0.0863328 0.0078568 0.0892311 0.0863328 0.0685765 0.0892311 0.0000000 0.0850732 1.1614981 0.0821573 0.0563976 0.0685765 0.0905148 0.0948481 0.0948481 0.0728055 0.0905148 0.0906033 0.0687168 0.0905153 
MW883598_Megalocytivirus_pagrus1_RSIV                    0.0433053 0.0472798 0.0762123 0.0038076 0.0472798 0.0191984 0.0038076 0.0850732 0.0000000 1.1616680 0.0433053 0.0785531 0.0191984 0.0512578 0.0553265 0.0553265 0.0235904 0.0512578 0.0513068 0.0230816 0.0512602 
PQ335173_PQ335174_Threespine_stickleback_iridovirus_TSIV 1.1584876 1.1493108 1.1456202 1.1546423 1.1493108 1.1518125 1.1546423 1.1614981 1.1616680 0.0000000 1.1584876 1.1895846 1.1518125 1.1589307 1.1589201 1.1589201 1.1611349 1.1589307 1.1539928 1.1547753 1.1493108 
MT986830_Megalocytivirus_pagrus1_ISKNV                   0.0000010 0.0038766 0.0732017 0.0472996 0.0038766 0.0274417 0.0472996 0.0821573 0.0433053 1.1584876 0.0000000 0.0635891 0.0274417 0.0077599 0.0116665 0.0116665 0.0321295 0.0077599 0.0077674 0.0314224 0.0077606 
GQ273492_Megalocytivirus_pagrus1_TRBIV                   0.0635891 0.0676165 0.0478613 0.0825779 0.0676165 0.0585883 0.0825779 0.0563976 0.0785531 1.1895846 0.0635891 0.0000000 0.0585883 0.0716482 0.0758005 0.0758005 0.0640156 0.0716482 0.0717166 0.0626152 0.0716500 
MK098185_Megalocytivirus_pagrus1_RSIV                    0.0274417 0.0313871 0.0599106 0.0230659 0.0313871 0.0000010 0.0230659 0.0685765 0.0191984 1.1518125 0.0274417 0.0585883 0.0000000 0.0353361 0.0393520 0.0393520 0.0039091 0.0353361 0.0353700 0.0038247 0.0353384 
OR670976_Megalocytivirus_pagrus1_ISKNV                   0.0077599 0.0038744 0.0814642 0.0552677 0.0038744 0.0353361 0.0552677 0.0905148 0.0512578 1.1589307 0.0077599 0.0716482 0.0353361 0.0000000 0.0116600 0.0116600 0.0402245 0.0000010 0.0077630 0.0393385 0.0077563 
23043610003_Megalocytivirus_pagrus1_ISKNV                0.0116665 0.0077678 0.0857356 0.0593501 0.0077678 0.0393520 0.0593501 0.0948481 0.0553265 1.1589201 0.0116665 0.0758005 0.0393520 0.0116600 0.0000000 0.0000010 0.0443501 0.0116600 0.0116712 0.0433712 0.0038778 
23043610005_Megalocytivirus_pagrus1_ISKNV                0.0116665 0.0077678 0.0857356 0.0593501 0.0077678 0.0393520 0.0593501 0.0948481 0.0553265 1.1589201 0.0116665 0.0758005 0.0393520 0.0116600 0.0000010 0.0000000 0.0443501 0.0116600 0.0116712 0.0433712 0.0038778 
OQ475017_Megalocytivirus_pagrus1_RSIV                    0.0321295 0.0361751 0.0640759 0.0275560 0.0361751 0.0039091 0.0275560 0.0728055 0.0235904 1.1611349 0.0321295 0.0640156 0.0039091 0.0402245 0.0443501 0.0443501 0.0000000 0.0402245 0.0402639 0.0078331 0.0402269 
OQ513807_Megalocytivirus_pagrus1_ISKNV                   0.0077599 0.0038744 0.0814642 0.0552677 0.0038744 0.0353361 0.0552677 0.0905148 0.0512578 1.1589307 0.0077599 0.0716482 0.0353361 0.0000010 0.0116600 0.0116600 0.0402245 0.0000000 0.0077630 0.0393385 0.0077563 
MK689685_Megalocytivirus_pagrus1_ISKNV                   0.0077674 0.0038781 0.0815434 0.0553204 0.0038781 0.0353700 0.0553204 0.0906033 0.0513068 1.1539928 0.0077674 0.0717166 0.0353700 0.0077630 0.0116712 0.0116712 0.0402639 0.0077630 0.0000000 0.0393761 0.0077637 
ON743042_Megalocytivirus_pagrus1_RSIV                    0.0314224 0.0353787 0.0600312 0.0269612 0.0353787 0.0038247 0.0269612 0.0687168 0.0230816 1.1547753 0.0314224 0.0626152 0.0038247 0.0393385 0.0433712 0.0433712 0.0078331 0.0393385 0.0393761 0.0000000 0.0393408 
MW883594_Megalocytivirus_pagrus1_ISKNV                   0.0077606 0.0038748 0.0814654 0.0552701 0.0038748 0.0353384 0.0552701 0.0905153 0.0512602 1.1493108 0.0077606 0.0716500 0.0353384 0.0077563 0.0038778 0.0038778 0.0402269 0.0077563 0.0077637 0.0393408 0.0000000 
