31
NC_003494_Megalocytivirus_pagrus1_ISKNV                  0.0000000 0.0000010 1.6085863 0.1329039 0.2114979 0.1655313 3.3942702 0.1308554 0.1308554 0.1360057 0.2198829 0.0026902 3.3942702 0.1690573 0.1655313 0.1340632 0.1360659 0.1719184 0.1719184 0.0026902 0.0053898 0.1329039 0.0000010 0.0135421 0.0135421 0.0026902 0.0026902 0.1690573 0.0026939 0.2198829 0.0053894 
AF371960_Megalocytivirus_pagrus1_ISKNV                   0.0000010 0.0000000 1.6085863 0.1329039 0.2114979 0.1655313 3.3942702 0.1308554 0.1308554 0.1360057 0.2198829 0.0026902 3.3942702 0.1690573 0.1655313 0.1340632 0.1360659 0.1719184 0.1719184 0.0026902 0.0053898 0.1329039 0.0000010 0.0135421 0.0135421 0.0026902 0.0026902 0.1690573 0.0026939 0.2198829 0.0053894 
PQ335173_PQ335174_Threespine_stickleback_iridovirus_TSIV 1.6085863 1.6085863 0.0000000 1.6526587 1.6913609 1.6861430 4.9281287 1.6445916 1.6445916 1.6654440 1.7243939 1.6054467 4.9281287 1.6888546 1.6861430 1.6559065 1.6720243 1.6771246 1.6771246 1.6085863 1.6054467 1.6526587 1.6085863 1.6000780 1.6000780 1.6085863 1.6054467 1.6888546 1.6090186 1.7243939 1.6058347 
MT798582_Megalocytivirus_pagrus1_RSIV                    0.1329039 0.1329039 1.6526587 0.0000000 0.1660927 0.0713782 3.3527492 0.0053919 0.0053919 0.0026921 0.1647066 0.1359150 3.3527492 0.0745260 0.0713782 0.0081018 0.0026926 0.0773648 0.0773648 0.1359150 0.1390894 0.0000010 0.1332839 0.1422666 0.1422666 0.1359150 0.1359150 0.0745260 0.1361246 0.1647066 0.1328069 
GQ273492_Megalocytivirus_pagrus1_TRBIV                   0.2114979 0.2114979 1.6913609 0.1660927 0.0000000 0.1781814 3.6057104 0.1658542 0.1658542 0.1694156 0.0822187 0.2131691 3.6057104 0.1818856 0.1781814 0.1692971 0.1695057 0.1848547 0.1848547 0.2148196 0.2160389 0.1660927 0.2121590 0.2223331 0.2223331 0.2148196 0.2131691 0.1818856 0.2151835 0.0822187 0.2167483 
ON740976_Megalocytivirus_pagrus1_RSIV                    0.1655313 0.1655313 1.6861430 0.0713782 0.1781814 0.0000000 3.1905992 0.0773951 0.0773951 0.0743789 0.1783739 0.1686364 3.1905992 0.0026877 0.0000010 0.0804804 0.0744034 0.0053704 0.0053704 0.1686364 0.1719486 0.0713782 0.1660175 0.1752650 0.1752650 0.1686364 0.1686364 0.0026877 0.1689042 0.1783739 0.1654070 
MN562489_Megalocytivirus_lates1_SDDV                     3.3942702 3.3942702 4.9281287 3.3527492 3.6057104 3.1905992 0.0000000 3.3369448 3.3369448 3.3490889 3.6058994 3.4165808 0.0000010 3.1890329 3.1905992 3.3303592 3.4060550 3.1927927 3.1927927 3.3851540 3.4305872 3.3527492 3.3996219 3.3762683 3.3762683 3.3851540 3.4165808 3.1890329 3.3942702 3.6058994 3.4155623 
AY894343_Megalocytivirus_pagrus1_RSIV                    0.1308554 0.1308554 1.6445916 0.0053919 0.1658542 0.0773951 3.3369448 0.0000000 0.0000010 0.0080960 0.1644687 0.1338772 3.3369448 0.0805634 0.0773951 0.0026911 0.0080976 0.0833991 0.0833991 0.1338772 0.1370603 0.0053919 0.1312309 0.1402460 0.1402460 0.1338772 0.1338772 0.0805634 0.1340844 0.1644687 0.1307595 
KT804738_Megalocytivirus_pagrus1_RSIV                    0.1308554 0.1308554 1.6445916 0.0053919 0.1658542 0.0773951 3.3369448 0.0000010 0.0000000 0.0080960 0.1644687 0.1338772 3.3369448 0.0805634 0.0773951 0.0026911 0.0080976 0.0833991 0.0833991 0.1338772 0.1370603 0.0053919 0.1312309 0.1402460 0.1402460 0.1338772 0.1338772 0.0805634 0.1340844 0.1644687 0.1307595 
OK042109_Megalocytivirus_pagrus1_RSIV                    0.1360057 0.1360057 1.6654440 0.0026921 0.1694156 0.0743789 3.3490889 0.0080960 0.0080960 0.0000000 0.1680505 0.1390218 3.3490889 0.0775368 0.0743789 0.0108134 0.0053917 0.0803740 0.0803740 0.1390218 0.1422051 0.0026921 0.1363950 0.1453914 0.1453914 0.1390218 0.1390218 0.0775368 0.1392365 0.1680505 0.1359062 
MG570131_Megalocytivirus_pagrus1_TRBIV                   0.2198829 0.2198829 1.7243939 0.1647066 0.0822187 0.1783739 3.6058994 0.1644687 0.1644687 0.1680505 0.0000000 0.2232400 3.6058994 0.1820767 0.1783739 0.1679324 0.1681400 0.1850439 0.1850439 0.2232400 0.2261759 0.1647066 0.2205769 0.2379931 0.2379931 0.2232400 0.2232400 0.1820767 0.2236221 0.0000010 0.2268541 
23043610003_Megalocytivirus_pagrus1_ISKNV                0.0026902 0.0026902 1.6054467 0.1359150 0.2131691 0.1686364 3.4165808 0.1338772 0.1338772 0.1390218 0.2232400 0.0000000 3.4165808 0.1721716 0.1686364 0.1370919 0.1390841 0.1750315 0.1750315 0.0053842 0.0026899 0.1359150 0.0026971 0.0162590 0.0162590 0.0053842 0.0000010 0.1721716 0.0053916 0.2232400 0.0026897 
MT521409_Megalocytivirus_lates1_SDDV                     3.3942702 3.3942702 4.9281287 3.3527492 3.6057104 3.1905992 0.0000010 3.3369448 3.3369448 3.3490889 3.6058994 3.4165808 0.0000000 3.1890329 3.1905992 3.3303592 3.4060550 3.1927927 3.1927927 3.3851540 3.4305872 3.3527492 3.3996219 3.3762683 3.3762683 3.3851540 3.4165808 3.1890329 3.3942702 3.6058994 3.4155623 
AB104413_Megalocytivirus_pagrus1_RSIV                    0.1690573 0.1690573 1.6888546 0.0745260 0.1818856 0.0026877 3.1890329 0.0805634 0.0805634 0.0775368 0.1820767 0.1721716 3.1890329 0.0000000 0.0026877 0.0836622 0.0775628 0.0080799 0.0080799 0.1721716 0.1754980 0.0745260 0.1695552 0.1788287 0.1788287 0.1721716 0.1721716 0.0000010 0.1724459 0.1820767 0.1689300 
MW139932_Megalocytivirus_pagrus1_RSIV                    0.1655313 0.1655313 1.6861430 0.0713782 0.1781814 0.0000010 3.1905992 0.0773951 0.0773951 0.0743789 0.1783739 0.1686364 3.1905992 0.0026877 0.0000000 0.0804804 0.0744034 0.0053704 0.0053704 0.1686364 0.1719486 0.0713782 0.1660175 0.1752650 0.1752650 0.1686364 0.1686364 0.0026877 0.1689042 0.1783739 0.1654070 
AP017456_Megalocytivirus_pagrus1_RSIV                    0.1340632 0.1340632 1.6559065 0.0081018 0.1692971 0.0804804 3.3303592 0.0026911 0.0026911 0.0108134 0.1679324 0.1370919 3.3303592 0.0836622 0.0804804 0.0000000 0.0108156 0.0864994 0.0864994 0.1370919 0.1402860 0.0081018 0.1344487 0.1434828 0.1434828 0.1370919 0.1370919 0.0836622 0.1373045 0.1679324 0.1339648 
KC244182_Megalocytivirus_pagrus1_RSIV                    0.1360659 0.1360659 1.6720243 0.0026926 0.1695057 0.0744034 3.4060550 0.0080976 0.0080976 0.0053917 0.1681400 0.1390841 3.4060550 0.0775628 0.0744034 0.0108156 0.0000000 0.0804013 0.0804013 0.1390841 0.1422698 0.0026926 0.1364557 0.1454585 0.1454585 0.1390841 0.1390841 0.0775628 0.1392991 0.1681400 0.1359663 
MK098187_Megalocytivirus_pagrus1_RSIV                    0.1719184 0.1719184 1.6771246 0.0773648 0.1848547 0.0053704 3.1927927 0.0833991 0.0833991 0.0803740 0.1850439 0.1750315 3.1927927 0.0080799 0.0053704 0.0864994 0.0804013 0.0000000 0.0000010 0.1750315 0.1783600 0.0773648 0.1724243 0.1816932 0.1816932 0.1750315 0.1750315 0.0080799 0.1753102 0.1850439 0.1717890 
MK098186_Megalocytivirus_pagrus1_RSIV                    0.1719184 0.1719184 1.6771246 0.0773648 0.1848547 0.0053704 3.1927927 0.0833991 0.0833991 0.0803740 0.1850439 0.1750315 3.1927927 0.0080799 0.0053704 0.0864994 0.0804013 0.0000010 0.0000000 0.1750315 0.1783600 0.0773648 0.1724243 0.1816932 0.1816932 0.1750315 0.1750315 0.0080799 0.1753102 0.1850439 0.1717890 
MT986830_Megalocytivirus_pagrus1_ISKNV                   0.0026902 0.0026902 1.6085863 0.1359150 0.2148196 0.1686364 3.3851540 0.1338772 0.1338772 0.1390218 0.2232400 0.0053842 3.3851540 0.1721716 0.1686364 0.1370919 0.1390841 0.1750315 0.1750315 0.0000000 0.0080889 0.1359150 0.0026971 0.0162590 0.0162590 0.0000010 0.0053842 0.1721716 0.0053916 0.2232400 0.0080883 
MW883599_Megalocytivirus_pagrus1_ISKNV                   0.0053898 0.0053898 1.6054467 0.1390894 0.2160389 0.1719486 3.4305872 0.1370603 0.1370603 0.1422051 0.2261759 0.0026899 3.4305872 0.1754980 0.1719486 0.1402860 0.1422698 0.1783600 0.1783600 0.0080889 0.0000000 0.1390894 0.0054038 0.0189987 0.0189987 0.0080889 0.0026899 0.1754980 0.0081000 0.2261759 0.0053889 
ON075463_Megalocytivirus_pagrus1_RSIV                    0.1329039 0.1329039 1.6526587 0.0000010 0.1660927 0.0713782 3.3527492 0.0053919 0.0053919 0.0026921 0.1647066 0.1359150 3.3527492 0.0745260 0.0713782 0.0081018 0.0026926 0.0773648 0.0773648 0.1359150 0.1390894 0.0000000 0.1332839 0.1422666 0.1422666 0.1359150 0.1359150 0.0745260 0.1361246 0.1647066 0.1328069 
KT781098_Megalocytivirus_pagrus1_ISKNV                   0.0000010 0.0000010 1.6085863 0.1332839 0.2121590 0.1660175 3.3996219 0.1312309 0.1312309 0.1363950 0.2205769 0.0026971 3.3996219 0.1695552 0.1660175 0.1344487 0.1364557 0.1724243 0.1724243 0.0026971 0.0054038 0.1332839 0.0000000 0.0135775 0.0135775 0.0026971 0.0026971 0.1695552 0.0027009 0.2205769 0.0054034 
MW883595_Megalocytivirus_pagrus1_ISKNV                   0.0135421 0.0135421 1.6000780 0.1422666 0.2223331 0.1752650 3.3762683 0.1402460 0.1402460 0.1453914 0.2379931 0.0162590 3.3762683 0.1788287 0.1752650 0.1434828 0.1454585 0.1816932 0.1816932 0.0162590 0.0189987 0.1422666 0.0135775 0.0000000 0.0000010 0.0162590 0.0162590 0.1788287 0.0162815 0.2379931 0.0189972 
MN432490_Megalocytivirus_pagrus1_ISKNV                   0.0135421 0.0135421 1.6000780 0.1422666 0.2223331 0.1752650 3.3762683 0.1402460 0.1402460 0.1453914 0.2379931 0.0162590 3.3762683 0.1788287 0.1752650 0.1434828 0.1454585 0.1816932 0.1816932 0.0162590 0.0189987 0.1422666 0.0135775 0.0000010 0.0000000 0.0162590 0.0162590 0.1788287 0.0162815 0.2379931 0.0189972 
PP974677_Megalocytivirus_pagrus1_ISKNV                   0.0026902 0.0026902 1.6085863 0.1359150 0.2148196 0.1686364 3.3851540 0.1338772 0.1338772 0.1390218 0.2232400 0.0053842 3.3851540 0.1721716 0.1686364 0.1370919 0.1390841 0.1750315 0.1750315 0.0000010 0.0080889 0.1359150 0.0026971 0.0162590 0.0162590 0.0000000 0.0053842 0.1721716 0.0053916 0.2232400 0.0080883 
23043610005_Megalocytivirus_pagrus1_ISKNV                0.0026902 0.0026902 1.6054467 0.1359150 0.2131691 0.1686364 3.4165808 0.1338772 0.1338772 0.1390218 0.2232400 0.0000010 3.4165808 0.1721716 0.1686364 0.1370919 0.1390841 0.1750315 0.1750315 0.0053842 0.0026899 0.1359150 0.0026971 0.0162590 0.0162590 0.0053842 0.0000000 0.1721716 0.0053916 0.2232400 0.0026897 
BD143114_Megalocytivirus_pagrus1_RSIV                    0.1690573 0.1690573 1.6888546 0.0745260 0.1818856 0.0026877 3.1890329 0.0805634 0.0805634 0.0775368 0.1820767 0.1721716 3.1890329 0.0000010 0.0026877 0.0836622 0.0775628 0.0080799 0.0080799 0.1721716 0.1754980 0.0745260 0.1695552 0.1788287 0.1788287 0.1721716 0.1721716 0.0000000 0.1724459 0.1820767 0.1689300 
MK689685_Megalocytivirus_pagrus1_ISKNV                   0.0026939 0.0026939 1.6090186 0.1361246 0.2151835 0.1689042 3.3942702 0.1340844 0.1340844 0.1392365 0.2236221 0.0053916 3.3942702 0.1724459 0.1689042 0.1373045 0.1392991 0.1753102 0.1753102 0.0053916 0.0081000 0.1361246 0.0027009 0.0162815 0.0162815 0.0053916 0.0053916 0.1724459 0.0000000 0.2236221 0.0080994 
MG570132_Megalocytivirus_pagrus1_TRBIV                   0.2198829 0.2198829 1.7243939 0.1647066 0.0822187 0.1783739 3.6058994 0.1644687 0.1644687 0.1680505 0.0000010 0.2232400 3.6058994 0.1820767 0.1783739 0.1679324 0.1681400 0.1850439 0.1850439 0.2232400 0.2261759 0.1647066 0.2205769 0.2379931 0.2379931 0.2232400 0.2232400 0.1820767 0.2236221 0.0000000 0.2268541 
MW883594_Megalocytivirus_pagrus1_ISKNV                   0.0053894 0.0053894 1.6058347 0.1328069 0.2167483 0.1654070 3.4155623 0.1307595 0.1307595 0.1359062 0.2268541 0.0026897 3.4155623 0.1689300 0.1654070 0.1339648 0.1359663 0.1717890 0.1717890 0.0080883 0.0053889 0.1328069 0.0054034 0.0189972 0.0189972 0.0080883 0.0026897 0.1689300 0.0080994 0.2268541 0.0000000 
