16
MT128667_Megalocytivirus_pagrus1_ISKNV                   0.0000000 0.0376800 0.0376800 0.0000010 1.4239972 0.0454111 0.0223494 0.0223494 0.4965359 0.0454111 1.4239972 0.0074289 0.0864219 0.0073565 0.0864219 0.0694783 
ON743042_Megalocytivirus_pagrus1_RSIV                    0.0376800 0.0000000 0.0000010 0.0376800 1.4214220 0.0073482 0.0454123 0.0454123 0.5129740 0.0073482 1.4214220 0.0458138 0.0457683 0.0453850 0.0457683 0.0299791 
MK689686_Megalocytivirus_pagrus1_RSIV                    0.0376800 0.0000010 0.0000000 0.0376800 1.4214220 0.0073482 0.0454123 0.0454123 0.5129740 0.0073482 1.4214220 0.0458138 0.0457683 0.0453850 0.0457683 0.0299791 
MT926123_Megalocytivirus_pagrus1_ISKNV                   0.0000010 0.0376800 0.0376800 0.0000000 1.4239972 0.0454111 0.0223494 0.0223494 0.4965359 0.0454111 1.4239972 0.0074289 0.0864219 0.0073565 0.0864219 0.0694783 
MN562489_Megalocytivirus_lates1_SDDV                     1.4239972 1.4214220 1.4214220 1.4239972 0.0000000 1.4001095 1.4433845 1.4433845 1.4283680 1.4001095 0.0000010 1.4562047 1.4857529 1.4342950 1.4857529 1.4291543 
MK098187_Megalocytivirus_pagrus1_RSIV                    0.0454111 0.0073482 0.0073482 0.0454111 1.4001095 0.0000000 0.0532092 0.0532092 0.5011029 0.0000010 1.4001095 0.0536758 0.0536302 0.0531780 0.0536302 0.0376388 
OP009387_Megalocytivirus_pagrus1_ISKNV                   0.0223494 0.0454123 0.0454123 0.0223494 1.4433845 0.0532092 0.0000000 0.0000010 0.4873609 0.0532092 1.4433845 0.0301964 0.0882519 0.0299093 0.0882519 0.0547346 
PP151097_Megalocytivirus_pagrus1_ISKNV                   0.0223494 0.0454123 0.0454123 0.0223494 1.4433845 0.0532092 0.0000010 0.0000000 0.4873609 0.0532092 1.4433845 0.0301964 0.0882519 0.0299093 0.0882519 0.0547346 
PQ335173_PQ335174_Threespine_stickleback_iridovirus_TSIV 0.4965359 0.5129740 0.5129740 0.4965359 1.4283680 0.5011029 0.4873609 0.4873609 0.0000000 0.5011029 1.4283680 0.5128161 0.4992352 0.4810806 0.4992352 0.5176316 
MW139932_Megalocytivirus_pagrus1_RSIV                    0.0454111 0.0073482 0.0073482 0.0454111 1.4001095 0.0000010 0.0532092 0.0532092 0.5011029 0.0000000 1.4001095 0.0536758 0.0536302 0.0531780 0.0536302 0.0376388 
MT521409_Megalocytivirus_lates1_SDDV                     1.4239972 1.4214220 1.4214220 1.4239972 0.0000010 1.4001095 1.4433845 1.4433845 1.4283680 1.4001095 0.0000000 1.4562047 1.4857529 1.4342950 1.4857529 1.4291543 
MW883600_Megalocytivirus_pagrus1_ISKNV                   0.0074289 0.0458138 0.0458138 0.0074289 1.4562047 0.0536758 0.0301964 0.0301964 0.5128161 0.0536758 1.4562047 0.0000000 0.0954976 0.0149114 0.0954976 0.0782028 
MG570132_Megalocytivirus_pagrus1_TRBIV                   0.0864219 0.0457683 0.0457683 0.0864219 1.4857529 0.0536302 0.0882519 0.0882519 0.4992352 0.0536302 1.4857529 0.0954976 0.0000000 0.0946414 0.0000010 0.0302184 
MW883599_Megalocytivirus_pagrus1_ISKNV                   0.0073565 0.0453850 0.0453850 0.0073565 1.4342950 0.0531780 0.0299093 0.0299093 0.4810806 0.0531780 1.4342950 0.0149114 0.0946414 0.0000000 0.0946414 0.0774933 
MG570131_Megalocytivirus_pagrus1_TRBIV                   0.0864219 0.0457683 0.0457683 0.0864219 1.4857529 0.0536302 0.0882519 0.0882519 0.4992352 0.0536302 1.4857529 0.0954976 0.0000010 0.0946414 0.0000000 0.0302184 
GQ273492_Megalocytivirus_pagrus1_TRBIV                   0.0694783 0.0299791 0.0299791 0.0694783 1.4291543 0.0376388 0.0547346 0.0547346 0.5176316 0.0376388 1.4291543 0.0782028 0.0302184 0.0774933 0.0302184 0.0000000 
