12
OK042109_Megalocytivirus_pagrus1_RSIV                    0.0000000 0.0513107 0.0513107 0.0111610 0.0111610 1.4453993 0.0000010 0.7809651 1.4453993 0.0570851 0.0167014 0.0167014 
MT128667_Megalocytivirus_pagrus1_ISKNV                   0.0513107 0.0000000 0.0000010 0.0515099 0.0515099 1.4535590 0.0513107 0.7676122 1.4535590 0.0054913 0.0454434 0.0454434 
MW883601_Megalocytivirus_pagrus1_ISKNV                   0.0513107 0.0000010 0.0000000 0.0515099 0.0515099 1.4535590 0.0513107 0.7676122 1.4535590 0.0054913 0.0454434 0.0454434 
OK042108_Megalocytivirus_pagrus1_RSIV                    0.0111610 0.0515099 0.0515099 0.0000000 0.0000010 1.4453993 0.0111610 0.7848080 1.4453993 0.0573071 0.0167646 0.0167646 
AB104413_Megalocytivirus_pagrus1_RSIV                    0.0111610 0.0515099 0.0515099 0.0000010 0.0000000 1.4453993 0.0111610 0.7848080 1.4453993 0.0573071 0.0167646 0.0167646 
MN562489_Megalocytivirus_lates1_SDDV                     1.4453993 1.4535590 1.4535590 1.4453993 1.4453993 0.0000000 1.4453993 1.4829389 0.0000010 1.4429030 1.4425155 1.4425155 
MT798582_Megalocytivirus_pagrus1_RSIV                    0.0000010 0.0513107 0.0513107 0.0111610 0.0111610 1.4453993 0.0000000 0.7809651 1.4453993 0.0570851 0.0167014 0.0167014 
PQ335173_PQ335174_Threespine_stickleback_iridovirus_TSIV 0.7809651 0.7676122 0.7676122 0.7848080 0.7848080 1.4829389 0.7809651 0.0000000 1.4829389 0.7583269 0.7621889 0.7621889 
MT521409_Megalocytivirus_lates1_SDDV                     1.4453993 1.4535590 1.4535590 1.4453993 1.4453993 0.0000010 1.4453993 1.4829389 0.0000000 1.4429030 1.4425155 1.4425155 
ON212400_Megalocytivirus_pagrus1_ISKNV                   0.0570851 0.0054913 0.0054913 0.0573071 0.0573071 1.4429030 0.0570851 0.7583269 1.4429030 0.0000000 0.0511893 0.0511893 
MG570132_Megalocytivirus_pagrus1_TRBIV                   0.0167014 0.0454434 0.0454434 0.0167646 0.0167646 1.4425155 0.0167014 0.7621889 1.4425155 0.0511893 0.0000000 0.0000010 
GQ273492_Megalocytivirus_pagrus1_TRBIV                   0.0167014 0.0454434 0.0454434 0.0167646 0.0167646 1.4425155 0.0167014 0.7621889 1.4425155 0.0511893 0.0000010 0.0000000 
