11
OL774653_Megalocytivirus_pagrus1_RSIV  0.0000000 0.0000010 0.0624208 0.0625948 0.0625948 0.0753329 0.0755691 0.0624208 0.0753329 0.0118286 0.0118286 
MK098185_Megalocytivirus_pagrus1_RSIV  0.0000010 0.0000000 0.0624208 0.0625948 0.0625948 0.0753329 0.0755691 0.0624208 0.0753329 0.0118286 0.0118286 
PP974677_Megalocytivirus_pagrus1_ISKNV 0.0624208 0.0624208 0.0000000 0.0120978 0.0120978 0.0242630 0.0243343 0.0000010 0.0242630 0.0496603 0.0496603 
MW883597_Megalocytivirus_pagrus1_ISKNV 0.0625948 0.0625948 0.0120978 0.0000000 0.0000010 0.0121083 0.0121436 0.0120978 0.0121083 0.0497989 0.0497989 
AF371960_Megalocytivirus_pagrus1_ISKNV 0.0625948 0.0625948 0.0120978 0.0000010 0.0000000 0.0121083 0.0121436 0.0120978 0.0121083 0.0497989 0.0497989 
OQ513807_Megalocytivirus_pagrus1_ISKNV 0.0753329 0.0753329 0.0242630 0.0121083 0.0121083 0.0000000 0.0243565 0.0242630 0.0000010 0.0624274 0.0624274 
OR536350_Megalocytivirus_pagrus1_ISKNV 0.0755691 0.0755691 0.0243343 0.0121436 0.0121436 0.0243565 0.0000000 0.0243343 0.0243565 0.0626207 0.0626207 
MT986830_Megalocytivirus_pagrus1_ISKNV 0.0624208 0.0624208 0.0000010 0.0120978 0.0120978 0.0242630 0.0243343 0.0000000 0.0242630 0.0496603 0.0496603 
OR670976_Megalocytivirus_pagrus1_ISKNV 0.0753329 0.0753329 0.0242630 0.0121083 0.0121083 0.0000010 0.0243565 0.0242630 0.0000000 0.0624274 0.0624274 
ON075463_Megalocytivirus_pagrus1_RSIV  0.0118286 0.0118286 0.0496603 0.0497989 0.0497989 0.0624274 0.0626207 0.0496603 0.0624274 0.0000000 0.0000010 
ON740976_Megalocytivirus_pagrus1_RSIV  0.0118286 0.0118286 0.0496603 0.0497989 0.0497989 0.0624274 0.0626207 0.0496603 0.0624274 0.0000010 0.0000000 
