17
KT804738_Megalocytivirus_pagrus1_RSIV                    0.0000000 0.0345444 0.0345444 0.0000010 0.0345217 0.9514945 0.0075457 0.0075457 0.0345217 0.0151076 0.3876964 0.9514945 0.0189263 0.0037570 0.0118765 0.0118765 0.0151507 
OP896201_Megalocytivirus_pagrus1_ISKNV                   0.0345444 0.0000000 0.0000010 0.0345444 0.0075343 0.9822830 0.0345485 0.0345485 0.0075343 0.0344555 0.3923669 0.9822830 0.0383696 0.0384591 0.0427588 0.0427588 0.0345558 
MW883593_Megalocytivirus_pagrus1_ISKNV                   0.0345444 0.0000010 0.0000000 0.0345444 0.0075343 0.9822830 0.0345485 0.0345485 0.0075343 0.0344555 0.3923669 0.9822830 0.0383696 0.0384591 0.0427588 0.0427588 0.0345558 
KC244182_Megalocytivirus_pagrus1_RSIV                    0.0000010 0.0345444 0.0345444 0.0000000 0.0345217 0.9514945 0.0075457 0.0075457 0.0345217 0.0151076 0.3876964 0.9514945 0.0189263 0.0037570 0.0118765 0.0118765 0.0151507 
PP151097_Megalocytivirus_pagrus1_ISKNV                   0.0345217 0.0075343 0.0075343 0.0345217 0.0000000 0.9712944 0.0345258 0.0345258 0.0000010 0.0344339 0.3915396 0.9712944 0.0383445 0.0384339 0.0427305 0.0427305 0.0345331 
MN562489_Megalocytivirus_lates1_SDDV                     0.9514945 0.9822830 0.9822830 0.9514945 0.9712944 0.0000000 0.9547450 0.9547450 0.9712944 0.9483348 1.1549753 0.0000010 0.9470158 0.9529405 0.9451979 0.9451979 0.9512636 
MK098185_Megalocytivirus_pagrus1_RSIV                    0.0075457 0.0345485 0.0345485 0.0075457 0.0345258 0.9547450 0.0000000 0.0000010 0.0345258 0.0151089 0.3918396 0.9547450 0.0189280 0.0113409 0.0075915 0.0075915 0.0151520 
OL774654_Megalocytivirus_pagrus1_RSIV                    0.0075457 0.0345485 0.0345485 0.0075457 0.0345258 0.9547450 0.0000010 0.0000000 0.0345258 0.0151089 0.3918396 0.9547450 0.0189280 0.0113409 0.0075915 0.0075915 0.0151520 
MN432490_Megalocytivirus_pagrus1_ISKNV                   0.0345217 0.0075343 0.0075343 0.0345217 0.0000010 0.9712944 0.0345258 0.0345258 0.0000000 0.0344339 0.3915396 0.9712944 0.0383445 0.0384339 0.0427305 0.0427305 0.0345331 
MG570132_Megalocytivirus_pagrus1_TRBIV                   0.0151076 0.0344555 0.0344555 0.0151076 0.0344339 0.9483348 0.0151089 0.0151089 0.0344339 0.0000000 0.3958970 0.9483348 0.0037454 0.0189216 0.0229481 0.0229481 0.0075270 
PQ335173_PQ335174_Threespine_stickleback_iridovirus_TSIV 0.3876964 0.3923669 0.3923669 0.3876964 0.3915396 1.1549753 0.3918396 0.3918396 0.3915396 0.3958970 0.0000000 1.1549753 0.3894079 0.3887706 0.3950382 0.3950382 0.3974293 
MT521409_Megalocytivirus_lates1_SDDV                     0.9514945 0.9822830 0.9822830 0.9514945 0.9712944 0.0000010 0.9547450 0.9547450 0.9712944 0.9483348 1.1549753 0.0000000 0.9470158 0.9529405 0.9451979 0.9451979 0.9512636 
MG570131_Megalocytivirus_pagrus1_TRBIV                   0.0189263 0.0383696 0.0383696 0.0189263 0.0383445 0.9470158 0.0189280 0.0189280 0.0383445 0.0037454 0.3894079 0.9470158 0.0000000 0.0227562 0.0268323 0.0268323 0.0113156 
AY894343_Megalocytivirus_pagrus1_RSIV                    0.0037570 0.0384591 0.0384591 0.0037570 0.0384339 0.9529405 0.0113409 0.0113409 0.0384339 0.0189216 0.3887706 0.9529405 0.0227562 0.0000000 0.0158395 0.0158395 0.0189757 
MK098187_Megalocytivirus_pagrus1_RSIV                    0.0118765 0.0427588 0.0427588 0.0118765 0.0427305 0.9451979 0.0075915 0.0075915 0.0427305 0.0229481 0.3950382 0.9451979 0.0268323 0.0158395 0.0000000 0.0000010 0.0230144 
MK098186_Megalocytivirus_pagrus1_RSIV                    0.0118765 0.0427588 0.0427588 0.0118765 0.0427305 0.9451979 0.0075915 0.0075915 0.0427305 0.0229481 0.3950382 0.9451979 0.0268323 0.0158395 0.0000010 0.0000000 0.0230144 
GQ273492_Megalocytivirus_pagrus1_TRBIV                   0.0151507 0.0345558 0.0345558 0.0151507 0.0345331 0.9512636 0.0151520 0.0151520 0.0345331 0.0075270 0.3974293 0.9512636 0.0113156 0.0189757 0.0230144 0.0230144 0.0000000 
