18
OL774653_Megalocytivirus_pagrus1_RSIV                    0.0000000 0.0043920 0.0182129 0.0000010 0.0182129 0.0043920 0.6934663 0.0181013 0.0181013 0.0295755 0.0043219 0.0208650 0.0268862 0.6934663 0.0208650 0.2620523 0.0066622 0.0295755 
MW883598_Megalocytivirus_pagrus1_RSIV                    0.0043920 0.0000000 0.0132810 0.0043920 0.0132810 0.0000010 0.7022778 0.0131977 0.0131977 0.0265289 0.0089185 0.0157868 0.0214739 0.7022778 0.0157868 0.2630153 0.0021544 0.0265289 
MK689685_Megalocytivirus_pagrus1_ISKNV                   0.0182129 0.0132810 0.0000000 0.0182129 0.0000010 0.0132810 0.7143920 0.0021377 0.0021377 0.0214672 0.0157425 0.0021654 0.0214586 0.7143920 0.0021654 0.2582012 0.0156772 0.0214672 
OL774654_Megalocytivirus_pagrus1_RSIV                    0.0000010 0.0043920 0.0182129 0.0000000 0.0182129 0.0043920 0.6934663 0.0181013 0.0181013 0.0295755 0.0043219 0.0208650 0.0268862 0.6934663 0.0208650 0.2620523 0.0066622 0.0295755 
OP896201_Megalocytivirus_pagrus1_ISKNV                   0.0182129 0.0132810 0.0000010 0.0182129 0.0000000 0.0132810 0.7143920 0.0021377 0.0021377 0.0214672 0.0157425 0.0021654 0.0214586 0.7143920 0.0021654 0.2582012 0.0156772 0.0214672 
AP017456_Megalocytivirus_pagrus1_RSIV                    0.0043920 0.0000010 0.0132810 0.0043920 0.0132810 0.0000000 0.7022778 0.0131977 0.0131977 0.0265289 0.0089185 0.0157868 0.0214739 0.7022778 0.0157868 0.2630153 0.0021544 0.0265289 
MN562489_Megalocytivirus_lates1_SDDV                     0.6934663 0.7022778 0.7143920 0.6934663 0.7143920 0.7022778 0.0000000 0.7137984 0.7137984 0.7277274 0.6989611 0.7207103 0.7292074 0.0000010 0.7207103 0.7813584 0.7087219 0.7277274 
MW883595_Megalocytivirus_pagrus1_ISKNV                   0.0181013 0.0131977 0.0021377 0.0181013 0.0021377 0.0131977 0.7137984 0.0000000 0.0000010 0.0213356 0.0156448 0.0043574 0.0213270 0.7137984 0.0043574 0.2582913 0.0155799 0.0213356 
PP974677_Megalocytivirus_pagrus1_ISKNV                   0.0181013 0.0131977 0.0021377 0.0181013 0.0021377 0.0131977 0.7137984 0.0000010 0.0000000 0.0213356 0.0156448 0.0043574 0.0213270 0.7137984 0.0043574 0.2582913 0.0155799 0.0213356 
MG570132_Megalocytivirus_pagrus1_TRBIV                   0.0295755 0.0265289 0.0214672 0.0295755 0.0214672 0.0265289 0.7277274 0.0213356 0.0213356 0.0000000 0.0242913 0.0210490 0.0135471 0.7277274 0.0210490 0.2634200 0.0292466 0.0000010 
OQ475017_Megalocytivirus_pagrus1_RSIV                    0.0043219 0.0089185 0.0157425 0.0043219 0.0157425 0.0089185 0.6989611 0.0156448 0.0156448 0.0242913 0.0000000 0.0183214 0.0216807 0.6989611 0.0183214 0.2571063 0.0112741 0.0242913 
MW883600_Megalocytivirus_pagrus1_ISKNV                   0.0208650 0.0157868 0.0021654 0.0208650 0.0021654 0.0157868 0.7207103 0.0043574 0.0043574 0.0210490 0.0183214 0.0000000 0.0210405 0.7207103 0.0000010 0.2579370 0.0182544 0.0210490 
GQ273492_Megalocytivirus_pagrus1_TRBIV                   0.0268862 0.0214739 0.0214586 0.0268862 0.0214586 0.0214739 0.7292074 0.0213270 0.0213270 0.0135471 0.0216807 0.0210405 0.0000000 0.7292074 0.0210405 0.2696519 0.0241113 0.0135471 
MT521409_Megalocytivirus_lates1_SDDV                     0.6934663 0.7022778 0.7143920 0.6934663 0.7143920 0.7022778 0.0000010 0.7137984 0.7137984 0.7277274 0.6989611 0.7207103 0.7292074 0.0000000 0.7207103 0.7813584 0.7087219 0.7277274 
MW883602_Megalocytivirus_pagrus1_ISKNV                   0.0208650 0.0157868 0.0021654 0.0208650 0.0021654 0.0157868 0.7207103 0.0043574 0.0043574 0.0210490 0.0183214 0.0000010 0.0210405 0.7207103 0.0000000 0.2579370 0.0182544 0.0210490 
PQ335173_PQ335174_Threespine_stickleback_iridovirus_TSIV 0.2620523 0.2630153 0.2582012 0.2620523 0.2582012 0.2630153 0.7813584 0.2582913 0.2582913 0.2634200 0.2571063 0.2579370 0.2696519 0.7813584 0.2579370 0.0000000 0.2631659 0.2634200 
ON743042_Megalocytivirus_pagrus1_RSIV                    0.0066622 0.0021544 0.0156772 0.0066622 0.0156772 0.0021544 0.7087219 0.0155799 0.0155799 0.0292466 0.0112741 0.0182544 0.0241113 0.7087219 0.0182544 0.2631659 0.0000000 0.0292466 
MG570131_Megalocytivirus_pagrus1_TRBIV                   0.0295755 0.0265289 0.0214672 0.0295755 0.0214672 0.0265289 0.7277274 0.0213356 0.0213356 0.0000010 0.0242913 0.0210490 0.0135471 0.7277274 0.0210490 0.2634200 0.0292466 0.0000000 
