21
MT128666_Megalocytivirus_pagrus1_ISKNV                   0.0000000 0.0868213 0.0831440 0.0000010 0.0801800 2.9666745 0.0831440 0.0868213 0.0052740 0.0801800 0.9707177 0.0942316 2.9666745 0.0943016 0.0026312 0.0026988 0.0026312 0.0831413 0.0026988 0.0774607 0.0906500 
OK042108_Megalocytivirus_pagrus1_RSIV                    0.0868213 0.0000000 0.0292202 0.0868213 0.0265311 2.9244085 0.0292202 0.0000010 0.0928561 0.0265311 1.0603639 0.0933668 2.9244085 0.0909783 0.0897553 0.0913149 0.0897553 0.0292200 0.0913149 0.0131718 0.0901775 
AB104413_Megalocytivirus_pagrus1_RSIV                    0.0831440 0.0292202 0.0000000 0.0831440 0.0025970 2.8318817 0.0000010 0.0292202 0.0891163 0.0025970 1.0295469 0.0928584 2.8318817 0.0904796 0.0860506 0.0875544 0.0860506 0.0052012 0.0875544 0.0157552 0.0929437 
MT128667_Megalocytivirus_pagrus1_ISKNV                   0.0000010 0.0868213 0.0831440 0.0000000 0.0801800 2.9666745 0.0831440 0.0868213 0.0052740 0.0801800 0.9707177 0.0942316 2.9666745 0.0943016 0.0026312 0.0026988 0.0026312 0.0831413 0.0026988 0.0774607 0.0906500 
MK098187_Megalocytivirus_pagrus1_RSIV                    0.0801800 0.0265311 0.0025970 0.0801800 0.0000000 2.8479361 0.0025970 0.0265311 0.0861367 0.0000010 1.0215012 0.0899303 2.8479361 0.0875425 0.0830815 0.0845490 0.0830815 0.0025970 0.0845490 0.0131133 0.0900136 
MN562489_Megalocytivirus_lates1_SDDV                     2.9666745 2.9244085 2.8318817 2.9666745 2.8479361 0.0000000 2.8318817 2.9244085 2.9557006 2.8479361 4.0052449 3.2113472 0.0000010 3.2286275 2.9639646 2.9749460 2.9639646 2.8307397 2.9749460 2.9100492 3.1924232 
BD143114_Megalocytivirus_pagrus1_RSIV                    0.0831440 0.0292202 0.0000010 0.0831440 0.0025970 2.8318817 0.0000000 0.0292202 0.0891163 0.0025970 1.0295469 0.0928584 2.8318817 0.0904796 0.0860506 0.0875544 0.0860506 0.0052012 0.0875544 0.0157552 0.0929437 
KC244182_Megalocytivirus_pagrus1_RSIV                    0.0868213 0.0000010 0.0292202 0.0868213 0.0265311 2.9244085 0.0292202 0.0000000 0.0928561 0.0265311 1.0603639 0.0933668 2.9244085 0.0909783 0.0897553 0.0913149 0.0897553 0.0292200 0.0913149 0.0131718 0.0901775 
MW883603_Megalocytivirus_pagrus1_ISKNV                   0.0052740 0.0928561 0.0891163 0.0052740 0.0861367 2.9557006 0.0891163 0.0928561 0.0000000 0.0861367 0.9640120 0.1003877 2.9557006 0.1004627 0.0079167 0.0054318 0.0079167 0.0891131 0.0054318 0.0834190 0.0967556 
MW139932_Megalocytivirus_pagrus1_RSIV                    0.0801800 0.0265311 0.0025970 0.0801800 0.0000010 2.8479361 0.0025970 0.0265311 0.0861367 0.0000000 1.0215012 0.0899303 2.8479361 0.0875425 0.0830815 0.0845490 0.0830815 0.0025970 0.0845490 0.0131133 0.0900136 
PQ335173_PQ335174_Threespine_stickleback_iridovirus_TSIV 0.9707177 1.0603639 1.0295469 0.9707177 1.0215012 4.0052449 1.0295469 1.0603639 0.9640120 1.0215012 0.0000000 1.0469430 4.0052449 1.0506403 0.9713559 0.9685622 0.9713559 1.0238635 0.9685622 1.0513496 1.0739585 
MG570131_Megalocytivirus_pagrus1_TRBIV                   0.0942316 0.0933668 0.0928584 0.0942316 0.0899303 3.2113472 0.0928584 0.0933668 0.1003877 0.0899303 1.0469430 0.0000000 3.2113472 0.0052622 0.0911398 0.0988882 0.0911398 0.0928549 0.0988882 0.0841382 0.0325205 
MT521409_Megalocytivirus_lates1_SDDV                     2.9666745 2.9244085 2.8318817 2.9666745 2.8479361 0.0000010 2.8318817 2.9244085 2.9557006 2.8479361 4.0052449 3.2113472 0.0000000 3.2286275 2.9639646 2.9749460 2.9639646 2.8307397 2.9749460 2.9100492 3.1924232 
MG570132_Megalocytivirus_pagrus1_TRBIV                   0.0943016 0.0909783 0.0904796 0.0943016 0.0875425 3.2286275 0.0904796 0.0909783 0.1004627 0.0875425 1.0506403 0.0052622 3.2286275 0.0000000 0.0972906 0.0989627 0.0972906 0.0904763 0.0989627 0.0817316 0.0380507 
OQ513807_Megalocytivirus_pagrus1_ISKNV                   0.0026312 0.0897553 0.0860506 0.0026312 0.0830815 2.9639646 0.0860506 0.0897553 0.0079167 0.0830815 0.9713559 0.0911398 2.9639646 0.0972906 0.0000000 0.0053980 0.0000010 0.0860477 0.0053980 0.0803653 0.0875844 
MW883597_Megalocytivirus_pagrus1_ISKNV                   0.0026988 0.0913149 0.0875544 0.0026988 0.0845490 2.9749460 0.0875544 0.0913149 0.0054318 0.0845490 0.9685622 0.0988882 2.9749460 0.0989627 0.0053980 0.0000000 0.0053980 0.0875513 0.0000010 0.0818027 0.0952342 
OR670976_Megalocytivirus_pagrus1_ISKNV                   0.0026312 0.0897553 0.0860506 0.0026312 0.0830815 2.9639646 0.0860506 0.0897553 0.0079167 0.0830815 0.9713559 0.0911398 2.9639646 0.0972906 0.0000010 0.0053980 0.0000000 0.0860477 0.0053980 0.0803653 0.0875844 
MK098185_Megalocytivirus_pagrus1_RSIV                    0.0831413 0.0292200 0.0052012 0.0831413 0.0025970 2.8307397 0.0052012 0.0292200 0.0891131 0.0025970 1.0238635 0.0928549 2.8307397 0.0904763 0.0860477 0.0875513 0.0860477 0.0000000 0.0875513 0.0157552 0.0929403 
MW883596_Megalocytivirus_pagrus1_ISKNV                   0.0026988 0.0913149 0.0875544 0.0026988 0.0845490 2.9749460 0.0875544 0.0913149 0.0054318 0.0845490 0.9685622 0.0988882 2.9749460 0.0989627 0.0053980 0.0000010 0.0053980 0.0875513 0.0000000 0.0818027 0.0952342 
ON743042_Megalocytivirus_pagrus1_RSIV                    0.0774607 0.0131718 0.0157552 0.0774607 0.0131133 2.9100492 0.0157552 0.0131718 0.0834190 0.0131133 1.0513496 0.0841382 2.9100492 0.0817316 0.0803653 0.0818027 0.0803653 0.0157552 0.0818027 0.0000000 0.0810102 
GQ273492_Megalocytivirus_pagrus1_TRBIV                   0.0906500 0.0901775 0.0929437 0.0906500 0.0900136 3.1924232 0.0929437 0.0901775 0.0967556 0.0900136 1.0739585 0.0325205 3.1924232 0.0380507 0.0875844 0.0952342 0.0875844 0.0929403 0.0952342 0.0810102 0.0000000 
