17
OP896201_Megalocytivirus_pagrus1_ISKNV                   0.0000000 0.1512733 0.1415573 0.0000010 0.1512733 1.2254769 0.1415573 0.1108573 0.1108573 1.4351539 1.4351539 0.1172363 0.0576359 0.0576359 0.1529598 0.1529598 0.0090460 
KC244182_Megalocytivirus_pagrus1_RSIV                    0.1512733 0.0000000 0.0355782 0.1512733 0.0000010 1.2357112 0.0355782 0.1220291 0.1220291 1.5025621 1.5025621 0.1166501 0.0988724 0.0988724 0.0448353 0.0448353 0.1621293 
OL774653_Megalocytivirus_pagrus1_RSIV                    0.1415573 0.0355782 0.0000000 0.1415573 0.0355782 1.2343412 0.0000010 0.1131500 0.1131500 1.4964795 1.4964795 0.1080185 0.0890480 0.0890480 0.0087692 0.0087692 0.1524334 
ON212400_Megalocytivirus_pagrus1_ISKNV                   0.0000010 0.1512733 0.1415573 0.0000000 0.1512733 1.2254769 0.1415573 0.1108573 0.1108573 1.4351539 1.4351539 0.1172363 0.0576359 0.0576359 0.1529598 0.1529598 0.0090460 
MT798582_Megalocytivirus_pagrus1_RSIV                    0.1512733 0.0000010 0.0355782 0.1512733 0.0000000 1.2357112 0.0355782 0.1220291 0.1220291 1.5025621 1.5025621 0.1166501 0.0988724 0.0988724 0.0448353 0.0448353 0.1621293 
PQ335173_PQ335174_Threespine_stickleback_iridovirus_TSIV 1.2254769 1.2357112 1.2343412 1.2254769 1.2357112 0.0000000 1.2343412 1.3080200 1.3080200 2.0617257 2.0617257 1.2661526 1.2624683 1.2624683 1.2214489 1.2214489 1.2439548 
OL774654_Megalocytivirus_pagrus1_RSIV                    0.1415573 0.0355782 0.0000010 0.1415573 0.0355782 1.2343412 0.0000000 0.1131500 0.1131500 1.4964795 1.4964795 0.1080185 0.0890480 0.0890480 0.0087692 0.0087692 0.1524334 
MG570132_Megalocytivirus_pagrus1_TRBIV                   0.1108573 0.1220291 0.1131500 0.1108573 0.1220291 1.3080200 0.1131500 0.0000000 0.0000010 1.4195832 1.4195832 0.0795602 0.1052760 0.1052760 0.1243443 0.1243443 0.1214457 
MG570131_Megalocytivirus_pagrus1_TRBIV                   0.1108573 0.1220291 0.1131500 0.1108573 0.1220291 1.3080200 0.1131500 0.0000010 0.0000000 1.4195832 1.4195832 0.0795602 0.1052760 0.1052760 0.1243443 0.1243443 0.1214457 
OM037668_Megalocytivirus_lates1_SDDV                     1.4351539 1.5025621 1.4964795 1.4351539 1.5025621 2.0617257 1.4964795 1.4195832 1.4195832 0.0000000 0.0000010 1.5100449 1.4889269 1.4889269 1.5363705 1.5363705 1.4724552 
MN562489_Megalocytivirus_lates1_SDDV                     1.4351539 1.5025621 1.4964795 1.4351539 1.5025621 2.0617257 1.4964795 1.4195832 1.4195832 0.0000010 0.0000000 1.5100449 1.4889269 1.4889269 1.5363705 1.5363705 1.4724552 
GQ273492_Megalocytivirus_pagrus1_TRBIV                   0.1172363 0.1166501 0.1080185 0.1172363 0.1166501 1.2661526 0.1080185 0.0795602 0.0795602 1.5100449 1.5100449 0.0000000 0.1082751 0.1082751 0.1188162 0.1188162 0.1276695 
OP009387_Megalocytivirus_pagrus1_ISKNV                   0.0576359 0.0988724 0.0890480 0.0576359 0.0988724 1.2624683 0.0890480 0.1052760 0.1052760 1.4889269 1.4889269 0.1082751 0.0000000 0.0000010 0.0997819 0.0997819 0.0675921 
MN432490_Megalocytivirus_pagrus1_ISKNV                   0.0576359 0.0988724 0.0890480 0.0576359 0.0988724 1.2624683 0.0890480 0.1052760 0.1052760 1.4889269 1.4889269 0.1082751 0.0000010 0.0000000 0.0997819 0.0997819 0.0675921 
MK098186_Megalocytivirus_pagrus1_RSIV                    0.1529598 0.0448353 0.0087692 0.1529598 0.0448353 1.2214489 0.0087692 0.1243443 0.1243443 1.5363705 1.5363705 0.1188162 0.0997819 0.0997819 0.0000000 0.0000010 0.1639880 
MK098187_Megalocytivirus_pagrus1_RSIV                    0.1529598 0.0448353 0.0087692 0.1529598 0.0448353 1.2214489 0.0087692 0.1243443 0.1243443 1.5363705 1.5363705 0.1188162 0.0997819 0.0997819 0.0000010 0.0000000 0.1639880 
MW883601_Megalocytivirus_pagrus1_ISKNV                   0.0090460 0.1621293 0.1524334 0.0090460 0.1621293 1.2439548 0.1524334 0.1214457 0.1214457 1.4724552 1.4724552 0.1276695 0.0675921 0.0675921 0.1639880 0.1639880 0.0000000 
