15
AY894343_Megalocytivirus_pagrus1_RSIV                    0.0000000 0.0598733 0.0598733 0.0000010 1.4441605 0.0082852 0.6665823 0.0695551 1.4441605 0.0082852 0.0082995 0.0613333 0.0695551 0.0613333 0.0612783 
OQ513807_Megalocytivirus_pagrus1_ISKNV                   0.0598733 0.0000000 0.0000010 0.0598733 1.4190357 0.0690176 0.6374985 0.0083796 1.4190357 0.0690176 0.0510826 0.0799254 0.0083796 0.0799254 0.0798500 
NC_003494_Megalocytivirus_pagrus1_ISKNV                  0.0598733 0.0000010 0.0000000 0.0598733 1.4190357 0.0690176 0.6374985 0.0083796 1.4190357 0.0690176 0.0510826 0.0799254 0.0083796 0.0799254 0.0798500 
BD143114_Megalocytivirus_pagrus1_RSIV                    0.0000010 0.0598733 0.0598733 0.0000000 1.4441605 0.0082852 0.6665823 0.0695551 1.4441605 0.0082852 0.0082995 0.0613333 0.0695551 0.0613333 0.0612783 
MN562489_Megalocytivirus_lates1_SDDV                     1.4441605 1.4190357 1.4190357 1.4441605 0.0000000 1.4647015 1.5985373 1.4477722 0.0000010 1.4647015 1.4441605 1.5154754 1.4477722 1.5154754 1.4923005 
MK098186_Megalocytivirus_pagrus1_RSIV                    0.0082852 0.0690176 0.0690176 0.0082852 1.4647015 0.0000000 0.6816439 0.0789362 1.4647015 0.0000010 0.0167449 0.0707196 0.0789362 0.0707196 0.0706544 
PQ335173_PQ335174_Threespine_stickleback_iridovirus_TSIV 0.6665823 0.6374985 0.6374985 0.6665823 1.5985373 0.6816439 0.0000000 0.6658762 1.5985373 0.6816439 0.6487614 0.6476233 0.6658762 0.6476233 0.6669440 
MW883601_Megalocytivirus_pagrus1_ISKNV                   0.0695551 0.0083796 0.0083796 0.0695551 1.4477722 0.0789362 0.6658762 0.0000000 1.4477722 0.0789362 0.0605710 0.0903237 0.0000010 0.0903237 0.0902352 
MT521409_Megalocytivirus_lates1_SDDV                     1.4441605 1.4190357 1.4190357 1.4441605 0.0000010 1.4647015 1.5985373 1.4477722 0.0000000 1.4647015 1.4441605 1.5154754 1.4477722 1.5154754 1.4923005 
MK098187_Megalocytivirus_pagrus1_RSIV                    0.0082852 0.0690176 0.0690176 0.0082852 1.4647015 0.0000010 0.6816439 0.0789362 1.4647015 0.0000000 0.0167449 0.0707196 0.0789362 0.0707196 0.0706544 
OK042109_Megalocytivirus_pagrus1_RSIV                    0.0082995 0.0510826 0.0510826 0.0082995 1.4441605 0.0167449 0.6487614 0.0605710 1.4441605 0.0167449 0.0000000 0.0523187 0.0605710 0.0523187 0.0522729 
MG570131_Megalocytivirus_pagrus1_TRBIV                   0.0613333 0.0799254 0.0799254 0.0613333 1.5154754 0.0707196 0.6476233 0.0903237 1.5154754 0.0707196 0.0523187 0.0000000 0.0903237 0.0000010 0.0256217 
MW883599_Megalocytivirus_pagrus1_ISKNV                   0.0695551 0.0083796 0.0083796 0.0695551 1.4477722 0.0789362 0.6658762 0.0000010 1.4477722 0.0789362 0.0605710 0.0903237 0.0000000 0.0903237 0.0902352 
MG570132_Megalocytivirus_pagrus1_TRBIV                   0.0613333 0.0799254 0.0799254 0.0613333 1.5154754 0.0707196 0.6476233 0.0903237 1.5154754 0.0707196 0.0523187 0.0000010 0.0903237 0.0000000 0.0256217 
GQ273492_Megalocytivirus_pagrus1_TRBIV                   0.0612783 0.0798500 0.0798500 0.0612783 1.4923005 0.0706544 0.6669440 0.0902352 1.4923005 0.0706544 0.0522729 0.0256217 0.0902352 0.0256217 0.0000000 
