30
OK042108_Megalocytivirus_pagrus1_RSIV                    0.0000000 0.0753817 2.3315384 0.0753817 0.0778333 0.0758044 0.0019163 0.0000010 2.3315384 0.0000010 0.0780557 0.0318402 0.1202366 0.0318402 0.0000010 0.0918480 0.1202366 0.0758044 1.0599494 0.0280071 0.0918990 0.0117111 0.0280071 0.0479077 0.1009569 0.0918480 0.0778525 0.1093987 0.0918990 0.0778333 
NC_003494_Megalocytivirus_pagrus1_ISKNV                  0.0753817 0.0000000 2.4746824 0.0000010 0.0019972 0.0000010 0.0753817 0.0753817 2.4746824 0.0753817 0.0020037 0.0716575 0.0983047 0.0716575 0.0753817 0.0123199 0.0983047 0.0000010 1.0613791 0.0716575 0.0102213 0.0755641 0.0716575 0.0812187 0.0102213 0.0123199 0.0019983 0.0949493 0.0102213 0.0019972 
OM037668_Megalocytivirus_lates1_SDDV                     2.3315384 2.4746824 0.0000000 2.4746824 2.4823766 2.4579705 2.3315384 2.3315384 0.0000010 2.3315384 2.4754152 2.3536906 2.5189327 2.3536906 2.3315384 2.4457147 2.5189327 2.4579705 2.4918084 2.3536906 2.4432285 2.3388808 2.3536906 2.4234032 2.4432285 2.4457147 2.4698791 2.5183098 2.4432285 2.4823766 
MW883599_Megalocytivirus_pagrus1_ISKNV                   0.0753817 0.0000010 2.4746824 0.0000000 0.0019972 0.0000010 0.0753817 0.0753817 2.4746824 0.0753817 0.0020037 0.0716575 0.0983047 0.0716575 0.0753817 0.0123199 0.0983047 0.0000010 1.0613791 0.0716575 0.0102213 0.0755641 0.0716575 0.0812187 0.0102213 0.0123199 0.0019983 0.0949493 0.0102213 0.0019972 
OR670976_Megalocytivirus_pagrus1_ISKNV                   0.0778333 0.0019972 2.4823766 0.0019972 0.0000000 0.0020066 0.0778333 0.0778333 2.4823766 0.0778333 0.0040135 0.0741151 0.1008610 0.0741151 0.0778333 0.0143950 0.1008610 0.0020066 1.0684526 0.0741151 0.0122842 0.0780192 0.0741151 0.0837522 0.0122842 0.0143950 0.0040027 0.0974839 0.0122842 0.0000010 
MW273354_Megalocytivirus_pagrus1_ISKNV                   0.0758044 0.0000010 2.4579705 0.0000010 0.0020066 0.0000000 0.0758044 0.0758044 2.4579705 0.0758044 0.0020132 0.0720615 0.0958008 0.0720615 0.0758044 0.0123801 0.0958008 0.0000010 1.0542927 0.0720615 0.0102710 0.0759884 0.0720615 0.0816875 0.0102710 0.0123801 0.0020078 0.0866080 0.0102710 0.0020066 
OL774655_Megalocytivirus_pagrus1_RSIV                    0.0019163 0.0753817 2.3315384 0.0753817 0.0778333 0.0758044 0.0000000 0.0019163 2.3315384 0.0019421 0.0780557 0.0282703 0.1202366 0.0282703 0.0019421 0.0918480 0.1202366 0.0758044 1.0553265 0.0264623 0.0918990 0.0116559 0.0264623 0.0443762 0.1009199 0.0918480 0.0778525 0.1093987 0.0918990 0.0778333 
BD143114_Megalocytivirus_pagrus1_RSIV                    0.0000010 0.0753817 2.3315384 0.0753817 0.0778333 0.0758044 0.0019163 0.0000000 2.3315384 0.0000010 0.0780557 0.0318402 0.1202366 0.0318402 0.0000010 0.0918480 0.1202366 0.0758044 1.0599494 0.0280071 0.0918990 0.0117111 0.0280071 0.0479077 0.1009569 0.0918480 0.0778525 0.1093987 0.0918990 0.0778333 
MN562489_Megalocytivirus_lates1_SDDV                     2.3315384 2.4746824 0.0000010 2.4746824 2.4823766 2.4579705 2.3315384 2.3315384 0.0000000 2.3315384 2.4754152 2.3536906 2.5189327 2.3536906 2.3315384 2.4457147 2.5189327 2.4579705 2.4918084 2.3536906 2.4432285 2.3388808 2.3536906 2.4234032 2.4432285 2.4457147 2.4698791 2.5183098 2.4432285 2.4823766 
ON740976_Megalocytivirus_pagrus1_RSIV                    0.0000010 0.0753817 2.3315384 0.0753817 0.0778333 0.0758044 0.0019421 0.0000010 2.3315384 0.0000000 0.0780557 0.0302180 0.1162313 0.0302180 0.0000010 0.0867351 0.1162313 0.0758044 1.0452430 0.0263290 0.0867837 0.0118718 0.0263290 0.0464208 0.0938676 0.0867351 0.0778525 0.1093987 0.0867837 0.0778333 
MT926123_Megalocytivirus_pagrus1_ISKNV                   0.0780557 0.0020037 2.4754152 0.0020037 0.0040135 0.0020132 0.0780557 0.0780557 2.4754152 0.0780557 0.0000000 0.0743323 0.1011179 0.0743323 0.0780557 0.0144422 0.1011179 0.0020132 1.0618925 0.0743323 0.0123246 0.0782422 0.0743323 0.0839902 0.0123246 0.0144422 0.0040158 0.0977363 0.0123246 0.0040135 
KC244182_Megalocytivirus_pagrus1_RSIV                    0.0318402 0.0716575 2.3536906 0.0716575 0.0741151 0.0720615 0.0282703 0.0318402 2.3536906 0.0302180 0.0743323 0.0000000 0.1110708 0.0000010 0.0302180 0.0869166 0.1110708 0.0720615 1.0879925 0.0000010 0.0869658 0.0380524 0.0000010 0.0138215 0.0982504 0.0869166 0.0741355 0.1024305 0.0869658 0.0741151 
MG570131_Megalocytivirus_pagrus1_TRBIV                   0.1202366 0.0983047 2.5189327 0.0983047 0.1008610 0.0958008 0.1202366 0.1202366 2.5189327 0.1162313 0.1011179 0.1110708 0.0000000 0.1110708 0.1162313 0.1153566 0.0000010 0.0958008 1.0740825 0.1110708 0.1181316 0.1177937 0.1110708 0.1214195 0.1232345 0.1153566 0.1008689 0.0524084 0.1181316 0.1008610 
MK689686_Megalocytivirus_pagrus1_RSIV                    0.0318402 0.0716575 2.3536906 0.0716575 0.0741151 0.0720615 0.0282703 0.0318402 2.3536906 0.0302180 0.0743323 0.0000010 0.1110708 0.0000000 0.0302180 0.0869166 0.1110708 0.0720615 1.0879925 0.0000010 0.0869658 0.0380524 0.0000010 0.0138215 0.0982504 0.0869166 0.0741355 0.1024305 0.0869658 0.0741151 
ON743042_Megalocytivirus_pagrus1_RSIV                    0.0000010 0.0753817 2.3315384 0.0753817 0.0778333 0.0758044 0.0019421 0.0000010 2.3315384 0.0000010 0.0780557 0.0302180 0.1162313 0.0302180 0.0000000 0.0867351 0.1162313 0.0758044 1.0452430 0.0263290 0.0867837 0.0118718 0.0263290 0.0464208 0.0938676 0.0867351 0.0778525 0.1093987 0.0867837 0.0778333 
MW883595_Megalocytivirus_pagrus1_ISKNV                   0.0918480 0.0123199 2.4457147 0.0123199 0.0143950 0.0123801 0.0918480 0.0918480 2.4457147 0.0867351 0.0144422 0.0869166 0.1153566 0.0869166 0.0867351 0.0000000 0.1153566 0.0123801 1.1123807 0.0869166 0.0019768 0.0894603 0.0869166 0.0968624 0.0019768 0.0000010 0.0144030 0.0995459 0.0019768 0.0143950 
MG570132_Megalocytivirus_pagrus1_TRBIV                   0.1202366 0.0983047 2.5189327 0.0983047 0.1008610 0.0958008 0.1202366 0.1202366 2.5189327 0.1162313 0.1011179 0.1110708 0.0000010 0.1110708 0.1162313 0.1153566 0.0000000 0.0958008 1.0740825 0.1110708 0.1181316 0.1177937 0.1110708 0.1214195 0.1232345 0.1153566 0.1008689 0.0524084 0.1181316 0.1008610 
MW883594_Megalocytivirus_pagrus1_ISKNV                   0.0758044 0.0000010 2.4579705 0.0000010 0.0020066 0.0000010 0.0758044 0.0758044 2.4579705 0.0758044 0.0020132 0.0720615 0.0958008 0.0720615 0.0758044 0.0123801 0.0958008 0.0000000 1.0542927 0.0720615 0.0102710 0.0759884 0.0720615 0.0816875 0.0102710 0.0123801 0.0020078 0.0866080 0.0102710 0.0020066 
PQ335173_PQ335174_Threespine_stickleback_iridovirus_TSIV 1.0599494 1.0613791 2.4918084 1.0613791 1.0684526 1.0542927 1.0553265 1.0599494 2.4918084 1.0452430 1.0618925 1.0879925 1.0740825 1.0879925 1.0452430 1.1123807 1.0740825 1.0542927 0.0000000 1.0593085 1.1031492 1.0733671 1.0593085 1.1108188 1.1246713 1.1123807 1.0555509 1.0714308 1.1031492 1.0684526 
KT804738_Megalocytivirus_pagrus1_RSIV                    0.0280071 0.0716575 2.3536906 0.0716575 0.0741151 0.0720615 0.0264623 0.0280071 2.3536906 0.0263290 0.0743323 0.0000010 0.1110708 0.0000010 0.0263290 0.0869166 0.1110708 0.0720615 1.0593085 0.0000000 0.0869658 0.0342866 0.0000010 0.0139825 0.0989420 0.0869166 0.0741355 0.1024305 0.0869658 0.0741151 
PP974677_Megalocytivirus_pagrus1_ISKNV                   0.0918990 0.0102213 2.4432285 0.0102213 0.0122842 0.0102710 0.0918990 0.0918990 2.4432285 0.0867837 0.0123246 0.0869658 0.1181316 0.0869658 0.0867837 0.0019768 0.1181316 0.0102710 1.1031492 0.0869658 0.0000000 0.0920998 0.0869658 0.0969169 0.0000010 0.0019768 0.0122911 0.1022387 0.0000010 0.0122842 
OQ475017_Megalocytivirus_pagrus1_RSIV                    0.0117111 0.0755641 2.3388808 0.0755641 0.0780192 0.0759884 0.0116559 0.0117111 2.3388808 0.0118718 0.0782422 0.0380524 0.1177937 0.0380524 0.0118718 0.0894603 0.1177937 0.0759884 1.0733671 0.0342866 0.0920998 0.0000000 0.0342866 0.0544781 0.1011633 0.0894603 0.0780384 0.0963709 0.0920998 0.0780192 
OK042109_Megalocytivirus_pagrus1_RSIV                    0.0280071 0.0716575 2.3536906 0.0716575 0.0741151 0.0720615 0.0264623 0.0280071 2.3536906 0.0263290 0.0743323 0.0000010 0.1110708 0.0000010 0.0263290 0.0869166 0.1110708 0.0720615 1.0593085 0.0000010 0.0869658 0.0342866 0.0000000 0.0139825 0.0989420 0.0869166 0.0741355 0.1024305 0.0869658 0.0741151 
MW883598_Megalocytivirus_pagrus1_RSIV                    0.0479077 0.0812187 2.4234032 0.0812187 0.0837522 0.0816875 0.0443762 0.0479077 2.4234032 0.0464208 0.0839902 0.0138215 0.1214195 0.0138215 0.0464208 0.0968624 0.1214195 0.0816875 1.1108188 0.0139825 0.0969169 0.0544781 0.0139825 0.0000000 0.1083548 0.0968624 0.0837698 0.1126706 0.0969169 0.0837522 
PP151097_Megalocytivirus_pagrus1_ISKNV                   0.1009569 0.0102213 2.4432285 0.0102213 0.0122842 0.0102710 0.1009199 0.1009569 2.4432285 0.0938676 0.0123246 0.0982504 0.1232345 0.0982504 0.0938676 0.0019768 0.1232345 0.0102710 1.1246713 0.0989420 0.0000010 0.1011633 0.0989420 0.1083548 0.0000000 0.0019768 0.0122911 0.1047391 0.0000010 0.0122842 
MN432490_Megalocytivirus_pagrus1_ISKNV                   0.0918480 0.0123199 2.4457147 0.0123199 0.0143950 0.0123801 0.0918480 0.0918480 2.4457147 0.0867351 0.0144422 0.0869166 0.1153566 0.0869166 0.0867351 0.0000010 0.1153566 0.0123801 1.1123807 0.0869166 0.0019768 0.0894603 0.0869166 0.0968624 0.0019768 0.0000000 0.0144030 0.0995459 0.0019768 0.0143950 
MK689685_Megalocytivirus_pagrus1_ISKNV                   0.0778525 0.0019983 2.4698791 0.0019983 0.0040027 0.0020078 0.0778525 0.0778525 2.4698791 0.0778525 0.0040158 0.0741355 0.1008689 0.0741355 0.0778525 0.0144030 0.1008689 0.0020078 1.0555509 0.0741355 0.0122911 0.0780384 0.0741355 0.0837698 0.0122911 0.0144030 0.0000000 0.0974940 0.0122911 0.0040027 
GQ273492_Megalocytivirus_pagrus1_TRBIV                   0.1093987 0.0949493 2.5183098 0.0949493 0.0974839 0.0866080 0.1093987 0.1093987 2.5183098 0.1093987 0.0977363 0.1024305 0.0524084 0.1024305 0.1093987 0.0995459 0.0524084 0.0866080 1.0714308 0.1024305 0.1022387 0.0963709 0.1024305 0.1126706 0.1047391 0.0995459 0.0974940 0.0000000 0.1022387 0.0974839 
MT986830_Megalocytivirus_pagrus1_ISKNV                   0.0918990 0.0102213 2.4432285 0.0102213 0.0122842 0.0102710 0.0918990 0.0918990 2.4432285 0.0867837 0.0123246 0.0869658 0.1181316 0.0869658 0.0867837 0.0019768 0.1181316 0.0102710 1.1031492 0.0869658 0.0000010 0.0920998 0.0869658 0.0969169 0.0000010 0.0019768 0.0122911 0.1022387 0.0000000 0.0122842 
OQ513807_Megalocytivirus_pagrus1_ISKNV                   0.0778333 0.0019972 2.4823766 0.0019972 0.0000010 0.0020066 0.0778333 0.0778333 2.4823766 0.0778333 0.0040135 0.0741151 0.1008610 0.0741151 0.0778333 0.0143950 0.1008610 0.0020066 1.0684526 0.0741151 0.0122842 0.0780192 0.0741151 0.0837522 0.0122842 0.0143950 0.0040027 0.0974839 0.0122842 0.0000000 
