14
MW883606_Megalocytivirus_pagrus1_ISKNV                   0.0000000 0.0140191 0.0140191 0.0000010 0.7728991 0.0048277 0.0236209 0.0096911 0.4255278 0.0236209 0.0048277 0.7728991 0.0046781 0.0187572 
KT804738_Megalocytivirus_pagrus1_RSIV                    0.0140191 0.0000000 0.0000010 0.0140191 0.7734708 0.0141592 0.0188653 0.0189658 0.4413994 0.0188653 0.0141592 0.7734708 0.0189329 0.0140441 
OK042109_Megalocytivirus_pagrus1_RSIV                    0.0140191 0.0000010 0.0000000 0.0140191 0.7734708 0.0141592 0.0188653 0.0189658 0.4413994 0.0188653 0.0141592 0.7734708 0.0189329 0.0140441 
MW883603_Megalocytivirus_pagrus1_ISKNV                   0.0000010 0.0140191 0.0140191 0.0000000 0.7728991 0.0048277 0.0236209 0.0096911 0.4255278 0.0236209 0.0048277 0.7728991 0.0046781 0.0187572 
MN562489_Megalocytivirus_lates1_SDDV                     0.7728991 0.7734708 0.7734708 0.7728991 0.0000000 0.7728991 0.7337557 0.7745323 0.7872923 0.7337557 0.7728991 0.0000010 0.7834039 0.7473929 
MN432490_Megalocytivirus_pagrus1_ISKNV                   0.0048277 0.0141592 0.0141592 0.0048277 0.7728991 0.0000000 0.0238604 0.0046407 0.4275500 0.0238604 0.0000010 0.7728991 0.0097745 0.0189450 
MG570132_Megalocytivirus_pagrus1_TRBIV                   0.0236209 0.0188653 0.0188653 0.0236209 0.7337557 0.0238604 0.0000000 0.0287654 0.4277111 0.0000010 0.0238604 0.7337557 0.0287115 0.0140189 
OP009387_Megalocytivirus_pagrus1_ISKNV                   0.0096911 0.0189658 0.0189658 0.0096911 0.7745323 0.0046407 0.0287654 0.0000000 0.4358920 0.0287654 0.0046407 0.7745323 0.0147168 0.0237919 
PQ335173_PQ335174_Threespine_stickleback_iridovirus_TSIV 0.4255278 0.4413994 0.4413994 0.4255278 0.7872923 0.4275500 0.4277111 0.4358920 0.0000000 0.4277111 0.4275500 0.7872923 0.4277197 0.4380724 
MG570131_Megalocytivirus_pagrus1_TRBIV                   0.0236209 0.0188653 0.0188653 0.0236209 0.7337557 0.0238604 0.0000010 0.0287654 0.4277111 0.0000000 0.0238604 0.7337557 0.0287115 0.0140189 
MW883595_Megalocytivirus_pagrus1_ISKNV                   0.0048277 0.0141592 0.0141592 0.0048277 0.7728991 0.0000010 0.0238604 0.0046407 0.4275500 0.0238604 0.0000000 0.7728991 0.0097745 0.0189450 
MT521409_Megalocytivirus_lates1_SDDV                     0.7728991 0.7734708 0.7734708 0.7728991 0.0000010 0.7728991 0.7337557 0.7745323 0.7872923 0.7337557 0.7728991 0.0000000 0.7834039 0.7473929 
OR536350_Megalocytivirus_pagrus1_ISKNV                   0.0046781 0.0189329 0.0189329 0.0046781 0.7834039 0.0097745 0.0287115 0.0147168 0.4277197 0.0287115 0.0097745 0.7834039 0.0000000 0.0237491 
GQ273492_Megalocytivirus_pagrus1_TRBIV                   0.0187572 0.0140441 0.0140441 0.0187572 0.7473929 0.0189450 0.0140189 0.0237919 0.4380724 0.0140189 0.0189450 0.7473929 0.0237491 0.0000000 
