11
MK098185_Megalocytivirus_pagrus1_RSIV                    0.0000000 0.0254310 0.0254310 0.0125973 0.0125973 0.0000010 0.9098680 0.0636267 0.0125755 0.0125755 0.0642926 
MW273353_Megalocytivirus_pagrus1_ISKNV                   0.0254310 0.0000000 0.0000010 0.0383208 0.0383208 0.0254310 0.8976126 0.0638443 0.0382529 0.0382529 0.0645155 
MW883599_Megalocytivirus_pagrus1_ISKNV                   0.0254310 0.0000010 0.0000000 0.0383208 0.0383208 0.0254310 0.8976126 0.0638443 0.0382529 0.0382529 0.0645155 
ON075463_Megalocytivirus_pagrus1_RSIV                    0.0125973 0.0383208 0.0383208 0.0000000 0.0000010 0.0125973 0.9077071 0.0506383 0.0252655 0.0252655 0.0775076 
AY894343_Megalocytivirus_pagrus1_RSIV                    0.0125973 0.0383208 0.0383208 0.0000010 0.0000000 0.0125973 0.9077071 0.0506383 0.0252655 0.0252655 0.0775076 
BD143114_Megalocytivirus_pagrus1_RSIV                    0.0000010 0.0254310 0.0254310 0.0125973 0.0125973 0.0000000 0.9098680 0.0636267 0.0125755 0.0125755 0.0642926 
PQ335173_PQ335174_Threespine_stickleback_iridovirus_TSIV 0.9098680 0.8976126 0.8976126 0.9077071 0.9077071 0.9098680 0.0000000 0.9198619 0.8950918 0.8950918 0.9193539 
MG570132_Megalocytivirus_pagrus1_TRBIV                   0.0636267 0.0638443 0.0638443 0.0506383 0.0506383 0.0636267 0.9198619 0.0000000 0.0506593 0.0506593 0.0509133 
MT986830_Megalocytivirus_pagrus1_ISKNV                   0.0125755 0.0382529 0.0382529 0.0252655 0.0252655 0.0125755 0.8950918 0.0506593 0.0000000 0.0000010 0.0511882 
MW883595_Megalocytivirus_pagrus1_ISKNV                   0.0125755 0.0382529 0.0382529 0.0252655 0.0252655 0.0125755 0.8950918 0.0506593 0.0000010 0.0000000 0.0511882 
OK042109_Megalocytivirus_pagrus1_RSIV                    0.0642926 0.0645155 0.0645155 0.0775076 0.0775076 0.0642926 0.9193539 0.0509133 0.0511882 0.0511882 0.0000000 
