18
0_108      0.0000000 0.2013876 0.0000010 0.2443838 0.1879794 0.2642633 0.1697470 0.1807758 0.2779875 0.2886482 0.1879794 0.2140443 0.1807758 0.0635261 0.0635261 0.2013876 0.2140443 0.1715432 
2_112      0.2013876 0.0000000 0.2013876 0.0619273 0.0731332 0.3341171 0.0000010 0.0000010 0.3434558 0.3580832 0.0731332 0.0731332 0.0000010 0.1532398 0.1532398 0.0000010 0.0731332 0.1526505 
3_117      0.0000010 0.2013876 0.0000000 0.2443838 0.1879794 0.2642633 0.1697470 0.1807758 0.2779875 0.2886482 0.1879794 0.2140443 0.1807758 0.0635261 0.0635261 0.2013876 0.2140443 0.1715432 
4_109      0.2443838 0.0619273 0.2443838 0.0000000 0.1523979 0.4110134 0.0615449 0.0619273 0.4008761 0.4189391 0.1523979 0.1533781 0.0619273 0.2013705 0.2013705 0.0619273 0.1533781 0.1833662 
5_89       0.1879794 0.0731332 0.1879794 0.1523979 0.0000000 0.3109483 0.0643318 0.0682652 0.3384004 0.3495506 0.0000010 0.0000010 0.0682652 0.1653300 0.1653300 0.0731332 0.0000010 0.0568775 
6_104      0.2642633 0.3341171 0.2642633 0.4110134 0.3109483 0.0000000 0.2852964 0.2951504 0.1368728 0.1461815 0.3109483 0.3553389 0.2951504 0.2678141 0.2678141 0.3341171 0.3553389 0.2397077 
9_108      0.1697470 0.0000010 0.1697470 0.0615449 0.0643318 0.2852964 0.0000000 0.0000010 0.3127362 0.3238576 0.0643318 0.0731332 0.0000010 0.1532398 0.1532398 0.0000010 0.0731332 0.1246004 
11_105     0.1807758 0.0000010 0.1807758 0.0619273 0.0682652 0.2951504 0.0000010 0.0000000 0.3248248 0.3368118 0.0682652 0.0731332 0.0000010 0.1532398 0.1532398 0.0000010 0.0731332 0.1325161 
15_104     0.2779875 0.3434558 0.2779875 0.4008761 0.3384004 0.1368728 0.3127362 0.3248248 0.0000000 0.0078862 0.3384004 0.3637215 0.3248248 0.2890171 0.2890171 0.3434558 0.3637215 0.2733983 
16_104     0.2886482 0.3580832 0.2886482 0.4189391 0.3495506 0.1461815 0.3238576 0.3368118 0.0078862 0.0000000 0.3495506 0.3783068 0.3368118 0.3029956 0.3029956 0.3580832 0.3783068 0.2838968 
17_108     0.1879794 0.0731332 0.1879794 0.1523979 0.0000010 0.3109483 0.0643318 0.0682652 0.3384004 0.3495506 0.0000000 0.0000010 0.0682652 0.1653300 0.1653300 0.0731332 0.0000010 0.0568775 
19_108     0.2140443 0.0731332 0.2140443 0.1533781 0.0000010 0.3553389 0.0731332 0.0731332 0.3637215 0.3783068 0.0000010 0.0000000 0.0731332 0.1653300 0.1653300 0.0731332 0.0000010 0.0743055 
21_106     0.1807758 0.0000010 0.1807758 0.0619273 0.0682652 0.2951504 0.0000010 0.0000010 0.3248248 0.3368118 0.0682652 0.0731332 0.0000000 0.1532398 0.1532398 0.0000010 0.0731332 0.1325161 
22_109     0.0635261 0.1532398 0.0635261 0.2013705 0.1653300 0.2678141 0.1532398 0.1532398 0.2890171 0.3029956 0.1653300 0.1653300 0.1532398 0.0000000 0.0000010 0.1532398 0.1653300 0.1679999 
28_112     0.0635261 0.1532398 0.0635261 0.2013705 0.1653300 0.2678141 0.1532398 0.1532398 0.2890171 0.3029956 0.1653300 0.1653300 0.1532398 0.0000010 0.0000000 0.1532398 0.1653300 0.1679999 
33_90      0.2013876 0.0000010 0.2013876 0.0619273 0.0731332 0.3341171 0.0000010 0.0000010 0.3434558 0.3580832 0.0731332 0.0731332 0.0000010 0.1532398 0.1532398 0.0000000 0.0731332 0.1526505 
34_62      0.2140443 0.0731332 0.2140443 0.1533781 0.0000010 0.3553389 0.0731332 0.0731332 0.3637215 0.3783068 0.0000010 0.0000010 0.0731332 0.1653300 0.1653300 0.0731332 0.0000000 0.0743055 
43_106     0.1715432 0.1526505 0.1715432 0.1833662 0.0568775 0.2397077 0.1246004 0.1325161 0.2733983 0.2838968 0.0568775 0.0743055 0.1325161 0.1679999 0.1679999 0.1526505 0.0743055 0.0000000 
