17
7_115      0.0000000 2.2111651 1.5755538 1.3342866 3.1387469 1.7874353 1.5383360 0.0000010 1.8657528 1.4931582 3.1157690 1.8757046 4.2238574 1.3824047 1.2811024 1.6129965 0.0000010 
8_182      2.2111651 0.0000000 1.4651518 1.7984362 2.1833956 1.7134545 2.2110086 2.1434346 1.6675995 1.8216843 3.5959407 2.1328216 4.1807751 2.8269531 1.6987659 1.7978887 1.8557426 
14_22      1.5755538 1.4651518 0.0000000 1.3342866 1.6039676 0.7506927 0.4257198 1.1247956 0.5262282 0.6179677 2.0507897 1.0199957 1.7531469 1.0864686 0.9393708 0.7031447 0.0000010 
14_23      1.3342866 1.7984362 1.3342866 0.0000000 0.9554569 0.9991290 0.0000010 1.6425572 1.2610491 0.9178064 1.2275800 1.3165349 0.5597390 0.0000010 0.6600458 0.9776522 1.0286403 
14_28      3.1387469 2.1833956 1.6039676 0.9554569 0.0000000 1.3955245 2.6588294 1.8251293 1.3526631 1.4667063 1.5582035 1.5204532 0.7620637 3.4571416 1.1372306 1.6212217 1.3926226 
14_37      1.7874353 1.7134545 0.7506927 0.9991290 1.3955245 0.0000000 0.5427721 1.3205303 0.2523714 0.7912550 2.0326858 1.7572860 1.1813214 1.5076722 1.1068294 0.7945929 0.5840045 
14_53      1.5383360 2.2110086 0.4257198 0.0000010 2.6588294 0.5427721 0.0000000 0.7354539 0.6192614 0.3771208 3.6859255 1.2430700 4.2399517 1.1931480 0.0000010 0.3822109 0.0000010 
14_54      0.0000010 2.1434346 1.1247956 1.6425572 1.8251293 1.3205303 0.7354539 0.0000000 1.4898699 0.8581459 3.8252191 2.4384825 2.6782441 0.8537147 2.2201503 0.9854097 1.1741107 
14_69      1.8657528 1.6675995 0.5262282 1.2610491 1.3526631 0.2523714 0.6192614 1.4898699 0.0000000 0.8574920 1.8072681 1.7874675 1.0647102 1.6133055 1.1898251 0.8505887 0.5682083 
14_90      1.4931582 1.8216843 0.6179677 0.9178064 1.4667063 0.7912550 0.3771208 0.8581459 0.8574920 0.0000000 2.1325683 1.6540597 1.3424163 0.9844255 1.1441365 0.2277158 0.6225759 
14_98      3.1157690 3.5959407 2.0507897 1.2275800 1.5582035 2.0326858 3.6859255 3.8252191 1.8072681 2.1325683 0.0000000 2.4004626 1.3919404 5.3798773 1.7452605 1.9539440 1.9233069 
14_100     1.8757046 2.1328216 1.0199957 1.3165349 1.5204532 1.7572860 1.2430700 2.4384825 1.7874675 1.6540597 2.4004626 0.0000000 2.1530966 1.9570378 1.5137683 1.6795303 1.8993033 
14_101     4.2238574 4.1807751 1.7531469 0.5597390 0.7620637 1.1813214 4.2399517 2.6782441 1.0647102 1.3424163 1.3919404 2.1530966 0.0000000 2.9178772 0.5404275 1.3351894 0.6292384 
14_102     1.3824047 2.8269531 1.0864686 0.0000010 3.4571416 1.5076722 1.1931480 0.8537147 1.6133055 0.9844255 5.3798773 1.9570378 2.9178772 0.0000000 0.0000010 0.9583389 0.0000010 
14_103     1.2811024 1.6987659 0.9393708 0.6600458 1.1372306 1.1068294 0.0000010 2.2201503 1.1898251 1.1441365 1.7452605 1.5137683 0.5404275 0.0000010 0.0000000 1.2145970 1.3505974 
14_127     1.6129965 1.7978887 0.7031447 0.9776522 1.6212217 0.7945929 0.3822109 0.9854097 0.8505887 0.2277158 1.9539440 1.6795303 1.3351894 0.9583389 1.2145970 0.0000000 0.6398149 
14_144     0.0000010 1.8557426 0.0000010 1.0286403 1.3926226 0.5840045 0.0000010 1.1741107 0.5682083 0.6225759 1.9233069 1.8993033 0.6292384 0.0000010 1.3505974 0.6398149 0.0000000 
