18
0_59       0.0000000 0.0835949 0.0301694 0.0773217 0.0719284 0.1259197 0.0773217 0.0941369 0.0941369 0.0719284 0.0000010 0.0056424 1.3047744 1.3047744 1.3082512 0.1199503 1.3082512 0.0047745 
2_58       0.0835949 0.0000000 0.0302118 0.0057067 0.0409523 0.1595324 0.0057067 0.1263729 0.1263729 0.0409523 0.0835949 0.0896399 1.3143130 1.3143130 1.3123957 0.1534322 1.3123957 0.0896399 
3_62       0.0301694 0.0302118 0.0000000 0.0302118 0.0000010 0.0940010 0.0302118 0.0717230 0.0717230 0.0000010 0.0301694 0.0402820 1.1040440 1.1040440 1.1270282 0.0940010 1.1270282 0.0402820 
4_57       0.0773217 0.0057067 0.0302118 0.0000000 0.0349687 0.1527753 0.0000010 0.1198811 0.1198811 0.0349687 0.0773217 0.0833379 1.3234944 1.3234944 1.3215390 0.1466988 1.3215390 0.0833379 
5_16       0.0719284 0.0409523 0.0000010 0.0349687 0.0000000 0.1347132 0.0349687 0.1021106 0.1021106 0.0000010 0.0719284 0.0779868 1.3235058 1.3235058 1.3388451 0.1286218 1.3388451 0.0779868 
6_58       0.1259197 0.1595324 0.0940010 0.1527753 0.1347132 0.0000000 0.1527753 0.0818628 0.0818628 0.1347132 0.1259197 0.1267263 1.4434324 1.4434324 1.4472582 0.0056742 1.4472582 0.1267263 
9_57       0.0773217 0.0057067 0.0302118 0.0000010 0.0349687 0.1527753 0.0000000 0.1198811 0.1198811 0.0349687 0.0773217 0.0833379 1.3234944 1.3234944 1.3215390 0.1466988 1.3215390 0.0833379 
15_58      0.0941369 0.1263729 0.0717230 0.1198811 0.1021106 0.0818628 0.1198811 0.0000000 0.0000010 0.1021106 0.0941369 0.1001034 1.3063614 1.3063614 1.3098383 0.0760333 1.3098383 0.1001034 
16_58      0.0941369 0.1263729 0.0717230 0.1198811 0.1021106 0.0818628 0.1198811 0.0000010 0.0000000 0.1021106 0.0941369 0.1001034 1.3063614 1.3063614 1.3098383 0.0760333 1.3098383 0.1001034 
17_59      0.0719284 0.0409523 0.0000010 0.0349687 0.0000010 0.1347132 0.0349687 0.1021106 0.1021106 0.0000000 0.0719284 0.0779868 1.3235058 1.3235058 1.3388451 0.1286218 1.3388451 0.0779868 
20_56      0.0000010 0.0835949 0.0301694 0.0773217 0.0719284 0.1259197 0.0773217 0.0941369 0.0941369 0.0719284 0.0000000 0.0056424 1.3047744 1.3047744 1.3082512 0.1199503 1.3082512 0.0047745 
22_59      0.0056424 0.0896399 0.0402820 0.0833379 0.0779868 0.1267263 0.0833379 0.1001034 0.1001034 0.0779868 0.0056424 0.0000000 1.3179201 1.3179201 1.3214205 0.1207301 1.3214205 0.0000010 
23_50      1.3047744 1.3143130 1.1040440 1.3234944 1.3235058 1.4434324 1.3234944 1.3063614 1.3063614 1.3235058 1.3047744 1.3179201 0.0000000 0.0000010 0.0057565 1.4310252 0.0057565 1.3179201 
25_51      1.3047744 1.3143130 1.1040440 1.3234944 1.3235058 1.4434324 1.3234944 1.3063614 1.3063614 1.3235058 1.3047744 1.3179201 0.0000010 0.0000000 0.0057565 1.4310252 0.0057565 1.3179201 
31_30      1.3082512 1.3123957 1.1270282 1.3215390 1.3388451 1.4472582 1.3215390 1.3098383 1.3098383 1.3388451 1.3082512 1.3214205 0.0057565 0.0057565 0.0000000 1.4348289 0.0000010 1.3214205 
33_16      0.1199503 0.1534322 0.0940010 0.1466988 0.1286218 0.0056742 0.1466988 0.0760333 0.0760333 0.1286218 0.1199503 0.1207301 1.4310252 1.4310252 1.4348289 0.0000000 1.4348289 0.1207301 
38_83      1.3082512 1.3123957 1.1270282 1.3215390 1.3388451 1.4472582 1.3215390 1.3098383 1.3098383 1.3388451 1.3082512 1.3214205 0.0057565 0.0057565 0.0000010 1.4348289 0.0000000 1.3214205 
42_59      0.0047745 0.0896399 0.0402820 0.0833379 0.0779868 0.1267263 0.0833379 0.1001034 0.1001034 0.0779868 0.0047745 0.0000010 1.3179201 1.3179201 1.3214205 0.1207301 1.3214205 0.0000000 
