20
1_35       0.0000000 1.9701259 2.4732992 2.0333023 1.7754595 1.8356755 2.3909633 2.2461121 2.2285691 1.6727261 2.0821686 1.8360996 1.6744296 1.6525361 2.3016420 2.3938900 1.7705840 1.6484204 2.2328227 1.0780705 
7_85       1.9701259 0.0000000 2.7121080 1.0728723 1.9456531 1.8506379 2.6463810 2.1041153 2.5825976 1.7912214 2.6037431 1.6820314 1.9388470 1.7881316 2.2439848 2.5401595 1.8970215 1.7121227 2.1279712 2.1534681 
8_17       2.4732992 2.7121080 0.0000000 2.7923027 2.9430084 2.9864547 3.2510867 2.4999764 3.4623874 2.7928062 2.3335548 2.8314189 2.9025780 2.7768572 2.8980541 3.2926050 3.3479908 2.8491207 2.4634251 3.1752973 
8_137      2.0333023 1.0728723 2.7923027 0.0000000 1.8963997 2.0241822 2.3626600 2.1311453 2.6355602 1.9381742 2.4606768 1.5852656 1.8732564 1.8823407 2.3943799 2.6329516 1.9510983 2.0235954 2.0969452 2.2330524 
12_4       1.7754595 1.9456531 2.9430084 1.8963997 0.0000000 1.5501637 1.8561252 1.7087110 2.1228729 1.4265514 1.9813871 1.6201284 0.4208798 1.3755255 1.7381469 1.9751191 1.4918867 1.3569040 1.8193237 1.7569139 
12_41      1.8356755 1.8506379 2.9864547 2.0241822 1.5501637 0.0000000 1.8810918 1.8983718 1.9057866 1.5402962 2.5367703 1.7135714 1.6278123 1.4597971 1.8076296 1.8692003 0.5424047 1.5041288 1.9128025 1.7509595 
12_46      2.3909633 2.6463810 3.2510867 2.3626600 1.8561252 1.8810918 0.0000000 1.7309851 2.4528132 2.1955945 2.5837397 2.4213306 1.9694208 1.9763094 0.6782326 2.1868973 1.8580748 2.3374461 1.7056955 2.5700512 
12_49      2.2461121 2.1041153 2.4999764 2.1311453 1.7087110 1.8983718 1.7309851 0.0000000 1.9955636 1.8184673 2.1285390 2.1880354 1.8109374 1.8938699 1.8747509 1.9042243 1.9060287 1.7963297 0.4410188 2.2652985 
12_50      2.2285691 2.5825976 3.4623874 2.6355602 2.1228729 1.9057866 2.4528132 1.9955636 0.0000000 1.7970691 2.8337403 2.5093069 2.1502563 1.9188729 2.4496898 1.0611908 2.0361631 2.0161469 2.0040250 2.3996793 
12_87      1.6727261 1.7912214 2.7928062 1.9381742 1.4265514 1.5402962 2.1955945 1.8184673 1.7970691 0.0000000 2.1560797 1.7726054 1.5652939 1.5610444 2.2059523 1.9202694 1.4978604 0.6535838 2.0003632 1.7824431 
14_35      2.0821686 2.6037431 2.3335548 2.4606768 1.9813871 2.5367703 2.5837397 2.1285390 2.8337403 2.1560797 0.0000000 2.3129286 2.0993101 2.2878406 2.3852986 2.5112418 2.6490821 2.1098401 2.2653385 2.1649164 
14_95      1.8360996 1.6820314 2.8314189 1.5852656 1.6201284 1.7135714 2.4213306 2.1880354 2.5093069 1.7726054 2.3129286 0.0000000 1.6308330 1.6553258 2.4719876 2.2365844 1.6895597 1.6572193 2.2962074 1.8276456 
24_11      1.6744296 1.9388470 2.9025780 1.8732564 0.4208798 1.6278123 1.9694208 1.8109374 2.1502563 1.5652939 2.0993101 1.6308330 0.0000000 1.4903532 1.9269224 2.2302943 1.5182160 1.4489287 1.7921416 1.6876231 
24_20      1.6525361 1.7881316 2.7768572 1.8823407 1.3755255 1.4597971 1.9763094 1.8938699 1.9188729 1.5610444 2.2878406 1.6553258 1.4903532 0.0000000 1.7362209 1.7149584 1.3295229 1.4982026 1.9073774 1.6050763 
24_93      2.3016420 2.2439848 2.8980541 2.3943799 1.7381469 1.8076296 0.6782326 1.8747509 2.4496898 2.2059523 2.3852986 2.4719876 1.9269224 1.7362209 0.0000000 2.2193918 1.7782384 2.1700223 1.9963772 2.4472481 
24_106     2.3938900 2.5401595 3.2926050 2.6329516 1.9751191 1.8692003 2.1868973 1.9042243 1.0611908 1.9202694 2.5112418 2.2365844 2.2302943 1.7149584 2.2193918 0.0000000 1.8739717 1.9548025 1.9714066 2.3144288 
24_111     1.7705840 1.8970215 3.3479908 1.9510983 1.4918867 0.5424047 1.8580748 1.9060287 2.0361631 1.4978604 2.6490821 1.6895597 1.5182160 1.3295229 1.7782384 1.8739717 0.0000000 1.4109710 1.9878360 1.7782627 
24_119     1.6484204 1.7121227 2.8491207 2.0235954 1.3569040 1.5041288 2.3374461 1.7963297 2.0161469 0.6535838 2.1098401 1.6572193 1.4489287 1.4982026 2.1700223 1.9548025 1.4109710 0.0000000 1.9476037 1.7505923 
24_124     2.2328227 2.1279712 2.4634251 2.0969452 1.8193237 1.9128025 1.7056955 0.4410188 2.0040250 2.0003632 2.2653385 2.2962074 1.7921416 1.9073774 1.9963772 1.9714066 1.9878360 1.9476037 0.0000000 2.2080416 
30_19      1.0780705 2.1534681 3.1752973 2.2330524 1.7569139 1.7509595 2.5700512 2.2652985 2.3996793 1.7824431 2.1649164 1.8276456 1.6876231 1.6050763 2.4472481 2.3144288 1.7782627 1.7505923 2.2080416 0.0000000 
