6
2_24       0.0000000 1.7680861 2.8848646 0.0805916 1.7680861 2.8315297 
3_28       1.7680861 0.0000000 0.3055626 0.2622655 0.0000010 0.9909597 
20_24      2.8848646 0.3055626 0.0000000 0.5625571 0.3055626 0.9777876 
26_80      0.0805916 0.2622655 0.5625571 0.0000000 0.2622655 1.3987215 
29_27      1.7680861 0.0000010 0.3055626 0.2622655 0.0000000 0.9909597 
34_102     2.8315297 0.9909597 0.9777876 1.3987215 0.9909597 0.0000000 
