8
23_2       0.0000000 1.4595511 2.1615622 0.0000010 1.4595511 2.1615622 2.0798266 0.0000010 
23_3       1.4595511 0.0000000 1.6189221 1.4595511 0.0000010 1.6189221 1.4386063 1.5137799 
23_70      2.1615622 1.6189221 0.0000000 2.1615622 1.6189221 0.0000010 0.0000010 2.2691924 
25_2       0.0000010 1.4595511 2.1615622 0.0000000 1.4595511 2.1615622 2.0798266 0.0000010 
25_3       1.4595511 0.0000010 1.6189221 1.4595511 0.0000000 1.6189221 1.4386063 1.5137799 
25_71      2.1615622 1.6189221 0.0000010 2.1615622 1.6189221 0.0000000 0.0000010 2.2691924 
31_51      2.0798266 1.4386063 0.0000010 2.0798266 1.4386063 0.0000010 0.0000000 2.0798266 
38_130     0.0000010 1.5137799 2.2691924 0.0000010 1.5137799 2.2691924 2.0798266 0.0000000 
