17
0_57       0.0000000 0.0471771 0.0357361 0.0471771 0.0357361 0.0353785 2.5352145 0.0480328 0.0480328 0.0000010 0.0115633 1.4834322 1.4834322 1.4834322 0.0353785 1.4363584 0.0115633 
2_57       0.0471771 0.0000000 0.0348561 0.0000010 0.0348561 0.0587358 2.4437027 0.0717588 0.0717588 0.0471771 0.0600975 1.4418733 1.4418733 1.4418733 0.0587358 1.3959978 0.0600975 
3_61       0.0357361 0.0348561 0.0000000 0.0348561 0.0000010 0.0474445 2.4521748 0.0603856 0.0603856 0.0357361 0.0485535 1.4225050 1.4225050 1.4225050 0.0474445 1.3770218 0.0485535 
4_56       0.0471771 0.0000010 0.0348561 0.0000000 0.0348561 0.0587358 2.4437027 0.0717588 0.0717588 0.0471771 0.0600975 1.4418733 1.4418733 1.4418733 0.0587358 1.3959978 0.0600975 
5_17       0.0357361 0.0348561 0.0000010 0.0348561 0.0000000 0.0474445 2.4521748 0.0603856 0.0603856 0.0357361 0.0485535 1.4225050 1.4225050 1.4225050 0.0474445 1.3770218 0.0485535 
6_56       0.0353785 0.0587358 0.0474445 0.0587358 0.0474445 0.0000000 2.4345873 0.0597951 0.0597951 0.0353785 0.0480676 1.4886658 1.4886658 1.4886658 0.0000010 1.4414388 0.0480676 
14_12      2.5352145 2.4437027 2.4521748 2.4437027 2.4521748 2.4345873 0.0000000 2.5417694 2.5417694 2.5352145 2.4946955 2.2246963 2.2246963 2.2246963 2.4345873 2.1840395 2.4946955 
15_57      0.0480328 0.0717588 0.0603856 0.0717588 0.0603856 0.0597951 2.5417694 0.0000000 0.0000010 0.0480328 0.0612057 1.4856587 1.4856587 1.4856587 0.0597951 1.4385248 0.0612057 
16_57      0.0480328 0.0717588 0.0603856 0.0717588 0.0603856 0.0597951 2.5417694 0.0000010 0.0000000 0.0480328 0.0612057 1.4856587 1.4856587 1.4856587 0.0597951 1.4385248 0.0612057 
20_54      0.0000010 0.0471771 0.0357361 0.0471771 0.0357361 0.0353785 2.5352145 0.0480328 0.0480328 0.0000000 0.0115633 1.4834322 1.4834322 1.4834322 0.0353785 1.4363584 0.0115633 
22_58      0.0115633 0.0600975 0.0485535 0.0600975 0.0485535 0.0480676 2.4946955 0.0612057 0.0612057 0.0115633 0.0000000 1.4832453 1.4832453 1.4832453 0.0480676 1.4364533 0.0000010 
23_38      1.4834322 1.4418733 1.4225050 1.4418733 1.4225050 1.4886658 2.2246963 1.4856587 1.4856587 1.4834322 1.4832453 0.0000000 0.0000010 0.0000010 1.4886658 0.0101477 1.4832453 
25_39      1.4834322 1.4418733 1.4225050 1.4418733 1.4225050 1.4886658 2.2246963 1.4856587 1.4856587 1.4834322 1.4832453 0.0000010 0.0000000 0.0000010 1.4886658 0.0101477 1.4832453 
31_18      1.4834322 1.4418733 1.4225050 1.4418733 1.4225050 1.4886658 2.2246963 1.4856587 1.4856587 1.4834322 1.4832453 0.0000010 0.0000010 0.0000000 1.4886658 0.0113157 1.4832453 
33_18      0.0353785 0.0587358 0.0474445 0.0587358 0.0474445 0.0000010 2.4345873 0.0597951 0.0597951 0.0353785 0.0480676 1.4886658 1.4886658 1.4886658 0.0000000 1.4414388 0.0480676 
38_95      1.4363584 1.3959978 1.3770218 1.3959978 1.3770218 1.4414388 2.1840395 1.4385248 1.4385248 1.4363584 1.4364533 0.0101477 0.0101477 0.0113157 1.4414388 0.0000000 1.4364533 
42_57      0.0115633 0.0600975 0.0485535 0.0600975 0.0485535 0.0480676 2.4946955 0.0612057 0.0612057 0.0115633 0.0000010 1.4832453 1.4832453 1.4832453 0.0480676 1.4364533 0.0000000 
