11
2_22       0.0000000 0.0969625 0.2494719 0.3112206 0.0952113 0.2469224 0.0969625 0.0969625 0.0952686 0.0953228 0.0988212 
5_49       0.0969625 0.0000000 0.2169250 0.7628750 0.0044558 0.1336217 0.0000010 0.0000010 0.0000010 0.0026452 0.0000010 
15_25      0.2494719 0.2169250 0.0000000 0.0693345 0.2397968 0.3007320 0.2169250 0.2169250 0.2417682 0.2418936 0.2139216 
16_25      0.3112206 0.7628750 0.0693345 0.0000000 0.3300822 0.4078528 0.7628750 0.7628750 0.3304834 0.3277029 0.7056962 
18_24      0.0952113 0.0044558 0.2397968 0.3300822 0.0000000 0.2118752 0.0000010 0.0044558 0.0020724 0.0020733 0.0000010 
20_23      0.2469224 0.1336217 0.3007320 0.4078528 0.2118752 0.0000000 0.1336217 0.1336217 0.2120479 0.2101295 0.1336217 
29_26      0.0969625 0.0000010 0.2169250 0.7628750 0.0000010 0.1336217 0.0000000 0.0000010 0.0000010 0.0026452 0.0000010 
32_50      0.0969625 0.0000010 0.2169250 0.7628750 0.0044558 0.1336217 0.0000010 0.0000000 0.0000010 0.0026452 0.0000010 
34_0       0.0952686 0.0000010 0.2417682 0.3304834 0.0020724 0.2120479 0.0000010 0.0000010 0.0000000 0.0020739 0.0000010 
36_24      0.0953228 0.0026452 0.2418936 0.3277029 0.0020733 0.2101295 0.0026452 0.0026452 0.0020739 0.0000000 0.0026482 
41_25      0.0988212 0.0000010 0.2139216 0.7056962 0.0000010 0.1336217 0.0000010 0.0000010 0.0000010 0.0026482 0.0000000 
