13
0_110      0.0000000 0.0448178 0.0368643 0.0430226 0.0368643 0.0060172 0.0430226 0.0181230 0.0181230 0.0000010 0.5987027 0.5987027 0.0492903 
2_114      0.0448178 0.0000000 0.0062705 0.0000010 0.0062705 0.0382814 0.0000010 0.0512576 0.0512576 0.0448178 0.5779210 0.5779210 0.0062651 
3_119      0.0368643 0.0062705 0.0000000 0.0060244 0.0000010 0.0306180 0.0060244 0.0430386 0.0430386 0.0368643 0.6042783 0.6042783 0.0120776 
4_111      0.0430226 0.0000010 0.0060244 0.0000000 0.0060244 0.0367534 0.0000010 0.0492031 0.0492031 0.0430226 0.6127968 0.6127968 0.0060194 
5_87       0.0368643 0.0062705 0.0000010 0.0060244 0.0000000 0.0306180 0.0060244 0.0430386 0.0430386 0.0368643 0.6042783 0.6042783 0.0120776 
6_106      0.0060172 0.0382814 0.0306180 0.0367534 0.0306180 0.0000000 0.0367534 0.0120429 0.0120429 0.0060172 0.5982762 0.5982762 0.0429840 
9_110      0.0430226 0.0000010 0.0060244 0.0000010 0.0060244 0.0367534 0.0000000 0.0492031 0.0492031 0.0430226 0.6127968 0.6127968 0.0060194 
15_106     0.0181230 0.0512576 0.0430386 0.0492031 0.0430386 0.0120429 0.0492031 0.0000000 0.0000010 0.0181230 0.5861960 0.5861960 0.0554903 
16_106     0.0181230 0.0512576 0.0430386 0.0492031 0.0430386 0.0120429 0.0492031 0.0000010 0.0000000 0.0181230 0.5861960 0.5861960 0.0554903 
20_108     0.0000010 0.0448178 0.0368643 0.0430226 0.0368643 0.0060172 0.0430226 0.0181230 0.0181230 0.0000000 0.5987027 0.5987027 0.0492903 
23_60      0.5987027 0.5779210 0.6042783 0.6127968 0.6042783 0.5982762 0.6127968 0.5861960 0.5861960 0.5987027 0.0000000 0.0000010 0.6165433 
25_61      0.5987027 0.5779210 0.6042783 0.6127968 0.6042783 0.5982762 0.6127968 0.5861960 0.5861960 0.5987027 0.0000010 0.0000000 0.6165433 
33_88      0.0492903 0.0062651 0.0120776 0.0060194 0.0120776 0.0429840 0.0060194 0.0554903 0.0554903 0.0492903 0.6165433 0.6165433 0.0000000 
