26
0_29       0.0000000 2.3483694 0.0224508 0.0413403 0.0192052 0.0191651 0.0288120 3.1334410 4.4880360 2.2485760 0.0192052 2.7408531 2.2644454 3.5292873 2.5521152 0.0223609 0.0255859 0.0191651 0.0000010 0.0031552 0.9297419 2.2944699 0.9297419 0.0031552 2.1310255 0.9377292 
1_84       2.3483694 0.0000000 2.3868046 2.5436201 2.3906539 2.4073335 2.3639405 3.8802994 3.6841970 3.6424842 2.3906539 3.6932881 2.4281117 3.5864803 2.4878803 2.3642586 2.3746228 2.4073335 2.3483694 2.3460145 2.2537367 2.2593784 2.2537367 2.3460145 0.8281573 2.2464009 
2_28       0.0224508 2.3868046 0.0000000 0.0666103 0.0031577 0.0095229 0.0257119 3.1599040 4.5628658 2.1939827 0.0031577 2.7958183 2.2938299 3.5850801 2.5677256 0.0192420 0.0224759 0.0095229 0.0224508 0.0192161 0.9390175 2.2769718 0.9390175 0.0192161 2.1230970 0.9470837 
3_32       0.0413403 2.5436201 0.0666103 0.0000000 0.0629837 0.0628446 0.0698788 3.5756031 5.2504773 2.4273727 0.0629837 3.0090448 2.5303334 3.7880492 2.8014833 0.0663127 0.0698788 0.0628446 0.0413403 0.0448583 1.0177048 2.5761115 1.0177048 0.0448583 2.2644690 1.0266817 
4_27       0.0192052 2.3906539 0.0031577 0.0629837 0.0000000 0.0063360 0.0224533 3.1695382 4.5958369 2.2225617 0.0000010 2.7906618 2.2958475 3.6003757 2.5676354 0.0160032 0.0192268 0.0063360 0.0192052 0.0159816 0.9297012 2.2786999 0.9297012 0.0159816 2.1264627 0.9376922 
5_45       0.0191651 2.4073335 0.0095229 0.0628446 0.0063360 0.0000000 0.0159594 3.1911352 4.6593300 2.2374827 0.0063360 2.8076749 2.3016166 3.6211023 2.5802575 0.0159697 0.0127548 0.0000010 0.0191651 0.0159481 0.9266876 2.2899230 0.9266876 0.0159481 2.1416034 0.9346497 
6_28       0.0288120 2.3639405 0.0257119 0.0698788 0.0224533 0.0159594 0.0000000 3.1369272 4.5198641 2.2374827 0.0224533 2.7593969 2.2742933 3.5608183 2.5285810 0.0063228 0.0031562 0.0159594 0.0288120 0.0255747 0.9104506 2.2827982 0.9104506 0.0255747 2.1296933 0.9182849 
7_42       3.1334410 3.8802994 3.1599040 3.5756031 3.1695382 3.1911352 3.1369272 0.0000000 2.0708950 2.1319814 3.1695382 0.9481026 2.7599414 2.8154642 2.2786594 3.1334318 3.1507930 3.1911352 3.1334410 3.1503618 3.2480431 2.7537004 3.2480431 3.1503618 3.3909225 3.2453898 
8_174      4.4880360 3.6841970 4.5628658 5.2504773 4.5958369 4.6593300 4.5198641 2.0708950 0.0000000 9.0000000 4.5958369 2.2320255 4.0077259 3.3683201 2.9847539 4.4959681 4.5578957 4.6593300 4.4880360 4.4816937 4.9310507 4.2147680 4.9310507 4.4816937 4.5399103 4.9310507 
8_175      2.2485760 3.6424842 2.1939827 2.4273727 2.2225617 2.2374827 2.2374827 2.1319814 9.0000000 0.0000000 2.2225617 2.1672706 3.5441506 2.9376409 2.1370323 2.2374827 2.2374827 2.2374827 2.2485760 2.2485760 1.8599801 3.4143814 1.8599801 2.2485760 3.0537949 1.8101227 
9_27       0.0192052 2.3906539 0.0031577 0.0629837 0.0000010 0.0063360 0.0224533 3.1695382 4.5958369 2.2225617 0.0000000 2.7906618 2.2958475 3.6003757 2.5676354 0.0160032 0.0192268 0.0063360 0.0192052 0.0159816 0.9297012 2.2786999 0.9297012 0.0159816 2.1264627 0.9376922 
10_66      2.7408531 3.6932881 2.7958183 3.0090448 2.7906618 2.8076749 2.7593969 0.9481026 2.2320255 2.1672706 2.7906618 0.0000000 2.5861642 2.8282265 2.4003511 2.7588433 2.7717969 2.8076749 2.7408531 2.7364309 3.0502405 2.6839341 3.0502405 2.7364309 3.1979516 3.0752137 
12_107     2.2644454 2.4281117 2.2938299 2.5303334 2.2958475 2.3016166 2.2742933 2.7599414 4.0077259 3.5441506 2.2958475 2.5861642 0.0000000 3.3015907 2.2288613 2.2821270 2.2851774 2.3016166 2.2644454 2.2692804 2.3588079 0.9432183 2.3588079 2.2692804 2.3240268 2.4040485 
13_247     3.5292873 3.5864803 3.5850801 3.7880492 3.6003757 3.6211023 3.5608183 2.8154642 3.3683201 2.9376409 3.6003757 2.8282265 3.3015907 0.0000000 3.1013686 3.5613623 3.5764428 3.6211023 3.5292873 3.5223013 3.5675816 3.2770629 3.5675816 3.5223013 3.4662933 3.5801603 
14_29      2.5521152 2.4878803 2.5677256 2.8014833 2.5676354 2.5802575 2.5285810 2.2786594 2.9847539 2.1370323 2.5676354 2.4003511 2.2288613 3.1013686 0.0000000 2.5308872 2.5402504 2.5802575 2.5521152 2.5508270 2.4809978 2.4138925 2.4809978 2.5508270 2.6399160 2.5015544 
15_29      0.0223609 2.3642586 0.0192420 0.0663127 0.0160032 0.0159697 0.0063228 3.1334318 4.4959681 2.2374827 0.0160032 2.7588433 2.2821270 3.5613623 2.5308872 0.0000000 0.0031582 0.0159697 0.0223609 0.0191394 0.9073905 2.2854867 0.9073905 0.0191394 2.1304858 0.9152319 
16_29      0.0255859 2.3746228 0.0224759 0.0698788 0.0192268 0.0127548 0.0031562 3.1507930 4.5578957 2.2374827 0.0192268 2.7717969 2.2851774 3.5764428 2.5402504 0.0031582 0.0000000 0.0127548 0.0255859 0.0223561 0.9041875 2.2940233 0.9041875 0.0223561 2.1398679 0.9119853 
17_31      0.0191651 2.4073335 0.0095229 0.0628446 0.0063360 0.0000010 0.0159594 3.1911352 4.6593300 2.2374827 0.0063360 2.8076749 2.3016166 3.6211023 2.5802575 0.0159697 0.0127548 0.0000000 0.0191651 0.0159481 0.9266876 2.2899230 0.9266876 0.0159481 2.1416034 0.9346497 
20_27      0.0000010 2.3483694 0.0224508 0.0413403 0.0192052 0.0191651 0.0288120 3.1334410 4.4880360 2.2485760 0.0192052 2.7408531 2.2644454 3.5292873 2.5521152 0.0223609 0.0255859 0.0191651 0.0000000 0.0031552 0.9297419 2.2944699 0.9297419 0.0031552 2.1310255 0.9377292 
22_30      0.0031552 2.3460145 0.0192161 0.0448583 0.0159816 0.0159481 0.0255747 3.1503618 4.4816937 2.2485760 0.0159816 2.7364309 2.2692804 3.5223013 2.5508270 0.0191394 0.0223561 0.0159481 0.0031552 0.0000000 0.9289377 2.2785506 0.9289377 0.0000010 2.1268340 0.9369173 
23_97      0.9297419 2.2537367 0.9390175 1.0177048 0.9297012 0.9266876 0.9104506 3.2480431 4.9310507 1.8599801 0.9297012 3.0502405 2.3588079 3.5675816 2.4809978 0.9073905 0.9041875 0.9266876 0.9297419 0.9289377 0.0000000 2.4052747 0.0000010 0.9289377 2.1988446 0.0032223 
24_105     2.2944699 2.2593784 2.2769718 2.5761115 2.2786999 2.2899230 2.2827982 2.7537004 4.2147680 3.4143814 2.2786999 2.6839341 0.9432183 3.2770629 2.4138925 2.2854867 2.2940233 2.2899230 2.2944699 2.2785506 2.4052747 0.0000000 2.4052747 2.2785506 2.3633197 2.4530379 
25_98      0.9297419 2.2537367 0.9390175 1.0177048 0.9297012 0.9266876 0.9104506 3.2480431 4.9310507 1.8599801 0.9297012 3.0502405 2.3588079 3.5675816 2.4809978 0.9073905 0.9041875 0.9266876 0.9297419 0.9289377 0.0000010 2.4052747 0.0000000 0.9289377 2.1988446 0.0032223 
28_31      0.0031552 2.3460145 0.0192161 0.0448583 0.0159816 0.0159481 0.0255747 3.1503618 4.4816937 2.2485760 0.0159816 2.7364309 2.2692804 3.5223013 2.5508270 0.0191394 0.0223561 0.0159481 0.0031552 0.0000010 0.9289377 2.2785506 0.9289377 0.0000000 2.1268340 0.9369173 
30_94      2.1310255 0.8281573 2.1230970 2.2644690 2.1264627 2.1416034 2.1296933 3.3909225 4.5399103 3.0537949 2.1264627 3.1979516 2.3240268 3.4662933 2.6399160 2.1304858 2.1398679 2.1416034 2.1310255 2.1268340 2.1988446 2.3633197 2.1988446 2.1268340 0.0000000 2.2258131 
31_78      0.9377292 2.2464009 0.9470837 1.0266817 0.9376922 0.9346497 0.9182849 3.2453898 4.9310507 1.8101227 0.9376922 3.0752137 2.4040485 3.5801603 2.5015544 0.9152319 0.9119853 0.9346497 0.9377292 0.9369173 0.0032223 2.4530379 0.0032223 0.9369173 2.2258131 0.0000000 
