25
0_33       0.0000000 3.4020739 0.0759383 0.0000010 0.0759383 0.0814898 0.0921476 2.3963085 3.8107164 2.5267026 3.1372279 4.0473823 3.5989954 0.1014349 0.1014349 0.0814898 0.0156391 1.2483451 3.4001100 1.2483451 0.0051668 0.0979700 3.0743332 0.0979700 0.0156391 
1_58       3.4020739 0.0000000 3.3255274 3.4020739 3.3255274 3.2885887 3.2235077 3.0296602 3.4317728 3.0573593 2.1231771 3.4520415 2.1896981 3.4074015 3.4074015 3.2885887 3.4260333 3.4825928 2.1670612 3.4825928 3.4703778 3.2450884 1.1464621 3.2450884 3.4260333 
2_32       0.0759383 3.3255274 0.0000000 0.0759383 0.0000010 0.0101624 0.1199290 2.3642480 3.7705147 2.5189997 3.1966864 4.1379553 3.5690318 0.1431374 0.1431374 0.0101624 0.0702613 1.2102815 3.4057061 1.2102815 0.0817371 0.1257315 3.1310884 0.1257315 0.0702613 
3_36       0.0000010 3.4020739 0.0759383 0.0000000 0.0759383 0.0814898 0.0921476 2.3963085 3.8107164 2.5267026 3.1372279 4.0473823 3.5989954 0.1014349 0.1014349 0.0814898 0.0156391 1.2483451 3.4001100 1.2483451 0.0051668 0.0979700 3.0743332 0.0979700 0.0156391 
4_31       0.0759383 3.3255274 0.0000010 0.0759383 0.0000000 0.0101624 0.1199290 2.3642480 3.7705147 2.5189997 3.1966864 4.1379553 3.5690318 0.1431374 0.1431374 0.0101624 0.0702613 1.2102815 3.4057061 1.2102815 0.0817371 0.1257315 3.1310884 0.1257315 0.0702613 
5_41       0.0814898 3.2885887 0.0101624 0.0814898 0.0101624 0.0000000 0.1319126 2.3575977 3.7340887 2.5108579 3.1755118 4.1121044 3.6126350 0.1491059 0.1491059 0.0000010 0.0757823 1.2013837 3.3509938 1.2013837 0.0873240 0.1377497 3.1049866 0.1377497 0.0757823 
6_32       0.0921476 3.2235077 0.1199290 0.0921476 0.1199290 0.1319126 0.0000000 2.3749190 3.8288918 2.4397481 3.0918615 3.8688339 3.6270272 0.0960242 0.0960242 0.1319126 0.0794392 1.2135165 3.1656540 1.2135165 0.0983041 0.0050083 3.1308667 0.0050083 0.0794392 
7_157      2.3963085 3.0296602 2.3642480 2.3963085 2.3642480 2.3575977 2.3749190 0.0000000 1.3654122 0.4534970 2.7686582 2.1519880 2.3575875 2.5123770 2.5123770 2.3575977 2.4397125 2.5834739 3.0028970 2.5834739 2.4050874 2.3845779 3.1279327 2.3845779 2.4397125 
8_72       3.8107164 3.4317728 3.7705147 3.8107164 3.7705147 3.7340887 3.8288918 1.3654122 0.0000000 1.3195323 2.5442715 2.9784198 2.8133533 4.0587024 4.0587024 3.7340887 3.8190213 3.1684825 2.8344103 3.1684825 3.7452613 3.8418124 3.4067518 3.8418124 3.8190213 
10_122     2.5267026 3.0573593 2.5189997 2.5267026 2.5189997 2.5108579 2.4397481 0.4534970 1.3195323 0.0000000 2.6949619 2.2996635 2.4937025 2.5736380 2.5736380 2.5108579 2.5987985 2.6111071 2.8191388 2.6111071 2.5356801 2.4494521 2.9618102 2.4494521 2.5987985 
12_71      3.1372279 2.1231771 3.1966864 3.1372279 3.1966864 3.1755118 3.0918615 2.7686582 2.5442715 2.6949619 0.0000000 3.5935773 2.1753637 3.1464494 3.1464494 3.1755118 3.1635733 2.9703683 0.3918134 2.9703683 3.1402301 3.0727583 1.9700841 3.0727583 3.1635733 
13_239     4.0473823 3.4520415 4.1379553 4.0473823 4.1379553 4.1121044 3.8688339 2.1519880 2.9784198 2.2996635 3.5935773 0.0000000 2.3356443 3.9176146 3.9176146 4.1121044 4.1133903 3.8639977 3.5640477 3.8639977 4.0586094 3.8901382 3.9085483 3.8901382 4.1133903 
14_34      3.5989954 2.1896981 3.5690318 3.5989954 3.5690318 3.6126350 3.6270272 2.3575875 2.8133533 2.4937025 2.1753637 2.3356443 0.0000000 3.5833013 3.5833013 3.6126350 3.6948091 3.0044516 1.9841958 3.0044516 3.6681031 3.6490060 2.6277939 3.6490060 3.6948091 
15_33      0.1014349 3.4074015 0.1431374 0.1014349 0.1431374 0.1491059 0.0960242 2.5123770 4.0587024 2.5736380 3.1464494 3.9176146 3.5833013 0.0000000 0.0000010 0.1491059 0.0893363 1.3385035 3.3593185 1.3385035 0.1075856 0.1017495 3.1857305 0.1017495 0.0893363 
16_33      0.1014349 3.4074015 0.1431374 0.1014349 0.1431374 0.1491059 0.0960242 2.5123770 4.0587024 2.5736380 3.1464494 3.9176146 3.5833013 0.0000010 0.0000000 0.1491059 0.0893363 1.3385035 3.3593185 1.3385035 0.1075856 0.1017495 3.1857305 0.1017495 0.0893363 
17_35      0.0814898 3.2885887 0.0101624 0.0814898 0.0101624 0.0000010 0.1319126 2.3575977 3.7340887 2.5108579 3.1755118 4.1121044 3.6126350 0.1491059 0.1491059 0.0000000 0.0757823 1.2013837 3.3509938 1.2013837 0.0873240 0.1377497 3.1049866 0.1377497 0.0757823 
22_34      0.0156391 3.4260333 0.0702613 0.0156391 0.0702613 0.0757823 0.0794392 2.4397125 3.8190213 2.5987985 3.1635733 4.1133903 3.6948091 0.0893363 0.0893363 0.0757823 0.0000000 1.2356966 3.4279853 1.2356966 0.0209435 0.0851676 3.0846133 0.0851676 0.0000010 
23_10      1.2483451 3.4825928 1.2102815 1.2483451 1.2102815 1.2013837 1.2135165 2.5834739 3.1684825 2.6111071 2.9703683 3.8639977 3.0044516 1.3385035 1.3385035 1.2013837 1.2356966 0.0000000 3.1195745 0.0000010 1.2718159 1.2062848 2.9595797 1.2062848 1.2356966 
24_34      3.4001100 2.1670612 3.4057061 3.4001100 3.4057061 3.3509938 3.1656540 3.0028970 2.8344103 2.8191388 0.3918134 3.5640477 1.9841958 3.3593185 3.3593185 3.3509938 3.4279853 3.1195745 0.0000000 3.1195745 3.4053023 3.1461688 1.9923331 3.1461688 3.4279853 
25_10      1.2483451 3.4825928 1.2102815 1.2483451 1.2102815 1.2013837 1.2135165 2.5834739 3.1684825 2.6111071 2.9703683 3.8639977 3.0044516 1.3385035 1.3385035 1.2013837 1.2356966 0.0000010 3.1195745 0.0000000 1.2718159 1.2062848 2.9595797 1.2062848 1.2356966 
27_34      0.0051668 3.4703778 0.0817371 0.0051668 0.0817371 0.0873240 0.0983041 2.4050874 3.7452613 2.5356801 3.1402301 4.0586094 3.6681031 0.1075856 0.1075856 0.0873240 0.0209435 1.2718159 3.4053023 1.2718159 0.0000000 0.1041569 3.0841498 0.1041569 0.0209435 
29_35      0.0979700 3.2450884 0.1257315 0.0979700 0.1257315 0.1377497 0.0050083 2.3845779 3.8418124 2.4494521 3.0727583 3.8901382 3.6490060 0.1017495 0.1017495 0.1377497 0.0851676 1.2062848 3.1461688 1.2062848 0.1041569 0.0000000 3.1512257 0.0000010 0.0851676 
30_86      3.0743332 1.1464621 3.1310884 3.0743332 3.1310884 3.1049866 3.1308667 3.1279327 3.4067518 2.9618102 1.9700841 3.9085483 2.6277939 3.1857305 3.1857305 3.1049866 3.0846133 2.9595797 1.9923331 2.9595797 3.0841498 3.1512257 0.0000000 3.1512257 3.0846133 
32_43      0.0979700 3.2450884 0.1257315 0.0979700 0.1257315 0.1377497 0.0050083 2.3845779 3.8418124 2.4494521 3.0727583 3.8901382 3.6490060 0.1017495 0.1017495 0.1377497 0.0851676 1.2062848 3.1461688 1.2062848 0.1041569 0.0000010 3.1512257 0.0000000 0.0851676 
42_32      0.0156391 3.4260333 0.0702613 0.0156391 0.0702613 0.0757823 0.0794392 2.4397125 3.8190213 2.5987985 3.1635733 4.1133903 3.6948091 0.0893363 0.0893363 0.0757823 0.0000010 1.2356966 3.4279853 1.2356966 0.0209435 0.0851676 3.0846133 0.0851676 0.0000000 
