7
12_86      0.0000000 3.1970987 1.8033993 1.8732393 2.8892280 2.8892280 2.8976986 
23_99      3.1970987 0.0000000 3.0509367 4.1038983 0.0000010 0.0000010 0.0051819 
24_10      1.8033993 3.0509367 0.0000000 1.6467630 2.7561267 2.7561267 2.7171614 
24_95      1.8732393 4.1038983 1.6467630 0.0000000 3.5864781 3.5864781 3.5277498 
25_100     2.8892280 0.0000010 2.7561267 3.5864781 0.0000000 0.0000010 0.0046491 
31_80      2.8892280 0.0000010 2.7561267 3.5864781 0.0000010 0.0000000 0.0046491 
38_35      2.8976986 0.0051819 2.7171614 3.5277498 0.0046491 0.0046491 0.0000000 
