12
3_21       0.0000000 0.0560565 0.3084127 0.0560565 0.1052693 0.1052693 0.1359508 4.9812335 4.9812335 0.1800865 0.1359508 0.1607811 
5_53       0.0560565 0.0000000 0.1775909 0.0000010 0.0323241 0.0323241 0.0844531 4.0912211 4.0912211 0.1178858 0.0844531 0.0547909 
6_20       0.3084127 0.1775909 0.0000000 0.1775909 0.1775909 0.1775909 0.1805780 3.4327536 3.4327536 0.2224178 0.1805780 0.1511364 
9_20       0.0560565 0.0000010 0.1775909 0.0000000 0.0323241 0.0323241 0.0844531 4.0912211 4.0912211 0.1178858 0.0844531 0.0547909 
18_20      0.1052693 0.0323241 0.1775909 0.0323241 0.0000000 0.0000010 0.1383519 4.5009820 4.5009820 0.1761925 0.1383519 0.1127946 
19_20      0.1052693 0.0323241 0.1775909 0.0323241 0.0000010 0.0000000 0.1383519 4.5009820 4.5009820 0.1761925 0.1383519 0.1127946 
22_21      0.1359508 0.0844531 0.1805780 0.0844531 0.1383519 0.1383519 0.0000000 4.0441468 4.0441468 0.0704961 0.0000010 0.0626698 
23_93      4.9812335 4.0912211 3.4327536 4.0912211 4.5009820 4.5009820 4.0441468 0.0000000 0.0000010 3.7914343 4.0441468 3.9036194 
25_94      4.9812335 4.0912211 3.4327536 4.0912211 4.5009820 4.5009820 4.0441468 0.0000010 0.0000000 3.7914343 4.0441468 3.9036194 
27_20      0.1800865 0.1178858 0.2224178 0.1178858 0.1761925 0.1761925 0.0704961 3.7914343 3.7914343 0.0000000 0.0704961 0.1785516 
28_20      0.1359508 0.0844531 0.1805780 0.0844531 0.1383519 0.1383519 0.0000010 4.0441468 4.0441468 0.0704961 0.0000000 0.0626698 
33_54      0.1607811 0.0547909 0.1511364 0.0547909 0.1127946 0.1127946 0.0626698 3.9036194 3.9036194 0.1785516 0.0626698 0.0000000 
