8
0_66       0.0000000 0.3359080 0.2103303 0.3320986 0.2103303 0.3320986 0.0000010 0.0293003 
2_67       0.3359080 0.0000000 0.1010751 0.0000010 0.1010751 0.0000010 0.3359080 0.3592223 
3_70       0.2103303 0.1010751 0.0000000 0.0999575 0.0000010 0.0999575 0.2103303 0.2278243 
4_65       0.3320986 0.0000010 0.0999575 0.0000000 0.0999575 0.0000010 0.3320986 0.3551135 
5_9        0.2103303 0.1010751 0.0000010 0.0999575 0.0000000 0.0999575 0.2103303 0.2278243 
11_62      0.3320986 0.0000010 0.0999575 0.0000010 0.0999575 0.0000000 0.3320986 0.3551135 
20_63      0.0000010 0.3359080 0.2103303 0.3320986 0.2103303 0.3320986 0.0000000 0.0293003 
28_67      0.0293003 0.3592223 0.2278243 0.3551135 0.2278243 0.3551135 0.0293003 0.0000000 
