34
0_30       0.0000000 1.8017954 0.0335492 0.0363446 0.0289306 0.0307539 0.0305133 2.8638936 2.5788077 3.0797998 0.0289366 2.7999488 0.0280325 1.8266558 2.8002038 2.1540738 2.3941178 0.0314460 0.0332012 0.0298337 0.0298337 0.0000010 0.0280325 0.0068267 0.7851816 1.7171104 0.7851816 0.0289366 0.0068267 0.0307367 1.7318078 0.0307367 0.0331899 0.0305291 
1_90       1.8017954 0.0000000 1.8042037 1.8935028 1.7950432 1.7846129 1.7652394 2.9936407 2.4286130 3.3968336 1.7912350 2.8482906 1.7884581 1.3710973 2.9777237 1.8570848 2.3514642 1.7673917 1.7753042 1.7790863 1.7790863 1.8017954 1.7884581 1.7918117 1.7201527 1.3368027 1.7201527 1.7912350 1.7918117 1.7793000 0.7279419 1.7793000 1.8546422 1.7770455 
2_29       0.0335492 1.8042037 0.0000000 0.0718716 0.0076907 0.0111246 0.0278332 2.8075798 2.5994251 3.0728041 0.0059709 2.7895233 0.0068307 1.8389417 2.8298178 2.1320279 2.4009077 0.0323372 0.0350414 0.0102543 0.0102543 0.0335492 0.0068307 0.0289841 0.8032019 1.7638428 0.8032019 0.0059709 0.0289841 0.0111186 1.7274672 0.0111186 0.0153483 0.0098006 
3_33       0.0363446 1.8935028 0.0718716 0.0000000 0.0656552 0.0667625 0.0690076 3.0011434 2.7371019 3.1916297 0.0656698 2.9030862 0.0646648 1.9498954 2.9152180 2.2919413 2.4758011 0.0693845 0.0712753 0.0657248 0.0657248 0.0363446 0.0646648 0.0431156 0.8653250 1.8515969 0.8653250 0.0656698 0.0431156 0.0686539 1.8223555 0.0686539 0.0618613 0.0747758 
4_28       0.0289306 1.7950432 0.0076907 0.0656552 0.0000000 0.0085254 0.0251291 2.8119353 2.5980937 3.0860403 0.0016924 2.7821860 0.0008453 1.8351099 2.8094885 2.1273352 2.4070771 0.0296037 0.0322915 0.0076621 0.0076621 0.0289306 0.0008453 0.0244209 0.7927019 1.7606562 0.7927019 0.0016924 0.0244209 0.0085209 1.7251697 0.0085209 0.0109013 0.0083794 
5_44       0.0307539 1.7846129 0.0111246 0.0667625 0.0085254 0.0000000 0.0215815 2.8340346 2.5893301 3.0841018 0.0085272 2.8018077 0.0076667 1.8353182 2.8141904 2.1208488 2.3914485 0.0251433 0.0278095 0.0008464 0.0008464 0.0307539 0.0076667 0.0279966 0.8015168 1.7614576 0.8015168 0.0085272 0.0279966 0.0033932 1.7339432 0.0033932 0.0065225 0.0027776 
6_29       0.0305133 1.7652394 0.0278332 0.0690076 0.0251291 0.0215815 0.0000000 2.7988067 2.5591627 3.1103337 0.0251343 2.7553387 0.0242427 1.8081439 2.8044542 2.1118008 2.4032360 0.0154563 0.0189582 0.0206886 0.0206886 0.0305133 0.0242427 0.0304528 0.7993298 1.7202817 0.7993298 0.0251343 0.0304528 0.0180748 1.7125487 0.0180748 0.0153331 0.0227828 
7_43       2.8638936 2.9936407 2.8075798 3.0011434 2.8119353 2.8340346 2.7988067 0.0000000 1.4134479 1.6330827 2.8128419 0.4718570 2.8149253 2.6878621 1.9591858 1.6422989 2.6134006 2.8461532 2.8519968 2.8250077 2.8250077 2.8638936 2.8149253 2.8372268 2.6797419 2.6306833 2.6797419 2.8128419 2.8372268 2.8197627 3.1186132 2.8197627 3.1123075 2.6948704 
8_128      2.5788077 2.4286130 2.5994251 2.7371019 2.5980937 2.5893301 2.5591627 1.4134479 0.0000000 1.5397850 2.5918536 1.3491792 2.5830065 2.0777308 1.9764761 1.5520282 1.5452437 2.5536939 2.5634071 2.5776326 2.5776326 2.5788077 2.5830065 2.5616743 2.3383874 2.1126873 2.3383874 2.5918536 2.5616743 2.5776326 2.5653035 2.5776326 2.4386064 2.6111353 
8_163      3.0797998 3.3968336 3.0728041 3.1916297 3.0860403 3.0841018 3.1103337 1.6330827 1.5397850 0.0000000 3.0860403 1.6687197 3.0860403 3.1990497 1.9652135 0.9133767 2.7784388 3.1124435 3.0902525 3.0841018 3.0841018 3.0797998 3.0860403 3.0839466 3.2853657 3.3189066 3.2853657 3.0860403 3.0839466 3.0798664 3.8642785 3.0798664 3.1393004 2.3756642 
9_28       0.0289366 1.7912350 0.0059709 0.0656698 0.0016924 0.0085272 0.0251343 2.8128419 2.5918536 3.0860403 0.0000000 2.7830873 0.0008455 1.8254622 2.8066292 2.1135875 2.4001019 0.0296098 0.0322982 0.0076637 0.0076637 0.0289366 0.0008455 0.0244260 0.7919947 1.7515713 0.7919947 0.0000010 0.0244260 0.0085227 1.7113498 0.0085227 0.0131155 0.0069737 
10_125     2.7999488 2.8482906 2.7895233 2.9030862 2.7821860 2.8018077 2.7553387 0.4718570 1.3491792 1.6687197 2.7830873 0.0000000 2.7851633 2.5700490 1.8705242 1.6263360 2.5178858 2.7692370 2.7660760 2.7928268 2.7928268 2.7999488 2.7851633 2.7766247 2.7816832 2.5436586 2.7816832 2.7830873 2.7766247 2.7850723 2.9398324 2.7850723 3.0716325 2.6580311 
11_28      0.0280325 1.7884581 0.0068307 0.0646648 0.0008453 0.0076667 0.0242427 2.8149253 2.5830065 3.0860403 0.0008455 2.7851633 0.0000000 1.8281172 2.8088152 2.1135875 2.4070771 0.0287095 0.0313930 0.0068053 0.0068053 0.0280325 0.0000010 0.0235310 0.7927727 1.7540604 0.7927727 0.0008455 0.0235310 0.0076627 1.7188710 0.0076627 0.0109013 0.0069737 
12_6       1.8266558 1.3710973 1.8389417 1.9498954 1.8351099 1.8353182 1.8081439 2.6878621 2.0777308 3.1990497 1.8254622 2.5700490 1.8281172 0.0000000 2.8406649 1.5933608 2.2573654 1.8192284 1.8225312 1.8295569 1.8295569 1.8266558 1.8281172 1.8200276 1.6859770 0.4877047 1.6859770 1.8254622 1.8200276 1.8248327 1.4751029 1.8248327 2.0554726 1.7176686 
13_113     2.8002038 2.9777237 2.8298178 2.9152180 2.8094885 2.8141904 2.8044542 1.9591858 1.9764761 1.9652135 2.8066292 1.8705242 2.8088152 2.8406649 0.0000000 2.3287564 3.1441461 2.8178695 2.8127776 2.8047749 2.8047749 2.8002038 2.8088152 2.8075904 2.7627996 2.8480026 2.7627996 2.8066292 2.8075904 2.8067578 2.8949975 2.8067578 3.3573658 2.5270945 
14_55      2.1540738 1.8570848 2.1320279 2.2919413 2.1273352 2.1208488 2.1118008 1.6422989 1.5520282 0.9133767 2.1135875 1.6263360 2.1135875 1.5933608 2.3287564 0.0000000 2.6195982 2.1103664 2.1073756 2.1096723 2.1096723 2.1540738 2.1135875 2.1279959 1.8887873 1.5777316 1.8887873 2.1135875 2.1279959 2.1096723 2.0813716 2.1096723 1.2822125 2.1226643 
14_56      2.3941178 2.3514642 2.4009077 2.4758011 2.4070771 2.3914485 2.4032360 2.6134006 1.5452437 2.7784388 2.4001019 2.5178858 2.4070771 2.2573654 3.1441461 2.6195982 0.0000000 2.3811110 2.3826028 2.3914485 2.3914485 2.3941178 2.4070771 2.4033166 2.4937962 2.4610027 2.4937962 2.4001019 2.4033166 2.3961156 2.4941688 2.3961156 2.5836787 1.3117254 
15_30      0.0314460 1.7673917 0.0323372 0.0693845 0.0296037 0.0251433 0.0154563 2.8461532 2.5536939 3.1124435 0.0296098 2.7692370 0.0287095 1.8192284 2.8178695 2.1103664 2.3811110 0.0000000 0.0034010 0.0242415 0.0242415 0.0314460 0.0287095 0.0322708 0.7943974 1.7221666 0.7943974 0.0296098 0.0322708 0.0242397 1.7115639 0.0242397 0.0242487 0.0270774 
16_30      0.0332012 1.7753042 0.0350414 0.0712753 0.0322915 0.0278095 0.0189582 2.8519968 2.5634071 3.0902525 0.0322982 2.7660760 0.0313930 1.8225312 2.8127776 2.1073756 2.3826028 0.0034010 0.0000000 0.0269018 0.0269018 0.0332012 0.0313930 0.0340237 0.7955560 1.7327640 0.7955560 0.0322982 0.0340237 0.0268997 1.7202921 0.0268997 0.0242901 0.0314386 
17_32      0.0298337 1.7790863 0.0102543 0.0657248 0.0076621 0.0008464 0.0206886 2.8250077 2.5776326 3.0841018 0.0076637 2.7928268 0.0068053 1.8295569 2.8047749 2.1096723 2.3914485 0.0242415 0.0269018 0.0000000 0.0000010 0.0298337 0.0068053 0.0270844 0.7979483 1.7560207 0.7979483 0.0076637 0.0270844 0.0025414 1.7293161 0.0025414 0.0065225 0.0013856 
18_29      0.0298337 1.7790863 0.0102543 0.0657248 0.0076621 0.0008464 0.0206886 2.8250077 2.5776326 3.0841018 0.0076637 2.7928268 0.0068053 1.8295569 2.8047749 2.1096723 2.3914485 0.0242415 0.0269018 0.0000010 0.0000000 0.0298337 0.0068053 0.0270844 0.7979483 1.7560207 0.7979483 0.0076637 0.0270844 0.0025414 1.7293161 0.0025414 0.0065225 0.0013856 
20_28      0.0000010 1.8017954 0.0335492 0.0363446 0.0289306 0.0307539 0.0305133 2.8638936 2.5788077 3.0797998 0.0289366 2.7999488 0.0280325 1.8266558 2.8002038 2.1540738 2.3941178 0.0314460 0.0332012 0.0298337 0.0298337 0.0000000 0.0280325 0.0068267 0.7851816 1.7171104 0.7851816 0.0289366 0.0068267 0.0307367 1.7318078 0.0307367 0.0331899 0.0305291 
21_28      0.0280325 1.7884581 0.0068307 0.0646648 0.0008453 0.0076667 0.0242427 2.8149253 2.5830065 3.0860403 0.0008455 2.7851633 0.0000010 1.8281172 2.8088152 2.1135875 2.4070771 0.0287095 0.0313930 0.0068053 0.0068053 0.0280325 0.0000000 0.0235310 0.7927727 1.7540604 0.7927727 0.0008455 0.0235310 0.0076627 1.7188710 0.0076627 0.0109013 0.0069737 
22_31      0.0068267 1.7918117 0.0289841 0.0431156 0.0244209 0.0279966 0.0304528 2.8372268 2.5616743 3.0839466 0.0244260 2.7766247 0.0235310 1.8200276 2.8075904 2.1279959 2.4033166 0.0322708 0.0340237 0.0270844 0.0270844 0.0068267 0.0235310 0.0000000 0.7915550 1.7150375 0.7915550 0.0244260 0.0000010 0.0279811 1.7240542 0.0279811 0.0331918 0.0259867 
23_100     0.7851816 1.7201527 0.8032019 0.8653250 0.7927019 0.8015168 0.7993298 2.6797419 2.3383874 3.2853657 0.7919947 2.7816832 0.7927727 1.6859770 2.7627996 1.8887873 2.4937962 0.7943974 0.7955560 0.7979483 0.7979483 0.7851816 0.7927727 0.7915550 0.0000000 1.7121087 0.0000010 0.7919947 0.7915550 0.7967477 1.7576006 0.7967477 0.9321514 0.7279531 
24_123     1.7171104 1.3368027 1.7638428 1.8515969 1.7606562 1.7614576 1.7202817 2.6306833 2.1126873 3.3189066 1.7515713 2.5436586 1.7540604 0.4877047 2.8480026 1.5777316 2.4610027 1.7221666 1.7327640 1.7560207 1.7560207 1.7171104 1.7540604 1.7150375 1.7121087 0.0000000 1.7121087 1.7515713 1.7150375 1.7515622 1.4243893 1.7515622 1.9475269 1.6599915 
25_101     0.7851816 1.7201527 0.8032019 0.8653250 0.7927019 0.8015168 0.7993298 2.6797419 2.3383874 3.2853657 0.7919947 2.7816832 0.7927727 1.6859770 2.7627996 1.8887873 2.4937962 0.7943974 0.7955560 0.7979483 0.7979483 0.7851816 0.7927727 0.7915550 0.0000010 1.7121087 0.0000000 0.7919947 0.7915550 0.7967477 1.7576006 0.7967477 0.9321514 0.7279531 
26_75      0.0289366 1.7912350 0.0059709 0.0656698 0.0016924 0.0085272 0.0251343 2.8128419 2.5918536 3.0860403 0.0000010 2.7830873 0.0008455 1.8254622 2.8066292 2.1135875 2.4001019 0.0296098 0.0322982 0.0076637 0.0076637 0.0289366 0.0008455 0.0244260 0.7919947 1.7515713 0.7919947 0.0000000 0.0244260 0.0085227 1.7113498 0.0085227 0.0131155 0.0069737 
28_32      0.0068267 1.7918117 0.0289841 0.0431156 0.0244209 0.0279966 0.0304528 2.8372268 2.5616743 3.0839466 0.0244260 2.7766247 0.0235310 1.8200276 2.8075904 2.1279959 2.4033166 0.0322708 0.0340237 0.0270844 0.0270844 0.0068267 0.0235310 0.0000010 0.7915550 1.7150375 0.7915550 0.0244260 0.0000000 0.0279811 1.7240542 0.0279811 0.0331918 0.0259867 
29_32      0.0307367 1.7793000 0.0111186 0.0686539 0.0085209 0.0033932 0.0180748 2.8197627 2.5776326 3.0798664 0.0085227 2.7850723 0.0076627 1.8248327 2.8067578 2.1096723 2.3961156 0.0242397 0.0268997 0.0025414 0.0025414 0.0307367 0.0076627 0.0279811 0.7967477 1.7515622 0.7967477 0.0085227 0.0279811 0.0000000 1.7295344 0.0000010 0.0000010 0.0027749 
30_9       1.7318078 0.7279419 1.7274672 1.8223555 1.7251697 1.7339432 1.7125487 3.1186132 2.5653035 3.8642785 1.7113498 2.9398324 1.7188710 1.4751029 2.8949975 2.0813716 2.4941688 1.7115639 1.7202921 1.7293161 1.7293161 1.7318078 1.7188710 1.7240542 1.7576006 1.4243893 1.7576006 1.7113498 1.7240542 1.7295344 0.0000000 1.7295344 1.8877586 1.6826495 
32_46      0.0307367 1.7793000 0.0111186 0.0686539 0.0085209 0.0033932 0.0180748 2.8197627 2.5776326 3.0798664 0.0085227 2.7850723 0.0076627 1.8248327 2.8067578 2.1096723 2.3961156 0.0242397 0.0268997 0.0025414 0.0025414 0.0307367 0.0076627 0.0279811 0.7967477 1.7515622 0.7967477 0.0085227 0.0279811 0.0000010 1.7295344 0.0000000 0.0000010 0.0027749 
34_107     0.0331899 1.8546422 0.0153483 0.0618613 0.0109013 0.0065225 0.0153331 3.1123075 2.4386064 3.1393004 0.0131155 3.0716325 0.0109013 2.0554726 3.3573658 1.2822125 2.5836787 0.0242487 0.0242901 0.0065225 0.0065225 0.0331899 0.0109013 0.0331918 0.9321514 1.9475269 0.9321514 0.0131155 0.0331918 0.0000010 1.8877586 0.0000010 0.0000000 0.6376108 
34_112     0.0305291 1.7770455 0.0098006 0.0747758 0.0083794 0.0027776 0.0227828 2.6948704 2.6111353 2.3756642 0.0069737 2.6580311 0.0069737 1.7176686 2.5270945 2.1226643 1.3117254 0.0270774 0.0314386 0.0013856 0.0013856 0.0305291 0.0069737 0.0259867 0.7279531 1.6599915 0.7279531 0.0069737 0.0259867 0.0027749 1.6826495 0.0027749 0.6376108 0.0000000 
