16
0_79       0.0000000 0.0302247 0.0425604 0.0302247 0.0302176 0.0426132 0.0489025 0.0489025 0.0302176 0.0000010 0.0060137 1.6495427 1.6495427 0.0059757 0.0060137 0.0426132 
2_79       0.0302247 0.0000000 0.0180037 0.0000010 0.0059654 0.0614896 0.0679220 0.0679220 0.0059654 0.0302247 0.0365677 1.6794156 1.6794156 0.0363361 0.0365677 0.0614896 
3_85       0.0425604 0.0180037 0.0000000 0.0180037 0.0119876 0.0742237 0.0807484 0.0807484 0.0119876 0.0425604 0.0490417 1.7044882 1.7044882 0.0487302 0.0490417 0.0742237 
4_77       0.0302247 0.0000010 0.0180037 0.0000000 0.0059654 0.0614896 0.0679220 0.0679220 0.0059654 0.0302247 0.0365677 1.6794156 1.6794156 0.0363361 0.0365677 0.0614896 
5_121      0.0302176 0.0059654 0.0119876 0.0059654 0.0000000 0.0614724 0.0679024 0.0679024 0.0000010 0.0302176 0.0365588 1.6761520 1.6761520 0.0363272 0.0365588 0.0614724 
6_74       0.0426132 0.0614896 0.0742237 0.0614896 0.0614724 0.0000000 0.0303730 0.0303730 0.0614724 0.0426132 0.0491032 1.6049574 1.6049574 0.0487910 0.0491032 0.0000010 
15_74      0.0489025 0.0679220 0.0807484 0.0679220 0.0679024 0.0303730 0.0000000 0.0000010 0.0679024 0.0489025 0.0554715 1.5380007 1.5380007 0.0551178 0.0554715 0.0303730 
16_74      0.0489025 0.0679220 0.0807484 0.0679220 0.0679024 0.0303730 0.0000010 0.0000000 0.0679024 0.0489025 0.0554715 1.5380007 1.5380007 0.0551178 0.0554715 0.0303730 
17_77      0.0302176 0.0059654 0.0119876 0.0059654 0.0000010 0.0614724 0.0679024 0.0679024 0.0000000 0.0302176 0.0365588 1.6761520 1.6761520 0.0363272 0.0365588 0.0614724 
20_76      0.0000010 0.0302247 0.0425604 0.0302247 0.0302176 0.0426132 0.0489025 0.0489025 0.0302176 0.0000000 0.0060137 1.6495427 1.6495427 0.0059757 0.0060137 0.0426132 
22_79      0.0060137 0.0365677 0.0490417 0.0365677 0.0365588 0.0491032 0.0554715 0.0554715 0.0365588 0.0060137 0.0000000 1.6526600 1.6526600 0.0120493 0.0000010 0.0491032 
23_115     1.6495427 1.6794156 1.7044882 1.6794156 1.6761520 1.6049574 1.5380007 1.5380007 1.6761520 1.6495427 1.6526600 0.0000000 0.0000010 1.6577123 1.6526600 1.6049574 
25_116     1.6495427 1.6794156 1.7044882 1.6794156 1.6761520 1.6049574 1.5380007 1.5380007 1.6761520 1.6495427 1.6526600 0.0000010 0.0000000 1.6577123 1.6526600 1.6049574 
27_80      0.0059757 0.0363361 0.0487302 0.0363361 0.0363272 0.0487910 0.0551178 0.0551178 0.0363272 0.0059757 0.0120493 1.6577123 1.6577123 0.0000000 0.0120493 0.0487910 
28_81      0.0060137 0.0365677 0.0490417 0.0365677 0.0365588 0.0491032 0.0554715 0.0554715 0.0365588 0.0060137 0.0000010 1.6526600 1.6526600 0.0120493 0.0000000 0.0491032 
29_78      0.0426132 0.0614896 0.0742237 0.0614896 0.0614724 0.0000010 0.0303730 0.0303730 0.0614724 0.0426132 0.0491032 1.6049574 1.6049574 0.0487910 0.0491032 0.0000000 
