16
0_60       0.0000000 0.0470141 0.0041441 0.0385205 0.0463888 0.0589125 0.0385205 0.0471949 0.0471949 0.0463888 0.0000010 0.0000010 1.2232753 1.2232753 0.0589125 0.0000010 
2_60       0.0470141 0.0000000 0.0522842 0.0112462 0.0267018 0.0547157 0.0112462 0.0591715 0.0591715 0.0267018 0.0470141 0.0468216 1.2244190 1.2244190 0.0547157 0.0468216 
3_64       0.0041441 0.0522842 0.0000000 0.0427584 0.0471263 0.0655416 0.0427584 0.0525059 0.0525059 0.0471263 0.0041441 0.0041441 1.3764580 1.3764580 0.0655416 0.0041441 
4_58       0.0385205 0.0112462 0.0427584 0.0000000 0.0187543 0.0461033 0.0000010 0.0504135 0.0504135 0.0187543 0.0385205 0.0383655 1.2138330 1.2138330 0.0461033 0.0383655 
5_15       0.0463888 0.0267018 0.0471263 0.0187543 0.0000000 0.0540347 0.0187543 0.0584300 0.0584300 0.0000010 0.0463888 0.0463888 1.1958418 1.1958418 0.0540347 0.0463888 
6_59       0.0589125 0.0547157 0.0655416 0.0461033 0.0540347 0.0000000 0.0461033 0.0225756 0.0225756 0.0540347 0.0589125 0.0589125 1.2577118 1.2577118 0.0000010 0.0589125 
9_59       0.0385205 0.0112462 0.0427584 0.0000010 0.0187543 0.0461033 0.0000000 0.0504135 0.0504135 0.0187543 0.0385205 0.0383655 1.2138330 1.2138330 0.0461033 0.0383655 
15_59      0.0471949 0.0591715 0.0525059 0.0504135 0.0584300 0.0225756 0.0504135 0.0000000 0.0000010 0.0584300 0.0471949 0.0471949 1.2344244 1.2344244 0.0225756 0.0471949 
16_59      0.0471949 0.0591715 0.0525059 0.0504135 0.0584300 0.0225756 0.0504135 0.0000010 0.0000000 0.0584300 0.0471949 0.0471949 1.2344244 1.2344244 0.0225756 0.0471949 
17_60      0.0463888 0.0267018 0.0471263 0.0187543 0.0000010 0.0540347 0.0187543 0.0584300 0.0584300 0.0000000 0.0463888 0.0463888 1.1958418 1.1958418 0.0540347 0.0463888 
20_57      0.0000010 0.0470141 0.0041441 0.0385205 0.0463888 0.0589125 0.0385205 0.0471949 0.0471949 0.0463888 0.0000000 0.0000010 1.2232753 1.2232753 0.0589125 0.0000010 
22_60      0.0000010 0.0468216 0.0041441 0.0383655 0.0463888 0.0589125 0.0383655 0.0471949 0.0471949 0.0463888 0.0000010 0.0000000 1.2232753 1.2232753 0.0589125 0.0000010 
23_39      1.2232753 1.2244190 1.3764580 1.2138330 1.1958418 1.2577118 1.2138330 1.2344244 1.2344244 1.1958418 1.2232753 1.2232753 0.0000000 0.0000010 1.2577118 1.2232753 
25_40      1.2232753 1.2244190 1.3764580 1.2138330 1.1958418 1.2577118 1.2138330 1.2344244 1.2344244 1.1958418 1.2232753 1.2232753 0.0000010 0.0000000 1.2577118 1.2232753 
33_15      0.0589125 0.0547157 0.0655416 0.0461033 0.0540347 0.0000010 0.0461033 0.0225756 0.0225756 0.0540347 0.0589125 0.0589125 1.2577118 1.2577118 0.0000000 0.0589125 
42_60      0.0000010 0.0468216 0.0041441 0.0383655 0.0463888 0.0589125 0.0383655 0.0471949 0.0471949 0.0463888 0.0000010 0.0000010 1.2232753 1.2232753 0.0589125 0.0000000 
