12
0_117      0.0000000 0.0599111 0.0496560 0.0396106 0.0297628 0.0496560 0.0398251 0.0398251 0.0396106 0.0598741 0.0000010 0.0597417 
3_127      0.0599111 0.0000000 0.0293348 0.0195007 0.0702560 0.0293348 0.0805838 0.0805838 0.0195007 0.0592989 0.0599111 0.0392167 
4_119      0.0496560 0.0293348 0.0000000 0.0096996 0.0598907 0.0000010 0.0701237 0.0701237 0.0096996 0.0491517 0.0496560 0.0096965 
5_79       0.0396106 0.0195007 0.0096996 0.0000000 0.0497645 0.0096996 0.0599315 0.0599315 0.0000010 0.0392097 0.0396106 0.0194512 
6_114      0.0297628 0.0702560 0.0598907 0.0497645 0.0000000 0.0598907 0.0097928 0.0097928 0.0497645 0.0702143 0.0297628 0.0700525 
9_118      0.0496560 0.0293348 0.0000010 0.0096996 0.0598907 0.0000000 0.0701237 0.0701237 0.0096996 0.0491517 0.0496560 0.0096965 
15_114     0.0398251 0.0805838 0.0701237 0.0599315 0.0097928 0.0701237 0.0000000 0.0000010 0.0599315 0.0805380 0.0398251 0.0803450 
16_114     0.0398251 0.0805838 0.0701237 0.0599315 0.0097928 0.0701237 0.0000010 0.0000000 0.0599315 0.0805380 0.0398251 0.0803450 
17_118     0.0396106 0.0195007 0.0096996 0.0000010 0.0497645 0.0096996 0.0599315 0.0599315 0.0000000 0.0392097 0.0396106 0.0194512 
22_118     0.0598741 0.0592989 0.0491517 0.0392097 0.0702143 0.0491517 0.0805380 0.0805380 0.0392097 0.0000000 0.0598741 0.0591331 
28_121     0.0000010 0.0599111 0.0496560 0.0396106 0.0297628 0.0496560 0.0398251 0.0398251 0.0396106 0.0598741 0.0000000 0.0597417 
40_117     0.0597417 0.0392167 0.0096965 0.0194512 0.0700525 0.0096965 0.0803450 0.0803450 0.0194512 0.0591331 0.0597417 0.0000000 
