18
0_47       0.0000000 0.0330721 0.0093365 0.0330721 0.0282580 0.0335504 1.7976435 0.0336572 0.0387240 0.0282580 0.0000010 0.0046546 0.8349323 1.7503805 0.8349323 1.5024161 0.5788968 0.0046546 
2_46       0.0330721 0.0000000 0.0233684 0.0000010 0.0046265 0.0381094 1.8504614 0.0334574 0.0384899 0.0046265 0.0330721 0.0280916 0.8461733 1.8052368 0.8461733 1.5618017 0.5927177 0.0280916 
3_51       0.0093365 0.0233684 0.0000000 0.0233684 0.0186365 0.0237052 1.8185276 0.0237771 0.0287203 0.0186365 0.0093365 0.0046269 0.8426934 1.7706629 0.8426934 1.5268972 0.5788968 0.0046269 
4_45       0.0330721 0.0000010 0.0233684 0.0000000 0.0046265 0.0381094 1.8504614 0.0334574 0.0384899 0.0046265 0.0330721 0.0280916 0.8461733 1.8052368 0.8461733 1.5618017 0.5927177 0.0280916 
5_27       0.0282580 0.0046265 0.0186365 0.0046265 0.0000000 0.0332437 1.8373416 0.0285879 0.0335722 0.0000010 0.0282580 0.0233367 0.8349660 1.7924013 0.8349660 1.5793178 0.5788968 0.0233367 
6_46       0.0335504 0.0381094 0.0237052 0.0381094 0.0332437 0.0000000 1.7810891 0.0286939 0.0336976 0.0332437 0.0335504 0.0284957 0.8471384 1.7340589 0.8471384 1.5662273 0.5884930 0.0284957 
12_2       1.7976435 1.8504614 1.8185276 1.8504614 1.8373416 1.7810891 0.0000000 1.8370076 1.8260270 1.8373416 1.7976435 1.8047149 2.0261853 0.4003443 2.0261853 1.0387593 1.5287849 1.8047149 
15_47      0.0336572 0.0334574 0.0237771 0.0334574 0.0285879 0.0286939 1.8370076 0.0000000 0.0046285 0.0285879 0.0336572 0.0285839 0.8325821 1.7949329 0.8325821 1.6015160 0.5788968 0.0285839 
16_47      0.0387240 0.0384899 0.0287203 0.0384899 0.0335722 0.0336976 1.8260270 0.0046285 0.0000000 0.0335722 0.0387240 0.0335686 0.8336261 1.8373830 0.8336261 1.6164339 0.5795662 0.0335686 
17_49      0.0282580 0.0046265 0.0186365 0.0046265 0.0000010 0.0332437 1.8373416 0.0285879 0.0335722 0.0000000 0.0282580 0.0233367 0.8349660 1.7924013 0.8349660 1.5793178 0.5788968 0.0233367 
20_45      0.0000010 0.0330721 0.0093365 0.0330721 0.0282580 0.0335504 1.7976435 0.0336572 0.0387240 0.0282580 0.0000000 0.0046546 0.8349323 1.7503805 0.8349323 1.5024161 0.5788968 0.0046546 
22_48      0.0046546 0.0280916 0.0046269 0.0280916 0.0233367 0.0284957 1.8047149 0.0285839 0.0335686 0.0233367 0.0046546 0.0000000 0.8556823 1.7572077 0.8556823 1.5081136 0.5788968 0.0000010 
23_25      0.8349323 0.8461733 0.8426934 0.8461733 0.8349660 0.8471384 2.0261853 0.8325821 0.8336261 0.8349660 0.8349323 0.8556823 0.0000000 1.9462543 0.0000010 1.7104628 0.0138171 0.8556823 
24_53      1.7503805 1.8052368 1.7706629 1.8052368 1.7924013 1.7340589 0.4003443 1.7949329 1.8373830 1.7924013 1.7503805 1.7572077 1.9462543 0.0000000 1.9462543 1.0825932 1.5910443 1.7572077 
25_26      0.8349323 0.8461733 0.8426934 0.8461733 0.8349660 0.8471384 2.0261853 0.8325821 0.8336261 0.8349660 0.8349323 0.8556823 0.0000010 1.9462543 0.0000000 1.7104628 0.0138171 0.8556823 
30_84      1.5024161 1.5618017 1.5268972 1.5618017 1.5793178 1.5662273 1.0387593 1.6015160 1.6164339 1.5793178 1.5024161 1.5081136 1.7104628 1.0825932 1.7104628 0.0000000 1.4733152 1.5081136 
31_5       0.5788968 0.5927177 0.5788968 0.5927177 0.5788968 0.5884930 1.5287849 0.5788968 0.5795662 0.5788968 0.5788968 0.5788968 0.0138171 1.5910443 0.0138171 1.4733152 0.0000000 0.5788968 
42_46      0.0046546 0.0280916 0.0046269 0.0280916 0.0233367 0.0284957 1.8047149 0.0285839 0.0335686 0.0233367 0.0046546 0.0000010 0.8556823 1.7572077 0.8556823 1.5081136 0.5788968 0.0000000 
