7
1_124      0.0000000 2.3768090 1.7941191 2.3720567 2.3385841 1.5870080 0.9452420 
8_71       2.3768090 0.0000000 2.4668386 1.1712359 1.6726646 2.6233582 2.2810171 
12_54      1.7941191 2.4668386 0.0000000 2.3130198 2.5183106 0.6302802 1.6713684 
14_65      2.3720567 1.1712359 2.3130198 0.0000000 1.6665077 2.4161042 2.2234863 
14_155     2.3385841 1.6726646 2.5183106 1.6665077 0.0000000 2.7236461 2.6066900 
24_77      1.5870080 2.6233582 0.6302802 2.4161042 2.7236461 0.0000000 1.4941117 
30_74      0.9452420 2.2810171 1.6713684 2.2234863 2.6066900 1.4941117 0.0000000 
