20
0_95       0.0000000 2.5973561 0.0256185 0.3368551 0.0000010 0.0205554 0.0205554 0.0249227 2.2322598 2.6885942 2.4323427 0.0248566 0.0248566 0.0000010 1.3672970 2.5569247 1.3672970 2.4941112 1.3672970 0.0000010 
1_99       2.5973561 0.0000000 3.4168090 3.2130973 3.3300680 2.6167454 2.6167454 2.6216500 2.9796104 2.0895012 2.2712859 2.6226241 2.6226241 2.5973561 3.0133613 1.8788602 3.0133613 0.6072702 2.9667109 2.5973561 
2_97       0.0256185 3.4168090 0.0000000 1.7756446 0.0256185 0.0000010 0.0000010 0.0345208 2.9316157 3.8584656 2.9721631 0.0343349 0.0343349 0.0256185 1.6089196 3.1484932 1.6089196 3.3274875 1.6089196 0.0256185 
2_98       0.3368551 3.2130973 1.7756446 0.0000000 1.7756446 0.3396739 0.3396739 0.3725809 3.6131949 3.7229102 3.6403981 0.3725809 0.3725809 0.3368551 1.8734754 4.3359449 1.8734754 3.2593339 1.8734754 0.3368551 
3_102      0.0000010 3.3300680 0.0256185 1.7756446 0.0000000 0.0256185 0.0256185 0.0259392 3.0029499 3.9389228 2.9755819 0.0257968 0.0257968 0.0000010 1.6457322 3.1703415 1.6457322 3.2416298 1.6457322 0.0000010 
4_95       0.0205554 2.6167454 0.0000010 0.3396739 0.0256185 0.0000000 0.0000010 0.0290483 2.2216294 2.6619865 2.4120682 0.0289720 0.0289720 0.0205554 1.3573357 2.5479496 1.3573357 2.5073104 1.3573357 0.0205554 
5_103      0.0205554 2.6167454 0.0000010 0.3396739 0.0256185 0.0000010 0.0000000 0.0290483 2.2216294 2.6619865 2.4120682 0.0289720 0.0289720 0.0205554 1.3573357 2.5479496 1.3573357 2.5073104 1.3573357 0.0205554 
6_91       0.0249227 2.6216500 0.0345208 0.3725809 0.0259392 0.0290483 0.0290483 0.0000000 2.2802075 2.6804701 2.4104949 0.0040910 0.0040910 0.0249227 1.3715954 2.6057802 1.3715954 2.5043442 1.3715954 0.0249227 
8_220      2.2322598 2.9796104 2.9316157 3.6131949 3.0029499 2.2216294 2.2216294 2.2802075 0.0000000 2.8014174 2.1847901 2.2690611 2.2690611 2.2322598 2.2702129 2.4457199 2.2702129 2.9837543 2.2852632 2.2322598 
12_55      2.6885942 2.0895012 3.8584656 3.7229102 3.9389228 2.6619865 2.6619865 2.6804701 2.8014174 0.0000000 1.9968255 2.7135873 2.7135873 2.6885942 2.4790414 0.5680441 2.4790414 2.1330250 2.4485185 2.6885942 
14_153     2.4323427 2.2712859 2.9721631 3.6403981 2.9755819 2.4120682 2.4120682 2.4104949 2.1847901 1.9968255 0.0000000 2.3962212 2.3962212 2.4323427 2.4990214 2.0671333 2.4990214 2.3289514 2.4709868 2.4323427 
15_91      0.0248566 2.6226241 0.0343349 0.3725809 0.0257968 0.0289720 0.0289720 0.0040910 2.2690611 2.7135873 2.3962212 0.0000000 0.0000010 0.0248566 1.3632541 2.6165151 1.3632541 2.4939022 1.3632541 0.0248566 
16_91      0.0248566 2.6226241 0.0343349 0.3725809 0.0257968 0.0289720 0.0289720 0.0040910 2.2690611 2.7135873 2.3962212 0.0000010 0.0000000 0.0248566 1.3632541 2.6165151 1.3632541 2.4939022 1.3632541 0.0248566 
20_93      0.0000010 2.5973561 0.0256185 0.3368551 0.0000010 0.0205554 0.0205554 0.0249227 2.2322598 2.6885942 2.4323427 0.0248566 0.0248566 0.0000000 1.3672970 2.5569247 1.3672970 2.4941112 1.3672970 0.0000010 
23_55      1.3672970 3.0133613 1.6089196 1.8734754 1.6457322 1.3573357 1.3573357 1.3715954 2.2702129 2.4790414 2.4990214 1.3632541 1.3632541 1.3672970 0.0000000 2.6870657 0.0000010 3.0342032 0.0037153 1.3672970 
24_70      2.5569247 1.8788602 3.1484932 4.3359449 3.1703415 2.5479496 2.5479496 2.6057802 2.4457199 0.5680441 2.0671333 2.6165151 2.6165151 2.5569247 2.6870657 0.0000000 2.6870657 1.8567022 2.6519485 2.5569247 
25_56      1.3672970 3.0133613 1.6089196 1.8734754 1.6457322 1.3573357 1.3573357 1.3715954 2.2702129 2.4790414 2.4990214 1.3632541 1.3632541 1.3672970 0.0000010 2.6870657 0.0000000 3.0342032 0.0037153 1.3672970 
30_13      2.4941112 0.6072702 3.3274875 3.2593339 3.2416298 2.5073104 2.5073104 2.5043442 2.9837543 2.1330250 2.3289514 2.4939022 2.4939022 2.4941112 3.0342032 1.8567022 3.0342032 0.0000000 2.9892635 2.4941112 
38_78      1.3672970 2.9667109 1.6089196 1.8734754 1.6457322 1.3573357 1.3573357 1.3715954 2.2852632 2.4485185 2.4709868 1.3632541 1.3632541 1.3672970 0.0037153 2.6519485 0.0037153 2.9892635 0.0000000 1.3672970 
42_94      0.0000010 2.5973561 0.0256185 0.3368551 0.0000010 0.0205554 0.0205554 0.0249227 2.2322598 2.6885942 2.4323427 0.0248566 0.0248566 0.0000010 1.3672970 2.5569247 1.3672970 2.4941112 1.3672970 0.0000000 
