9
0_73       0.0000000 0.0000010 0.0091994 1.2296903 1.5545734 1.2296903 0.0091994 1.2194549 1.2194549 
20_70      0.0000010 0.0000000 0.0091994 1.2296903 1.5545734 1.2296903 0.0091994 1.2194549 1.2194549 
22_73      0.0091994 0.0091994 0.0000000 1.2286664 1.5643570 1.2286664 0.0000010 1.2184399 1.2184399 
23_74      1.2296903 1.2296903 1.2286664 0.0000000 1.0361097 0.0000010 1.2286664 0.0032090 0.0064268 
24_81      1.5545734 1.5545734 1.5643570 1.0361097 0.0000000 1.0361097 1.5643570 1.0459254 1.0427490 
25_75      1.2296903 1.2296903 1.2286664 0.0000010 1.0361097 0.0000000 1.2286664 0.0032090 0.0064268 
28_75      0.0091994 0.0091994 0.0000010 1.2286664 1.5643570 1.2286664 0.0000000 1.2184399 1.2184399 
31_55      1.2194549 1.2194549 1.2184399 0.0032090 1.0459254 0.0032090 1.2184399 0.0000000 0.0032111 
38_60      1.2194549 1.2194549 1.2184399 0.0064268 1.0427490 0.0064268 1.2184399 0.0032111 0.0000000 
