31
0_20       0.0000000 2.1107996 0.0238731 0.0304125 0.0228113 0.0292994 0.0412208 2.6498529 2.7478564 0.0238552 2.5300012 0.0228113 2.0242765 3.8944246 2.2902336 0.0422146 0.0433548 0.0292994 0.0303752 0.0303752 0.0010227 0.0030756 0.9792976 1.9358055 0.9792976 0.0238552 0.0000010 0.0030756 2.1488716 0.9752504 0.9752504 
1_109      2.1107996 0.0000000 2.1049124 2.1147319 2.1043020 2.1120873 2.1382536 2.2567251 2.6212979 2.1055850 2.1092796 2.1043020 1.7761377 4.0158955 1.8037200 2.1312343 2.1381405 2.1120873 2.1204596 2.1204596 2.1057272 2.1104095 1.9968028 1.6213273 1.9968028 2.1055850 2.1107996 2.1104095 0.4956022 1.9956270 1.9956270 
2_19       0.0238731 2.1049124 0.0000000 0.0229047 0.0010208 0.0218156 0.0423099 2.6622832 2.7763024 0.0020436 2.5326108 0.0010208 2.0129704 3.8867759 2.2707212 0.0422227 0.0433632 0.0218156 0.0228764 0.0228764 0.0249495 0.0228351 0.9842384 1.9348399 0.9842384 0.0020436 0.0238731 0.0228351 2.1490362 0.9801932 0.9801932 
3_22       0.0304125 2.1147319 0.0229047 0.0000000 0.0218407 0.0010230 0.0485488 2.6487758 2.7775961 0.0228875 2.5108526 0.0218407 1.9938505 3.8367526 2.3069516 0.0462589 0.0474260 0.0010230 0.0020493 0.0020493 0.0315104 0.0293639 0.9825585 1.8980030 0.9825585 0.0228875 0.0304125 0.0293639 2.1707525 0.9785033 0.9785033 
4_20       0.0228113 2.1043020 0.0010208 0.0218407 0.0000000 0.0207550 0.0412093 2.6615990 2.7756046 0.0010200 2.5319320 0.0000010 2.0165079 3.8930706 2.2744345 0.0411241 0.0422614 0.0207550 0.0218137 0.0218137 0.0238849 0.0217744 0.9838397 1.9382407 0.9838397 0.0010200 0.0228113 0.0217744 2.1426924 0.9797952 0.9797952 
5_52       0.0292994 2.1120873 0.0218156 0.0010230 0.0207550 0.0000000 0.0473682 2.6467993 2.7740771 0.0217993 2.5079305 0.0207550 1.9912092 3.8336355 2.3042203 0.0450860 0.0462486 0.0000010 0.0010216 0.0010216 0.0303932 0.0282530 0.9811971 1.8954609 0.9811971 0.0217993 0.0292994 0.0282530 2.1677504 0.9771451 0.9771451 
6_21       0.0412208 2.1382536 0.0423099 0.0485488 0.0412093 0.0473682 0.0000000 2.6721588 2.7888384 0.0422773 2.5015487 0.0412093 2.0103761 3.9576922 2.2753242 0.0207801 0.0218623 0.0473682 0.0484896 0.0484896 0.0423443 0.0401645 1.0148428 1.9444554 1.0148428 0.0422773 0.0412208 0.0401645 2.1772357 1.0107312 1.0107312 
7_0        2.6498529 2.2567251 2.6622832 2.6487758 2.6615990 2.6467993 2.6721588 0.0000000 1.5951523 2.6628392 0.4953630 2.6615990 2.1228172 3.4180847 1.8190342 2.6392702 2.6327243 2.6467993 2.6441198 2.6441198 2.6403615 2.6531318 2.4806468 2.0126217 2.4806468 2.6628392 2.6498529 2.6531318 2.1921467 2.4771565 2.4771565 
8_0        2.7478564 2.6212979 2.7763024 2.7775961 2.7756046 2.7740771 2.7888384 1.5951523 0.0000000 2.7769212 1.5209462 2.7756046 2.3508810 4.1448438 1.9450721 2.7465462 2.7340462 2.7740771 2.7712121 2.7712121 2.7316079 2.7468910 2.8347933 2.2501977 2.8347933 2.7769212 2.7478564 2.7468910 2.6441470 2.8309134 2.8309134 
9_21       0.0238552 2.1055850 0.0020436 0.0228875 0.0010200 0.0217993 0.0422773 2.6628392 2.7769212 0.0000000 2.5331360 0.0010200 2.0177882 3.8965061 2.2754950 0.0421902 0.0433297 0.0217993 0.0228593 0.0228593 0.0249308 0.0228180 0.9839581 1.9391817 0.9839581 0.0000010 0.0238552 0.0228180 2.1450872 0.9799104 0.9799104 
10_53      2.5300012 2.1092796 2.5326108 2.5108526 2.5319320 2.5079305 2.5015487 0.4953630 1.5209462 2.5331360 0.0000000 2.5319320 2.1635649 3.3290135 1.7263025 2.5047081 2.4951706 2.5079305 2.5053442 2.5053442 2.5152542 2.5289233 2.4064684 2.0379544 2.4064684 2.5331360 2.5300012 2.5289233 2.1211815 2.4032917 2.4032917 
11_20      0.0228113 2.1043020 0.0010208 0.0218407 0.0000010 0.0207550 0.0412093 2.6615990 2.7756046 0.0010200 2.5319320 0.0000000 2.0165079 3.8930706 2.2744345 0.0411241 0.0422614 0.0207550 0.0218137 0.0218137 0.0238849 0.0217744 0.9838397 1.9382407 0.9838397 0.0010200 0.0228113 0.0217744 2.1426924 0.9797952 0.9797952 
12_70      2.0242765 1.7761377 2.0129704 1.9938505 2.0165079 1.9912092 2.0103761 2.1228172 2.3508810 2.0177882 2.1635649 2.0165079 0.0000000 3.9588788 1.7299592 2.0402037 2.0469485 1.9912092 1.9993024 1.9993024 2.0166778 2.0273204 2.1070477 0.5594088 2.1070477 2.0177882 2.0242765 2.0273204 1.8544635 2.1089816 2.1089816 
13_199     3.8944246 4.0158955 3.8867759 3.8367526 3.8930706 3.8336355 3.9576922 3.4180847 4.1448438 3.8965061 3.3290135 3.8930706 3.9588788 0.0000000 3.9282415 3.9304177 3.9442543 3.8336355 3.8255611 3.8255611 3.8689127 3.8876826 3.8442712 3.7940774 3.8442712 3.8965061 3.8944246 3.8876826 3.8830580 3.8486566 3.8486566 
14_111     2.2902336 1.8037200 2.2707212 2.3069516 2.2744345 2.3042203 2.2753242 1.8190342 1.9450721 2.2754950 1.7263025 2.2744345 1.7299592 3.9282415 0.0000000 2.2776794 2.2725174 2.3042203 2.3027112 2.3027112 2.2921164 2.2904643 2.1047245 1.5829019 2.1047245 2.2754950 2.2902336 2.2904643 1.7252078 2.1016825 2.1016825 
15_22      0.0422146 2.1312343 0.0422227 0.0462589 0.0411241 0.0450860 0.0207801 2.6392702 2.7465462 0.0421902 2.5047081 0.0411241 2.0402037 3.9304177 2.2776794 0.0000000 0.0051353 0.0450860 0.0462024 0.0462024 0.0422654 0.0411597 1.0122617 1.9645796 1.0122617 0.0421902 0.0422146 0.0411597 2.1689905 1.0081548 1.0081548 
16_22      0.0433548 2.1381405 0.0433632 0.0474260 0.0422614 0.0462486 0.0218623 2.6327243 2.7340462 0.0433297 2.4951706 0.0422614 2.0469485 3.9442543 2.2725174 0.0051353 0.0000000 0.0462486 0.0473682 0.0473682 0.0434072 0.0422980 1.0085813 1.9628526 1.0085813 0.0433297 0.0433548 0.0422980 2.1772322 1.0044854 1.0044854 
17_21      0.0292994 2.1120873 0.0218156 0.0010230 0.0207550 0.0000010 0.0473682 2.6467993 2.7740771 0.0217993 2.5079305 0.0207550 1.9912092 3.8336355 2.3042203 0.0450860 0.0462486 0.0000000 0.0010216 0.0010216 0.0303932 0.0282530 0.9811971 1.8954609 0.9811971 0.0217993 0.0292994 0.0282530 2.1677504 0.9771451 0.9771451 
18_21      0.0303752 2.1204596 0.0228764 0.0020493 0.0218137 0.0010216 0.0484896 2.6441198 2.7712121 0.0228593 2.5053442 0.0218137 1.9993024 3.8255611 2.3027112 0.0462024 0.0473682 0.0010216 0.0000000 0.0000010 0.0314717 0.0293278 0.9850331 1.9030500 0.9850331 0.0228593 0.0303752 0.0293278 2.1762908 0.9809705 0.9809705 
19_21      0.0303752 2.1204596 0.0228764 0.0020493 0.0218137 0.0010216 0.0484896 2.6441198 2.7712121 0.0228593 2.5053442 0.0218137 1.9993024 3.8255611 2.3027112 0.0462024 0.0473682 0.0010216 0.0000010 0.0000000 0.0314717 0.0293278 0.9850331 1.9030500 0.9850331 0.0228593 0.0303752 0.0293278 2.1762908 0.9809705 0.9809705 
20_20      0.0010227 2.1057272 0.0249495 0.0315104 0.0238849 0.0303932 0.0423443 2.6403615 2.7316079 0.0249308 2.5152542 0.0238849 2.0166778 3.8689127 2.2921164 0.0422654 0.0434072 0.0303932 0.0314717 0.0314717 0.0000000 0.0041070 0.9779660 1.9286819 0.9779660 0.0249308 0.0010227 0.0041070 2.1437157 0.9739191 0.9739191 
22_22      0.0030756 2.1104095 0.0228351 0.0293639 0.0217744 0.0282530 0.0401645 2.6531318 2.7468910 0.0228180 2.5289233 0.0217744 2.0273204 3.8876826 2.2904643 0.0411597 0.0422980 0.0282530 0.0293278 0.0293278 0.0041070 0.0000000 0.9754632 1.9390542 0.9754632 0.0228180 0.0030756 0.0000010 2.1486310 0.9714247 0.9714247 
23_94      0.9792976 1.9968028 0.9842384 0.9825585 0.9838397 0.9811971 1.0148428 2.4806468 2.8347933 0.9839581 2.4064684 0.9838397 2.1070477 3.8442712 2.1047245 1.0122617 1.0085813 0.9811971 0.9850331 0.9850331 0.9779660 0.9754632 0.0000000 2.0232493 0.0000010 0.9839581 0.9792976 0.9754632 2.0482133 0.0010181 0.0010181 
24_127     1.9358055 1.6213273 1.9348399 1.8980030 1.9382407 1.8954609 1.9444554 2.0126217 2.2501977 1.9391817 2.0379544 1.9382407 0.5594088 3.7940774 1.5829019 1.9645796 1.9628526 1.8954609 1.9030500 1.9030500 1.9286819 1.9390542 2.0232493 0.0000000 2.0232493 1.9391817 1.9358055 1.9390542 1.6842876 2.0202267 2.0202267 
25_95      0.9792976 1.9968028 0.9842384 0.9825585 0.9838397 0.9811971 1.0148428 2.4806468 2.8347933 0.9839581 2.4064684 0.9838397 2.1070477 3.8442712 2.1047245 1.0122617 1.0085813 0.9811971 0.9850331 0.9850331 0.9779660 0.9754632 0.0000010 2.0232493 0.0000000 0.9839581 0.9792976 0.9754632 2.0482133 0.0010181 0.0010181 
26_3       0.0238552 2.1055850 0.0020436 0.0228875 0.0010200 0.0217993 0.0422773 2.6628392 2.7769212 0.0000010 2.5331360 0.0010200 2.0177882 3.8965061 2.2754950 0.0421902 0.0433297 0.0217993 0.0228593 0.0228593 0.0249308 0.0228180 0.9839581 1.9391817 0.9839581 0.0000000 0.0238552 0.0228180 2.1450872 0.9799104 0.9799104 
27_21      0.0000010 2.1107996 0.0238731 0.0304125 0.0228113 0.0292994 0.0412208 2.6498529 2.7478564 0.0238552 2.5300012 0.0228113 2.0242765 3.8944246 2.2902336 0.0422146 0.0433548 0.0292994 0.0303752 0.0303752 0.0010227 0.0030756 0.9792976 1.9358055 0.9792976 0.0238552 0.0000000 0.0030756 2.1488716 0.9752504 0.9752504 
28_21      0.0030756 2.1104095 0.0228351 0.0293639 0.0217744 0.0282530 0.0401645 2.6531318 2.7468910 0.0228180 2.5289233 0.0217744 2.0273204 3.8876826 2.2904643 0.0411597 0.0422980 0.0282530 0.0293278 0.0293278 0.0041070 0.0000010 0.9754632 1.9390542 0.9754632 0.0228180 0.0030756 0.0000000 2.1486310 0.9714247 0.9714247 
30_59      2.1488716 0.4956022 2.1490362 2.1707525 2.1426924 2.1677504 2.1772357 2.1921467 2.6441470 2.1450872 2.1211815 2.1426924 1.8544635 3.8830580 1.7252078 2.1689905 2.1772322 2.1677504 2.1762908 2.1762908 2.1437157 2.1486310 2.0482133 1.6842876 2.0482133 2.1450872 2.1488716 2.1486310 0.0000000 2.0470083 2.0470083 
31_75      0.9752504 1.9956270 0.9801932 0.9785033 0.9797952 0.9771451 1.0107312 2.4771565 2.8309134 0.9799104 2.4032917 0.9797952 2.1089816 3.8486566 2.1016825 1.0081548 1.0044854 0.9771451 0.9809705 0.9809705 0.9739191 0.9714247 0.0010181 2.0202267 0.0010181 0.9799104 0.9752504 0.9714247 2.0470083 0.0000000 0.0000010 
38_40      0.9752504 1.9956270 0.9801932 0.9785033 0.9797952 0.9771451 1.0107312 2.4771565 2.8309134 0.9799104 2.4032917 0.9797952 2.1089816 3.8486566 2.1016825 1.0081548 1.0044854 0.9771451 0.9809705 0.9809705 0.9739191 0.9714247 0.0010181 2.0202267 0.0010181 0.9799104 0.9752504 0.9714247 2.0470083 0.0000010 0.0000000 
