17
0_55       0.0000000 0.0953426 0.0874809 0.0953426 0.0874809 0.1044745 0.1355604 0.1355604 0.0915807 0.0915807 0.0000010 0.0032562 1.9902695 1.9902695 1.9902695 1.9902695 0.0032562 
2_55       0.0953426 0.0000000 0.0164626 0.0000010 0.0164626 0.0880211 0.1043451 0.1043451 0.0232235 0.0232235 0.0953426 0.0921773 2.0649106 2.0649106 2.0649106 2.0649106 0.0921773 
3_59       0.0874809 0.0164626 0.0000000 0.0164626 0.0000010 0.0800716 0.0990508 0.0990508 0.0064979 0.0064979 0.0874809 0.0833716 2.0177810 2.0177810 2.0177810 2.0177810 0.0833716 
4_54       0.0953426 0.0000010 0.0164626 0.0000000 0.0164626 0.0880211 0.1043451 0.1043451 0.0232235 0.0232235 0.0953426 0.0921773 2.0649106 2.0649106 2.0649106 2.0649106 0.0921773 
5_19       0.0874809 0.0164626 0.0000010 0.0164626 0.0000000 0.0800716 0.0990508 0.0990508 0.0064979 0.0064979 0.0874809 0.0833716 2.0177810 2.0177810 2.0177810 2.0177810 0.0833716 
6_54       0.1044745 0.0880211 0.0800716 0.0880211 0.0800716 0.0000000 0.0325293 0.0325293 0.0751240 0.0751240 0.1044745 0.1001054 1.9873174 1.9873174 1.9873174 1.9873174 0.1001054 
15_55      0.1355604 0.1043451 0.0990508 0.1043451 0.0990508 0.0325293 0.0000000 0.0000010 0.0937659 0.0937659 0.1355604 0.1308879 2.0654593 2.0654593 2.0654593 2.0654593 0.1308879 
16_55      0.1355604 0.1043451 0.0990508 0.1043451 0.0990508 0.0325293 0.0000010 0.0000000 0.0937659 0.0937659 0.1355604 0.1308879 2.0654593 2.0654593 2.0654593 2.0654593 0.1308879 
18_53      0.0915807 0.0232235 0.0064979 0.0232235 0.0064979 0.0751240 0.0937659 0.0937659 0.0000000 0.0000010 0.0915807 0.0874259 2.0354341 2.0354341 2.0354341 2.0354341 0.0874259 
19_56      0.0915807 0.0232235 0.0064979 0.0232235 0.0064979 0.0751240 0.0937659 0.0937659 0.0000010 0.0000000 0.0915807 0.0874259 2.0354341 2.0354341 2.0354341 2.0354341 0.0874259 
20_52      0.0000010 0.0953426 0.0874809 0.0953426 0.0874809 0.1044745 0.1355604 0.1355604 0.0915807 0.0915807 0.0000000 0.0032562 1.9902695 1.9902695 1.9902695 1.9902695 0.0032562 
22_56      0.0032562 0.0921773 0.0833716 0.0921773 0.0833716 0.1001054 0.1308879 0.1308879 0.0874259 0.0874259 0.0032562 0.0000000 1.9730794 1.9730794 1.9730794 1.9730794 0.0000010 
23_36      1.9902695 2.0649106 2.0177810 2.0649106 2.0177810 1.9873174 2.0654593 2.0654593 2.0354341 2.0354341 1.9902695 1.9730794 0.0000000 0.0000010 0.0000010 0.0000010 1.9730794 
25_37      1.9902695 2.0649106 2.0177810 2.0649106 2.0177810 1.9873174 2.0654593 2.0654593 2.0354341 2.0354341 1.9902695 1.9730794 0.0000010 0.0000000 0.0000010 0.0000010 1.9730794 
31_16      1.9902695 2.0649106 2.0177810 2.0649106 2.0177810 1.9873174 2.0654593 2.0654593 2.0354341 2.0354341 1.9902695 1.9730794 0.0000010 0.0000010 0.0000000 0.0000010 1.9730794 
38_97      1.9902695 2.0649106 2.0177810 2.0649106 2.0177810 1.9873174 2.0654593 2.0654593 2.0354341 2.0354341 1.9902695 1.9730794 0.0000010 0.0000010 0.0000010 0.0000000 1.9730794 
42_55      0.0032562 0.0921773 0.0833716 0.0921773 0.0833716 0.1001054 0.1308879 0.1308879 0.0874259 0.0874259 0.0032562 0.0000010 1.9730794 1.9730794 1.9730794 1.9730794 0.0000000 
