10
8_61       0.0000000 1.0606627 0.5577650 2.8569034 1.1922720 3.5258257 2.9059140 3.5249633 2.9783822 2.8089228 
8_121      1.0606627 0.0000000 0.4211279 3.2067372 1.3048747 3.7379462 3.5609976 3.8745468 3.3739349 3.1303349 
10_0       0.5577650 0.4211279 0.0000000 0.0000010 1.2909578 0.2462023 0.0542967 0.1122207 0.0267681 0.0000010 
10_29      2.8569034 3.2067372 0.0000010 0.0000000 0.7692694 0.8704889 0.7824651 1.1504883 0.7544271 0.0143970 
10_83      1.1922720 1.3048747 1.2909578 0.7692694 0.0000000 2.0602926 2.0860544 2.3190069 2.3558256 0.7567498 
10_118     3.5258257 3.7379462 0.2462023 0.8704889 2.0602926 0.0000000 0.4620893 0.6480673 0.6346544 0.8788377 
10_126     2.9059140 3.5609976 0.0542967 0.7824651 2.0860544 0.4620893 0.0000000 0.2284492 0.2002195 0.8072389 
10_134     3.5249633 3.8745468 0.1122207 1.1504883 2.3190069 0.6480673 0.2284492 0.0000000 0.3065832 1.1800602 
10_150     2.9783822 3.3739349 0.0267681 0.7544271 2.3558256 0.6346544 0.2002195 0.3065832 0.0000000 0.7854723 
10_157     2.8089228 3.1303349 0.0000010 0.0143970 0.7567498 0.8788377 0.8072389 1.1800602 0.7854723 0.0000000 
