22
0_31       0.0000000 2.5012140 0.2797136 0.0911025 0.0313507 0.0313507 0.0477149 3.1545573 2.8676827 0.0313507 2.8884943 3.8908715 4.0109736 3.9848760 0.0475808 0.0475808 0.0152731 0.0000010 1.5199368 4.9557097 1.5199368 3.4211976 
1_73       2.5012140 0.0000000 2.7454419 3.1154626 2.5626413 2.5626413 2.6136012 2.4907092 3.0052766 3.0371297 2.4248117 2.0604976 2.3249276 2.9911458 2.6909046 2.5338010 2.9898247 2.5012140 2.6160877 2.5594750 2.6160877 1.0405351 
2_30       0.2797136 2.7454419 0.0000000 0.4357187 0.2283041 0.2283041 0.2512989 3.1046686 2.8001195 0.2283041 2.8501805 3.5616699 4.5525150 3.9155285 0.2501447 0.2501447 0.3040188 0.2797136 1.9592757 4.7263191 1.9592757 3.8399561 
3_34       0.0911025 3.1154626 0.4357187 0.0000000 0.1329002 0.1329002 0.1542896 3.9741894 3.9346180 0.1533360 4.4977427 4.7763500 4.5508224 5.1955267 0.1797489 0.1536630 0.0978923 0.0911025 1.8425938 5.4736155 1.8425938 4.2217437 
4_29       0.0313507 2.5626413 0.2283041 0.1329002 0.0000000 0.0000010 0.0151676 3.0679118 2.7931392 0.0000010 2.7802366 3.8554668 3.8891788 3.8699574 0.0151298 0.0151298 0.0476587 0.0313507 1.5739674 4.8609172 1.5739674 3.3687215 
5_43       0.0313507 2.5626413 0.2283041 0.1329002 0.0000010 0.0000000 0.0151676 3.0679118 2.7931392 0.0000010 2.7802366 3.8554668 3.8891788 3.8699574 0.0151298 0.0151298 0.0476587 0.0313507 1.5739674 4.8609172 1.5739674 3.3687215 
6_30       0.0477149 2.6136012 0.2512989 0.1542896 0.0151676 0.0151676 0.0000000 3.1329414 2.8495071 0.0151676 2.8355383 3.7078689 3.9390171 3.9552852 0.0306970 0.0306970 0.0644886 0.0477149 1.5857311 4.6514502 1.5857311 3.4392959 
7_79       3.1545573 2.4907092 3.1046686 3.9741894 3.0679118 3.0679118 3.1329414 0.0000000 2.3865829 3.2977106 0.8489883 1.9109266 3.0749776 1.8212875 3.4350098 3.0334097 3.5121701 3.1545573 3.8928704 2.9820272 3.8928704 2.5860641 
8_30       2.8676827 3.0052766 2.8001195 3.9346180 2.7931392 2.7931392 2.8495071 2.3865829 0.0000000 3.1013567 2.3971007 2.5764754 2.9587947 2.4161015 3.6206022 2.7621849 3.3950801 2.8676827 3.4971376 3.7763838 3.4971376 2.8501513 
9_29       0.0313507 3.0371297 0.2283041 0.1533360 0.0000010 0.0000010 0.0151676 3.2977106 3.1013567 0.0000000 3.0373249 4.1138313 3.7284884 4.2895873 0.0426422 0.0151298 0.0725841 0.0313507 1.5739674 5.2593484 1.5739674 3.8045379 
10_46      2.8884943 2.4248117 2.8501805 4.4977427 2.7802366 2.7802366 2.8355383 0.8489883 2.3971007 3.0373249 0.0000000 1.8294461 3.6270366 2.3677062 3.4066665 2.7498117 3.2014912 2.8884943 3.0960581 2.6794874 3.0960581 2.9412867 
12_97      3.8908715 2.0604976 3.5616699 4.7763500 3.8554668 3.8554668 3.7078689 1.9109266 2.5764754 4.1138313 1.8294461 0.0000000 3.3909969 1.3905987 4.0274707 3.8165301 4.1924578 3.8908715 3.4310699 0.5083681 3.4310699 2.0676200 
13_187     4.0109736 2.3249276 4.5525150 4.5508224 3.8891788 3.8891788 3.9390171 3.0749776 2.9587947 3.7284884 3.6270366 3.3909969 0.0000000 4.2329475 3.7138748 3.8488175 4.0396635 4.0109736 3.1033929 3.8496645 3.1033929 2.6362681 
14_89      3.9848760 2.9911458 3.9155285 5.1955267 3.8699574 3.8699574 3.9552852 1.8212875 2.4161015 4.2895873 2.3677062 1.3905987 4.2329475 0.0000000 4.1829365 3.8282778 4.4965712 3.9848760 3.8680603 2.2724861 3.8680603 2.6719657 
15_31      0.0475808 2.6909046 0.2501447 0.1797489 0.0151298 0.0151298 0.0306970 3.4350098 3.6206022 0.0426422 3.4066665 4.0274707 3.7138748 4.1829365 0.0000000 0.0000010 0.0914956 0.0475808 1.5435229 4.6717578 1.5435229 3.5986631 
16_31      0.0475808 2.5338010 0.2501447 0.1536630 0.0151298 0.0151298 0.0306970 3.0334097 2.7621849 0.0151298 2.7498117 3.8165301 3.8488175 3.8282778 0.0000010 0.0000000 0.0642985 0.0475808 1.5526172 4.8101022 1.5526172 3.4349122 
20_29      0.0152731 2.9898247 0.3040188 0.0978923 0.0476587 0.0476587 0.0644886 3.5121701 3.3950801 0.0725841 3.2014912 4.1924578 4.0396635 4.4965712 0.0914956 0.0642985 0.0000000 0.0152731 1.4951821 5.3848231 1.4951821 3.6263688 
22_32      0.0000010 2.5012140 0.2797136 0.0911025 0.0313507 0.0313507 0.0477149 3.1545573 2.8676827 0.0313507 2.8884943 3.8908715 4.0109736 3.9848760 0.0475808 0.0475808 0.0152731 0.0000000 1.5199368 4.9557097 1.5199368 3.4211976 
23_11      1.5199368 2.6160877 1.9592757 1.8425938 1.5739674 1.5739674 1.5857311 3.8928704 3.4971376 1.5739674 3.0960581 3.4310699 3.1033929 3.8680603 1.5435229 1.5526172 1.4951821 1.5199368 0.0000000 3.4341885 0.0000010 3.0753050 
24_67      4.9557097 2.5594750 4.7263191 5.4736155 4.8609172 4.8609172 4.6514502 2.9820272 3.7763838 5.2593484 2.6794874 0.5083681 3.8496645 2.2724861 4.6717578 4.8101022 5.3848231 4.9557097 3.4341885 0.0000000 3.4341885 2.0971202 
25_11      1.5199368 2.6160877 1.9592757 1.8425938 1.5739674 1.5739674 1.5857311 3.8928704 3.4971376 1.5739674 3.0960581 3.4310699 3.1033929 3.8680603 1.5435229 1.5526172 1.4951821 1.5199368 0.0000010 3.4341885 0.0000000 3.0753050 
30_82      3.4211976 1.0405351 3.8399561 4.2217437 3.3687215 3.3687215 3.4392959 2.5860641 2.8501513 3.8045379 2.9412867 2.0676200 2.6362681 2.6719657 3.5986631 3.4349122 3.6263688 3.4211976 3.0753050 2.0971202 3.0753050 0.0000000 
