20
0_5        0.0000000 0.0803855 0.0572332 0.0684850 0.0572332 0.0811787 3.1224610 2.9365884 0.0803855 0.0684850 0.0811031 0.0811031 0.0000010 0.0112468 1.2903986 1.5117832 1.2148097 1.2903986 1.2148097 0.0112468 
2_4        0.0803855 0.0000000 0.0223099 0.0111680 0.0223099 0.0451833 3.2461576 3.6798850 0.0000010 0.0111680 0.0451479 0.0451479 0.0803855 0.0925759 1.2924754 1.6776694 1.2480180 1.2924754 1.2480180 0.0925759 
3_5        0.0572332 0.0223099 0.0000000 0.0337224 0.0000010 0.0225169 3.3063047 4.1030563 0.0223099 0.0337224 0.0225010 0.0225010 0.0572332 0.0692123 1.3095369 1.6275407 1.2347072 1.3095369 1.2347072 0.0692123 
4_5        0.0684850 0.0111680 0.0337224 0.0000000 0.0337224 0.0569204 3.1486936 3.1627793 0.0111680 0.0000010 0.0568732 0.0568732 0.0684850 0.0805088 1.2922297 1.5996820 1.2480180 1.2922297 1.2480180 0.0805088 
5_68       0.0572332 0.0223099 0.0000010 0.0337224 0.0000000 0.0225169 3.3063047 4.1030563 0.0223099 0.0337224 0.0225010 0.0225010 0.0572332 0.0692123 1.3095369 1.6275407 1.2347072 1.3095369 1.2347072 0.0692123 
6_5        0.0811787 0.0451833 0.0225169 0.0569204 0.0225169 0.0000000 3.1130968 3.3524604 0.0451833 0.0569204 0.0226224 0.0226224 0.0811787 0.0935027 1.2949225 1.5853357 1.2275038 1.2949225 1.2275038 0.0935027 
7_29       3.1224610 3.2461576 3.3063047 3.1486936 3.3063047 3.1130968 0.0000000 3.2637745 3.2461576 3.1486936 3.1935327 3.1935327 3.1224610 3.1224610 3.0069961 4.7168556 3.8468668 3.0069961 3.8468668 3.1224610 
8_126      2.9365884 3.6798850 4.1030563 3.1627793 4.1030563 3.3524604 3.2637745 0.0000000 3.6798850 3.1627793 3.3047608 3.3047608 2.9365884 2.9365884 4.1760789 2.7980819 4.2863825 4.1760789 4.2863825 2.9365884 
9_5        0.0803855 0.0000010 0.0223099 0.0111680 0.0223099 0.0451833 3.2461576 3.6798850 0.0000000 0.0111680 0.0451479 0.0451479 0.0803855 0.0925759 1.2924754 1.6776694 1.2480180 1.2924754 1.2480180 0.0925759 
11_5       0.0684850 0.0111680 0.0337224 0.0000010 0.0337224 0.0569204 3.1486936 3.1627793 0.0111680 0.0000000 0.0568732 0.0568732 0.0684850 0.0805088 1.2922297 1.5996820 1.2480180 1.2922297 1.2480180 0.0805088 
15_5       0.0811031 0.0451479 0.0225010 0.0568732 0.0225010 0.0226224 3.1935327 3.3047608 0.0451479 0.0568732 0.0000000 0.0000010 0.0811031 0.0934107 1.3109958 1.5671816 1.2496746 1.3109958 1.2496746 0.0934107 
16_5       0.0811031 0.0451479 0.0225010 0.0568732 0.0225010 0.0226224 3.1935327 3.3047608 0.0451479 0.0568732 0.0000010 0.0000000 0.0811031 0.0934107 1.3109958 1.5671816 1.2496746 1.3109958 1.2496746 0.0934107 
20_5       0.0000010 0.0803855 0.0572332 0.0684850 0.0572332 0.0811787 3.1224610 2.9365884 0.0803855 0.0684850 0.0811031 0.0811031 0.0000000 0.0112468 1.2903986 1.5117832 1.2148097 1.2903986 1.2148097 0.0112468 
22_5       0.0112468 0.0925759 0.0692123 0.0805088 0.0692123 0.0935027 3.1224610 2.9365884 0.0925759 0.0805088 0.0934107 0.0934107 0.0112468 0.0000000 1.3027289 1.5117832 1.2319205 1.3027289 1.2319205 0.0000010 
23_124     1.2903986 1.2924754 1.3095369 1.2922297 1.3095369 1.2949225 3.0069961 4.1760789 1.2924754 1.2922297 1.3109958 1.3109958 1.2903986 1.3027289 0.0000000 2.7329593 0.0000010 0.0000010 0.0000010 1.3027289 
24_144     1.5117832 1.6776694 1.6275407 1.5996820 1.6275407 1.5853357 4.7168556 2.7980819 1.6776694 1.5996820 1.5671816 1.5671816 1.5117832 1.5117832 2.7329593 0.0000000 3.4309214 2.7329593 3.4309214 1.5117832 
25_125     1.2148097 1.2480180 1.2347072 1.2480180 1.2347072 1.2275038 3.8468668 4.2863825 1.2480180 1.2480180 1.2496746 1.2496746 1.2148097 1.2319205 0.0000010 3.4309214 0.0000000 0.0000010 0.0000010 1.2319205 
31_106     1.2903986 1.2924754 1.3095369 1.2922297 1.3095369 1.2949225 3.0069961 4.1760789 1.2924754 1.2922297 1.3109958 1.3109958 1.2903986 1.3027289 0.0000010 2.7329593 0.0000010 0.0000000 0.0000010 1.3027289 
38_10      1.2148097 1.2480180 1.2347072 1.2480180 1.2347072 1.2275038 3.8468668 4.2863825 1.2480180 1.2480180 1.2496746 1.2496746 1.2148097 1.2319205 0.0000010 3.4309214 0.0000010 0.0000010 0.0000000 1.2319205 
42_5       0.0112468 0.0925759 0.0692123 0.0805088 0.0692123 0.0935027 3.1224610 2.9365884 0.0925759 0.0805088 0.0934107 0.0934107 0.0112468 0.0000010 1.3027289 1.5117832 1.2319205 1.3027289 1.2319205 0.0000000 
