26
0_88       0.0000000 2.4642197 0.0265696 0.0343180 0.0382747 0.0343180 0.0343679 2.9091470 2.8293036 0.0343648 2.9628528 0.0343648 2.6349793 4.3063905 3.1104814 0.0381360 0.0342541 0.0424391 0.0424391 0.0000010 0.0074929 0.9573463 2.8192251 0.9573463 0.0074929 2.6054480 
1_72       2.4642197 0.0000000 2.4889662 2.4970237 2.4817147 2.4970237 2.4667357 2.4260418 1.9180597 2.4797242 2.5252157 2.4797242 1.2171190 4.2890101 1.9363436 2.4541386 2.4609608 2.4943903 2.4943903 2.4642197 2.4687710 2.3314102 1.2164832 2.3314102 2.4687710 1.2147613 
2_88       0.0265696 2.4889662 0.0000000 0.0074762 0.0112562 0.0074762 0.0150228 2.9065610 2.8483775 0.0074865 2.9951727 0.0074865 2.6276599 4.3077271 3.1692748 0.0187548 0.0149741 0.0151276 0.0151276 0.0265696 0.0265670 0.9293248 2.8749456 0.9293248 0.0265670 2.5795002 
3_94       0.0343180 2.4970237 0.0074762 0.0000000 0.0112714 0.0000010 0.0150430 2.9563906 2.8407122 0.0074967 3.0299084 0.0074967 2.6575774 4.2769343 3.1476836 0.0187799 0.0149942 0.0075320 0.0075320 0.0343180 0.0343146 0.9329080 2.9084761 0.9329080 0.0343146 2.5628312 
4_86       0.0382747 2.4817147 0.0112562 0.0112714 0.0000000 0.0112714 0.0188741 2.9453272 2.8572929 0.0037314 3.0187886 0.0037314 2.6587638 4.2219333 3.1766699 0.0226200 0.0188126 0.0156090 0.0156090 0.0382747 0.0382708 0.9332244 2.9169438 0.9332244 0.0382708 2.5700403 
5_112      0.0343180 2.4970237 0.0074762 0.0000010 0.0112714 0.0000000 0.0150430 2.9563906 2.8407122 0.0074967 3.0299084 0.0074967 2.6575774 4.2769343 3.1476836 0.0187799 0.0149942 0.0075320 0.0075320 0.0343180 0.0343146 0.9329080 2.9084761 0.9329080 0.0343146 2.5628312 
6_83       0.0343679 2.4667357 0.0150228 0.0150430 0.0188741 0.0150430 0.0000000 2.8720022 2.8216819 0.0150637 2.9436096 0.0150637 2.6173897 4.2901917 3.1347650 0.0112447 0.0074817 0.0228295 0.0228295 0.0343679 0.0343645 0.9317623 2.9290852 0.9317623 0.0343645 2.5362345 
7_93       2.9091470 2.4260418 2.9065610 2.9563906 2.9453272 2.9563906 2.8720022 0.0000000 1.6769510 2.9207660 0.2899769 2.9207660 2.4315383 3.6198144 2.2631366 2.8891507 2.8965300 2.9534683 2.9534683 2.9091470 2.9429047 2.8942697 2.3415550 2.8942697 2.9429047 2.4757001 
8_78       2.8293036 1.9180597 2.8483775 2.8407122 2.8572929 2.8407122 2.8216819 1.6769510 0.0000000 2.8420270 1.6232097 2.8420270 2.5347915 3.4830579 2.1503708 2.8362009 2.8152801 2.8461025 2.8461025 2.8293036 2.8608927 2.7041814 2.4544377 2.7041814 2.8608927 2.1216732 
9_86       0.0343648 2.4797242 0.0074865 0.0074967 0.0037314 0.0074967 0.0150637 2.9207660 2.8420270 0.0000000 2.9935600 0.0000010 2.6511053 4.2770689 3.1565790 0.0188056 0.0150148 0.0116926 0.0116926 0.0343648 0.0343614 0.9317968 2.9010503 0.9317968 0.0343614 2.5677552 
10_45      2.9628528 2.5252157 2.9951727 3.0299084 3.0187886 3.0299084 2.9436096 0.2899769 1.6232097 2.9935600 0.0000000 2.9935600 2.5187880 3.5427567 2.3693648 2.9494711 2.9685739 3.0269412 3.0269412 2.9628528 2.9647345 2.7055386 2.4596029 2.7055386 2.9647345 2.3740031 
11_82      0.0343648 2.4797242 0.0074865 0.0074967 0.0037314 0.0074967 0.0150637 2.9207660 2.8420270 0.0000010 2.9935600 0.0000000 2.6511053 4.2770689 3.1565790 0.0188056 0.0150148 0.0116926 0.0116926 0.0343648 0.0343614 0.9317968 2.9010503 0.9317968 0.0343614 2.5677552 
12_72      2.6349793 1.2171190 2.6276599 2.6575774 2.6587638 2.6575774 2.6173897 2.4315383 2.5347915 2.6511053 2.5187880 2.6511053 0.0000000 4.9926213 2.0660167 2.6375961 2.6397607 2.6741130 2.6741130 2.6349793 2.6363611 2.5263038 0.3012055 2.5263038 2.6363611 1.4446331 
13_47      4.3063905 4.2890101 4.3077271 4.2769343 4.2219333 4.2769343 4.2901917 3.6198144 3.4830579 4.2770689 3.5427567 4.2770689 4.9926213 0.0000000 4.1960766 4.2568144 4.2661943 4.3288746 4.3288746 4.3063905 4.2950171 4.4553678 5.2622720 4.4553678 4.2950171 5.0657624 
14_45      3.1104814 1.9363436 3.1692748 3.1476836 3.1766699 3.1476836 3.1347650 2.2631366 2.1503708 3.1565790 2.3693648 3.1565790 2.0660167 4.1960766 0.0000000 3.1235775 3.1320533 3.1455923 3.1455923 3.1104814 3.1118562 2.9859157 1.9964911 2.9859157 3.1118562 1.9288504 
15_83      0.0381360 2.4541386 0.0187548 0.0187799 0.0226200 0.0187799 0.0112447 2.8891507 2.8362009 0.0188056 2.9494711 0.0188056 2.6375961 4.2568144 3.1235775 0.0000000 0.0037206 0.0265997 0.0265997 0.0381360 0.0381322 0.9261961 2.8699697 0.9261961 0.0381322 2.5332898 
16_83      0.0342541 2.4609608 0.0149741 0.0149942 0.0188126 0.0149942 0.0074817 2.8965300 2.8152801 0.0150148 2.9685739 0.0150148 2.6397607 4.2661943 3.1320533 0.0037206 0.0000000 0.0227544 0.0227544 0.0342541 0.0342507 0.9282417 2.8884711 0.9282417 0.0342507 2.5504765 
18_83      0.0424391 2.4943903 0.0151276 0.0075320 0.0156090 0.0075320 0.0228295 2.9534683 2.8461025 0.0116926 3.0269412 0.0116926 2.6741130 4.3288746 3.1455923 0.0265997 0.0227544 0.0000000 0.0000010 0.0424391 0.0424348 0.9223387 2.9271817 0.9223387 0.0424348 2.5610913 
19_86      0.0424391 2.4943903 0.0151276 0.0075320 0.0156090 0.0075320 0.0228295 2.9534683 2.8461025 0.0116926 3.0269412 0.0116926 2.6741130 4.3288746 3.1455923 0.0265997 0.0227544 0.0000010 0.0000000 0.0424391 0.0424348 0.9223387 2.9271817 0.9223387 0.0424348 2.5610913 
20_85      0.0000010 2.4642197 0.0265696 0.0343180 0.0382747 0.0343180 0.0343679 2.9091470 2.8293036 0.0343648 2.9628528 0.0343648 2.6349793 4.3063905 3.1104814 0.0381360 0.0342541 0.0424391 0.0424391 0.0000000 0.0074929 0.9573463 2.8192251 0.9573463 0.0074929 2.6054480 
22_88      0.0074929 2.4687710 0.0265670 0.0343146 0.0382708 0.0343146 0.0343645 2.9429047 2.8608927 0.0343614 2.9647345 0.0343614 2.6363611 4.2950171 3.1118562 0.0381322 0.0342507 0.0424348 0.0424348 0.0074929 0.0000000 0.9461624 2.8205927 0.9461624 0.0000010 2.6018914 
23_46      0.9573463 2.3314102 0.9293248 0.9329080 0.9332244 0.9329080 0.9317623 2.8942697 2.7041814 0.9317968 2.7055386 0.9317968 2.5263038 4.4553678 2.9859157 0.9261961 0.9282417 0.9223387 0.9223387 0.9573463 0.9461624 0.0000000 2.4551469 0.0000010 0.9461624 2.4188795 
24_121     2.8192251 1.2164832 2.8749456 2.9084761 2.9169438 2.9084761 2.9290852 2.3415550 2.4544377 2.9010503 2.4596029 2.9010503 0.3012055 5.2622720 1.9964911 2.8699697 2.8884711 2.9271817 2.9271817 2.8192251 2.8205927 2.4551469 0.0000000 2.4551469 2.8205927 1.3771265 
25_47      0.9573463 2.3314102 0.9293248 0.9329080 0.9332244 0.9329080 0.9317623 2.8942697 2.7041814 0.9317968 2.7055386 0.9317968 2.5263038 4.4553678 2.9859157 0.9261961 0.9282417 0.9223387 0.9223387 0.9573463 0.9461624 0.0000010 2.4551469 0.0000000 0.9461624 2.4188795 
28_90      0.0074929 2.4687710 0.0265670 0.0343146 0.0382708 0.0343146 0.0343645 2.9429047 2.8608927 0.0343614 2.9647345 0.0343614 2.6363611 4.2950171 3.1118562 0.0381322 0.0342507 0.0424348 0.0424348 0.0074929 0.0000010 0.9461624 2.8205927 0.9461624 0.0000000 2.6018914 
30_81      2.6054480 1.2147613 2.5795002 2.5628312 2.5700403 2.5628312 2.5362345 2.4757001 2.1216732 2.5677552 2.3740031 2.5677552 1.4446331 5.0657624 1.9288504 2.5332898 2.5504765 2.5610913 2.5610913 2.6054480 2.6018914 2.4188795 1.3771265 2.4188795 2.6018914 0.0000000 
