27
0_22       0.0000000 0.0730224 0.0768499 0.0730098 0.0715336 0.0836545 0.0730098 0.0731429 0.0936407 0.0936407 0.0715336 0.0019508 0.0120839 2.4793460 2.4793460 0.0019550 0.0100217 0.0715336 0.0731429 0.0715336 0.0715336 0.0715336 0.0715336 0.0715336 0.0715336 0.0120839 0.0699979 
2_21       0.0730224 0.0000000 0.0331814 0.0054931 0.0250008 0.1002241 0.0054931 0.0055130 0.1194013 0.1194013 0.0250008 0.0755842 0.0837618 2.5125184 2.5125184 0.0757344 0.0838798 0.0290035 0.0055130 0.0290035 0.0290035 0.0290035 0.0290035 0.0233909 0.0233909 0.0837618 0.0356411 
3_24       0.0768499 0.0331814 0.0000000 0.0351330 0.0055472 0.1062569 0.0351330 0.0273939 0.1265910 0.1265910 0.0055472 0.0794106 0.0901696 2.4991784 2.4991784 0.0795654 0.0902940 0.0054675 0.0273939 0.0055071 0.0073282 0.0054675 0.0055071 0.0056292 0.0056292 0.0901696 0.0171288 
4_22       0.0730098 0.0054931 0.0351330 0.0000000 0.0269265 0.0952507 0.0000010 0.0000010 0.1142808 0.1142808 0.0269265 0.0755701 0.0837433 2.5164353 2.5164353 0.0757202 0.0838612 0.0309365 0.0000010 0.0271838 0.0347805 0.0309365 0.0271838 0.0253420 0.0253420 0.0837433 0.0373970 
5_50       0.0715336 0.0250008 0.0055472 0.0269265 0.0000000 0.0985757 0.0269265 0.0192693 0.1172011 0.1172011 0.0000010 0.0740577 0.0847713 2.4769334 2.4769334 0.0742039 0.0848895 0.0000010 0.0192693 0.0000010 0.0018413 0.0000010 0.0000010 0.0000010 0.0000010 0.0847713 0.0114876 
6_23       0.0836545 0.1002241 0.1062569 0.0952507 0.0985757 0.0000000 0.0952507 0.0952507 0.0393916 0.0393916 0.0985757 0.0862557 0.0995191 2.6272725 2.6272725 0.0864205 0.1022697 0.1006621 0.0952507 0.1006621 0.1006621 0.1006621 0.1006621 0.0920914 0.0920914 0.0995191 0.0846148 
9_23       0.0730098 0.0054931 0.0351330 0.0000010 0.0269265 0.0952507 0.0000000 0.0000010 0.1142808 0.1142808 0.0269265 0.0755701 0.0837433 2.5164353 2.5164353 0.0757202 0.0838612 0.0309365 0.0000010 0.0271838 0.0347805 0.0309365 0.0271838 0.0253420 0.0253420 0.0837433 0.0373970 
11_22      0.0731429 0.0055130 0.0273939 0.0000010 0.0192693 0.0952507 0.0000010 0.0000000 0.1142808 0.1142808 0.0192693 0.0757084 0.0838953 2.5164353 2.5164353 0.0758591 0.0840135 0.0232593 0.0000010 0.0232593 0.0232593 0.0232593 0.0232593 0.0175787 0.0175787 0.0838953 0.0297729 
15_24      0.0936407 0.1194013 0.1265910 0.1142808 0.1172011 0.0393916 0.1142808 0.1142808 0.0000000 0.0000010 0.1172011 0.0963145 0.1108205 2.6669680 2.6669680 0.0964936 0.1136342 0.1208281 0.1142808 0.1208281 0.1208281 0.1208281 0.1208281 0.1133308 0.1133308 0.1108205 0.1169323 
16_24      0.0936407 0.1194013 0.1265910 0.1142808 0.1172011 0.0393916 0.1142808 0.1142808 0.0000010 0.0000000 0.1172011 0.0963145 0.1108205 2.6669680 2.6669680 0.0964936 0.1136342 0.1208281 0.1142808 0.1208281 0.1208281 0.1208281 0.1208281 0.1133308 0.1133308 0.1108205 0.1169323 
17_23      0.0715336 0.0250008 0.0055472 0.0269265 0.0000010 0.0985757 0.0269265 0.0192693 0.1172011 0.1172011 0.0000000 0.0740577 0.0847713 2.4769334 2.4769334 0.0742039 0.0848895 0.0000010 0.0192693 0.0000010 0.0018413 0.0000010 0.0000010 0.0000010 0.0000010 0.0847713 0.0114876 
20_22      0.0019508 0.0755842 0.0794106 0.0755701 0.0740577 0.0862557 0.0755701 0.0757084 0.0963145 0.0963145 0.0740577 0.0000000 0.0141430 2.4762810 2.4762810 0.0039242 0.0120647 0.0740577 0.0757084 0.0740577 0.0740577 0.0740577 0.0740577 0.0740577 0.0740577 0.0141430 0.0725427 
22_24      0.0120839 0.0837618 0.0901696 0.0837433 0.0847713 0.0995191 0.0837433 0.0838953 0.1108205 0.1108205 0.0847713 0.0141430 0.0000000 2.5838276 2.5838276 0.0141727 0.0019203 0.0847713 0.0838953 0.0847713 0.0847713 0.0847713 0.0847713 0.0756636 0.0756636 0.0000010 0.0782449 
23_88      2.4793460 2.5125184 2.4991784 2.5164353 2.4769334 2.6272725 2.5164353 2.5164353 2.6669680 2.6669680 2.4769334 2.4762810 2.5838276 0.0000000 0.0000010 2.4830598 2.5974419 2.4880878 2.5164353 2.4880878 2.4770170 2.4880878 2.4880878 2.4201749 2.4201749 2.5838276 2.4587697 
25_89      2.4793460 2.5125184 2.4991784 2.5164353 2.4769334 2.6272725 2.5164353 2.5164353 2.6669680 2.6669680 2.4769334 2.4762810 2.5838276 0.0000010 0.0000000 2.4830598 2.5974419 2.4880878 2.5164353 2.4880878 2.4770170 2.4880878 2.4880878 2.4201749 2.4201749 2.5838276 2.4587697 
27_23      0.0019550 0.0757344 0.0795654 0.0757202 0.0742039 0.0864205 0.0757202 0.0758591 0.0964936 0.0964936 0.0742039 0.0039242 0.0141727 2.4830598 2.4830598 0.0000000 0.0120900 0.0742039 0.0758591 0.0742039 0.0742039 0.0742039 0.0742039 0.0742039 0.0742039 0.0141727 0.0726883 
28_23      0.0100217 0.0838798 0.0902940 0.0838612 0.0848895 0.1022697 0.0838612 0.0840135 0.1136342 0.1136342 0.0848895 0.0120647 0.0019203 2.5974419 2.5974419 0.0120900 0.0000000 0.0848895 0.0840135 0.0848895 0.0848895 0.0848895 0.0848895 0.0757725 0.0757725 0.0019203 0.0808572 
29_24      0.0715336 0.0290035 0.0054675 0.0309365 0.0000010 0.1006621 0.0309365 0.0232593 0.1208281 0.1208281 0.0000010 0.0740577 0.0847713 2.4880878 2.4880878 0.0742039 0.0848895 0.0000000 0.0232593 0.0000010 0.0018149 0.0000010 0.0000010 0.0000010 0.0000010 0.0847713 0.0113168 
33_51      0.0731429 0.0055130 0.0273939 0.0000010 0.0192693 0.0952507 0.0000010 0.0000010 0.1142808 0.1142808 0.0192693 0.0757084 0.0838953 2.5164353 2.5164353 0.0758591 0.0840135 0.0232593 0.0000000 0.0232593 0.0232593 0.0232593 0.0232593 0.0175787 0.0175787 0.0838953 0.0297729 
34_1       0.0715336 0.0290035 0.0055071 0.0271838 0.0000010 0.1006621 0.0271838 0.0232593 0.1208281 0.1208281 0.0000010 0.0740577 0.0847713 2.4880878 2.4880878 0.0742039 0.0848895 0.0000010 0.0232593 0.0000000 0.0018280 0.0000010 0.0000010 0.0000010 0.0000010 0.0847713 0.0114017 
35_40      0.0715336 0.0290035 0.0073282 0.0347805 0.0018413 0.1006621 0.0347805 0.0232593 0.1208281 0.1208281 0.0018413 0.0740577 0.0847713 2.4770170 2.4770170 0.0742039 0.0848895 0.0018149 0.0232593 0.0018280 0.0000000 0.0018149 0.0018280 0.0018681 0.0018681 0.0847713 0.0111706 
36_23      0.0715336 0.0290035 0.0054675 0.0309365 0.0000010 0.1006621 0.0309365 0.0232593 0.1208281 0.1208281 0.0000010 0.0740577 0.0847713 2.4880878 2.4880878 0.0742039 0.0848895 0.0000010 0.0232593 0.0000010 0.0018149 0.0000000 0.0000010 0.0000010 0.0000010 0.0847713 0.0113168 
37_23      0.0715336 0.0290035 0.0055071 0.0271838 0.0000010 0.1006621 0.0271838 0.0232593 0.1208281 0.1208281 0.0000010 0.0740577 0.0847713 2.4880878 2.4880878 0.0742039 0.0848895 0.0000010 0.0232593 0.0000010 0.0018280 0.0000010 0.0000000 0.0000010 0.0000010 0.0847713 0.0114017 
40_22      0.0715336 0.0233909 0.0056292 0.0253420 0.0000010 0.0920914 0.0253420 0.0175787 0.1133308 0.1133308 0.0000010 0.0740577 0.0756636 2.4201749 2.4201749 0.0742039 0.0757725 0.0000010 0.0175787 0.0000010 0.0018681 0.0000010 0.0000010 0.0000000 0.0000010 0.0756636 0.0116637 
41_23      0.0715336 0.0233909 0.0056292 0.0253420 0.0000010 0.0920914 0.0253420 0.0175787 0.1133308 0.1133308 0.0000010 0.0740577 0.0756636 2.4201749 2.4201749 0.0742039 0.0757725 0.0000010 0.0175787 0.0000010 0.0018681 0.0000010 0.0000010 0.0000010 0.0000000 0.0756636 0.0116637 
42_24      0.0120839 0.0837618 0.0901696 0.0837433 0.0847713 0.0995191 0.0837433 0.0838953 0.1108205 0.1108205 0.0847713 0.0141430 0.0000010 2.5838276 2.5838276 0.0141727 0.0019203 0.0847713 0.0838953 0.0847713 0.0847713 0.0847713 0.0847713 0.0756636 0.0756636 0.0000000 0.0782449 
43_23      0.0699979 0.0356411 0.0171288 0.0373970 0.0114876 0.0846148 0.0373970 0.0297729 0.1169323 0.1169323 0.0114876 0.0725427 0.0782449 2.4587697 2.4587697 0.0726883 0.0808572 0.0113168 0.0297729 0.0114017 0.0111706 0.0113168 0.0114017 0.0116637 0.0116637 0.0782449 0.0000000 
