7
1_131      0.0000000 2.9019586 2.7244640 2.8355507 3.9382059 2.4331051 1.5300996 
7_25       2.9019586 0.0000000 1.3853538 0.4613895 3.0913347 1.8906344 2.9163704 
8_59       2.7244640 1.3853538 0.0000000 1.4285318 3.4009486 1.8667877 2.8753012 
10_68      2.8355507 0.4613895 1.4285318 0.0000000 3.1839937 2.1047202 3.0306000 
13_132     3.9382059 3.0913347 3.4009486 3.1839937 0.0000000 3.9268225 4.3501322 
14_160     2.4331051 1.8906344 1.8667877 2.1047202 3.9268225 0.0000000 2.7805671 
30_53      1.5300996 2.9163704 2.8753012 3.0306000 4.3501322 2.7805671 0.0000000 
