7
13_81      0.0000000 2.4410830 2.3359588 2.6269340 4.7782023 3.2481953 2.7179603 
13_82      2.4410830 0.0000000 0.4936464 1.0243959 1.2232588 1.7595241 1.0653588 
13_83      2.3359588 0.4936464 0.0000000 1.0606855 1.4888015 1.7527664 1.0301401 
13_84      2.6269340 1.0243959 1.0606855 0.0000000 1.7356879 1.4367339 1.3257244 
13_85      4.7782023 1.2232588 1.4888015 1.7356879 0.0000000 1.3091805 1.4690196 
13_86      3.2481953 1.7595241 1.7527664 1.4367339 1.3091805 0.0000000 1.6061917 
13_87      2.7179603 1.0653588 1.0301401 1.3257244 1.4690196 1.6061917 0.0000000 
