17
0_3        0.0000000 0.1922565 0.1966233 0.1922565 0.1823587 0.2039846 0.1922565 0.2296248 0.2296248 0.1966233 0.2062341 0.2153400 0.0000010 0.0605237 0.0605237 0.1966233 0.0605237 
2_2        0.1922565 0.0000000 0.0632245 0.0000010 0.0689608 0.2464298 0.0000010 0.1951446 0.1951446 0.0259768 0.0326818 0.0394110 0.1922565 0.2452894 0.2098666 0.0259768 0.2098666 
3_3        0.1966233 0.0632245 0.0000000 0.0632245 0.0479301 0.2321444 0.0259768 0.2064508 0.2064508 0.0000010 0.0064020 0.0128662 0.1966233 0.3031781 0.2078320 0.0000010 0.2078320 
4_3        0.1922565 0.0000010 0.0632245 0.0000000 0.0689608 0.2464298 0.0000010 0.1951446 0.1951446 0.0259768 0.0326818 0.0394110 0.1922565 0.2452894 0.2098666 0.0259768 0.2098666 
5_70       0.1823587 0.0689608 0.0479301 0.0689608 0.0000000 0.2791391 0.0689608 0.2299446 0.2299446 0.0479301 0.0551655 0.0623896 0.1823587 0.1925527 0.1925527 0.0479301 0.1925527 
6_3        0.2039846 0.2464298 0.2321444 0.2464298 0.2791391 0.0000000 0.1968146 0.0905634 0.0905634 0.2082366 0.2178158 0.2268512 0.2039846 0.2997732 0.2182042 0.2082366 0.2182042 
9_3        0.1922565 0.0000010 0.0259768 0.0000010 0.0689608 0.1968146 0.0000000 0.1951446 0.1951446 0.0259768 0.0326818 0.0394110 0.1922565 0.2098666 0.2098666 0.0259768 0.2098666 
15_3       0.2296248 0.1951446 0.2064508 0.1951446 0.2299446 0.0905634 0.1951446 0.0000000 0.0000010 0.2064508 0.2159376 0.2248903 0.2296248 0.2448625 0.2448625 0.2064508 0.2448625 
16_3       0.2296248 0.1951446 0.2064508 0.1951446 0.2299446 0.0905634 0.1951446 0.0000010 0.0000000 0.2064508 0.2159376 0.2248903 0.2296248 0.2448625 0.2448625 0.2064508 0.2448625 
17_3       0.1966233 0.0259768 0.0000010 0.0259768 0.0479301 0.2082366 0.0259768 0.2064508 0.2064508 0.0000000 0.0064020 0.0128662 0.1966233 0.2078320 0.2078320 0.0000010 0.2078320 
18_3       0.2062341 0.0326818 0.0064020 0.0326818 0.0551655 0.2178158 0.0326818 0.2159376 0.2159376 0.0064020 0.0000000 0.0063612 0.2062341 0.2177262 0.2177262 0.0064020 0.2177262 
19_3       0.2153400 0.0394110 0.0128662 0.0394110 0.0623896 0.2268512 0.0394110 0.2248903 0.2248903 0.0128662 0.0063612 0.0000000 0.2153400 0.2270621 0.2270621 0.0128662 0.2270621 
20_3       0.0000010 0.1922565 0.1966233 0.1922565 0.1823587 0.2039846 0.1922565 0.2296248 0.2296248 0.1966233 0.2062341 0.2153400 0.0000000 0.0605237 0.0605237 0.1966233 0.0605237 
22_3       0.0605237 0.2452894 0.3031781 0.2452894 0.1925527 0.2997732 0.2098666 0.2448625 0.2448625 0.2078320 0.2177262 0.2270621 0.0605237 0.0000000 0.0000010 0.2078320 0.0000010 
28_3       0.0605237 0.2098666 0.2078320 0.2098666 0.1925527 0.2182042 0.2098666 0.2448625 0.2448625 0.2078320 0.2177262 0.2270621 0.0605237 0.0000010 0.0000000 0.2078320 0.0000010 
29_3       0.1966233 0.0259768 0.0000010 0.0259768 0.0479301 0.2082366 0.0259768 0.2064508 0.2064508 0.0000010 0.0064020 0.0128662 0.1966233 0.2078320 0.2078320 0.0000000 0.2078320 
42_3       0.0605237 0.2098666 0.2078320 0.2098666 0.1925527 0.2182042 0.2098666 0.2448625 0.2448625 0.2078320 0.2177262 0.2270621 0.0605237 0.0000010 0.0000010 0.2078320 0.0000000 
