13
0_37       0.0000000 0.2838326 0.2600359 0.2439044 0.2600359 0.3556318 0.2518780 0.2518780 0.3323131 0.3323131 0.0000010 0.0067753 0.2695796 
2_36       0.2838326 0.0000000 0.1399547 0.0420052 0.1399547 0.4147547 0.0349560 0.0349560 0.3660090 0.3660090 0.2838326 0.2919149 0.1485362 
3_40       0.2600359 0.1399547 0.0000000 0.1070457 0.0000010 0.3517316 0.0997968 0.0997968 0.3012481 0.3012481 0.2600359 0.2676158 0.0068059 
4_35       0.2439044 0.0420052 0.1070457 0.0000000 0.1070457 0.3674670 0.0067838 0.0067838 0.3135562 0.3135562 0.2439044 0.2517091 0.1150932 
5_37       0.2600359 0.1399547 0.0000010 0.1070457 0.0000000 0.3517316 0.0997968 0.0997968 0.3012481 0.3012481 0.2600359 0.2676158 0.0068059 
6_36       0.3556318 0.4147547 0.3517316 0.3674670 0.3517316 0.0000000 0.3592299 0.3592299 0.1547400 0.1547400 0.3556318 0.3635481 0.3624366 
9_35       0.2518780 0.0349560 0.0997968 0.0067838 0.0997968 0.3592299 0.0000000 0.0000010 0.3217097 0.3217097 0.2518780 0.2596870 0.1077800 
11_35      0.2518780 0.0349560 0.0997968 0.0067838 0.0997968 0.3592299 0.0000010 0.0000000 0.3217097 0.3217097 0.2518780 0.2596870 0.1077800 
15_37      0.3323131 0.3660090 0.3012481 0.3135562 0.3012481 0.1547400 0.3217097 0.3217097 0.0000000 0.0000010 0.3323131 0.3401207 0.3111959 
16_37      0.3323131 0.3660090 0.3012481 0.3135562 0.3012481 0.1547400 0.3217097 0.3217097 0.0000010 0.0000000 0.3323131 0.3401207 0.3111959 
20_35      0.0000010 0.2838326 0.2600359 0.2439044 0.2600359 0.3556318 0.2518780 0.2518780 0.3323131 0.3323131 0.0000000 0.0067753 0.2695796 
28_39      0.0067753 0.2919149 0.2676158 0.2517091 0.2676158 0.3635481 0.2596870 0.2596870 0.3401207 0.3401207 0.0067753 0.0000000 0.2772138 
34_58      0.2695796 0.1485362 0.0068059 0.1150932 0.0068059 0.3624366 0.1077800 0.1077800 0.3111959 0.3111959 0.2695796 0.2772138 0.0000000 
