30
0_111      0.0000000 3.1942560 2.3284403 0.0555708 0.0924616 0.0131018 0.0604423 0.0471285 0.0532974 2.6343847 2.5919117 0.0507786 2.6599398 0.0507786 4.1156434 2.7118961 0.0633269 0.0633269 0.0471285 0.0000010 0.0059035 1.4795251 2.6832508 1.4795251 0.0070881 0.0471120 3.1331343 0.0573983 0.0471120 0.0059035 
1_68       3.1942560 0.0000000 0.0000010 3.9019248 2.2784299 3.2310499 3.1509425 3.2252396 3.2342438 2.1751877 2.0150738 3.1875124 2.2612210 3.1875124 4.6239120 1.9781492 3.2372075 3.2372075 3.2252396 3.1942560 3.1872982 3.1417727 1.7305721 3.1417727 3.1872982 3.2252396 0.9851228 3.2252396 3.2252396 3.1872982 
1_69       2.3284403 0.0000010 0.0000000 0.0000010 2.3741170 2.3317575 2.3741170 2.3754723 2.2898406 1.8651000 2.0346622 2.3741170 1.8762743 2.3741170 0.0000010 2.0080124 2.2976441 2.2976441 2.3754723 2.3284403 2.3284403 2.4920124 1.6486983 2.4920124 2.3284403 2.3797483 0.8592201 2.3632382 2.3797483 2.3284403 
2_115      0.0555708 3.9019248 0.0000010 0.0000000 0.4118299 0.0643586 0.0178212 0.0181807 0.0535949 2.9265220 2.8022832 0.0040111 3.0110850 0.0040111 4.4983746 2.8248462 0.0664550 0.0664550 0.0181807 0.0555708 0.0577572 1.5187795 3.0009627 1.5187795 0.0598781 0.0181807 3.8613677 0.0181807 0.0181807 0.0577572 
2_116      0.0924616 2.2784299 2.3741170 0.4118299 0.0000000 0.1127351 0.0575720 0.0732067 0.1089386 2.3508724 2.2675350 0.0575720 2.3394137 0.0575720 0.0000010 2.5382043 0.1156309 0.1156309 0.0732067 0.0924616 0.0924616 1.4796157 2.2951272 1.4796157 0.0924616 0.0765040 2.5291921 0.1027933 0.0765040 0.0924616 
3_120      0.0131018 3.2310499 2.3317575 0.0643586 0.1127351 0.0000000 0.0742075 0.0598997 0.0661705 2.6549309 2.6261852 0.0635984 2.6736406 0.0635984 4.2514207 2.7340264 0.0763876 0.0763876 0.0598997 0.0131018 0.0191159 1.5054283 2.7081605 1.5054283 0.0203221 0.0598792 3.1879069 0.0680467 0.0598792 0.0191159 
4_112      0.0604423 3.1509425 2.3741170 0.0178212 0.0575720 0.0742075 0.0000000 0.0226796 0.0618799 2.5918121 2.5539123 0.0075038 2.6133592 0.0075038 3.2284810 2.6673022 0.0726538 0.0726538 0.0226796 0.0604423 0.0604382 1.4775680 2.5724498 1.4775680 0.0604382 0.0239722 3.0628604 0.0325861 0.0239722 0.0604382 
5_86       0.0471285 3.2252396 2.3754723 0.0181807 0.0732067 0.0598997 0.0226796 0.0000000 0.0521919 2.6687909 2.5828351 0.0142285 2.6750200 0.0142285 4.1940995 2.6894224 0.0622731 0.0622731 0.0000010 0.0471285 0.0484000 1.4914517 2.6809066 1.4914517 0.0496383 0.0023608 3.1648242 0.0097361 0.0023608 0.0484000 
6_107      0.0532974 3.2342438 2.2898406 0.0535949 0.1089386 0.0661705 0.0618799 0.0521919 0.0000000 2.6426796 2.5904861 0.0521412 2.6501504 0.0521412 4.2589157 2.6957168 0.0226379 0.0226379 0.0521919 0.0532974 0.0532452 1.4821187 2.6714671 1.4821187 0.0544863 0.0496735 3.0717217 0.0613742 0.0496735 0.0532452 
7_78       2.6343847 2.1751877 1.8651000 2.9265220 2.3508724 2.6549309 2.5918121 2.6687909 2.6426796 0.0000000 1.2087843 2.6423864 0.4973200 2.6423864 3.6973478 1.4388382 2.6102115 2.6102115 2.6687909 2.6343847 2.6371187 2.7137412 1.6813108 2.7137412 2.6360256 2.6698513 2.1882541 2.6429004 2.6698513 2.6371187 
8_24       2.5919117 2.0150738 2.0346622 2.8022832 2.2675350 2.6261852 2.5539123 2.5828351 2.5904861 1.2087843 0.0000000 2.5796565 1.1735850 2.5796565 3.1038803 1.4352766 2.5741727 2.5741727 2.5828351 2.5919117 2.5865713 2.6338177 1.5849846 2.6338177 2.5864274 2.5982835 2.1213366 2.5561880 2.5982835 2.5865713 
9_111      0.0507786 3.1875124 2.3741170 0.0040111 0.0575720 0.0635984 0.0075038 0.0142285 0.0521412 2.6423864 2.5796565 0.0000000 2.6632620 0.0000010 4.1901159 2.6738163 0.0622123 0.0622123 0.0142285 0.0507786 0.0520555 1.4907914 2.6467378 1.4907914 0.0532964 0.0154339 3.1502429 0.0232582 0.0154339 0.0520555 
10_42      2.6599398 2.2612210 1.8762743 3.0110850 2.3394137 2.6736406 2.6133592 2.6750200 2.6501504 0.4973200 1.1735850 2.6632620 0.0000000 2.6632620 3.4756477 1.5581073 2.6431414 2.6431414 2.6750200 2.6599398 2.6625442 2.8030512 1.6354366 2.8030512 2.6614198 2.6760311 2.2915794 2.6331400 2.6760311 2.6625442 
11_108     0.0507786 3.1875124 2.3741170 0.0040111 0.0575720 0.0635984 0.0075038 0.0142285 0.0521412 2.6423864 2.5796565 0.0000010 2.6632620 0.0000000 4.1901159 2.6738163 0.0622123 0.0622123 0.0142285 0.0507786 0.0520555 1.4907914 2.6467378 1.4907914 0.0532964 0.0154339 3.1502429 0.0232582 0.0154339 0.0520555 
12_0       4.1156434 4.6239120 0.0000010 4.4983746 0.0000010 4.2514207 3.2284810 4.1940995 4.2589157 3.6973478 3.1038803 4.1901159 3.4756477 4.1901159 0.0000000 1.8307889 4.2488295 4.2488295 4.1940995 4.1156434 4.1876033 3.4742050 0.4929945 3.4742050 4.1816287 4.1940995 4.0875051 4.1940995 4.1940995 4.1876033 
14_91      2.7118961 1.9781492 2.0080124 2.8248462 2.5382043 2.7340264 2.6673022 2.6894224 2.6957168 1.4388382 1.4352766 2.6738163 1.5581073 2.6738163 1.8307889 0.0000000 2.7290871 2.7290871 2.6894224 2.7118961 2.7261503 2.6223108 1.2909520 2.6223108 2.7243254 2.6849497 2.1373667 2.6094779 2.6849497 2.7261503 
15_107     0.0633269 3.2372075 2.2976441 0.0664550 0.1156309 0.0763876 0.0726538 0.0622731 0.0226379 2.6102115 2.5741727 0.0622123 2.6431414 0.0622123 4.2488295 2.7290871 0.0000000 0.0000010 0.0622731 0.0633269 0.0632645 1.4790761 2.7094797 1.4790761 0.0645181 0.0597211 3.1206530 0.0705121 0.0597211 0.0632645 
16_107     0.0633269 3.2372075 2.2976441 0.0664550 0.1156309 0.0763876 0.0726538 0.0622731 0.0226379 2.6102115 2.5741727 0.0622123 2.6431414 0.0622123 4.2488295 2.7290871 0.0000010 0.0000000 0.0622731 0.0633269 0.0632645 1.4790761 2.7094797 1.4790761 0.0645181 0.0597211 3.1206530 0.0705121 0.0597211 0.0632645 
17_111     0.0471285 3.2252396 2.3754723 0.0181807 0.0732067 0.0598997 0.0226796 0.0000010 0.0521919 2.6687909 2.5828351 0.0142285 2.6750200 0.0142285 4.1940995 2.6894224 0.0622731 0.0622731 0.0000000 0.0471285 0.0484000 1.4914517 2.6809066 1.4914517 0.0496383 0.0023608 3.1648242 0.0097361 0.0023608 0.0484000 
20_109     0.0000010 3.1942560 2.3284403 0.0555708 0.0924616 0.0131018 0.0604423 0.0471285 0.0532974 2.6343847 2.5919117 0.0507786 2.6599398 0.0507786 4.1156434 2.7118961 0.0633269 0.0633269 0.0471285 0.0000000 0.0059035 1.4795251 2.6832508 1.4795251 0.0070881 0.0471120 3.1331343 0.0573983 0.0471120 0.0059035 
22_112     0.0059035 3.1872982 2.3284403 0.0577572 0.0924616 0.0191159 0.0604382 0.0484000 0.0532452 2.6371187 2.5865713 0.0520555 2.6625442 0.0520555 4.1876033 2.7261503 0.0632645 0.0632645 0.0484000 0.0059035 0.0000000 1.4762733 2.6857876 1.4762733 0.0011761 0.0483832 3.1214696 0.0587251 0.0483832 0.0000010 
23_59      1.4795251 3.1417727 2.4920124 1.5187795 1.4796157 1.5054283 1.4775680 1.4914517 1.4821187 2.7137412 2.6338177 1.4907914 2.8030512 1.4907914 3.4742050 2.6223108 1.4790761 1.4790761 1.4914517 1.4795251 1.4762733 0.0000000 2.5336726 0.0000010 1.4755596 1.4916852 3.1306247 1.5069741 1.4916852 1.4762733 
24_103     2.6832508 1.7305721 1.6486983 3.0009627 2.2951272 2.7081605 2.5724498 2.6809066 2.6714671 1.6813108 1.5849846 2.6467378 1.6354366 2.6467378 0.4929945 1.2909520 2.7094797 2.7094797 2.6809066 2.6832508 2.6857876 2.5336726 0.0000000 2.5336726 2.6854957 2.6818636 1.9249597 2.6384412 2.6818636 2.6857876 
25_60      1.4795251 3.1417727 2.4920124 1.5187795 1.4796157 1.5054283 1.4775680 1.4914517 1.4821187 2.7137412 2.6338177 1.4907914 2.8030512 1.4907914 3.4742050 2.6223108 1.4790761 1.4790761 1.4914517 1.4795251 1.4762733 0.0000010 2.5336726 0.0000000 1.4755596 1.4916852 3.1306247 1.5069741 1.4916852 1.4762733 
28_115     0.0070881 3.1872982 2.3284403 0.0598781 0.0924616 0.0203221 0.0604382 0.0496383 0.0544863 2.6360256 2.5864274 0.0532964 2.6614198 0.0532964 4.1816287 2.7243254 0.0645181 0.0645181 0.0496383 0.0070881 0.0011761 1.4755596 2.6854957 1.4755596 0.0000000 0.0496210 3.1214696 0.0600098 0.0496210 0.0011761 
29_112     0.0471120 3.2252396 2.3797483 0.0181807 0.0765040 0.0598792 0.0239722 0.0023608 0.0496735 2.6698513 2.5982835 0.0154339 2.6760311 0.0154339 4.1940995 2.6849497 0.0597211 0.0597211 0.0023608 0.0471120 0.0483832 1.4916852 2.6818636 1.4916852 0.0496210 0.0000000 3.1667608 0.0097361 0.0000010 0.0483832 
30_27      3.1331343 0.9851228 0.8592201 3.8613677 2.5291921 3.1879069 3.0628604 3.1648242 3.0717217 2.1882541 2.1213366 3.1502429 2.2915794 3.1502429 4.0875051 2.1373667 3.1206530 3.1206530 3.1648242 3.1331343 3.1214696 3.1306247 1.9249597 3.1306247 3.1214696 3.1667608 0.0000000 3.1742766 3.1667608 3.1214696 
34_59      0.0573983 3.2252396 2.3632382 0.0181807 0.1027933 0.0680467 0.0325861 0.0097361 0.0613742 2.6429004 2.5561880 0.0232582 2.6331400 0.0232582 4.1940995 2.6094779 0.0705121 0.0705121 0.0097361 0.0573983 0.0587251 1.5069741 2.6384412 1.5069741 0.0600098 0.0097361 3.1742766 0.0000000 0.0097361 0.0587251 
35_5       0.0471120 3.2252396 2.3797483 0.0181807 0.0765040 0.0598792 0.0239722 0.0023608 0.0496735 2.6698513 2.5982835 0.0154339 2.6760311 0.0154339 4.1940995 2.6849497 0.0597211 0.0597211 0.0023608 0.0471120 0.0483832 1.4916852 2.6818636 1.4916852 0.0496210 0.0000010 3.1667608 0.0097361 0.0000000 0.0483832 
42_111     0.0059035 3.1872982 2.3284403 0.0577572 0.0924616 0.0191159 0.0604382 0.0484000 0.0532452 2.6371187 2.5865713 0.0520555 2.6625442 0.0520555 4.1876033 2.7261503 0.0632645 0.0632645 0.0484000 0.0059035 0.0000010 1.4762733 2.6857876 1.4762733 0.0011761 0.0483832 3.1214696 0.0587251 0.0483832 0.0000000 
