27
0_6        0.0000000 1.3050140 0.0179186 0.0177924 0.0132659 0.0177924 0.0202392 1.3251534 1.2627865 0.0132659 1.2663942 1.1139061 1.4907821 1.7966807 0.1175637 0.0202607 0.1175637 0.0202607 0.0000010 0.0021925 0.4431742 1.1026329 0.4431742 0.0021925 1.2038232 0.0155089 0.0155307 
1_63       1.3050140 0.0000000 1.3216801 1.3135476 1.3194594 1.3135476 1.3202216 1.3334489 1.3045515 1.3194594 1.2864830 0.9735383 1.4329278 1.7695043 1.0411215 1.3126885 1.0411215 1.3126885 1.3050140 1.3079016 1.2481740 0.9670300 1.2481740 1.3079016 0.3744286 1.3077108 1.3086253 
2_5        0.0179186 1.3216801 0.0000000 0.0089492 0.0044487 0.0089492 0.0251013 1.3436986 1.3006747 0.0044487 1.2879917 1.1318463 1.5205173 1.7773530 0.1288491 0.0297693 0.1288491 0.0297693 0.0179186 0.0178922 0.4457927 1.1180702 0.4457927 0.0178922 1.2111404 0.0066864 0.0134605 
3_6        0.0177924 1.3135476 0.0089492 0.0000000 0.0044157 0.0000010 0.0249269 1.3283886 1.2824287 0.0044157 1.2712945 1.1121512 1.4803731 1.7815354 0.1288491 0.0272659 0.1288491 0.0272659 0.0177924 0.0177663 0.4300699 1.0948282 0.4300699 0.0177663 1.2036796 0.0066371 0.0043976 
4_6        0.0132659 1.3194594 0.0044487 0.0044157 0.0000000 0.0044157 0.0202769 1.3217668 1.2796101 0.0000010 1.2668916 1.1190224 1.4957578 1.7751251 0.1288491 0.0248727 0.1288491 0.0248727 0.0132659 0.0132466 0.4363260 1.1052489 0.4363260 0.0132466 1.2091812 0.0021993 0.0088566 
5_67       0.0177924 1.3135476 0.0089492 0.0000010 0.0044157 0.0000000 0.0249269 1.3283886 1.2824287 0.0044157 1.2712945 1.1121512 1.4803731 1.7815354 0.1288491 0.0272659 0.1288491 0.0272659 0.0177924 0.0177663 0.4300699 1.0948282 0.4300699 0.0177663 1.2036796 0.0066371 0.0043976 
6_6        0.0202392 1.3202216 0.0251013 0.0249269 0.0202769 0.0249269 0.0000000 1.3225449 1.2680648 0.0202769 1.2722243 1.1364293 1.5008127 1.7850682 0.1464906 0.0132743 0.1464906 0.0132743 0.0202392 0.0202092 0.4505617 1.1277023 0.4505617 0.0202092 1.2278304 0.0225755 0.0203032 
7_72       1.3251534 1.3334489 1.3436986 1.3283886 1.3217668 1.3283886 1.3225449 0.0000000 0.5252689 1.3217668 0.2209144 0.9558062 0.7670045 1.2560944 1.5199944 1.3379584 1.5199944 1.3379584 1.3251534 1.3166496 1.2761948 0.9648575 1.2761948 1.3166496 1.2742288 1.3144852 1.3309348 
8_142      1.2627865 1.3045515 1.3006747 1.2824287 1.2796101 1.2824287 1.2680648 0.5252689 0.0000000 1.2796101 0.4786500 1.0401887 0.8919509 1.3276607 1.4372032 1.2763686 1.4372032 1.2763686 1.2627865 1.2619594 1.2753396 1.0555575 1.2753396 1.2619594 1.3474374 1.2726342 1.2760404 
9_6        0.0132659 1.3194594 0.0044487 0.0044157 0.0000010 0.0044157 0.0202769 1.3217668 1.2796101 0.0000000 1.2668916 1.1190224 1.4957578 1.7751251 0.1288491 0.0248727 0.1288491 0.0248727 0.0132659 0.0132466 0.4363260 1.1052489 0.4363260 0.0132466 1.2091812 0.0021993 0.0088566 
10_43      1.2663942 1.2864830 1.2879917 1.2712945 1.2668916 1.2712945 1.2722243 0.2209144 0.4786500 1.2668916 0.0000000 0.9815353 0.7231358 1.2246436 1.5316026 1.2867309 1.5316026 1.2867309 1.2663942 1.2642900 1.2250171 0.9736904 1.2250171 1.2642900 1.3124198 1.2599121 1.2692424 
12_78      1.1139061 0.9735383 1.1318463 1.1121512 1.1190224 1.1121512 1.1364293 0.9558062 1.0401887 1.1190224 0.9815353 0.0000000 1.1901570 1.4374100 1.0074165 1.1306638 1.0074165 1.1306638 1.1139061 1.1164165 1.0959691 0.1445001 1.0959691 1.1164165 1.0031471 1.1162797 1.1124281 
13_141     1.4907821 1.4329278 1.5205173 1.4803731 1.4957578 1.4803731 1.5008127 0.7670045 0.8919509 1.4957578 0.7231358 1.1901570 0.0000000 1.3439987 1.7942997 1.4938114 1.7942997 1.4938114 1.4907821 1.4928174 1.4059832 1.2215807 1.4059832 1.4928174 1.4668341 1.4912228 1.4757696 
14_151     1.7966807 1.7695043 1.7773530 1.7815354 1.7751251 1.7815354 1.7850682 1.2560944 1.3276607 1.7751251 1.2246436 1.4374100 1.3439987 0.0000000 1.8935107 1.7846179 1.8935107 1.7846179 1.7966807 1.7932152 1.7354146 1.4314814 1.7354146 1.7932152 1.7544476 1.7659939 1.7882098 
15_6       0.1175637 1.0411215 0.1288491 0.1288491 0.1288491 0.1288491 0.1464906 1.5199944 1.4372032 0.1288491 1.5316026 1.0074165 1.7942997 1.8935107 0.0000000 0.1464906 0.0000010 0.1464906 0.1175637 0.1175637 0.5584230 1.0021028 0.5584230 0.1175637 0.9808980 0.1288491 0.1288491 
15_7       0.0202607 1.3126885 0.0297693 0.0272659 0.0248727 0.0272659 0.0132743 1.3379584 1.2763686 0.0248727 1.2867309 1.1306638 1.4938114 1.7846179 0.1464906 0.0000000 0.1464906 0.0000010 0.0202607 0.0202306 0.4476523 1.1208918 0.4476523 0.0202306 1.2330962 0.0271891 0.0226193 
16_6       0.1175637 1.0411215 0.1288491 0.1288491 0.1288491 0.1288491 0.1464906 1.5199944 1.4372032 0.1288491 1.5316026 1.0074165 1.7942997 1.8935107 0.0000010 0.1464906 0.0000000 0.1464906 0.1175637 0.1175637 0.5584230 1.0021028 0.5584230 0.1175637 0.9808980 0.1288491 0.1288491 
16_7       0.0202607 1.3126885 0.0297693 0.0272659 0.0248727 0.0272659 0.0132743 1.3379584 1.2763686 0.0248727 1.2867309 1.1306638 1.4938114 1.7846179 0.1464906 0.0000010 0.1464906 0.0000000 0.0202607 0.0202306 0.4476523 1.1208918 0.4476523 0.0202306 1.2330962 0.0271891 0.0226193 
20_6       0.0000010 1.3050140 0.0179186 0.0177924 0.0132659 0.0177924 0.0202392 1.3251534 1.2627865 0.0132659 1.2663942 1.1139061 1.4907821 1.7966807 0.1175637 0.0202607 0.1175637 0.0202607 0.0000000 0.0021925 0.4431742 1.1026329 0.4431742 0.0021925 1.2038232 0.0155089 0.0155307 
22_6       0.0021925 1.3079016 0.0178922 0.0177663 0.0132466 0.0177663 0.0202092 1.3166496 1.2619594 0.0132466 1.2642900 1.1164165 1.4928174 1.7932152 0.1175637 0.0202306 0.1175637 0.0202306 0.0021925 0.0000000 0.4424004 1.0954543 0.4424004 0.0000010 1.2112836 0.0154863 0.0155079 
23_79      0.4431742 1.2481740 0.4457927 0.4300699 0.4363260 0.4300699 0.4505617 1.2761948 1.2753396 0.4363260 1.2250171 1.0959691 1.4059832 1.7354146 0.5584230 0.4476523 0.5584230 0.4476523 0.4431742 0.4424004 0.0000000 1.0053333 0.0000010 0.4424004 1.1763524 0.4407699 0.4351314 
24_22      1.1026329 0.9670300 1.1180702 1.0948282 1.1052489 1.0948282 1.1277023 0.9648575 1.0555575 1.1052489 0.9736904 0.1445001 1.2215807 1.4314814 1.0021028 1.1208918 1.0021028 1.1208918 1.1026329 1.0954543 1.0053333 0.0000000 1.0053333 1.0954543 1.0502175 1.0995355 1.0950789 
25_80      0.4431742 1.2481740 0.4457927 0.4300699 0.4363260 0.4300699 0.4505617 1.2761948 1.2753396 0.4363260 1.2250171 1.0959691 1.4059832 1.7354146 0.5584230 0.4476523 0.5584230 0.4476523 0.4431742 0.4424004 0.0000010 1.0053333 0.0000000 0.4424004 1.1763524 0.4407699 0.4351314 
28_6       0.0021925 1.3079016 0.0178922 0.0177663 0.0132466 0.0177663 0.0202092 1.3166496 1.2619594 0.0132466 1.2642900 1.1164165 1.4928174 1.7932152 0.1175637 0.0202306 0.1175637 0.0202306 0.0021925 0.0000010 0.4424004 1.0954543 0.4424004 0.0000000 1.2112836 0.0154863 0.0155079 
30_90      1.2038232 0.3744286 1.2111404 1.2036796 1.2091812 1.2036796 1.2278304 1.2742288 1.3474374 1.2091812 1.3124198 1.0031471 1.4668341 1.7544476 0.9808980 1.2330962 0.9808980 1.2330962 1.2038232 1.2112836 1.1763524 1.0502175 1.1763524 1.2112836 0.0000000 1.1983776 1.2007862 
41_6       0.0155089 1.3077108 0.0066864 0.0066371 0.0021993 0.0066371 0.0225755 1.3144852 1.2726342 0.0021993 1.2599121 1.1162797 1.4912228 1.7659939 0.1288491 0.0271891 0.1288491 0.0271891 0.0155089 0.0154863 0.4407699 1.0995355 0.4407699 0.0154863 1.1983776 0.0000000 0.0110936 
43_6       0.0155307 1.3086253 0.0134605 0.0043976 0.0088566 0.0043976 0.0203032 1.3309348 1.2760404 0.0088566 1.2692424 1.1124281 1.4757696 1.7882098 0.1288491 0.0226193 0.1288491 0.0226193 0.0155307 0.0155079 0.4351314 1.0950789 0.4351314 0.0155079 1.2007862 0.0110936 0.0000000 
