26
0_112      0.0000000 3.0479897 0.0823129 0.0497669 0.0268724 0.0268586 0.0238517 0.0392949 3.0479735 3.7161643 0.0268586 2.9664859 2.9418433 3.8766044 3.3364629 0.0392941 0.0361760 0.0238517 0.0000010 0.0089062 1.3504951 2.8740789 1.3504951 0.0267657 3.0598781 0.0267657 
1_140      3.0479897 0.0000000 2.9844232 5.1098928 3.1024280 3.1007248 3.0910096 3.0481608 2.7115394 2.7997991 3.1007248 2.7679672 2.1414108 3.2949416 2.9298915 3.0347360 3.0238047 3.0910096 3.0479897 3.0551934 2.6612391 2.1140745 2.6612391 3.0938843 0.9361804 3.0938843 
2_118      0.0823129 2.9844232 0.0000000 0.0000010 0.0633246 0.0587182 0.0633246 0.0984951 2.6979144 3.2419068 0.0587182 2.8255567 2.8920831 3.3327841 3.0185708 0.1016302 0.1016302 0.0633246 0.0823129 0.0826137 1.1995795 2.7882321 1.1995795 0.0772597 2.5770345 0.0772597 
2_119      0.0497669 5.1098928 0.0000010 0.0000000 0.0120933 0.0000010 0.0000010 0.0755214 6.8280135 8.7010021 0.0000010 4.8317807 4.2795526 8.1169617 7.2667757 0.0756592 0.0755214 0.0000010 0.0497669 0.0628315 2.4188436 4.4876789 2.4188436 0.0000010 9.0000000 0.0000010 
3_121      0.0268724 3.1024280 0.0633246 0.0120933 0.0000000 0.0058854 0.0029399 0.0515510 3.0335654 3.7510145 0.0058854 2.9715285 2.9446696 3.8445555 3.3651529 0.0484109 0.0483902 0.0029399 0.0268724 0.0299996 1.3851864 2.8751599 1.3851864 0.0117995 3.0699094 0.0117995 
4_114      0.0268586 3.1007248 0.0587182 0.0000010 0.0058854 0.0000000 0.0029384 0.0515249 3.0306464 3.7982563 0.0000010 2.9690377 2.9344953 3.8371010 3.3608591 0.0483863 0.0483656 0.0029384 0.0268586 0.0299842 1.3886812 2.8628893 1.3886812 0.0117934 3.0626937 0.0117934 
5_84       0.0238517 3.0910096 0.0633246 0.0000010 0.0029399 0.0029384 0.0000000 0.0484482 3.0215558 3.7877774 0.0029384 2.9602840 2.9347859 3.8404485 3.3651529 0.0453193 0.0452999 0.0000010 0.0238517 0.0269601 1.3807791 2.8660090 1.3807791 0.0088369 3.0593942 0.0088369 
6_109      0.0392949 3.0481608 0.0984951 0.0755214 0.0515510 0.0515249 0.0484482 0.0000000 3.0755207 3.6470529 0.0515249 2.9907777 3.0580898 3.8448978 3.3667635 0.0179020 0.0148794 0.0484482 0.0392949 0.0424787 1.3522702 2.9084480 1.3522702 0.0452367 3.1002843 0.0452367 
7_121      3.0479735 2.7115394 2.6979144 6.8280135 3.0335654 3.0306464 3.0215558 3.0755207 0.0000000 2.3130548 3.0306464 0.7305018 3.5623410 2.7134538 3.0085408 3.0427457 3.0374564 3.0215558 3.0479735 3.0800257 3.1045851 3.4013988 3.1045851 3.0183131 2.7891545 3.0183131 
8_152      3.7161643 2.7997991 3.2419068 8.7010021 3.7510145 3.7982563 3.7877774 3.6470529 2.3130548 0.0000000 3.7982563 2.3135355 3.4545113 2.9122252 2.5666781 3.6581842 3.6303615 3.7877774 3.7161643 3.7365329 3.5803774 3.1606193 3.5803774 3.7750921 3.0670799 3.7750921 
9_113      0.0268586 3.1007248 0.0587182 0.0000010 0.0058854 0.0000010 0.0029384 0.0515249 3.0306464 3.7982563 0.0000000 2.9690377 2.9344953 3.8371010 3.3608591 0.0483863 0.0483656 0.0029384 0.0268586 0.0299842 1.3886812 2.8628893 1.3886812 0.0117934 3.0626937 0.0117934 
10_113     2.9664859 2.7679672 2.8255567 4.8317807 2.9715285 2.9690377 2.9602840 2.9907777 0.7305018 2.3135355 2.9690377 0.0000000 3.4643652 2.5787889 3.1639975 2.9590567 2.9635672 2.9602840 2.9664859 3.0014233 2.9158677 3.1531003 2.9158677 2.9570135 2.8623819 2.9570135 
12_23      2.9418433 2.1414108 2.8920831 4.2795526 2.9446696 2.9344953 2.9347859 3.0580898 3.5623410 3.4545113 2.9344953 3.4643652 0.0000000 3.6067004 3.1544846 2.9724250 2.9906092 2.9347859 2.9418433 2.9610643 3.0980071 0.6645477 3.0980071 2.9580179 2.4216555 2.9580179 
13_129     3.8766044 3.2949416 3.3327841 8.1169617 3.8445555 3.8371010 3.8404485 3.8448978 2.7134538 2.9122252 3.8371010 2.5787889 3.6067004 0.0000000 3.1387183 3.8358899 3.8418056 3.8404485 3.8766044 3.8563340 3.4947696 3.3770461 3.4947696 3.8241906 3.1578625 3.8241906 
14_74      3.3364629 2.9298915 3.0185708 7.2667757 3.3651529 3.3608591 3.3651529 3.3667635 3.0085408 2.5666781 3.3608591 3.1639975 3.1544846 3.1387183 0.0000000 3.3330939 3.3004449 3.3651529 3.3364629 3.3348314 3.2916415 3.1085149 3.2916415 3.3566729 2.8602372 3.3566729 
15_109     0.0392941 3.0347360 0.1016302 0.0756592 0.0484109 0.0483863 0.0453193 0.0179020 3.0427457 3.6581842 0.0483863 2.9590567 2.9724250 3.8358899 3.3330939 0.0000000 0.0029535 0.0453193 0.0392941 0.0424778 1.3511545 2.8920109 1.3511545 0.0482138 3.0508210 0.0482138 
16_109     0.0361760 3.0238047 0.1016302 0.0755214 0.0483902 0.0483656 0.0452999 0.0148794 3.0374564 3.6303615 0.0483656 2.9635672 2.9906092 3.8418056 3.3004449 0.0029535 0.0000000 0.0452999 0.0361760 0.0393397 1.3412415 2.9091715 1.3412415 0.0481932 3.0692178 0.0481932 
17_113     0.0238517 3.0910096 0.0633246 0.0000010 0.0029399 0.0029384 0.0000010 0.0484482 3.0215558 3.7877774 0.0029384 2.9602840 2.9347859 3.8404485 3.3651529 0.0453193 0.0452999 0.0000000 0.0238517 0.0269601 1.3807791 2.8660090 1.3807791 0.0088369 3.0593942 0.0088369 
20_110     0.0000010 3.0479897 0.0823129 0.0497669 0.0268724 0.0268586 0.0238517 0.0392949 3.0479735 3.7161643 0.0268586 2.9664859 2.9418433 3.8766044 3.3364629 0.0392941 0.0361760 0.0238517 0.0000000 0.0089062 1.3504951 2.8740789 1.3504951 0.0267657 3.0598781 0.0267657 
22_113     0.0089062 3.0551934 0.0826137 0.0628315 0.0299996 0.0299842 0.0269601 0.0424787 3.0800257 3.7365329 0.0299842 3.0014233 2.9610643 3.8563340 3.3348314 0.0424778 0.0393397 0.0269601 0.0089062 0.0000000 1.3430369 2.8706525 1.3430369 0.0298797 3.0906667 0.0298797 
23_58      1.3504951 2.6612391 1.1995795 2.4188436 1.3851864 1.3886812 1.3807791 1.3522702 3.1045851 3.5803774 1.3886812 2.9158677 3.0980071 3.4947696 3.2916415 1.3511545 1.3412415 1.3807791 1.3504951 1.3430369 0.0000000 2.9535417 0.0000010 1.3769290 2.9633392 1.3769290 
24_108     2.8740789 2.1140745 2.7882321 4.4876789 2.8751599 2.8628893 2.8660090 2.9084480 3.4013988 3.1606193 2.8628893 3.1531003 0.6645477 3.3770461 3.1085149 2.8920109 2.9091715 2.8660090 2.8740789 2.8706525 2.9535417 0.0000000 2.9535417 2.8725343 2.3012754 2.8725343 
25_59      1.3504951 2.6612391 1.1995795 2.4188436 1.3851864 1.3886812 1.3807791 1.3522702 3.1045851 3.5803774 1.3886812 2.9158677 3.0980071 3.4947696 3.2916415 1.3511545 1.3412415 1.3807791 1.3504951 1.3430369 0.0000010 2.9535417 0.0000000 1.3769290 2.9633392 1.3769290 
29_114     0.0267657 3.0938843 0.0772597 0.0000010 0.0117995 0.0117934 0.0088369 0.0452367 3.0183131 3.7750921 0.0117934 2.9570135 2.9580179 3.8241906 3.3566729 0.0482138 0.0481932 0.0088369 0.0267657 0.0298797 1.3769290 2.8725343 1.3769290 0.0000000 3.0984129 0.0000010 
30_91      3.0598781 0.9361804 2.5770345 9.0000000 3.0699094 3.0626937 3.0593942 3.1002843 2.7891545 3.0670799 3.0626937 2.8623819 2.4216555 3.1578625 2.8602372 3.0508210 3.0692178 3.0593942 3.0598781 3.0906667 2.9633392 2.3012754 2.9633392 3.0984129 0.0000000 3.0984129 
34_115     0.0267657 3.0938843 0.0772597 0.0000010 0.0117995 0.0117934 0.0088369 0.0452367 3.0183131 3.7750921 0.0117934 2.9570135 2.9580179 3.8241906 3.3566729 0.0482138 0.0481932 0.0088369 0.0267657 0.0298797 1.3769290 2.8725343 1.3769290 0.0000010 3.0984129 0.0000000 
