8
1_1        0.0000000 2.7704791 1.1969819 2.9056886 1.1969819 1.0205704 1.1892752 1.1892752 
12_84      2.7704791 0.0000000 2.6119600 0.7090590 2.6119600 2.8264505 2.6073896 2.6073896 
23_134     1.1969819 2.6119600 0.0000000 2.6246143 0.0000010 1.4684837 0.0029206 0.0029206 
24_9       2.9056886 0.7090590 2.6246143 0.0000000 2.6246143 3.1663875 2.6189409 2.6189409 
25_135     1.1969819 2.6119600 0.0000010 2.6246143 0.0000000 1.4684837 0.0029206 0.0029206 
30_51      1.0205704 2.8264505 1.4684837 3.1663875 1.4684837 0.0000000 1.4457003 1.4457003 
31_117     1.1892752 2.6073896 0.0029206 2.6189409 0.0029206 1.4457003 0.0000000 0.0000010 
38_0       1.1892752 2.6073896 0.0029206 2.6189409 0.0029206 1.4457003 0.0000010 0.0000000 
