11
0_21       0.0000000 0.0510853 0.0511313 0.0510853 0.0511313 0.0450412 0.0450412 0.0000010 1.5339192 1.5339192 1.5339192 
2_20       0.0510853 0.0000000 0.0110667 0.0000010 0.0110667 0.0165656 0.0165656 0.0510853 1.5417867 1.5417867 1.5417867 
3_23       0.0511313 0.0110667 0.0000000 0.0110667 0.0000010 0.0165777 0.0165777 0.0511313 1.5417867 1.5417867 1.5417867 
4_21       0.0510853 0.0000010 0.0110667 0.0000000 0.0110667 0.0165656 0.0165656 0.0510853 1.5417867 1.5417867 1.5417867 
5_51       0.0511313 0.0110667 0.0000010 0.0110667 0.0000000 0.0165777 0.0165777 0.0511313 1.5417867 1.5417867 1.5417867 
6_22       0.0450412 0.0165656 0.0165777 0.0165656 0.0165777 0.0000000 0.0000010 0.0450412 1.5365820 1.5365820 1.5365820 
15_23      0.0450412 0.0165656 0.0165777 0.0165656 0.0165777 0.0000010 0.0000000 0.0450412 1.5365820 1.5365820 1.5365820 
20_21      0.0000010 0.0510853 0.0511313 0.0510853 0.0511313 0.0450412 0.0450412 0.0000000 1.5339192 1.5339192 1.5339192 
23_95      1.5339192 1.5417867 1.5417867 1.5417867 1.5417867 1.5365820 1.5365820 1.5339192 0.0000000 0.0000010 0.0050471 
25_96      1.5339192 1.5417867 1.5417867 1.5417867 1.5417867 1.5365820 1.5365820 1.5339192 0.0000010 0.0000000 0.0050471 
31_76      1.5339192 1.5417867 1.5417867 1.5417867 1.5417867 1.5365820 1.5365820 1.5339192 0.0050471 0.0050471 0.0000000 
