10
13_7       0.0000000 1.3034351 2.1899326 3.4215804 3.5372752 3.8603895 3.3944535 2.9762762 3.0169520 3.2996088 
13_8       1.3034351 0.0000000 1.9961730 4.1360062 3.2393056 4.7641038 5.0124910 6.0628759 3.6510933 3.5797508 
13_9       2.1899326 1.9961730 0.0000000 3.3615418 2.4679041 6.2883811 4.8288908 8.9999980 2.8442608 2.9830713 
13_63      3.4215804 4.1360062 3.3615418 0.0000000 1.6005391 1.2112121 2.2531910 4.3655115 4.2508849 4.4876958 
13_64      3.5372752 3.2393056 2.4679041 1.6005391 0.0000000 0.8441287 1.8238274 3.4372533 2.4093829 2.8290131 
13_67      3.8603895 4.7641038 6.2883811 1.2112121 0.8441287 0.0000000 1.7102699 2.1616283 5.7722330 4.0084811 
13_68      3.3944535 5.0124910 4.8288908 2.2531910 1.8238274 1.7102699 0.0000000 2.3036198 5.6772828 4.6979405 
13_69      2.9762762 6.0628759 8.9999980 4.3655115 3.4372533 2.1616283 2.3036198 0.0000000 7.2629588 3.7869233 
13_71      3.0169520 3.6510933 2.8442608 4.2508849 2.4093829 5.7722330 5.6772828 7.2629588 0.0000000 1.8131592 
13_254     3.2996088 3.5797508 2.9830713 4.4876958 2.8290131 4.0084811 4.6979405 3.7869233 1.8131592 0.0000000 
