16
0_38       0.0000000 0.1024356 0.0900405 0.0991232 0.0959408 0.1349427 0.1024356 0.0991232 0.1345215 0.1318017 0.0959408 0.0000010 0.1619498 0.0984272 0.1393813 0.0959467 
2_37       0.1024356 0.0000000 0.0462470 0.0000010 0.0462470 0.0915271 0.0000010 0.0000010 0.0945939 0.0945939 0.0462470 0.1024356 0.1024356 0.0462470 0.0472481 0.1042325 
3_41       0.0900405 0.0462470 0.0000000 0.0474176 0.0043412 0.0986748 0.0462470 0.0474176 0.1017409 0.0992087 0.0043412 0.0900405 0.2892727 0.0065184 0.0000010 0.0515564 
4_36       0.0991232 0.0000010 0.0474176 0.0000000 0.0424619 0.0841015 0.0000010 0.0000010 0.0866603 0.0841813 0.0424619 0.0991232 0.2953414 0.0447406 0.0472481 0.0795175 
5_36       0.0959408 0.0462470 0.0043412 0.0424619 0.0000000 0.0960722 0.0462470 0.0424619 0.0991200 0.0965995 0.0000010 0.0959408 0.2901968 0.0021504 0.0000010 0.0413113 
6_37       0.1349427 0.0915271 0.0986748 0.0841015 0.0960722 0.0000000 0.0915271 0.0841015 0.0498737 0.0475265 0.0960722 0.1349427 0.3376698 0.0985081 0.1251548 0.1093896 
9_36       0.1024356 0.0000010 0.0462470 0.0000010 0.0462470 0.0915271 0.0000000 0.0000010 0.0945939 0.0945939 0.0462470 0.1024356 0.1024356 0.0462470 0.0472481 0.1042325 
11_36      0.0991232 0.0000010 0.0474176 0.0000010 0.0424619 0.0841015 0.0000010 0.0000000 0.0866603 0.0841813 0.0424619 0.0991232 0.2953414 0.0447406 0.0472481 0.0795175 
15_38      0.1345215 0.0945939 0.1017409 0.0866603 0.0991200 0.0498737 0.0945939 0.0866603 0.0000000 0.0021491 0.0991200 0.1345215 0.3342091 0.1015672 0.1313345 0.1094169 
16_38      0.1318017 0.0945939 0.0992087 0.0841813 0.0965995 0.0475265 0.0945939 0.0841813 0.0021491 0.0000000 0.0965995 0.1318017 0.3358634 0.0990406 0.1313345 0.1042934 
17_40      0.0959408 0.0462470 0.0043412 0.0424619 0.0000010 0.0960722 0.0462470 0.0424619 0.0991200 0.0965995 0.0000000 0.0959408 0.2901968 0.0021504 0.0000010 0.0413113 
20_36      0.0000010 0.1024356 0.0900405 0.0991232 0.0959408 0.1349427 0.1024356 0.0991232 0.1345215 0.1318017 0.0959408 0.0000000 0.1619498 0.0984272 0.1393813 0.0959467 
28_40      0.1619498 0.1024356 0.2892727 0.2953414 0.2901968 0.3376698 0.1024356 0.2953414 0.3342091 0.3358634 0.2901968 0.1619498 0.0000000 0.2867433 0.1393813 0.6003076 
32_38      0.0984272 0.0462470 0.0065184 0.0447406 0.0021504 0.0985081 0.0462470 0.0447406 0.1015672 0.0990406 0.0021504 0.0984272 0.2867433 0.0000000 0.0000010 0.0366362 
41_38      0.1393813 0.0472481 0.0000010 0.0472481 0.0000010 0.1251548 0.0472481 0.0472481 0.1313345 0.1313345 0.0000010 0.1393813 0.1393813 0.0000010 0.0000000 1.8121735 
41_39      0.0959467 0.1042325 0.0515564 0.0795175 0.0413113 0.1093896 0.1042325 0.0795175 0.1094169 0.1042934 0.0413113 0.0959467 0.6003076 0.0366362 1.8121735 0.0000000 
