17
0_68       0.0000000 0.1538456 0.1538455 0.1659498 0.1538455 0.2307040 0.1659498 0.2431419 0.2431419 0.0000010 0.0415354 0.0363101 0.1598128 0.1598128 0.1598128 0.1598128 0.0363101 
2_69       0.1538456 0.0000000 0.0522085 0.0102771 0.0522085 0.1473478 0.0102771 0.1469921 0.1469921 0.1538456 0.1735954 0.1677947 0.0363216 0.0363216 0.0363216 0.0363216 0.1677947 
3_72       0.1538455 0.0522085 0.0000000 0.0415588 0.0000010 0.1353771 0.0415588 0.1471168 0.1471168 0.1538455 0.1563298 0.1505780 0.0154049 0.0154049 0.0154049 0.0154049 0.1505780 
4_67       0.1659498 0.0102771 0.0415588 0.0000000 0.0415588 0.1474071 0.0000010 0.1470510 0.1470510 0.1659498 0.1861057 0.1802450 0.0258166 0.0258166 0.0258166 0.0258166 0.1802450 
5_7        0.1538455 0.0522085 0.0000010 0.0415588 0.0000000 0.1353771 0.0415588 0.1471168 0.1471168 0.1538455 0.1563298 0.1505780 0.0154049 0.0154049 0.0154049 0.0154049 0.1505780 
6_66       0.2307040 0.1473478 0.1353771 0.1474071 0.1353771 0.0000000 0.1474071 0.0423401 0.0423401 0.2307040 0.2417761 0.2354242 0.1294515 0.1294515 0.1294515 0.1294515 0.2354242 
9_66       0.1659498 0.0102771 0.0415588 0.0000010 0.0415588 0.1474071 0.0000000 0.1470510 0.1470510 0.1659498 0.1861057 0.1802450 0.0258166 0.0258166 0.0258166 0.0258166 0.1802450 
15_66      0.2431419 0.1469921 0.1471168 0.1470510 0.1471168 0.0423401 0.1470510 0.0000000 0.0000010 0.2431419 0.2472418 0.2408940 0.1411461 0.1411461 0.1411461 0.1411461 0.2408940 
16_66      0.2431419 0.1469921 0.1471168 0.1470510 0.1471168 0.0423401 0.1470510 0.0000010 0.0000000 0.2431419 0.2472418 0.2408940 0.1411461 0.1411461 0.1411461 0.1411461 0.2408940 
20_65      0.0000010 0.1538456 0.1538455 0.1659498 0.1538455 0.2307040 0.1659498 0.2431419 0.2431419 0.0000000 0.0415354 0.0363101 0.1598128 0.1598128 0.1598128 0.1598128 0.0363101 
22_68      0.0415354 0.1735954 0.1563298 0.1861057 0.1563298 0.2417761 0.1861057 0.2472418 0.2472418 0.0415354 0.0000000 0.0050969 0.1624085 0.1624085 0.1624085 0.1624085 0.0050969 
28_70      0.0363101 0.1677947 0.1505780 0.1802450 0.1505780 0.2354242 0.1802450 0.2408940 0.2408940 0.0363101 0.0050969 0.0000000 0.1566300 0.1566300 0.1566300 0.1566300 0.0000010 
29_69      0.1598128 0.0363216 0.0154049 0.0258166 0.0154049 0.1294515 0.0258166 0.1411461 0.1411461 0.1598128 0.1624085 0.1566300 0.0000000 0.0000010 0.0000010 0.0000010 0.1566300 
32_7       0.1598128 0.0363216 0.0154049 0.0258166 0.0154049 0.1294515 0.0258166 0.1411461 0.1411461 0.1598128 0.1624085 0.1566300 0.0000010 0.0000000 0.0000010 0.0000010 0.1566300 
34_98      0.1598128 0.0363216 0.0154049 0.0258166 0.0154049 0.1294515 0.0258166 0.1411461 0.1411461 0.1598128 0.1624085 0.1566300 0.0000010 0.0000010 0.0000000 0.0000010 0.1566300 
40_67      0.1598128 0.0363216 0.0154049 0.0258166 0.0154049 0.1294515 0.0258166 0.1411461 0.1411461 0.1598128 0.1624085 0.1566300 0.0000010 0.0000010 0.0000010 0.0000000 0.1566300 
42_67      0.0363101 0.1677947 0.1505780 0.1802450 0.1505780 0.2354242 0.1802450 0.2408940 0.2408940 0.0363101 0.0050969 0.0000010 0.1566300 0.1566300 0.1566300 0.1566300 0.0000000 
