22
0_121      0.0000000 1.7908026 0.0245810 0.6085046 0.0163305 0.0163305 0.0246307 2.0800075 2.1801066 2.1071683 1.8667153 2.1428398 2.4010470 0.0495636 0.0495636 0.0081704 0.0081388 0.9633803 1.6901499 0.9633803 0.0000010 1.5909916 
1_34       1.7908026 0.0000000 1.7664475 2.4892134 1.7664475 1.7664475 1.7853759 1.8180207 1.9954530 1.8109996 1.1844604 1.9810335 2.2026712 1.7165894 1.7165894 1.7921558 1.7908026 1.8071618 1.2508511 1.8071618 1.7908026 0.7797772 
2_125      0.0245810 1.7664475 0.0000000 0.5830974 0.0079590 0.0079590 0.0322033 2.1462109 2.2306222 2.1734714 1.8555320 2.2257703 2.4631433 0.0484990 0.0484990 0.0330080 0.0163494 1.0084753 1.6800844 1.0084753 0.0245810 1.5916444 
3_129      0.6085046 2.4892134 0.5830974 0.0000000 0.5830974 0.5830974 0.6135423 2.0435743 2.1767689 2.2204250 3.7510885 2.1347735 2.6492905 0.6287414 0.6287414 0.6085046 0.5912061 1.5773944 2.2262324 1.5773944 0.6085046 2.7740196 
4_123      0.0163305 1.7664475 0.0079590 0.5830974 0.0000000 0.0000010 0.0240704 2.1462109 2.2306222 2.1734714 1.8555320 2.2257703 2.4631433 0.0402772 0.0402772 0.0246698 0.0081465 1.0193571 1.6800844 1.0193571 0.0163305 1.5916444 
5_75       0.0163305 1.7664475 0.0079590 0.5830974 0.0000010 0.0000000 0.0240704 2.1462109 2.2306222 2.1734714 1.8555320 2.2257703 2.4631433 0.0402772 0.0402772 0.0246698 0.0081465 1.0193571 1.6800844 1.0193571 0.0163305 1.5916444 
6_118      0.0246307 1.7853759 0.0322033 0.6135423 0.0240704 0.0240704 0.0000000 2.1317471 2.2144986 2.1589137 1.8494891 2.2074077 2.4890519 0.0321806 0.0321806 0.0330751 0.0163823 1.0057111 1.6744937 1.0057111 0.0246307 1.6089559 
7_57       2.0800075 1.8180207 2.1462109 2.0435743 2.1462109 2.1462109 2.1317471 0.0000000 1.1291813 0.1457706 2.0829958 0.6571880 1.7234554 2.1195102 2.1195102 2.0661032 2.0978997 1.8457132 1.8901145 1.8457132 2.0800075 2.0914699 
8_151      2.1801066 1.9954530 2.2306222 2.1767689 2.2306222 2.2306222 2.2144986 1.1291813 0.0000000 1.1530956 2.1257171 1.1949484 1.7810048 2.1911686 2.1911686 2.1802183 2.2004456 2.3013405 1.7911502 2.3013405 2.1801066 2.2092603 
10_94      2.1071683 1.8109996 2.1734714 2.2204250 2.1734714 2.1734714 2.1589137 0.1457706 1.1530956 0.0000000 2.0645060 0.6434096 1.7364397 2.1463610 2.1463610 2.0931231 2.1252036 1.8790337 1.8244351 1.8790337 2.1071683 1.9544128 
12_109     1.8667153 1.1844604 1.8555320 3.7510885 1.8555320 1.8555320 1.8494891 2.0829958 2.1257171 2.0645060 0.0000000 1.9368322 1.8186362 1.8128812 1.8128812 1.8686866 1.8850776 1.9552385 0.2619530 1.9552385 1.8667153 1.3830161 
13_134     2.1428398 1.9810335 2.2257703 2.1347735 2.2257703 2.2257703 2.2074077 0.6571880 1.1949484 0.6434096 1.9368322 0.0000000 1.7247671 2.1911011 2.1911011 2.1256813 2.1656159 1.7173940 1.8652199 1.7173940 2.1428398 1.9272544 
14_8       2.4010470 2.2026712 2.4631433 2.6492905 2.4631433 2.4631433 2.4890519 1.7234554 1.7810048 1.7364397 1.8186362 1.7247671 0.0000000 2.3886070 2.3886070 2.4201341 2.4328554 2.1049802 1.8641562 2.1049802 2.4010470 2.3840498 
15_118     0.0495636 1.7165894 0.0484990 0.6287414 0.0402772 0.0402772 0.0321806 2.1195102 2.1911686 2.1463610 1.8128812 2.1911011 2.3886070 0.0000000 0.0000010 0.0582362 0.0412055 0.9946142 1.6397980 0.9946142 0.0495636 1.5860826 
16_118     0.0495636 1.7165894 0.0484990 0.6287414 0.0402772 0.0402772 0.0321806 2.1195102 2.1911686 2.1463610 1.8128812 2.1911011 2.3886070 0.0000010 0.0000000 0.0582362 0.0412055 0.9946142 1.6397980 0.9946142 0.0495636 1.5860826 
20_118     0.0081704 1.7921558 0.0330080 0.6085046 0.0246698 0.0246698 0.0330751 2.0661032 2.1802183 2.0931231 1.8686866 2.1256813 2.4201341 0.0582362 0.0582362 0.0000000 0.0163932 0.9855780 1.6920158 0.9855780 0.0081704 1.5926037 
22_122     0.0081388 1.7908026 0.0163494 0.5912061 0.0081465 0.0081465 0.0163823 2.0978997 2.2004456 2.1252036 1.8850776 2.1656159 2.4328554 0.0412055 0.0412055 0.0163932 0.0000000 0.9709742 1.7071354 0.9709742 0.0081388 1.6094496 
23_131     0.9633803 1.8071618 1.0084753 1.5773944 1.0193571 1.0193571 1.0057111 1.8457132 2.3013405 1.8790337 1.9552385 1.7173940 2.1049802 0.9946142 0.9946142 0.9855780 0.9709742 0.0000000 1.8062259 0.0000010 0.9633803 1.6955887 
24_45      1.6901499 1.2508511 1.6800844 2.2262324 1.6800844 1.6800844 1.6744937 1.8901145 1.7911502 1.8244351 0.2619530 1.8652199 1.8641562 1.6397980 1.6397980 1.6920158 1.7071354 1.8062259 0.0000000 1.8062259 1.6901499 1.3165323 
25_132     0.9633803 1.8071618 1.0084753 1.5773944 1.0193571 1.0193571 1.0057111 1.8457132 2.3013405 1.8790337 1.9552385 1.7173940 2.1049802 0.9946142 0.9946142 0.9855780 0.9709742 0.0000010 1.8062259 0.0000000 0.9633803 1.6955887 
27_120     0.0000010 1.7908026 0.0245810 0.6085046 0.0163305 0.0163305 0.0246307 2.0800075 2.1801066 2.1071683 1.8667153 2.1428398 2.4010470 0.0495636 0.0495636 0.0081704 0.0081388 0.9633803 1.6901499 0.9633803 0.0000000 1.5909916 
30_20      1.5909916 0.7797772 1.5916444 2.7740196 1.5916444 1.5916444 1.6089559 2.0914699 2.2092603 1.9544128 1.3830161 1.9272544 2.3840498 1.5860826 1.5860826 1.5926037 1.6094496 1.6955887 1.3165323 1.6955887 1.5909916 0.0000000 
