33
0_78       0.0000000 0.0886636 0.0644816 0.0862873 0.0621438 0.0767017 0.0862873 0.0766339 0.0766339 0.0621438 0.0645844 0.0645844 0.0000010 0.0179047 2.0650512 1.8344520 1.9756811 2.0650512 1.8344520 1.9756811 0.0888113 0.0022127 0.0179047 0.0767017 1.4625380 1.5943844 2.1192616 0.0888350 0.3528903 0.0805690 2.0781884 0.0888113 0.0793650 
2_78       0.0886636 0.0000000 0.0406619 0.0021990 0.0383818 0.0787900 0.0021990 0.0910167 0.0910167 0.0383818 0.0407264 0.0407264 0.0886636 0.0815632 2.0629795 1.8258618 1.9532332 2.0629795 1.8258618 1.9532332 0.0044074 0.0911239 0.0815632 0.0787900 1.5199874 1.5798592 2.1306907 0.0044085 0.3808745 0.0608582 2.0761197 0.0044074 0.0570868 
3_84       0.0644816 0.0406619 0.0000000 0.0383839 0.0022133 0.0669479 0.0383839 0.0789551 0.0789551 0.0022133 0.0044360 0.0044360 0.0644816 0.0596717 2.0925115 1.8466596 1.9639239 2.0925115 1.8466596 1.9639239 0.0407286 0.0668760 0.0596717 0.0669479 1.4368076 1.5701909 2.1580663 0.0407393 0.3400903 0.0759600 2.1059262 0.0407286 0.0408575 
4_76       0.0862873 0.0021990 0.0383839 0.0000000 0.0361062 0.0811502 0.0000010 0.0933996 0.0933996 0.0361062 0.0384448 0.0384448 0.0862873 0.0791948 2.0546120 1.8340873 1.9615533 2.0546120 1.8340873 1.9615533 0.0022026 0.0887431 0.0791948 0.0811502 1.5011701 1.5424930 2.1206993 0.0022032 0.3860415 0.0608582 2.0676916 0.0022026 0.0594018 
5_122      0.0621438 0.0383818 0.0022133 0.0361062 0.0000000 0.0646038 0.0361062 0.0765903 0.0765903 0.0000010 0.0022168 0.0022168 0.0621438 0.0573445 2.0929601 1.8493480 1.9639239 2.0929601 1.8493480 1.9639239 0.0384448 0.0645336 0.0573445 0.0646038 1.4368076 1.5701909 2.1586137 0.0384549 0.3349833 0.0711337 2.1063802 0.0384448 0.0385666 
6_73       0.0767017 0.0787900 0.0669479 0.0811502 0.0646038 0.0000000 0.0811502 0.0337867 0.0337867 0.0646038 0.0670547 0.0670547 0.0767017 0.0716326 2.1338936 1.8922747 1.9967455 2.1338936 1.8922747 1.9967455 0.0836486 0.0791354 0.0716326 0.0000010 1.4755433 1.5771383 2.2179641 0.0836709 0.2800098 0.0000010 2.1476201 0.0836486 0.0247296 
9_76       0.0862873 0.0021990 0.0383839 0.0000010 0.0361062 0.0811502 0.0000000 0.0933996 0.0933996 0.0361062 0.0384448 0.0384448 0.0862873 0.0791948 2.0546120 1.8340873 1.9615533 2.0546120 1.8340873 1.9615533 0.0022026 0.0887431 0.0791948 0.0811502 1.5011701 1.5424930 2.1206993 0.0022032 0.3860415 0.0608582 2.0676916 0.0022026 0.0594018 
15_73      0.0766339 0.0910167 0.0789551 0.0933996 0.0765903 0.0337867 0.0933996 0.0000000 0.0000010 0.0765903 0.0790809 0.0790809 0.0766339 0.0741223 2.1229787 1.9086644 2.0228507 2.1229787 1.9086644 2.0228507 0.0959411 0.0790653 0.0741223 0.0337867 1.5130738 1.5771383 2.2049168 0.0959668 0.2965040 0.0510174 2.1366369 0.0959411 0.0524108 
16_73      0.0766339 0.0910167 0.0789551 0.0933996 0.0765903 0.0337867 0.0933996 0.0000010 0.0000000 0.0765903 0.0790809 0.0790809 0.0766339 0.0741223 2.1229787 1.9086644 2.0228507 2.1229787 1.9086644 2.0228507 0.0959411 0.0790653 0.0741223 0.0337867 1.5130738 1.5771383 2.2049168 0.0959668 0.2965040 0.0510174 2.1366369 0.0959411 0.0524108 
17_76      0.0621438 0.0383818 0.0022133 0.0361062 0.0000010 0.0646038 0.0361062 0.0765903 0.0765903 0.0000000 0.0022168 0.0022168 0.0621438 0.0573445 2.0929601 1.8493480 1.9639239 2.0929601 1.8493480 1.9639239 0.0384448 0.0645336 0.0573445 0.0646038 1.4368076 1.5701909 2.1586137 0.0384549 0.3349833 0.0711337 2.1063802 0.0384448 0.0385666 
18_73      0.0645844 0.0407264 0.0044360 0.0384448 0.0022168 0.0670547 0.0384448 0.0790809 0.0790809 0.0022168 0.0000000 0.0000010 0.0645844 0.0597668 2.0896472 1.8525141 1.9773525 2.0896472 1.8525141 1.9773525 0.0407933 0.0669826 0.0597668 0.0670547 1.4359855 1.5701909 2.1546330 0.0408040 0.3410365 0.0711337 2.1030379 0.0407933 0.0409226 
19_76      0.0645844 0.0407264 0.0044360 0.0384448 0.0022168 0.0670547 0.0384448 0.0790809 0.0790809 0.0022168 0.0000010 0.0000000 0.0645844 0.0597668 2.0896472 1.8525141 1.9773525 2.0896472 1.8525141 1.9773525 0.0407933 0.0669826 0.0597668 0.0670547 1.4359855 1.5701909 2.1546330 0.0408040 0.3410365 0.0711337 2.1030379 0.0407933 0.0409226 
20_75      0.0000010 0.0886636 0.0644816 0.0862873 0.0621438 0.0767017 0.0862873 0.0766339 0.0766339 0.0621438 0.0645844 0.0645844 0.0000000 0.0179047 2.0650512 1.8344520 1.9756811 2.0650512 1.8344520 1.9756811 0.0888113 0.0022127 0.0179047 0.0767017 1.4625380 1.5943844 2.1192616 0.0888350 0.3528903 0.0805690 2.0781884 0.0888113 0.0793650 
22_78      0.0179047 0.0815632 0.0596717 0.0791948 0.0573445 0.0716326 0.0791948 0.0741223 0.0741223 0.0573445 0.0597668 0.0597668 0.0179047 0.0000000 2.0674327 1.8386422 1.9632015 2.0674327 1.8386422 1.9632015 0.0816991 0.0201693 0.0000010 0.0716326 1.4160253 1.5553117 2.1330878 0.0817210 0.3512039 0.0755429 2.0806052 0.0816991 0.0742588 
23_1       2.0650512 2.0629795 2.0925115 2.0546120 2.0929601 2.1338936 2.0546120 2.1229787 2.1229787 2.0929601 2.0896472 2.0896472 2.0650512 2.0674327 0.0000000 1.5936232 2.0546857 0.0000010 1.5936232 2.0546857 2.0529943 2.0636871 2.0674327 2.1338936 1.8299734 0.1087277 0.0000010 2.0585303 2.0577637 2.7621709 0.0020527 2.0529943 2.1265884 
23_9       1.8344520 1.8258618 1.8466596 1.8340873 1.8493480 1.8922747 1.8340873 1.9086644 1.9086644 1.8493480 1.8525141 1.8525141 1.8344520 1.8386422 1.5936232 0.0000000 1.7229505 1.5936232 0.0000010 1.7229505 1.8308390 1.8348395 1.8386422 1.8922747 1.9556042 2.0542966 1.5610066 1.8225316 2.0811771 2.1473336 1.6035393 1.8308390 1.8808975 
23_129     1.9756811 1.9532332 1.9639239 1.9615533 1.9639239 1.9967455 1.9615533 2.0228507 2.0228507 1.9639239 1.9773525 1.9773525 1.9756811 1.9632015 2.0546857 1.7229505 0.0000000 2.0546857 1.7229505 0.0000010 1.9618351 1.9760826 1.9632015 1.9967455 1.3641714 1.6754928 2.1396366 1.9611993 2.4507992 2.1954891 2.0525434 1.9618351 1.9985092 
25_1       2.0650512 2.0629795 2.0925115 2.0546120 2.0929601 2.1338936 2.0546120 2.1229787 2.1229787 2.0929601 2.0896472 2.0896472 2.0650512 2.0674327 0.0000010 1.5936232 2.0546857 0.0000000 1.5936232 2.0546857 2.0529943 2.0636871 2.0674327 2.1338936 1.8299734 0.1087277 0.0000010 2.0585303 2.0577637 2.7621709 0.0020527 2.0529943 2.1265884 
25_9       1.8344520 1.8258618 1.8466596 1.8340873 1.8493480 1.8922747 1.8340873 1.9086644 1.9086644 1.8493480 1.8525141 1.8525141 1.8344520 1.8386422 1.5936232 0.0000010 1.7229505 1.5936232 0.0000000 1.7229505 1.8308390 1.8348395 1.8386422 1.8922747 1.9556042 2.0542966 1.5610066 1.8225316 2.0811771 2.1473336 1.6035393 1.8308390 1.8808975 
25_130     1.9756811 1.9532332 1.9639239 1.9615533 1.9639239 1.9967455 1.9615533 2.0228507 2.0228507 1.9639239 1.9773525 1.9773525 1.9756811 1.9632015 2.0546857 1.7229505 0.0000010 2.0546857 1.7229505 0.0000000 1.9618351 1.9760826 1.9632015 1.9967455 1.3641714 1.6754928 2.1396366 1.9611993 2.4507992 2.1954891 2.0525434 1.9618351 1.9985092 
26_86      0.0888113 0.0044074 0.0407286 0.0022026 0.0384448 0.0836486 0.0022026 0.0959411 0.0959411 0.0384448 0.0407933 0.0407933 0.0888113 0.0816991 2.0529943 1.8308390 1.9618351 2.0529943 1.8308390 1.9618351 0.0000000 0.0912758 0.0816991 0.0836486 1.5011701 1.5424930 2.1188080 0.0044157 0.3867441 0.0608582 2.0660690 0.0000010 0.0618191 
27_79      0.0022127 0.0911239 0.0668760 0.0887431 0.0645336 0.0791354 0.0887431 0.0790653 0.0790653 0.0645336 0.0669826 0.0669826 0.0022127 0.0201693 2.0636871 1.8348395 1.9760826 2.0636871 1.8348395 1.9760826 0.0912758 0.0000000 0.0201693 0.0791354 1.4625380 1.5943844 2.1176459 0.0913003 0.3523817 0.0855502 2.0768155 0.0912758 0.0818129 
28_80      0.0179047 0.0815632 0.0596717 0.0791948 0.0573445 0.0716326 0.0791948 0.0741223 0.0741223 0.0573445 0.0597668 0.0597668 0.0179047 0.0000010 2.0674327 1.8386422 1.9632015 2.0674327 1.8386422 1.9632015 0.0816991 0.0201693 0.0000000 0.0716326 1.4160253 1.5553117 2.1330878 0.0817210 0.3512039 0.0755429 2.0806052 0.0816991 0.0742588 
29_77      0.0767017 0.0787900 0.0669479 0.0811502 0.0646038 0.0000010 0.0811502 0.0337867 0.0337867 0.0646038 0.0670547 0.0670547 0.0767017 0.0716326 2.1338936 1.8922747 1.9967455 2.1338936 1.8922747 1.9967455 0.0836486 0.0791354 0.0716326 0.0000000 1.4755433 1.5771383 2.2179641 0.0836709 0.2800098 0.0000010 2.1476201 0.0836486 0.0247296 
31_118     1.4625380 1.5199874 1.4368076 1.5011701 1.4368076 1.4755433 1.5011701 1.5130738 1.5130738 1.4368076 1.4359855 1.4359855 1.4625380 1.4160253 1.8299734 1.9556042 1.3641714 1.8299734 1.9556042 1.3641714 1.5011701 1.4625380 1.4160253 1.4755433 0.0000000 1.6146992 1.8849297 1.5011701 1.4755433 0.0000010 1.8299734 1.5011701 1.4707234 
31_120     1.5943844 1.5798592 1.5701909 1.5424930 1.5701909 1.5771383 1.5424930 1.5771383 1.5771383 1.5701909 1.5701909 1.5701909 1.5943844 1.5553117 0.1087277 2.0542966 1.6754928 0.1087277 2.0542966 1.6754928 1.5424930 1.5943844 1.5553117 1.5771383 1.6146992 0.0000000 1.8009026 1.5424930 1.6549968 2.5493371 0.1087277 1.5424930 1.6466708 
31_121     2.1192616 2.1306907 2.1580663 2.1206993 2.1586137 2.2179641 2.1206993 2.2049168 2.2049168 2.1586137 2.1546330 2.1546330 2.1192616 2.1330878 0.0000010 1.5610066 2.1396366 0.0000010 1.5610066 2.1396366 2.1188080 2.1176459 2.1330878 2.2179641 1.8849297 1.8009026 0.0000000 2.1254236 2.1849122 2.7621709 0.0024036 2.1188080 2.1885937 
32_121     0.0888350 0.0044085 0.0407393 0.0022032 0.0384549 0.0836709 0.0022032 0.0959668 0.0959668 0.0384549 0.0408040 0.0408040 0.0888350 0.0817210 2.0585303 1.8225316 1.9611993 2.0585303 1.8225316 1.9611993 0.0044157 0.0913003 0.0817210 0.0836709 1.5011701 1.5424930 2.1254236 0.0000000 0.3859141 0.0658615 2.0716461 0.0044157 0.0618354 
34_76      0.3528903 0.3808745 0.3400903 0.3860415 0.3349833 0.2800098 0.3860415 0.2965040 0.2965040 0.3349833 0.3410365 0.3410365 0.3528903 0.3512039 2.0577637 2.0811771 2.4507992 2.0577637 2.0811771 2.4507992 0.3867441 0.3523817 0.3512039 0.2800098 1.4755433 1.6549968 2.1849122 0.3859141 0.0000000 3.4505148 2.0577637 0.3867441 0.2908344 
34_119     0.0805690 0.0608582 0.0759600 0.0608582 0.0711337 0.0000010 0.0608582 0.0510174 0.0510174 0.0711337 0.0711337 0.0711337 0.0805690 0.0755429 2.7621709 2.1473336 2.1954891 2.7621709 2.1473336 2.1954891 0.0608582 0.0855502 0.0755429 0.0000010 0.0000010 2.5493371 2.7621709 0.0658615 3.4505148 0.0000000 2.8039413 0.0608582 0.0417835 
38_131     2.0781884 2.0761197 2.1059262 2.0676916 2.1063802 2.1476201 2.0676916 2.1366369 2.1366369 2.1063802 2.1030379 2.1030379 2.0781884 2.0806052 0.0020527 1.6035393 2.0525434 0.0020527 1.6035393 2.0525434 2.0660690 2.0768155 2.0806052 2.1476201 1.8299734 0.1087277 0.0024036 2.0716461 2.0577637 2.8039413 0.0000000 2.0660690 2.1402779 
39_73      0.0888113 0.0044074 0.0407286 0.0022026 0.0384448 0.0836486 0.0022026 0.0959411 0.0959411 0.0384448 0.0407933 0.0407933 0.0888113 0.0816991 2.0529943 1.8308390 1.9618351 2.0529943 1.8308390 1.9618351 0.0000010 0.0912758 0.0816991 0.0836486 1.5011701 1.5424930 2.1188080 0.0044157 0.3867441 0.0608582 2.0660690 0.0000000 0.0618191 
43_73      0.0793650 0.0570868 0.0408575 0.0594018 0.0385666 0.0247296 0.0594018 0.0524108 0.0524108 0.0385666 0.0409226 0.0409226 0.0793650 0.0742588 2.1265884 1.8808975 1.9985092 2.1265884 1.8808975 1.9985092 0.0618191 0.0818129 0.0742588 0.0247296 1.4707234 1.6466708 2.1885937 0.0618354 0.2908344 0.0417835 2.1402779 0.0618191 0.0000000 
