32
0_61       0.0000000 0.0790708 0.0101781 0.0347159 0.1040144 0.0890718 0.0967710 0.0775049 0.0785790 0.0920657 0.1090880 0.0890718 0.0902007 0.0000010 0.0775049 0.0091874 3.4008522 3.4008522 0.0598585 0.1575399 0.0000010 0.0380813 0.0786466 0.0775049 0.0773521 0.0786466 0.0786466 0.0786466 0.0775049 0.0775049 0.0092054 0.0850072 
2_61       0.0790708 0.0000000 0.0912690 0.0000010 0.0059938 0.0185352 0.0958497 0.0024629 0.0024633 0.0913254 0.1079041 0.0185352 0.0193908 0.0823205 0.0016412 0.0906201 3.5251838 3.5251838 0.0026909 0.0206034 0.0790708 0.0956951 0.0024650 0.0016412 0.0041233 0.0024650 0.0024650 0.0024650 0.0024629 0.0024637 0.0917438 0.0057765 
3_65       0.0101781 0.0912690 0.0000000 0.0441055 0.1216487 0.1021577 0.1116465 0.0932666 0.0940550 0.1057791 0.1221230 0.1021577 0.1032213 0.0118983 0.0930429 0.0207018 3.5182931 3.5182931 0.0601464 0.1883326 0.0101781 0.0426920 0.0941295 0.0930429 0.0931001 0.0941295 0.0908175 0.0908175 0.0932666 0.0907707 0.0207399 0.1004807 
4_59       0.0347159 0.0000010 0.0441055 0.0000000 0.7778284 0.0083390 0.0559660 0.0000010 0.0000010 0.0586496 0.0648941 0.0083390 0.0083390 0.0347159 0.0000010 0.0316539 3.0301280 3.0301280 0.0027595 0.0000010 0.0347159 0.0316539 0.0027595 0.0000010 0.0055777 0.0027595 0.0027595 0.0027595 0.0000010 0.0000010 0.0316539 0.0000010 
4_60       0.1040144 0.0059938 0.1216487 0.7778284 0.0000000 0.0263987 0.1155454 0.0046273 0.0046283 0.1048570 0.1256802 0.0263987 0.0276254 0.1119304 0.0034684 0.1218644 3.9667991 3.9667991 0.0082300 0.0172708 0.1040144 0.1323492 0.0034684 0.0034684 0.0046273 0.0034684 0.0035772 0.0035772 0.0046273 0.0047747 0.1236108 0.0093220 
5_14       0.0890718 0.0185352 0.1021577 0.0083390 0.0263987 0.0000000 0.0934427 0.0198011 0.0198040 0.0934605 0.1151644 0.0000010 0.0007915 0.0947055 0.0189696 0.1023946 3.5475198 3.5475198 0.0108532 0.0473750 0.0890718 0.1049517 0.0181269 0.0189696 0.0215430 0.0181269 0.0159347 0.0159347 0.0198011 0.0176417 0.1035343 0.0162728 
6_60       0.0967710 0.0958497 0.1116465 0.0559660 0.1155454 0.0934427 0.0000000 0.0955184 0.0955233 0.0577434 0.0629051 0.0934427 0.0934427 0.1006791 0.0944644 0.1051520 3.5258074 3.5258074 0.0860714 0.1444493 0.0967710 0.1178349 0.0956023 0.0944644 0.0930957 0.0956023 0.0956023 0.0956023 0.0955184 0.0933875 0.1063907 0.0944052 
9_60       0.0775049 0.0024629 0.0932666 0.0000010 0.0046273 0.0198011 0.0955184 0.0000000 0.0016024 0.0910187 0.1065111 0.0198011 0.0206408 0.0849754 0.0008008 0.0908882 3.5325080 3.5325080 0.0013373 0.0151022 0.0775049 0.0962282 0.0016035 0.0008008 0.0016079 0.0016035 0.0016381 0.0016381 0.0000010 0.0016372 0.0919927 0.0032178 
11_57      0.0785790 0.0024633 0.0940550 0.0000010 0.0046283 0.0198040 0.0955233 0.0016024 0.0000000 0.0910240 0.1065139 0.0198040 0.0206437 0.0857656 0.0008009 0.0916586 3.5312524 3.5312524 0.0026789 0.0172708 0.0785790 0.0970256 0.0016038 0.0008009 0.0032189 0.0016038 0.0016383 0.0016383 0.0016024 0.0016374 0.0927626 0.0048315 
15_60      0.0920657 0.0913254 0.1057791 0.0586496 0.1048570 0.0934605 0.0577434 0.0910187 0.0910240 0.0000000 0.0034346 0.0934605 0.0934605 0.0928561 0.0900009 0.1039139 3.4896970 3.4896970 0.0780180 0.1575531 0.0920657 0.1114432 0.0910973 0.0900009 0.0886892 0.0910973 0.0910973 0.0910973 0.0910187 0.0910507 0.1051156 0.0921395 
16_60      0.1090880 0.1079041 0.1221230 0.0648941 0.1256802 0.1151644 0.0629051 0.1065111 0.1065139 0.0034346 0.0000000 0.1151644 0.1151644 0.1087382 0.1054643 0.1195095 3.4910692 3.4910692 0.0834029 0.1957298 0.1090880 0.1330796 0.1065997 0.1054643 0.1040814 0.1065997 0.1065997 0.1065997 0.1065111 0.1065480 0.1207380 0.1139375 
17_61      0.0890718 0.0185352 0.1021577 0.0083390 0.0263987 0.0000010 0.0934427 0.0198011 0.0198040 0.0934605 0.1151644 0.0000000 0.0007915 0.0947055 0.0189696 0.1023946 3.5475198 3.5475198 0.0108532 0.0473750 0.0890718 0.1049517 0.0181269 0.0189696 0.0215430 0.0181269 0.0159347 0.0159347 0.0198011 0.0176417 0.1035343 0.0162728 
18_58      0.0902007 0.0193908 0.1032213 0.0083390 0.0276254 0.0007915 0.0934427 0.0206408 0.0206437 0.0934605 0.1151644 0.0007915 0.0000000 0.0957487 0.0198073 0.1034298 3.5359864 3.5359864 0.0108532 0.0496961 0.0902007 0.1060340 0.0189632 0.0198073 0.0223863 0.0189632 0.0167846 0.0167846 0.0206408 0.0184942 0.1045721 0.0170975 
20_58      0.0000010 0.0823205 0.0118983 0.0347159 0.1119304 0.0947055 0.1006791 0.0849754 0.0857656 0.0928561 0.1087382 0.0947055 0.0957487 0.0000000 0.0847725 0.0100931 3.4852783 3.4852783 0.0598585 0.1615484 0.0000010 0.0364660 0.0858332 0.0847725 0.0848233 0.0858332 0.0819126 0.0819126 0.0849754 0.0818697 0.0101112 0.0919861 
21_59      0.0775049 0.0016412 0.0930429 0.0000010 0.0034684 0.0189696 0.0944644 0.0008008 0.0008009 0.0900009 0.1054643 0.0189696 0.0198073 0.0847725 0.0000000 0.0906756 3.5301666 3.5301666 0.0013373 0.0172708 0.0775049 0.0959943 0.0008014 0.0000010 0.0024128 0.0008014 0.0008187 0.0008187 0.0008008 0.0008182 0.0917774 0.0040240 
22_61      0.0091874 0.0906201 0.0207018 0.0316539 0.1218644 0.1023946 0.1051520 0.0908882 0.0916586 0.1039139 0.1195095 0.1023946 0.1034298 0.0100931 0.0906756 0.0000000 3.4545805 3.4545805 0.0584601 0.1720445 0.0091874 0.0271861 0.0917294 0.0906756 0.0907296 0.0917294 0.0901848 0.0901848 0.0908882 0.0901396 0.0008035 0.0988720 
23_40      3.4008522 3.5251838 3.5182931 3.0301280 3.9667991 3.5475198 3.5258074 3.5325080 3.5312524 3.4896970 3.4910692 3.5475198 3.5359864 3.4852783 3.5301666 3.4545805 0.0000000 0.0000010 3.4447475 3.7743660 3.4008522 3.5512944 3.5369903 3.5301666 3.5311580 3.5369903 3.5309300 3.5309300 3.5325080 3.5254056 3.4555506 3.5441323 
25_41      3.4008522 3.5251838 3.5182931 3.0301280 3.9667991 3.5475198 3.5258074 3.5325080 3.5312524 3.4896970 3.4910692 3.5475198 3.5359864 3.4852783 3.5301666 3.4545805 0.0000010 0.0000000 3.4447475 3.7743660 3.4008522 3.5512944 3.5369903 3.5301666 3.5311580 3.5369903 3.5309300 3.5309300 3.5325080 3.5254056 3.4555506 3.5441323 
26_44      0.0598585 0.0026909 0.0601464 0.0027595 0.0082300 0.0108532 0.0860714 0.0013373 0.0026789 0.0780180 0.0834029 0.0108532 0.0108532 0.0598585 0.0013373 0.0584601 3.4447475 3.4447475 0.0000000 2.2499184 0.0598585 0.0525612 0.0026820 0.0013373 0.0040439 0.0026820 0.0026820 0.0026820 0.0013373 0.0013373 0.0600906 0.0053926 
26_101     0.1575399 0.0206034 0.1883326 0.0000010 0.0172708 0.0473750 0.1444493 0.0151022 0.0172708 0.1575531 0.1957298 0.0473750 0.0496961 0.1615484 0.0172708 0.1720445 3.7743660 3.7743660 2.2499184 0.0000000 0.1575399 0.2198150 0.0172708 0.0172708 0.0151022 0.0172708 0.0183092 0.0183092 0.0151022 0.0206282 0.1720445 0.0151022 
27_62      0.0000010 0.0790708 0.0101781 0.0347159 0.1040144 0.0890718 0.0967710 0.0775049 0.0785790 0.0920657 0.1090880 0.0890718 0.0902007 0.0000010 0.0775049 0.0091874 3.4008522 3.4008522 0.0598585 0.1575399 0.0000000 0.0380813 0.0786466 0.0775049 0.0773521 0.0786466 0.0786466 0.0786466 0.0775049 0.0775049 0.0092054 0.0850072 
28_62      0.0380813 0.0956951 0.0426920 0.0316539 0.1323492 0.1049517 0.1178349 0.0962282 0.0970256 0.1114432 0.1330796 0.1049517 0.1060340 0.0364660 0.0959943 0.0271861 3.5512944 3.5512944 0.0525612 0.2198150 0.0380813 0.0000000 0.0971036 0.0959943 0.0960546 0.0971036 0.0955695 0.0955695 0.0962282 0.0955205 0.0281124 0.1037521 
29_62      0.0786466 0.0024650 0.0941295 0.0027595 0.0034684 0.0181269 0.0956023 0.0016035 0.0016038 0.0910973 0.1065997 0.0181269 0.0189632 0.0858332 0.0008014 0.0917294 3.5369903 3.5369903 0.0026820 0.0172708 0.0786466 0.0971036 0.0000000 0.0008014 0.0032212 0.0000010 0.0000010 0.0000010 0.0016035 0.0016386 0.0928343 0.0048349 
32_14      0.0775049 0.0016412 0.0930429 0.0000010 0.0034684 0.0189696 0.0944644 0.0008008 0.0008009 0.0900009 0.1054643 0.0189696 0.0198073 0.0847725 0.0000010 0.0906756 3.5301666 3.5301666 0.0013373 0.0172708 0.0775049 0.0959943 0.0008014 0.0000000 0.0024128 0.0008014 0.0008187 0.0008187 0.0008008 0.0008182 0.0917774 0.0040240 
33_14      0.0773521 0.0041233 0.0931001 0.0055777 0.0046273 0.0215430 0.0930957 0.0016079 0.0032189 0.0886892 0.1040814 0.0215430 0.0223863 0.0848233 0.0024128 0.0907296 3.5311580 3.5311580 0.0040439 0.0151022 0.0773521 0.0960546 0.0032212 0.0024128 0.0000000 0.0032212 0.0032909 0.0032909 0.0016079 0.0032890 0.0918323 0.0048479 
34_24      0.0786466 0.0024650 0.0941295 0.0027595 0.0034684 0.0181269 0.0956023 0.0016035 0.0016038 0.0910973 0.1065997 0.0181269 0.0189632 0.0858332 0.0008014 0.0917294 3.5369903 3.5369903 0.0026820 0.0172708 0.0786466 0.0971036 0.0000010 0.0008014 0.0032212 0.0000000 0.0000010 0.0000010 0.0016035 0.0016386 0.0928343 0.0048349 
36_60      0.0786466 0.0024650 0.0908175 0.0027595 0.0035772 0.0159347 0.0956023 0.0016381 0.0016383 0.0910973 0.1065997 0.0159347 0.0167846 0.0819126 0.0008187 0.0901848 3.5309300 3.5309300 0.0026820 0.0183092 0.0786466 0.0955695 0.0000010 0.0008187 0.0032909 0.0000010 0.0000000 0.0000010 0.0016381 0.0016386 0.0913037 0.0049397 
37_63      0.0786466 0.0024650 0.0908175 0.0027595 0.0035772 0.0159347 0.0956023 0.0016381 0.0016383 0.0910973 0.1065997 0.0159347 0.0167846 0.0819126 0.0008187 0.0901848 3.5309300 3.5309300 0.0026820 0.0183092 0.0786466 0.0955695 0.0000010 0.0008187 0.0032909 0.0000010 0.0000010 0.0000000 0.0016381 0.0016386 0.0913037 0.0049397 
39_58      0.0775049 0.0024629 0.0932666 0.0000010 0.0046273 0.0198011 0.0955184 0.0000010 0.0016024 0.0910187 0.1065111 0.0198011 0.0206408 0.0849754 0.0008008 0.0908882 3.5325080 3.5325080 0.0013373 0.0151022 0.0775049 0.0962282 0.0016035 0.0008008 0.0016079 0.0016035 0.0016381 0.0016381 0.0000000 0.0016372 0.0919927 0.0032178 
41_62      0.0775049 0.0024637 0.0907707 0.0000010 0.0047747 0.0176417 0.0933875 0.0016372 0.0016374 0.0910507 0.1065480 0.0176417 0.0184942 0.0818697 0.0008182 0.0901396 3.5254056 3.5254056 0.0013373 0.0206282 0.0775049 0.0955205 0.0016386 0.0008182 0.0032890 0.0016386 0.0016386 0.0016386 0.0016372 0.0000000 0.0912581 0.0049369 
42_61      0.0092054 0.0917438 0.0207399 0.0316539 0.1236108 0.1035343 0.1063907 0.0919927 0.0927626 0.1051156 0.1207380 0.1035343 0.1045721 0.0101112 0.0917774 0.0008035 3.4555506 3.4555506 0.0600906 0.1720445 0.0092054 0.0281124 0.0928343 0.0917774 0.0918323 0.0928343 0.0913037 0.0913037 0.0919927 0.0912581 0.0000000 0.1000023 
43_59      0.0850072 0.0057765 0.1004807 0.0000010 0.0093220 0.0162728 0.0944052 0.0032178 0.0048315 0.0921395 0.1139375 0.0162728 0.0170975 0.0919861 0.0040240 0.0988720 3.5441323 3.5441323 0.0053926 0.0151022 0.0850072 0.1037521 0.0048349 0.0040240 0.0048479 0.0048349 0.0049397 0.0049397 0.0032178 0.0049369 0.1000023 0.0000000 
