8
1_55       0.0000000 1.9571708 1.8595621 1.8841302 0.9433476 2.1152103 0.8790811 0.4490780 
7_131      1.9571708 0.0000000 1.0444948 0.3762841 1.8360060 0.8839468 1.8066004 1.8340249 
8_104      1.8595621 1.0444948 0.0000000 1.0466083 1.9054420 1.1737464 1.6918300 1.7129242 
10_47      1.8841302 0.3762841 1.0466083 0.0000000 1.9686149 0.8842425 1.8448904 1.8005319 
12_99      0.9433476 1.8360060 1.9054420 1.9686149 0.0000000 2.0462729 0.3738893 0.9377252 
13_250     2.1152103 0.8839468 1.1737464 0.8842425 2.0462729 0.0000000 1.9504236 2.0444012 
24_104     0.8790811 1.8066004 1.6918300 1.8448904 0.3738893 1.9504236 0.0000000 0.8732746 
30_38      0.4490780 1.8340249 1.7129242 1.8005319 0.9377252 2.0444012 0.8732746 0.0000000 
