24
0_7        0.0000000 2.2137365 0.0275677 0.0275511 0.0232344 0.0275511 0.0233397 2.9544184 2.9124306 0.0232344 2.7210296 3.0526705 3.3865224 3.4149595 0.0168930 0.0168930 0.0000010 0.0020794 1.2027958 4.8417332 3.2367448 1.2027958 0.0020794 2.2540176 
1_76       2.2137365 0.0000000 2.2583757 2.2516367 2.2463851 2.2516367 2.2638285 3.3366802 3.0990481 2.2463851 2.8364922 2.6996199 3.7924969 3.4169576 2.2160806 2.2160806 2.2137365 2.2184182 2.3987994 4.2809136 2.7321858 2.3987994 2.2184182 0.7079998 
2_6        0.0275677 2.2583757 0.0000000 0.0083726 0.0041722 0.0083726 0.0276325 2.9886906 2.8933544 0.0041722 2.7376827 3.1093863 3.3988777 3.3843294 0.0276544 0.0276544 0.0275677 0.0296981 1.1997470 4.9073184 3.2781132 1.1997470 0.0296981 2.2817067 
3_7        0.0275511 2.2516367 0.0083726 0.0000000 0.0041700 0.0000010 0.0276158 2.9895591 2.9216896 0.0041700 2.7387756 3.0947011 3.4195945 3.4194263 0.0276376 0.0276376 0.0275511 0.0296800 1.2013914 4.9334751 3.2742331 1.2013914 0.0296800 2.2812816 
4_7        0.0232344 2.2463851 0.0041722 0.0041700 0.0000000 0.0041700 0.0232888 2.9851416 2.9250866 0.0000010 2.7347115 3.0941088 3.4089108 3.4094830 0.0233074 0.0233074 0.0232344 0.0253550 1.2018900 4.9272215 3.2710579 1.2018900 0.0253550 2.2799008 
5_66       0.0275511 2.2516367 0.0083726 0.0000010 0.0041700 0.0000000 0.0276158 2.9895591 2.9216896 0.0041700 2.7387756 3.0947011 3.4195945 3.4194263 0.0276376 0.0276376 0.0275511 0.0296800 1.2013914 4.9334751 3.2742331 1.2013914 0.0296800 2.2812816 
6_7        0.0233397 2.2638285 0.0276325 0.0276158 0.0232888 0.0276158 0.0000000 2.9688597 2.9171538 0.0232888 2.7231859 3.0977025 3.4557227 3.3921366 0.0169329 0.0169329 0.0233397 0.0254700 1.1942092 4.8887744 3.2670689 1.1942092 0.0254700 2.3114368 
7_68       2.9544184 3.3366802 2.9886906 2.9895591 2.9851416 2.9895591 2.9688597 0.0000000 1.8728314 2.9851416 0.4008168 2.5379204 1.9029168 2.6109335 2.9217934 2.9217934 2.9544184 2.9478649 2.9244314 3.9751997 2.6862630 2.9244314 2.9478649 3.1477414 
8_58       2.9124306 3.0990481 2.8933544 2.9216896 2.9250866 2.9216896 2.9171538 1.8728314 0.0000000 2.9250866 1.8141710 2.9483574 2.2306128 2.3871881 2.9271016 2.9271016 2.9124306 2.9156368 3.2557286 4.1409244 2.5411706 3.2557286 2.9156368 2.9487680 
9_7        0.0232344 2.2463851 0.0041722 0.0041700 0.0000010 0.0041700 0.0232888 2.9851416 2.9250866 0.0000000 2.7347115 3.0941088 3.4089108 3.4094830 0.0233074 0.0233074 0.0232344 0.0253550 1.2018900 4.9272215 3.2710579 1.2018900 0.0253550 2.2799008 
10_79      2.7210296 2.8364922 2.7376827 2.7387756 2.7347115 2.7387756 2.7231859 0.4008168 1.8141710 2.7347115 0.0000000 2.5615210 1.9536190 2.5796795 2.6911449 2.6911449 2.7210296 2.7259038 2.7706701 4.2252168 2.6729947 2.7706701 2.7259038 2.8231668 
12_34      3.0526705 2.6996199 3.1093863 3.0947011 3.0941088 3.0947011 3.0977025 2.5379204 2.9483574 3.0941088 2.5615210 0.0000000 3.3303804 3.0763595 3.0828421 3.0828421 3.0526705 3.0459114 3.1228518 2.0906882 0.7721401 3.1228518 3.0459114 2.6331801 
13_94      3.3865224 3.7924969 3.3988777 3.4195945 3.4089108 3.4195945 3.4557227 1.9029168 2.2306128 3.4089108 1.9536190 3.3303804 0.0000000 3.1094595 3.3948013 3.3948013 3.3865224 3.3902436 3.6616104 4.6735495 3.1263529 3.6616104 3.3902436 3.3507323 
14_162     3.4149595 3.4169576 3.3843294 3.4194263 3.4094830 3.4194263 3.3921366 2.6109335 2.3871881 3.4094830 2.5796795 3.0763595 3.1094595 0.0000000 3.4514600 3.4514600 3.4149595 3.4220344 3.3959304 4.2533727 2.7611968 3.3959304 3.4220344 3.2978673 
15_8       0.0168930 2.2160806 0.0276544 0.0276376 0.0233074 0.0276376 0.0169329 2.9217934 2.9271016 0.0233074 2.6911449 3.0828421 3.3948013 3.4514600 0.0000000 0.0000010 0.0168930 0.0190110 1.1858922 4.8114393 3.2555101 1.1858922 0.0190110 2.2543677 
16_8       0.0168930 2.2160806 0.0276544 0.0276376 0.0233074 0.0276376 0.0169329 2.9217934 2.9271016 0.0233074 2.6911449 3.0828421 3.3948013 3.4514600 0.0000010 0.0000000 0.0168930 0.0190110 1.1858922 4.8114393 3.2555101 1.1858922 0.0190110 2.2543677 
20_7       0.0000010 2.2137365 0.0275677 0.0275511 0.0232344 0.0275511 0.0233397 2.9544184 2.9124306 0.0232344 2.7210296 3.0526705 3.3865224 3.4149595 0.0168930 0.0168930 0.0000000 0.0020794 1.2027958 4.8417332 3.2367448 1.2027958 0.0020794 2.2540176 
22_7       0.0020794 2.2184182 0.0296981 0.0296800 0.0253550 0.0296800 0.0254700 2.9478649 2.9156368 0.0253550 2.7259038 3.0459114 3.3902436 3.4220344 0.0190110 0.0190110 0.0020794 0.0000000 1.2064473 4.8319198 3.2416654 1.2064473 0.0000010 2.2587575 
23_80      1.2027958 2.3987994 1.1997470 1.2013914 1.2018900 1.2013914 1.1942092 2.9244314 3.2557286 1.2018900 2.7706701 3.1228518 3.6616104 3.3959304 1.1858922 1.1858922 1.2027958 1.2064473 0.0000000 5.0954107 3.1388640 0.0000010 1.2064473 2.4004377 
24_55      4.8417332 4.2809136 4.9073184 4.9334751 4.9272215 4.9334751 4.8887744 3.9751997 4.1409244 4.9272215 4.2252168 2.0906882 4.6735495 4.2533727 4.8114393 4.8114393 4.8417332 4.8319198 5.0954107 0.0000000 2.0512049 5.0954107 4.8319198 4.4896156 
24_100     3.2367448 2.7321858 3.2781132 3.2742331 3.2710579 3.2742331 3.2670689 2.6862630 2.5411706 3.2710579 2.6729947 0.7721401 3.1263529 2.7611968 3.2555101 3.2555101 3.2367448 3.2416654 3.1388640 2.0512049 0.0000000 3.1388640 3.2416654 2.5622476 
25_81      1.2027958 2.3987994 1.1997470 1.2013914 1.2018900 1.2013914 1.1942092 2.9244314 3.2557286 1.2018900 2.7706701 3.1228518 3.6616104 3.3959304 1.1858922 1.1858922 1.2027958 1.2064473 0.0000010 5.0954107 3.1388640 0.0000000 1.2064473 2.4004377 
28_7       0.0020794 2.2184182 0.0296981 0.0296800 0.0253550 0.0296800 0.0254700 2.9478649 2.9156368 0.0253550 2.7259038 3.0459114 3.3902436 3.4220344 0.0190110 0.0190110 0.0020794 0.0000010 1.2064473 4.8319198 3.2416654 1.2064473 0.0000000 2.2587575 
30_52      2.2540176 0.7079998 2.2817067 2.2812816 2.2799008 2.2812816 2.3114368 3.1477414 2.9487680 2.2799008 2.8231668 2.6331801 3.3507323 3.2978673 2.2543677 2.2543677 2.2540176 2.2587575 2.4004377 4.4896156 2.5622476 2.4004377 2.2587575 0.0000000 
