20
0_32       0.0000000 0.1807351 0.0435044 0.1887508 0.4527320 0.0896351 0.1807351 0.1878127 0.1186429 0.1186429 0.1867969 0.1867969 0.0000010 1.0719901 1.0719901 0.1037229 1.0804486 0.1394166 0.1797924 0.1037229 
2_31       0.1807351 0.0000000 0.2145719 0.0053421 0.2836028 0.1655989 0.0000010 0.0053190 0.1641556 0.1641556 0.0733999 0.0733999 0.1807351 1.1217154 1.1217154 0.1577319 1.1303998 0.1058806 0.2188333 0.1577319 
3_35       0.0435044 0.2145719 0.0000000 0.2232468 0.4929199 0.1356627 0.2145719 0.2143992 0.1674488 0.1674488 0.2285959 0.2285959 0.0435044 1.1642915 1.1642915 0.1511434 1.1733328 0.1748489 0.2199601 0.1511434 
4_30       0.1887508 0.0053421 0.2232468 0.0000000 0.2967601 0.1743165 0.0053421 0.0107287 0.1727912 0.1727912 0.0797410 0.0797410 0.1887508 1.1299846 1.1299846 0.1663177 1.1387211 0.1136364 0.2320881 0.1663177 
5_42       0.4527320 0.2836028 0.4929199 0.2967601 0.0000000 0.4508353 0.2836028 0.2946216 0.4681314 0.4681314 0.2100352 0.2100352 0.4527320 1.5357570 1.5357570 0.4502997 1.5515777 0.3409553 0.9338446 0.4502997 
6_31       0.0896351 0.1655989 0.1356627 0.1743165 0.4508353 0.0000000 0.1655989 0.1733564 0.0624073 0.0624073 0.1705190 0.1705190 0.0896351 1.1717189 1.1717189 0.0181861 1.1808110 0.1251134 0.0891588 0.0181861 
9_30       0.1807351 0.0000010 0.2145719 0.0053421 0.2836028 0.1655989 0.0000000 0.0053190 0.1641556 0.1641556 0.0733999 0.0733999 0.1807351 1.1217154 1.1217154 0.1577319 1.1303998 0.1058806 0.2188333 0.1577319 
11_30      0.1878127 0.0053190 0.2143992 0.0107287 0.2946216 0.1733564 0.0053190 0.0000000 0.1718476 0.1718476 0.0793773 0.0793773 0.1878127 1.1102268 1.1102268 0.1654063 1.1188297 0.1130326 0.2188333 0.1654063 
15_32      0.1186429 0.1641556 0.1674488 0.1727912 0.4681314 0.0624073 0.1641556 0.1718476 0.0000000 0.0000010 0.1688265 0.1688265 0.1186429 1.1621928 1.1621928 0.0690865 1.1729464 0.1466934 0.1278490 0.0690865 
16_32      0.1186429 0.1641556 0.1674488 0.1727912 0.4681314 0.0624073 0.1641556 0.1718476 0.0000010 0.0000000 0.1688265 0.1688265 0.1186429 1.1621928 1.1621928 0.0690865 1.1729464 0.1466934 0.1278490 0.0690865 
17_34      0.1867969 0.0733999 0.2285959 0.0797410 0.2100352 0.1705190 0.0733999 0.0793773 0.1688265 0.1688265 0.0000000 0.0000010 0.1867969 1.1642033 1.1642033 0.1476276 1.1730937 0.0365986 0.2023578 0.1476276 
18_31      0.1867969 0.0733999 0.2285959 0.0797410 0.2100352 0.1705190 0.0733999 0.0793773 0.1688265 0.1688265 0.0000010 0.0000000 0.1867969 1.1642033 1.1642033 0.1476276 1.1730937 0.0365986 0.2023578 0.1476276 
20_30      0.0000010 0.1807351 0.0435044 0.1887508 0.4527320 0.0896351 0.1807351 0.1878127 0.1186429 0.1186429 0.1867969 0.1867969 0.0000000 1.0719901 1.0719901 0.1037229 1.0804486 0.1394166 0.1797924 0.1037229 
23_132     1.0719901 1.1217154 1.1642915 1.1299846 1.5357570 1.1717189 1.1217154 1.1102268 1.1621928 1.1621928 1.1642033 1.1642033 1.0719901 0.0000000 0.0000010 1.1692361 0.0056707 1.1628029 1.1956740 1.1692361 
25_133     1.0719901 1.1217154 1.1642915 1.1299846 1.5357570 1.1717189 1.1217154 1.1102268 1.1621928 1.1621928 1.1642033 1.1642033 1.0719901 0.0000010 0.0000000 1.1692361 0.0056707 1.1628029 1.1956740 1.1692361 
29_34      0.1037229 0.1577319 0.1511434 0.1663177 0.4502997 0.0181861 0.1577319 0.1654063 0.0690865 0.0690865 0.1476276 0.1476276 0.1037229 1.1692361 1.1692361 0.0000000 1.1782872 0.1036738 0.0609935 0.0000010 
31_115     1.0804486 1.1303998 1.1733328 1.1387211 1.5515777 1.1808110 1.1303998 1.1188297 1.1729464 1.1729464 1.1730937 1.1730937 1.0804486 0.0056707 0.0056707 1.1782872 0.0000000 1.1717260 1.2082805 1.1782872 
32_44      0.1394166 0.1058806 0.1748489 0.1136364 0.3409553 0.1251134 0.1058806 0.1130326 0.1466934 0.1466934 0.0365986 0.0365986 0.1394166 1.1628029 1.1628029 0.1036738 1.1717260 0.0000000 0.1915421 0.1036738 
34_114     0.1797924 0.2188333 0.2199601 0.2320881 0.9338446 0.0891588 0.2188333 0.2188333 0.1278490 0.1278490 0.2023578 0.2023578 0.1797924 1.1956740 1.1956740 0.0609935 1.2082805 0.1915421 0.0000000 0.0609935 
35_52      0.1037229 0.1577319 0.1511434 0.1663177 0.4502997 0.0181861 0.1577319 0.1654063 0.0690865 0.0690865 0.1476276 0.1476276 0.1037229 1.1692361 1.1692361 0.0000010 1.1782872 0.1036738 0.0609935 0.0000000 
