10
0_25       0.0000000 0.1008101 0.1010080 0.1778939 0.2148445 0.1010080 0.0172159 0.1008101 0.0000010 0.1778939 
2_23       0.1008101 0.0000000 0.0475447 0.1612727 0.1627283 0.0475447 0.0839446 0.0000010 0.1008101 0.1612727 
3_27       0.1010080 0.0475447 0.0000000 0.1813694 0.1628916 0.0000010 0.0841039 0.0475447 0.1010080 0.1813694 
6_25       0.1778939 0.1612727 0.1813694 0.0000000 0.0957219 0.1813694 0.2026668 0.1612727 0.1778939 0.0122816 
16_26      0.2148445 0.1627283 0.1628916 0.0957219 0.0000000 0.1628916 0.2410693 0.1627283 0.2148445 0.1101674 
17_27      0.1010080 0.0475447 0.0000010 0.1813694 0.1628916 0.0000000 0.0841039 0.0475447 0.1010080 0.1813694 
22_26      0.0172159 0.0839446 0.0841039 0.2026668 0.2410693 0.0841039 0.0000000 0.0839446 0.0172159 0.2026668 
26_82      0.1008101 0.0000010 0.0475447 0.1612727 0.1627283 0.0475447 0.0839446 0.0000000 0.1008101 0.1612727 
27_26      0.0000010 0.1008101 0.1010080 0.1778939 0.2148445 0.1010080 0.0172159 0.1008101 0.0000000 0.1778939 
43_25      0.1778939 0.1612727 0.1813694 0.0122816 0.1101674 0.1813694 0.2026668 0.1612727 0.1778939 0.0000000 
