6
1_43       0.0000000 1.8027335 1.8261609 1.6006292 1.3073376 1.4641473 
7_105      1.8027335 0.0000000 2.6305354 0.6872635 2.0391850 1.9912420 
8_149      1.8261609 2.6305354 0.0000000 2.2344912 2.8125555 1.6414918 
10_117     1.6006292 0.6872635 2.2344912 0.0000000 1.9906870 1.6940766 
14_141     1.3073376 2.0391850 2.8125555 1.9906870 0.0000000 1.5457937 
30_62      1.4641473 1.9912420 1.6414918 1.6940766 1.5457937 0.0000000 
