7
3_20       0.0000000 0.0115815 0.0598750 0.0115815 0.0116233 0.0000010 0.0116233 
9_19       0.0115815 0.0000000 0.0475990 0.0000010 0.0233765 0.0115815 0.0233765 
16_21      0.0598750 0.0475990 0.0000000 0.0475990 0.0478160 0.0598750 0.0478160 
21_19      0.0115815 0.0000010 0.0475990 0.0000000 0.0233765 0.0115815 0.0233765 
22_20      0.0116233 0.0233765 0.0478160 0.0233765 0.0000000 0.0116233 0.0000010 
29_20      0.0000010 0.0115815 0.0598750 0.0115815 0.0116233 0.0000000 0.0116233 
42_20      0.0116233 0.0233765 0.0478160 0.0233765 0.0000010 0.0116233 0.0000000 
