44
0          0.0000000 3.2941911 0.0901986 0.0811959 0.0826800 0.0841518 0.0961763 4.3222719 4.3277876 0.0818548 4.1226121 0.0821585 3.1378303 5.3149643 3.6835138 0.1017973 0.1011807 0.0829066 0.0835715 0.0837896 0.0006590 0.0819105 0.0140833 1.8906444 1.8900890 0.0824255 0.0007286 0.0211887 0.0834260 3.2114752 1.8982286 0.0838239 0.0841006 0.0838769 0.0821620 0.0834829 0.0834202 1.8894190 0.0818140 0.0831766 0.0824623 0.0119632 0.0826891 3.0685391 
1          3.2941911 0.0000000 3.2411628 2.9829519 3.2998047 3.2402986 3.3015959 3.9923827 3.9112488 3.3063507 3.8031470 3.2996720 2.4523267 5.2552482 3.1070063 3.2910607 3.2921587 3.3057979 3.3069007 3.3069007 3.2945292 3.2989799 3.2958475 3.1371172 3.1380911 3.2992123 3.2960763 3.2894874 3.2993909 0.8538672 3.1287159 3.2320179 3.2371410 3.2864471 3.3000386 3.3000386 3.2993909 3.1374681 3.2999044 3.2992981 3.3027804 3.2942517 3.3010584 2.2980832 
2          0.0901986 3.2411628 0.0000000 0.0629211 0.0116860 0.0359611 0.1001846 4.3140665 4.3139736 0.0096326 4.1125340 0.0106691 3.0512597 5.2407742 3.6201636 0.1046145 0.1042867 0.0361169 0.0367010 0.0367626 0.0910036 0.0111919 0.0894106 1.8765145 1.8762164 0.0103579 0.0903156 0.0764487 0.0349247 3.1616934 1.8851074 0.0262484 0.0164615 0.0386072 0.0348373 0.0349290 0.0347911 1.8754178 0.0102718 0.0252793 0.0214133 0.0894554 0.0381419 2.9997927 
3          0.0811959 2.9829519 0.0629211 0.0000000 0.0555624 0.0310316 0.1044931 3.9216663 4.0276411 0.0548714 3.6691147 0.0542868 2.8913110 5.0057743 3.4468802 0.1118855 0.1115239 0.0311839 0.0318254 0.0318944 0.0818449 0.0551513 0.0849424 1.8427771 1.8421272 0.0546256 0.0820002 0.0859616 0.0332028 2.9327102 1.8530677 0.0399965 0.0579144 0.0338304 0.0338021 0.0333097 0.0329536 1.8413699 0.0539922 0.0398567 0.0460003 0.0843435 0.0329089 2.7727187 
4          0.0826800 3.2998047 0.0116860 0.0555624 0.0000000 0.0280738 0.0903420 4.2976165 4.3596973 0.0024644 4.1073379 0.0009414 3.1316553 5.3014981 3.6873214 0.0952679 0.0947353 0.0273685 0.0279139 0.0279680 0.0838075 0.0015968 0.0818309 1.8798635 1.8795730 0.0017524 0.0830203 0.0711925 0.0266203 3.2154628 1.8878210 0.0172432 0.0071778 0.0288068 0.0263174 0.0265826 0.0263722 1.8786863 0.0016743 0.0164895 0.0118428 0.0818799 0.0288144 3.0697927 
5          0.0841518 3.2402986 0.0359611 0.0310316 0.0280738 0.0000000 0.0898189 4.1944175 4.2419627 0.0273586 3.9885759 0.0268152 3.0630767 5.2511114 3.6166659 0.0954713 0.0947807 0.0013512 0.0019170 0.0019982 0.0856502 0.0273779 0.0837142 1.8274593 1.8268467 0.0271706 0.0848009 0.0767123 0.0101741 3.1648531 1.8365902 0.0163711 0.0307340 0.0137877 0.0104464 0.0102149 0.0098870 1.8264464 0.0268068 0.0174207 0.0151603 0.0835656 0.0065713 2.9925517 
6          0.0961763 3.3015959 0.1001846 0.1044931 0.0903420 0.0898189 0.0000000 4.3153937 4.3311291 0.0895872 4.1024320 0.0894579 3.1455158 5.3098199 3.6900709 0.0451268 0.0446591 0.0892051 0.0897851 0.0899286 0.0972967 0.0900269 0.0957896 1.9156013 1.9153415 0.0896744 0.0963544 0.0952490 0.0822891 3.2196829 1.9242004 0.0852523 0.0827568 0.0836020 0.0811849 0.0822477 0.0824778 1.9146310 0.0888690 0.0838343 0.0887099 0.0958735 0.0833142 3.0777497 
7          4.3222719 3.9923827 4.3140665 3.9216663 4.2976165 4.1944175 4.3153937 0.0000000 2.4398530 4.3132902 0.6525942 4.2964540 3.7581932 3.9796194 3.0864818 4.3028059 4.3013775 4.3059800 4.3055179 4.3055179 4.3189015 4.2964540 4.3156463 4.0324431 4.0448970 4.2964074 4.3225551 4.3043006 4.3005392 4.0044384 3.9986932 4.1840114 4.1958220 4.2869108 4.3015911 4.3022266 4.3005392 4.0431023 4.2964074 4.3010900 4.2989882 4.3110255 4.2995418 3.7542621 
8          4.3277876 3.9112488 4.3139736 4.0276411 4.3596973 4.2419627 4.3311291 2.4398530 0.0000000 4.3794714 2.4360797 4.3593102 3.8135629 4.4838754 3.0576404 4.3284494 4.3231531 4.3599654 4.3600265 4.3600265 4.3265283 4.3552299 4.3294666 4.1364694 4.1407036 4.3555943 4.3304602 4.3295385 4.3569460 4.0081131 4.1127127 4.2614944 4.2562712 4.3396076 4.3579967 4.3576699 4.3569460 4.1399475 4.3596748 4.3704906 4.3605067 4.3284032 4.3484181 3.6855692 
9          0.0818548 3.3063507 0.0096326 0.0548714 0.0024644 0.0273586 0.0895872 4.3132902 4.3794714 0.0000000 4.1058538 0.0015698 3.1402755 5.3247906 3.6993550 0.0945873 0.0941069 0.0267755 0.0273212 0.0274064 0.0829291 0.0021552 0.0810653 1.8781376 1.8778900 0.0009160 0.0821265 0.0673873 0.0262176 3.2212715 1.8860763 0.0166644 0.0063110 0.0288940 0.0259113 0.0261797 0.0259677 1.8771245 0.0008721 0.0159715 0.0119011 0.0812888 0.0287553 3.0845172 
10         4.1226121 3.8031470 4.1125340 3.6691147 4.1073379 3.9885759 4.1024320 0.6525942 2.4360797 4.1058538 0.0000000 4.1061144 3.6989207 3.9864752 3.1345207 4.0984995 4.0973200 4.1094695 4.1089542 4.1089542 4.1178804 4.1061144 4.1131498 3.8056626 3.8060046 4.1062541 4.1229178 4.1045619 4.1030939 3.8064230 3.7735732 3.9796371 4.0030553 4.0895015 4.1030939 4.1037857 4.1030939 3.8059710 4.1062541 4.1046382 4.1021226 4.1113177 4.0989863 3.6279648 
11         0.0821585 3.2996720 0.0106691 0.0542868 0.0009414 0.0268152 0.0894579 4.2964540 4.3593102 0.0015698 4.1061144 0.0000000 3.1314059 5.3046564 3.6896233 0.0948145 0.0942846 0.0261738 0.0267136 0.0267782 0.0832755 0.0007207 0.0813209 1.8778461 1.8775502 0.0008696 0.0824956 0.0709665 0.0254402 3.2153347 1.8858336 0.0160540 0.0060624 0.0281738 0.0251092 0.0254027 0.0252659 1.8770686 0.0007945 0.0153527 0.0107047 0.0813853 0.0281738 3.0694334 
12         3.1378303 2.4523267 3.0512597 2.8913110 3.1316553 3.0630767 3.1455158 3.7581932 3.8135629 3.1402755 3.6989207 3.1314059 0.0000000 5.2532211 2.8664860 3.1408035 3.1416287 3.1207419 3.1226348 3.1226348 3.1366993 3.1314059 3.1430054 2.9838680 2.9838680 3.1315067 3.1379219 3.1416770 3.1183588 2.5107803 2.9828511 3.0648854 3.0770371 3.1101981 3.1189411 3.1189411 3.1183588 2.9843125 3.1315067 3.1240607 3.1248251 3.1420261 3.1168791 0.6358690 
13         5.3149643 5.2552482 5.2407742 5.0057743 5.3014981 5.2511114 5.3098199 3.9796194 4.4838754 5.3247906 3.9864752 5.3046564 5.2532211 0.0000000 4.6847068 5.2842528 5.2866104 5.3019201 5.3032924 5.3032924 5.3115312 5.3046564 5.2960984 5.3520111 5.3520111 5.3051313 5.2946057 5.2888593 5.2826257 5.2433455 5.3142634 5.2338411 5.2543977 5.2775993 5.2826257 5.2826257 5.2826257 5.3534674 5.3051313 5.2827863 5.2918246 5.2954677 5.2979191 5.2806209 
14         3.6835138 3.1070063 3.6201636 3.4468802 3.6873214 3.6166659 3.6900709 3.0864818 3.0576404 3.6993550 3.1345207 3.6896233 2.8664860 4.6847068 0.0000000 3.6860217 3.6852171 3.6992173 3.6989141 3.6989141 3.6835611 3.6867181 3.6881809 3.3979738 3.3979738 3.6871652 3.6867456 3.6782544 3.6881442 3.1995852 3.3856882 3.6090830 3.6076522 3.7000745 3.6891486 3.6891486 3.6881442 3.3971006 3.6871652 3.6874022 3.6901553 3.6867711 3.6915666 2.7775496 
15         0.1017973 3.2910607 0.1046145 0.1118855 0.0952679 0.0954713 0.0451268 4.3028059 4.3284494 0.0945873 4.0984995 0.0948145 3.1408035 5.2842528 3.6860217 0.0000000 0.0013666 0.0948332 0.0954126 0.0954762 0.1029914 0.0953475 0.1007909 1.8998768 1.8995532 0.0947796 0.1029275 0.1008470 0.0912825 3.2101486 1.9086146 0.0930885 0.0912115 0.0918922 0.0897023 0.0912411 0.0913368 1.8988846 0.0944689 0.0915435 0.0947123 0.1009553 0.0913960 3.0732782 
16         0.1011807 3.2921587 0.1042867 0.1115239 0.0947353 0.0947807 0.0446591 4.3013775 4.3231531 0.0941069 4.0973200 0.0942846 3.1416287 5.2866104 3.6852171 0.0013666 0.0000000 0.0941761 0.0947542 0.0948161 0.1023678 0.0948167 0.1001774 1.8988554 1.8985297 0.0942485 0.1023084 0.1002801 0.0906667 3.2132353 1.9075883 0.0924629 0.0907460 0.0912949 0.0890819 0.0906254 0.0907195 1.8978614 0.0939384 0.0909276 0.0941343 0.1003415 0.0907461 3.0757014 
17         0.0829066 3.3057979 0.0361169 0.0311839 0.0273685 0.0013512 0.0892051 4.3059800 4.3599654 0.0267755 4.1094695 0.0261738 3.1207419 5.3019201 3.6992173 0.0948332 0.0941761 0.0000000 0.0006768 0.0007502 0.0841778 0.0266797 0.0822634 1.8798438 1.8793739 0.0264460 0.0835532 0.0756349 0.0098900 3.2254545 1.8885331 0.0154713 0.0304133 0.0136083 0.0101273 0.0099288 0.0096156 1.8789923 0.0261103 0.0169364 0.0147200 0.0825758 0.0064098 3.0573389 
18         0.0835715 3.3069007 0.0367010 0.0318254 0.0279139 0.0019170 0.0897851 4.3055179 4.3600265 0.0273212 4.1089542 0.0267136 3.1226348 5.3032924 3.6989141 0.0954126 0.0947542 0.0006768 0.0000000 0.0001427 0.0848512 0.0272205 0.0829257 1.8808461 1.8803781 0.0269878 0.0842203 0.0763371 0.0104560 3.2265932 1.8895390 0.0159892 0.0309690 0.0141012 0.0107009 0.0104950 0.0101824 1.8799963 0.0266511 0.0174520 0.0152380 0.0832381 0.0069628 3.0592785 
19         0.0837896 3.3069007 0.0367626 0.0318944 0.0279680 0.0019982 0.0899286 4.3055179 4.3600265 0.0274064 4.1089542 0.0267782 3.1226348 5.3032924 3.6989141 0.0954762 0.0948161 0.0007502 0.0001427 0.0000000 0.0850754 0.0272864 0.0830389 1.8808461 1.8803781 0.0270533 0.0844408 0.0764148 0.0105603 3.2265932 1.8895390 0.0160279 0.0310235 0.0141449 0.0107686 0.0105995 0.0102861 1.8799963 0.0267157 0.0174984 0.0152750 0.0833512 0.0070555 3.0592785 
20         0.0006590 3.2945292 0.0910036 0.0818449 0.0838075 0.0856502 0.0972967 4.3189015 4.3265283 0.0829291 4.1178804 0.0832755 3.1366993 5.3115312 3.6835611 0.1029914 0.1023678 0.0841778 0.0848512 0.0850754 0.0000000 0.0830226 0.0146858 1.9099407 1.9094110 0.0834324 0.0013269 0.0219568 0.0845344 3.2105019 1.9177279 0.0851197 0.0852506 0.0851194 0.0832751 0.0845919 0.0845313 1.9087233 0.0830205 0.0844481 0.0837414 0.0125007 0.0840920 3.0684592 
21         0.0819105 3.2989799 0.0111919 0.0551513 0.0015968 0.0273779 0.0900269 4.2964540 4.3552299 0.0021552 4.1061144 0.0007207 3.1314059 5.3046564 3.6867181 0.0953475 0.0948167 0.0266797 0.0272205 0.0272864 0.0830226 0.0000000 0.0811788 1.8801226 1.8798326 0.0013772 0.0822315 0.0706624 0.0259745 3.2153347 1.8880810 0.0164587 0.0069569 0.0287140 0.0256241 0.0259370 0.0257137 1.8789457 0.0013368 0.0157966 0.0111123 0.0811324 0.0287163 3.0694334 
22         0.0140833 3.2958475 0.0894106 0.0849424 0.0818309 0.0837142 0.0957896 4.3156463 4.3294666 0.0810653 4.1131498 0.0813209 3.1430054 5.2960984 3.6881809 0.1007909 0.1001774 0.0822634 0.0829257 0.0830389 0.0146858 0.0811788 0.0000000 1.8936836 1.8931359 0.0814755 0.0147481 0.0163532 0.0827260 3.2087934 1.9008073 0.0830027 0.0829663 0.0827865 0.0815142 0.0827828 0.0826606 1.8924678 0.0811155 0.0820079 0.0819046 0.0027579 0.0822271 3.0731390 
23         1.8906444 3.1371172 1.8765145 1.8427771 1.8798635 1.8274593 1.9156013 4.0324431 4.1364694 1.8781376 3.8056626 1.8778461 2.9838680 5.3520111 3.3979738 1.8998768 1.8988554 1.8798438 1.8808461 1.8808461 1.9099407 1.8801226 1.8936836 0.0000000 0.0000607 1.8847964 1.8937820 1.8968307 1.8854359 3.1642905 0.0009873 1.8708003 1.8783563 1.8746530 1.8872963 1.8865196 1.8854359 0.0004273 1.8705735 1.8800474 1.8762519 1.8970370 1.8793244 2.9004103 
25         1.8900890 3.1380911 1.8762164 1.8421272 1.8795730 1.8268467 1.9153415 4.0448970 4.1407036 1.8778900 3.8060046 1.8775502 2.9838680 5.3520111 3.3979738 1.8995532 1.8985297 1.8793739 1.8803781 1.8803781 1.9094110 1.8798326 1.8931359 0.0000607 0.0000000 1.8845620 1.8932324 1.8962874 1.8849730 3.1655998 0.0010508 1.8708254 1.8781075 1.8741587 1.8868381 1.8860589 1.8849730 0.0004884 1.8703104 1.8795759 1.8759540 1.8964949 1.8788534 2.9013489 
26         0.0824255 3.2992123 0.0103579 0.0546256 0.0017524 0.0271706 0.0896744 4.2964074 4.3555943 0.0009160 4.1062541 0.0008696 3.1315067 5.3051313 3.6871652 0.0947796 0.0942485 0.0264460 0.0269878 0.0270533 0.0834324 0.0013772 0.0814755 1.8847964 1.8845620 0.0000000 0.0827386 0.0707759 0.0254890 3.2157663 1.8927825 0.0164711 0.0056980 0.0281536 0.0251818 0.0254515 0.0252399 1.8838163 0.0000358 0.0154066 0.0112578 0.0815739 0.0284506 3.0700734 
27         0.0007286 3.2960763 0.0903156 0.0820002 0.0830203 0.0848009 0.0963544 4.3225551 4.3304602 0.0821265 4.1229178 0.0824956 3.1379219 5.2946057 3.6867456 0.1029275 0.1023084 0.0835532 0.0842203 0.0844408 0.0013269 0.0822315 0.0147481 1.8937820 1.8932324 0.0827386 0.0000000 0.0216131 0.0838683 3.2116860 1.9018467 0.0841371 0.0844197 0.0845070 0.0826735 0.0839254 0.0838635 1.8925616 0.0821015 0.0835168 0.0827816 0.0123251 0.0834259 3.0685682 
28         0.0211887 3.2894874 0.0764487 0.0859616 0.0711925 0.0767123 0.0952490 4.3043006 4.3295385 0.0673873 4.1045619 0.0709665 3.1416770 5.2888593 3.6782544 0.1008470 0.1002801 0.0756349 0.0763371 0.0764148 0.0219568 0.0706624 0.0163532 1.8968307 1.8962874 0.0707759 0.0216131 0.0000000 0.0758415 3.2103801 1.9045463 0.0739719 0.0731641 0.0770935 0.0749751 0.0758981 0.0757593 1.8955465 0.0702093 0.0730524 0.0684180 0.0141880 0.0749786 3.0734708 
29         0.0834260 3.2993909 0.0349247 0.0332028 0.0266203 0.0101741 0.0822891 4.3005392 4.3569460 0.0262176 4.1030939 0.0254402 3.1183588 5.2826257 3.6881442 0.0912825 0.0906667 0.0098900 0.0104560 0.0105603 0.0845344 0.0259745 0.0827260 1.8854359 1.8849730 0.0254890 0.0838683 0.0758415 0.0000000 3.2176599 1.8942196 0.0094993 0.0298235 0.0032997 0.0001081 0.0001074 0.0000010 1.8845872 0.0255587 0.0097228 0.0186368 0.0826487 0.0107200 3.0519614 
30         3.2114752 0.8538672 3.1616934 2.9327102 3.2154628 3.1648531 3.2196829 4.0044384 4.0081131 3.2212715 3.8064230 3.2153347 2.5107803 5.2433455 3.1995852 3.2101486 3.2132353 3.2254545 3.2265932 3.2265932 3.2105019 3.2153347 3.2087934 3.1642905 3.1655998 3.2157663 3.2116860 3.2103801 3.2176599 0.0000000 3.1624151 3.1556437 3.1576068 3.2043375 3.2182942 3.2182942 3.2176599 3.1646489 3.2157663 3.2194481 3.2236421 3.2043135 3.2203573 2.3726393 
31         1.8982286 3.1287159 1.8851074 1.8530677 1.8878210 1.8365902 1.9242004 3.9986932 4.1127127 1.8860763 3.7735732 1.8858336 2.9828511 5.3142634 3.3856882 1.9086146 1.9075883 1.8885331 1.8895390 1.8895390 1.9177279 1.8880810 1.9008073 0.0009873 0.0010508 1.8927825 1.9018467 1.9045463 1.8942196 3.1624151 0.0000000 1.8789020 1.8864183 1.8841276 1.8960664 1.8953061 1.8942196 0.0010508 1.8784741 1.8879203 1.8842033 1.9041772 1.8876626 2.8938337 
32         0.0838239 3.2320179 0.0262484 0.0399965 0.0172432 0.0163711 0.0852523 4.1840114 4.2614944 0.0166644 3.9796371 0.0160540 3.0648854 5.2338411 3.6090830 0.0930885 0.0924629 0.0154713 0.0159892 0.0160279 0.0851197 0.0164587 0.0830027 1.8708003 1.8708254 0.0164711 0.0841371 0.0739719 0.0094993 3.1556437 1.8789020 0.0000000 0.0214234 0.0120824 0.0092511 0.0094624 0.0092970 1.8700781 0.0162731 0.0025212 0.0094891 0.0829489 0.0154612 2.9957837 
33         0.0841006 3.2371410 0.0164615 0.0579144 0.0071778 0.0307340 0.0827568 4.1958220 4.2562712 0.0063110 4.0030553 0.0060624 3.0770371 5.2543977 3.6076522 0.0912115 0.0907460 0.0304133 0.0309690 0.0310235 0.0852506 0.0069569 0.0829663 1.8783563 1.8781075 0.0056980 0.0844197 0.0731641 0.0298235 3.1576068 1.8864183 0.0214234 0.0000000 0.0327627 0.0295551 0.0297854 0.0296556 1.8774318 0.0056602 0.0209683 0.0163326 0.0830727 0.0324715 3.0047847 
34         0.0838769 3.2864471 0.0386072 0.0338304 0.0288068 0.0137877 0.0836020 4.2869108 4.3396076 0.0288940 4.0895015 0.0281738 3.1101981 5.2775993 3.7000745 0.0918922 0.0912949 0.0136083 0.0141012 0.0141449 0.0851194 0.0287140 0.0827865 1.8746530 1.8741587 0.0281536 0.0845070 0.0770935 0.0032997 3.2043375 1.8841276 0.0120824 0.0327627 0.0000000 0.0027891 0.0034170 0.0033084 1.8737666 0.0282212 0.0123621 0.0208153 0.0831844 0.0142979 3.0440782 
35         0.0821620 3.3000386 0.0348373 0.0338021 0.0263174 0.0104464 0.0811849 4.3015911 4.3579967 0.0259113 4.1030939 0.0251092 3.1189411 5.2826257 3.6891486 0.0897023 0.0890819 0.0101273 0.0107009 0.0107686 0.0832751 0.0256241 0.0815142 1.8872963 1.8868381 0.0251818 0.0826735 0.0749751 0.0001081 3.2182942 1.8960664 0.0092511 0.0295551 0.0027891 0.0000000 0.0000720 0.0001084 1.8864528 0.0252423 0.0095152 0.0182102 0.0817405 0.0109403 3.0525587 
36         0.0834829 3.3000386 0.0349290 0.0333097 0.0265826 0.0102149 0.0822477 4.3022266 4.3576699 0.0261797 4.1037857 0.0254027 3.1189411 5.2826257 3.6891486 0.0912411 0.0906254 0.0099288 0.0104950 0.0105995 0.0845919 0.0259370 0.0827828 1.8865196 1.8860589 0.0254515 0.0839254 0.0758981 0.0001074 3.2182942 1.8953061 0.0094624 0.0297854 0.0034170 0.0000720 0.0000000 0.0001077 1.8856729 0.0255212 0.0096863 0.0185992 0.0827055 0.0107590 3.0525587 
37         0.0834202 3.2993909 0.0347911 0.0329536 0.0263722 0.0098870 0.0824778 4.3005392 4.3569460 0.0259677 4.1030939 0.0252659 3.1183588 5.2826257 3.6881442 0.0913368 0.0907195 0.0096156 0.0101824 0.0102861 0.0845313 0.0257137 0.0826606 1.8854359 1.8849730 0.0252399 0.0838635 0.0757593 0.0000010 3.2176599 1.8942196 0.0092970 0.0296556 0.0033084 0.0001084 0.0001077 0.0000000 1.8845872 0.0252972 0.0095232 0.0184503 0.0825830 0.0104477 3.0519614 
38         1.8894190 3.1374681 1.8754178 1.8413699 1.8786863 1.8264464 1.9146310 4.0431023 4.1399475 1.8771245 3.8059710 1.8770686 2.9843125 5.3534674 3.3971006 1.8988846 1.8978614 1.8789923 1.8799963 1.8799963 1.9087233 1.8789457 1.8924678 0.0004273 0.0004884 1.8838163 1.8925616 1.8955465 1.8845872 3.1646489 0.0010508 1.8700781 1.8774318 1.8737666 1.8864528 1.8856729 1.8845872 0.0000000 1.8695486 1.8788410 1.8750680 1.8958253 1.8781216 2.9009437 
39         0.0818140 3.2999044 0.0102718 0.0539922 0.0016743 0.0268068 0.0888690 4.2964074 4.3596748 0.0008721 4.1062541 0.0007945 3.1315067 5.3051313 3.6871652 0.0944689 0.0939384 0.0261103 0.0266511 0.0267157 0.0830205 0.0013368 0.0811155 1.8705735 1.8703104 0.0000358 0.0821015 0.0702093 0.0255587 3.2157663 1.8784741 0.0162731 0.0056602 0.0282212 0.0252423 0.0255212 0.0252972 1.8695486 0.0000000 0.0153369 0.0110247 0.0811336 0.0280840 3.0700734 
40         0.0831766 3.2992981 0.0252793 0.0398567 0.0164895 0.0174207 0.0838343 4.3010900 4.3704906 0.0159715 4.1046382 0.0153527 3.1240607 5.2827863 3.6874022 0.0915435 0.0909276 0.0169364 0.0174520 0.0174984 0.0844481 0.0157966 0.0820079 1.8800474 1.8795759 0.0154066 0.0835168 0.0730524 0.0097228 3.2194481 1.8879203 0.0025212 0.0209683 0.0123621 0.0095152 0.0096863 0.0095232 1.8788410 0.0153369 0.0000000 0.0105516 0.0821021 0.0173247 3.0552945 
41         0.0824623 3.3027804 0.0214133 0.0460003 0.0118428 0.0151603 0.0887099 4.2989882 4.3605067 0.0119011 4.1021226 0.0107047 3.1248251 5.2918246 3.6901553 0.0947123 0.0941343 0.0147200 0.0152380 0.0152750 0.0837414 0.0111123 0.0819046 1.8762519 1.8759540 0.0112578 0.0827816 0.0684180 0.0186368 3.2236421 1.8842033 0.0094891 0.0163326 0.0208153 0.0182102 0.0185992 0.0184503 1.8750680 0.0110247 0.0105516 0.0000000 0.0817320 0.0175983 3.0613644 
42         0.0119632 3.2942517 0.0894554 0.0843435 0.0818799 0.0835656 0.0958735 4.3110255 4.3284032 0.0812888 4.1113177 0.0813853 3.1420261 5.2954677 3.6867711 0.1009553 0.1003415 0.0825758 0.0832381 0.0833512 0.0125007 0.0811324 0.0027579 1.8970370 1.8964949 0.0815739 0.0123251 0.0141880 0.0826487 3.2043135 1.9041772 0.0829489 0.0830727 0.0831844 0.0817405 0.0827055 0.0825830 1.8958253 0.0811336 0.0821021 0.0817320 0.0000000 0.0820557 3.0727099 
43         0.0826891 3.3010584 0.0381419 0.0329089 0.0288144 0.0065713 0.0833142 4.2995418 4.3484181 0.0287553 4.0989863 0.0281738 3.1168791 5.2979191 3.6915666 0.0913960 0.0907461 0.0064098 0.0069628 0.0070555 0.0840920 0.0287163 0.0822271 1.8793244 1.8788534 0.0284506 0.0834259 0.0749786 0.0107200 3.2203573 1.8876626 0.0154612 0.0324715 0.0142979 0.0109403 0.0107590 0.0104477 1.8781216 0.0280840 0.0173247 0.0175983 0.0820557 0.0000000 3.0576883 
24         3.0685391 2.2980832 2.9997927 2.7727187 3.0697927 2.9925517 3.0777497 3.7542621 3.6855692 3.0845172 3.6279648 3.0694334 0.6358690 5.2806209 2.7775496 3.0732782 3.0757014 3.0573389 3.0592785 3.0592785 3.0684592 3.0694334 3.0731390 2.9004103 2.9013489 3.0700734 3.0685682 3.0734708 3.0519614 2.3726393 2.8938337 2.9957837 3.0047847 3.0440782 3.0525587 3.0525587 3.0519614 2.9009437 3.0700734 3.0552945 3.0613644 3.0727099 3.0576883 0.0000000 
