16
MCV_ML1_SDDV_MN562489_1_MCV_ML1_SDDV_MN562489.1_00106         0.0000000 0.0000010 2.3119365 2.2898022 2.3006635 2.2898022 2.3119365 2.3093591 2.3093591 2.3006635 2.3093591 2.3093591 2.3006635 2.3288686 2.4434442 2.3060973 
MCV_ML1_SDDV_MT521409_1_MCV_ML1_SDDV_MT521409.1_00107         0.0000010 0.0000000 2.3119365 2.2898022 2.3006635 2.2898022 2.3119365 2.3093591 2.3093591 2.3006635 2.3093591 2.3093591 2.3006635 2.3288686 2.4434442 2.3060973 
MCV_MP1_BCFI_MN432490_1_MCV_MP1_BCFI_MN432490.1_00002         2.3119365 2.3119365 0.0000000 0.0420851 0.0497675 0.0420851 0.0000010 0.0413621 0.0413621 0.0497675 0.0413621 0.0413621 0.0497675 0.0582017 0.0786905 0.0412113 
MCV_MP1_BCFI_MT926123_1_MCV_MP1_BCFI_MT926123.1_00002         2.2898022 2.2898022 0.0420851 0.0000000 0.0416579 0.0000010 0.0420851 0.0332498 0.0332498 0.0416579 0.0332498 0.0332498 0.0416579 0.0678154 0.0890107 0.0504457 
MCV_MP1_GSPI_KT804738_1_MCV_MP1_GSPI_KT804738.1_00002         2.3006635 2.3006635 0.0497675 0.0416579 0.0000000 0.0416579 0.0497675 0.0080432 0.0080432 0.0000010 0.0077703 0.0077703 0.0000010 0.0752628 0.0965027 0.0580222 
MCV_MP1_ISKNV_AF371960_1_MCV_MP1_ISKNV_AF371960.1_00002       2.2898022 2.2898022 0.0420851 0.0000010 0.0416579 0.0000000 0.0420851 0.0332498 0.0332498 0.0416579 0.0332498 0.0332498 0.0416579 0.0678154 0.0890107 0.0504457 
MCV_MP1_LBUSV_OP009387_1_MCV_MP1_LBUSV_OP009387.1_00002       2.3119365 2.3119365 0.0000010 0.0420851 0.0497675 0.0420851 0.0000000 0.0413621 0.0413621 0.0497675 0.0413621 0.0413621 0.0497675 0.0582017 0.0786905 0.0412113 
MCV_MP1_LYCI_AY779031_1_MCV_MP1_LYCI_AY779031.1_00002         2.3093591 2.3093591 0.0413621 0.0332498 0.0080432 0.0332498 0.0413621 0.0000000 0.0000010 0.0080432 0.0000010 0.0000010 0.0080432 0.0667180 0.0875948 0.0495984 
MCV_MP1_LYCI_MW139932_1_MCV_MP1_LYCI_MW139932.1_00002         2.3093591 2.3093591 0.0413621 0.0332498 0.0080432 0.0332498 0.0413621 0.0000010 0.0000000 0.0080432 0.0000010 0.0000010 0.0080432 0.0667180 0.0875948 0.0495984 
MCV_MP1_OSGI_AY894343_1_MCV_MP1_OSGI_AY894343.1_00002         2.3006635 2.3006635 0.0497675 0.0416579 0.0000010 0.0416579 0.0497675 0.0080432 0.0080432 0.0000000 0.0080432 0.0080432 0.0000010 0.0752628 0.0965027 0.0580222 
MCV_MP1_PI_MK098187_1_MCV_MP1_PI_MK098187.1_00002             2.3093591 2.3093591 0.0413621 0.0332498 0.0077703 0.0332498 0.0413621 0.0000010 0.0000010 0.0080432 0.0000000 0.0000010 0.0080432 0.0667180 0.0875948 0.0495984 
MCV_MP1_RSIV_BD143114_1_MCV_MP1_RSIV_BD143114.1_00072         2.3093591 2.3093591 0.0413621 0.0332498 0.0077703 0.0332498 0.0413621 0.0000010 0.0000010 0.0080432 0.0000010 0.0000000 0.0080432 0.0667180 0.0875948 0.0495984 
MCV_MP1_RSIV_MK689686_1_MCV_MP1_RSIV_MK689686.1_00002         2.3006635 2.3006635 0.0497675 0.0416579 0.0000010 0.0416579 0.0497675 0.0080432 0.0080432 0.0000010 0.0080432 0.0080432 0.0000000 0.0752628 0.0965027 0.0580222 
MCV_MP1_TRBIV_GQ273492_1_MCV_MP1_TRBIV_GQ273492.1_00002       2.3288686 2.3288686 0.0582017 0.0678154 0.0752628 0.0678154 0.0582017 0.0667180 0.0667180 0.0752628 0.0667180 0.0667180 0.0752628 0.0000000 0.0515142 0.0161280 
MCV_Unclassified_MG570131_1_MCV_Unclassified_MG570131.1_00002 2.4434442 2.4434442 0.0786905 0.0890107 0.0965027 0.0890107 0.0786905 0.0875948 0.0875948 0.0965027 0.0875948 0.0875948 0.0965027 0.0515142 0.0000000 0.0341768 
MCV_Unclassified_MG570132_1_MCV_Unclassified_MG570132.1_00002 2.3060973 2.3060973 0.0412113 0.0504457 0.0580222 0.0504457 0.0412113 0.0495984 0.0495984 0.0580222 0.0495984 0.0495984 0.0580222 0.0161280 0.0341768 0.0000000 
