13
MK637631_European_chub_iridovirus_ECIV                   0.0000000 0.4536386 0.4409394 0.4336673 0.4475041 0.4475041 0.4336673 0.1484839 0.4638958 0.1484839 0.4363143 0.4536386 0.4593085 
MG570132_Megalocytivirus_pagrus1_TRBIV                   0.4536386 0.0000000 0.0210302 0.0167775 0.0041584 0.0041584 0.0167775 0.4310650 0.1159864 0.4310650 0.0211203 0.0000010 0.0168508 
OP009387_Megalocytivirus_pagrus1_ISKNV                   0.4409394 0.0210302 0.0000000 0.0041738 0.0168046 0.0168046 0.0041738 0.4208040 0.1224248 0.4208040 0.0084065 0.0210302 0.0212343 
MW883594_Megalocytivirus_pagrus1_ISKNV                   0.4336673 0.0167775 0.0041738 0.0000000 0.0125682 0.0125682 0.0000010 0.4136453 0.1174332 0.4136453 0.0041913 0.0167775 0.0169397 
MK098185_Megalocytivirus_pagrus1_RSIV                    0.4475041 0.0041584 0.0168046 0.0125682 0.0000000 0.0000010 0.0125682 0.4290399 0.1113000 0.4290399 0.0168763 0.0041584 0.0126233 
ON740976_Megalocytivirus_pagrus1_RSIV                    0.4475041 0.0041584 0.0168046 0.0125682 0.0000010 0.0000000 0.0125682 0.4290399 0.1113000 0.4290399 0.0168763 0.0041584 0.0126233 
MW883601_Megalocytivirus_pagrus1_ISKNV                   0.4336673 0.0167775 0.0041738 0.0000010 0.0125682 0.0125682 0.0000000 0.4136453 0.1174332 0.4136453 0.0041913 0.0167775 0.0169397 
MN562489_Megalocytivirus_lates1_SDDV                     0.1484839 0.4310650 0.4208040 0.4136453 0.4290399 0.4290399 0.4136453 0.0000000 0.4420013 0.0000010 0.4203813 0.4310650 0.4405910 
PQ335173_PQ335174_Threespine_stickleback_iridovirus_TSIV 0.4638958 0.1159864 0.1224248 0.1174332 0.1113000 0.1113000 0.1174332 0.4420013 0.0000000 0.4420013 0.1230332 0.1159864 0.1266802 
MT521409_Megalocytivirus_lates1_SDDV                     0.1484839 0.4310650 0.4208040 0.4136453 0.4290399 0.4290399 0.4136453 0.0000010 0.4420013 0.0000000 0.4203813 0.4310650 0.4405910 
OP896201_Megalocytivirus_pagrus1_ISKNV                   0.4363143 0.0211203 0.0084065 0.0041913 0.0168763 0.0168763 0.0041913 0.4203813 0.1230332 0.4203813 0.0000000 0.0211203 0.0213261 
MG570131_Megalocytivirus_pagrus1_TRBIV                   0.4536386 0.0000010 0.0210302 0.0167775 0.0041584 0.0041584 0.0167775 0.4310650 0.1159864 0.4310650 0.0211203 0.0000000 0.0168508 
GQ273492_Megalocytivirus_pagrus1_TRBIV                   0.4593085 0.0168508 0.0212343 0.0169397 0.0126233 0.0126233 0.0169397 0.4405910 0.1266802 0.4405910 0.0213261 0.0168508 0.0000000 
