12
MG570132_Megalocytivirus_pagrus1_TRBIV                   0.0000000 0.0210420 0.0167833 0.0041578 0.0041578 0.0167833 0.4406158 0.1165985 0.4406158 0.0211346 0.0000010 0.0168627 
OP009387_Megalocytivirus_pagrus1_ISKNV                   0.0210420 0.0000000 0.0041742 0.0168142 0.0168142 0.0041742 0.4299118 0.1231845 0.4299118 0.0084112 0.0210420 0.0212613 
MW883594_Megalocytivirus_pagrus1_ISKNV                   0.0167833 0.0041742 0.0000000 0.0125726 0.0125726 0.0000010 0.4225944 0.1181438 0.4225944 0.0041923 0.0167833 0.0169575 
MK098185_Megalocytivirus_pagrus1_RSIV                    0.0041578 0.0168142 0.0125726 0.0000000 0.0000010 0.0125726 0.4384546 0.1119029 0.4384546 0.0168879 0.0041578 0.0126323 
ON740976_Megalocytivirus_pagrus1_RSIV                    0.0041578 0.0168142 0.0125726 0.0000010 0.0000000 0.0125726 0.4384546 0.1119029 0.4384546 0.0168879 0.0041578 0.0126323 
MW883601_Megalocytivirus_pagrus1_ISKNV                   0.0167833 0.0041742 0.0000010 0.0125726 0.0125726 0.0000000 0.4225944 0.1181438 0.4225944 0.0041923 0.0167833 0.0169575 
MN562489_Megalocytivirus_lates1_SDDV                     0.4406158 0.4299118 0.4225944 0.4384546 0.4384546 0.4225944 0.0000000 0.4509873 0.0000010 0.4296221 0.4406158 0.4506134 
PQ335173_PQ335174_Threespine_stickleback_iridovirus_TSIV 0.1165985 0.1231845 0.1181438 0.1119029 0.1119029 0.1181438 0.4509873 0.0000000 0.4509873 0.1238202 0.1165985 0.1274266 
MT521409_Megalocytivirus_lates1_SDDV                     0.4406158 0.4299118 0.4225944 0.4384546 0.4384546 0.4225944 0.0000010 0.4509873 0.0000000 0.4296221 0.4406158 0.4506134 
OP896201_Megalocytivirus_pagrus1_ISKNV                   0.0211346 0.0084112 0.0041923 0.0168879 0.0168879 0.0041923 0.4296221 0.1238202 0.4296221 0.0000000 0.0211346 0.0213559 
MG570131_Megalocytivirus_pagrus1_TRBIV                   0.0000010 0.0210420 0.0167833 0.0041578 0.0041578 0.0167833 0.4406158 0.1165985 0.4406158 0.0211346 0.0000000 0.0168627 
GQ273492_Megalocytivirus_pagrus1_TRBIV                   0.0168627 0.0212613 0.0169575 0.0126323 0.0126323 0.0169575 0.4506134 0.1274266 0.4506134 0.0213559 0.0168627 0.0000000 
