21
MT128666_Megalocytivirus_pagrus1_ISKNV                   0.0000000 0.0868699 0.0831855 0.0000010 0.0802196 2.9949108 0.0831855 0.0868699 0.0052741 0.0802196 0.9748253 0.0942916 2.9949108 0.0943614 0.0026312 0.0026993 0.0026312 0.0831826 0.0026993 0.0774996 0.0907104 
OK042108_Megalocytivirus_pagrus1_RSIV                    0.0868699 0.0000000 0.0292246 0.0868699 0.0265349 2.9516455 0.0292246 0.0000010 0.0929093 0.0265349 1.0650391 0.0934106 2.9516455 0.0910236 0.0898059 0.0913745 0.0898059 0.0292243 0.0913745 0.0131729 0.0902241 
AB104413_Megalocytivirus_pagrus1_RSIV                    0.0831855 0.0292246 0.0000000 0.0831855 0.0025970 2.8575803 0.0000010 0.0292246 0.0891621 0.0025970 1.0340182 0.0928996 2.8575803 0.0905224 0.0860940 0.0876063 0.0860940 0.0052013 0.0876063 0.0157563 0.0929920 
MT128667_Megalocytivirus_pagrus1_ISKNV                   0.0000010 0.0868699 0.0831855 0.0000000 0.0802196 2.9949108 0.0831855 0.0868699 0.0052741 0.0802196 0.9748253 0.0942916 2.9949108 0.0943614 0.0026312 0.0026993 0.0026312 0.0831826 0.0026993 0.0774996 0.0907104 
MK098187_Megalocytivirus_pagrus1_RSIV                    0.0802196 0.0265349 0.0025970 0.0802196 0.0000000 2.8738481 0.0025970 0.0265349 0.0861806 0.0000010 1.0259174 0.0899697 2.8738481 0.0875835 0.0831230 0.0845988 0.0831230 0.0025970 0.0845988 0.0131142 0.0900598 
MN562489_Megalocytivirus_lates1_SDDV                     2.9949108 2.9516455 2.8575803 2.9949108 2.8738481 0.0000000 2.8575803 2.9516455 2.9838162 2.8738481 4.0518909 3.2432993 0.0000010 3.2608115 2.9921664 3.0033312 2.9921664 2.8563769 3.0033312 2.9370754 3.2242206 
BD143114_Megalocytivirus_pagrus1_RSIV                    0.0831855 0.0292246 0.0000010 0.0831855 0.0025970 2.8575803 0.0000000 0.0292246 0.0891621 0.0025970 1.0340182 0.0928996 2.8575803 0.0905224 0.0860940 0.0876063 0.0860940 0.0052013 0.0876063 0.0157563 0.0929920 
KC244182_Megalocytivirus_pagrus1_RSIV                    0.0868699 0.0000010 0.0292246 0.0868699 0.0265349 2.9516455 0.0292246 0.0000000 0.0929093 0.0265349 1.0650391 0.0934106 2.9516455 0.0910236 0.0898059 0.0913745 0.0898059 0.0292243 0.0913745 0.0131729 0.0902241 
MW883603_Megalocytivirus_pagrus1_ISKNV                   0.0052741 0.0929093 0.0891621 0.0052741 0.0861806 2.9838162 0.0891621 0.0929093 0.0000000 0.0861806 0.9680849 0.1004530 2.9838162 0.1005278 0.0079169 0.0054329 0.0079169 0.0891587 0.0054329 0.0834621 0.0968215 
MW139932_Megalocytivirus_pagrus1_RSIV                    0.0802196 0.0265349 0.0025970 0.0802196 0.0000010 2.8738481 0.0025970 0.0265349 0.0861806 0.0000000 1.0259174 0.0899697 2.8738481 0.0875835 0.0831230 0.0845988 0.0831230 0.0025970 0.0845988 0.0131142 0.0900598 
PQ335173_PQ335174_Threespine_stickleback_iridovirus_TSIV 0.9748253 1.0650391 1.0340182 0.9748253 1.0259174 4.0518909 1.0340182 1.0650391 0.9680849 1.0259174 0.0000000 1.0515015 4.0518909 1.0552468 0.9754668 0.9726524 0.9754668 1.0283166 0.9726524 1.0559900 1.0787587 
MG570131_Megalocytivirus_pagrus1_TRBIV                   0.0942916 0.0934106 0.0928996 0.0942916 0.0899697 3.2432993 0.0928996 0.0934106 0.1004530 0.0899697 1.0515015 0.0000000 3.2432993 0.0052623 0.0911974 0.0989603 0.0911974 0.0928959 0.0989603 0.0841728 0.0325276 
MT521409_Megalocytivirus_lates1_SDDV                     2.9949108 2.9516455 2.8575803 2.9949108 2.8738481 0.0000010 2.8575803 2.9516455 2.9838162 2.8738481 4.0518909 3.2432993 0.0000000 3.2608115 2.9921664 3.0033312 2.9921664 2.8563769 3.0033312 2.9370754 3.2242206 
MG570132_Megalocytivirus_pagrus1_TRBIV                   0.0943614 0.0910236 0.0905224 0.0943614 0.0875835 3.2608115 0.0905224 0.0910236 0.1005278 0.0875835 1.0552468 0.0052623 3.2608115 0.0000000 0.0973527 0.0990346 0.0973527 0.0905189 0.0990346 0.0817677 0.0380593 
OQ513807_Megalocytivirus_pagrus1_ISKNV                   0.0026312 0.0898059 0.0860940 0.0026312 0.0831230 2.9921664 0.0860940 0.0898059 0.0079169 0.0831230 0.9754668 0.0911974 2.9921664 0.0973527 0.0000000 0.0053990 0.0000010 0.0860909 0.0053990 0.0804060 0.0876424 
MW883597_Megalocytivirus_pagrus1_ISKNV                   0.0026993 0.0913745 0.0876063 0.0026993 0.0845988 3.0033312 0.0876063 0.0913745 0.0054329 0.0845988 0.9726524 0.0989603 3.0033312 0.0990346 0.0053990 0.0000000 0.0053990 0.0876030 0.0000010 0.0818517 0.0953066 
OR670976_Megalocytivirus_pagrus1_ISKNV                   0.0026312 0.0898059 0.0860940 0.0026312 0.0831230 2.9921664 0.0860940 0.0898059 0.0079169 0.0831230 0.9754668 0.0911974 2.9921664 0.0973527 0.0000010 0.0053990 0.0000000 0.0860909 0.0053990 0.0804060 0.0876424 
MK098185_Megalocytivirus_pagrus1_RSIV                    0.0831826 0.0292243 0.0052013 0.0831826 0.0025970 2.8563769 0.0052013 0.0292243 0.0891587 0.0025970 1.0283166 0.0928959 2.8563769 0.0905189 0.0860909 0.0876030 0.0860909 0.0000000 0.0876030 0.0157563 0.0929883 
MW883596_Megalocytivirus_pagrus1_ISKNV                   0.0026993 0.0913745 0.0876063 0.0026993 0.0845988 3.0033312 0.0876063 0.0913745 0.0054329 0.0845988 0.9726524 0.0989603 3.0033312 0.0990346 0.0053990 0.0000010 0.0053990 0.0876030 0.0000000 0.0818517 0.0953066 
ON743042_Megalocytivirus_pagrus1_RSIV                    0.0774996 0.0131729 0.0157563 0.0774996 0.0131142 2.9370754 0.0157563 0.0131729 0.0834621 0.0131142 1.0559900 0.0841728 2.9370754 0.0817677 0.0804060 0.0818517 0.0804060 0.0157563 0.0818517 0.0000000 0.0810474 
GQ273492_Megalocytivirus_pagrus1_TRBIV                   0.0907104 0.0902241 0.0929920 0.0907104 0.0900598 3.2242206 0.0929920 0.0902241 0.0968215 0.0900598 1.0787587 0.0325276 3.2242206 0.0380593 0.0876424 0.0953066 0.0876424 0.0929883 0.0953066 0.0810474 0.0000000 
