17
AF371960_AF371960.1_00018 0.0000000 0.0485760 0.0447449 0.0734526 0.0530084 0.0485760 0.0914491 0.0764406 0.0447449 0.0000010 0.0272246 2.2895661 2.2895661 0.0530084 0.0272246 0.0450426 0.0669669 
AY894343_MK689686.1_00017 0.0485760 0.0000000 0.0194849 0.0546917 0.0038046 0.0000010 0.0797140 0.0652263 0.0194849 0.0485760 0.0693003 2.1828740 2.1828740 0.0038046 0.0693003 0.0114774 0.0403992 
BD143114_MK689686.1_00017 0.0447449 0.0194849 0.0000000 0.0590538 0.0235292 0.0194849 0.0842553 0.0697096 0.0000010 0.0447449 0.0651658 2.1979896 2.1979896 0.0235292 0.0651658 0.0077018 0.0445826 
GQ273492_GQ273492.1_00018 0.0734526 0.0546917 0.0590538 0.0000000 0.0570714 0.0546917 0.0613157 0.0477319 0.0590538 0.0734526 0.0834496 2.2034935 2.2034935 0.0570714 0.0834496 0.0594994 0.0171381 
KC244182_MK689686.1_00017 0.0530084 0.0038046 0.0235292 0.0570714 0.0000000 0.0038046 0.0823014 0.0677407 0.0235292 0.0530084 0.0739654 2.1811449 2.1811449 0.0000010 0.0739654 0.0153987 0.0361016 
KT804738_MK689686.1_00017 0.0485760 0.0000010 0.0194849 0.0546917 0.0038046 0.0000000 0.0797140 0.0652263 0.0194849 0.0485760 0.0693003 2.1828740 2.1828740 0.0038046 0.0693003 0.0114774 0.0403992 
MG570131_MG570131.1_00019 0.0914491 0.0797140 0.0842553 0.0613157 0.0823014 0.0797140 0.0000000 0.0199233 0.0842553 0.0914491 0.0982825 2.2057196 2.2057196 0.0823014 0.0982825 0.0850069 0.0741820 
MG570132_MG570132.1_00019 0.0764406 0.0652263 0.0697096 0.0477319 0.0677407 0.0652263 0.0199233 0.0000000 0.0697096 0.0764406 0.0831661 2.2349264 2.2349264 0.0677407 0.0831661 0.0702822 0.0600403 
MK098185_MK689686.1_00017 0.0447449 0.0194849 0.0000010 0.0590538 0.0235292 0.0194849 0.0842553 0.0697096 0.0000000 0.0447449 0.0651658 2.1979896 2.1979896 0.0235292 0.0651658 0.0077018 0.0445826 
MK689685_AF371960.1_00018 0.0000010 0.0485760 0.0447449 0.0734526 0.0530084 0.0485760 0.0914491 0.0764406 0.0447449 0.0000000 0.0272246 2.2895661 2.2895661 0.0530084 0.0272246 0.0450426 0.0669669 
MN432490_AF371960.1_00018 0.0272246 0.0693003 0.0651658 0.0834496 0.0739654 0.0693003 0.0982825 0.0831661 0.0651658 0.0272246 0.0000000 2.2559451 2.2559451 0.0739654 0.0000010 0.0656711 0.0860546 
MN562489_OM037668.1_00047 2.2895661 2.1828740 2.1979896 2.2034935 2.1811449 2.1828740 2.2057196 2.2349264 2.1979896 2.2895661 2.2559451 0.0000000 0.0000010 2.1811449 2.2559451 2.1931285 2.2157184 
MT521409_OM037668.1_00047 2.2895661 2.1828740 2.1979896 2.2034935 2.1811449 2.1828740 2.2057196 2.2349264 2.1979896 2.2895661 2.2559451 0.0000010 0.0000000 2.1811449 2.2559451 2.1931285 2.2157184 
MT798582_MK689686.1_00017 0.0530084 0.0038046 0.0235292 0.0570714 0.0000010 0.0038046 0.0823014 0.0677407 0.0235292 0.0530084 0.0739654 2.1811449 2.1811449 0.0000000 0.0739654 0.0153987 0.0361016 
MT986830_AF371960.1_00018 0.0272246 0.0693003 0.0651658 0.0834496 0.0739654 0.0693003 0.0982825 0.0831661 0.0651658 0.0272246 0.0000010 2.2559451 2.2559451 0.0739654 0.0000000 0.0656711 0.0860546 
OK042108_MK689686.1_00017 0.0450426 0.0114774 0.0077018 0.0594994 0.0153987 0.0114774 0.0850069 0.0702822 0.0077018 0.0450426 0.0656711 2.1931285 2.1931285 0.0153987 0.0656711 0.0000000 0.0448773 
OK042109_MK689686.1_00017 0.0669669 0.0403992 0.0445826 0.0171381 0.0361016 0.0403992 0.0741820 0.0600403 0.0445826 0.0669669 0.0860546 2.2157184 2.2157184 0.0361016 0.0860546 0.0448773 0.0000000 
