16
AF371960_AF371960.1_00048          0.0000000 0.0330886 0.0282697 0.0335758 0.0330886 1.7414405 0.0336879 0.0387662 0.0282697 0.0000010 0.0046555 0.8495501 1.8007966 0.8495501 1.5387788 0.0046555 
AY894343_MK689686.1_00046          0.0330886 0.0000000 0.0046269 0.0381309 0.0000010 1.7936353 0.0334818 0.0385246 0.0046269 0.0330886 0.0280999 0.8615135 1.8587559 0.8615135 1.6007334 0.0280999 
BD143114_MK689686.1_00046          0.0282697 0.0046269 0.0000000 0.0332598 0.0046269 1.7809011 0.0286063 0.0335995 0.0000010 0.0282697 0.0233417 0.8501394 1.8454817 0.8501394 1.6189502 0.0233417 
GQ273492_GQ273492.1_00047          0.0335758 0.0381309 0.0332598 0.0000000 0.0381309 1.7253624 0.0287142 0.0337271 0.0332598 0.0335758 0.0285114 0.8624032 1.7842164 0.8624032 1.6052338 0.0285114 
KC244182_MK689686.1_00046          0.0330886 0.0000010 0.0046269 0.0381309 0.0000000 1.7936353 0.0334818 0.0385246 0.0046269 0.0330886 0.0280999 0.8615135 1.8587559 0.8615135 1.6007334 0.0280999 
KX643370_Lymph_LDV3_KX643370_00096 1.7414405 1.7936353 1.7809011 1.7253624 1.7936353 0.0000000 1.7924899 1.8352727 1.7809011 1.7414405 1.7483126 2.0463009 0.1579596 2.0463009 1.1587258 1.7483126 
MG570131_MG570131.1_00048          0.0336879 0.0334818 0.0286063 0.0287142 0.0334818 1.7924899 0.0000000 0.0046292 0.0286063 0.0336879 0.0286039 0.8473131 1.8481993 0.8473131 1.6424760 0.0286039 
MG570132_MG570132.1_00048          0.0387662 0.0385246 0.0335995 0.0337271 0.0385246 1.8352727 0.0046292 0.0000000 0.0335995 0.0387662 0.0335979 0.8484628 1.8928520 0.8484628 1.6580258 0.0335979 
MK098185_MK689686.1_00046          0.0282697 0.0046269 0.0000010 0.0332598 0.0046269 1.7809011 0.0286063 0.0335995 0.0000000 0.0282697 0.0233417 0.8501394 1.8454817 0.8501394 1.6189502 0.0233417 
MK689685_AF371960.1_00048          0.0000010 0.0330886 0.0282697 0.0335758 0.0330886 1.7414405 0.0336879 0.0387662 0.0282697 0.0000000 0.0046555 0.8495501 1.8007966 0.8495501 1.5387788 0.0046555 
MN432490_AF371960.1_00048          0.0046555 0.0280999 0.0233417 0.0285114 0.0280999 1.7483126 0.0286039 0.0335979 0.0233417 0.0046555 0.0000000 0.8710859 1.8080886 0.8710859 1.5447125 0.0000010 
MN562489_OM037668.1_00110          0.8495501 0.8615135 0.8501394 0.8624032 0.8615135 2.0463009 0.8473131 0.8484628 0.8501394 0.8495501 0.8710859 0.0000000 1.9731554 0.0000010 1.7554620 0.8710859 
MN803438_MN803438.1_00054          1.8007966 1.8587559 1.8454817 1.7842164 1.8587559 0.1579596 1.8481993 1.8928520 1.8454817 1.8007966 1.8080886 1.9731554 0.0000000 1.9731554 1.1043060 1.8080886 
MT521409_OM037668.1_00110          0.8495501 0.8615135 0.8501394 0.8624032 0.8615135 2.0463009 0.8473131 0.8484628 0.8501394 0.8495501 0.8710859 0.0000010 1.9731554 0.0000000 1.7554620 0.8710859 
NC_005946_NC_005946.1_00085        1.5387788 1.6007334 1.6189502 1.6052338 1.6007334 1.1587258 1.6424760 1.6580258 1.6189502 1.5387788 1.5447125 1.7554620 1.1043060 1.7554620 0.0000000 1.5447125 
OP009387_AF371960.1_00048          0.0046555 0.0280999 0.0233417 0.0285114 0.0280999 1.7483126 0.0286039 0.0335979 0.0233417 0.0046555 0.0000010 0.8710859 1.8080886 0.8710859 1.5447125 0.0000000 
