13
AF371960_AF371960.1_00120 0.0000000 0.4961887 0.4539729 0.6523128 0.4961887 0.6940679 0.6940679 0.4539729 0.0000010 0.1312018 0.0077156 0.4553833 0.4235329 
AY894343_MK689686.1_00119 0.4961887 0.0000000 0.2747005 0.6911721 0.0000010 0.7653835 0.7653835 0.2747005 0.4961887 0.5410364 0.5079485 0.0874514 0.1872696 
BD143114_MK689686.1_00119 0.4539729 0.2747005 0.0000000 0.5982917 0.2747005 0.6655968 0.6655968 0.0000010 0.4539729 0.5063642 0.4641954 0.1626656 0.0000010 
GQ273492_GQ273492.1_00117 0.6523128 0.6911721 0.5982917 0.0000000 0.6911721 0.1517062 0.1517062 0.5982917 0.6523128 0.7052674 0.6639202 0.6836462 0.5594327 
KC244182_MK689686.1_00119 0.4961887 0.0000010 0.2747005 0.6911721 0.0000000 0.7653835 0.7653835 0.2747005 0.4961887 0.5410364 0.5079485 0.0874514 0.1872696 
MG570131_MG570131.1_00117 0.6940679 0.7653835 0.6655968 0.1517062 0.7653835 0.0000000 0.0000010 0.6655968 0.6940679 0.7430791 0.7059111 0.7582291 0.6441863 
MG570132_MG570132.1_00117 0.6940679 0.7653835 0.6655968 0.1517062 0.7653835 0.0000010 0.0000000 0.6655968 0.6940679 0.7430791 0.7059111 0.7582291 0.6441863 
MK098185_MK689686.1_00119 0.4539729 0.2747005 0.0000010 0.5982917 0.2747005 0.6655968 0.6655968 0.0000000 0.4539729 0.5063642 0.4641954 0.1626656 0.0000010 
MK689685_AF371960.1_00120 0.0000010 0.4961887 0.4539729 0.6523128 0.4961887 0.6940679 0.6940679 0.4539729 0.0000000 0.1312018 0.0077156 0.4553833 0.4235329 
MN432490_AF371960.1_00120 0.1312018 0.5410364 0.5063642 0.7052674 0.5410364 0.7430791 0.7430791 0.5063642 0.1312018 0.0000000 0.1396135 0.4929895 0.4397527 
MT986830_AF371960.1_00120 0.0077156 0.5079485 0.4641954 0.6639202 0.5079485 0.7059111 0.7059111 0.4641954 0.0077156 0.1396135 0.0000000 0.4666778 0.4348209 
OK042108_MK689686.1_00119 0.4553833 0.0874514 0.1626656 0.6836462 0.0874514 0.7582291 0.7582291 0.1626656 0.4553833 0.4929895 0.4666778 0.0000000 0.0833553 
OQ475017_OQ475017.1_00119 0.4235329 0.1872696 0.0000010 0.5594327 0.1872696 0.6441863 0.6441863 0.0000010 0.4235329 0.4397527 0.4348209 0.0833553 0.0000000 
