20
OR536350_Megalocytivirus_pagrus1_ISKNV                   0.0000000 0.0000010 0.0281085 0.0328868 0.7578500 0.0281085 0.0046328 0.0331988 1.4230358 0.0328868 0.0382674 0.0333082 1.5473568 0.0046092 0.0046328 0.3449490 0.0046092 0.7578500 0.0046063 1.6324508 
23043610003_Megalocytivirus_pagrus1_ISKNV                0.0000010 0.0000000 0.0281085 0.0328868 0.7578500 0.0281085 0.0046328 0.0331988 1.4230358 0.0328868 0.0382674 0.0333082 1.5473568 0.0046092 0.0046328 0.3449490 0.0046092 0.7578500 0.0046063 1.6324508 
ON740976_Megalocytivirus_pagrus1_RSIV                    0.0281085 0.0281085 0.0000000 0.0045969 0.7529748 0.0000010 0.0231987 0.0328482 1.4876792 0.0045969 0.0331936 0.0283055 1.5753526 0.0328819 0.0231987 0.3437599 0.0328819 0.7529748 0.0328610 1.6656405 
MK689686_Megalocytivirus_pagrus1_RSIV                    0.0328868 0.0328868 0.0045969 0.0000000 0.7633542 0.0045969 0.0279168 0.0376449 1.4704031 0.0000010 0.0380427 0.0331160 1.5845065 0.0376868 0.0279168 0.3511016 0.0376868 0.7633542 0.0376626 1.6753082 
MT521409_Megalocytivirus_lates1_SDDV                     0.7578500 0.7578500 0.7529748 0.7633542 0.0000000 0.7529748 0.7767578 0.7725593 1.6227978 0.7633542 0.7596181 0.7596917 1.7652929 0.7561618 0.7767578 0.8675308 0.7561618 0.0000010 0.7694120 1.7451138 
OK042108_Megalocytivirus_pagrus1_RSIV                    0.0281085 0.0281085 0.0000010 0.0045969 0.7529748 0.0000000 0.0231987 0.0328482 1.4876792 0.0045969 0.0331936 0.0283055 1.5753526 0.0328819 0.0231987 0.3437599 0.0328819 0.7529748 0.0328610 1.6656405 
OP009387_Megalocytivirus_pagrus1_ISKNV                   0.0046328 0.0046328 0.0231987 0.0279168 0.7767578 0.0231987 0.0000000 0.0281798 1.4281941 0.0279168 0.0331541 0.0282707 1.5528135 0.0092905 0.0000010 0.3386895 0.0092905 0.7767578 0.0092847 1.6382355 
GQ273492_Megalocytivirus_pagrus1_TRBIV                   0.0331988 0.0331988 0.0328482 0.0376449 0.7725593 0.0328482 0.0281798 0.0000000 1.4764486 0.0376449 0.0332801 0.0283783 1.5380298 0.0380443 0.0281798 0.3620676 0.0380443 0.7725593 0.0380197 1.6226061 
NC_005946_Ranavirus_rana1_n/a                            1.4230358 1.4230358 1.4876792 1.4704031 1.6227978 1.4876792 1.4281941 1.4764486 0.0000000 1.4704031 1.5258717 1.5106048 1.1057976 1.4198969 1.4281941 1.6677650 1.4198969 1.6227978 1.4277265 1.0801870 
ON075463_Megalocytivirus_pagrus1_RSIV                    0.0328868 0.0328868 0.0045969 0.0000010 0.7633542 0.0045969 0.0279168 0.0376449 1.4704031 0.0000000 0.0380427 0.0331160 1.5845065 0.0376868 0.0279168 0.3511016 0.0376868 0.7633542 0.0376626 1.6753082 
MG570132_Megalocytivirus_pagrus1_TRBIV                   0.0382674 0.0382674 0.0331936 0.0380427 0.7596181 0.0331936 0.0331541 0.0332801 1.5258717 0.0380427 0.0000000 0.0046016 1.6187575 0.0431704 0.0331541 0.3733235 0.0431704 0.7596181 0.0431422 1.7026093 
MG570131_Megalocytivirus_pagrus1_TRBIV                   0.0333082 0.0333082 0.0283055 0.0331160 0.7596917 0.0283055 0.0282707 0.0283783 1.5106048 0.0331160 0.0046016 0.0000000 1.5882236 0.0381714 0.0282707 0.3642951 0.0381714 0.7596917 0.0381466 1.6699369 
KX643370_Lymphocystivirus_sparus1_n/a                    1.5473568 1.5473568 1.5753526 1.5845065 1.7652929 1.5753526 1.5528135 1.5380298 1.1057976 1.5845065 1.6187575 1.5882236 0.0000000 1.5272869 1.5528135 1.6748735 1.5272869 1.7652929 1.5569254 0.1527271 
PP151097_Megalocytivirus_pagrus1_ISKNV                   0.0046092 0.0046092 0.0328819 0.0376868 0.7561618 0.0328819 0.0092905 0.0380443 1.4198969 0.0376868 0.0431704 0.0381714 1.5272869 0.0000000 0.0092905 0.3526470 0.0000010 0.7561618 0.0092372 1.6114679 
MW883595_Megalocytivirus_pagrus1_ISKNV                   0.0046328 0.0046328 0.0231987 0.0279168 0.7767578 0.0231987 0.0000010 0.0281798 1.4281941 0.0279168 0.0331541 0.0282707 1.5528135 0.0092905 0.0000000 0.3386895 0.0092905 0.7767578 0.0092847 1.6382355 
PQ335173_PQ335174_Threespine_stickleback_iridovirus_TSIV 0.3449490 0.3449490 0.3437599 0.3511016 0.8675308 0.3437599 0.3386895 0.3620676 1.6677650 0.3511016 0.3733235 0.3642951 1.6748735 0.3526470 0.3386895 0.0000000 0.3526470 0.8675308 0.3524150 1.7125642 
PP974677_Megalocytivirus_pagrus1_ISKNV                   0.0046092 0.0046092 0.0328819 0.0376868 0.7561618 0.0328819 0.0092905 0.0380443 1.4198969 0.0376868 0.0431704 0.0381714 1.5272869 0.0000010 0.0092905 0.3526470 0.0000000 0.7561618 0.0092372 1.6114679 
MN562489_Megalocytivirus_lates1_SDDV                     0.7578500 0.7578500 0.7529748 0.7633542 0.0000010 0.7529748 0.7767578 0.7725593 1.6227978 0.7633542 0.7596181 0.7596917 1.7652929 0.7561618 0.7767578 0.8675308 0.7561618 0.0000000 0.7694120 1.7451138 
MW883599_Megalocytivirus_pagrus1_ISKNV                   0.0046063 0.0046063 0.0328610 0.0376626 0.7694120 0.0328610 0.0092847 0.0380197 1.4277265 0.0376626 0.0431422 0.0381466 1.5569254 0.0092372 0.0092847 0.3524150 0.0092372 0.7694120 0.0000000 1.6384473 
MN803438_Lymphocystivirus_micropogonias1_n/a             1.6324508 1.6324508 1.6656405 1.6753082 1.7451138 1.6656405 1.6382355 1.6226061 1.0801870 1.6753082 1.7026093 1.6699369 0.1527271 1.6114679 1.6382355 1.7125642 1.6114679 1.7451138 1.6384473 0.0000000 
