21
MK637631_European_chub_iridovirus_ECIV                   0.0000000 0.8715275 0.8715275 0.8776945 0.8698360 0.7035327 0.8776945 0.8840768 0.9060938 1.9644890 0.8698360 0.8702001 0.8763079 2.0035468 0.8694489 0.8840768 1.0020044 0.8694489 0.7035327 0.8843020 2.0010427 
OR536350_Megalocytivirus_pagrus1_ISKNV                   0.8715275 0.0000000 0.0000010 0.0281367 0.0329258 0.7841711 0.0281367 0.0046349 0.0332463 1.4954025 0.0329258 0.0383448 0.0333663 1.6346837 0.0046103 0.0046349 0.3519117 0.0046103 0.7841711 0.0046066 1.7295071 
23043610003_Megalocytivirus_pagrus1_ISKNV                0.8715275 0.0000010 0.0000000 0.0281367 0.0329258 0.7841711 0.0281367 0.0046349 0.0332463 1.4954025 0.0329258 0.0383448 0.0333663 1.6346837 0.0046103 0.0046349 0.3519117 0.0046103 0.7841711 0.0046066 1.7295071 
ON740976_Megalocytivirus_pagrus1_RSIV                    0.8776945 0.0281367 0.0281367 0.0000000 0.0045978 0.7800806 0.0000010 0.0232111 0.0328738 1.5659995 0.0045978 0.0332408 0.0283382 1.6662059 0.0329233 0.0232111 0.3501701 0.0329233 0.7800806 0.0328958 1.7668605 
MK689686_Megalocytivirus_pagrus1_RSIV                    0.8698360 0.0329258 0.0329258 0.0045978 0.0000000 0.7907857 0.0045978 0.0279367 0.0376807 1.5473221 0.0000010 0.0381036 0.0331602 1.6759418 0.0377411 0.0279367 0.3576563 0.0377411 0.7907857 0.0377093 1.7772334 
MT521409_Megalocytivirus_lates1_SDDV                     0.7035327 0.7841711 0.7841711 0.7800806 0.7907857 0.0000000 0.7800806 0.8045882 0.8003103 1.7128183 0.7907857 0.7864976 0.7863821 1.8728386 0.7822679 0.8045882 0.8989536 0.7822679 0.0000010 0.7962580 1.8525513 
OK042108_Megalocytivirus_pagrus1_RSIV                    0.8776945 0.0281367 0.0281367 0.0000010 0.0045978 0.7800806 0.0000000 0.0232111 0.0328738 1.5659995 0.0045978 0.0332408 0.0283382 1.6662059 0.0329233 0.0232111 0.3501701 0.0329233 0.7800806 0.0328958 1.7668605 
OP009387_Megalocytivirus_pagrus1_ISKNV                   0.8840768 0.0046349 0.0046349 0.0232111 0.0279367 0.8045882 0.0232111 0.0000000 0.0282067 1.5009516 0.0279367 0.0332048 0.0283062 1.6406491 0.0092971 0.0000010 0.3451340 0.0092971 0.8045882 0.0092895 1.7358972 
GQ273492_Megalocytivirus_pagrus1_TRBIV                   0.9060938 0.0332463 0.0332463 0.0328738 0.0376807 0.8003103 0.0328738 0.0282067 0.0000000 1.5534818 0.0376807 0.0333315 0.0284145 1.6248111 0.0381086 0.0282067 0.3688673 0.0381086 0.8003103 0.0380762 1.7191033 
NC_005946_Ranavirus_rana1_n/a                            1.9644890 1.4954025 1.4954025 1.5659995 1.5473221 1.7128183 1.5659995 1.5009516 1.5534818 0.0000000 1.5473221 1.6081366 1.5915628 1.1524661 1.4920320 1.5009516 1.7639305 1.4920320 1.7128183 1.5004928 1.1253114 
ON075463_Megalocytivirus_pagrus1_RSIV                    0.8698360 0.0329258 0.0329258 0.0045978 0.0000010 0.7907857 0.0045978 0.0279367 0.0376807 1.5473221 0.0000000 0.0381036 0.0331602 1.6759418 0.0377411 0.0279367 0.3576563 0.0377411 0.7907857 0.0377093 1.7772334 
MG570132_Megalocytivirus_pagrus1_TRBIV                   0.8702001 0.0383448 0.0383448 0.0332408 0.0381036 0.7864976 0.0332408 0.0332048 0.0333315 1.6081366 0.0381036 0.0000000 0.0046028 1.7141126 0.0432694 0.0332048 0.3807663 0.0432694 0.7864976 0.0432322 1.8081638 
MG570131_Megalocytivirus_pagrus1_TRBIV                   0.8763079 0.0333663 0.0333663 0.0283382 0.0331602 0.7863821 0.0283382 0.0283062 0.0284145 1.5915628 0.0331602 0.0046028 0.0000000 1.6802024 0.0382481 0.0283062 0.3714355 0.0382481 0.7863821 0.0382155 1.7717594 
KX643370_Lymphocystivirus_sparus1_n/a                    2.0035468 1.6346837 1.6346837 1.6662059 1.6759418 1.8728386 1.6662059 1.6406491 1.6248111 1.1524661 1.6759418 1.7141126 1.6802024 0.0000000 1.6128297 1.6406491 1.7745288 1.6128297 1.8728386 1.6453321 0.1537911 
PP151097_Megalocytivirus_pagrus1_ISKNV                   0.8694489 0.0046103 0.0046103 0.0329233 0.0377411 0.7822679 0.0329233 0.0092971 0.0381086 1.4920320 0.0377411 0.0432694 0.0382481 1.6128297 0.0000000 0.0092971 0.3598553 0.0000010 0.7822679 0.0092402 1.7067220 
MW883595_Megalocytivirus_pagrus1_ISKNV                   0.8840768 0.0046349 0.0046349 0.0232111 0.0279367 0.8045882 0.0232111 0.0000010 0.0282067 1.5009516 0.0279367 0.0332048 0.0283062 1.6406491 0.0092971 0.0000000 0.3451340 0.0092971 0.8045882 0.0092895 1.7358972 
PQ335173_PQ335174_Threespine_stickleback_iridovirus_TSIV 1.0020044 0.3519117 0.3519117 0.3501701 0.3576563 0.8989536 0.3501701 0.3451340 0.3688673 1.7639305 0.3576563 0.3807663 0.3714355 1.7745288 0.3598553 0.3451340 0.0000000 0.3598553 0.8989536 0.3595174 1.8176713 
PP974677_Megalocytivirus_pagrus1_ISKNV                   0.8694489 0.0046103 0.0046103 0.0329233 0.0377411 0.7822679 0.0329233 0.0092971 0.0381086 1.4920320 0.0377411 0.0432694 0.0382481 1.6128297 0.0000010 0.0092971 0.3598553 0.0000000 0.7822679 0.0092402 1.7067220 
MN562489_Megalocytivirus_lates1_SDDV                     0.7035327 0.7841711 0.7841711 0.7800806 0.7907857 0.0000010 0.7800806 0.8045882 0.8003103 1.7128183 0.7907857 0.7864976 0.7863821 1.8728386 0.7822679 0.8045882 0.8989536 0.7822679 0.0000000 0.7962580 1.8525513 
MW883599_Megalocytivirus_pagrus1_ISKNV                   0.8843020 0.0046066 0.0046066 0.0328958 0.0377093 0.7962580 0.0328958 0.0092895 0.0380762 1.5004928 0.0377093 0.0432322 0.0382155 1.6453321 0.0092402 0.0092895 0.3595174 0.0092402 0.7962580 0.0000000 1.7364144 
MN803438_Lymphocystivirus_micropogonias1_n/a             2.0010427 1.7295071 1.7295071 1.7668605 1.7772334 1.8525513 1.7668605 1.7358972 1.7191033 1.1253114 1.7772334 1.8081638 1.7717594 0.1537911 1.7067220 1.7358972 1.8176713 1.7067220 1.8525513 1.7364144 0.0000000 
