16
MCV_ML1_SDDV_MN562489_1_MCV_ML1_SDDV_MN562489.1_00040         0.0000000 0.0000010 1.2232905 1.2232905 1.2138478 1.2232905 1.2232905 1.3764771 1.1958563 1.1958563 1.2138478 1.2244343 1.2577277 1.2577277 1.2344398 1.2344398 
MCV_ML1_SDDV_MT521409_1_MCV_ML1_SDDV_MT521409.1_00041         0.0000010 0.0000000 1.2232905 1.2232905 1.2138478 1.2232905 1.2232905 1.3764771 1.1958563 1.1958563 1.2138478 1.2244343 1.2577277 1.2577277 1.2344398 1.2344398 
MCV_MP1_BCFI_MN432490_1_MCV_MP1_BCFI_MN432490.1_00061         1.2232905 1.2232905 0.0000000 0.0000010 0.0383655 0.0000010 0.0000010 0.0041441 0.0463888 0.0463888 0.0383655 0.0468216 0.0589125 0.0589125 0.0471950 0.0471950 
MCV_MP1_BCFI_MT926123_1_MCV_MP1_BCFI_MT926123.1_00062         1.2232905 1.2232905 0.0000010 0.0000000 0.0385205 0.0000010 0.0000010 0.0041441 0.0463888 0.0463888 0.0385205 0.0470142 0.0589125 0.0589125 0.0471950 0.0471950 
MCV_MP1_GSPI_KT804738_1_MCV_MP1_GSPI_KT804738.1_00057         1.2138478 1.2138478 0.0383655 0.0385205 0.0000000 0.0385205 0.0383655 0.0427584 0.0187543 0.0187543 0.0000010 0.0112462 0.0461033 0.0461033 0.0504135 0.0504135 
MCV_MP1_ISKNV_AF371960_1_MCV_MP1_ISKNV_AF371960.1_00061       1.2232905 1.2232905 0.0000010 0.0000010 0.0385205 0.0000000 0.0000010 0.0041441 0.0463888 0.0463888 0.0385205 0.0470142 0.0589125 0.0589125 0.0471950 0.0471950 
MCV_MP1_LBUSV_OP009387_1_MCV_MP1_LBUSV_OP009387.1_00061       1.2232905 1.2232905 0.0000010 0.0000010 0.0383655 0.0000010 0.0000000 0.0041441 0.0463888 0.0463888 0.0383655 0.0468216 0.0589125 0.0589125 0.0471950 0.0471950 
MCV_MP1_LYCI_AY779031_1_MCV_MP1_LYCI_AY779031.1_00065         1.3764771 1.3764771 0.0041441 0.0041441 0.0427584 0.0041441 0.0041441 0.0000000 0.0471263 0.0471263 0.0427584 0.0522842 0.0655417 0.0655417 0.0525059 0.0525059 
MCV_MP1_LYCI_MW139932_1_MCV_MP1_LYCI_MW139932.1_00062         1.1958563 1.1958563 0.0463888 0.0463888 0.0187543 0.0463888 0.0463888 0.0471263 0.0000000 0.0000010 0.0187543 0.0267018 0.0540348 0.0540348 0.0584300 0.0584300 
MCV_MP1_LYCI_OL774653_1_MCV_MP1_LYCI_OL774653.1_00079         1.1958563 1.1958563 0.0463888 0.0463888 0.0187543 0.0463888 0.0463888 0.0471263 0.0000010 0.0000000 0.0187543 0.0267018 0.0540348 0.0540348 0.0584300 0.0584300 
MCV_MP1_OSGI_AY894343_1_MCV_MP1_OSGI_AY894343.1_00059         1.2138478 1.2138478 0.0383655 0.0385205 0.0000010 0.0385205 0.0383655 0.0427584 0.0187543 0.0187543 0.0000000 0.0112462 0.0461033 0.0461033 0.0504135 0.0504135 
MCV_MP1_RBIV_AY532606_1_MCV_MP1_RBIV_AY532606.1_00061         1.2244343 1.2244343 0.0468216 0.0470142 0.0112462 0.0470142 0.0468216 0.0522842 0.0267018 0.0267018 0.0112462 0.0000000 0.0547158 0.0547158 0.0591716 0.0591716 
MCV_MP1_RSIV_OK042109_1_MCV_MP1_RSIV_OK042109.1_00016         1.2577277 1.2577277 0.0589125 0.0589125 0.0461033 0.0589125 0.0589125 0.0655417 0.0540348 0.0540348 0.0461033 0.0547158 0.0000000 0.0000010 0.0225756 0.0225756 
MCV_MP1_TRBIV_GQ273492_1_MCV_MP1_TRBIV_GQ273492.1_00060       1.2577277 1.2577277 0.0589125 0.0589125 0.0461033 0.0589125 0.0589125 0.0655417 0.0540348 0.0540348 0.0461033 0.0547158 0.0000010 0.0000000 0.0225756 0.0225756 
MCV_Unclassified_MG570131_1_MCV_Unclassified_MG570131.1_00060 1.2344398 1.2344398 0.0471950 0.0471950 0.0504135 0.0471950 0.0471950 0.0525059 0.0584300 0.0584300 0.0504135 0.0591716 0.0225756 0.0225756 0.0000000 0.0000010 
MCV_Unclassified_MG570132_1_MCV_Unclassified_MG570132.1_00060 1.2344398 1.2344398 0.0471950 0.0471950 0.0504135 0.0471950 0.0471950 0.0525059 0.0584300 0.0584300 0.0504135 0.0591716 0.0225756 0.0225756 0.0000010 0.0000000 
