19
AF371960_AF371960.1_00042 0.0000000 0.2370719 0.2800080 0.3509002 0.2481288 0.2370719 0.3403074 0.3403074 0.2800080 0.0050709 0.0050597 0.2481728 0.0000010 0.0050722 0.3476751 0.3476751 0.2425516 0.2425516 0.3348964 
AY894343_MK689686.1_00040 0.2370719 0.0000000 0.1744694 0.2993914 0.0102045 0.0000010 0.3120548 0.3120548 0.1744694 0.2433808 0.2427378 0.0101688 0.2370719 0.2434980 0.2816971 0.2816971 0.0050801 0.0050801 0.2849552 
BD143114_MK689686.1_00040 0.2800080 0.1744694 0.0000000 0.3089102 0.1867545 0.1744694 0.3257228 0.3257228 0.0000010 0.2867075 0.2859100 0.1859267 0.2800080 0.2868653 0.2545821 0.2545821 0.1804580 0.1804580 0.2286985 
GQ273492_GQ273492.1_00041 0.3509002 0.2993914 0.3089102 0.0000000 0.3127640 0.2993914 0.1060705 0.1060705 0.3089102 0.3579272 0.3568985 0.3116458 0.3509002 0.3581603 0.0414300 0.0414300 0.3060465 0.3060465 0.0629782 
KC244182_MK689686.1_00040 0.2481288 0.0102045 0.1867545 0.3127640 0.0000000 0.0102045 0.3255955 0.3255955 0.1867545 0.2546450 0.2539516 0.0101989 0.2481288 0.2547741 0.2947436 0.2947436 0.0050951 0.0050951 0.2979663 
KT804738_MK689686.1_00040 0.2370719 0.0000010 0.1744694 0.2993914 0.0102045 0.0000000 0.3120548 0.3120548 0.1744694 0.2433808 0.2427378 0.0101688 0.2370719 0.2434980 0.2816971 0.2816971 0.0050801 0.0050801 0.2849552 
MG570131_MG570131.1_00042 0.3403074 0.3120548 0.3257228 0.1060705 0.3255955 0.3120548 0.0000000 0.0000010 0.3257228 0.3473311 0.3463310 0.3242508 0.3403074 0.3475532 0.1528636 0.1528636 0.3187063 0.3187063 0.1770324 
MG570132_MG570132.1_00042 0.3403074 0.3120548 0.3257228 0.1060705 0.3255955 0.3120548 0.0000010 0.0000000 0.3257228 0.3473311 0.3463310 0.3242508 0.3403074 0.3475532 0.1528636 0.1528636 0.3187063 0.3187063 0.1770324 
MK098185_MK689686.1_00040 0.2800080 0.1744694 0.0000010 0.3089102 0.1867545 0.1744694 0.3257228 0.3257228 0.0000000 0.2867075 0.2859100 0.1859267 0.2800080 0.2868653 0.2545821 0.2545821 0.1804580 0.1804580 0.2286985 
MK689685_AF371960.1_00042 0.0050709 0.2433808 0.2867075 0.3579272 0.2546450 0.2433808 0.3473311 0.3473311 0.2867075 0.0000000 0.0101508 0.2545735 0.0050709 0.0101761 0.3547473 0.3547473 0.2489495 0.2489495 0.3419403 
MN432490_AF371960.1_00042 0.0050597 0.2427378 0.2859100 0.3568985 0.2539516 0.2427378 0.3463310 0.3463310 0.2859100 0.0101508 0.0000000 0.2538926 0.0050597 0.0101534 0.3537205 0.3537205 0.2482832 0.2482832 0.3409519 
MT798582_MK689686.1_00040 0.2481728 0.0101688 0.1859267 0.3116458 0.0101989 0.0101688 0.3242508 0.3242508 0.1859267 0.2545735 0.2538926 0.0000000 0.2481728 0.2547002 0.2939495 0.2939495 0.0050774 0.0050774 0.2971208 
MT926123_AF371960.1_00042 0.0000010 0.2370719 0.2800080 0.3509002 0.2481288 0.2370719 0.3403074 0.3403074 0.2800080 0.0050709 0.0050597 0.2481728 0.0000000 0.0050722 0.3476751 0.3476751 0.2425516 0.2425516 0.3348964 
MT986830_AF371960.1_00042 0.0050722 0.2434980 0.2868653 0.3581603 0.2547741 0.2434980 0.3475532 0.3475532 0.2868653 0.0101761 0.0101534 0.2547002 0.0050722 0.0000000 0.3549786 0.3549786 0.2490722 0.2490722 0.3421576 
MW139932_MK689686.1_00040 0.3476751 0.2816971 0.2545821 0.0414300 0.2947436 0.2816971 0.1528636 0.1528636 0.2545821 0.3547473 0.3537205 0.2939495 0.3476751 0.3549786 0.0000000 0.0000010 0.2883133 0.2883133 0.0204909 
OK042108_MK689686.1_00040 0.3476751 0.2816971 0.2545821 0.0414300 0.2947436 0.2816971 0.1528636 0.1528636 0.2545821 0.3547473 0.3537205 0.2939495 0.3476751 0.3549786 0.0000010 0.0000000 0.2883133 0.2883133 0.0204909 
OK042109_MK689686.1_00040 0.2425516 0.0050801 0.1804580 0.3060465 0.0050951 0.0050801 0.3187063 0.3187063 0.1804580 0.2489495 0.2482832 0.0050774 0.2425516 0.2490722 0.2883133 0.2883133 0.0000000 0.0000010 0.2915306 
ON075463_MK689686.1_00040 0.2425516 0.0050801 0.1804580 0.3060465 0.0050951 0.0050801 0.3187063 0.3187063 0.1804580 0.2489495 0.2482832 0.0050774 0.2425516 0.2490722 0.2883133 0.2883133 0.0000010 0.0000000 0.2915306 
OQ475017_OQ475017.1_00041 0.3348964 0.2849552 0.2286985 0.0629782 0.2979663 0.2849552 0.1770324 0.1770324 0.2286985 0.3419403 0.3409519 0.2971208 0.3348964 0.3421576 0.0204909 0.0204909 0.2915306 0.2915306 0.0000000 
