24
MW883601_Megalocytivirus_pagrus1_ISKNV                   0.0000000 0.0600819 0.0671326 0.0000010 0.0671326 1.1682822 0.0671326 0.0816036 0.0032491 0.0600819 0.0196491 0.0632742 0.0032276 0.5619109 0.0196491 0.0674998 1.1682822 1.1704810 0.0632742 0.0712130 0.0032276 0.0231187 0.0671326 0.0032491 
MK098186_Megalocytivirus_pagrus1_RSIV                    0.0600819 0.0000000 0.0290402 0.0600819 0.0290402 1.1316472 0.0290402 0.0983622 0.0639453 0.0000010 0.0727505 0.0796516 0.0635388 0.5579166 0.0727505 0.0297274 1.1316472 1.1336905 0.0796516 0.0295850 0.0635388 0.0766732 0.0293798 0.0639453 
MT798582_Megalocytivirus_pagrus1_RSIV                    0.0671326 0.0290402 0.0000000 0.0671326 0.0000010 1.1430713 0.0000010 0.0997365 0.0710727 0.0290402 0.0794814 0.0846148 0.0706216 0.5729394 0.0794814 0.0000010 1.1430713 1.1451416 0.0846148 0.0064972 0.0706216 0.0834603 0.0000010 0.0710727 
MW883600_Megalocytivirus_pagrus1_ISKNV                   0.0000010 0.0600819 0.0671326 0.0000000 0.0671326 1.1682822 0.0671326 0.0816036 0.0032491 0.0600819 0.0196491 0.0632742 0.0032276 0.5619109 0.0196491 0.0674998 1.1682822 1.1704810 0.0632742 0.0712130 0.0032276 0.0231187 0.0671326 0.0032491 
OK042108_Megalocytivirus_pagrus1_RSIV                    0.0671326 0.0290402 0.0000010 0.0671326 0.0000000 1.1341562 0.0000010 0.0997365 0.0710727 0.0290402 0.0763081 0.0846148 0.0706216 0.5729394 0.0763081 0.0000010 1.1341562 1.1362097 0.0846148 0.0064972 0.0706216 0.0802705 0.0000010 0.0710727 
OM037668_Megalocytivirus_lates1_SDDV                     1.1682822 1.1316472 1.1430713 1.1682822 1.1341562 0.0000000 1.1430713 1.1755425 1.1663063 1.1316472 1.1626062 1.1463896 1.1785263 1.2571706 1.1626062 1.1426073 0.0000010 0.0031698 1.1463896 1.1413395 1.1785263 1.1606832 1.1403150 1.1663063 
MW883598_Megalocytivirus_pagrus1_RSIV                    0.0671326 0.0290402 0.0000010 0.0671326 0.0000010 1.1430713 0.0000000 0.0997365 0.0710727 0.0290402 0.0794814 0.0846148 0.0706216 0.5729394 0.0794814 0.0000010 1.1430713 1.1451416 0.0846148 0.0064972 0.0706216 0.0834603 0.0000010 0.0710727 
GQ273492_Megalocytivirus_pagrus1_TRBIV                   0.0816036 0.0983622 0.0997365 0.0816036 0.0997365 1.1755425 0.0997365 0.0000000 0.0857094 0.0983622 0.0809434 0.0701531 0.0851659 0.5477727 0.0809434 0.0944636 1.1755425 1.1800441 0.0701531 0.1056739 0.0851659 0.0850080 0.0974206 0.0857094 
OP896201_Megalocytivirus_pagrus1_ISKNV                   0.0032491 0.0639453 0.0710727 0.0032491 0.0710727 1.1663063 0.0710727 0.0857094 0.0000000 0.0639453 0.0231187 0.0671547 0.0065115 0.5716198 0.0231187 0.0714648 1.1663063 1.1685009 0.0671547 0.0671731 0.0065115 0.0196212 0.0710727 0.0000010 
MW139932_Megalocytivirus_pagrus1_RSIV                    0.0600819 0.0000010 0.0290402 0.0600819 0.0290402 1.1316472 0.0290402 0.0983622 0.0639453 0.0000000 0.0727505 0.0796516 0.0635388 0.5579166 0.0727505 0.0297274 1.1316472 1.1336905 0.0796516 0.0295850 0.0635388 0.0766732 0.0293798 0.0639453 
PP151097_Megalocytivirus_pagrus1_ISKNV                   0.0196491 0.0727505 0.0794814 0.0196491 0.0763081 1.1626062 0.0794814 0.0809434 0.0231187 0.0727505 0.0000000 0.0659779 0.0229679 0.5694265 0.0000010 0.0747063 1.1626062 1.1647347 0.0659779 0.0815097 0.0229679 0.0031776 0.0737976 0.0231187 
MG570132_Megalocytivirus_pagrus1_TRBIV                   0.0632742 0.0796516 0.0846148 0.0632742 0.0846148 1.1463896 0.0846148 0.0701531 0.0671547 0.0796516 0.0659779 0.0000000 0.0667301 0.5353965 0.0659779 0.0754062 1.1463896 1.1484851 0.0000010 0.0784763 0.0667301 0.0698409 0.0779457 0.0671547 
OR670976_Megalocytivirus_pagrus1_ISKNV                   0.0032276 0.0635388 0.0706216 0.0032276 0.0706216 1.1785263 0.0706216 0.0851659 0.0065115 0.0635388 0.0229679 0.0667301 0.0000000 0.5561083 0.0229679 0.0710090 1.1785263 1.1807562 0.0667301 0.0747437 0.0000010 0.0264717 0.0706216 0.0065115 
PQ335173_PQ335174_Threespine_stickleback_iridovirus_TSIV 0.5619109 0.5579166 0.5729394 0.5619109 0.5729394 1.2571706 0.5729394 0.5477727 0.5716198 0.5579166 0.5694265 0.5353965 0.5561083 0.0000000 0.5694265 0.5723856 1.2571706 1.2586299 0.5353965 0.5882165 0.5561083 0.5792350 0.5729394 0.5716198 
MT986830_Megalocytivirus_pagrus1_ISKNV                   0.0196491 0.0727505 0.0794814 0.0196491 0.0763081 1.1626062 0.0794814 0.0809434 0.0231187 0.0727505 0.0000010 0.0659779 0.0229679 0.5694265 0.0000000 0.0747063 1.1626062 1.1647347 0.0659779 0.0815097 0.0229679 0.0031776 0.0737976 0.0231187 
OK042109_Megalocytivirus_pagrus1_RSIV                    0.0674998 0.0297274 0.0000010 0.0674998 0.0000010 1.1426073 0.0000010 0.0944636 0.0714648 0.0297274 0.0747063 0.0754062 0.0710090 0.5723856 0.0747063 0.0000000 1.1426073 1.1447518 0.0754062 0.0065732 0.0710090 0.0787525 0.0000010 0.0714648 
MN562489_Megalocytivirus_lates1_SDDV                     1.1682822 1.1316472 1.1430713 1.1682822 1.1341562 0.0000010 1.1430713 1.1755425 1.1663063 1.1316472 1.1626062 1.1463896 1.1785263 1.2571706 1.1626062 1.1426073 0.0000000 0.0031698 1.1463896 1.1413395 1.1785263 1.1606832 1.1403150 1.1663063 
MT521409_Megalocytivirus_lates1_SDDV                     1.1704810 1.1336905 1.1451416 1.1704810 1.1362097 0.0031698 1.1451416 1.1800441 1.1685009 1.1336905 1.1647347 1.1484851 1.1807562 1.2586299 1.1647347 1.1447518 0.0031698 0.0000000 1.1484851 1.1434481 1.1807562 1.1628077 1.1424184 1.1685009 
MG570131_Megalocytivirus_pagrus1_TRBIV                   0.0632742 0.0796516 0.0846148 0.0632742 0.0846148 1.1463896 0.0846148 0.0701531 0.0671547 0.0796516 0.0659779 0.0000010 0.0667301 0.5353965 0.0659779 0.0754062 1.1463896 1.1484851 0.0000000 0.0784763 0.0667301 0.0698409 0.0779457 0.0671547 
ON743042_Megalocytivirus_pagrus1_RSIV                    0.0712130 0.0295850 0.0064972 0.0712130 0.0064972 1.1413395 0.0064972 0.1056739 0.0671731 0.0295850 0.0815097 0.0784763 0.0747437 0.5882165 0.0815097 0.0065732 1.1413395 1.1434481 0.0784763 0.0000000 0.0747437 0.0773728 0.0064972 0.0671731 
OQ513807_Megalocytivirus_pagrus1_ISKNV                   0.0032276 0.0635388 0.0706216 0.0032276 0.0706216 1.1785263 0.0706216 0.0851659 0.0065115 0.0635388 0.0229679 0.0667301 0.0000010 0.5561083 0.0229679 0.0710090 1.1785263 1.1807562 0.0667301 0.0747437 0.0000000 0.0264717 0.0706216 0.0065115 
PP974677_Megalocytivirus_pagrus1_ISKNV                   0.0231187 0.0766732 0.0834603 0.0231187 0.0802705 1.1606832 0.0834603 0.0850080 0.0196212 0.0766732 0.0031776 0.0698409 0.0264717 0.5792350 0.0031776 0.0787525 1.1606832 1.1628077 0.0698409 0.0773728 0.0264717 0.0000000 0.0777862 0.0196212 
ON740976_Megalocytivirus_pagrus1_RSIV                    0.0671326 0.0293798 0.0000010 0.0671326 0.0000010 1.1403150 0.0000010 0.0974206 0.0710727 0.0293798 0.0737976 0.0779457 0.0706216 0.5729394 0.0737976 0.0000010 1.1403150 1.1424184 0.0779457 0.0064972 0.0706216 0.0777862 0.0000000 0.0710727 
OR356116_Megalocytivirus_pagrus1_ISKNV                   0.0032491 0.0639453 0.0710727 0.0032491 0.0710727 1.1663063 0.0710727 0.0857094 0.0000010 0.0639453 0.0231187 0.0671547 0.0065115 0.5716198 0.0231187 0.0714648 1.1663063 1.1685009 0.0671547 0.0671731 0.0065115 0.0196212 0.0710727 0.0000000 
