25
MK637631_European_chub_iridovirus_ECIV                   0.0000000 1.1588542 1.1795847 1.1645255 1.1588542 1.1523148 0.5632799 1.1645255 1.1924338 1.1740865 1.1795847 1.1662185 1.1623222 1.1696421 1.4079308 1.1662185 1.2055301 0.5632799 0.5621030 1.1623222 1.1870303 1.1696421 1.1810584 1.1702986 1.1740865 
MW883601_Megalocytivirus_pagrus1_ISKNV                   1.1588542 0.0000000 0.0568206 0.0633741 0.0000010 0.0633741 1.1442774 0.0633741 0.0778127 0.0030539 0.0568206 0.0187080 0.0597359 0.0030492 0.5307698 0.0187080 0.0636819 1.1442774 1.1418205 0.0597359 0.0669594 0.0030492 0.0219183 0.0633741 0.0030539 
MK098186_Megalocytivirus_pagrus1_RSIV                    1.1795847 0.0568206 0.0000000 0.0273230 0.0568206 0.0273230 1.0959082 0.0273230 0.0938038 0.0602357 0.0000010 0.0688575 0.0752250 0.0601272 0.5210026 0.0688575 0.0280746 1.0959082 1.0935971 0.0752250 0.0277718 0.0601272 0.0722923 0.0276937 0.0602357 
MT798582_Megalocytivirus_pagrus1_RSIV                    1.1645255 0.0633741 0.0273230 0.0000000 0.0633741 0.0000010 1.1087744 0.0000010 0.0942230 0.0668308 0.0273230 0.0749795 0.0792696 0.0667084 0.5372253 0.0749795 0.0000010 1.1087744 1.1064431 0.0792696 0.0060820 0.0667084 0.0784343 0.0000010 0.0668308 
MW883600_Megalocytivirus_pagrus1_ISKNV                   1.1588542 0.0000010 0.0568206 0.0633741 0.0000000 0.0633741 1.1442774 0.0633741 0.0778127 0.0030539 0.0568206 0.0187080 0.0597359 0.0030492 0.5307698 0.0187080 0.0636819 1.1442774 1.1418205 0.0597359 0.0669594 0.0030492 0.0219183 0.0633741 0.0030539 
OK042108_Megalocytivirus_pagrus1_RSIV                    1.1523148 0.0633741 0.0273230 0.0000010 0.0633741 0.0000000 1.1009978 0.0000010 0.0942230 0.0668308 0.0273230 0.0721106 0.0792696 0.0667084 0.5372253 0.0721106 0.0000010 1.1009978 1.0986732 0.0792696 0.0060820 0.0667084 0.0755654 0.0000010 0.0668308 
OM037668_Megalocytivirus_lates1_SDDV                     0.5632799 1.1442774 1.0959082 1.1087744 1.1442774 1.1009978 0.0000000 1.1087744 1.1432844 1.1444564 1.0959082 1.1463518 1.1290961 1.1549011 1.2441207 1.1463518 1.1164734 0.0000010 0.0029563 1.1290961 1.1156160 1.1549011 1.1465286 1.1113105 1.1444564 
MW883598_Megalocytivirus_pagrus1_RSIV                    1.1645255 0.0633741 0.0273230 0.0000010 0.0633741 0.0000010 1.1087744 0.0000000 0.0942230 0.0668308 0.0273230 0.0749795 0.0792696 0.0667084 0.5372253 0.0749795 0.0000010 1.1087744 1.1064431 0.0792696 0.0060820 0.0667084 0.0784343 0.0000010 0.0668308 
GQ273492_Megalocytivirus_pagrus1_TRBIV                   1.1924338 0.0778127 0.0938038 0.0942230 0.0778127 0.0942230 1.1432844 0.0942230 0.0000000 0.0814093 0.0938038 0.0776751 0.0668293 0.0812529 0.5306652 0.0776751 0.0894484 1.1432844 1.1449513 0.0668293 0.0996559 0.0812529 0.0812620 0.0922470 0.0814093 
OP896201_Megalocytivirus_pagrus1_ISKNV                   1.1740865 0.0030539 0.0602357 0.0668308 0.0030539 0.0668308 1.1444564 0.0668308 0.0814093 0.0000000 0.0602357 0.0219183 0.0631489 0.0061237 0.5385399 0.0219183 0.0671573 1.1444564 1.1419968 0.0631489 0.0634317 0.0061237 0.0186888 0.0668308 0.0000010 
MW139932_Megalocytivirus_pagrus1_RSIV                    1.1795847 0.0568206 0.0000010 0.0273230 0.0568206 0.0273230 1.0959082 0.0273230 0.0938038 0.0602357 0.0000000 0.0688575 0.0752250 0.0601272 0.5210026 0.0688575 0.0280746 1.0959082 1.0935971 0.0752250 0.0277718 0.0601272 0.0722923 0.0276937 0.0602357 
PP151097_Megalocytivirus_pagrus1_ISKNV                   1.1662185 0.0187080 0.0688575 0.0749795 0.0187080 0.0721106 1.1463518 0.0749795 0.0776751 0.0219183 0.0688575 0.0000000 0.0625591 0.0218823 0.5439673 0.0000010 0.0708946 1.1463518 1.1439488 0.0625591 0.0768785 0.0218823 0.0029949 0.0698949 0.0219183 
MG570132_Megalocytivirus_pagrus1_TRBIV                   1.1623222 0.0597359 0.0752250 0.0792696 0.0597359 0.0792696 1.1290961 0.0792696 0.0668293 0.0631489 0.0752250 0.0625591 0.0000000 0.0630350 0.5123029 0.0625591 0.0705790 1.1290961 1.1267276 0.0000010 0.0730180 0.0630350 0.0659660 0.0728070 0.0631489 
OR670976_Megalocytivirus_pagrus1_ISKNV                   1.1696421 0.0030492 0.0601272 0.0667084 0.0030492 0.0667084 1.1549011 0.0667084 0.0812529 0.0061237 0.0601272 0.0218823 0.0630350 0.0000000 0.5260227 0.0218823 0.0670336 1.1549011 1.1524221 0.0630350 0.0703232 0.0000010 0.0251142 0.0667084 0.0061237 
PQ335173_PQ335174_Threespine_stickleback_iridovirus_TSIV 1.4079308 0.5307698 0.5210026 0.5372253 0.5307698 0.5372253 1.2441207 0.5372253 0.5306652 0.5385399 0.5210026 0.5439673 0.5123029 0.5260227 0.0000000 0.5439673 0.5375673 1.2441207 1.2403792 0.5123029 0.5486045 0.5260227 0.5519234 0.5372253 0.5385399 
MT986830_Megalocytivirus_pagrus1_ISKNV                   1.1662185 0.0187080 0.0688575 0.0749795 0.0187080 0.0721106 1.1463518 0.0749795 0.0776751 0.0219183 0.0688575 0.0000010 0.0625591 0.0218823 0.5439673 0.0000000 0.0708946 1.1463518 1.1439488 0.0625591 0.0768785 0.0218823 0.0029949 0.0698949 0.0219183 
OK042109_Megalocytivirus_pagrus1_RSIV                    1.2055301 0.0636819 0.0280746 0.0000010 0.0636819 0.0000010 1.1164734 0.0000010 0.0894484 0.0671573 0.0280746 0.0708946 0.0705790 0.0670336 0.5375673 0.0708946 0.0000000 1.1164734 1.1140496 0.0705790 0.0061645 0.0670336 0.0744423 0.0000010 0.0671573 
MN562489_Megalocytivirus_lates1_SDDV                     0.5632799 1.1442774 1.0959082 1.1087744 1.1442774 1.1009978 0.0000010 1.1087744 1.1432844 1.1444564 1.0959082 1.1463518 1.1290961 1.1549011 1.2441207 1.1463518 1.1164734 0.0000000 0.0029563 1.1290961 1.1156160 1.1549011 1.1465286 1.1113105 1.1444564 
MT521409_Megalocytivirus_lates1_SDDV                     0.5621030 1.1418205 1.0935971 1.1064431 1.1418205 1.0986732 0.0029563 1.1064431 1.1449513 1.1419968 1.0935971 1.1439488 1.1267276 1.1524221 1.2403792 1.1439488 1.1140496 0.0029563 0.0000000 1.1267276 1.1132325 1.1524221 1.1441232 1.1089355 1.1419968 
MG570131_Megalocytivirus_pagrus1_TRBIV                   1.1623222 0.0597359 0.0752250 0.0792696 0.0597359 0.0792696 1.1290961 0.0792696 0.0668293 0.0631489 0.0752250 0.0625591 0.0000010 0.0630350 0.5123029 0.0625591 0.0705790 1.1290961 1.1267276 0.0000000 0.0730180 0.0630350 0.0659660 0.0728070 0.0631489 
ON743042_Megalocytivirus_pagrus1_RSIV                    1.1870303 0.0669594 0.0277718 0.0060820 0.0669594 0.0060820 1.1156160 0.0060820 0.0996559 0.0634317 0.0277718 0.0768785 0.0730180 0.0703232 0.5486045 0.0768785 0.0061645 1.1156160 1.1132325 0.0730180 0.0000000 0.0703232 0.0732839 0.0060820 0.0634317 
OQ513807_Megalocytivirus_pagrus1_ISKNV                   1.1696421 0.0030492 0.0601272 0.0667084 0.0030492 0.0667084 1.1549011 0.0667084 0.0812529 0.0061237 0.0601272 0.0218823 0.0630350 0.0000010 0.5260227 0.0218823 0.0670336 1.1549011 1.1524221 0.0630350 0.0703232 0.0000000 0.0251142 0.0667084 0.0061237 
PP974677_Megalocytivirus_pagrus1_ISKNV                   1.1810584 0.0219183 0.0722923 0.0784343 0.0219183 0.0755654 1.1465286 0.0784343 0.0812620 0.0186888 0.0722923 0.0029949 0.0659660 0.0251142 0.5519234 0.0029949 0.0744423 1.1465286 1.1441232 0.0659660 0.0732839 0.0251142 0.0000000 0.0733873 0.0186888 
ON740976_Megalocytivirus_pagrus1_RSIV                    1.1702986 0.0633741 0.0276937 0.0000010 0.0633741 0.0000010 1.1113105 0.0000010 0.0922470 0.0668308 0.0276937 0.0698949 0.0728070 0.0667084 0.5372253 0.0698949 0.0000010 1.1113105 1.1089355 0.0728070 0.0060820 0.0667084 0.0733873 0.0000000 0.0668308 
OR356116_Megalocytivirus_pagrus1_ISKNV                   1.1740865 0.0030539 0.0602357 0.0668308 0.0030539 0.0668308 1.1444564 0.0668308 0.0814093 0.0000010 0.0602357 0.0219183 0.0631489 0.0061237 0.5385399 0.0219183 0.0671573 1.1444564 1.1419968 0.0631489 0.0634317 0.0061237 0.0186888 0.0668308 0.0000000 
