12
AF371960_AF371960.1_00084 0.0000000 0.0589049 0.0589049 0.0786312 0.0786325 0.0786325 0.0681466 0.0681466 0.0000010 1.4527363 1.4527363 0.0501623 
AY894343_MK689686.1_00081 0.0589049 0.0000000 0.0000010 0.0602932 0.0602929 0.0602929 0.0081111 0.0081111 0.0589049 1.4529214 1.4529214 0.0080958 
BD143114_MK689686.1_00081 0.0589049 0.0000010 0.0000000 0.0602932 0.0602929 0.0602929 0.0081111 0.0081111 0.0589049 1.4529214 1.4529214 0.0080958 
GQ273492_GQ273492.1_00080 0.0786312 0.0602932 0.0602932 0.0000000 0.0251285 0.0251285 0.0697809 0.0697809 0.0786312 1.5133426 1.5133426 0.0513305 
MG570131_MG570131.1_00080 0.0786325 0.0602929 0.0602929 0.0251285 0.0000000 0.0000010 0.0697813 0.0697813 0.0786325 1.5160814 1.5160814 0.0513297 
MG570132_MG570132.1_00080 0.0786325 0.0602929 0.0602929 0.0251285 0.0000010 0.0000000 0.0697813 0.0697813 0.0786325 1.5160814 1.5160814 0.0513297 
MK098186_MK689686.1_00081 0.0681466 0.0081111 0.0081111 0.0697809 0.0697813 0.0697813 0.0000000 0.0000010 0.0681466 1.4687627 1.4687627 0.0163887 
MK098187_MK689686.1_00081 0.0681466 0.0081111 0.0081111 0.0697809 0.0697813 0.0697813 0.0000010 0.0000000 0.0681466 1.4687627 1.4687627 0.0163887 
MK689685_AF371960.1_00084 0.0000010 0.0589049 0.0589049 0.0786312 0.0786325 0.0786325 0.0681466 0.0681466 0.0000000 1.4527363 1.4527363 0.0501623 
MN562489_OM037668.1_00130 1.4527363 1.4529214 1.4529214 1.5133426 1.5160814 1.5160814 1.4687627 1.4687627 1.4527363 0.0000000 0.0000010 1.4529214 
MT521409_OM037668.1_00130 1.4527363 1.4529214 1.4529214 1.5133426 1.5160814 1.5160814 1.4687627 1.4687627 1.4527363 0.0000010 0.0000000 1.4529214 
OK042109_MK689686.1_00081 0.0501623 0.0080958 0.0080958 0.0513305 0.0513297 0.0513297 0.0163887 0.0163887 0.0501623 1.4529214 1.4529214 0.0000000 
