17
KT781098_Megalocytivirus_pagrus1_ISKNV                   0.0000000 0.0000010 0.0040583 0.1211004 0.1211004 0.0040583 2.1531659 0.0102152 0.0020266 0.1726318 0.1259055 0.0102152 0.1259055 0.0020251 0.1183711 0.1626215 0.1702695 
OP896201_Megalocytivirus_pagrus1_ISKNV                   0.0000010 0.0000000 0.0040583 0.1211004 0.1211004 0.0040583 2.1531659 0.0102152 0.0020266 0.1726318 0.1259055 0.0102152 0.1259055 0.0020251 0.1183711 0.1626215 0.1702695 
MT128666_Megalocytivirus_pagrus1_ISKNV                   0.0040583 0.0040583 0.0000000 0.1249414 0.1249414 0.0000010 2.1839851 0.0143444 0.0060981 0.1767816 0.1297768 0.0143444 0.1297768 0.0060934 0.1221849 0.1667160 0.1744033 
ON740976_Megalocytivirus_pagrus1_RSIV                    0.1211004 0.1211004 0.1249414 0.0000000 0.0000010 0.1249414 2.1372490 0.1286746 0.1235592 0.1404932 0.0481967 0.1286746 0.0481967 0.1234529 0.0020158 0.1170952 0.1229435 
MT798582_Megalocytivirus_pagrus1_RSIV                    0.1211004 0.1211004 0.1249414 0.0000010 0.0000000 0.1249414 2.1372490 0.1286746 0.1235592 0.1404932 0.0481967 0.1286746 0.0481967 0.1234529 0.0020158 0.1170952 0.1229435 
MT128667_Megalocytivirus_pagrus1_ISKNV                   0.0040583 0.0040583 0.0000010 0.1249414 0.1249414 0.0000000 2.1839851 0.0143444 0.0060981 0.1767816 0.1297768 0.0143444 0.1297768 0.0060934 0.1221849 0.1667160 0.1744033 
PQ335173_PQ335174_Threespine_stickleback_iridovirus_TSIV 2.1531659 2.1531659 2.1839851 2.1372490 2.1372490 2.1839851 0.0000000 2.1371326 2.1550599 2.0904957 2.0906153 2.1371326 2.0906153 2.1498810 2.1321320 2.0365481 2.0345668 
PP974677_Megalocytivirus_pagrus1_ISKNV                   0.0102152 0.0102152 0.0143444 0.1286746 0.1286746 0.0143444 2.1371326 0.0000000 0.0122796 0.1759031 0.1335331 0.0000010 0.1335331 0.0122701 0.1258960 0.1656626 0.1733552 
MW883600_Megalocytivirus_pagrus1_ISKNV                   0.0020266 0.0020266 0.0060981 0.1235592 0.1235592 0.0060981 2.1550599 0.0122796 0.0000000 0.1752628 0.1283795 0.0122796 0.1283795 0.0040572 0.1208151 0.1652194 0.1728908 
GQ273492_Megalocytivirus_pagrus1_TRBIV                   0.1726318 0.1726318 0.1767816 0.1404932 0.1404932 0.1767816 2.0904957 0.1759031 0.1752628 0.0000000 0.1453325 0.1759031 0.1453325 0.1734057 0.1376647 0.0503974 0.0569034 
MK098185_Megalocytivirus_pagrus1_RSIV                    0.1259055 0.1259055 0.1297768 0.0481967 0.0481967 0.1297768 2.0906153 0.1335331 0.1283795 0.1453325 0.0000000 0.1335331 0.0000010 0.1282688 0.0459242 0.1219638 0.1291572 
MW883595_Megalocytivirus_pagrus1_ISKNV                   0.0102152 0.0102152 0.0143444 0.1286746 0.1286746 0.0143444 2.1371326 0.0000010 0.0122796 0.1759031 0.1335331 0.0000000 0.1335331 0.0122701 0.1258960 0.1656626 0.1733552 
BD143114_Megalocytivirus_pagrus1_RSIV                    0.1259055 0.1259055 0.1297768 0.0481967 0.0481967 0.1297768 2.0906153 0.1335331 0.1283795 0.1453325 0.0000010 0.1335331 0.0000000 0.1282688 0.0459242 0.1219638 0.1291572 
MW273353_Megalocytivirus_pagrus1_ISKNV                   0.0020251 0.0020251 0.0060934 0.1234529 0.1234529 0.0060934 2.1498810 0.0122701 0.0040572 0.1734057 0.1282688 0.0122701 0.1282688 0.0000000 0.1207116 0.1650736 0.1727377 
MW883598_Megalocytivirus_pagrus1_RSIV                    0.1183711 0.1183711 0.1221849 0.0020158 0.0020158 0.1221849 2.1321320 0.1258960 0.1208151 0.1376647 0.0459242 0.1258960 0.0459242 0.1207116 0.0000000 0.1144196 0.1202218 
MG570132_Megalocytivirus_pagrus1_TRBIV                   0.1626215 0.1626215 0.1667160 0.1170952 0.1170952 0.1667160 2.0365481 0.1656626 0.1652194 0.0503974 0.1219638 0.1656626 0.1219638 0.1650736 0.1144196 0.0000000 0.0060526 
MG570131_Megalocytivirus_pagrus1_TRBIV                   0.1702695 0.1702695 0.1744033 0.1229435 0.1229435 0.1744033 2.0345668 0.1733552 0.1728908 0.0569034 0.1291572 0.1733552 0.1291572 0.1727377 0.1202218 0.0060526 0.0000000 
