16
AF371960_AF371960.1_00117 0.0000000 0.0674384 0.0607049 0.0725182 0.0651696 0.0651467 0.0871566 0.0871566 0.0607049 0.0000010 0.0651467 0.0108916 1.5065507 1.5065507 0.0651696 0.0021726 
AY894343_MK689686.1_00116 0.0674384 0.0000000 0.0241214 0.0770501 0.0065147 0.0021670 0.0962818 0.0962818 0.0241214 0.0674384 0.0021670 0.0650349 1.4131397 1.4131397 0.0065147 0.0697474 
BD143114_MK689686.1_00116 0.0607049 0.0241214 0.0000000 0.0702632 0.0219217 0.0219142 0.0845614 0.0845614 0.0000010 0.0607049 0.0219142 0.0583175 1.4311816 1.4311816 0.0219217 0.0630082 
GQ273492_GQ273492.1_00114 0.0725182 0.0770501 0.0702632 0.0000000 0.0747599 0.0747334 0.0537571 0.0537571 0.0702632 0.0725182 0.0747334 0.0700824 1.4770754 1.4770754 0.0747599 0.0748509 
KC244182_MK689686.1_00116 0.0651696 0.0065147 0.0219217 0.0747599 0.0000000 0.0043403 0.0939592 0.0939592 0.0219217 0.0651696 0.0043403 0.0627725 1.4243144 1.4243144 0.0000010 0.0674759 
KT804738_MK689686.1_00116 0.0651467 0.0021670 0.0219142 0.0747334 0.0043403 0.0000000 0.0939256 0.0939256 0.0219142 0.0651467 0.0000010 0.0627504 1.4215646 1.4215646 0.0043403 0.0674521 
MG570131_MG570131.1_00114 0.0871566 0.0962818 0.0845614 0.0537571 0.0939592 0.0939256 0.0000000 0.0000010 0.0845614 0.0871566 0.0939256 0.0800043 1.4829007 1.4829007 0.0939592 0.0895310 
MG570132_MG570132.1_00114 0.0871566 0.0962818 0.0845614 0.0537571 0.0939592 0.0939256 0.0000010 0.0000000 0.0845614 0.0871566 0.0939256 0.0800043 1.4829007 1.4829007 0.0939592 0.0895310 
MK098185_MK689686.1_00116 0.0607049 0.0241214 0.0000010 0.0702632 0.0219217 0.0219142 0.0845614 0.0845614 0.0000000 0.0607049 0.0219142 0.0583175 1.4311816 1.4311816 0.0219217 0.0630082 
MK689685_AF371960.1_00117 0.0000010 0.0674384 0.0607049 0.0725182 0.0651696 0.0651467 0.0871566 0.0871566 0.0607049 0.0000000 0.0651467 0.0108916 1.5065507 1.5065507 0.0651696 0.0021726 
MK689686_MK689686.1_00116 0.0651467 0.0021670 0.0219142 0.0747334 0.0043403 0.0000010 0.0939256 0.0939256 0.0219142 0.0651467 0.0000000 0.0627504 1.4215646 1.4215646 0.0043403 0.0674521 
MN432490_AF371960.1_00117 0.0108916 0.0650349 0.0583175 0.0700824 0.0627725 0.0627504 0.0800043 0.0800043 0.0583175 0.0108916 0.0627504 0.0000000 1.4807981 1.4807981 0.0627725 0.0130808 
MN562489_OM037668.1_00134 1.5065507 1.4131397 1.4311816 1.4770754 1.4243144 1.4215646 1.4829007 1.4829007 1.4311816 1.5065507 1.4215646 1.4807981 0.0000000 0.0000010 1.4243144 1.5065507 
MT521409_OM037668.1_00134 1.5065507 1.4131397 1.4311816 1.4770754 1.4243144 1.4215646 1.4829007 1.4829007 1.4311816 1.5065507 1.4215646 1.4807981 0.0000010 0.0000000 1.4243144 1.5065507 
MT798582_MK689686.1_00116 0.0651696 0.0065147 0.0219217 0.0747599 0.0000010 0.0043403 0.0939592 0.0939592 0.0219217 0.0651696 0.0043403 0.0627725 1.4243144 1.4243144 0.0000000 0.0674759 
MT926123_AF371960.1_00117 0.0021726 0.0697474 0.0630082 0.0748509 0.0674759 0.0674521 0.0895310 0.0895310 0.0630082 0.0021726 0.0674521 0.0130808 1.5065507 1.5065507 0.0674759 0.0000000 
