14
GQ273492_Megalocytivirus_pagrus1_TRBIV 0.0000000 0.0573330 0.0542517 0.0605990 0.0708362 0.0573330 0.0708362 0.0605990 0.0313850 0.0674605 0.0542517 0.0313850 0.0674605 0.0713771 
AP017456_Megalocytivirus_pagrus1_RSIV  0.0573330 0.0000000 0.0443622 0.0093123 0.0607342 0.0000010 0.0607342 0.0093123 0.0603373 0.0574074 0.0443622 0.0603373 0.0574074 0.0612093 
MW883595_Megalocytivirus_pagrus1_ISKNV 0.0542517 0.0443622 0.0000000 0.0475929 0.0156222 0.0443622 0.0156222 0.0475929 0.0637783 0.0124703 0.0000010 0.0637783 0.0124703 0.0157609 
MK098187_Megalocytivirus_pagrus1_RSIV  0.0605990 0.0093123 0.0475929 0.0000000 0.0640165 0.0093123 0.0640165 0.0000010 0.0571418 0.0606774 0.0475929 0.0571418 0.0606774 0.0645128 
MW883597_Megalocytivirus_pagrus1_ISKNV 0.0708362 0.0607342 0.0156222 0.0640165 0.0000000 0.0607342 0.0000010 0.0640165 0.0804363 0.0031052 0.0156222 0.0804363 0.0031052 0.0031075 
ON740976_Megalocytivirus_pagrus1_RSIV  0.0573330 0.0000010 0.0443622 0.0093123 0.0607342 0.0000000 0.0607342 0.0093123 0.0603373 0.0574074 0.0443622 0.0603373 0.0574074 0.0612093 
AF371960_Megalocytivirus_pagrus1_ISKNV 0.0708362 0.0607342 0.0156222 0.0640165 0.0000010 0.0607342 0.0000000 0.0640165 0.0804363 0.0031052 0.0156222 0.0804363 0.0031052 0.0031075 
BD143114_Megalocytivirus_pagrus1_RSIV  0.0605990 0.0093123 0.0475929 0.0000010 0.0640165 0.0093123 0.0640165 0.0000000 0.0571418 0.0606774 0.0475929 0.0571418 0.0606774 0.0645128 
MG570131_Megalocytivirus_pagrus1_TRBIV 0.0313850 0.0603373 0.0637783 0.0571418 0.0804363 0.0603373 0.0804363 0.0571418 0.0000000 0.0770409 0.0637783 0.0000010 0.0770409 0.0810330 
OP009387_Megalocytivirus_pagrus1_ISKNV 0.0674605 0.0574074 0.0124703 0.0606774 0.0031052 0.0574074 0.0031052 0.0606774 0.0770409 0.0000000 0.0124703 0.0770409 0.0000010 0.0031339 
MN432490_Megalocytivirus_pagrus1_ISKNV 0.0542517 0.0443622 0.0000010 0.0475929 0.0156222 0.0443622 0.0156222 0.0475929 0.0637783 0.0124703 0.0000000 0.0637783 0.0124703 0.0157609 
MG570132_Megalocytivirus_pagrus1_TRBIV 0.0313850 0.0603373 0.0637783 0.0571418 0.0804363 0.0603373 0.0804363 0.0571418 0.0000010 0.0770409 0.0637783 0.0000000 0.0770409 0.0810330 
PP151097_Megalocytivirus_pagrus1_ISKNV 0.0674605 0.0574074 0.0124703 0.0606774 0.0031052 0.0574074 0.0031052 0.0606774 0.0770409 0.0000010 0.0124703 0.0770409 0.0000000 0.0031339 
MK689685_Megalocytivirus_pagrus1_ISKNV 0.0713771 0.0612093 0.0157609 0.0645128 0.0031075 0.0612093 0.0031075 0.0645128 0.0810330 0.0031339 0.0157609 0.0810330 0.0031339 0.0000000 
