16
AF371960_AF371960.1_00056 0.0000000 0.0959861 0.0879606 0.1051970 0.0959861 0.1368136 0.1368136 0.0879606 0.0921107 0.0921107 0.0000010 0.0032564 2.2123610 2.2123610 2.2123610 0.0032564 
AY894343_MK689686.1_00055 0.0959861 0.0000000 0.0164767 0.0884685 0.0000010 0.1049825 0.1049825 0.0164767 0.0232545 0.0232545 0.0959861 0.0927351 2.2623423 2.2623423 2.2623423 0.0927351 
BD143114_MK689686.1_00055 0.0879606 0.0164767 0.0000000 0.0804468 0.0164767 0.0996901 0.0996901 0.0000010 0.0065006 0.0065006 0.0879606 0.0838256 2.2309460 2.2309460 2.2309460 0.0838256 
GQ273492_GQ273492.1_00055 0.1051970 0.0884685 0.0804468 0.0000000 0.0884685 0.0326541 0.0326541 0.0804468 0.0754161 0.0754161 0.1051970 0.1007959 2.1964640 2.1964640 2.1964640 0.1007959 
KC244182_MK689686.1_00055 0.0959861 0.0000010 0.0164767 0.0884685 0.0000000 0.1049825 0.1049825 0.0164767 0.0232545 0.0232545 0.0959861 0.0927351 2.2623423 2.2623423 2.2623423 0.0927351 
MG570131_MG570131.1_00056 0.1368136 0.1049825 0.0996901 0.0326541 0.1049825 0.0000000 0.0000010 0.0996901 0.0943047 0.0943047 0.1368136 0.1320955 2.2929289 2.2929289 2.2929289 0.1320955 
MG570132_MG570132.1_00056 0.1368136 0.1049825 0.0996901 0.0326541 0.1049825 0.0000010 0.0000000 0.0996901 0.0943047 0.0943047 0.1368136 0.1320955 2.2929289 2.2929289 2.2929289 0.1320955 
MK098185_MK689686.1_00055 0.0879606 0.0164767 0.0000010 0.0804468 0.0164767 0.0996901 0.0996901 0.0000000 0.0065006 0.0065006 0.0879606 0.0838256 2.2309460 2.2309460 2.2309460 0.0838256 
MK098186_MK689686.1_00055 0.0921107 0.0232545 0.0065006 0.0754161 0.0232545 0.0943047 0.0943047 0.0065006 0.0000000 0.0000010 0.0921107 0.0879282 2.2520690 2.2520690 2.2520690 0.0879282 
MK098187_MK689686.1_00055 0.0921107 0.0232545 0.0065006 0.0754161 0.0232545 0.0943047 0.0943047 0.0065006 0.0000010 0.0000000 0.0921107 0.0879282 2.2520690 2.2520690 2.2520690 0.0879282 
MK689685_AF371960.1_00056 0.0000010 0.0959861 0.0879606 0.1051970 0.0959861 0.1368136 0.1368136 0.0879606 0.0921107 0.0921107 0.0000000 0.0032564 2.2123610 2.2123610 2.2123610 0.0032564 
MN432490_AF371960.1_00056 0.0032564 0.0927351 0.0838256 0.1007959 0.0927351 0.1320955 0.1320955 0.0838256 0.0879282 0.0879282 0.0032564 0.0000000 2.1902754 2.1902754 2.1902754 0.0000010 
MN562489_OM037668.1_00099 2.2123610 2.2623423 2.2309460 2.1964640 2.2623423 2.2929289 2.2929289 2.2309460 2.2520690 2.2520690 2.2123610 2.1902754 0.0000000 0.0000010 0.0000010 2.1902754 
MT521409_OM037668.1_00099 2.2123610 2.2623423 2.2309460 2.1964640 2.2623423 2.2929289 2.2929289 2.2309460 2.2520690 2.2520690 2.2123610 2.1902754 0.0000010 0.0000000 0.0000010 2.1902754 
OM037668_OM037668.1_00099 2.2123610 2.2623423 2.2309460 2.1964640 2.2623423 2.2929289 2.2929289 2.2309460 2.2520690 2.2520690 2.2123610 2.1902754 0.0000010 0.0000010 0.0000000 2.1902754 
OP009387_AF371960.1_00056 0.0032564 0.0927351 0.0838256 0.1007959 0.0927351 0.1320955 0.1320955 0.0838256 0.0879282 0.0879282 0.0032564 0.0000010 2.1902754 2.1902754 2.1902754 0.0000000 
