16
MW883602_Megalocytivirus_pagrus1_ISKNV 0.0000000 0.0000010 2.2945858 0.1890531 0.1890531 0.2000064 2.2945858 0.2000064 0.0488809 0.0488809 0.2853373 0.1666247 0.1875718 0.0588293 0.2853373 0.2948862 
MK689685_Megalocytivirus_pagrus1_ISKNV 0.0000010 0.0000000 2.2945858 0.1890531 0.1890531 0.2000064 2.2945858 0.2000064 0.0488809 0.0488809 0.2853373 0.1666247 0.1875718 0.0588293 0.2853373 0.2948862 
OM037668_Megalocytivirus_lates1_SDDV   2.2945858 2.2945858 0.0000000 2.2635300 2.2635300 2.2307202 0.0000010 2.2307202 2.4103256 2.4103256 2.1908018 2.2267012 2.4487801 2.3996482 2.1908018 2.2108924 
AY894343_Megalocytivirus_pagrus1_RSIV  0.1890531 0.1890531 2.2635300 0.0000000 0.0000010 0.0476342 2.2635300 0.0476342 0.1537731 0.1537731 0.2227088 0.0188410 0.0199535 0.1645498 0.2227088 0.2350225 
ON075463_Megalocytivirus_pagrus1_RSIV  0.1890531 0.1890531 2.2635300 0.0000010 0.0000000 0.0476342 2.2635300 0.0476342 0.1537731 0.1537731 0.2227088 0.0188410 0.0199535 0.1645498 0.2227088 0.2350225 
OL774653_Megalocytivirus_pagrus1_RSIV  0.2000064 0.2000064 2.2307202 0.0476342 0.0476342 0.0000000 2.2307202 0.0000010 0.1644289 0.1644289 0.2210670 0.0283392 0.0713416 0.1752598 0.2210670 0.2332980 
MN562489_Megalocytivirus_lates1_SDDV   2.2945858 2.2945858 0.0000010 2.2635300 2.2635300 2.2307202 0.0000000 2.2307202 2.4103256 2.4103256 2.1908018 2.2267012 2.4487801 2.3996482 2.1908018 2.2108924 
AB104413_Megalocytivirus_pagrus1_RSIV  0.2000064 0.2000064 2.2307202 0.0476342 0.0476342 0.0000010 2.2307202 0.0000000 0.1644289 0.1644289 0.2210670 0.0283392 0.0713416 0.1752598 0.2210670 0.2332980 
MN432490_Megalocytivirus_pagrus1_ISKNV 0.0488809 0.0488809 2.4103256 0.1537731 0.1537731 0.1644289 2.4103256 0.1644289 0.0000000 0.0000010 0.2525658 0.1321115 0.1505314 0.0094867 0.2525658 0.2622227 
MW883595_Megalocytivirus_pagrus1_ISKNV 0.0488809 0.0488809 2.4103256 0.1537731 0.1537731 0.1644289 2.4103256 0.1644289 0.0000010 0.0000000 0.2525658 0.1321115 0.1505314 0.0094867 0.2525658 0.2622227 
MG570132_Megalocytivirus_pagrus1_TRBIV 0.2853373 0.2853373 2.1908018 0.2227088 0.2227088 0.2210670 2.1908018 0.2210670 0.2525658 0.2525658 0.0000000 0.2089733 0.2644760 0.2539217 0.0000010 0.0383377 
MW883598_Megalocytivirus_pagrus1_RSIV  0.1666247 0.1666247 2.2267012 0.0188410 0.0188410 0.0283392 2.2267012 0.0283392 0.1321115 0.1321115 0.2089733 0.0000000 0.0402786 0.1427324 0.2089733 0.2210805 
AP017456_Megalocytivirus_pagrus1_RSIV  0.1875718 0.1875718 2.4487801 0.0199535 0.0199535 0.0713416 2.4487801 0.0713416 0.1505314 0.1505314 0.2644760 0.0402786 0.0000000 0.1618443 0.2644760 0.2780208 
OP009387_Megalocytivirus_pagrus1_ISKNV 0.0588293 0.0588293 2.3996482 0.1645498 0.1645498 0.1752598 2.3996482 0.1752598 0.0094867 0.0094867 0.2539217 0.1427324 0.1618443 0.0000000 0.2539217 0.2636191 
MG570131_Megalocytivirus_pagrus1_TRBIV 0.2853373 0.2853373 2.1908018 0.2227088 0.2227088 0.2210670 2.1908018 0.2210670 0.2525658 0.2525658 0.0000010 0.2089733 0.2644760 0.2539217 0.0000000 0.0383377 
GQ273492_Megalocytivirus_pagrus1_TRBIV 0.2948862 0.2948862 2.2108924 0.2350225 0.2350225 0.2332980 2.2108924 0.2332980 0.2622227 0.2622227 0.0383377 0.2210805 0.2780208 0.2636191 0.0383377 0.0000000 
