27
MT128667_Megalocytivirus_pagrus1_ISKNV  0.0000000 0.1752371 0.1412310 0.1197639 0.1752371 0.0000010 0.0025762 0.1412310 0.1249614 0.0025755 0.1652850 0.0025714 0.0025714 0.1167900 0.0025755 0.1737513 0.1237323 0.1197639 0.0051635 0.0025702 0.0051635 0.0025702 0.1219315 0.1652850 0.1219315 0.1690634 0.0025699 
OL774655_Megalocytivirus_pagrus1_RSIV   0.1752371 0.0000000 0.1278693 0.1467779 0.0000010 0.1752371 0.1791517 0.1278693 0.1532321 0.1790625 0.0803940 0.1786682 0.1786682 0.1498839 0.1790625 0.0208783 0.1523042 0.1467779 0.1825528 0.1785600 0.1825528 0.1785600 0.1501307 0.0803940 0.1501307 0.0104173 0.1785688 
BD143114_Megalocytivirus_pagrus1_RSIV   0.1412310 0.1278693 0.0000000 0.0890492 0.1278693 0.1412310 0.1448350 0.0000010 0.0950067 0.1447695 0.1623681 0.1444705 0.1444705 0.0861727 0.1447695 0.1549983 0.0953769 0.0890492 0.1480618 0.1443865 0.1480618 0.1443865 0.0920977 0.1623681 0.0920977 0.1149564 0.1443865 
AY894343_Megalocytivirus_pagrus1_RSIV   0.1197639 0.1467779 0.0890492 0.0000000 0.1467779 0.1197639 0.1166127 0.0890492 0.0051233 0.1231110 0.1560607 0.1199652 0.1199652 0.0025538 0.1231110 0.1550879 0.0051399 0.0000010 0.1233480 0.1227995 0.1233480 0.1227995 0.0025573 0.1560607 0.0025573 0.1449034 0.1227962 
OL774653_Megalocytivirus_pagrus1_RSIV   0.1752371 0.0000010 0.1278693 0.1467779 0.0000000 0.1752371 0.1791517 0.1278693 0.1532321 0.1790625 0.0803940 0.1786682 0.1786682 0.1498839 0.1790625 0.0208783 0.1523042 0.1467779 0.1825528 0.1785600 0.1825528 0.1785600 0.1501307 0.0803940 0.1501307 0.0104173 0.1785688 
NC_003494_Megalocytivirus_pagrus1_ISKNV 0.0000010 0.1752371 0.1412310 0.1197639 0.1752371 0.0000000 0.0025762 0.1412310 0.1249614 0.0025755 0.1652850 0.0025714 0.0025714 0.1167900 0.0025755 0.1737513 0.1237323 0.1197639 0.0051635 0.0025702 0.0051635 0.0025702 0.1219315 0.1652850 0.1219315 0.1690634 0.0025699 
MW883593_Megalocytivirus_pagrus1_ISKNV  0.0025762 0.1791517 0.1448350 0.1166127 0.1791517 0.0025762 0.0000000 0.1448350 0.1217610 0.0051719 0.1690630 0.0025796 0.0025796 0.1136497 0.0051719 0.1776223 0.1204985 0.1166127 0.0051801 0.0051612 0.0051801 0.0051612 0.1187421 0.1690630 0.1187421 0.1729456 0.0051606 
MK098185_Megalocytivirus_pagrus1_RSIV   0.1412310 0.1278693 0.0000010 0.0890492 0.1278693 0.1412310 0.1448350 0.0000000 0.0950067 0.1447695 0.1623681 0.1444705 0.1444705 0.0861727 0.1447695 0.1549983 0.0953769 0.0890492 0.1480618 0.1443865 0.1480618 0.1443865 0.0920977 0.1623681 0.0920977 0.1149564 0.1443865 
MT798582_Megalocytivirus_pagrus1_RSIV   0.1249614 0.1532321 0.0950067 0.0051233 0.1532321 0.1249614 0.1217610 0.0950067 0.0000000 0.1283662 0.1624391 0.1251750 0.1251750 0.0076970 0.1283662 0.1615461 0.0051405 0.0051233 0.1286169 0.1280367 0.1286169 0.1280367 0.0025576 0.1624391 0.0025576 0.1513960 0.1280340 
MT986830_Megalocytivirus_pagrus1_ISKNV  0.0025755 0.1790625 0.1447695 0.1231110 0.1790625 0.0025755 0.0051719 0.1447695 0.1283662 0.0000000 0.1689822 0.0051622 0.0051622 0.1201221 0.0000010 0.1775349 0.1271713 0.1231110 0.0077746 0.0051597 0.0077746 0.0051597 0.1253213 0.1689822 0.1253213 0.1728605 0.0051591 
MG570132_Megalocytivirus_pagrus1_TRBIV  0.1652850 0.0803940 0.1623681 0.1560607 0.0803940 0.1652850 0.1690630 0.1623681 0.1624391 0.1689822 0.0000000 0.1686211 0.1686211 0.1591234 0.1689822 0.0565590 0.1616255 0.1560607 0.1723740 0.1685214 0.1723740 0.1685214 0.1593812 0.0000010 0.1593812 0.0903524 0.1685270 
OP896201_Megalocytivirus_pagrus1_ISKNV  0.0025714 0.1786682 0.1444705 0.1199652 0.1786682 0.0025714 0.0025796 0.1444705 0.1251750 0.0051622 0.1686211 0.0000000 0.0000010 0.1169855 0.0051622 0.1771481 0.1239460 0.1199652 0.0025743 0.0051515 0.0025743 0.0051515 0.1221391 0.1686211 0.1221391 0.1724817 0.0051509 
KT781098_Megalocytivirus_pagrus1_ISKNV  0.0025714 0.1786682 0.1444705 0.1199652 0.1786682 0.0025714 0.0025796 0.1444705 0.1251750 0.0051622 0.1686211 0.0000010 0.0000000 0.1169855 0.0051622 0.1771481 0.1239460 0.1199652 0.0025743 0.0051515 0.0025743 0.0051515 0.1221391 0.1686211 0.1221391 0.1724817 0.0051509 
MW883598_Megalocytivirus_pagrus1_RSIV   0.1167900 0.1498839 0.0861727 0.0025538 0.1498839 0.1167900 0.1136497 0.0861727 0.0076970 0.1201221 0.1591234 0.1169855 0.1169855 0.0000000 0.1201221 0.1581902 0.0077235 0.0025538 0.1203527 0.1198190 0.1203527 0.1198190 0.0051237 0.1591234 0.0051237 0.1418165 0.1198154 
PP974677_Megalocytivirus_pagrus1_ISKNV  0.0025755 0.1790625 0.1447695 0.1231110 0.1790625 0.0025755 0.0051719 0.1447695 0.1283662 0.0000010 0.1689822 0.0051622 0.0051622 0.1201221 0.0000000 0.1775349 0.1271713 0.1231110 0.0077746 0.0051597 0.0077746 0.0051597 0.1253213 0.1689822 0.1253213 0.1728605 0.0051591 
GQ273492_Megalocytivirus_pagrus1_TRBIV  0.1737513 0.0208783 0.1549983 0.1550879 0.0208783 0.1737513 0.1776223 0.1549983 0.1615461 0.1775349 0.0565590 0.1771481 0.1771481 0.1581902 0.1775349 0.0000000 0.1607126 0.1550879 0.1809900 0.1770418 0.1809900 0.1770418 0.1584498 0.0565590 0.1584498 0.0319934 0.1770500 
KC244182_Megalocytivirus_pagrus1_RSIV   0.1237323 0.1523042 0.0953769 0.0051399 0.1523042 0.1237323 0.1204985 0.0953769 0.0051405 0.1271713 0.1616255 0.1239460 0.1239460 0.0077235 0.1271713 0.1607126 0.0000000 0.0051399 0.1274224 0.1268414 0.1274224 0.1268414 0.0025666 0.1616255 0.0025666 0.1504412 0.1268385 
MK689686_Megalocytivirus_pagrus1_RSIV   0.1197639 0.1467779 0.0890492 0.0000010 0.1467779 0.1197639 0.1166127 0.0890492 0.0051233 0.1231110 0.1560607 0.1199652 0.1199652 0.0025538 0.1231110 0.1550879 0.0051399 0.0000000 0.1233480 0.1227995 0.1233480 0.1227995 0.0025573 0.1560607 0.0025573 0.1449034 0.1227962 
OR670976_Megalocytivirus_pagrus1_ISKNV  0.0051635 0.1825528 0.1480618 0.1233480 0.1825528 0.0051635 0.0051801 0.1480618 0.1286169 0.0077746 0.1723740 0.0025743 0.0025743 0.1203527 0.0077746 0.1809900 0.1274224 0.1233480 0.0000000 0.0077584 0.0000010 0.0077584 0.1255654 0.1723740 0.1255654 0.1763373 0.0077575 
MW883594_Megalocytivirus_pagrus1_ISKNV  0.0025702 0.1785600 0.1443865 0.1227995 0.1785600 0.0025702 0.0051612 0.1443865 0.1280367 0.0051597 0.1685214 0.0051515 0.0051515 0.1198190 0.0051597 0.1770418 0.1268414 0.1227995 0.0077584 0.0000000 0.0077584 0.0000010 0.1250005 0.1685214 0.1250005 0.1723774 0.0051484 
OQ513807_Megalocytivirus_pagrus1_ISKNV  0.0051635 0.1825528 0.1480618 0.1233480 0.1825528 0.0051635 0.0051801 0.1480618 0.1286169 0.0077746 0.1723740 0.0025743 0.0025743 0.1203527 0.0077746 0.1809900 0.1274224 0.1233480 0.0000010 0.0077584 0.0000000 0.0077584 0.1255654 0.1723740 0.1255654 0.1763373 0.0077575 
MW883599_Megalocytivirus_pagrus1_ISKNV  0.0025702 0.1785600 0.1443865 0.1227995 0.1785600 0.0025702 0.0051612 0.1443865 0.1280367 0.0051597 0.1685214 0.0051515 0.0051515 0.1198190 0.0051597 0.1770418 0.1268414 0.1227995 0.0077584 0.0000010 0.0077584 0.0000000 0.1250005 0.1685214 0.1250005 0.1723774 0.0051484 
ON075463_Megalocytivirus_pagrus1_RSIV   0.1219315 0.1501307 0.0920977 0.0025573 0.1501307 0.1219315 0.1187421 0.0920977 0.0025576 0.1253213 0.1593812 0.1221391 0.1221391 0.0051237 0.1253213 0.1584498 0.0025666 0.0025573 0.1255654 0.1250005 0.1255654 0.1250005 0.0000000 0.1593812 0.0000010 0.1482747 0.1249975 
MG570131_Megalocytivirus_pagrus1_TRBIV  0.1652850 0.0803940 0.1623681 0.1560607 0.0803940 0.1652850 0.1690630 0.1623681 0.1624391 0.1689822 0.0000010 0.1686211 0.1686211 0.1591234 0.1689822 0.0565590 0.1616255 0.1560607 0.1723740 0.1685214 0.1723740 0.1685214 0.1593812 0.0000000 0.1593812 0.0903524 0.1685270 
OK042109_Megalocytivirus_pagrus1_RSIV   0.1219315 0.1501307 0.0920977 0.0025573 0.1501307 0.1219315 0.1187421 0.0920977 0.0025576 0.1253213 0.1593812 0.1221391 0.1221391 0.0051237 0.1253213 0.1584498 0.0025666 0.0025573 0.1255654 0.1250005 0.1255654 0.1250005 0.0000010 0.1593812 0.0000000 0.1482747 0.1249975 
OQ475017_Megalocytivirus_pagrus1_RSIV   0.1690634 0.0104173 0.1149564 0.1449034 0.0104173 0.1690634 0.1729456 0.1149564 0.1513960 0.1728605 0.0903524 0.1724817 0.1724817 0.1418165 0.1728605 0.0319934 0.1504412 0.1449034 0.1763373 0.1723774 0.1763373 0.1723774 0.1482747 0.0903524 0.1482747 0.0000000 0.1723842 
MN432490_Megalocytivirus_pagrus1_ISKNV  0.0025699 0.1785688 0.1443865 0.1227962 0.1785688 0.0025699 0.0051606 0.1443865 0.1280340 0.0051591 0.1685270 0.0051509 0.0051509 0.1198154 0.0051591 0.1770500 0.1268385 0.1227962 0.0077575 0.0051484 0.0077575 0.0051484 0.1249975 0.1685270 0.1249975 0.1723842 0.0000000 
