14
MT986830_Megalocytivirus_pagrus1_ISKNV                   0.0000000 0.0205436 0.0205436 0.0622250 0.0412869 0.0628306 0.0622473 1.5715370 0.0622473 0.0000010 0.0622250 0.0204788 0.0628306 0.0204788 
MW273354_Megalocytivirus_pagrus1_ISKNV                   0.0205436 0.0000000 0.0000010 0.0839758 0.0626835 0.0848220 0.0840110 1.4912065 0.0840110 0.0205436 0.0839758 0.0414531 0.0848220 0.0414531 
OR356116_Megalocytivirus_pagrus1_ISKNV                   0.0205436 0.0000010 0.0000000 0.0839758 0.0626835 0.0848220 0.0840110 1.4912065 0.0840110 0.0205436 0.0839758 0.0414531 0.0848220 0.0414531 
BD143114_Megalocytivirus_pagrus1_RSIV                    0.0622250 0.0839758 0.0839758 0.0000000 0.0204514 0.0414881 0.0411127 1.5483715 0.0411127 0.0622250 0.0000010 0.0836806 0.0414881 0.0836806 
GQ273492_Megalocytivirus_pagrus1_TRBIV                   0.0412869 0.0626835 0.0626835 0.0204514 0.0000000 0.0206394 0.0204565 1.5513267 0.0204565 0.0412869 0.0204514 0.0624703 0.0206394 0.0624703 
MG570132_Megalocytivirus_pagrus1_TRBIV                   0.0628306 0.0848220 0.0848220 0.0414881 0.0206394 0.0000000 0.0415008 1.4373918 0.0415008 0.0628306 0.0414881 0.0845202 0.0000010 0.0845202 
AP017456_Megalocytivirus_pagrus1_RSIV                    0.0622473 0.0840110 0.0840110 0.0411127 0.0204565 0.0415008 0.0000000 1.5326456 0.0000010 0.0622473 0.0411127 0.0837154 0.0415008 0.0837154 
PQ335173_PQ335174_Threespine_stickleback_iridovirus_TSIV 1.5715370 1.4912065 1.4912065 1.5483715 1.5513267 1.4373918 1.5326456 0.0000000 1.5326456 1.5715370 1.5483715 1.5556020 1.4373918 1.5556020 
MT798582_Megalocytivirus_pagrus1_RSIV                    0.0622473 0.0840110 0.0840110 0.0411127 0.0204565 0.0415008 0.0000010 1.5326456 0.0000000 0.0622473 0.0411127 0.0837154 0.0415008 0.0837154 
PP151097_Megalocytivirus_pagrus1_ISKNV                   0.0000010 0.0205436 0.0205436 0.0622250 0.0412869 0.0628306 0.0622473 1.5715370 0.0622473 0.0000000 0.0622250 0.0204788 0.0628306 0.0204788 
MK098186_Megalocytivirus_pagrus1_RSIV                    0.0622250 0.0839758 0.0839758 0.0000010 0.0204514 0.0414881 0.0411127 1.5483715 0.0411127 0.0622250 0.0000000 0.0836806 0.0414881 0.0836806 
MN432490_Megalocytivirus_pagrus1_ISKNV                   0.0204788 0.0414531 0.0414531 0.0836806 0.0624703 0.0845202 0.0837154 1.5556020 0.0837154 0.0204788 0.0836806 0.0000000 0.0845202 0.0000010 
MG570131_Megalocytivirus_pagrus1_TRBIV                   0.0628306 0.0848220 0.0848220 0.0414881 0.0206394 0.0000010 0.0415008 1.4373918 0.0415008 0.0628306 0.0414881 0.0845202 0.0000000 0.0845202 
MW883595_Megalocytivirus_pagrus1_ISKNV                   0.0204788 0.0414531 0.0414531 0.0836806 0.0624703 0.0845202 0.0837154 1.5556020 0.0837154 0.0204788 0.0836806 0.0000010 0.0845202 0.0000000 
