13
AF371960_AF371960.1_00102 0.0000000 0.4174023 0.3906003 0.4547443 0.4174023 0.5693690 0.5693690 0.3906003 0.0000010 0.0790374 0.4473056 0.0790374 0.4473056 
AY894343_MK689686.1_00099 0.4174023 0.0000000 0.1165830 0.5146571 0.0000010 0.5031925 0.5031925 0.1165830 0.4174023 0.4367602 0.0125993 0.4367602 0.0125993 
BD143114_MK689686.1_00099 0.3906003 0.1165830 0.0000000 0.4759169 0.1165830 0.4781181 0.4781181 0.0000010 0.3906003 0.4427004 0.1339417 0.4427004 0.1339417 
GQ273492_GQ273492.1_00098 0.4547443 0.5146571 0.4759169 0.0000000 0.5146571 0.1947810 0.1947810 0.4759169 0.4547443 0.5006046 0.5184855 0.5006046 0.5184855 
KC244182_MK689686.1_00099 0.4174023 0.0000010 0.1165830 0.5146571 0.0000000 0.5031925 0.5031925 0.1165830 0.4174023 0.4367602 0.0125993 0.4367602 0.0125993 
MG570131_MG570131.1_00098 0.5693690 0.5031925 0.4781181 0.1947810 0.5031925 0.0000000 0.0000010 0.4781181 0.5693690 0.5929252 0.5072225 0.5929252 0.5072225 
MG570132_MG570132.1_00098 0.5693690 0.5031925 0.4781181 0.1947810 0.5031925 0.0000010 0.0000000 0.4781181 0.5693690 0.5929252 0.5072225 0.5929252 0.5072225 
MK098185_MK689686.1_00099 0.3906003 0.1165830 0.0000010 0.4759169 0.1165830 0.4781181 0.4781181 0.0000000 0.3906003 0.4427004 0.1339417 0.4427004 0.1339417 
MK689685_AF371960.1_00102 0.0000010 0.4174023 0.3906003 0.4547443 0.4174023 0.5693690 0.5693690 0.3906003 0.0000000 0.0790374 0.4473056 0.0790374 0.4473056 
MN432490_AF371960.1_00102 0.0790374 0.4367602 0.4427004 0.5006046 0.4367602 0.5929252 0.5929252 0.4427004 0.0790374 0.0000000 0.4678382 0.0000010 0.4678382 
MT798582_MK689686.1_00099 0.4473056 0.0125993 0.1339417 0.5184855 0.0125993 0.5072225 0.5072225 0.1339417 0.4473056 0.4678382 0.0000000 0.4678382 0.0000010 
MT986830_AF371960.1_00102 0.0790374 0.4367602 0.4427004 0.5006046 0.4367602 0.5929252 0.5929252 0.4427004 0.0790374 0.0000010 0.4678382 0.0000000 0.4678382 
ON075463_MK689686.1_00099 0.4473056 0.0125993 0.1339417 0.5184855 0.0125993 0.5072225 0.5072225 0.1339417 0.4473056 0.4678382 0.0000010 0.4678382 0.0000000 
