16
MW883598_Megalocytivirus_pagrus1_RSIV                    0.0000000 0.0452711 0.0512856 0.0452711 0.0000010 0.5050084 0.0512856 0.0708269 2.2775923 2.0923550 2.0923550 0.0407194 0.0498408 0.0498408 0.0407194 0.0499384 
MT926123_Megalocytivirus_pagrus1_ISKNV                   0.0452711 0.0000000 0.0560558 0.0000010 0.0452711 0.4855080 0.0560558 0.0854637 2.2151538 2.0883121 2.0883121 0.0133334 0.0044126 0.0044126 0.0133334 0.0044211 
MG570131_Megalocytivirus_pagrus1_TRBIV                   0.0512856 0.0560558 0.0000000 0.0560558 0.0512856 0.4942470 0.0000010 0.0270861 2.2626603 2.1721314 2.1721314 0.0513603 0.0607717 0.0607717 0.0513603 0.0608940 
MW883596_Megalocytivirus_pagrus1_ISKNV                   0.0452711 0.0000010 0.0560558 0.0000000 0.0452711 0.4855080 0.0560558 0.0854637 2.2151538 2.0883121 2.0883121 0.0133334 0.0044126 0.0044126 0.0133334 0.0044211 
OL774654_Megalocytivirus_pagrus1_RSIV                    0.0000010 0.0452711 0.0512856 0.0452711 0.0000000 0.5050084 0.0512856 0.0708269 2.2775923 2.0923550 2.0923550 0.0407194 0.0498408 0.0498408 0.0407194 0.0499384 
PQ335173_PQ335174_Threespine_stickleback_iridovirus_TSIV 0.5050084 0.4855080 0.4942470 0.4855080 0.5050084 0.0000000 0.4942470 0.5233636 2.1287847 2.0399759 2.0399759 0.4729606 0.4922940 0.4922940 0.4729606 0.4839227 
MG570132_Megalocytivirus_pagrus1_TRBIV                   0.0512856 0.0560558 0.0000010 0.0560558 0.0512856 0.4942470 0.0000000 0.0270861 2.2626603 2.1721314 2.1721314 0.0513603 0.0607717 0.0607717 0.0513603 0.0608940 
GQ273492_Megalocytivirus_pagrus1_TRBIV                   0.0708269 0.0854637 0.0270861 0.0854637 0.0708269 0.5233636 0.0270861 0.0000000 2.3337821 2.2008654 2.2008654 0.0806733 0.0902825 0.0902825 0.0806733 0.0904670 
MK637631_European_chub_iridovirus_ECIV                   2.2775923 2.2151538 2.2626603 2.2151538 2.2775923 2.1287847 2.2626603 2.3337821 0.0000000 1.0858443 1.0858443 2.2374892 2.2391860 2.2391860 2.2374892 2.2025669 
MN562489_Megalocytivirus_lates1_SDDV                     2.0923550 2.0883121 2.1721314 2.0883121 2.0923550 2.0399759 2.1721314 2.2008654 1.0858443 0.0000000 0.0000010 2.1090418 2.0781728 2.0781728 2.1090418 2.0761218 
OM037668_Megalocytivirus_lates1_SDDV                     2.0923550 2.0883121 2.1721314 2.0883121 2.0923550 2.0399759 2.1721314 2.2008654 1.0858443 0.0000010 0.0000000 2.1090418 2.0781728 2.0781728 2.1090418 2.0761218 
MN432490_Megalocytivirus_pagrus1_ISKNV                   0.0407194 0.0133334 0.0513603 0.0133334 0.0407194 0.4729606 0.0513603 0.0806733 2.2374892 2.1090418 2.1090418 0.0000000 0.0177927 0.0177927 0.0000010 0.0178269 
AF371960_Megalocytivirus_pagrus1_ISKNV                   0.0498408 0.0044126 0.0607717 0.0044126 0.0498408 0.4922940 0.0607717 0.0902825 2.2391860 2.0781728 2.0781728 0.0177927 0.0000000 0.0000010 0.0177927 0.0088495 
NC_003494_Megalocytivirus_pagrus1_ISKNV                  0.0498408 0.0044126 0.0607717 0.0044126 0.0498408 0.4922940 0.0607717 0.0902825 2.2391860 2.0781728 2.0781728 0.0177927 0.0000010 0.0000000 0.0177927 0.0088495 
MW883595_Megalocytivirus_pagrus1_ISKNV                   0.0407194 0.0133334 0.0513603 0.0133334 0.0407194 0.4729606 0.0513603 0.0806733 2.2374892 2.1090418 2.1090418 0.0000010 0.0177927 0.0177927 0.0000000 0.0178269 
MW883600_Megalocytivirus_pagrus1_ISKNV                   0.0499384 0.0044211 0.0608940 0.0044211 0.0499384 0.4839227 0.0608940 0.0904670 2.2025669 2.0761218 2.0761218 0.0178269 0.0088495 0.0088495 0.0178269 0.0000000 
