26
MW273353_Megalocytivirus_pagrus1_ISKNV    0.0000000 0.0070008 0.2584345 0.2065713 0.0069917 0.3043389 0.0000010 0.0070419 0.3550640 0.0575724 0.0069917 0.2947906 0.0140336 0.2601954 0.0575724 0.2947906 0.2153643 0.3043389 0.2584345 0.2153643 0.0140336 0.2601954 0.2065713 0.0070008 0.2691390 0.3048501 
KT781098_Megalocytivirus_pagrus1_ISKNV    0.0070008 0.0000000 0.2668718 0.2147602 0.0140224 0.3130266 0.0070008 0.0141236 0.3640751 0.0649504 0.0140224 0.3034242 0.0211090 0.2686972 0.0649504 0.3034242 0.2236119 0.3130266 0.2668718 0.2236119 0.0211090 0.2686972 0.2147602 0.0000010 0.2777146 0.3135559 
MG570132_Megalocytivirus_pagrus1_TRBIV    0.2584345 0.2668718 0.0000000 0.2584693 0.2664538 0.3264944 0.2584345 0.2689195 0.3770153 0.2482198 0.2640319 0.3169834 0.2581705 0.1092204 0.2482198 0.3169834 0.2676637 0.3264944 0.0000010 0.2676637 0.2581705 0.1092204 0.2584693 0.2668718 0.1723380 0.3270420 
BD143114_Megalocytivirus_pagrus1_RSIV     0.2065713 0.2147602 0.2584693 0.0000000 0.2144345 0.1261522 0.2065713 0.2163244 0.1681233 0.1906341 0.2115788 0.1181060 0.2063946 0.2198262 0.1906341 0.1181060 0.0070208 0.1261522 0.2584693 0.0070208 0.2063946 0.2198262 0.0000010 0.2147602 0.1269560 0.1263284 
ON212400_Megalocytivirus_pagrus1_ISKNV    0.0069917 0.0140224 0.2664538 0.2144345 0.0000000 0.3125201 0.0069917 0.0141051 0.3634606 0.0648617 0.0140041 0.3029365 0.0210813 0.2682731 0.0648617 0.3029365 0.2232703 0.3125201 0.2664538 0.2232703 0.0210813 0.2682731 0.2144345 0.0140224 0.2772722 0.3130474 
ON075463_Megalocytivirus_pagrus1_RSIV     0.3043389 0.3130266 0.3264944 0.1261522 0.3125201 0.0000000 0.3043389 0.3155552 0.0504677 0.2889313 0.3002598 0.0069725 0.3039771 0.2873246 0.2889313 0.0069725 0.1342820 0.0000010 0.3264944 0.1342820 0.3039771 0.2873246 0.1261522 0.3130266 0.2072408 0.0140352 
23043610005_Megalocytivirus_pagrus1_ISKNV 0.0000010 0.0070008 0.2584345 0.2065713 0.0069917 0.3043389 0.0000000 0.0070419 0.3550640 0.0575724 0.0069917 0.2947906 0.0140336 0.2601954 0.0575724 0.2947906 0.2153643 0.3043389 0.2584345 0.2153643 0.0140336 0.2601954 0.2065713 0.0070008 0.2691390 0.3048501 
MW883599_Megalocytivirus_pagrus1_ISKNV    0.0070419 0.0141236 0.2689195 0.2163244 0.0141051 0.3155552 0.0070419 0.0000000 0.3672102 0.0653557 0.0141051 0.3058489 0.0212344 0.2707766 0.0653557 0.3058489 0.2252582 0.3155552 0.2689195 0.2252582 0.0212344 0.2707766 0.2163244 0.0141236 0.2798919 0.3160948 
MW883598_Megalocytivirus_pagrus1_RSIV     0.3550640 0.3640751 0.3770153 0.1681233 0.3634606 0.0504677 0.3550640 0.3672102 0.0000000 0.3392876 0.3502074 0.0430263 0.3545662 0.3370799 0.3392876 0.0430263 0.1767215 0.0504677 0.3770153 0.1767215 0.3545662 0.3370799 0.1681233 0.3640751 0.2530446 0.0505330 
MN432490_Megalocytivirus_pagrus1_ISKNV    0.0575724 0.0649504 0.2482198 0.1906341 0.0648617 0.2889313 0.0575724 0.0653557 0.3392876 0.0000000 0.0648617 0.2794362 0.0723315 0.2399896 0.0000010 0.2794362 0.1993089 0.2889313 0.2482198 0.1993089 0.0723315 0.2399896 0.1906341 0.0649504 0.2486224 0.2894129 
MW883594_Megalocytivirus_pagrus1_ISKNV    0.0069917 0.0140224 0.2640319 0.2115788 0.0140041 0.3002598 0.0069917 0.0141051 0.3502074 0.0648617 0.0000000 0.2908481 0.0210813 0.2658490 0.0648617 0.2908481 0.2204887 0.3002598 0.2640319 0.2204887 0.0210813 0.2658490 0.2115788 0.0140224 0.2749078 0.3007564 
MK689686_Megalocytivirus_pagrus1_RSIV     0.2947906 0.3034242 0.3169834 0.1181060 0.3029365 0.0069725 0.2947906 0.3058489 0.0430263 0.2794362 0.2908481 0.0000000 0.2944509 0.2779289 0.2794362 0.0000010 0.1261522 0.0069725 0.3169834 0.1261522 0.2944509 0.2779289 0.1181060 0.3034242 0.1985227 0.0069810 
OQ513807_Megalocytivirus_pagrus1_ISKNV    0.0140336 0.0211090 0.2581705 0.2063946 0.0210813 0.3039771 0.0140336 0.0212344 0.3545662 0.0723315 0.0210813 0.2944509 0.0000000 0.2599263 0.0723315 0.2944509 0.2151738 0.3039771 0.2581705 0.2151738 0.0000010 0.2599263 0.2063946 0.0211090 0.2688514 0.3044865 
OL774654_Megalocytivirus_pagrus1_RSIV     0.2601954 0.2686972 0.1092204 0.2198262 0.2682731 0.2873246 0.2601954 0.2707766 0.3370799 0.2399896 0.2658490 0.2779289 0.2599263 0.0000000 0.2399896 0.2779289 0.2288733 0.2873246 0.1092204 0.2288733 0.2599263 0.0000010 0.2198262 0.2686972 0.0809948 0.2877983 
PP974677_Megalocytivirus_pagrus1_ISKNV    0.0575724 0.0649504 0.2482198 0.1906341 0.0648617 0.2889313 0.0575724 0.0653557 0.3392876 0.0000010 0.0648617 0.2794362 0.0723315 0.2399896 0.0000000 0.2794362 0.1993089 0.2889313 0.2482198 0.1993089 0.0723315 0.2399896 0.1906341 0.0649504 0.2486224 0.2894129 
KC244182_Megalocytivirus_pagrus1_RSIV     0.2947906 0.3034242 0.3169834 0.1181060 0.3029365 0.0069725 0.2947906 0.3058489 0.0430263 0.2794362 0.2908481 0.0000010 0.2944509 0.2779289 0.2794362 0.0000000 0.1261522 0.0069725 0.3169834 0.1261522 0.2944509 0.2779289 0.1181060 0.3034242 0.1985227 0.0069810 
MK098186_Megalocytivirus_pagrus1_RSIV     0.2153643 0.2236119 0.2676637 0.0070208 0.2232703 0.1342820 0.2153643 0.2252582 0.1767215 0.1993089 0.2204887 0.1261522 0.2151738 0.2288733 0.1993089 0.1261522 0.0000000 0.1342820 0.2676637 0.0000010 0.2151738 0.2288733 0.0070208 0.2236119 0.1351395 0.1344715 
MT798582_Megalocytivirus_pagrus1_RSIV     0.3043389 0.3130266 0.3264944 0.1261522 0.3125201 0.0000010 0.3043389 0.3155552 0.0504677 0.2889313 0.3002598 0.0069725 0.3039771 0.2873246 0.2889313 0.0069725 0.1342820 0.0000000 0.3264944 0.1342820 0.3039771 0.2873246 0.1261522 0.3130266 0.2072408 0.0140352 
MG570131_Megalocytivirus_pagrus1_TRBIV    0.2584345 0.2668718 0.0000010 0.2584693 0.2664538 0.3264944 0.2584345 0.2689195 0.3770153 0.2482198 0.2640319 0.3169834 0.2581705 0.1092204 0.2482198 0.3169834 0.2676637 0.3264944 0.0000000 0.2676637 0.2581705 0.1092204 0.2584693 0.2668718 0.1723380 0.3270420 
MK098187_Megalocytivirus_pagrus1_RSIV     0.2153643 0.2236119 0.2676637 0.0070208 0.2232703 0.1342820 0.2153643 0.2252582 0.1767215 0.1993089 0.2204887 0.1261522 0.2151738 0.2288733 0.1993089 0.1261522 0.0000010 0.1342820 0.2676637 0.0000000 0.2151738 0.2288733 0.0070208 0.2236119 0.1351395 0.1344715 
OR670976_Megalocytivirus_pagrus1_ISKNV    0.0140336 0.0211090 0.2581705 0.2063946 0.0210813 0.3039771 0.0140336 0.0212344 0.3545662 0.0723315 0.0210813 0.2944509 0.0000010 0.2599263 0.0723315 0.2944509 0.2151738 0.3039771 0.2581705 0.2151738 0.0000000 0.2599263 0.2063946 0.0211090 0.2688514 0.3044865 
GQ273492_Megalocytivirus_pagrus1_TRBIV    0.2601954 0.2686972 0.1092204 0.2198262 0.2682731 0.2873246 0.2601954 0.2707766 0.3370799 0.2399896 0.2658490 0.2779289 0.2599263 0.0000010 0.2399896 0.2779289 0.2288733 0.2873246 0.1092204 0.2288733 0.2599263 0.0000000 0.2198262 0.2686972 0.0809948 0.2877983 
MK098185_Megalocytivirus_pagrus1_RSIV     0.2065713 0.2147602 0.2584693 0.0000010 0.2144345 0.1261522 0.2065713 0.2163244 0.1681233 0.1906341 0.2115788 0.1181060 0.2063946 0.2198262 0.1906341 0.1181060 0.0070208 0.1261522 0.2584693 0.0070208 0.2063946 0.2198262 0.0000000 0.2147602 0.1269560 0.1263284 
MT926123_Megalocytivirus_pagrus1_ISKNV    0.0070008 0.0000010 0.2668718 0.2147602 0.0140224 0.3130266 0.0070008 0.0141236 0.3640751 0.0649504 0.0140224 0.3034242 0.0211090 0.2686972 0.0649504 0.3034242 0.2236119 0.3130266 0.2668718 0.2236119 0.0211090 0.2686972 0.2147602 0.0000000 0.2777146 0.3135559 
OQ475017_Megalocytivirus_pagrus1_RSIV     0.2691390 0.2777146 0.1723380 0.1269560 0.2772722 0.2072408 0.2691390 0.2798919 0.2530446 0.2486224 0.2749078 0.1985227 0.2688514 0.0809948 0.2486224 0.1985227 0.1351395 0.2072408 0.1723380 0.1351395 0.2688514 0.0809948 0.1269560 0.2777146 0.0000000 0.2075554 
OK042108_Megalocytivirus_pagrus1_RSIV     0.3048501 0.3135559 0.3270420 0.1263284 0.3130474 0.0140352 0.3048501 0.3160948 0.0505330 0.2894129 0.3007564 0.0069810 0.3044865 0.2877983 0.2894129 0.0069810 0.1344715 0.0140352 0.3270420 0.1344715 0.3044865 0.2877983 0.1263284 0.3135559 0.2075554 0.0000000 
