21
AF303741_AF303741.1_00046          0.0000000 3.8976203 3.2107903 4.0105111 4.0105111 3.9851182 1.4717578 0.1785069 1.5215614 3.1508187 1.3827617 3.2706831 3.9323463 3.9323463 3.9262352 3.9310807 3.9066980 3.4424419 3.9066980 3.8976203 3.7282121 
AF371960_AF371960.1_00122          3.8976203 0.0000000 2.7246571 0.0161253 0.0161253 0.0243620 3.1934713 3.1955574 3.3554334 2.6520736 3.2259414 3.7855318 0.0494552 0.0494552 0.0080942 0.0080223 1.2240471 2.7491768 1.2240471 0.0000010 2.5125183 
AY521625_AY521625.1_00035          3.2107903 2.7246571 0.0000000 2.7866797 2.7866797 2.7919920 2.3380930 2.6434710 2.3005918 1.7809821 2.2542140 3.9207167 2.6679766 2.6679766 2.7285970 2.7472485 2.5290641 1.8292498 2.5290641 2.7246571 0.8047407 
AY894343_MK689686.1_00121          4.0105111 0.0161253 2.7866797 0.0000000 0.0000010 0.0239706 3.2441424 3.2906741 3.4110895 2.6988188 3.2259414 3.7802843 0.0402762 0.0402762 0.0245018 0.0080348 1.3050725 2.7903802 1.3050725 0.0161253 2.4740704 
BD143114_MK689686.1_00121          4.0105111 0.0161253 2.7866797 0.0000010 0.0000000 0.0239706 3.2441424 3.2906741 3.4110895 2.6988188 3.2259414 3.7802843 0.0402762 0.0402762 0.0245018 0.0080348 1.3050725 2.7903802 1.3050725 0.0161253 2.4740704 
GQ273492_GQ273492.1_00119          3.9851182 0.0243620 2.7919920 0.0239706 0.0239706 0.0000000 3.2441424 3.2634040 3.4110895 2.6740658 3.2259414 3.8943583 0.0322712 0.0322712 0.0329029 0.0161850 1.2887300 2.7385695 1.2887300 0.0243620 2.4420683 
HF920633_HF920633.1_00058          1.4717578 3.1934713 2.3380930 3.2441424 3.2441424 3.2441424 0.0000000 1.4662459 0.1332791 2.8274734 0.6506585 2.8218546 3.1950576 3.1950576 3.1926764 3.2213005 3.0208667 2.8137776 3.0208667 3.1934713 2.9039281 
HF920637_HF920637.1_00152          0.1785069 3.1955574 2.6434710 3.2906741 3.2906741 3.2634040 1.4662459 0.0000000 1.5363252 2.6472830 1.4091947 3.0878396 3.2293592 3.2293592 3.2172519 3.2223625 3.5359816 2.7191651 3.5359816 3.1955574 3.4550923 
KF938901_KF938901.1_00095          1.5215614 3.3554334 2.3005918 3.4110895 3.4110895 3.4110895 0.1332791 1.5363252 0.0000000 2.7995361 0.6018874 2.9372453 3.3609926 3.3609926 3.3548514 3.3842716 3.1229861 2.8766761 3.1229861 3.3554334 2.7661356 
KX643370_Lymph_LDV3_KX643370_00091 3.1508187 2.6520736 1.7809821 2.6988188 2.6988188 2.6740658 2.8274734 2.6472830 2.7995361 0.0000000 2.5142089 3.1126360 2.5901646 2.5901646 2.6520736 2.6782494 2.5802447 0.0967483 2.5802447 2.6520736 1.7965810 
LS484712_LS484712.1_00135          1.3827617 3.2259414 2.2542140 3.2259414 3.2259414 3.2259414 0.6506585 1.4091947 0.6018874 2.5142089 0.0000000 2.5316984 3.1626408 3.1626408 3.2249683 3.2259414 2.8168727 2.4809201 2.8168727 3.2259414 2.4479426 
MF599468_MF599468.1_00009          3.2706831 3.7855318 3.9207167 3.7802843 3.7802843 3.8943583 2.8218546 3.0878396 2.9372453 3.1126360 2.5316984 0.0000000 3.7358358 3.7358358 3.7652737 3.8467859 3.6970306 3.1527187 3.6970306 3.7855318 3.9057612 
MG570131_MG570131.1_00119          3.9323463 0.0494552 2.6679766 0.0402762 0.0402762 0.0322712 3.1950576 3.2293592 3.3609926 2.5901646 3.1626408 3.7358358 0.0000000 0.0000010 0.0584311 0.0410698 1.2643147 2.6790637 1.2643147 0.0494552 2.4017781 
MG570132_MG570132.1_00119          3.9323463 0.0494552 2.6679766 0.0402762 0.0402762 0.0322712 3.1950576 3.2293592 3.3609926 2.5901646 3.1626408 3.7358358 0.0000010 0.0000000 0.0584311 0.0410698 1.2643147 2.6790637 1.2643147 0.0494552 2.4017781 
MK689685_AF371960.1_00122          3.9262352 0.0080942 2.7285970 0.0245018 0.0245018 0.0329029 3.1926764 3.2172519 3.3548514 2.6520736 3.2249683 3.7652737 0.0584311 0.0584311 0.0000000 0.0162540 1.2533657 2.7491768 1.2533657 0.0080942 2.5235114 
MN432490_AF371960.1_00122          3.9310807 0.0080223 2.7472485 0.0080348 0.0080348 0.0161850 3.2213005 3.2223625 3.3842716 2.6782494 3.2259414 3.8467859 0.0410698 0.0410698 0.0162540 0.0000000 1.2341494 2.7761684 1.2341494 0.0080223 2.5125183 
MN562489_OM037668.1_00004          3.9066980 1.2240471 2.5290641 1.3050725 1.3050725 1.2887300 3.0208667 3.5359816 3.1229861 2.5802447 2.8168727 3.6970306 1.2643147 1.2643147 1.2533657 1.2341494 0.0000000 2.6076268 0.0000010 1.2240471 2.2679374 
MN803438_MN803438.1_00046          3.4424419 2.7491768 1.8292498 2.7903802 2.7903802 2.7385695 2.8137776 2.7191651 2.8766761 0.0967483 2.4809201 3.1527187 2.6790637 2.6790637 2.7491768 2.7761684 2.6076268 0.0000000 2.6076268 2.7491768 1.8661062 
MT521409_OM037668.1_00004          3.9066980 1.2240471 2.5290641 1.3050725 1.3050725 1.2887300 3.0208667 3.5359816 3.1229861 2.5802447 2.8168727 3.6970306 1.2643147 1.2643147 1.2533657 1.2341494 0.0000010 2.6076268 0.0000000 1.2240471 2.2679374 
MT926123_AF371960.1_00122          3.8976203 0.0000010 2.7246571 0.0161253 0.0161253 0.0243620 3.1934713 3.1955574 3.3554334 2.6520736 3.2259414 3.7855318 0.0494552 0.0494552 0.0080942 0.0080223 1.2240471 2.7491768 1.2240471 0.0000000 2.5125183 
NC_005946_NC_005946.1_00021        3.7282121 2.5125183 0.8047407 2.4740704 2.4740704 2.4420683 2.9039281 3.4550923 2.7661356 1.7965810 2.4479426 3.9057612 2.4017781 2.4017781 2.5235114 2.5125183 2.2679374 1.8661062 2.2679374 2.5125183 0.0000000 
