16
MW883595_Megalocytivirus_pagrus1_ISKNV                   0.0000000 0.0000010 0.0963149 0.0963149 0.0988058 0.0987541 0.0987541 0.1326007 0.1013019 0.1840715 0.0962193 0.1296934 0.0000010 0.1323404 2.2282096 0.0021757 
MW883603_Megalocytivirus_pagrus1_ISKNV                   0.0000010 0.0000000 0.0963149 0.0963149 0.0988058 0.0987541 0.0987541 0.1326007 0.1013019 0.1840715 0.0962193 0.1296934 0.0000010 0.1323404 2.2282096 0.0021757 
OL774655_Megalocytivirus_pagrus1_RSIV                    0.0963149 0.0963149 0.0000000 0.0000010 0.0021901 0.0428849 0.0428849 0.0959231 0.0452145 0.3055928 0.0405665 0.0973391 0.0966016 0.0998474 2.2107451 0.0989555 
BD143114_Megalocytivirus_pagrus1_RSIV                    0.0963149 0.0963149 0.0000010 0.0000000 0.0021901 0.0428849 0.0428849 0.0959231 0.0452145 0.3055928 0.0405665 0.0973391 0.0966016 0.0998474 2.2107451 0.0989555 
OK042108_Megalocytivirus_pagrus1_RSIV                    0.0988058 0.0988058 0.0021901 0.0021901 0.0000000 0.0451935 0.0451935 0.0983766 0.0475295 0.3023901 0.0428689 0.0998006 0.0991002 0.1023157 2.2076834 0.1014556 
KT804738_Megalocytivirus_pagrus1_RSIV                    0.0987541 0.0987541 0.0428849 0.0428849 0.0451935 0.0000000 0.0000010 0.0837537 0.0021859 0.3073391 0.0021859 0.0850113 0.0990482 0.0874831 2.2466083 0.1014024 
MT798582_Megalocytivirus_pagrus1_RSIV                    0.0987541 0.0987541 0.0428849 0.0428849 0.0451935 0.0000010 0.0000000 0.0837537 0.0021859 0.3073391 0.0021859 0.0850113 0.0990482 0.0874831 2.2466083 0.1014024 
GQ273492_Megalocytivirus_pagrus1_TRBIV                   0.1326007 0.1326007 0.0959231 0.0959231 0.0983766 0.0837537 0.0837537 0.0000000 0.0862225 0.3447725 0.0837064 0.0478579 0.1330053 0.0502120 2.2125282 0.1352095 
MW883598_Megalocytivirus_pagrus1_RSIV                    0.1013019 0.1013019 0.0452145 0.0452145 0.0475295 0.0021859 0.0021859 0.0862225 0.0000000 0.3109838 0.0043787 0.0874882 0.1016041 0.0899680 2.2466083 0.1039612 
MT986830_Megalocytivirus_pagrus1_ISKNV                   0.1840715 0.1840715 0.3055928 0.3055928 0.3023901 0.3073391 0.3073391 0.3447725 0.3109838 0.0000000 0.3036708 0.3444946 0.1847163 0.3430885 2.6334889 0.1845829 
AP017456_Megalocytivirus_pagrus1_RSIV                    0.0962193 0.0962193 0.0405665 0.0405665 0.0428689 0.0021859 0.0021859 0.0837064 0.0043787 0.3036708 0.0000000 0.0849632 0.0965054 0.0874337 2.2669392 0.0988567 
MG570132_Megalocytivirus_pagrus1_TRBIV                   0.1296934 0.1296934 0.0973391 0.0973391 0.0998006 0.0850113 0.0850113 0.0478579 0.0874882 0.3444946 0.0849632 0.0000000 0.1300870 0.0021858 2.1633840 0.1322836 
OP896201_Megalocytivirus_pagrus1_ISKNV                   0.0000010 0.0000010 0.0966016 0.0966016 0.0991002 0.0990482 0.0990482 0.1330053 0.1016041 0.1847163 0.0965054 0.1300870 0.0000000 0.1327428 2.2220432 0.0021816 
MG570131_Megalocytivirus_pagrus1_TRBIV                   0.1323404 0.1323404 0.0998474 0.0998474 0.1023157 0.0874831 0.0874831 0.0502120 0.0899680 0.3430885 0.0874337 0.0021858 0.1327428 0.0000000 2.1732451 0.1349395 
PQ335173_PQ335174_Threespine_stickleback_iridovirus_TSIV 2.2282096 2.2282096 2.2107451 2.2107451 2.2076834 2.2466083 2.2466083 2.2125282 2.2466083 2.6334889 2.2669392 2.1633840 2.2220432 2.1732451 0.0000000 2.2282096 
MW883600_Megalocytivirus_pagrus1_ISKNV                   0.0021757 0.0021757 0.0989555 0.0989555 0.1014556 0.1014024 0.1014024 0.1352095 0.1039612 0.1845829 0.0988567 0.1322836 0.0021816 0.1349395 2.2282096 0.0000000 
