22
MW883603_Megalocytivirus_pagrus1_ISKNV                   0.0000000 0.0842658 0.0845766 0.0000010 0.0736193 1.6967069 1.6654895 0.0254264 0.0254264 0.0842658 0.0845766 0.1069421 0.8200042 0.0736193 1.6654895 1.6629484 0.1069628 0.0900634 0.0050064 0.0878772 0.0900634 0.0878772 
ON740976_Megalocytivirus_pagrus1_RSIV                    0.0842658 0.0000000 0.0101112 0.0842658 0.0101131 1.7452594 1.6601889 0.0735913 0.0735913 0.0000010 0.0101112 0.1020492 0.8692734 0.0101131 1.6601889 1.6576989 0.1020684 0.0151986 0.0900870 0.0934791 0.0151986 0.0934791 
MT798582_Megalocytivirus_pagrus1_RSIV                    0.0845766 0.0101112 0.0000000 0.0845766 0.0203692 1.7653601 1.6764918 0.0738623 0.0738623 0.0101112 0.0000010 0.1024306 0.8792472 0.0203692 1.6764918 1.6739778 0.1024500 0.0050489 0.0904208 0.0938292 0.0050489 0.0938292 
MW883602_Megalocytivirus_pagrus1_ISKNV                   0.0000010 0.0842658 0.0845766 0.0000000 0.0736193 1.6967069 1.6654895 0.0254264 0.0254264 0.0842658 0.0845766 0.1069421 0.8200042 0.0736193 1.6654895 1.6629484 0.1069628 0.0900634 0.0050064 0.0878772 0.0900634 0.0878772 
OK042108_Megalocytivirus_pagrus1_RSIV                    0.0736193 0.0101131 0.0203692 0.0736193 0.0000000 1.7264123 1.6434687 0.0630006 0.0630006 0.0101131 0.0203692 0.0911856 0.8754546 0.0000010 1.6434687 1.6409985 0.0912016 0.0255155 0.0793676 0.0826229 0.0255155 0.0826229 
MK637631_European_chub_iridovirus_ECIV                   1.6967069 1.7452594 1.7653601 1.6967069 1.7264123 0.0000000 0.7526548 1.6563370 1.6563370 1.7452594 1.7653601 1.6710594 1.8064328 1.7264123 0.7526548 0.7445146 1.6375590 1.7736525 1.6932018 1.6634455 1.7736525 1.6634455 
MN562489_Megalocytivirus_lates1_SDDV                     1.6654895 1.6601889 1.6764918 1.6654895 1.6434687 0.7526548 0.0000000 1.6566076 1.6566076 1.6601889 1.6764918 1.6684388 1.6760732 1.6434687 0.0000010 0.0051255 1.6598675 1.6880196 1.6624576 1.6378436 1.6880196 1.6378436 
MN432490_Megalocytivirus_pagrus1_ISKNV                   0.0254264 0.0735913 0.0738623 0.0254264 0.0630006 1.6563370 1.6566076 0.0000000 0.0000010 0.0735913 0.0738623 0.0895964 0.8287020 0.0630006 1.6566076 1.6541009 0.0896118 0.0793027 0.0306991 0.0819285 0.0793027 0.0819285 
PP974677_Megalocytivirus_pagrus1_ISKNV                   0.0254264 0.0735913 0.0738623 0.0254264 0.0630006 1.6563370 1.6566076 0.0000010 0.0000000 0.0735913 0.0738623 0.0895964 0.8287020 0.0630006 1.6566076 1.6541009 0.0896118 0.0793027 0.0306991 0.0819285 0.0793027 0.0819285 
OL774655_Megalocytivirus_pagrus1_RSIV                    0.0842658 0.0000010 0.0101112 0.0842658 0.0101131 1.7452594 1.6601889 0.0735913 0.0735913 0.0000000 0.0101112 0.1020492 0.8692734 0.0101131 1.6601889 1.6576989 0.1020684 0.0151986 0.0900870 0.0934791 0.0151986 0.0934791 
KC244182_Megalocytivirus_pagrus1_RSIV                    0.0845766 0.0101112 0.0000010 0.0845766 0.0203692 1.7653601 1.6764918 0.0738623 0.0738623 0.0101112 0.0000000 0.1024306 0.8792472 0.0203692 1.6764918 1.6739778 0.1024500 0.0050489 0.0904208 0.0938292 0.0050489 0.0938292 
MG570131_Megalocytivirus_pagrus1_TRBIV                   0.1069421 0.1020492 0.1024306 0.1069421 0.0911856 1.6710594 1.6684388 0.0895964 0.0895964 0.1020492 0.1024306 0.0000000 0.8883525 0.0911856 1.6684388 1.6659104 0.0100955 0.1080547 0.1129867 0.0571860 0.1080547 0.0571860 
PQ335173_PQ335174_Threespine_stickleback_iridovirus_TSIV 0.8200042 0.8692734 0.8792472 0.8200042 0.8754546 1.8064328 1.6760732 0.8287020 0.8287020 0.8692734 0.8792472 0.8883525 0.0000000 0.8754546 1.6760732 1.6611822 0.8832485 0.8911209 0.8172769 0.8698543 0.8911209 0.8698543 
AB104413_Megalocytivirus_pagrus1_RSIV                    0.0736193 0.0101131 0.0203692 0.0736193 0.0000010 1.7264123 1.6434687 0.0630006 0.0630006 0.0101131 0.0203692 0.0911856 0.8754546 0.0000000 1.6434687 1.6409985 0.0912016 0.0255155 0.0793676 0.0826229 0.0255155 0.0826229 
MT521409_Megalocytivirus_lates1_SDDV                     1.6654895 1.6601889 1.6764918 1.6654895 1.6434687 0.7526548 0.0000010 1.6566076 1.6566076 1.6601889 1.6764918 1.6684388 1.6760732 1.6434687 0.0000000 0.0051255 1.6598675 1.6880196 1.6624576 1.6378436 1.6880196 1.6378436 
OM037668_Megalocytivirus_lates1_SDDV                     1.6629484 1.6576989 1.6739778 1.6629484 1.6409985 0.7445146 0.0051255 1.6541009 1.6541009 1.6576989 1.6739778 1.6659104 1.6611822 1.6409985 0.0051255 0.0000000 1.6573533 1.6854847 1.6599221 1.6353538 1.6854847 1.6353538 
MG570132_Megalocytivirus_pagrus1_TRBIV                   0.1069628 0.1020684 0.1024500 0.1069628 0.0912016 1.6375590 1.6598675 0.0896118 0.0896118 0.1020684 0.1024500 0.0100955 0.8832485 0.0912016 1.6598675 1.6573533 0.0000000 0.1080759 0.1130094 0.0571936 0.1080759 0.0571936 
AP017456_Megalocytivirus_pagrus1_RSIV                    0.0900634 0.0151986 0.0050489 0.0900634 0.0255155 1.7736525 1.6880196 0.0793027 0.0793027 0.0151986 0.0050489 0.1080547 0.8911209 0.0255155 1.6880196 1.6854847 0.1080759 0.0000000 0.0959537 0.0994297 0.0000010 0.0994297 
MT926123_Megalocytivirus_pagrus1_ISKNV                   0.0050064 0.0900870 0.0904208 0.0050064 0.0793676 1.6932018 1.6624576 0.0306991 0.0306991 0.0900870 0.0904208 0.1129867 0.8172769 0.0793676 1.6624576 1.6599221 0.1130094 0.0959537 0.0000000 0.0938057 0.0959537 0.0938057 
OK042109_Megalocytivirus_pagrus1_RSIV                    0.0878772 0.0934791 0.0938292 0.0878772 0.0826229 1.6634455 1.6378436 0.0819285 0.0819285 0.0934791 0.0938292 0.0571860 0.8698543 0.0826229 1.6378436 1.6353538 0.0571936 0.0994297 0.0938057 0.0000000 0.0994297 0.0000010 
KT804738_Megalocytivirus_pagrus1_RSIV                    0.0900634 0.0151986 0.0050489 0.0900634 0.0255155 1.7736525 1.6880196 0.0793027 0.0793027 0.0151986 0.0050489 0.1080547 0.8911209 0.0255155 1.6880196 1.6854847 0.1080759 0.0000010 0.0959537 0.0994297 0.0000000 0.0994297 
GQ273492_Megalocytivirus_pagrus1_TRBIV                   0.0878772 0.0934791 0.0938292 0.0878772 0.0826229 1.6634455 1.6378436 0.0819285 0.0819285 0.0934791 0.0938292 0.0571860 0.8698543 0.0826229 1.6378436 1.6353538 0.0571936 0.0994297 0.0938057 0.0000010 0.0994297 0.0000000 
