21
MT798582_Megalocytivirus_pagrus1_RSIV                    0.0000000 0.0763998 0.0763998 0.0000010 0.0162540 3.7540855 0.0162540 0.0851794 0.0707511 0.0856354 0.0856354 1.4507265 0.0856354 3.7540855 3.7146496 0.1150135 0.1150135 0.1433313 0.0162540 0.0081222 0.0707511 
OP896201_Megalocytivirus_pagrus1_ISKNV                   0.0763998 0.0000000 0.0000010 0.0763998 0.0673100 3.6916175 0.0673100 0.0061079 0.0185042 0.0061301 0.0061301 1.6856823 0.0061301 3.6916175 3.6774967 0.0992935 0.0992935 0.1128752 0.0507616 0.0852198 0.0185042 
MW883593_Megalocytivirus_pagrus1_ISKNV                   0.0763998 0.0000010 0.0000000 0.0763998 0.0673100 3.6916175 0.0673100 0.0061079 0.0185042 0.0061301 0.0061301 1.6856823 0.0061301 3.6916175 3.6774967 0.0992935 0.0992935 0.1128752 0.0507616 0.0852198 0.0185042 
MW883598_Megalocytivirus_pagrus1_RSIV                    0.0000010 0.0763998 0.0763998 0.0000000 0.0162540 3.7540855 0.0162540 0.0851794 0.0707511 0.0856354 0.0856354 1.4507265 0.0856354 3.7540855 3.7146496 0.1150135 0.1150135 0.1433313 0.0162540 0.0081222 0.0707511 
BD143114_Megalocytivirus_pagrus1_RSIV                    0.0162540 0.0673100 0.0673100 0.0162540 0.0000000 3.6780116 0.0000010 0.0759828 0.0614664 0.0763838 0.0763838 1.3941312 0.0763838 3.6780116 3.6392622 0.1052250 0.1052250 0.1331715 0.0000010 0.0244738 0.0614664 
MN562489_Megalocytivirus_lates1_SDDV                     3.7540855 3.6916175 3.6916175 3.7540855 3.6780116 0.0000000 3.6780116 3.6258575 3.6311433 3.7825701 3.7825701 5.3614359 3.7000583 0.0000010 0.0128349 3.5508427 3.5508427 3.4683019 3.5516237 3.8400848 3.6311433 
OL774655_Megalocytivirus_pagrus1_RSIV                    0.0162540 0.0673100 0.0673100 0.0162540 0.0000010 3.6780116 0.0000000 0.0759828 0.0614664 0.0763838 0.0763838 1.3941312 0.0763838 3.6780116 3.6392622 0.1052250 0.1052250 0.1331715 0.0000010 0.0244738 0.0614664 
MT926123_Megalocytivirus_pagrus1_ISKNV                   0.0851794 0.0061079 0.0061079 0.0851794 0.0759828 3.6258575 0.0759828 0.0000000 0.0247375 0.0122924 0.0122924 1.6926225 0.0122924 3.6258575 3.6120982 0.1061734 0.1061734 0.1198016 0.0572550 0.0940606 0.0247375 
MW883595_Megalocytivirus_pagrus1_ISKNV                   0.0707511 0.0185042 0.0185042 0.0707511 0.0614664 3.6311433 0.0614664 0.0247375 0.0000000 0.0248300 0.0248300 1.7162391 0.0248300 3.6311433 3.6174115 0.0953251 0.0953251 0.1017611 0.0460011 0.0797681 0.0000010 
PP151097_Megalocytivirus_pagrus1_ISKNV                   0.0856354 0.0061301 0.0061301 0.0856354 0.0763838 3.7825701 0.0763838 0.0122924 0.0248300 0.0000000 0.0000010 1.6903807 0.0123377 3.7825701 3.7679434 0.1066195 0.1066195 0.1203094 0.0574799 0.0862622 0.0248300 
MT986830_Megalocytivirus_pagrus1_ISKNV                   0.0856354 0.0061301 0.0061301 0.0856354 0.0763838 3.7825701 0.0763838 0.0122924 0.0248300 0.0000010 0.0000000 1.6903807 0.0123377 3.7825701 3.7679434 0.1066195 0.1066195 0.1203094 0.0574799 0.0862622 0.0248300 
PQ335173_PQ335174_Threespine_stickleback_iridovirus_TSIV 1.4507265 1.6856823 1.6856823 1.4507265 1.3941312 5.3614359 1.3941312 1.6926225 1.7162391 1.6903807 1.6903807 0.0000000 1.7220925 5.3614359 5.3089247 1.5935402 1.5935402 1.6503066 1.7004267 1.4592322 1.7162391 
MW883606_Megalocytivirus_pagrus1_ISKNV                   0.0856354 0.0061301 0.0061301 0.0856354 0.0763838 3.7000583 0.0763838 0.0122924 0.0248300 0.0123377 0.0123377 1.7220925 0.0000000 3.7000583 3.6859031 0.1066195 0.1066195 0.1203094 0.0574799 0.0945684 0.0248300 
MT521409_Megalocytivirus_lates1_SDDV                     3.7540855 3.6916175 3.6916175 3.7540855 3.6780116 0.0000010 3.6780116 3.6258575 3.6311433 3.7825701 3.7825701 5.3614359 3.7000583 0.0000000 0.0128349 3.5508427 3.5508427 3.4683019 3.5516237 3.8400848 3.6311433 
OM037668_Megalocytivirus_lates1_SDDV                     3.7146496 3.6774967 3.6774967 3.7146496 3.6392622 0.0128349 3.6392622 3.6120982 3.6174115 3.7679434 3.7679434 5.3089247 3.6859031 0.0128349 0.0000000 3.5372098 3.5372098 3.4551271 3.5381349 3.7992883 3.6174115 
MG570131_Megalocytivirus_pagrus1_TRBIV                   0.1150135 0.0992935 0.0992935 0.1150135 0.1052250 3.5508427 0.1052250 0.1061734 0.0953251 0.1066195 0.1066195 1.5935402 0.1066195 3.5508427 3.5372098 0.0000000 0.0000010 0.0438497 0.0785917 0.1243152 0.0953251 
MG570132_Megalocytivirus_pagrus1_TRBIV                   0.1150135 0.0992935 0.0992935 0.1150135 0.1052250 3.5508427 0.1052250 0.1061734 0.0953251 0.1066195 0.1066195 1.5935402 0.1066195 3.5508427 3.5372098 0.0000010 0.0000000 0.0438497 0.0785917 0.1243152 0.0953251 
GQ273492_Megalocytivirus_pagrus1_TRBIV                   0.1433313 0.1128752 0.1128752 0.1433313 0.1331715 3.4683019 0.1331715 0.1198016 0.1017611 0.1203094 0.1203094 1.6503066 0.1203094 3.4683019 3.4551271 0.0438497 0.0438497 0.0000000 0.0991709 0.1528447 0.1017611 
OQ475017_Megalocytivirus_pagrus1_RSIV                    0.0162540 0.0507616 0.0507616 0.0162540 0.0000010 3.5516237 0.0000010 0.0572550 0.0460011 0.0574799 0.0574799 1.7004267 0.0574799 3.5516237 3.5381349 0.0785917 0.0785917 0.0991709 0.0000000 0.0244738 0.0460011 
AP017456_Megalocytivirus_pagrus1_RSIV                    0.0081222 0.0852198 0.0852198 0.0081222 0.0244738 3.8400848 0.0244738 0.0940606 0.0797681 0.0862622 0.0862622 1.4592322 0.0945684 3.8400848 3.7992883 0.1243152 0.1243152 0.1528447 0.0244738 0.0000000 0.0797681 
MN432490_Megalocytivirus_pagrus1_ISKNV                   0.0707511 0.0185042 0.0185042 0.0707511 0.0614664 3.6311433 0.0614664 0.0247375 0.0000010 0.0248300 0.0248300 1.7162391 0.0248300 3.6311433 3.6174115 0.0953251 0.0953251 0.1017611 0.0460011 0.0797681 0.0000000 
