9
AF371960_AF371960.1_00051 0.0000000 0.1097968 0.1086889 0.0534825 0.1097968 0.0354819 0.0354819 0.1086889 0.0000010 
AY894343_MK689686.1_00050 0.1097968 0.0000000 0.0351681 0.0900657 0.0000010 0.0716906 0.0716906 0.0351681 0.1097968 
BD143114_MK689686.1_00050 0.1086889 0.0351681 0.0000000 0.0891778 0.0351681 0.0709934 0.0709934 0.0000010 0.1086889 
GQ273492_GQ273492.1_00050 0.0534825 0.0900657 0.0891778 0.0000000 0.0900657 0.0174739 0.0174739 0.0891778 0.0534825 
KC244182_MK689686.1_00050 0.1097968 0.0000010 0.0351681 0.0900657 0.0000000 0.0716906 0.0716906 0.0351681 0.1097968 
MG570131_MG570131.1_00051 0.0354819 0.0716906 0.0709934 0.0174739 0.0716906 0.0000000 0.0000010 0.0709934 0.0354819 
MG570132_MG570132.1_00051 0.0354819 0.0716906 0.0709934 0.0174739 0.0716906 0.0000010 0.0000000 0.0709934 0.0354819 
MK098185_MK689686.1_00050 0.1086889 0.0351681 0.0000010 0.0891778 0.0351681 0.0709934 0.0709934 0.0000000 0.1086889 
MK689685_AF371960.1_00051 0.0000010 0.1097968 0.1086889 0.0534825 0.1097968 0.0354819 0.0354819 0.1086889 0.0000000 
