36
MK637631_European_chub_iridovirus_ECIV                   0.0000000 0.7915562 0.7831655 0.7841240 0.7910162 0.7841240 0.7899039 0.7928546 0.7910162 0.7798294 0.7926668 0.3778648 0.7967486 0.7798294 1.7808785 1.8104880 0.7899039 0.7823326 0.7928546 0.7830929 0.7887675 1.8471982 2.9460414 0.3778648 0.7830929 0.7829243 1.8602850 3.1814307 0.8143570 0.7926668 0.7791947 0.7910327 2.8750940 0.7967486 0.7789550 0.7778070 
GQ273492_Megalocytivirus_pagrus1_TRBIV                   0.7915562 0.0000000 0.0313866 0.0304953 0.0180925 0.0304953 0.0242571 0.0207101 0.0180925 0.0305007 0.0251474 0.8234324 0.0216090 0.0305007 1.8279287 1.7436177 0.0242571 0.0314067 0.0207101 0.0314127 0.0224371 1.8413279 2.8860688 0.8234324 0.0314127 0.0323349 1.7976078 3.0716298 0.3648467 0.0251474 0.0314244 0.0251504 3.0238513 0.0216090 0.0189652 0.0154636 
PP974677_Megalocytivirus_pagrus1_ISKNV                   0.7831655 0.0313866 0.0000000 0.0008482 0.0289455 0.0008482 0.0244719 0.0280476 0.0289455 0.0076843 0.0253682 0.8142337 0.0289708 0.0076843 1.8095800 1.7455546 0.0244719 0.0085475 0.0280476 0.0085489 0.0235529 1.8324428 2.9494619 0.8142337 0.0085489 0.0094184 1.8160077 3.0846301 0.3571394 0.0253682 0.0085525 0.0253713 3.0893933 0.0289708 0.0349182 0.0331838 
MT986830_Megalocytivirus_pagrus1_ISKNV                   0.7841240 0.0304953 0.0008482 0.0000000 0.0280524 0.0000010 0.0235846 0.0271557 0.0280524 0.0068261 0.0244796 0.8152204 0.0280769 0.0068261 1.8087430 1.7433420 0.0235846 0.0076878 0.0271557 0.0076891 0.0226678 1.8315967 2.9471589 0.8152204 0.0076891 0.0085567 1.8158844 3.0816854 0.3567319 0.0244796 0.0076923 0.0244825 3.0865675 0.0280769 0.0340237 0.0322901 
ON740976_Megalocytivirus_pagrus1_RSIV                    0.7910162 0.0180925 0.0289455 0.0280524 0.0000000 0.0280524 0.0076744 0.0025463 0.0000010 0.0307708 0.0085352 0.8204944 0.0034006 0.0307708 1.8605847 1.7562482 0.0076744 0.0316829 0.0025463 0.0316890 0.0085355 1.8745574 2.9331173 0.8204944 0.0316890 0.0326174 1.8173015 3.0494261 0.3619025 0.0085352 0.0317009 0.0085361 3.0660383 0.0034006 0.0269041 0.0242511 
PP151097_Megalocytivirus_pagrus1_ISKNV                   0.7841240 0.0304953 0.0008482 0.0000010 0.0280524 0.0000000 0.0235846 0.0271557 0.0280524 0.0068261 0.0244796 0.8152204 0.0280769 0.0068261 1.8087430 1.7433420 0.0235846 0.0076878 0.0271557 0.0076891 0.0226678 1.8315967 2.9471589 0.8152204 0.0076891 0.0085567 1.8158844 3.0816854 0.3567319 0.0244796 0.0076923 0.0244825 3.0865675 0.0280769 0.0340237 0.0322901 
AP017456_Megalocytivirus_pagrus1_RSIV                    0.7899039 0.0242571 0.0244719 0.0235846 0.0076744 0.0235846 0.0000000 0.0068162 0.0076744 0.0280616 0.0008468 0.8164648 0.0076808 0.0280616 1.8638442 1.7457824 0.0000010 0.0289685 0.0068162 0.0289740 0.0025467 1.8778475 2.9455647 0.8164648 0.0289740 0.0298962 1.8264231 3.0610734 0.3592866 0.0008468 0.0289851 0.0008469 3.0643411 0.0076808 0.0313786 0.0287052 
MK098185_Megalocytivirus_pagrus1_RSIV                    0.7928546 0.0207101 0.0280476 0.0271557 0.0025463 0.0271557 0.0068162 0.0000000 0.0025463 0.0298694 0.0076755 0.8223885 0.0008480 0.0298694 1.8669265 1.7569824 0.0068162 0.0307799 0.0000010 0.0307858 0.0076758 1.8809800 2.9418342 0.8223885 0.0307858 0.0317122 1.8180826 3.0467233 0.3592005 0.0076755 0.0307974 0.0076763 3.0716777 0.0008480 0.0269132 0.0242592 
OK042108_Megalocytivirus_pagrus1_RSIV                    0.7910162 0.0180925 0.0289455 0.0280524 0.0000010 0.0280524 0.0076744 0.0025463 0.0000000 0.0307708 0.0085352 0.8204944 0.0034006 0.0307708 1.8605847 1.7562482 0.0076744 0.0316829 0.0025463 0.0316890 0.0085355 1.8745574 2.9331173 0.8204944 0.0316890 0.0326174 1.8173015 3.0494261 0.3619025 0.0085352 0.0317009 0.0085361 3.0660383 0.0034006 0.0269041 0.0242511 
MW883601_Megalocytivirus_pagrus1_ISKNV                   0.7798294 0.0305007 0.0076843 0.0068261 0.0307708 0.0068261 0.0280616 0.0298694 0.0307708 0.0000000 0.0289643 0.8091215 0.0307978 0.0000010 1.8162428 1.7527551 0.0280616 0.0008487 0.0298694 0.0008488 0.0253457 1.8361882 2.9736807 0.8091215 0.0008488 0.0017016 1.8270669 3.0747509 0.3579559 0.0289643 0.0008492 0.0289678 3.0988012 0.0307978 0.0331685 0.0314337 
MT798582_Megalocytivirus_pagrus1_RSIV                    0.7926668 0.0251474 0.0253682 0.0244796 0.0085352 0.0244796 0.0008468 0.0076755 0.0085352 0.0289643 0.0000000 0.8159430 0.0085423 0.0289643 1.8623046 1.7397614 0.0008468 0.0298730 0.0076755 0.0298787 0.0033988 1.8754912 2.9420039 0.8159430 0.0298787 0.0308030 1.8295694 3.0605393 0.3592522 0.0000010 0.0298901 0.0016967 3.0742989 0.0085423 0.0322811 0.0296033 
MT521409_Megalocytivirus_lates1_SDDV                     0.3778648 0.8234324 0.8142337 0.8152204 0.8204944 0.8152204 0.8164648 0.8223885 0.8204944 0.8091215 0.8159430 0.0000000 0.8264239 0.8091215 1.9161734 1.9129977 0.8164648 0.8116877 0.8223885 0.8124863 0.8135532 1.9776767 3.0508370 0.0000010 0.8124863 0.8123195 1.8588144 3.2141017 0.8357920 0.8159430 0.8117411 0.8161227 2.9667423 0.8264239 0.8209341 0.8197422 
AB104413_Megalocytivirus_pagrus1_RSIV                    0.7967486 0.0216090 0.0289708 0.0280769 0.0034006 0.0280769 0.0076808 0.0008480 0.0034006 0.0307978 0.0085423 0.8264239 0.0000000 0.0307978 1.8731642 1.7618639 0.0076808 0.0317108 0.0008480 0.0317169 0.0085427 1.8872884 2.9504232 0.8264239 0.0317169 0.0326462 1.8233436 3.0559812 0.3599273 0.0085423 0.0317288 0.0085433 3.0806248 0.0000010 0.0278278 0.0251675 
MK689685_Megalocytivirus_pagrus1_ISKNV                   0.7798294 0.0305007 0.0076843 0.0068261 0.0307708 0.0068261 0.0280616 0.0298694 0.0307708 0.0000010 0.0289643 0.8091215 0.0307978 0.0000000 1.8162428 1.7527551 0.0280616 0.0008487 0.0298694 0.0008488 0.0253457 1.8361882 2.9736807 0.8091215 0.0008488 0.0017016 1.8270669 3.0747509 0.3579559 0.0289643 0.0008492 0.0289678 3.0988012 0.0307978 0.0331685 0.0314337 
MN803438_Lymphocystivirus_micropogonias1_n/a             1.7808785 1.8279287 1.8095800 1.8087430 1.8605847 1.8087430 1.8638442 1.8669265 1.8605847 1.8162428 1.8623046 1.9161734 1.8731642 1.8162428 0.0000000 1.3659374 1.8638442 1.8192716 1.8669265 1.8162428 1.8596595 0.1636779 2.7351372 1.9161734 1.8162428 1.8214772 1.2798687 3.3391425 1.8092889 1.8623046 1.8174687 1.8712892 2.9483736 1.8731642 1.8268141 1.8271023 
NC_005946_Ranavirus_rana1_n/a                            1.8104880 1.7436177 1.7455546 1.7433420 1.7562482 1.7433420 1.7457824 1.7569824 1.7562482 1.7527551 1.7397614 1.9129977 1.7618639 1.7527551 1.3659374 0.0000000 1.7457824 1.7580710 1.7569824 1.7527551 1.7416357 1.3875706 3.1894510 1.9129977 1.7527551 1.7576251 0.6648171 3.3238207 1.7429803 1.7397614 1.7515861 1.7524593 3.3341525 1.7618639 1.7483501 1.7489954 
KT804738_Megalocytivirus_pagrus1_RSIV                    0.7899039 0.0242571 0.0244719 0.0235846 0.0076744 0.0235846 0.0000010 0.0068162 0.0076744 0.0280616 0.0008468 0.8164648 0.0076808 0.0280616 1.8638442 1.7457824 0.0000000 0.0289685 0.0068162 0.0289740 0.0025467 1.8778475 2.9455647 0.8164648 0.0289740 0.0298962 1.8264231 3.0610734 0.3592866 0.0008468 0.0289851 0.0008469 3.0643411 0.0076808 0.0313786 0.0287052 
MW883606_Megalocytivirus_pagrus1_ISKNV                   0.7823326 0.0314067 0.0085475 0.0076878 0.0316829 0.0076878 0.0289685 0.0307799 0.0316829 0.0008487 0.0298730 0.8116877 0.0317108 0.0008487 1.8192716 1.7580710 0.0289685 0.0000000 0.0307799 0.0017008 0.0262467 1.8392469 2.9844123 0.8116877 0.0017008 0.0025552 1.8300173 3.0864264 0.3595880 0.0298730 0.0017015 0.0298766 3.1031931 0.0317108 0.0340788 0.0323424 
MK098186_Megalocytivirus_pagrus1_RSIV                    0.7928546 0.0207101 0.0280476 0.0271557 0.0025463 0.0271557 0.0068162 0.0000010 0.0025463 0.0298694 0.0076755 0.8223885 0.0008480 0.0298694 1.8669265 1.7569824 0.0068162 0.0307799 0.0000000 0.0307858 0.0076758 1.8809800 2.9418342 0.8223885 0.0307858 0.0317122 1.8180826 3.0467233 0.3592005 0.0076755 0.0307974 0.0076763 3.0716777 0.0008480 0.0269132 0.0242592 
MW883600_Megalocytivirus_pagrus1_ISKNV                   0.7830929 0.0314127 0.0085489 0.0076891 0.0316890 0.0076891 0.0289740 0.0307858 0.0316890 0.0008488 0.0298787 0.8124863 0.0317169 0.0008488 1.8162428 1.7527551 0.0289740 0.0017008 0.0307858 0.0000000 0.0262516 1.8361882 2.9736807 0.8124863 0.0000010 0.0008487 1.8270669 3.0747509 0.3598138 0.0298787 0.0017018 0.0298824 3.0988012 0.0317169 0.0340854 0.0323487 
MW883598_Megalocytivirus_pagrus1_RSIV                    0.7887675 0.0224371 0.0235529 0.0226678 0.0085355 0.0226678 0.0025467 0.0076758 0.0085355 0.0253457 0.0033988 0.8135532 0.0085427 0.0253457 1.8596595 1.7416357 0.0025467 0.0262467 0.0076758 0.0262516 0.0000000 1.8736300 2.9308607 0.8135532 0.0262516 0.0271667 1.8225294 3.0374846 0.3575234 0.0033988 0.0262618 0.0033992 3.0520738 0.0085427 0.0286618 0.0260033 
KX643370_Lymphocystivirus_sparus1_n/a                    1.8471982 1.8413279 1.8324428 1.8315967 1.8745574 1.8315967 1.8778475 1.8809800 1.8745574 1.8361882 1.8754912 1.9776767 1.8872884 1.8361882 0.1636779 1.3875706 1.8778475 1.8392469 1.8809800 1.8361882 1.8736300 0.0000000 2.7034457 1.9776767 1.8361882 1.8377059 1.2964159 3.2455928 1.8411971 1.8754912 1.8374331 1.8853818 3.0280729 1.8872884 1.8301731 1.8394556 
KF938901_Chloriridovirus_anopheles1_n/a                  2.9460414 2.8860688 2.9494619 2.9471589 2.9331173 2.9471589 2.9455647 2.9418342 2.9331173 2.9736807 2.9420039 3.0508370 2.9504232 2.9736807 2.7351372 3.1894510 2.9455647 2.9844123 2.9418342 2.9736807 2.9308607 2.7034457 0.0000000 3.0508370 2.9736807 2.9709627 2.9905163 1.8147806 3.2306407 2.9420039 2.9825754 2.9439886 0.4161113 2.9504232 2.9220687 2.9145064 
OM037668_Megalocytivirus_lates1_SDDV                     0.3778648 0.8234324 0.8142337 0.8152204 0.8204944 0.8152204 0.8164648 0.8223885 0.8204944 0.8091215 0.8159430 0.0000010 0.8264239 0.8091215 1.9161734 1.9129977 0.8164648 0.8116877 0.8223885 0.8124863 0.8135532 1.9776767 3.0508370 0.0000000 0.8124863 0.8123195 1.8588144 3.2141017 0.8357920 0.8159430 0.8117411 0.8161227 2.9667423 0.8264239 0.8209341 0.8197422 
MW883602_Megalocytivirus_pagrus1_ISKNV                   0.7830929 0.0314127 0.0085489 0.0076891 0.0316890 0.0076891 0.0289740 0.0307858 0.0316890 0.0008488 0.0298787 0.8124863 0.0317169 0.0008488 1.8162428 1.7527551 0.0289740 0.0017008 0.0307858 0.0000010 0.0262516 1.8361882 2.9736807 0.8124863 0.0000000 0.0008487 1.8270669 3.0747509 0.3598138 0.0298787 0.0017018 0.0298824 3.0988012 0.0317169 0.0340854 0.0323487 
OR536350_Megalocytivirus_pagrus1_ISKNV                   0.7829243 0.0323349 0.0094184 0.0085567 0.0326174 0.0085567 0.0298962 0.0317122 0.0326174 0.0017016 0.0308030 0.8123195 0.0326462 0.0017016 1.8214772 1.7576251 0.0298962 0.0025552 0.0317122 0.0008487 0.0271667 1.8377059 2.9709627 0.8123195 0.0008487 0.0000000 1.8321800 3.0747509 0.3601332 0.0308030 0.0025567 0.0308068 3.1011054 0.0326462 0.0350130 0.0332739 
AY521625_Ranavirus_epinephelus1_n/a                      1.8602850 1.7976078 1.8160077 1.8158844 1.8173015 1.8158844 1.8264231 1.8180826 1.8173015 1.8270669 1.8295694 1.8588144 1.8233436 1.8270669 1.2798687 0.6648171 1.8264231 1.8300173 1.8180826 1.8270669 1.8225294 1.2964159 2.9905163 1.8588144 1.8270669 1.8321800 0.0000000 3.3020883 1.7917038 1.8295694 1.8258420 1.8334845 3.1325322 1.8233436 1.8044923 1.8061844 
LS484712_Daphniairidovirus_daphnia1_n/a                  3.1814307 3.0716298 3.0846301 3.0816854 3.0494261 3.0816854 3.0610734 3.0467233 3.0494261 3.0747509 3.0605393 3.2141017 3.0559812 3.0747509 3.3391425 3.3238207 3.0610734 3.0864264 3.0467233 3.0747509 3.0374846 3.2455928 1.8147806 3.2141017 3.0747509 3.0747509 3.3020883 0.0000000 3.4965844 3.0605393 3.0724159 3.0604740 1.9001970 3.0559812 3.0714204 3.0739525 
PQ335173_PQ335174_Threespine_stickleback_iridovirus_TSIV 0.8143570 0.3648467 0.3571394 0.3567319 0.3619025 0.3567319 0.3592866 0.3592005 0.3619025 0.3579559 0.3592522 0.8357920 0.3599273 0.3579559 1.8092889 1.7429803 0.3592866 0.3595880 0.3592005 0.3598138 0.3575234 1.8411971 3.2306407 0.8357920 0.3598138 0.3601332 1.7917038 3.4965844 0.0000000 0.3592522 0.3597095 0.3610284 3.2443318 0.3599273 0.3589768 0.3604960 
KC244182_Megalocytivirus_pagrus1_RSIV                    0.7926668 0.0251474 0.0253682 0.0244796 0.0085352 0.0244796 0.0008468 0.0076755 0.0085352 0.0289643 0.0000010 0.8159430 0.0085423 0.0289643 1.8623046 1.7397614 0.0008468 0.0298730 0.0076755 0.0298787 0.0033988 1.8754912 2.9420039 0.8159430 0.0298787 0.0308030 1.8295694 3.0605393 0.3592522 0.0000000 0.0298901 0.0016967 3.0742989 0.0085423 0.0322811 0.0296033 
MW273354_Megalocytivirus_pagrus1_ISKNV                   0.7791947 0.0314244 0.0085525 0.0076923 0.0317009 0.0076923 0.0289851 0.0307974 0.0317009 0.0008492 0.0298901 0.8117411 0.0317288 0.0008492 1.8174687 1.7515861 0.0289851 0.0017015 0.0307974 0.0017018 0.0262618 1.8374331 2.9825754 0.8117411 0.0017018 0.0025567 1.8258420 3.0724159 0.3597095 0.0298901 0.0000000 0.0298937 3.1081308 0.0317288 0.0340979 0.0323607 
AY894343_Megalocytivirus_pagrus1_RSIV                    0.7910327 0.0251504 0.0253713 0.0244825 0.0085361 0.0244825 0.0008469 0.0076763 0.0085361 0.0289678 0.0016967 0.8161227 0.0085433 0.0289678 1.8712892 1.7524593 0.0008469 0.0298766 0.0076763 0.0298824 0.0033992 1.8853818 2.9439886 0.8161227 0.0298824 0.0308068 1.8334845 3.0604740 0.3610284 0.0016967 0.0298937 0.0000000 3.0626982 0.0085433 0.0322851 0.0296069 
HF920633_Chloriridovirus_simulium1_n/a                   2.8750940 3.0238513 3.0893933 3.0865675 3.0660383 3.0865675 3.0643411 3.0716777 3.0660383 3.0988012 3.0742989 2.9667423 3.0806248 3.0988012 2.9483736 3.3341525 3.0643411 3.1031931 3.0716777 3.0988012 3.0520738 3.0280729 0.4161113 2.9667423 3.0988012 3.1011054 3.1325322 1.9001970 3.2443318 3.0742989 3.1081308 3.0626982 0.0000000 3.0806248 3.0902895 3.0823651 
BD143114_Megalocytivirus_pagrus1_RSIV                    0.7967486 0.0216090 0.0289708 0.0280769 0.0034006 0.0280769 0.0076808 0.0008480 0.0034006 0.0307978 0.0085423 0.8264239 0.0000010 0.0307978 1.8731642 1.7618639 0.0076808 0.0317108 0.0008480 0.0317169 0.0085427 1.8872884 2.9504232 0.8264239 0.0317169 0.0326462 1.8233436 3.0559812 0.3599273 0.0085423 0.0317288 0.0085433 3.0806248 0.0000000 0.0278278 0.0251675 
MG570132_Megalocytivirus_pagrus1_TRBIV                   0.7789550 0.0189652 0.0349182 0.0340237 0.0269041 0.0340237 0.0313786 0.0269132 0.0269041 0.0331685 0.0322811 0.8209341 0.0278278 0.0331685 1.8268141 1.7483501 0.0313786 0.0340788 0.0269132 0.0340854 0.0286618 1.8301731 2.9220687 0.8209341 0.0340854 0.0350130 1.8044923 3.0714204 0.3589768 0.0322811 0.0340979 0.0322851 3.0902895 0.0278278 0.0000000 0.0033994 
MG570131_Megalocytivirus_pagrus1_TRBIV                   0.7778070 0.0154636 0.0331838 0.0322901 0.0242511 0.0322901 0.0287052 0.0242592 0.0242511 0.0314337 0.0296033 0.8197422 0.0251675 0.0314337 1.8271023 1.7489954 0.0287052 0.0323424 0.0242592 0.0323487 0.0260033 1.8394556 2.9145064 0.8197422 0.0323487 0.0332739 1.8061844 3.0739525 0.3604960 0.0296033 0.0323607 0.0296069 3.0823651 0.0251675 0.0033994 0.0000000 
