42
MK637631_European_chub_iridovirus_ECIV                   0.0000000 0.7627982 0.7547421 0.7556552 0.7619924 0.7556552 0.7609995 0.7637293 0.7619924 0.7514834 0.7635851 0.3701672 0.7673252 0.7514834 1.6730295 2.3031313 3.8285933 1.7066809 0.7609995 0.7538696 0.7637293 0.7544947 0.7599406 2.1815549 3.7448452 1.7362948 2.6952070 1.9771395 2.6146019 0.3701672 0.7544947 0.7543072 1.7496093 2.9193439 0.7842868 0.7635851 0.7508557 0.7620911 2.6288395 0.7673252 0.7510246 0.7499244 
GQ273492_Megalocytivirus_pagrus1_TRBIV                   0.7627982 0.0000000 0.0313316 0.0304428 0.0180743 0.0304428 0.0242249 0.0206875 0.0180743 0.0304494 0.0251125 0.7928910 0.0215834 0.0304494 1.7179651 2.4477415 3.4336184 1.6467941 0.0242249 0.0313523 0.0206875 0.0313564 0.0224125 2.3822623 3.1735826 1.7299131 2.6592043 2.0728673 2.1309287 0.7928910 0.0313564 0.0322743 1.6893558 2.8016687 0.3571220 0.0251125 0.0313679 0.0251145 2.7727889 0.0215834 0.0189447 0.0154498 
PP974677_Megalocytivirus_pagrus1_ISKNV                   0.7547421 0.0313316 0.0000000 0.0008485 0.0288911 0.0008485 0.0244296 0.0279959 0.0288911 0.0076813 0.0253230 0.7838756 0.0289149 0.0076813 1.7014763 2.4504050 3.4141674 1.6473841 0.0244296 0.0085436 0.0279959 0.0085446 0.0235141 2.3957953 3.1853665 1.7207740 2.7120427 2.0909813 2.1175514 0.7838756 0.0085446 0.0094128 1.7061378 2.8104544 0.3496899 0.0253230 0.0085481 0.0253250 2.8261606 0.0289149 0.0348558 0.0331228 
MT986830_Megalocytivirus_pagrus1_ISKNV                   0.7556552 0.0304428 0.0008485 0.0000000 0.0280004 0.0000010 0.0235445 0.0271063 0.0280004 0.0068237 0.0244366 0.7848185 0.0280234 0.0068237 1.7005771 2.4504050 3.4052421 1.6452525 0.0235445 0.0076846 0.0271063 0.0076854 0.0226311 2.3957953 3.1625947 1.7198658 2.7097188 2.0909813 2.1119569 0.7848185 0.0076854 0.0085519 1.7059904 2.8074511 0.3493155 0.0244366 0.0076886 0.0244385 2.8232802 0.0280234 0.0339639 0.0322317 
ON740976_Megalocytivirus_pagrus1_RSIV                    0.7619924 0.0180743 0.0288911 0.0280004 0.0000000 0.0280004 0.0076718 0.0025460 0.0000010 0.0307091 0.0085318 0.7897184 0.0034000 0.0307091 1.7465439 2.4707532 3.3897875 1.6574737 0.0076718 0.0316178 0.0025460 0.0316220 0.0085315 2.4030358 3.1776350 1.7581828 2.7004260 2.0708187 2.1135159 0.7897184 0.0316220 0.0325459 1.7071063 2.7864476 0.3541758 0.0085318 0.0316336 0.0085324 2.8108659 0.0034000 0.0268673 0.0242207 
PP151097_Megalocytivirus_pagrus1_ISKNV                   0.7556552 0.0304428 0.0008485 0.0000010 0.0280004 0.0000000 0.0235445 0.0271063 0.0280004 0.0068237 0.0244366 0.7848185 0.0280234 0.0068237 1.7005771 2.4504050 3.4052421 1.6452525 0.0235445 0.0076846 0.0271063 0.0076854 0.0226311 2.3957953 3.1625947 1.7198658 2.7097188 2.0909813 2.1119569 0.7848185 0.0076854 0.0085519 1.7059904 2.8074511 0.3493155 0.0244366 0.0076886 0.0244385 2.8232802 0.0280234 0.0339639 0.0322317 
AP017456_Megalocytivirus_pagrus1_RSIV                    0.7609995 0.0242249 0.0244296 0.0235445 0.0076718 0.0235445 0.0000000 0.0068142 0.0076718 0.0280085 0.0008470 0.7859479 0.0076779 0.0280085 1.7502406 2.4767907 3.3930743 1.6475328 0.0000010 0.0289124 0.0068142 0.0289162 0.0025462 2.4088515 3.1856245 1.7619141 2.7137074 2.0740396 2.1200389 0.7859479 0.0289162 0.0298341 1.7155082 2.7954460 0.3516936 0.0008470 0.0289270 0.0008471 2.8117654 0.0076779 0.0313274 0.0286617 
MK098185_Megalocytivirus_pagrus1_RSIV                    0.7637293 0.0206875 0.0279959 0.0271063 0.0025460 0.0271063 0.0068142 0.0000000 0.0025460 0.0298106 0.0076727 0.7915126 0.0008483 0.0298106 1.7519903 2.4707532 3.3825518 1.6581018 0.0068142 0.0307178 0.0000010 0.0307219 0.0076725 2.4030358 3.1794947 1.7636995 2.7091080 2.0708187 2.1127285 0.7915126 0.0307219 0.0316439 1.7077663 2.7835124 0.3515159 0.0076727 0.0307332 0.0076733 2.8164347 0.0008483 0.0268752 0.0242278 
OK042108_Megalocytivirus_pagrus1_RSIV                    0.7619924 0.0180743 0.0288911 0.0280004 0.0000010 0.0280004 0.0076718 0.0025460 0.0000000 0.0307091 0.0085318 0.7897184 0.0034000 0.0307091 1.7465439 2.4707532 3.3897875 1.6574737 0.0076718 0.0316178 0.0025460 0.0316220 0.0085315 2.4030358 3.1776350 1.7581828 2.7004260 2.0708187 2.1135159 0.7897184 0.0316220 0.0325459 1.7071063 2.7864476 0.3541758 0.0085318 0.0316336 0.0085324 2.8108659 0.0034000 0.0268673 0.0242207 
MW883601_Megalocytivirus_pagrus1_ISKNV                   0.7514834 0.0304494 0.0076813 0.0068237 0.0307091 0.0068237 0.0280085 0.0298106 0.0307091 0.0000000 0.0289079 0.7790666 0.0307345 0.0000010 1.7074540 2.4651226 3.3802396 1.6542370 0.0280085 0.0008490 0.0298106 0.0008491 0.0253027 2.4145017 3.1307188 1.7245879 2.7319274 2.1133417 2.0984001 0.7790666 0.0008491 0.0017006 1.7161112 2.8006321 0.3503699 0.0289079 0.0008494 0.0289102 2.8347405 0.0307345 0.0331109 0.0313776 
MT798582_Megalocytivirus_pagrus1_RSIV                    0.7635851 0.0251125 0.0253230 0.0244366 0.0085318 0.0244366 0.0008470 0.0076727 0.0085318 0.0289079 0.0000000 0.7854720 0.0085385 0.0289079 1.7488915 2.4767907 3.3930743 1.6420564 0.0008470 0.0298134 0.0076727 0.0298173 0.0033979 2.4088515 3.1856245 1.7596901 2.7101689 2.0740396 2.1161947 0.7854720 0.0298173 0.0307373 1.7185246 2.7948658 0.3516585 0.0000010 0.0298284 0.0016957 2.8218477 0.0085385 0.0322264 0.0295566 
MT521409_Megalocytivirus_lates1_SDDV                     0.3701672 0.7928910 0.7838756 0.7848185 0.7897184 0.7848185 0.7859479 0.7915126 0.7897184 0.7790666 0.7854720 0.0000000 0.7952350 0.7790666 1.7991139 2.3093089 4.0453833 1.7969666 0.7859479 0.7815078 0.7915126 0.7821691 0.7833016 2.1856945 3.9555351 1.8563708 2.8010803 1.9109175 2.4979661 0.0000010 0.7821691 0.7819808 1.7476962 2.9441167 0.8047024 0.7854720 0.7815756 0.7856239 2.7156165 0.7952350 0.7906891 0.7895431 
AB104413_Megalocytivirus_pagrus1_RSIV                    0.7673252 0.0215834 0.0289149 0.0280234 0.0034000 0.0280234 0.0076779 0.0008483 0.0034000 0.0307345 0.0085385 0.7952350 0.0000000 0.0307345 1.7577080 2.4824023 3.3825518 1.6629300 0.0076779 0.0316440 0.0008483 0.0316482 0.0085383 2.4143645 3.1794947 1.7694932 2.7178156 2.0820783 2.1127285 0.7952350 0.0316482 0.0325730 1.7129639 2.7928599 0.3521578 0.0085385 0.0316599 0.0085391 2.8254820 0.0000010 0.0277860 0.0251327 
MK689685_Megalocytivirus_pagrus1_ISKNV                   0.7514834 0.0304494 0.0076813 0.0068237 0.0307091 0.0068237 0.0280085 0.0298106 0.0307091 0.0000010 0.0289079 0.7790666 0.0307345 0.0000000 1.7074540 2.4651226 3.3802396 1.6542370 0.0280085 0.0008490 0.0298106 0.0008491 0.0253027 2.4145017 3.1307188 1.7245879 2.7319274 2.1133417 2.0984001 0.7790666 0.0008491 0.0017006 1.7161112 2.8006321 0.3503699 0.0289079 0.0008494 0.0289102 2.8347405 0.0307345 0.0331109 0.0313776 
MN803438_Lymphocystivirus_micropogonias1_n/a             1.6730295 1.7179651 1.7014763 1.7005771 1.7465439 1.7005771 1.7502406 1.7519903 1.7465439 1.7074540 1.7488915 1.7991139 1.7577080 1.7074540 0.0000000 2.0058610 3.5697945 1.2942062 1.7502406 1.7104538 1.7519903 1.7074540 1.7461574 2.1334639 3.3316566 0.1622351 2.5261159 1.5375634 2.2667749 1.7991139 1.7074540 1.7120436 1.2146015 3.0649746 1.6976003 1.7488915 1.7087145 1.7570224 2.7186272 1.7577080 1.7175857 1.7173982 
HF920637_Iridovirus_armadillidium1_n/a_1                 2.3031313 2.4477415 2.4504050 2.4504050 2.4707532 2.4504050 2.4767907 2.4707532 2.4707532 2.4651226 2.4767907 2.3093089 2.4824023 2.4651226 2.0058610 0.0000000 0.0000010 2.2755984 2.4767907 2.4611035 2.4707532 2.4680374 2.4628168 0.4230424 0.0000010 2.0265836 1.2593859 1.5529305 1.0857838 2.3093089 2.4680374 2.4710213 2.1464416 1.7539934 2.6380332 2.4767907 2.4750153 2.4923149 1.3612281 2.4824023 2.4496783 2.4419846 
HF920637_Iridovirus_armadillidium1_n/a_2                 3.8285933 3.4336184 3.4141674 3.4052421 3.3897875 3.4052421 3.3930743 3.3825518 3.3897875 3.3802396 3.3930743 4.0453833 3.3825518 3.3802396 3.5697945 0.0000010 0.0000000 4.4573968 3.3930743 3.3802396 3.3825518 3.3802396 3.3889609 0.0000010 0.6035957 3.5877372 1.5955468 0.0000010 2.7791325 4.0453833 3.3802396 3.3802396 3.6850917 2.1432871 4.0467561 3.3930743 3.3802396 3.3930743 1.6352177 3.3825518 3.4383810 3.4525035 
NC_005946_Ranavirus_rana1_n/a                            1.7066809 1.6467941 1.6473841 1.6452525 1.6574737 1.6452525 1.6475328 1.6581018 1.6574737 1.6542370 1.6420564 1.7969666 1.6629300 1.6542370 1.2942062 2.2755984 4.4573968 0.0000000 1.6475328 1.6589142 1.6581018 1.6542370 1.6440048 2.3321406 3.8262113 1.3152527 2.9313480 1.8462824 2.5347260 1.7969666 1.6542370 1.6585694 0.6422965 3.0399722 1.6449180 1.6420564 1.6529606 1.6536737 3.0493704 1.6629300 1.6496384 1.6506738 
KT804738_Megalocytivirus_pagrus1_RSIV                    0.7609995 0.0242249 0.0244296 0.0235445 0.0076718 0.0235445 0.0000010 0.0068142 0.0076718 0.0280085 0.0008470 0.7859479 0.0076779 0.0280085 1.7502406 2.4767907 3.3930743 1.6475328 0.0000000 0.0289124 0.0068142 0.0289162 0.0025462 2.4088515 3.1856245 1.7619141 2.7137074 2.0740396 2.1200389 0.7859479 0.0289162 0.0298341 1.7155082 2.7954460 0.3516936 0.0008470 0.0289270 0.0008471 2.8117654 0.0076779 0.0313274 0.0286617 
MW883606_Megalocytivirus_pagrus1_ISKNV                   0.7538696 0.0313523 0.0085436 0.0076846 0.0316178 0.0076846 0.0289124 0.0307178 0.0316178 0.0008490 0.0298134 0.7815078 0.0316440 0.0008490 1.7104538 2.4611035 3.3802396 1.6589142 0.0289124 0.0000000 0.0307178 0.0016999 0.0262010 2.4216086 3.1307188 1.7276221 2.7404057 2.1193557 2.0984001 0.7815078 0.0016999 0.0025536 1.7190269 2.8097181 0.3519587 0.0298134 0.0017006 0.0298158 2.8391488 0.0316440 0.0340178 0.0322830 
MK098186_Megalocytivirus_pagrus1_RSIV                    0.7637293 0.0206875 0.0279959 0.0271063 0.0025460 0.0271063 0.0068142 0.0000010 0.0025460 0.0298106 0.0076727 0.7915126 0.0008483 0.0298106 1.7519903 2.4707532 3.3825518 1.6581018 0.0068142 0.0307178 0.0000000 0.0307219 0.0076725 2.4030358 3.1794947 1.7636995 2.7091080 2.0708187 2.1127285 0.7915126 0.0307219 0.0316439 1.7077663 2.7835124 0.3515159 0.0076727 0.0307332 0.0076733 2.8164347 0.0008483 0.0268752 0.0242278 
MW883600_Megalocytivirus_pagrus1_ISKNV                   0.7544947 0.0313564 0.0085446 0.0076854 0.0316220 0.0076854 0.0289162 0.0307219 0.0316220 0.0008491 0.0298173 0.7821691 0.0316482 0.0008491 1.7074540 2.4680374 3.3802396 1.6542370 0.0289162 0.0016999 0.0307219 0.0000000 0.0262043 2.4173453 3.1307188 1.7245879 2.7319274 2.1287945 2.0984001 0.7821691 0.0000010 0.0008490 1.7161112 2.8006321 0.3521299 0.0298173 0.0017008 0.0298197 2.8347405 0.0316482 0.0340224 0.0322873 
MW883598_Megalocytivirus_pagrus1_RSIV                    0.7599406 0.0224125 0.0235141 0.0226311 0.0085315 0.0226311 0.0025462 0.0076725 0.0085315 0.0253027 0.0033979 0.7833016 0.0085383 0.0253027 1.7461574 2.4628168 3.3889609 1.6440048 0.0025462 0.0262010 0.0076725 0.0262043 0.0000000 2.4021442 3.1794420 1.7577917 2.7004227 2.0691062 2.1193639 0.7833016 0.0262043 0.0271156 1.7117419 2.7737446 0.3499738 0.0033979 0.0262142 0.0033982 2.8011320 0.0085383 0.0286210 0.0259694 
AF303741_Iridovirus_chilo1_n/a_1                         2.1815549 2.3822623 2.3957953 2.3957953 2.4030358 2.3957953 2.4088515 2.4030358 2.4030358 2.4145017 2.4088515 2.1856945 2.4143645 2.4145017 2.1334639 0.4230424 0.0000010 2.3321406 2.4088515 2.4216086 2.4030358 2.4173453 2.4021442 0.0000000 0.0000010 2.1389803 1.1066774 1.5107876 1.1185339 2.1856945 2.4173453 2.4202522 2.1737386 1.6384782 2.3978719 2.4088515 2.4241845 2.4238480 1.2476936 2.4143645 2.3635795 2.3717199 
AF303741_Iridovirus_chilo1_n/a_2                         3.7448452 3.1735826 3.1853665 3.1625947 3.1776350 3.1625947 3.1856245 3.1794947 3.1776350 3.1307188 3.1856245 3.9555351 3.1794947 3.1307188 3.3316566 0.0000010 0.6035957 3.8262113 3.1856245 3.1307188 3.1794947 3.1307188 3.1794420 0.0000010 0.0000000 3.2674019 1.6941113 0.0000010 2.8385007 3.9555351 3.1307188 3.1307188 3.4373907 2.3569263 4.1155195 3.1856245 3.1307188 3.1856245 1.5902059 3.1794947 3.1983686 3.2263009 
KX643370_Lymphocystivirus_sparus1_n/a                    1.7362948 1.7299131 1.7207740 1.7198658 1.7581828 1.7198658 1.7619141 1.7636995 1.7581828 1.7245879 1.7596901 1.8563708 1.7694932 1.7245879 0.1622351 2.0265836 3.5877372 1.3152527 1.7619141 1.7276221 1.7636995 1.7245879 1.7577917 2.1389803 3.2674019 0.0000000 2.4964548 1.5623583 2.3651274 1.8563708 1.7245879 1.7261064 1.2317026 2.9802374 1.7284943 1.7596901 1.7258681 1.7687836 2.7864498 1.7694932 1.7195527 1.7283518 
KF938901_Chloriridovirus_anopheles1_n/a                  2.6952070 2.6592043 2.7120427 2.7097188 2.7004260 2.7097188 2.7137074 2.7091080 2.7004260 2.7319274 2.7101689 2.8010803 2.7178156 2.7319274 2.5261159 1.2593859 1.5955468 2.9313480 2.7137074 2.7404057 2.7091080 2.7319274 2.7004227 1.1066774 1.6941113 2.4964548 0.0000000 1.4299877 2.6305943 2.8010803 2.7319274 2.7291604 2.7555687 1.7044610 2.9600308 2.7101689 2.7394374 2.7119832 0.4059449 2.7178156 2.6861979 2.6785425 
MF599468_Decapodiridovirus_litopenaeus1_n/a_1            1.9771395 2.0728673 2.0909813 2.0909813 2.0708187 2.0909813 2.0740396 2.0708187 2.0708187 2.1133417 2.0740396 1.9109175 2.0820783 2.1133417 1.5375634 1.5529305 0.0000010 1.8462824 2.0740396 2.1193557 2.0708187 2.1287945 2.0691062 1.5107876 0.0000010 1.5623583 1.4299877 0.0000000 0.0000010 1.9109175 2.1287945 2.1316634 1.6971269 2.0747469 2.1956879 2.0740396 2.1104058 2.0884288 1.5070914 2.0820783 2.0687341 2.0700234 
MF599468_Decapodiridovirus_litopenaeus1_n/a_2            2.6146019 2.1309287 2.1175514 2.1119569 2.1135159 2.1119569 2.1200389 2.1127285 2.1135159 2.0984001 2.1161947 2.4979661 2.1127285 2.0984001 2.2667749 1.0857838 2.7791325 2.5347260 2.1200389 2.0984001 2.1127285 2.0984001 2.1193639 1.1185339 2.8385007 2.3651274 2.6305943 0.0000010 0.0000000 2.4979661 2.0984001 2.0984001 2.3378877 2.9925695 2.3453911 2.1161947 2.0984001 2.1200389 2.8135545 2.1127285 2.0958035 2.0978280 
OM037668_Megalocytivirus_lates1_SDDV                     0.3701672 0.7928910 0.7838756 0.7848185 0.7897184 0.7848185 0.7859479 0.7915126 0.7897184 0.7790666 0.7854720 0.0000010 0.7952350 0.7790666 1.7991139 2.3093089 4.0453833 1.7969666 0.7859479 0.7815078 0.7915126 0.7821691 0.7833016 2.1856945 3.9555351 1.8563708 2.8010803 1.9109175 2.4979661 0.0000000 0.7821691 0.7819808 1.7476962 2.9441167 0.8047024 0.7854720 0.7815756 0.7856239 2.7156165 0.7952350 0.7906891 0.7895431 
MW883602_Megalocytivirus_pagrus1_ISKNV                   0.7544947 0.0313564 0.0085446 0.0076854 0.0316220 0.0076854 0.0289162 0.0307219 0.0316220 0.0008491 0.0298173 0.7821691 0.0316482 0.0008491 1.7074540 2.4680374 3.3802396 1.6542370 0.0289162 0.0016999 0.0307219 0.0000010 0.0262043 2.4173453 3.1307188 1.7245879 2.7319274 2.1287945 2.0984001 0.7821691 0.0000000 0.0008490 1.7161112 2.8006321 0.3521299 0.0298173 0.0017008 0.0298197 2.8347405 0.0316482 0.0340224 0.0322873 
OR536350_Megalocytivirus_pagrus1_ISKNV                   0.7543072 0.0322743 0.0094128 0.0085519 0.0325459 0.0085519 0.0298341 0.0316439 0.0325459 0.0017006 0.0307373 0.7819808 0.0325730 0.0017006 1.7120436 2.4710213 3.3802396 1.6585694 0.0298341 0.0025536 0.0316439 0.0008490 0.0271156 2.4202522 3.1307188 1.7261064 2.7291604 2.1316634 2.0984001 0.7819808 0.0008490 0.0000000 1.7205778 2.8006321 0.3524222 0.0307373 0.0025550 0.0307398 2.8371617 0.0325730 0.0349454 0.0332080 
AY521625_Ranavirus_epinephelus1_n/a                      1.7496093 1.6893558 1.7061378 1.7059904 1.7071063 1.7059904 1.7155082 1.7077663 1.7071063 1.7161112 1.7185246 1.7476962 1.7129639 1.7161112 1.2146015 2.1464416 3.6850917 0.6422965 1.7155082 1.7190269 1.7077663 1.7161112 1.7117419 2.1737386 3.4373907 1.2317026 2.7555687 1.6971269 2.3378877 1.7476962 1.7161112 1.7205778 0.0000000 3.0280458 1.6789841 1.7185246 1.7147909 1.7219243 2.8791182 1.7129639 1.6948270 1.6962714 
LS484712_Daphniairidovirus_daphnia1_n/a                  2.9193439 2.8016687 2.8104544 2.8074511 2.7864476 2.8074511 2.7954460 2.7835124 2.7864476 2.8006321 2.7948658 2.9441167 2.7928599 2.8006321 3.0649746 1.7539934 2.1432871 3.0399722 2.7954460 2.8097181 2.7835124 2.8006321 2.7737446 1.6384782 2.3569263 2.9802374 1.7044610 2.0747469 2.9925695 2.9441167 2.8006321 2.8006321 3.0280458 0.0000000 3.1676090 2.7948658 2.7981518 2.7948000 1.7758693 2.7928599 2.8036171 2.8060513 
PQ335173_PQ335174_Threespine_stickleback_iridovirus_TSIV 0.7842868 0.3571220 0.3496899 0.3493155 0.3541758 0.3493155 0.3516936 0.3515159 0.3541758 0.3503699 0.3516585 0.8047024 0.3521578 0.3503699 1.6976003 2.6380332 4.0467561 1.6449180 0.3516936 0.3519587 0.3515159 0.3521299 0.3499738 2.3978719 4.1155195 1.7284943 2.9600308 2.1956879 2.3453911 0.8047024 0.3521299 0.3524222 1.6789841 3.1676090 0.0000000 0.3516585 0.3520604 0.3533473 2.9536461 0.3521578 0.3515268 0.3530176 
KC244182_Megalocytivirus_pagrus1_RSIV                    0.7635851 0.0251125 0.0253230 0.0244366 0.0085318 0.0244366 0.0008470 0.0076727 0.0085318 0.0289079 0.0000010 0.7854720 0.0085385 0.0289079 1.7488915 2.4767907 3.3930743 1.6420564 0.0008470 0.0298134 0.0076727 0.0298173 0.0033979 2.4088515 3.1856245 1.7596901 2.7101689 2.0740396 2.1161947 0.7854720 0.0298173 0.0307373 1.7185246 2.7948658 0.3516585 0.0000000 0.0298284 0.0016957 2.8218477 0.0085385 0.0322264 0.0295566 
MW273354_Megalocytivirus_pagrus1_ISKNV                   0.7508557 0.0313679 0.0085481 0.0076886 0.0316336 0.0076886 0.0289270 0.0307332 0.0316336 0.0008494 0.0298284 0.7815756 0.0316599 0.0008494 1.7087145 2.4750153 3.3802396 1.6529606 0.0289270 0.0017006 0.0307332 0.0017008 0.0262142 2.4241845 3.1307188 1.7258681 2.7394374 2.1104058 2.0984001 0.7815756 0.0017008 0.0025550 1.7147909 2.7981518 0.3520604 0.0298284 0.0000000 0.0298308 2.8425332 0.0316599 0.0340347 0.0322991 
AY894343_Megalocytivirus_pagrus1_RSIV                    0.7620911 0.0251145 0.0253250 0.0244385 0.0085324 0.0244385 0.0008471 0.0076733 0.0085324 0.0289102 0.0016957 0.7856239 0.0085391 0.0289102 1.7570224 2.4923149 3.3930743 1.6536737 0.0008471 0.0298158 0.0076733 0.0298197 0.0033982 2.4238480 3.1856245 1.7687836 2.7119832 2.0884288 2.1200389 0.7856239 0.0298197 0.0307398 1.7219243 2.7948000 0.3533473 0.0016957 0.0298308 0.0000000 2.8099743 0.0085391 0.0322290 0.0295590 
HF920633_Chloriridovirus_simulium1_n/a                   2.6288395 2.7727889 2.8261606 2.8232802 2.8108659 2.8232802 2.8117654 2.8164347 2.8108659 2.8347405 2.8218477 2.7156165 2.8254820 2.8347405 2.7186272 1.3612281 1.6352177 3.0493704 2.8117654 2.8391488 2.8164347 2.8347405 2.8011320 1.2476936 1.5902059 2.7864498 0.4059449 1.5070914 2.8135545 2.7156165 2.8347405 2.8371617 2.8791182 1.7758693 2.9536461 2.8218477 2.8425332 2.8099743 0.0000000 2.8254820 2.8303988 2.8223522 
BD143114_Megalocytivirus_pagrus1_RSIV                    0.7673252 0.0215834 0.0289149 0.0280234 0.0034000 0.0280234 0.0076779 0.0008483 0.0034000 0.0307345 0.0085385 0.7952350 0.0000010 0.0307345 1.7577080 2.4824023 3.3825518 1.6629300 0.0076779 0.0316440 0.0008483 0.0316482 0.0085383 2.4143645 3.1794947 1.7694932 2.7178156 2.0820783 2.1127285 0.7952350 0.0316482 0.0325730 1.7129639 2.7928599 0.3521578 0.0085385 0.0316599 0.0085391 2.8254820 0.0000000 0.0277860 0.0251327 
MG570132_Megalocytivirus_pagrus1_TRBIV                   0.7510246 0.0189447 0.0348558 0.0339639 0.0268673 0.0339639 0.0313274 0.0268752 0.0268673 0.0331109 0.0322264 0.7906891 0.0277860 0.0331109 1.7175857 2.4496783 3.4383810 1.6496384 0.0313274 0.0340178 0.0268752 0.0340224 0.0286210 2.3635795 3.1983686 1.7195527 2.6861979 2.0687341 2.0958035 0.7906891 0.0340224 0.0349454 1.6948270 2.8036171 0.3515268 0.0322264 0.0340347 0.0322290 2.8303988 0.0277860 0.0000000 0.0033987 
MG570131_Megalocytivirus_pagrus1_TRBIV                   0.7499244 0.0154498 0.0331228 0.0322317 0.0242207 0.0322317 0.0286617 0.0242278 0.0242207 0.0313776 0.0295566 0.7895431 0.0251327 0.0313776 1.7173982 2.4419846 3.4525035 1.6506738 0.0286617 0.0322830 0.0242278 0.0322873 0.0259694 2.3717199 3.2263009 1.7283518 2.6785425 2.0700234 2.0978280 0.7895431 0.0322873 0.0332080 1.6962714 2.8060513 0.3530176 0.0295566 0.0322991 0.0295590 2.8223522 0.0251327 0.0033987 0.0000000 
