13
AF371960_AF371960.1_00041 0.0000000 0.1100878 0.1341892 0.1349866 0.1100878 0.1239286 0.1275318 0.1341892 0.0000010 0.1137052 0.0032645 0.0065485 0.0065485 
AY894343_MK689686.1_00039 0.1100878 0.0000000 0.0852873 0.1196690 0.0000010 0.1062715 0.1098596 0.0852873 0.1100878 0.0032122 0.1064970 0.1175847 0.1175847 
BD143114_MK689686.1_00039 0.1341892 0.0852873 0.0000000 0.1323312 0.0852873 0.1248116 0.1283842 0.0000010 0.1341892 0.0887868 0.1305711 0.1418119 0.1418119 
GQ273492_GQ273492.1_00040 0.1349866 0.1196690 0.1323312 0.0000000 0.1196690 0.0397461 0.0430975 0.1323312 0.1349866 0.1232888 0.1313660 0.1426155 0.1426155 
KC244182_MK689686.1_00039 0.1100878 0.0000010 0.0852873 0.1196690 0.0000000 0.1062715 0.1098596 0.0852873 0.1100878 0.0032122 0.1064970 0.1175847 0.1175847 
MG570131_MG570131.1_00041 0.1239286 0.1062715 0.1248116 0.0397461 0.1062715 0.0000000 0.0032608 0.1248116 0.1239286 0.1098809 0.1203281 0.1314840 0.1314840 
MG570132_MG570132.1_00041 0.1275318 0.1098596 0.1283842 0.0430975 0.1098596 0.0032608 0.0000000 0.1283842 0.1275318 0.1134739 0.1239274 0.1351059 0.1351059 
MK098185_MK689686.1_00039 0.1341892 0.0852873 0.0000010 0.1323312 0.0852873 0.1248116 0.1283842 0.0000000 0.1341892 0.0887868 0.1305711 0.1418119 0.1418119 
MK689685_AF371960.1_00041 0.0000010 0.1100878 0.1341892 0.1349866 0.1100878 0.1239286 0.1275318 0.1341892 0.0000000 0.1137052 0.0032645 0.0065485 0.0065485 
MK689686_MK689686.1_00039 0.1137052 0.0032122 0.0887868 0.1232888 0.0032122 0.1098809 0.1134739 0.0887868 0.1137052 0.0000000 0.1101094 0.1212222 0.1212222 
MN432490_AF371960.1_00041 0.0032645 0.1064970 0.1305711 0.1313660 0.1064970 0.1203281 0.1239274 0.1305711 0.0032645 0.1101094 0.0000000 0.0098348 0.0098348 
MT926123_AF371960.1_00041 0.0065485 0.1175847 0.1418119 0.1426155 0.1175847 0.1314840 0.1351059 0.1418119 0.0065485 0.1212222 0.0098348 0.0000000 0.0000010 
OP009387_AF371960.1_00041 0.0065485 0.1175847 0.1418119 0.1426155 0.1175847 0.1314840 0.1351059 0.1418119 0.0065485 0.1212222 0.0098348 0.0000010 0.0000000 
