17
MK637631_European_chub_iridovirus_ECIV                   0.0000000 1.3687731 1.4234359 1.4234359 1.3687731 0.4864135 1.4015508 1.4180204 1.4180204 1.2419500 1.4015508 0.4864135 1.4009138 1.4395665 1.3687731 1.4395665 1.4631109 
MT128667_Megalocytivirus_pagrus1_ISKNV                   1.3687731 0.0000000 0.0376977 0.0376977 0.0000010 1.4486655 0.0454360 0.0223546 0.0223546 0.4995896 0.0454360 1.4486655 0.0074308 0.0865105 0.0073573 0.0865105 0.0695377 
ON743042_Megalocytivirus_pagrus1_RSIV                    1.4234359 0.0376977 0.0000000 0.0000010 0.0376977 1.4460127 0.0073486 0.0454372 0.0454372 0.5162721 0.0073486 1.4460127 0.0458479 0.0457957 0.0454126 0.0457957 0.0299913 
MK689686_Megalocytivirus_pagrus1_RSIV                    1.4234359 0.0376977 0.0000010 0.0000000 0.0376977 1.4460127 0.0073486 0.0454372 0.0454372 0.5162721 0.0073486 1.4460127 0.0458479 0.0457957 0.0454126 0.0457957 0.0299913 
MT926123_Megalocytivirus_pagrus1_ISKNV                   1.3687731 0.0000010 0.0376977 0.0376977 0.0000000 1.4486655 0.0454360 0.0223546 0.0223546 0.4995896 0.0454360 1.4486655 0.0074308 0.0865105 0.0073573 0.0865105 0.0695377 
MN562489_Megalocytivirus_lates1_SDDV                     0.4864135 1.4486655 1.4460127 1.4460127 1.4486655 0.0000000 1.4241771 1.4685537 1.4685537 1.4535290 1.4241771 0.0000010 1.4816504 1.5120460 1.4592264 1.5120460 1.4539467 
MK098187_Megalocytivirus_pagrus1_RSIV                    1.4015508 0.0454360 0.0073486 0.0073486 0.0454360 1.4241771 0.0000000 0.0532424 0.0532424 0.5043338 0.0000010 1.4241771 0.0537198 0.0536664 0.0532145 0.0536664 0.0376572 
OP009387_Megalocytivirus_pagrus1_ISKNV                   1.4180204 0.0223546 0.0454372 0.0454372 0.0223546 1.4685537 0.0532424 0.0000000 0.0000010 0.4904013 0.0532424 1.4685537 0.0302118 0.0883741 0.0299204 0.0883741 0.0547947 
PP151097_Megalocytivirus_pagrus1_ISKNV                   1.4180204 0.0223546 0.0454372 0.0454372 0.0223546 1.4685537 0.0532424 0.0000010 0.0000000 0.4904013 0.0532424 1.4685537 0.0302118 0.0883741 0.0299204 0.0883741 0.0547947 
PQ335173_PQ335174_Threespine_stickleback_iridovirus_TSIV 1.2419500 0.4995896 0.5162721 0.5162721 0.4995896 1.4535290 0.5043338 0.4904013 0.4904013 0.0000000 0.5043338 1.4535290 0.5160514 0.5025074 0.4839980 0.5025074 0.5210310 
MW139932_Megalocytivirus_pagrus1_RSIV                    1.4015508 0.0454360 0.0073486 0.0073486 0.0454360 1.4241771 0.0000010 0.0532424 0.0532424 0.5043338 0.0000000 1.4241771 0.0537198 0.0536664 0.0532145 0.0536664 0.0376572 
MT521409_Megalocytivirus_lates1_SDDV                     0.4864135 1.4486655 1.4460127 1.4460127 1.4486655 0.0000010 1.4241771 1.4685537 1.4685537 1.4535290 1.4241771 0.0000000 1.4816504 1.5120460 1.4592264 1.5120460 1.4539467 
MW883600_Megalocytivirus_pagrus1_ISKNV                   1.4009138 0.0074308 0.0458479 0.0458479 0.0074308 1.4816504 0.0537198 0.0302118 0.0302118 0.5160514 0.0537198 1.4816504 0.0000000 0.0956205 0.0149173 0.0956205 0.0782905 
MG570132_Megalocytivirus_pagrus1_TRBIV                   1.4395665 0.0865105 0.0457957 0.0457957 0.0865105 1.5120460 0.0536664 0.0883741 0.0883741 0.5025074 0.0536664 1.5120460 0.0956205 0.0000000 0.0947518 0.0000010 0.0302294 
MW883599_Megalocytivirus_pagrus1_ISKNV                   1.3687731 0.0073573 0.0454126 0.0454126 0.0073573 1.4592264 0.0532145 0.0299204 0.0299204 0.4839980 0.0532145 1.4592264 0.0149173 0.0947518 0.0000000 0.0947518 0.0775705 
MG570131_Megalocytivirus_pagrus1_TRBIV                   1.4395665 0.0865105 0.0457957 0.0457957 0.0865105 1.5120460 0.0536664 0.0883741 0.0883741 0.5025074 0.0536664 1.5120460 0.0956205 0.0000010 0.0947518 0.0000000 0.0302294 
GQ273492_Megalocytivirus_pagrus1_TRBIV                   1.4631109 0.0695377 0.0299913 0.0299913 0.0695377 1.4539467 0.0376572 0.0547947 0.0547947 0.5210310 0.0376572 1.4539467 0.0782905 0.0302294 0.0775705 0.0302294 0.0000000 
