21
MW883596_Megalocytivirus_pagrus1_ISKNV    0.0000000 0.2911637 0.0109676 0.2650538 0.2971483 0.0000010 0.2971483 0.0109676 0.3076798 0.3446534 0.0054550 0.2911637 0.0054427 0.3515648 0.0054550 0.2648873 0.2712805 0.2712805 0.0109094 0.0054427 0.2650538 
AP017456_Megalocytivirus_pagrus1_RSIV     0.2911637 0.0000000 0.2759778 0.0828269 0.0053610 0.2911637 0.0053610 0.2759778 0.2790067 0.2918496 0.2910108 0.0000010 0.2849552 0.2987777 0.2984405 0.0215999 0.0884429 0.0884429 0.3041535 0.2849552 0.0828269 
PP151097_Megalocytivirus_pagrus1_ISKNV    0.0109676 0.2759778 0.0000000 0.2502027 0.2819213 0.0109676 0.2819213 0.0000010 0.3031063 0.3366889 0.0165126 0.2759778 0.0164746 0.3435493 0.0165126 0.2500537 0.2563641 0.2563641 0.0220153 0.0164746 0.2502027 
BD143114_Megalocytivirus_pagrus1_RSIV     0.2650538 0.0828269 0.2502027 0.0000000 0.0883885 0.2650538 0.0883885 0.2502027 0.2576943 0.2708409 0.2649220 0.0828269 0.2588621 0.2777113 0.2722021 0.0715266 0.0053804 0.0053804 0.2779609 0.2588621 0.0000010 
OL774653_Megalocytivirus_pagrus1_RSIV     0.2971483 0.0053610 0.2819213 0.0883885 0.0000000 0.2971483 0.0000010 0.2819213 0.2851798 0.2979044 0.2969907 0.0053610 0.2909511 0.3048327 0.3044375 0.0270176 0.0940107 0.0940107 0.3101257 0.2909511 0.0883885 
OP896201_Megalocytivirus_pagrus1_ISKNV    0.0000010 0.2911637 0.0109676 0.2650538 0.2971483 0.0000000 0.2971483 0.0109676 0.3076798 0.3446534 0.0054550 0.2911637 0.0054427 0.3515648 0.0054550 0.2648873 0.2712805 0.2712805 0.0109094 0.0054427 0.2650538 
OL774655_Megalocytivirus_pagrus1_RSIV     0.2971483 0.0053610 0.2819213 0.0883885 0.0000010 0.2971483 0.0000000 0.2819213 0.2851798 0.2979044 0.2969907 0.0053610 0.2909511 0.3048327 0.3044375 0.0270176 0.0940107 0.0940107 0.3101257 0.2909511 0.0883885 
OP009387_Megalocytivirus_pagrus1_ISKNV    0.0109676 0.2759778 0.0000010 0.2502027 0.2819213 0.0109676 0.2819213 0.0000000 0.3031063 0.3366889 0.0165126 0.2759778 0.0164746 0.3435493 0.0165126 0.2500537 0.2563641 0.2563641 0.0220153 0.0164746 0.2502027 
GQ273492_Megalocytivirus_pagrus1_TRBIV    0.3076798 0.2790067 0.3031063 0.2576943 0.2851798 0.3076798 0.2851798 0.3031063 0.0000000 0.1068776 0.3150402 0.2790067 0.3140056 0.1128074 0.3150402 0.2667087 0.2641031 0.2641031 0.3207218 0.3140056 0.2576943 
MG570132_Megalocytivirus_pagrus1_TRBIV    0.3446534 0.2918496 0.3366889 0.2708409 0.2979044 0.3446534 0.2979044 0.3366889 0.1068776 0.0000000 0.3521069 0.2918496 0.3509268 0.0054153 0.3521069 0.2786959 0.2771484 0.2771484 0.3516683 0.3509268 0.2708409 
OR536350_Megalocytivirus_pagrus1_ISKNV    0.0054550 0.2910108 0.0165126 0.2649220 0.2969907 0.0054550 0.2969907 0.0165126 0.3150402 0.3521069 0.0000000 0.2910108 0.0109253 0.3590549 0.0109502 0.2647558 0.2711440 0.2711440 0.0164244 0.0109253 0.2649220 
KC244182_Megalocytivirus_pagrus1_RSIV     0.2911637 0.0000010 0.2759778 0.0828269 0.0053610 0.2911637 0.0053610 0.2759778 0.2790067 0.2918496 0.2910108 0.0000000 0.2849552 0.2987777 0.2984405 0.0215999 0.0884429 0.0884429 0.3041535 0.2849552 0.0828269 
23043610003_Megalocytivirus_pagrus1_ISKNV 0.0054427 0.2849552 0.0164746 0.2588621 0.2909511 0.0054427 0.2909511 0.0164746 0.3140056 0.3509268 0.0109253 0.2849552 0.0000000 0.3578439 0.0109253 0.2587020 0.2650898 0.2650898 0.0163868 0.0000010 0.2588621 
MG570131_Megalocytivirus_pagrus1_TRBIV    0.3515648 0.2987777 0.3435493 0.2777113 0.3048327 0.3515648 0.3048327 0.3435493 0.1128074 0.0054153 0.3590549 0.2987777 0.3578439 0.0000000 0.3590549 0.2855862 0.2840306 0.2840306 0.3586049 0.3578439 0.2777113 
MW883600_Megalocytivirus_pagrus1_ISKNV    0.0054550 0.2984405 0.0165126 0.2722021 0.3044375 0.0054550 0.3044375 0.0165126 0.3150402 0.3521069 0.0109502 0.2984405 0.0109253 0.3590549 0.0000000 0.2720262 0.2784515 0.2784515 0.0164244 0.0109253 0.2722021 
MW883598_Megalocytivirus_pagrus1_RSIV     0.2648873 0.0215999 0.2500537 0.0715266 0.0270176 0.2648873 0.0270176 0.2500537 0.2667087 0.2786959 0.2647558 0.0215999 0.2587020 0.2855862 0.2720262 0.0000000 0.0771140 0.0771140 0.2777786 0.2587020 0.0715266 
MK098187_Megalocytivirus_pagrus1_RSIV     0.2712805 0.0884429 0.2563641 0.0053804 0.0940107 0.2712805 0.0940107 0.2563641 0.2641031 0.2771484 0.2711440 0.0884429 0.2650898 0.2840306 0.2784515 0.0771140 0.0000000 0.0000010 0.2841940 0.2650898 0.0053804 
MK098186_Megalocytivirus_pagrus1_RSIV     0.2712805 0.0884429 0.2563641 0.0053804 0.0940107 0.2712805 0.0940107 0.2563641 0.2641031 0.2771484 0.2711440 0.0884429 0.2650898 0.2840306 0.2784515 0.0771140 0.0000010 0.0000000 0.2841940 0.2650898 0.0053804 
ON212400_Megalocytivirus_pagrus1_ISKNV    0.0109094 0.3041535 0.0220153 0.2779609 0.3101257 0.0109094 0.3101257 0.0220153 0.3207218 0.3516683 0.0164244 0.3041535 0.0163868 0.3586049 0.0164244 0.2777786 0.2841940 0.2841940 0.0000000 0.0163868 0.2779609 
MW883594_Megalocytivirus_pagrus1_ISKNV    0.0054427 0.2849552 0.0164746 0.2588621 0.2909511 0.0054427 0.2909511 0.0164746 0.3140056 0.3509268 0.0109253 0.2849552 0.0000010 0.3578439 0.0109253 0.2587020 0.2650898 0.2650898 0.0163868 0.0000000 0.2588621 
AB104413_Megalocytivirus_pagrus1_RSIV     0.2650538 0.0828269 0.2502027 0.0000010 0.0883885 0.2650538 0.0883885 0.2502027 0.2576943 0.2708409 0.2649220 0.0828269 0.2588621 0.2777113 0.2722021 0.0715266 0.0053804 0.0053804 0.2779609 0.2588621 0.0000000 
