41
GQ273492_Megalocytivirus_pagrus1_TRBIV                   0.0000000 0.0313248 0.0304364 0.0180721 0.0304364 0.0242210 0.0206847 0.0180721 0.0304431 0.0251082 0.7892582 0.0215803 0.0304431 1.7051270 2.4225190 3.3915385 1.6352046 0.0242210 0.0313456 0.0206847 0.0313495 0.0224095 2.3587354 3.1392157 1.7168738 2.6328826 2.0544539 2.1122804 0.7892582 0.0313495 0.0322669 1.6767617 2.7707159 0.3561909 0.0251082 0.0313610 0.0251101 2.7439837 0.0215803 0.0189421 0.0154481 
PP974677_Megalocytivirus_pagrus1_ISKNV                   0.0313248 0.0000000 0.0008485 0.0288844 0.0008485 0.0244244 0.0279895 0.0288844 0.0076809 0.0253174 0.7802701 0.0289080 0.0076809 1.6888573 2.4252095 3.3721721 1.6356506 0.0244244 0.0085431 0.0279895 0.0085440 0.0235093 2.3722638 3.1499885 1.7077658 2.6845940 2.0722067 2.0990275 0.7802701 0.0085440 0.0094121 1.6933388 2.7791062 0.3487922 0.0253174 0.0085475 0.0253193 2.7960546 0.0289080 0.0348481 0.0331153 
MT986830_Megalocytivirus_pagrus1_ISKNV                   0.0304364 0.0008485 0.0000000 0.0279940 0.0000010 0.0235395 0.0271003 0.0279940 0.0068233 0.0244313 0.7812065 0.0280168 0.0068233 1.6879535 2.4252095 3.3632851 1.6335346 0.0235395 0.0076842 0.0271003 0.0076850 0.0226265 2.3722638 3.1280741 1.7068530 2.6822756 2.0722067 2.0934313 0.7812065 0.0076850 0.0085513 1.6931913 2.7761077 0.3484216 0.0244313 0.0076882 0.0244331 2.7931783 0.0280168 0.0339566 0.0322246 
ON740976_Megalocytivirus_pagrus1_RSIV                    0.0180721 0.0288844 0.0279940 0.0000000 0.0279940 0.0076715 0.0025460 0.0000010 0.0307015 0.0085313 0.7860554 0.0033999 0.0307015 1.7332635 2.4450712 3.3486699 1.6456765 0.0076715 0.0316098 0.0025460 0.0316138 0.0085310 2.3792913 3.1423594 1.7446259 2.6734124 2.0523482 2.0951970 0.7860554 0.0316138 0.0325371 1.6942929 2.7561531 0.3532453 0.0085313 0.0316254 0.0085319 2.7815192 0.0033999 0.0268627 0.0242170 
PP151097_Megalocytivirus_pagrus1_ISKNV                   0.0304364 0.0008485 0.0000010 0.0279940 0.0000000 0.0235395 0.0271003 0.0279940 0.0068233 0.0244313 0.7812065 0.0280168 0.0068233 1.6879535 2.4252095 3.3632851 1.6335346 0.0235395 0.0076842 0.0271003 0.0076850 0.0226265 2.3722638 3.1280741 1.7068530 2.6822756 2.0722067 2.0934313 0.7812065 0.0076850 0.0085513 1.6931913 2.7761077 0.3484216 0.0244313 0.0076882 0.0244331 2.7931783 0.0280168 0.0339566 0.0322246 
AP017456_Megalocytivirus_pagrus1_RSIV                    0.0242210 0.0244244 0.0235395 0.0076715 0.0235395 0.0000000 0.0068140 0.0076715 0.0280020 0.0008470 0.7823106 0.0076775 0.0280020 1.7369963 2.4510766 3.3518691 1.6358021 0.0000010 0.0289055 0.0068140 0.0289090 0.0025461 2.3850836 3.1502439 1.7483936 2.6867016 2.0555822 2.1014415 0.7823106 0.0289090 0.0298265 1.7026099 2.7648660 0.3507790 0.0008470 0.0289198 0.0008471 2.7826218 0.0076775 0.0313211 0.0286564 
MK098185_Megalocytivirus_pagrus1_RSIV                    0.0206847 0.0279895 0.0271003 0.0025460 0.0271003 0.0068140 0.0000000 0.0025460 0.0298034 0.0076724 0.7878355 0.0008482 0.0298034 1.7386173 2.4450712 3.3413799 1.6462915 0.0068140 0.0307101 0.0000010 0.0307140 0.0076721 2.3792913 3.1441380 1.7500485 2.6820476 2.0523482 2.0943727 0.7878355 0.0307140 0.0316355 1.6949384 2.7532006 0.3505907 0.0076724 0.0307253 0.0076729 2.7870469 0.0008482 0.0268705 0.0242240 
OK042108_Megalocytivirus_pagrus1_RSIV                    0.0180721 0.0288844 0.0279940 0.0000010 0.0279940 0.0076715 0.0025460 0.0000000 0.0307015 0.0085313 0.7860554 0.0033999 0.0307015 1.7332635 2.4450712 3.3486699 1.6456765 0.0076715 0.0316098 0.0025460 0.0316138 0.0085310 2.3792913 3.1423594 1.7446259 2.6734124 2.0523482 2.0951970 0.7860554 0.0316138 0.0325371 1.6942929 2.7561531 0.3532453 0.0085313 0.0316254 0.0085319 2.7815192 0.0033999 0.0268627 0.0242170 
MW883601_Megalocytivirus_pagrus1_ISKNV                   0.0304431 0.0076809 0.0068233 0.0307015 0.0068233 0.0280020 0.0298034 0.0307015 0.0000000 0.0289009 0.7754973 0.0307267 0.0000010 1.6947430 2.4397220 3.3391545 1.6424450 0.0280020 0.0008489 0.0298034 0.0008490 0.0252974 2.3905840 3.0969208 1.7115524 2.7040031 2.0942098 2.0803661 0.7754973 0.0008490 0.0017005 1.7031882 2.7693444 0.3494563 0.0289009 0.0008494 0.0289031 2.8044948 0.0307267 0.0331039 0.0313707 
MT798582_Megalocytivirus_pagrus1_RSIV                    0.0251082 0.0253174 0.0244313 0.0085313 0.0244313 0.0008470 0.0076724 0.0085313 0.0289009 0.0000000 0.7818402 0.0085380 0.0289009 1.7356723 2.4510766 3.3518691 1.6303921 0.0008470 0.0298060 0.0076724 0.0298098 0.0033978 2.3850836 3.1502439 1.7461916 2.6831866 2.0555822 2.0976542 0.7818402 0.0298098 0.0307292 1.7056024 2.7642852 0.3507438 0.0000010 0.0298208 0.0016956 2.7926625 0.0085380 0.0322197 0.0295508 
MT521409_Megalocytivirus_lates1_SDDV                     0.7892582 0.7802701 0.7812065 0.7860554 0.7812065 0.7823106 0.7878355 0.7860554 0.7754973 0.7818402 0.0000000 0.7915220 0.7754973 1.7853578 2.2873500 3.9910101 1.7832903 0.7823106 0.7779246 0.7878355 0.7785689 0.7796995 2.1652308 3.9069582 1.8419752 2.7721201 1.8950248 2.4724749 0.0000010 0.7785689 0.7783789 1.7345407 2.9123590 0.8010322 0.7818402 0.7779924 0.7819891 2.6870195 0.7915220 0.7870963 0.7859575 
AB104413_Megalocytivirus_pagrus1_RSIV                    0.0215803 0.0289080 0.0280168 0.0033999 0.0280168 0.0076775 0.0008482 0.0033999 0.0307267 0.0085380 0.7915220 0.0000000 0.0307267 1.7442593 2.4566506 3.3413799 1.6510965 0.0076775 0.0316358 0.0008482 0.0316398 0.0085377 2.3905639 3.1441380 1.7557660 2.6907268 2.0635462 2.0943727 0.7915220 0.0316398 0.0325640 1.7001117 2.7625086 0.3512229 0.0085380 0.0316514 0.0085386 2.7960597 0.0000010 0.0277809 0.0251284 
MK689685_Megalocytivirus_pagrus1_ISKNV                   0.0304431 0.0076809 0.0068233 0.0307015 0.0068233 0.0280020 0.0298034 0.0307015 0.0000010 0.0289009 0.7754973 0.0307267 0.0000000 1.6947430 2.4397220 3.3391545 1.6424450 0.0280020 0.0008489 0.0298034 0.0008490 0.0252974 2.3905840 3.0969208 1.7115524 2.7040031 2.0942098 2.0803661 0.7754973 0.0008490 0.0017005 1.7031882 2.7693444 0.3494563 0.0289009 0.0008494 0.0289031 2.8044948 0.0307267 0.0331039 0.0313707 
MN803438_Lymphocystivirus_micropogonias1_n/a             1.7051270 1.6888573 1.6879535 1.7332635 1.6879535 1.7369963 1.7386173 1.7332635 1.6947430 1.7356723 1.7853578 1.7442593 1.6947430 0.0000000 1.9891298 3.5273640 1.2857834 1.7369963 1.6977308 1.7386173 1.6947430 1.7329353 2.1150633 3.2923880 0.1620595 2.5020064 1.5265454 2.2475276 1.7853578 1.6947430 1.6992683 1.2069659 3.0323080 1.6847627 1.7356723 1.6960029 1.7436943 2.6919644 1.7442593 1.7048044 1.7045805 
HF920637_Iridovirus_armadillidium1_n/a_1                 2.4225190 2.4252095 2.4252095 2.4450712 2.4252095 2.4510766 2.4450712 2.4450712 2.4397220 2.4510766 2.2873500 2.4566506 2.4397220 1.9891298 0.0000000 0.0000010 2.2546661 2.4510766 2.4357624 2.4450712 2.4426122 2.4373242 0.4218291 0.0000010 2.0089765 1.2513496 1.5413521 1.0798340 2.2873500 2.4426122 2.4455930 2.1269195 1.7403982 2.6099824 2.4510766 2.4494229 2.4663475 1.3521991 2.4566506 2.4242068 2.4167963 
HF920637_Iridovirus_armadillidium1_n/a_2                 3.3915385 3.3721721 3.3632851 3.3486699 3.3632851 3.3518691 3.3413799 3.3486699 3.3391545 3.3518691 3.9910101 3.3413799 3.3391545 3.5273640 0.0000010 0.0000000 4.4083580 3.3518691 3.3391545 3.3413799 3.3391545 3.3477476 0.0000010 0.6012128 3.5495003 1.5841210 0.0000010 2.7522678 3.9910101 3.3391545 3.3391545 3.6423207 2.1222423 3.9925972 3.3518691 3.3391545 3.3518691 1.6229583 3.3413799 3.3963399 3.4103592 
NC_005946_Ranavirus_rana1_n/a                            1.6352046 1.6356506 1.6335346 1.6456765 1.6335346 1.6358021 1.6462915 1.6456765 1.6424450 1.6303921 1.7832903 1.6510965 1.6424450 1.2857834 2.2546661 4.4083580 0.0000000 1.6358021 1.6470578 1.6462915 1.6424450 1.6323369 2.3102224 3.7864260 1.3067188 2.9008424 1.8310456 2.5109161 1.7832903 1.6424450 1.6467225 0.6396204 3.0065339 1.6332749 1.6303921 1.6411615 1.6418731 3.0160459 1.6510965 1.6378807 1.6389489 
KT804738_Megalocytivirus_pagrus1_RSIV                    0.0242210 0.0244244 0.0235395 0.0076715 0.0235395 0.0000010 0.0068140 0.0076715 0.0280020 0.0008470 0.7823106 0.0076775 0.0280020 1.7369963 2.4510766 3.3518691 1.6358021 0.0000000 0.0289055 0.0068140 0.0289090 0.0025461 2.3850836 3.1502439 1.7483936 2.6867016 2.0555822 2.1014415 0.7823106 0.0289090 0.0298265 1.7026099 2.7648660 0.3507790 0.0008470 0.0289198 0.0008471 2.7826218 0.0076775 0.0313211 0.0286564 
MW883606_Megalocytivirus_pagrus1_ISKNV                   0.0313456 0.0085431 0.0076842 0.0316098 0.0076842 0.0289055 0.0307101 0.0316098 0.0008489 0.0298060 0.7779246 0.0316358 0.0008489 1.6977308 2.4357624 3.3391545 1.6470578 0.0289055 0.0000000 0.0307101 0.0016998 0.0261953 2.3976507 3.0969208 1.7145748 2.7122518 2.1001936 2.0803661 0.7779246 0.0016998 0.0025535 1.7060914 2.7781668 0.3510398 0.0298060 0.0017005 0.0298083 2.8088824 0.0316358 0.0340103 0.0322757 
MK098186_Megalocytivirus_pagrus1_RSIV                    0.0206847 0.0279895 0.0271003 0.0025460 0.0271003 0.0068140 0.0000010 0.0025460 0.0298034 0.0076724 0.7878355 0.0008482 0.0298034 1.7386173 2.4450712 3.3413799 1.6462915 0.0068140 0.0307101 0.0000000 0.0307140 0.0076721 2.3792913 3.1441380 1.7500485 2.6820476 2.0523482 2.0943727 0.7878355 0.0307140 0.0316355 1.6949384 2.7532006 0.3505907 0.0076724 0.0307253 0.0076729 2.7870469 0.0008482 0.0268705 0.0242240 
MW883600_Megalocytivirus_pagrus1_ISKNV                   0.0313495 0.0085440 0.0076850 0.0316138 0.0076850 0.0289090 0.0307140 0.0316138 0.0008490 0.0298098 0.7785689 0.0316398 0.0008490 1.6947430 2.4426122 3.3391545 1.6424450 0.0289090 0.0016998 0.0307140 0.0000000 0.0261985 2.3934061 3.0969208 1.7115524 2.7040031 2.1094629 2.0803661 0.7785689 0.0000010 0.0008489 1.7031882 2.7693444 0.3512048 0.0298098 0.0017007 0.0298120 2.8044948 0.0316398 0.0340147 0.0322797 
MW883598_Megalocytivirus_pagrus1_RSIV                    0.0224095 0.0235093 0.0226265 0.0085310 0.0226265 0.0025461 0.0076721 0.0085310 0.0252974 0.0033978 0.7796995 0.0085377 0.0252974 1.7329353 2.4373242 3.3477476 1.6323369 0.0025461 0.0261953 0.0076721 0.0261985 0.0000000 2.3783640 3.1440851 1.7442931 2.6735870 2.0506411 2.1007799 0.7796995 0.0261985 0.0271093 1.6988679 2.7434392 0.3490645 0.0033978 0.0262084 0.0033981 2.7721654 0.0085377 0.0286160 0.0259652 
AF303741_Iridovirus_chilo1_n/a_1                         2.3587354 2.3722638 2.3722638 2.3792913 2.3722638 2.3850836 2.3792913 2.3792913 2.3905840 2.3850836 2.1652308 2.3905639 2.3905840 2.1150633 0.4218291 0.0000010 2.3102224 2.3850836 2.3976507 2.3792913 2.3934061 2.3783640 0.0000000 0.0000010 2.1199887 1.1001289 1.5000134 1.1126404 2.1652308 2.3934061 2.3963125 2.1539057 1.6265361 2.3744522 2.3850836 2.4000916 2.3998546 1.2399745 2.3905639 2.3403825 2.3484511 
AF303741_Iridovirus_chilo1_n/a_2                         3.1392157 3.1499885 3.1280741 3.1423594 3.1280741 3.1502439 3.1441380 3.1423594 3.0969208 3.1502439 3.9069582 3.1441380 3.0969208 3.2923880 0.0000010 0.6012128 3.7864260 3.1502439 3.0969208 3.1441380 3.0969208 3.1440851 0.0000010 0.0000000 3.2300782 1.6815202 0.0000010 2.8110495 3.9069582 3.0969208 3.0969208 3.4000965 2.3353627 4.0594225 3.1502439 3.0969208 3.1502439 1.5782329 3.1441380 3.1629507 3.1902442 
KX643370_Lymphocystivirus_sparus1_n/a                    1.7168738 1.7077658 1.7068530 1.7446259 1.7068530 1.7483936 1.7500485 1.7446259 1.7115524 1.7461916 1.8419752 1.7557660 1.7115524 0.1620595 2.0089765 3.5495003 1.3067188 1.7483936 1.7145748 1.7500485 1.7115524 1.7442931 2.1199887 3.2300782 0.0000000 2.4725826 1.5508194 2.3446386 1.8419752 1.7115524 1.7130660 1.2240652 2.9487343 1.7154374 1.7461916 1.7128320 1.7551784 2.7583954 1.7557660 1.7066123 1.7153435 
KF938901_Chloriridovirus_anopheles1_n/a                  2.6328826 2.6845940 2.6822756 2.6734124 2.6822756 2.6867016 2.6820476 2.6734124 2.7040031 2.6831866 2.7721201 2.6907268 2.7040031 2.5020064 1.2513496 1.5841210 2.9008424 2.6867016 2.7122518 2.6820476 2.7040031 2.6735870 1.1001289 1.6815202 2.4725826 0.0000000 1.4202899 2.6065162 2.7721201 2.7040031 2.7012403 2.7281048 1.6917021 2.9285578 2.6831866 2.7113653 2.6849768 0.4047262 2.6907268 2.6589782 2.6513501 
MF599468_Decapodiridovirus_litopenaeus1_n/a_1            2.0544539 2.0722067 2.0722067 2.0523482 2.0722067 2.0555822 2.0523482 2.0523482 2.0942098 2.0555822 1.8950248 2.0635462 2.0942098 1.5265454 1.5413521 0.0000010 1.8310456 2.0555822 2.1001936 2.0523482 2.1094629 2.0506411 1.5000134 0.0000010 1.5508194 1.4202899 0.0000000 0.0000010 1.8950248 2.1094629 2.1123314 1.6841599 2.0566984 2.1756655 2.0555822 2.0912663 2.0697610 1.4960702 2.0635462 2.0501407 2.0514329 
MF599468_Decapodiridovirus_litopenaeus1_n/a_2            2.1122804 2.0990275 2.0934313 2.0951970 2.0934313 2.1014415 2.0943727 2.0951970 2.0803661 2.0976542 2.4724749 2.0943727 2.0803661 2.2475276 1.0798340 2.7522678 2.5109161 2.1014415 2.0803661 2.0943727 2.0803661 2.1007799 1.1126404 2.8110495 2.3446386 2.6065162 0.0000010 0.0000000 2.4724749 2.0803661 2.0803661 2.3161115 2.9590737 2.3217528 2.0976542 2.0803661 2.1014415 2.7875138 2.0943727 2.0774294 2.0794717 
OM037668_Megalocytivirus_lates1_SDDV                     0.7892582 0.7802701 0.7812065 0.7860554 0.7812065 0.7823106 0.7878355 0.7860554 0.7754973 0.7818402 0.0000010 0.7915220 0.7754973 1.7853578 2.2873500 3.9910101 1.7832903 0.7823106 0.7779246 0.7878355 0.7785689 0.7796995 2.1652308 3.9069582 1.8419752 2.7721201 1.8950248 2.4724749 0.0000000 0.7785689 0.7783789 1.7345407 2.9123590 0.8010322 0.7818402 0.7779924 0.7819891 2.6870195 0.7915220 0.7870963 0.7859575 
MW883602_Megalocytivirus_pagrus1_ISKNV                   0.0313495 0.0085440 0.0076850 0.0316138 0.0076850 0.0289090 0.0307140 0.0316138 0.0008490 0.0298098 0.7785689 0.0316398 0.0008490 1.6947430 2.4426122 3.3391545 1.6424450 0.0289090 0.0016998 0.0307140 0.0000010 0.0261985 2.3934061 3.0969208 1.7115524 2.7040031 2.1094629 2.0803661 0.7785689 0.0000000 0.0008489 1.7031882 2.7693444 0.3512048 0.0298098 0.0017007 0.0298120 2.8044948 0.0316398 0.0340147 0.0322797 
OR536350_Megalocytivirus_pagrus1_ISKNV                   0.0322669 0.0094121 0.0085513 0.0325371 0.0085513 0.0298265 0.0316355 0.0325371 0.0017005 0.0307292 0.7783789 0.0325640 0.0017005 1.6992683 2.4455930 3.3391545 1.6467225 0.0298265 0.0025535 0.0316355 0.0008489 0.0271093 2.3963125 3.0969208 1.7130660 2.7012403 2.1123314 2.0803661 0.7783789 0.0008489 0.0000000 1.7075904 2.7693444 0.3514939 0.0307292 0.0025548 0.0307316 2.8069176 0.0325640 0.0349371 0.0331999 
AY521625_Ranavirus_epinephelus1_n/a                      1.6767617 1.6933388 1.6931913 1.6942929 1.6931913 1.7026099 1.6949384 1.6942929 1.7031882 1.7056024 1.7345407 1.7001117 1.7031882 1.2069659 2.1269195 3.6423207 0.6396204 1.7026099 1.7060914 1.6949384 1.7031882 1.6988679 2.1539057 3.4000965 1.2240652 2.7281048 1.6841599 2.3161115 1.7345407 1.7031882 1.7075904 0.0000000 2.9953993 1.6661048 1.7056024 1.7018621 1.7089450 2.8494707 1.7001117 1.6820970 1.6835245 
LS484712_Daphniairidovirus_daphnia1_n/a                  2.7707159 2.7791062 2.7761077 2.7561531 2.7761077 2.7648660 2.7532006 2.7561531 2.7693444 2.7642852 2.9123590 2.7625086 2.7693444 3.0323080 1.7403982 2.1222423 3.0065339 2.7648660 2.7781668 2.7532006 2.7693444 2.7434392 1.6265361 2.3353627 2.9487343 1.6917021 2.0566984 2.9590737 2.9123590 2.7693444 2.7693444 2.9953993 0.0000000 3.1295761 2.7642852 2.7668582 2.7642162 1.7617437 2.7625086 2.7728251 2.7752333 
PQ335173_PQ335174_Threespine_stickleback_iridovirus_TSIV 0.3561909 0.3487922 0.3484216 0.3532453 0.3484216 0.3507790 0.3505907 0.3532453 0.3494563 0.3507438 0.8010322 0.3512229 0.3494563 1.6847627 2.6099824 3.9925972 1.6332749 0.3507790 0.3510398 0.3505907 0.3512048 0.3490645 2.3744522 4.0594225 1.7154374 2.9285578 2.1756655 2.3217528 0.8010322 0.3512048 0.3514939 1.6661048 3.1295761 0.0000000 0.3507438 0.3511392 0.3524223 2.9205699 0.3512229 0.3506284 0.3521156 
KC244182_Megalocytivirus_pagrus1_RSIV                    0.0251082 0.0253174 0.0244313 0.0085313 0.0244313 0.0008470 0.0076724 0.0085313 0.0289009 0.0000010 0.7818402 0.0085380 0.0289009 1.7356723 2.4510766 3.3518691 1.6303921 0.0008470 0.0298060 0.0076724 0.0298098 0.0033978 2.3850836 3.1502439 1.7461916 2.6831866 2.0555822 2.0976542 0.7818402 0.0298098 0.0307292 1.7056024 2.7642852 0.3507438 0.0000000 0.0298208 0.0016956 2.7926625 0.0085380 0.0322197 0.0295508 
MW273354_Megalocytivirus_pagrus1_ISKNV                   0.0313610 0.0085475 0.0076882 0.0316254 0.0076882 0.0289198 0.0307253 0.0316254 0.0008494 0.0298208 0.7779924 0.0316514 0.0008494 1.6960029 2.4494229 3.3391545 1.6411615 0.0289198 0.0017005 0.0307253 0.0017007 0.0262084 2.4000916 3.0969208 1.7128320 2.7113653 2.0912663 2.0803661 0.7779924 0.0017007 0.0025548 1.7018621 2.7668582 0.3511392 0.0298208 0.0000000 0.0298231 2.8121234 0.0316514 0.0340269 0.0322915 
AY894343_Megalocytivirus_pagrus1_RSIV                    0.0251101 0.0253193 0.0244331 0.0085319 0.0244331 0.0008471 0.0076729 0.0085319 0.0289031 0.0016956 0.7819891 0.0085386 0.0289031 1.7436943 2.4663475 3.3518691 1.6418731 0.0008471 0.0298083 0.0076729 0.0298120 0.0033981 2.3998546 3.1502439 1.7551784 2.6849768 2.0697610 2.1014415 0.7819891 0.0298120 0.0307316 1.7089450 2.7642162 0.3524223 0.0016956 0.0298231 0.0000000 2.7808306 0.0085386 0.0322222 0.0295531 
HF920633_Chloriridovirus_simulium1_n/a                   2.7439837 2.7960546 2.7931783 2.7815192 2.7931783 2.7826218 2.7870469 2.7815192 2.8044948 2.7926625 2.6870195 2.7960597 2.8044948 2.6919644 1.3521991 1.6229583 3.0160459 2.7826218 2.8088824 2.7870469 2.8044948 2.7721654 1.2399745 1.5782329 2.7583954 0.4047262 1.4960702 2.7875138 2.6870195 2.8044948 2.8069176 2.8494707 1.7617437 2.9205699 2.7926625 2.8121234 2.7808306 0.0000000 2.7960597 2.8005400 2.7925226 
BD143114_Megalocytivirus_pagrus1_RSIV                    0.0215803 0.0289080 0.0280168 0.0033999 0.0280168 0.0076775 0.0008482 0.0033999 0.0307267 0.0085380 0.7915220 0.0000010 0.0307267 1.7442593 2.4566506 3.3413799 1.6510965 0.0076775 0.0316358 0.0008482 0.0316398 0.0085377 2.3905639 3.1441380 1.7557660 2.6907268 2.0635462 2.0943727 0.7915220 0.0316398 0.0325640 1.7001117 2.7625086 0.3512229 0.0085380 0.0316514 0.0085386 2.7960597 0.0000000 0.0277809 0.0251284 
MG570132_Megalocytivirus_pagrus1_TRBIV                   0.0189421 0.0348481 0.0339566 0.0268627 0.0339566 0.0313211 0.0268705 0.0268627 0.0331039 0.0322197 0.7870963 0.0277809 0.0331039 1.7048044 2.4242068 3.3963399 1.6378807 0.0313211 0.0340103 0.0268705 0.0340147 0.0286160 2.3403825 3.1629507 1.7066123 2.6589782 2.0501407 2.0774294 0.7870963 0.0340147 0.0349371 1.6820970 2.7728251 0.3506284 0.0322197 0.0340269 0.0322222 2.8005400 0.0277809 0.0000000 0.0033986 
MG570131_Megalocytivirus_pagrus1_TRBIV                   0.0154481 0.0331153 0.0322246 0.0242170 0.0322246 0.0286564 0.0242240 0.0242170 0.0313707 0.0295508 0.7859575 0.0251284 0.0313707 1.7045805 2.4167963 3.4103592 1.6389489 0.0286564 0.0322757 0.0242240 0.0322797 0.0259652 2.3484511 3.1902442 1.7153435 2.6513501 2.0514329 2.0794717 0.7859575 0.0322797 0.0331999 1.6835245 2.7752333 0.3521156 0.0295508 0.0322915 0.0295531 2.7925226 0.0251284 0.0033986 0.0000000 
