17
Decap_MF599468_1_Decap_MF599468.1_00013                       0.0000000 2.2243938 2.2243938 2.2243938 2.1837434 2.4943248 2.5348312 2.5348312 2.4943248 2.4518057 2.4518057 2.4433363 2.4433363 2.4342269 2.4342269 2.5413742 2.5413742 
MCV_ML1_SDDV_MN562489_1_MCV_ML1_SDDV_MN562489.1_00039         2.2243938 0.0000000 0.0000010 0.0000010 0.0101477 1.4831053 1.4832899 1.4832899 1.4831053 1.4223723 1.4223723 1.4417397 1.4417397 1.4885234 1.4885234 1.4855161 1.4855161 
MCV_ML1_SDDV_MT521409_1_MCV_ML1_SDDV_MT521409.1_00040         2.2243938 0.0000010 0.0000000 0.0000010 0.0101477 1.4831053 1.4832899 1.4832899 1.4831053 1.4223723 1.4223723 1.4417397 1.4417397 1.4885234 1.4885234 1.4855161 1.4855161 
MCV_ML1_SDDV_NC_027778_1_MCV_ML1_SDDV_NC_027778.1_00019       2.2243938 0.0000010 0.0000010 0.0000000 0.0113157 1.4831053 1.4832899 1.4832899 1.4831053 1.4223723 1.4223723 1.4417397 1.4417397 1.4885234 1.4885234 1.4855161 1.4855161 
MCV_ML1_SDDV_OM037668_1_MCV_ML1_SDDV_OM037668.1_00097         2.1837434 0.0101477 0.0101477 0.0113157 0.0000000 1.4363186 1.4362215 1.4362215 1.4363186 1.3768943 1.3768943 1.3958696 1.3958696 1.4413023 1.4413023 1.4383880 1.4383880 
MCV_MP1_BCFI_MN432490_1_MCV_MP1_BCFI_MN432490.1_00059         2.4943248 1.4831053 1.4831053 1.4831053 1.4363186 0.0000000 0.0115633 0.0115633 0.0000010 0.0485531 0.0485531 0.0600971 0.0600971 0.0480673 0.0480673 0.0612051 0.0612051 
MCV_MP1_BCFI_MT926123_1_MCV_MP1_BCFI_MT926123.1_00059         2.5348312 1.4832899 1.4832899 1.4832899 1.4362215 0.0115633 0.0000000 0.0000010 0.0115633 0.0357359 0.0357359 0.0471769 0.0471769 0.0353784 0.0353784 0.0480325 0.0480325 
MCV_MP1_ISKNV_AF371960_1_MCV_MP1_ISKNV_AF371960.1_00058       2.5348312 1.4832899 1.4832899 1.4832899 1.4362215 0.0115633 0.0000010 0.0000000 0.0115633 0.0357359 0.0357359 0.0471769 0.0471769 0.0353784 0.0353784 0.0480325 0.0480325 
MCV_MP1_LBUSV_OP009387_1_MCV_MP1_LBUSV_OP009387.1_00058       2.4943248 1.4831053 1.4831053 1.4831053 1.4363186 0.0000010 0.0115633 0.0115633 0.0000000 0.0485531 0.0485531 0.0600971 0.0600971 0.0480673 0.0480673 0.0612051 0.0612051 
MCV_MP1_LYCI_AY779031_1_MCV_MP1_LYCI_AY779031.1_00062         2.4518057 1.4223723 1.4223723 1.4223723 1.3768943 0.0485531 0.0357359 0.0357359 0.0485531 0.0000000 0.0000010 0.0348560 0.0348560 0.0474442 0.0474442 0.0603851 0.0603851 
MCV_MP1_LYCI_MW139932_1_MCV_MP1_LYCI_MW139932.1_00060         2.4518057 1.4223723 1.4223723 1.4223723 1.3768943 0.0485531 0.0357359 0.0357359 0.0485531 0.0000010 0.0000000 0.0348560 0.0348560 0.0474442 0.0474442 0.0603851 0.0603851 
MCV_MP1_OSGI_AY894343_1_MCV_MP1_OSGI_AY894343.1_00057         2.4433363 1.4417397 1.4417397 1.4417397 1.3958696 0.0600971 0.0471769 0.0471769 0.0600971 0.0348560 0.0348560 0.0000000 0.0000010 0.0587356 0.0587356 0.0717584 0.0717584 
MCV_MP1_RBIV_AY532606_1_MCV_MP1_RBIV_AY532606.1_00058         2.4433363 1.4417397 1.4417397 1.4417397 1.3958696 0.0600971 0.0471769 0.0471769 0.0600971 0.0348560 0.0348560 0.0000010 0.0000000 0.0587356 0.0587356 0.0717584 0.0717584 
MCV_MP1_RSIV_OK042109_1_MCV_MP1_RSIV_OK042109.1_00019         2.4342269 1.4885234 1.4885234 1.4885234 1.4413023 0.0480673 0.0353784 0.0353784 0.0480673 0.0474442 0.0474442 0.0587356 0.0587356 0.0000000 0.0000010 0.0597947 0.0597947 
MCV_MP1_TRBIV_GQ273492_1_MCV_MP1_TRBIV_GQ273492.1_00057       2.4342269 1.4885234 1.4885234 1.4885234 1.4413023 0.0480673 0.0353784 0.0353784 0.0480673 0.0474442 0.0474442 0.0587356 0.0587356 0.0000010 0.0000000 0.0597947 0.0597947 
MCV_Unclassified_MG570131_1_MCV_Unclassified_MG570131.1_00058 2.5413742 1.4855161 1.4855161 1.4855161 1.4383880 0.0612051 0.0480325 0.0480325 0.0612051 0.0603851 0.0603851 0.0717584 0.0717584 0.0597947 0.0597947 0.0000000 0.0000010 
MCV_Unclassified_MG570132_1_MCV_Unclassified_MG570132.1_00058 2.5413742 1.4855161 1.4855161 1.4855161 1.4383880 0.0612051 0.0480325 0.0480325 0.0612051 0.0603851 0.0603851 0.0717584 0.0717584 0.0597947 0.0597947 0.0000010 0.0000000 
