12
MW883599_Megalocytivirus_pagrus1_ISKNV    0.0000000 0.0366432 0.0000010 0.0488895 0.0488895 0.0366432 0.0366261 0.0540120 0.0119997 0.0540120 0.0119997 0.0366261 
MK098186_Megalocytivirus_pagrus1_RSIV     0.0366432 0.0000000 0.0366432 0.0362843 0.0362843 0.0000010 0.0488580 0.0669627 0.0489578 0.0669627 0.0489578 0.0488580 
23043610003_Megalocytivirus_pagrus1_ISKNV 0.0000010 0.0366432 0.0000000 0.0488895 0.0488895 0.0366432 0.0366261 0.0540120 0.0119997 0.0540120 0.0119997 0.0366261 
ON740976_Megalocytivirus_pagrus1_RSIV     0.0488895 0.0362843 0.0488895 0.0000000 0.0000010 0.0362843 0.0611145 0.0798408 0.0612439 0.0798408 0.0612439 0.0611145 
MK689686_Megalocytivirus_pagrus1_RSIV     0.0488895 0.0362843 0.0488895 0.0000010 0.0000000 0.0362843 0.0611145 0.0798408 0.0612439 0.0798408 0.0612439 0.0611145 
MK098187_Megalocytivirus_pagrus1_RSIV     0.0366432 0.0000010 0.0366432 0.0362843 0.0362843 0.0000000 0.0488580 0.0669627 0.0489578 0.0669627 0.0489578 0.0488580 
OK042109_Megalocytivirus_pagrus1_RSIV     0.0366261 0.0488580 0.0366261 0.0611145 0.0611145 0.0488580 0.0000000 0.0669343 0.0489362 0.0669343 0.0489362 0.0000010 
MG570131_Megalocytivirus_pagrus1_TRBIV    0.0540120 0.0669627 0.0540120 0.0798408 0.0798408 0.0669627 0.0669343 0.0000000 0.0670859 0.0000010 0.0670859 0.0669343 
MW883595_Megalocytivirus_pagrus1_ISKNV    0.0119997 0.0489578 0.0119997 0.0612439 0.0612439 0.0489578 0.0489362 0.0670859 0.0000000 0.0670859 0.0000010 0.0489362 
MG570132_Megalocytivirus_pagrus1_TRBIV    0.0540120 0.0669627 0.0540120 0.0798408 0.0798408 0.0669627 0.0669343 0.0000010 0.0670859 0.0000000 0.0670859 0.0669343 
MN432490_Megalocytivirus_pagrus1_ISKNV    0.0119997 0.0489578 0.0119997 0.0612439 0.0612439 0.0489578 0.0489362 0.0670859 0.0000010 0.0670859 0.0000000 0.0489362 
GQ273492_Megalocytivirus_pagrus1_TRBIV    0.0366261 0.0488580 0.0366261 0.0611145 0.0611145 0.0488580 0.0000010 0.0669343 0.0489362 0.0669343 0.0489362 0.0000000 
