12
AF371960_AF371960.1_00111 0.0000000 0.0430226 0.0368643 0.0060172 0.0430226 0.0181230 0.0181230 0.0368643 0.0000010 0.5987027 0.5987027 0.0492903 
AY894343_MK689686.1_00109 0.0430226 0.0000000 0.0060244 0.0367534 0.0000010 0.0492031 0.0492031 0.0060244 0.0430226 0.6127968 0.6127968 0.0060194 
BD143114_MK689686.1_00109 0.0368643 0.0060244 0.0000000 0.0306180 0.0060244 0.0430386 0.0430386 0.0000010 0.0368643 0.6042783 0.6042783 0.0120776 
GQ273492_GQ273492.1_00107 0.0060172 0.0367534 0.0306180 0.0000000 0.0367534 0.0120429 0.0120429 0.0306180 0.0060172 0.5982762 0.5982762 0.0429840 
KC244182_MK689686.1_00109 0.0430226 0.0000010 0.0060244 0.0367534 0.0000000 0.0492031 0.0492031 0.0060244 0.0430226 0.6127968 0.6127968 0.0060194 
MG570131_MG570131.1_00107 0.0181230 0.0492031 0.0430386 0.0120429 0.0492031 0.0000000 0.0000010 0.0430386 0.0181230 0.5861960 0.5861960 0.0554903 
MG570132_MG570132.1_00107 0.0181230 0.0492031 0.0430386 0.0120429 0.0492031 0.0000010 0.0000000 0.0430386 0.0181230 0.5861960 0.5861960 0.0554903 
MK098185_MK689686.1_00109 0.0368643 0.0060244 0.0000010 0.0306180 0.0060244 0.0430386 0.0430386 0.0000000 0.0368643 0.6042783 0.6042783 0.0120776 
MK689685_AF371960.1_00111 0.0000010 0.0430226 0.0368643 0.0060172 0.0430226 0.0181230 0.0181230 0.0368643 0.0000000 0.5987027 0.5987027 0.0492903 
MN562489_OM037668.1_00075 0.5987027 0.6127968 0.6042783 0.5982762 0.6127968 0.5861960 0.5861960 0.6042783 0.5987027 0.0000000 0.0000010 0.6165433 
MT521409_OM037668.1_00075 0.5987027 0.6127968 0.6042783 0.5982762 0.6127968 0.5861960 0.5861960 0.6042783 0.5987027 0.0000010 0.0000000 0.6165433 
OK042109_MK689686.1_00109 0.0492903 0.0060194 0.0120776 0.0429840 0.0060194 0.0554903 0.0554903 0.0120776 0.0492903 0.6165433 0.6165433 0.0000000 
