17
MK637631_European_chub_iridovirus_ECIV                   0.0000000 0.8514278 0.8514278 2.5421161 0.8412541 0.8375690 0.8412541 0.8375690 0.1553702 0.1553702 0.8510876 2.3312776 2.2171238 3.3942141 0.7583033 0.8470493 0.8470493 
AF371960_Megalocytivirus_pagrus1_ISKNV                   0.8514278 0.0000000 0.0000010 2.4296106 0.0240036 0.0280809 0.0240036 0.0280809 0.8620967 0.8620967 0.0242578 2.2478422 2.3741093 3.0030896 0.1952428 0.0282863 0.0282863 
MW883603_Megalocytivirus_pagrus1_ISKNV                   0.8514278 0.0000010 0.0000000 2.4296106 0.0240036 0.0280809 0.0240036 0.0280809 0.8620967 0.8620967 0.0242578 2.2478422 2.3741093 3.0030896 0.1952428 0.0282863 0.0282863 
AY521625_Ranavirus_epinephelus1_n/a                      2.5421161 2.4296106 2.4296106 0.0000000 2.4170312 2.4153776 2.4170312 2.4153776 2.3927168 2.3927168 2.4030653 2.3620623 2.3751236 1.0090978 2.4369342 2.4039883 2.4039883 
OQ475017_Megalocytivirus_pagrus1_RSIV                    0.8412541 0.0240036 0.0240036 2.4170312 0.0000000 0.0039402 0.0000010 0.0039402 0.8494002 0.8494002 0.0200097 2.2857880 2.3798693 2.9611316 0.1935596 0.0199099 0.0199099 
OK042109_Megalocytivirus_pagrus1_RSIV                    0.8375690 0.0280809 0.0280809 2.4153776 0.0039402 0.0000000 0.0039402 0.0000010 0.8595480 0.8595480 0.0159530 2.2825140 2.3692072 2.9758163 0.1938516 0.0158734 0.0158734 
MW139932_Megalocytivirus_pagrus1_RSIV                    0.8412541 0.0240036 0.0240036 2.4170312 0.0000010 0.0039402 0.0000000 0.0039402 0.8494002 0.8494002 0.0200097 2.2857880 2.3798693 2.9611316 0.1935596 0.0199099 0.0199099 
KC244182_Megalocytivirus_pagrus1_RSIV                    0.8375690 0.0280809 0.0280809 2.4153776 0.0039402 0.0000010 0.0039402 0.0000000 0.8595480 0.8595480 0.0159530 2.2825140 2.3692072 2.9758163 0.1938516 0.0158734 0.0158734 
MT521409_Megalocytivirus_lates1_SDDV                     0.1553702 0.8620967 0.8620967 2.3927168 0.8494002 0.8595480 0.8494002 0.8595480 0.0000000 0.0000010 0.8797011 2.3752059 2.3469065 3.4999073 0.8154761 0.8679658 0.8679658 
OM037668_Megalocytivirus_lates1_SDDV                     0.1553702 0.8620967 0.8620967 2.3927168 0.8494002 0.8595480 0.8494002 0.8595480 0.0000010 0.0000000 0.8797011 2.3752059 2.3469065 3.4999073 0.8154761 0.8679658 0.8679658 
GQ273492_Megalocytivirus_pagrus1_TRBIV                   0.8510876 0.0242578 0.0242578 2.4030653 0.0200097 0.0159530 0.0200097 0.0159530 0.8797011 0.8797011 0.0000000 2.2477979 2.3665661 2.9582885 0.1909804 0.0119917 0.0119917 
MN803438_Lymphocystivirus_micropogonias1_n/a             2.3312776 2.2478422 2.2478422 2.3620623 2.2857880 2.2825140 2.2857880 2.2825140 2.3752059 2.3752059 2.2477979 0.0000000 0.1622845 2.8128166 2.3660651 2.2638160 2.2638160 
KX643370_Lymphocystivirus_sparus1_n/a                    2.2171238 2.3741093 2.3741093 2.3751236 2.3798693 2.3692072 2.3798693 2.3692072 2.3469065 2.3469065 2.3665661 0.1622845 0.0000000 2.8375632 2.3128691 2.3641033 2.3641033 
NC_005946_Ranavirus_rana1_n/a                            3.3942141 3.0030896 3.0030896 1.0090978 2.9611316 2.9758163 2.9611316 2.9758163 3.4999073 3.4999073 2.9582885 2.8128166 2.8375632 0.0000000 3.1124037 2.9189809 2.9189809 
PQ335173_PQ335174_Threespine_stickleback_iridovirus_TSIV 0.7583033 0.1952428 0.1952428 2.4369342 0.1935596 0.1938516 0.1935596 0.1938516 0.8154761 0.8154761 0.1909804 2.3660651 2.3128691 3.1124037 0.0000000 0.1879566 0.1879566 
MG570131_Megalocytivirus_pagrus1_TRBIV                   0.8470493 0.0282863 0.0282863 2.4039883 0.0199099 0.0158734 0.0199099 0.0158734 0.8679658 0.8679658 0.0119917 2.2638160 2.3641033 2.9189809 0.1879566 0.0000000 0.0000010 
MG570132_Megalocytivirus_pagrus1_TRBIV                   0.8470493 0.0282863 0.0282863 2.4039883 0.0199099 0.0158734 0.0199099 0.0158734 0.8679658 0.8679658 0.0119917 2.2638160 2.3641033 2.9189809 0.1879566 0.0000010 0.0000000 
