16
AF371960_Megalocytivirus_pagrus1_ISKNV                   0.0000000 0.0000010 2.7589843 0.0241347 0.0282532 0.0241347 0.0282532 0.9584085 0.9584085 0.0244439 2.5638737 2.6280581 3.3473591 0.2061882 0.0285423 0.0285423 
MW883603_Megalocytivirus_pagrus1_ISKNV                   0.0000010 0.0000000 2.7589843 0.0241347 0.0282532 0.0241347 0.0282532 0.9584085 0.9584085 0.0244439 2.5638737 2.6280581 3.3473591 0.2061882 0.0285423 0.0285423 
AY521625_Ranavirus_epinephelus1_n/a                      2.7589843 2.7589843 0.0000000 2.7376281 2.7344545 2.7376281 2.7344545 2.6732153 2.6732153 2.7227103 2.7259403 2.6999197 1.1616551 2.7377772 2.7254109 2.7254109 
OQ475017_Megalocytivirus_pagrus1_RSIV                    0.0241347 0.0241347 2.7376281 0.0000000 0.0039430 0.0000010 0.0039430 0.9434272 0.9434272 0.0201049 2.5992167 2.6285330 3.3037080 0.2041787 0.0199904 0.0199904 
OK042109_Megalocytivirus_pagrus1_RSIV                    0.0282532 0.0282532 2.7344545 0.0039430 0.0000000 0.0039430 0.0000010 0.9571120 0.9571120 0.0160182 2.5970016 2.6153358 3.3187876 0.2045617 0.0159268 0.0159268 
MW139932_Megalocytivirus_pagrus1_RSIV                    0.0241347 0.0241347 2.7376281 0.0000010 0.0039430 0.0000000 0.0039430 0.9434272 0.9434272 0.0201049 2.5992167 2.6285330 3.3037080 0.2041787 0.0199904 0.0199904 
KC244182_Megalocytivirus_pagrus1_RSIV                    0.0282532 0.0282532 2.7344545 0.0039430 0.0000010 0.0039430 0.0000000 0.9571120 0.9571120 0.0160182 2.5970016 2.6153358 3.3187876 0.2045617 0.0159268 0.0159268 
MT521409_Megalocytivirus_lates1_SDDV                     0.9584085 0.9584085 2.6732153 0.9434272 0.9571120 0.9434272 0.9571120 0.0000000 0.0000010 0.9769172 2.6961447 2.6421372 3.7726161 0.9296248 0.9684815 0.9684815 
OM037668_Megalocytivirus_lates1_SDDV                     0.9584085 0.9584085 2.6732153 0.9434272 0.9571120 0.9434272 0.9571120 0.0000010 0.0000000 0.9769172 2.6961447 2.6421372 3.7726161 0.9296248 0.9684815 0.9684815 
GQ273492_Megalocytivirus_pagrus1_TRBIV                   0.0244439 0.0244439 2.7227103 0.0201049 0.0160182 0.0201049 0.0160182 0.9769172 0.9769172 0.0000000 2.5696055 2.6228730 3.2989779 0.2018100 0.0120560 0.0120560 
MN803438_Lymphocystivirus_micropogonias1_n/a             2.5638737 2.5638737 2.7259403 2.5992167 2.5970016 2.5992167 2.5970016 2.6961447 2.6961447 2.5696055 0.0000000 0.1682084 3.2406140 2.6811798 2.5942164 2.5942164 
KX643370_Lymphocystivirus_sparus1_n/a                    2.6280581 2.6280581 2.6999197 2.6285330 2.6153358 2.6285330 2.6153358 2.6421372 2.6421372 2.6228730 0.1682084 0.0000000 3.2746161 2.5937281 2.6295030 2.6295030 
NC_005946_Ranavirus_rana1_n/a                            3.3473591 3.3473591 1.1616551 3.3037080 3.3187876 3.3037080 3.3187876 3.7726161 3.7726161 3.2989779 3.2406140 3.2746161 0.0000000 3.4737886 3.2722496 3.2722496 
PQ335173_PQ335174_Threespine_stickleback_iridovirus_TSIV 0.2061882 0.2061882 2.7377772 0.2041787 0.2045617 0.2041787 0.2045617 0.9296248 0.9296248 0.2018100 2.6811798 2.5937281 3.4737886 0.0000000 0.1982872 0.1982872 
MG570131_Megalocytivirus_pagrus1_TRBIV                   0.0285423 0.0285423 2.7254109 0.0199904 0.0159268 0.0199904 0.0159268 0.9684815 0.9684815 0.0120560 2.5942164 2.6295030 3.2722496 0.1982872 0.0000000 0.0000010 
MG570132_Megalocytivirus_pagrus1_TRBIV                   0.0285423 0.0285423 2.7254109 0.0199904 0.0159268 0.0199904 0.0159268 0.9684815 0.9684815 0.0120560 2.5942164 2.6295030 3.2722496 0.1982872 0.0000010 0.0000000 
