18
AF371960_AF371960.1_00099 0.0000000 0.1352765 0.1424194 0.1731759 0.1351596 0.1352765 1.9554242 0.1515687 0.1515687 0.1424194 0.0000010 0.0066436 0.1276109 0.0066568 0.0066436 0.1423764 0.1352106 0.1276109 
AY894343_MK689686.1_00096 0.1352765 0.0000000 0.0386306 0.1598477 0.0127349 0.0000010 1.9753450 0.1456445 0.1456445 0.0386306 0.1352765 0.1364364 0.0063480 0.1430935 0.1364364 0.0191089 0.0127393 0.0063480 
BD143114_MK689686.1_00096 0.1424194 0.0386306 0.0000000 0.1381270 0.0386017 0.0386306 1.9736440 0.1240673 0.1240673 0.0000010 0.1424194 0.1436345 0.0320707 0.1502740 0.1436345 0.0190956 0.0386151 0.0320707 
GQ273492_GQ273492.1_00095 0.1731759 0.1598477 0.1381270 0.0000000 0.1537838 0.1598477 2.0841023 0.0799945 0.0799945 0.1381270 0.1731759 0.1746410 0.1522612 0.1812935 0.1746410 0.1452691 0.1597699 0.1522612 
KC244182_MK689686.1_00096 0.1351596 0.0127349 0.0386017 0.1537838 0.0000000 0.0127349 2.0058902 0.1455213 0.1455213 0.0386017 0.1351596 0.1363175 0.0063433 0.1429687 0.1363175 0.0320032 0.0127300 0.0063433 
KT804738_MK689686.1_00096 0.1352765 0.0000010 0.0386306 0.1598477 0.0127349 0.0000000 1.9753450 0.1456445 0.1456445 0.0386306 0.1352765 0.1364364 0.0063480 0.1430935 0.1364364 0.0191089 0.0127393 0.0063480 
MF599468_MF599468.1_00131 1.9554242 1.9753450 1.9736440 2.0841023 2.0058902 1.9753450 0.0000000 1.9470092 1.9470092 1.9736440 1.9554242 1.9373837 1.9863516 1.9847908 1.9373837 1.9714103 2.0147537 1.9863516 
MG570131_MG570131.1_00095 0.1515687 0.1456445 0.1240673 0.0799945 0.1455213 0.1456445 1.9470092 0.0000000 0.0000010 0.1240673 0.1515687 0.1528714 0.1381356 0.1595803 0.1528714 0.1311669 0.1455748 0.1381356 
MG570132_MG570132.1_00095 0.1515687 0.1456445 0.1240673 0.0799945 0.1455213 0.1456445 1.9470092 0.0000010 0.0000000 0.1240673 0.1515687 0.1528714 0.1381356 0.1595803 0.1528714 0.1311669 0.1455748 0.1381356 
MK098185_MK689686.1_00096 0.1424194 0.0386306 0.0000010 0.1381270 0.0386017 0.0386306 1.9736440 0.1240673 0.1240673 0.0000000 0.1424194 0.1436345 0.0320707 0.1502740 0.1436345 0.0190956 0.0386151 0.0320707 
MK689685_AF371960.1_00099 0.0000010 0.1352765 0.1424194 0.1731759 0.1351596 0.1352765 1.9554242 0.1515687 0.1515687 0.1424194 0.0000000 0.0066436 0.1276109 0.0066568 0.0066436 0.1423764 0.1352106 0.1276109 
MN432490_AF371960.1_00099 0.0066436 0.1364364 0.1436345 0.1746410 0.1363175 0.1364364 1.9373837 0.1528714 0.1528714 0.1436345 0.0066436 0.0000000 0.1287063 0.0133472 0.0000010 0.1435915 0.1363693 0.1287063 
MT798582_MK689686.1_00096 0.1276109 0.0063480 0.0320707 0.1522612 0.0063433 0.0063480 1.9863516 0.1381356 0.1381356 0.0320707 0.1276109 0.1287063 0.0000000 0.1353551 0.1287063 0.0255253 0.0063455 0.0000010 
MT926123_AF371960.1_00099 0.0066568 0.1430935 0.1502740 0.1812935 0.1429687 0.1430935 1.9847908 0.1595803 0.1595803 0.1502740 0.0066568 0.0133472 0.1353551 0.0000000 0.0133472 0.1502327 0.1430229 0.1353551 
MT986830_AF371960.1_00099 0.0066436 0.1364364 0.1436345 0.1746410 0.1363175 0.1364364 1.9373837 0.1528714 0.1528714 0.1436345 0.0066436 0.0000010 0.1287063 0.0133472 0.0000000 0.1435915 0.1363693 0.1287063 
OK042108_MK689686.1_00096 0.1423764 0.0191089 0.0190956 0.1452691 0.0320032 0.0191089 1.9714103 0.1311669 0.1311669 0.0190956 0.1423764 0.1435915 0.0255253 0.1502327 0.1435915 0.0000000 0.0320143 0.0255253 
OK042109_MK689686.1_00096 0.1352106 0.0127393 0.0386151 0.1597699 0.0127300 0.0127393 2.0147537 0.1455748 0.1455748 0.0386151 0.1352106 0.1363693 0.0063455 0.1430229 0.1363693 0.0320143 0.0000000 0.0063455 
ON075463_MK689686.1_00096 0.1276109 0.0063480 0.0320707 0.1522612 0.0063433 0.0063480 1.9863516 0.1381356 0.1381356 0.0320707 0.1276109 0.1287063 0.0000010 0.1353551 0.1287063 0.0255253 0.0063455 0.0000000 
