39
MT128666_Megalocytivirus_pagrus1_ISKNV                   0.0000000 0.0016557 0.0008254 0.0000010 0.0016544 0.0850620 0.0000010 0.0352252 0.0016522 0.0874465 0.0840610 0.0016546 0.0868899 0.0850620 0.0016533 0.0844461 0.0016515 0.0844461 0.0016533 0.1100272 0.0008263 0.0016546 0.0840610 0.0830881 3.6281858 1.7312797 0.0016522 0.0868899 0.0878765 0.0016531 0.0850398 3.6281858 0.0008252 0.0000010 0.0843708 0.1117957 0.0016531 0.1052591 0.0850116 
MW883601_Megalocytivirus_pagrus1_ISKNV                   0.0016557 0.0000000 0.0024873 0.0016557 0.0000010 0.0863642 0.0016557 0.0353136 0.0033191 0.0887649 0.0853578 0.0033214 0.0882068 0.0863642 0.0033214 0.0857485 0.0033177 0.0857485 0.0033214 0.1097577 0.0024899 0.0033214 0.0853578 0.0843800 3.6329924 1.7305967 0.0033191 0.0882068 0.0891984 0.0033209 0.0863416 3.6329924 0.0024867 0.0016557 0.0856717 0.1131025 0.0033211 0.1049951 0.0863128 
MW883593_Megalocytivirus_pagrus1_ISKNV                   0.0008254 0.0024873 0.0000000 0.0008260 0.0024854 0.0840338 0.0008254 0.0361658 0.0024820 0.0864101 0.0830351 0.0024857 0.0858536 0.0840338 0.0024837 0.0834165 0.0024810 0.0834165 0.0024837 0.1093090 0.0016550 0.0024857 0.0830351 0.0820641 3.6281858 1.7257115 0.0024820 0.0858536 0.0868381 0.0024834 0.0840118 3.6281858 0.0016529 0.0008260 0.0833422 0.1106066 0.0024835 0.1045515 0.0839840 
MW883597_Megalocytivirus_pagrus1_ISKNV                   0.0000010 0.0016557 0.0008260 0.0000000 0.0016544 0.0850620 0.0000010 0.0352536 0.0016534 0.0874465 0.0840610 0.0016546 0.0868899 0.0850620 0.0016546 0.0844461 0.0016527 0.0844461 0.0016546 0.1100272 0.0008269 0.0016546 0.0840610 0.0830881 3.6281858 1.7340947 0.0016534 0.0868899 0.0878765 0.0016543 0.0850398 3.6281858 0.0008258 0.0000010 0.0843708 0.1117957 0.0016544 0.1052591 0.0850116 
MW883599_Megalocytivirus_pagrus1_ISKNV                   0.0016544 0.0000010 0.0024854 0.0016544 0.0000000 0.0862915 0.0016544 0.0362641 0.0033166 0.0886898 0.0852860 0.0033189 0.0881322 0.0862915 0.0033189 0.0856761 0.0033152 0.0856761 0.0033189 0.1096614 0.0024880 0.0033189 0.0852860 0.0843090 3.6329924 1.7319337 0.0033166 0.0881322 0.0891229 0.0033184 0.0862689 3.6329924 0.0024848 0.0016544 0.0855995 0.1131025 0.0033185 0.1049029 0.0862402 
OL774655_Megalocytivirus_pagrus1_RSIV                    0.0850620 0.0863642 0.0840338 0.0850620 0.0862915 0.0000000 0.0850620 0.1019522 0.0871181 0.0056357 0.0007855 0.0871963 0.0202259 0.0000010 0.0871963 0.0015719 0.0870825 0.0015719 0.0871963 0.1231636 0.0862226 0.0871963 0.0007855 0.0015721 3.7298616 1.8844142 0.0871181 0.0202259 0.0210470 0.0871811 0.0015721 3.7298616 0.0861018 0.0850620 0.0031519 0.1149562 0.0871983 0.1137185 0.0015717 
MT128667_Megalocytivirus_pagrus1_ISKNV                   0.0000010 0.0016557 0.0008254 0.0000010 0.0016544 0.0850620 0.0000000 0.0352252 0.0016522 0.0874465 0.0840610 0.0016546 0.0868899 0.0850620 0.0016533 0.0844461 0.0016515 0.0844461 0.0016533 0.1100272 0.0008263 0.0016546 0.0840610 0.0830881 3.6281858 1.7312797 0.0016522 0.0868899 0.0878765 0.0016531 0.0850398 3.6281858 0.0008252 0.0000010 0.0843708 0.1117957 0.0016531 0.1052591 0.0850116 
MT986830_Megalocytivirus_pagrus1_ISKNV                   0.0352252 0.0353136 0.0361658 0.0352536 0.0362641 0.1019522 0.0352252 0.0000000 0.0370750 0.1045313 0.1008870 0.0371345 0.1053906 0.1019522 0.0371045 0.1013421 0.0361272 0.1013421 0.0371045 0.1364782 0.0362025 0.0371345 0.1008870 0.0998568 3.7522468 1.8042519 0.0370750 0.1053906 0.1064355 0.0370983 0.1019253 3.7522468 0.0361536 0.0352536 0.1012478 0.1332462 0.0371021 0.1304576 0.1018892 
OQ513807_Megalocytivirus_pagrus1_ISKNV                   0.0016522 0.0033191 0.0024820 0.0016534 0.0033166 0.0871181 0.0016522 0.0370750 0.0000000 0.0895173 0.0861130 0.0033169 0.0889609 0.0871181 0.0033144 0.0865053 0.0033107 0.0865053 0.0033144 0.1101383 0.0024846 0.0033169 0.0861130 0.0851368 3.6239704 1.7316809 0.0000010 0.0889609 0.0899510 0.0033139 0.0870954 3.6239704 0.0024814 0.0016534 0.0844527 0.1119153 0.0033140 0.1053657 0.0870664 
OQ475017_Megalocytivirus_pagrus1_RSIV                    0.0874465 0.0887649 0.0864101 0.0874465 0.0886898 0.0056357 0.0874465 0.1045313 0.0895173 0.0000000 0.0048262 0.0895983 0.0172381 0.0056357 0.0895983 0.0040200 0.0894807 0.0040200 0.0895983 0.1218714 0.0886188 0.0895983 0.0048262 0.0056342 3.7759599 1.8787393 0.0895173 0.0172381 0.0180694 0.0895826 0.0056341 3.7759599 0.0884941 0.0874465 0.0056428 0.1128158 0.0896007 0.1131565 0.0056326 
MK689686_Megalocytivirus_pagrus1_RSIV                    0.0840610 0.0853578 0.0830351 0.0840610 0.0852860 0.0007855 0.0840610 0.1008870 0.0861130 0.0048262 0.0000000 0.0861902 0.0210441 0.0007855 0.0861902 0.0007852 0.0860778 0.0007852 0.0861902 0.1220657 0.0852179 0.0861902 0.0000010 0.0007853 3.7180847 1.8842841 0.0861130 0.0210441 0.0218660 0.0861751 0.0007853 3.7180847 0.0850986 0.0840610 0.0023618 0.1138231 0.0861920 0.1126345 0.0007851 
23043610003_Megalocytivirus_pagrus1_ISKNV                0.0016546 0.0033214 0.0024857 0.0016546 0.0033189 0.0871963 0.0016546 0.0371345 0.0033169 0.0895983 0.0861902 0.0000000 0.0890414 0.0871963 0.0000010 0.0865831 0.0033155 0.0865831 0.0000010 0.1123524 0.0024882 0.0000010 0.0861902 0.0852130 3.6435782 1.7397185 0.0033169 0.0890414 0.0900325 0.0016536 0.0871736 3.6435782 0.0024850 0.0016546 0.0865056 0.1142679 0.0016537 0.1075691 0.0871445 
BD143114_Megalocytivirus_pagrus1_RSIV                    0.0868899 0.0882068 0.0858536 0.0868899 0.0881322 0.0202259 0.0868899 0.1053906 0.0889609 0.0172381 0.0210441 0.0890414 0.0000000 0.0202259 0.0890414 0.0218633 0.0889245 0.0218633 0.0890414 0.1241023 0.0880616 0.0890414 0.0210441 0.0202237 3.7810200 1.8929208 0.0889609 0.0000010 0.0007838 0.0890257 0.0218660 3.7810200 0.0879376 0.0868899 0.0235415 0.1089749 0.0890437 0.1153292 0.0218600 
MW139932_Megalocytivirus_pagrus1_RSIV                    0.0850620 0.0863642 0.0840338 0.0850620 0.0862915 0.0000010 0.0850620 0.1019522 0.0871181 0.0056357 0.0007855 0.0871963 0.0202259 0.0000000 0.0871963 0.0015719 0.0870825 0.0015719 0.0871963 0.1231636 0.0862226 0.0871963 0.0007855 0.0015721 3.7298616 1.8844142 0.0871181 0.0202259 0.0210470 0.0871811 0.0015721 3.7298616 0.0861018 0.0850620 0.0031519 0.1149562 0.0871983 0.1137185 0.0015717 
OP896201_Megalocytivirus_pagrus1_ISKNV                   0.0016533 0.0033214 0.0024837 0.0016546 0.0033189 0.0871963 0.0016533 0.0371045 0.0033144 0.0895983 0.0861902 0.0000010 0.0890414 0.0871963 0.0000000 0.0865831 0.0033130 0.0865831 0.0000010 0.1123524 0.0024863 0.0000010 0.0861902 0.0852130 3.6435782 1.7368928 0.0033144 0.0890414 0.0900325 0.0016523 0.0871736 3.6435782 0.0024831 0.0016546 0.0865056 0.1142679 0.0016524 0.1075691 0.0871445 
ON740976_Megalocytivirus_pagrus1_RSIV                    0.0844461 0.0857485 0.0834165 0.0844461 0.0856761 0.0015719 0.0844461 0.1013421 0.0865053 0.0040200 0.0007852 0.0865831 0.0218633 0.0015719 0.0865831 0.0000000 0.0864698 0.0000010 0.0865831 0.1231175 0.0856076 0.0865831 0.0007852 0.0015715 3.7259114 1.8842841 0.0865053 0.0218633 0.0226859 0.0865679 0.0015715 3.7259114 0.0854874 0.0844461 0.0015738 0.1149104 0.0865849 0.1136749 0.0015710 
ON212400_Megalocytivirus_pagrus1_ISKNV                   0.0016515 0.0033177 0.0024810 0.0016527 0.0033152 0.0870825 0.0016515 0.0361272 0.0033107 0.0894807 0.0860778 0.0033155 0.0889245 0.0870825 0.0033130 0.0864698 0.0000000 0.0864698 0.0033130 0.1121977 0.0024835 0.0033155 0.0860778 0.0851019 3.6526313 1.7306680 0.0033107 0.0889245 0.0899142 0.0033125 0.0870598 3.6526313 0.0024804 0.0016527 0.0863926 0.1128785 0.0033126 0.1074210 0.0870308 
KC244182_Megalocytivirus_pagrus1_RSIV                    0.0844461 0.0857485 0.0834165 0.0844461 0.0856761 0.0015719 0.0844461 0.1013421 0.0865053 0.0040200 0.0007852 0.0865831 0.0218633 0.0015719 0.0865831 0.0000010 0.0864698 0.0000000 0.0865831 0.1231175 0.0856076 0.0865831 0.0007852 0.0015715 3.7259114 1.8842841 0.0865053 0.0218633 0.0226859 0.0865679 0.0015715 3.7259114 0.0854874 0.0844461 0.0015738 0.1149104 0.0865849 0.1136749 0.0015710 
OR536350_Megalocytivirus_pagrus1_ISKNV                   0.0016533 0.0033214 0.0024837 0.0016546 0.0033189 0.0871963 0.0016533 0.0371045 0.0033144 0.0895983 0.0861902 0.0000010 0.0890414 0.0871963 0.0000010 0.0865831 0.0033130 0.0865831 0.0000000 0.1123524 0.0024863 0.0000010 0.0861902 0.0852130 3.6435782 1.7368928 0.0033144 0.0890414 0.0900325 0.0016523 0.0871736 3.6435782 0.0024831 0.0016546 0.0865056 0.1142679 0.0016524 0.1075691 0.0871445 
MG570132_Megalocytivirus_pagrus1_TRBIV                   0.1100272 0.1097577 0.1093090 0.1100272 0.1096614 0.1231636 0.1100272 0.1364782 0.1101383 0.1218714 0.1220657 0.1123524 0.1241023 0.1231636 0.1123524 0.1231175 0.1121977 0.1231175 0.1123524 0.0000000 0.1113150 0.1123524 0.1220657 0.1210115 3.5864917 1.7800099 0.1101383 0.1241023 0.1251746 0.1123319 0.1231325 3.5864917 0.1111523 0.1100272 0.1208632 0.0685397 0.1123605 0.0042131 0.1230874 
MK689685_Megalocytivirus_pagrus1_ISKNV                   0.0008263 0.0024899 0.0016550 0.0008269 0.0024880 0.0862226 0.0008263 0.0362025 0.0024846 0.0886188 0.0852179 0.0024882 0.0880616 0.0862226 0.0024863 0.0856076 0.0024835 0.0856076 0.0024863 0.1113150 0.0000000 0.0024882 0.0852179 0.0842418 3.6468478 1.7320379 0.0024846 0.0880616 0.0890515 0.0024859 0.0862001 3.6468478 0.0016546 0.0008269 0.0855311 0.1117957 0.0024860 0.1065343 0.0861714 
23043610005_Megalocytivirus_pagrus1_ISKNV                0.0016546 0.0033214 0.0024857 0.0016546 0.0033189 0.0871963 0.0016546 0.0371345 0.0033169 0.0895983 0.0861902 0.0000010 0.0890414 0.0871963 0.0000010 0.0865831 0.0033155 0.0865831 0.0000010 0.1123524 0.0024882 0.0000000 0.0861902 0.0852130 3.6435782 1.7397185 0.0033169 0.0890414 0.0900325 0.0016536 0.0871736 3.6435782 0.0024850 0.0016546 0.0865056 0.1142679 0.0016537 0.1075691 0.0871445 
AP017456_Megalocytivirus_pagrus1_RSIV                    0.0840610 0.0853578 0.0830351 0.0840610 0.0852860 0.0007855 0.0840610 0.1008870 0.0861130 0.0048262 0.0000010 0.0861902 0.0210441 0.0007855 0.0861902 0.0007852 0.0860778 0.0007852 0.0861902 0.1220657 0.0852179 0.0861902 0.0000000 0.0007853 3.7180847 1.8842841 0.0861130 0.0210441 0.0218660 0.0861751 0.0007853 3.7180847 0.0850986 0.0840610 0.0023618 0.1138231 0.0861920 0.1126345 0.0007851 
MW883598_Megalocytivirus_pagrus1_RSIV                    0.0830881 0.0843800 0.0820641 0.0830881 0.0843090 0.0015721 0.0830881 0.0998568 0.0851368 0.0056342 0.0007853 0.0852130 0.0202237 0.0015721 0.0852130 0.0015715 0.0851019 0.0015715 0.0852130 0.1210115 0.0842418 0.0852130 0.0007853 0.0000000 3.7092418 1.8834687 0.0851368 0.0202237 0.0210446 0.0851981 0.0015717 3.7092418 0.0841239 0.0830881 0.0031511 0.1127316 0.0852146 0.1115898 0.0015713 
MN562489_Megalocytivirus_lates1_SDDV                     3.6281858 3.6329924 3.6281858 3.6281858 3.6329924 3.7298616 3.6281858 3.7522468 3.6239704 3.7759599 3.7180847 3.6435782 3.7810200 3.7298616 3.6435782 3.7259114 3.6526313 3.7259114 3.6435782 3.5864917 3.6468478 3.6435782 3.7180847 3.7092418 0.0000000 4.5656695 3.6239704 3.7810200 3.7810200 3.6358221 3.7069232 0.0000010 3.6424969 3.6281858 3.7202931 3.6869433 3.6435782 3.6118957 3.7242795 
PQ335173_PQ335174_Threespine_stickleback_iridovirus_TSIV 1.7312797 1.7305967 1.7257115 1.7340947 1.7319337 1.8844142 1.7312797 1.8042519 1.7316809 1.8787393 1.8842841 1.7397185 1.8929208 1.8844142 1.7368928 1.8842841 1.7306680 1.8842841 1.7368928 1.7800099 1.7320379 1.7397185 1.8842841 1.8834687 4.5656695 0.0000000 1.7316809 1.8929208 1.8946769 1.7373538 1.8828552 4.5656695 1.7359705 1.7340947 1.8765799 1.7282271 1.7384846 1.7671428 1.8856333 
OR670976_Megalocytivirus_pagrus1_ISKNV                   0.0016522 0.0033191 0.0024820 0.0016534 0.0033166 0.0871181 0.0016522 0.0370750 0.0000010 0.0895173 0.0861130 0.0033169 0.0889609 0.0871181 0.0033144 0.0865053 0.0033107 0.0865053 0.0033144 0.1101383 0.0024846 0.0033169 0.0861130 0.0851368 3.6239704 1.7316809 0.0000000 0.0889609 0.0899510 0.0033139 0.0870954 3.6239704 0.0024814 0.0016534 0.0844527 0.1119153 0.0033140 0.1053657 0.0870664 
MK098187_Megalocytivirus_pagrus1_RSIV                    0.0868899 0.0882068 0.0858536 0.0868899 0.0881322 0.0202259 0.0868899 0.1053906 0.0889609 0.0172381 0.0210441 0.0890414 0.0000010 0.0202259 0.0890414 0.0218633 0.0889245 0.0218633 0.0890414 0.1241023 0.0880616 0.0890414 0.0210441 0.0202237 3.7810200 1.8929208 0.0889609 0.0000000 0.0007838 0.0890257 0.0218660 3.7810200 0.0879376 0.0868899 0.0235415 0.1089749 0.0890437 0.1153292 0.0218600 
MK098186_Megalocytivirus_pagrus1_RSIV                    0.0878765 0.0891984 0.0868381 0.0878765 0.0891229 0.0210470 0.0878765 0.1064355 0.0899510 0.0180694 0.0218660 0.0900325 0.0007838 0.0210470 0.0900325 0.0226859 0.0899142 0.0226859 0.0900325 0.1251746 0.0890515 0.0900325 0.0218660 0.0210446 3.7810200 1.8946769 0.0899510 0.0007838 0.0000000 0.0900166 0.0226888 3.7810200 0.0889261 0.0878765 0.0243672 0.1100724 0.0900350 0.1163902 0.0226826 
MW273354_Megalocytivirus_pagrus1_ISKNV                   0.0016531 0.0033209 0.0024834 0.0016543 0.0033184 0.0871811 0.0016531 0.0370983 0.0033139 0.0895826 0.0861751 0.0016536 0.0890257 0.0871811 0.0016523 0.0865679 0.0033125 0.0865679 0.0016523 0.1123319 0.0024859 0.0016536 0.0861751 0.0851981 3.6358221 1.7373538 0.0033139 0.0890257 0.0900166 0.0000000 0.0871583 3.6358221 0.0024827 0.0016543 0.0864905 0.1142457 0.0016521 0.1075494 0.0871293 
ON743042_Megalocytivirus_pagrus1_RSIV                    0.0850398 0.0863416 0.0840118 0.0850398 0.0862689 0.0015721 0.0850398 0.1019253 0.0870954 0.0056341 0.0007853 0.0871736 0.0218660 0.0015721 0.0871736 0.0015715 0.0870598 0.0015715 0.0871736 0.1231325 0.0862001 0.0871736 0.0007853 0.0015717 3.7069232 1.8828552 0.0870954 0.0218660 0.0226888 0.0871583 0.0000000 3.7069232 0.0860794 0.0850398 0.0031510 0.1127487 0.0871755 0.1136892 0.0015712 
MT521409_Megalocytivirus_lates1_SDDV                     3.6281858 3.6329924 3.6281858 3.6281858 3.6329924 3.7298616 3.6281858 3.7522468 3.6239704 3.7759599 3.7180847 3.6435782 3.7810200 3.7298616 3.6435782 3.7259114 3.6526313 3.7259114 3.6435782 3.5864917 3.6468478 3.6435782 3.7180847 3.7092418 0.0000010 4.5656695 3.6239704 3.7810200 3.7810200 3.6358221 3.7069232 0.0000000 3.6424969 3.6281858 3.7202931 3.6869433 3.6435782 3.6118957 3.7242795 
MW883594_Megalocytivirus_pagrus1_ISKNV                   0.0008252 0.0024867 0.0016529 0.0008258 0.0024848 0.0861018 0.0008252 0.0361536 0.0024814 0.0884941 0.0850986 0.0024850 0.0879376 0.0861018 0.0024831 0.0854874 0.0024804 0.0854874 0.0024831 0.1111523 0.0016546 0.0024850 0.0850986 0.0841239 3.6424969 1.7359705 0.0024814 0.0879376 0.0889261 0.0024827 0.0860794 3.6424969 0.0000000 0.0008258 0.0854111 0.1129912 0.0024828 0.1063783 0.0860507 
MW883596_Megalocytivirus_pagrus1_ISKNV                   0.0000010 0.0016557 0.0008260 0.0000010 0.0016544 0.0850620 0.0000010 0.0352536 0.0016534 0.0874465 0.0840610 0.0016546 0.0868899 0.0850620 0.0016546 0.0844461 0.0016527 0.0844461 0.0016546 0.1100272 0.0008269 0.0016546 0.0840610 0.0830881 3.6281858 1.7340947 0.0016534 0.0868899 0.0878765 0.0016543 0.0850398 3.6281858 0.0008258 0.0000000 0.0843708 0.1117957 0.0016544 0.1052591 0.0850116 
OK042109_Megalocytivirus_pagrus1_RSIV                    0.0843708 0.0856717 0.0833422 0.0843708 0.0855995 0.0031519 0.0843708 0.1012478 0.0844527 0.0056428 0.0023618 0.0865056 0.0235415 0.0031519 0.0865056 0.0015738 0.0863926 0.0015738 0.0865056 0.1208632 0.0855311 0.0865056 0.0023618 0.0031511 3.7202931 1.8765799 0.0844527 0.0235415 0.0243672 0.0864905 0.0031510 3.7202931 0.0854111 0.0843708 0.0000000 0.1125862 0.0865075 0.1114519 0.0031502 
GQ273492_Megalocytivirus_pagrus1_TRBIV                   0.1117957 0.1131025 0.1106066 0.1117957 0.1131025 0.1149562 0.1117957 0.1332462 0.1119153 0.1128158 0.1138231 0.1142679 0.1089749 0.1149562 0.1142679 0.1149104 0.1128785 0.1149104 0.1142679 0.0685397 0.1117957 0.1142679 0.1138231 0.1127316 3.6869433 1.7282271 0.1119153 0.1089749 0.1100724 0.1142457 0.1127487 3.6869433 0.1129912 0.1117957 0.1125862 0.0000000 0.1142770 0.0657712 0.1148820 
MW883602_Megalocytivirus_pagrus1_ISKNV                   0.0016531 0.0033211 0.0024835 0.0016544 0.0033185 0.0871983 0.0016531 0.0371021 0.0033140 0.0896007 0.0861920 0.0016537 0.0890437 0.0871983 0.0016524 0.0865849 0.0033126 0.0865849 0.0016524 0.1123605 0.0024860 0.0016537 0.0861920 0.0852146 3.6435782 1.7384846 0.0033140 0.0890437 0.0900350 0.0016521 0.0871755 3.6435782 0.0024828 0.0016544 0.0865075 0.1142770 0.0000000 0.1075758 0.0871464 
MG570131_Megalocytivirus_pagrus1_TRBIV                   0.1052591 0.1049951 0.1045515 0.1052591 0.1049029 0.1137185 0.1052591 0.1304576 0.1053657 0.1131565 0.1126345 0.1075691 0.1153292 0.1137185 0.1075691 0.1136749 0.1074210 0.1136749 0.1075691 0.0042131 0.1065343 0.1075691 0.1126345 0.1115898 3.6118957 1.7671428 0.1053657 0.1153292 0.1163902 0.1075494 0.1136892 3.6118957 0.1063783 0.1052591 0.1114519 0.0657712 0.1075758 0.0000000 0.1136481 
KT804738_Megalocytivirus_pagrus1_RSIV                    0.0850116 0.0863128 0.0839840 0.0850116 0.0862402 0.0015717 0.0850116 0.1018892 0.0870664 0.0056326 0.0007851 0.0871445 0.0218600 0.0015717 0.0871445 0.0015710 0.0870308 0.0015710 0.0871445 0.1230874 0.0861714 0.0871445 0.0007851 0.0015713 3.7242795 1.8856333 0.0870664 0.0218600 0.0226826 0.0871293 0.0015712 3.7242795 0.0860507 0.0850116 0.0031502 0.1148820 0.0871464 0.1136481 0.0000000 
