23
AP017456_Megalocytivirus_pagrus1_RSIV     0.0000000 0.2219298 0.2574862 0.2574862 0.1129132 0.2689214 0.2026533 0.0000010 0.2689214 0.1140793 0.2684806 0.1129132 0.2310126 0.2406695 0.0629136 0.0629136 0.2406695 0.2801512 0.0708511 0.0076798 0.2219298 0.2542668 0.2777092 
MG570132_Megalocytivirus_pagrus1_TRBIV    0.2219298 0.0000000 0.2481977 0.2481977 0.1642808 0.2594647 0.2365659 0.2219298 0.2594647 0.3814192 0.2521428 0.1642808 0.2363462 0.2461739 0.2181651 0.2181651 0.2461739 0.2636388 0.2265186 0.2110243 0.0000010 0.1051854 0.2682095 
MW273354_Megalocytivirus_pagrus1_ISKNV    0.2574862 0.2481977 0.0000000 0.0000010 0.2345756 0.0077963 0.0472499 0.2574862 0.0077963 0.4125094 0.0077862 0.2345756 0.0820664 0.0906070 0.2529744 0.2529744 0.0906070 0.0157224 0.2612956 0.2460915 0.2481977 0.2679603 0.0156206 
PP151097_Megalocytivirus_pagrus1_ISKNV    0.2574862 0.2481977 0.0000010 0.0000000 0.2345756 0.0077963 0.0472499 0.2574862 0.0077963 0.4125094 0.0077862 0.2345756 0.0820664 0.0906070 0.2529744 0.2529744 0.0906070 0.0157224 0.2612956 0.2460915 0.2481977 0.2679603 0.0156206 
OL774654_Megalocytivirus_pagrus1_RSIV     0.1129132 0.1642808 0.2345756 0.2345756 0.0000000 0.2454620 0.1988829 0.1129132 0.2454620 0.2381117 0.2450756 0.0000010 0.2227051 0.2322539 0.0629735 0.0629735 0.2322539 0.2561773 0.0709165 0.1045255 0.1642808 0.1860266 0.2540386 
MW883594_Megalocytivirus_pagrus1_ISKNV    0.2689214 0.2594647 0.0077963 0.0077963 0.2454620 0.0000000 0.0556622 0.2689214 0.0000010 0.4275587 0.0157224 0.2454620 0.0911551 0.0998208 0.2641134 0.2641134 0.0998208 0.0077830 0.2725027 0.2572515 0.2594647 0.2795587 0.0077336 
KT781098_Megalocytivirus_pagrus1_ISKNV    0.2026533 0.2365659 0.0472499 0.0472499 0.1988829 0.0556622 0.0000000 0.2026533 0.0556622 0.3487574 0.0555875 0.1988829 0.1335086 0.1424099 0.2169455 0.2169455 0.1424099 0.0641560 0.2252620 0.1920762 0.2365659 0.2494363 0.0637160 
MK689686_Megalocytivirus_pagrus1_RSIV     0.0000010 0.2219298 0.2574862 0.2574862 0.1129132 0.2689214 0.2026533 0.0000000 0.2689214 0.1140793 0.2684806 0.1129132 0.2310126 0.2406695 0.0629136 0.0629136 0.2406695 0.2801512 0.0708511 0.0076798 0.2219298 0.2542668 0.2777092 
23043610003_Megalocytivirus_pagrus1_ISKNV 0.2689214 0.2594647 0.0077963 0.0077963 0.2454620 0.0000010 0.0556622 0.2689214 0.0000000 0.4275587 0.0157224 0.2454620 0.0911551 0.0998208 0.2641134 0.2641134 0.0998208 0.0077830 0.2725027 0.2572515 0.2594647 0.2795587 0.0077336 
KC244182_Megalocytivirus_pagrus1_RSIV     0.1140793 0.3814192 0.4125094 0.4125094 0.2381117 0.4275587 0.3487574 0.1140793 0.4275587 0.0000000 0.4266802 0.2381117 0.3925721 0.4048055 0.1785857 0.1785857 0.4048055 0.4420981 0.1875567 0.1232189 0.3814192 0.4244688 0.4372026 
MW883601_Megalocytivirus_pagrus1_ISKNV    0.2684806 0.2521428 0.0077862 0.0077862 0.2450756 0.0157224 0.0555875 0.2684806 0.0157224 0.4266802 0.0000000 0.2450756 0.0910258 0.0996780 0.2636911 0.2636911 0.0996780 0.0077994 0.2720658 0.2568382 0.2521428 0.2790959 0.0236261 
MW139932_Megalocytivirus_pagrus1_RSIV     0.1129132 0.1642808 0.2345756 0.2345756 0.0000010 0.2454620 0.1988829 0.1129132 0.2454620 0.2381117 0.2450756 0.0000000 0.2227051 0.2322539 0.0629735 0.0629735 0.2322539 0.2561773 0.0709165 0.1045255 0.1642808 0.1860266 0.2540386 
OP009387_Megalocytivirus_pagrus1_ISKNV    0.2310126 0.2363462 0.0820664 0.0820664 0.2227051 0.0911551 0.1335086 0.2310126 0.0911551 0.3925721 0.0910258 0.2227051 0.0000000 0.0077552 0.2270511 0.2270511 0.0077552 0.1002856 0.2354197 0.2199545 0.2363462 0.2563920 0.0995521 
MW883595_Megalocytivirus_pagrus1_ISKNV    0.2406695 0.2461739 0.0906070 0.0906070 0.2322539 0.0998208 0.1424099 0.2406695 0.0998208 0.4048055 0.0996780 0.2322539 0.0077552 0.0000000 0.2364867 0.2364867 0.0000010 0.1090677 0.2448851 0.2294278 0.2461739 0.2664297 0.1082613 
MK098187_Megalocytivirus_pagrus1_RSIV     0.0629136 0.2181651 0.2529744 0.2529744 0.0629735 0.2641134 0.2169455 0.0629136 0.2641134 0.1785857 0.2636911 0.0629735 0.2270511 0.2364867 0.0000000 0.0000010 0.2364867 0.2750503 0.0076652 0.0548767 0.2181651 0.2538477 0.2727132 
MK098185_Megalocytivirus_pagrus1_RSIV     0.0629136 0.2181651 0.2529744 0.2529744 0.0629735 0.2641134 0.2169455 0.0629136 0.2641134 0.1785857 0.2636911 0.0629735 0.2270511 0.2364867 0.0000010 0.0000000 0.2364867 0.2750503 0.0076652 0.0548767 0.2181651 0.2538477 0.2727132 
MN432490_Megalocytivirus_pagrus1_ISKNV    0.2406695 0.2461739 0.0906070 0.0906070 0.2322539 0.0998208 0.1424099 0.2406695 0.0998208 0.4048055 0.0996780 0.2322539 0.0077552 0.0000010 0.2364867 0.2364867 0.0000000 0.1090677 0.2448851 0.2294278 0.2461739 0.2664297 0.1082613 
MW883599_Megalocytivirus_pagrus1_ISKNV    0.2801512 0.2636388 0.0157224 0.0157224 0.2561773 0.0077830 0.0641560 0.2801512 0.0077830 0.4420981 0.0077994 0.2561773 0.1002856 0.1090677 0.2750503 0.2750503 0.1090677 0.0000000 0.2834928 0.2682228 0.2636388 0.2909315 0.0155941 
OQ475017_Megalocytivirus_pagrus1_RSIV     0.0708511 0.2265186 0.2612956 0.2612956 0.0709165 0.2725027 0.2252620 0.0708511 0.2725027 0.1875567 0.2720658 0.0709165 0.2354197 0.2448851 0.0076652 0.0076652 0.2448851 0.2834928 0.0000000 0.0627838 0.2265186 0.2625357 0.2810753 
MW883598_Megalocytivirus_pagrus1_RSIV     0.0076798 0.2110243 0.2460915 0.2460915 0.1045255 0.2572515 0.1920762 0.0076798 0.2572515 0.1232189 0.2568382 0.1045255 0.2199545 0.2294278 0.0548767 0.0548767 0.2294278 0.2682228 0.0627838 0.0000000 0.2110243 0.2426180 0.2659341 
MG570131_Megalocytivirus_pagrus1_TRBIV    0.2219298 0.0000010 0.2481977 0.2481977 0.1642808 0.2594647 0.2365659 0.2219298 0.2594647 0.3814192 0.2521428 0.1642808 0.2363462 0.2461739 0.2181651 0.2181651 0.2461739 0.2636388 0.2265186 0.2110243 0.0000000 0.1051854 0.2682095 
GQ273492_Megalocytivirus_pagrus1_TRBIV    0.2542668 0.1051854 0.2679603 0.2679603 0.1860266 0.2795587 0.2494363 0.2542668 0.2795587 0.4244688 0.2790959 0.1860266 0.2563920 0.2664297 0.2538477 0.2538477 0.2664297 0.2909315 0.2625357 0.2426180 0.1051854 0.0000000 0.2883666 
23043610005_Megalocytivirus_pagrus1_ISKNV 0.2777092 0.2682095 0.0156206 0.0156206 0.2540386 0.0077336 0.0637160 0.2777092 0.0077336 0.4372026 0.0236261 0.2540386 0.0995521 0.1082613 0.2727132 0.2727132 0.1082613 0.0155941 0.2810753 0.2659341 0.2682095 0.2883666 0.0000000 
