21
MK637631_European_chub_iridovirus_ECIV                   0.0000000 0.8459301 0.8438497 0.8533791 0.8459301 0.8533791 0.3627618 0.8587078 0.8587078 0.8044223 0.8044223 0.8449300 0.8438497 0.3627618 0.8543233 0.8469684 0.8272271 0.8272271 0.8543233 0.8510002 0.8256264 
OK042108_Megalocytivirus_pagrus1_RSIV                    0.8459301 0.0000000 0.0394585 0.0358443 0.0000010 0.0358443 0.9620035 0.0063806 0.0063806 0.0394710 0.0394710 0.4160802 0.0394585 0.9620035 0.0095968 0.0360388 0.0095590 0.0095590 0.0095968 0.0433313 0.0291197 
MW883595_Megalocytivirus_pagrus1_ISKNV                   0.8438497 0.0394585 0.0000000 0.0064037 0.0394585 0.0064037 0.9631430 0.0429948 0.0429948 0.0465137 0.0465137 0.4011479 0.0000010 0.9631430 0.0464241 0.0064377 0.0463944 0.0463944 0.0464241 0.0031896 0.0463747 
MW883603_Megalocytivirus_pagrus1_ISKNV                   0.8533791 0.0358443 0.0064037 0.0000000 0.0358443 0.0000010 0.9670813 0.0393286 0.0393286 0.0431137 0.0431137 0.4110538 0.0064037 0.9670813 0.0427183 0.0000010 0.0391983 0.0391983 0.0427183 0.0097369 0.0391816 
ON740976_Megalocytivirus_pagrus1_RSIV                    0.8459301 0.0000010 0.0394585 0.0358443 0.0000000 0.0358443 0.9620035 0.0063806 0.0063806 0.0394710 0.0394710 0.4160802 0.0394585 0.9620035 0.0095968 0.0360388 0.0095590 0.0095590 0.0095968 0.0433313 0.0291197 
KT781098_Megalocytivirus_pagrus1_ISKNV                   0.8533791 0.0358443 0.0064037 0.0000010 0.0358443 0.0000000 0.9670813 0.0393286 0.0393286 0.0431137 0.0431137 0.4110538 0.0064037 0.9670813 0.0427183 0.0000010 0.0391983 0.0391983 0.0427183 0.0097369 0.0391816 
MN562489_Megalocytivirus_lates1_SDDV                     0.3627618 0.9620035 0.9631430 0.9670813 0.9620035 0.9670813 0.0000000 0.9628440 0.9628440 0.9526848 0.9526848 0.9035506 0.9631430 0.0000010 0.9580243 0.9605574 0.9464046 0.9464046 0.9580243 0.9666644 0.9578315 
MW883598_Megalocytivirus_pagrus1_RSIV                    0.8587078 0.0063806 0.0429948 0.0393286 0.0063806 0.0393286 0.9628440 0.0000000 0.0000010 0.0430086 0.0430086 0.4145543 0.0429948 0.9628440 0.0031857 0.0395434 0.0160587 0.0160587 0.0031857 0.0469376 0.0325412 
AP017456_Megalocytivirus_pagrus1_RSIV                    0.8587078 0.0063806 0.0429948 0.0393286 0.0063806 0.0393286 0.9628440 0.0000010 0.0000000 0.0430086 0.0430086 0.4145543 0.0429948 0.9628440 0.0031857 0.0395434 0.0160587 0.0160587 0.0031857 0.0469376 0.0325412 
MG570131_Megalocytivirus_pagrus1_TRBIV                   0.8044223 0.0394710 0.0465137 0.0431137 0.0394710 0.0431137 0.9526848 0.0430086 0.0430086 0.0000000 0.0000010 0.3940683 0.0465137 0.9526848 0.0464390 0.0433523 0.0326077 0.0326077 0.0464390 0.0505206 0.0194020 
MG570132_Megalocytivirus_pagrus1_TRBIV                   0.8044223 0.0394710 0.0465137 0.0431137 0.0394710 0.0431137 0.9526848 0.0430086 0.0430086 0.0000010 0.0000000 0.3940683 0.0465137 0.9526848 0.0464390 0.0433523 0.0326077 0.0326077 0.0464390 0.0505206 0.0194020 
PQ335173_PQ335174_Threespine_stickleback_iridovirus_TSIV 0.8449300 0.4160802 0.4011479 0.4110538 0.4160802 0.4110538 0.9035506 0.4145543 0.4145543 0.3940683 0.3940683 0.0000000 0.4011479 0.9035506 0.4123982 0.4052561 0.4133443 0.4133443 0.4123982 0.4122508 0.4064425 
MN432490_Megalocytivirus_pagrus1_ISKNV                   0.8438497 0.0394585 0.0000010 0.0064037 0.0394585 0.0064037 0.9631430 0.0429948 0.0429948 0.0465137 0.0465137 0.4011479 0.0000000 0.9631430 0.0464241 0.0064377 0.0463944 0.0463944 0.0464241 0.0031896 0.0463747 
MT521409_Megalocytivirus_lates1_SDDV                     0.3627618 0.9620035 0.9631430 0.9670813 0.9620035 0.9670813 0.0000010 0.9628440 0.9628440 0.9526848 0.9526848 0.9035506 0.9631430 0.0000000 0.9580243 0.9605574 0.9464046 0.9464046 0.9580243 0.9666644 0.9578315 
AY894343_Megalocytivirus_pagrus1_RSIV                    0.8543233 0.0095968 0.0464241 0.0427183 0.0095968 0.0427183 0.9580243 0.0031857 0.0031857 0.0464390 0.0464390 0.4123982 0.0464241 0.9580243 0.0000000 0.0429524 0.0193222 0.0193222 0.0000010 0.0504226 0.0358901 
MW273353_Megalocytivirus_pagrus1_ISKNV                   0.8469684 0.0360388 0.0064377 0.0000010 0.0360388 0.0000010 0.9605574 0.0395434 0.0395434 0.0433523 0.0433523 0.4052561 0.0064377 0.9605574 0.0429524 0.0000000 0.0394118 0.0394118 0.0429524 0.0097892 0.0393948 
OL774655_Megalocytivirus_pagrus1_RSIV                    0.8272271 0.0095590 0.0463944 0.0391983 0.0095590 0.0391983 0.9464046 0.0160587 0.0160587 0.0326077 0.0326077 0.4133443 0.0463944 0.9464046 0.0193222 0.0394118 0.0000000 0.0000010 0.0193222 0.0503899 0.0192292 
OL774653_Megalocytivirus_pagrus1_RSIV                    0.8272271 0.0095590 0.0463944 0.0391983 0.0095590 0.0391983 0.9464046 0.0160587 0.0160587 0.0326077 0.0326077 0.4133443 0.0463944 0.9464046 0.0193222 0.0394118 0.0000010 0.0000000 0.0193222 0.0503899 0.0192292 
KC244182_Megalocytivirus_pagrus1_RSIV                    0.8543233 0.0095968 0.0464241 0.0427183 0.0095968 0.0427183 0.9580243 0.0031857 0.0031857 0.0464390 0.0464390 0.4123982 0.0464241 0.9580243 0.0000010 0.0429524 0.0193222 0.0193222 0.0000000 0.0504226 0.0358901 
OP009387_Megalocytivirus_pagrus1_ISKNV                   0.8510002 0.0433313 0.0031896 0.0097369 0.0433313 0.0097369 0.9666644 0.0469376 0.0469376 0.0505206 0.0505206 0.4122508 0.0031896 0.9666644 0.0504226 0.0097892 0.0503899 0.0503899 0.0504226 0.0000000 0.0503685 
GQ273492_Megalocytivirus_pagrus1_TRBIV                   0.8256264 0.0291197 0.0463747 0.0391816 0.0291197 0.0391816 0.9578315 0.0325412 0.0325412 0.0194020 0.0194020 0.4064425 0.0463747 0.9578315 0.0358901 0.0393948 0.0192292 0.0192292 0.0358901 0.0503685 0.0000000 
