20
OK042108_Megalocytivirus_pagrus1_RSIV                    0.0000000 0.0393851 0.0357718 0.0000010 0.0357718 1.0223308 0.0063589 0.0063589 0.0394083 0.0394083 0.4287154 0.0393851 1.0223308 0.0095620 0.0359798 0.0095265 0.0095265 0.0095620 0.0431909 0.0290873 
MW883595_Megalocytivirus_pagrus1_ISKNV                   0.0393851 0.0000000 0.0063803 0.0393851 0.0063803 1.0257950 0.0429461 0.0429461 0.0465705 0.0465705 0.4130489 0.0000010 1.0257950 0.0463588 0.0064166 0.0463759 0.0463759 0.0463588 0.0031694 0.0464627 
MW883603_Megalocytivirus_pagrus1_ISKNV                   0.0357718 0.0063803 0.0000000 0.0357718 0.0000010 1.0257412 0.0392774 0.0392774 0.0431659 0.0431659 0.4250706 0.0063803 1.0257412 0.0426513 0.0000010 0.0391342 0.0391342 0.0426513 0.0096870 0.0392060 
ON740976_Megalocytivirus_pagrus1_RSIV                    0.0000010 0.0393851 0.0357718 0.0000000 0.0357718 1.0223308 0.0063589 0.0063589 0.0394083 0.0394083 0.4287154 0.0393851 1.0223308 0.0095620 0.0359798 0.0095265 0.0095265 0.0095620 0.0431909 0.0290873 
KT781098_Megalocytivirus_pagrus1_ISKNV                   0.0357718 0.0063803 0.0000010 0.0357718 0.0000000 1.0257412 0.0392774 0.0392774 0.0431659 0.0431659 0.4250706 0.0063803 1.0257412 0.0426513 0.0000010 0.0391342 0.0391342 0.0426513 0.0096870 0.0392060 
MN562489_Megalocytivirus_lates1_SDDV                     1.0223308 1.0257950 1.0257412 1.0223308 1.0257412 0.0000000 1.0223629 1.0223629 1.0119336 1.0119336 0.9435488 1.0257950 0.0000010 1.0172340 1.0170972 1.0081682 1.0081682 1.0172340 1.0309581 1.0184204 
MW883598_Megalocytivirus_pagrus1_RSIV                    0.0063589 0.0429461 0.0392774 0.0063589 0.0392774 1.0223629 0.0000000 0.0000010 0.0429718 0.0429718 0.4267631 0.0429461 1.0223629 0.0031724 0.0395074 0.0160202 0.0160202 0.0031724 0.0468200 0.0325287 
AP017456_Megalocytivirus_pagrus1_RSIV                    0.0063589 0.0429461 0.0392774 0.0063589 0.0392774 1.0223629 0.0000010 0.0000000 0.0429718 0.0429718 0.4267631 0.0429461 1.0223629 0.0031724 0.0395074 0.0160202 0.0160202 0.0031724 0.0468200 0.0325287 
MG570131_Megalocytivirus_pagrus1_TRBIV                   0.0394083 0.0465705 0.0431659 0.0394083 0.0431659 1.0119336 0.0429718 0.0429718 0.0000000 0.0000010 0.4061608 0.0465705 1.0119336 0.0463868 0.0434224 0.0325401 0.0325401 0.0463868 0.0505125 0.0193629 
MG570132_Megalocytivirus_pagrus1_TRBIV                   0.0394083 0.0465705 0.0431659 0.0394083 0.0431659 1.0119336 0.0429718 0.0429718 0.0000010 0.0000000 0.4061608 0.0465705 1.0119336 0.0463868 0.0434224 0.0325401 0.0325401 0.0463868 0.0505125 0.0193629 
PQ335173_PQ335174_Threespine_stickleback_iridovirus_TSIV 0.4287154 0.4130489 0.4250706 0.4287154 0.4250706 0.9435488 0.4267631 0.4267631 0.4061608 0.4061608 0.0000000 0.4130489 0.9435488 0.4246435 0.4195712 0.4264965 0.4264965 0.4246435 0.4240647 0.4193735 
MN432490_Megalocytivirus_pagrus1_ISKNV                   0.0393851 0.0000010 0.0063803 0.0393851 0.0063803 1.0257950 0.0429461 0.0429461 0.0465705 0.0465705 0.4130489 0.0000000 1.0257950 0.0463588 0.0064166 0.0463759 0.0463759 0.0463588 0.0031694 0.0464627 
MT521409_Megalocytivirus_lates1_SDDV                     1.0223308 1.0257950 1.0257412 1.0223308 1.0257412 0.0000010 1.0223629 1.0223629 1.0119336 1.0119336 0.9435488 1.0257950 0.0000000 1.0172340 1.0170972 1.0081682 1.0081682 1.0172340 1.0309581 1.0184204 
AY894343_Megalocytivirus_pagrus1_RSIV                    0.0095620 0.0463588 0.0426513 0.0095620 0.0426513 1.0172340 0.0031724 0.0031724 0.0463868 0.0463868 0.4246435 0.0463588 1.0172340 0.0000000 0.0429017 0.0192714 0.0192714 0.0000010 0.0502826 0.0358673 
MW273353_Megalocytivirus_pagrus1_ISKNV                   0.0359798 0.0064166 0.0000010 0.0359798 0.0000010 1.0170972 0.0395074 0.0395074 0.0434224 0.0434224 0.4195712 0.0064166 1.0170972 0.0429017 0.0000000 0.0393625 0.0393625 0.0429017 0.0097427 0.0394352 
OL774655_Megalocytivirus_pagrus1_RSIV                    0.0095265 0.0463759 0.0391342 0.0095265 0.0391342 1.0081682 0.0160202 0.0160202 0.0325401 0.0325401 0.4264965 0.0463759 1.0081682 0.0192714 0.0393625 0.0000000 0.0000010 0.0192714 0.0503011 0.0192169 
OL774653_Megalocytivirus_pagrus1_RSIV                    0.0095265 0.0463759 0.0391342 0.0095265 0.0391342 1.0081682 0.0160202 0.0160202 0.0325401 0.0325401 0.4264965 0.0463759 1.0081682 0.0192714 0.0393625 0.0000010 0.0000000 0.0192714 0.0503011 0.0192169 
KC244182_Megalocytivirus_pagrus1_RSIV                    0.0095620 0.0463588 0.0426513 0.0095620 0.0426513 1.0172340 0.0031724 0.0031724 0.0463868 0.0463868 0.4246435 0.0463588 1.0172340 0.0000010 0.0429017 0.0192714 0.0192714 0.0000000 0.0502826 0.0358673 
OP009387_Megalocytivirus_pagrus1_ISKNV                   0.0431909 0.0031694 0.0096870 0.0431909 0.0096870 1.0309581 0.0468200 0.0468200 0.0505125 0.0505125 0.4240647 0.0031694 1.0309581 0.0502826 0.0097427 0.0503011 0.0503011 0.0502826 0.0000000 0.0503967 
GQ273492_Megalocytivirus_pagrus1_TRBIV                   0.0290873 0.0464627 0.0392060 0.0290873 0.0392060 1.0184204 0.0325287 0.0325287 0.0193629 0.0193629 0.4193735 0.0464627 1.0184204 0.0358673 0.0394352 0.0192169 0.0192169 0.0358673 0.0503967 0.0000000 
