11
OL774653_Megalocytivirus_pagrus1_RSIV     0.0000000 0.0139522 0.0139522 0.0000010 0.0140211 0.0187266 0.0187266 0.0139657 0.0187404 0.0187551 0.0140211 
MW883599_Megalocytivirus_pagrus1_ISKNV    0.0139522 0.0000000 0.0000010 0.0139522 0.0047252 0.0233783 0.0233783 0.0185968 0.0046517 0.0094792 0.0047252 
23043610005_Megalocytivirus_pagrus1_ISKNV 0.0139522 0.0000010 0.0000000 0.0139522 0.0047252 0.0233783 0.0233783 0.0185968 0.0046517 0.0094792 0.0047252 
MK098187_Megalocytivirus_pagrus1_RSIV     0.0000010 0.0139522 0.0139522 0.0000000 0.0140211 0.0187266 0.0187266 0.0139657 0.0187404 0.0187551 0.0140211 
MN432490_Megalocytivirus_pagrus1_ISKNV    0.0140211 0.0047252 0.0047252 0.0140211 0.0000000 0.0234944 0.0234944 0.0186893 0.0095194 0.0046344 0.0000010 
MG570131_Megalocytivirus_pagrus1_TRBIV    0.0187266 0.0233783 0.0233783 0.0187266 0.0234944 0.0000000 0.0000010 0.0139649 0.0282609 0.0282840 0.0234944 
MG570132_Megalocytivirus_pagrus1_TRBIV    0.0187266 0.0233783 0.0233783 0.0187266 0.0234944 0.0000010 0.0000000 0.0139649 0.0282609 0.0282840 0.0234944 
GQ273492_Megalocytivirus_pagrus1_TRBIV    0.0139657 0.0185968 0.0185968 0.0139657 0.0186893 0.0139649 0.0139649 0.0000000 0.0234185 0.0234372 0.0186893 
OR536350_Megalocytivirus_pagrus1_ISKNV    0.0187404 0.0046517 0.0046517 0.0187404 0.0095194 0.0282609 0.0282609 0.0234185 0.0000000 0.0143216 0.0095194 
OP009387_Megalocytivirus_pagrus1_ISKNV    0.0187551 0.0094792 0.0094792 0.0187551 0.0046344 0.0282840 0.0282840 0.0234372 0.0143216 0.0000000 0.0046344 
MW883595_Megalocytivirus_pagrus1_ISKNV    0.0140211 0.0047252 0.0047252 0.0140211 0.0000010 0.0234944 0.0234944 0.0186893 0.0095194 0.0046344 0.0000000 
