11
AF371960_ORF094L_refgen   0.0000000 0.0375040 0.0501074 0.0571785 0.0375040 0.0541550 0.0541550 0.0501074 0.0000010 0.0060959 0.0438212 
AY894343_MK689686.1_00091 0.0375040 0.0000000 0.0122308 0.0775988 0.0000010 0.0684600 0.0684600 0.0122308 0.0375040 0.0311554 0.0061119 
BD143114_MK689686.1_00091 0.0501074 0.0122308 0.0000000 0.0907332 0.0122308 0.0753498 0.0753498 0.0000010 0.0501074 0.0437049 0.0060923 
GQ273492_GQ273492.1_00090 0.0571785 0.0775988 0.0907332 0.0000000 0.0775988 0.0200015 0.0200015 0.0907332 0.0571785 0.0506615 0.0842007 
KC244182_MK689686.1_00091 0.0375040 0.0000010 0.0122308 0.0775988 0.0000000 0.0684600 0.0684600 0.0122308 0.0375040 0.0311554 0.0061119 
MG570131_MG570131.1_00090 0.0541550 0.0684600 0.0753498 0.0200015 0.0684600 0.0000000 0.0000010 0.0753498 0.0541550 0.0472254 0.0684600 
MG570132_MG570132.1_00090 0.0541550 0.0684600 0.0753498 0.0200015 0.0684600 0.0000010 0.0000000 0.0753498 0.0541550 0.0472254 0.0684600 
MK098185_MK689686.1_00091 0.0501074 0.0122308 0.0000010 0.0907332 0.0122308 0.0753498 0.0753498 0.0000000 0.0501074 0.0437049 0.0060923 
MK689685_ORF094L_refgen   0.0000010 0.0375040 0.0501074 0.0571785 0.0375040 0.0541550 0.0541550 0.0501074 0.0000000 0.0060959 0.0438212 
MN432490_ORF094L_refgen   0.0060959 0.0311554 0.0437049 0.0506615 0.0311554 0.0472254 0.0472254 0.0437049 0.0060959 0.0000000 0.0374432 
ON743042_MK689686.1_00091 0.0438212 0.0061119 0.0060923 0.0842007 0.0061119 0.0684600 0.0684600 0.0060923 0.0438212 0.0374432 0.0000000 
