20
MG570132_Megalocytivirus_pagrus1_TRBIV 0.0000000 0.5415722 0.5311631 0.5311631 0.3799292 0.5558458 0.4307179 0.3799292 0.1833578 0.4307179 0.5481797 0.4983071 0.5558458 0.5481797 0.0000010 0.4983071 0.5022574 0.5022574 0.5110426 0.5303218 
OR536350_Megalocytivirus_pagrus1_ISKNV 0.5415722 0.0000000 0.0089349 0.0089349 0.4242493 0.0453018 0.3152430 0.4242493 0.5267239 0.3152430 0.0180135 0.3661416 0.0453018 0.0180135 0.5415722 0.3661416 0.3731471 0.3731471 0.0452179 0.0179127 
AF371960_Megalocytivirus_pagrus1_ISKNV 0.5311631 0.0089349 0.0000000 0.0000010 0.4140414 0.0361925 0.3051631 0.4140414 0.5162369 0.3051631 0.0089933 0.3562044 0.0361925 0.0089933 0.5311631 0.3562044 0.3630710 0.3630710 0.0361247 0.0089437 
ON212400_Megalocytivirus_pagrus1_ISKNV 0.5311631 0.0089349 0.0000010 0.0000000 0.4140414 0.0361925 0.3051631 0.4140414 0.5162369 0.3051631 0.0089933 0.3562044 0.0361925 0.0089933 0.5311631 0.3562044 0.3630710 0.3630710 0.0361247 0.0089437 
OL774655_Megalocytivirus_pagrus1_RSIV  0.3799292 0.4242493 0.4140414 0.4140414 0.0000000 0.4334535 0.1392266 0.0000010 0.3478138 0.1392266 0.4287323 0.1064942 0.4334535 0.4287323 0.3799292 0.1064942 0.1164516 0.1164516 0.4275198 0.4243354 
MW883595_Megalocytivirus_pagrus1_ISKNV 0.5558458 0.0453018 0.0361925 0.0361925 0.4334535 0.0000000 0.3228556 0.4334535 0.5406209 0.3228556 0.0456116 0.3743382 0.0000010 0.0456116 0.5558458 0.3743382 0.3815531 0.3815531 0.0667029 0.0453441 
MW883598_Megalocytivirus_pagrus1_RSIV  0.4307179 0.3152430 0.3051631 0.3051631 0.1392266 0.3228556 0.0000000 0.1392266 0.4303491 0.0000010 0.3182090 0.0855636 0.3228556 0.3182090 0.4307179 0.0855636 0.0952442 0.0952442 0.3378906 0.3153845 
MW139932_Megalocytivirus_pagrus1_RSIV  0.3799292 0.4242493 0.4140414 0.4140414 0.0000010 0.4334535 0.1392266 0.0000000 0.3478138 0.1392266 0.4287323 0.1064942 0.4334535 0.4287323 0.3799292 0.1064942 0.1164516 0.1164516 0.4275198 0.4243354 
GQ273492_Megalocytivirus_pagrus1_TRBIV 0.1833578 0.5267239 0.5162369 0.5162369 0.3478138 0.5406209 0.4303491 0.3478138 0.0000000 0.4303491 0.5330929 0.4744980 0.5406209 0.5330929 0.1833578 0.4744980 0.4781161 0.4781161 0.4959127 0.5267013 
AP017456_Megalocytivirus_pagrus1_RSIV  0.4307179 0.3152430 0.3051631 0.3051631 0.1392266 0.3228556 0.0000010 0.1392266 0.4303491 0.0000000 0.3182090 0.0855636 0.3228556 0.3182090 0.4307179 0.0855636 0.0952442 0.0952442 0.3378906 0.3153845 
PP151097_Megalocytivirus_pagrus1_ISKNV 0.5481797 0.0180135 0.0089933 0.0089933 0.4287323 0.0456116 0.3182090 0.4287323 0.5330929 0.3182090 0.0000000 0.3697002 0.0456116 0.0000010 0.5481797 0.3697002 0.3768489 0.3768489 0.0455266 0.0180311 
AB104413_Megalocytivirus_pagrus1_RSIV  0.4983071 0.3661416 0.3562044 0.3562044 0.1064942 0.3743382 0.0855636 0.1064942 0.4744980 0.0855636 0.3697002 0.0000000 0.3743382 0.3697002 0.4983071 0.0000010 0.0090244 0.0090244 0.3782014 0.3662621 
MN432490_Megalocytivirus_pagrus1_ISKNV 0.5558458 0.0453018 0.0361925 0.0361925 0.4334535 0.0000010 0.3228556 0.4334535 0.5406209 0.3228556 0.0456116 0.3743382 0.0000000 0.0456116 0.5558458 0.3743382 0.3815531 0.3815531 0.0667029 0.0453441 
KT781098_Megalocytivirus_pagrus1_ISKNV 0.5481797 0.0180135 0.0089933 0.0089933 0.4287323 0.0456116 0.3182090 0.4287323 0.5330929 0.3182090 0.0000010 0.3697002 0.0456116 0.0000000 0.5481797 0.3697002 0.3768489 0.3768489 0.0455266 0.0180311 
MG570131_Megalocytivirus_pagrus1_TRBIV 0.0000010 0.5415722 0.5311631 0.5311631 0.3799292 0.5558458 0.4307179 0.3799292 0.1833578 0.4307179 0.5481797 0.4983071 0.5558458 0.5481797 0.0000000 0.4983071 0.5022574 0.5022574 0.5110426 0.5303218 
OQ475017_Megalocytivirus_pagrus1_RSIV  0.4983071 0.3661416 0.3562044 0.3562044 0.1064942 0.3743382 0.0855636 0.1064942 0.4744980 0.0855636 0.3697002 0.0000010 0.3743382 0.3697002 0.4983071 0.0000000 0.0090244 0.0090244 0.3782014 0.3662621 
MK098186_Megalocytivirus_pagrus1_RSIV  0.5022574 0.3731471 0.3630710 0.3630710 0.1164516 0.3815531 0.0952442 0.1164516 0.4781161 0.0952442 0.3768489 0.0090244 0.3815531 0.3768489 0.5022574 0.0090244 0.0000000 0.0000010 0.3854287 0.3732657 
MK098187_Megalocytivirus_pagrus1_RSIV  0.5022574 0.3731471 0.3630710 0.3630710 0.1164516 0.3815531 0.0952442 0.1164516 0.4781161 0.0952442 0.3768489 0.0090244 0.3815531 0.3768489 0.5022574 0.0090244 0.0000010 0.0000000 0.3854287 0.3732657 
OR670976_Megalocytivirus_pagrus1_ISKNV 0.5110426 0.0452179 0.0361247 0.0361247 0.4275198 0.0667029 0.3378906 0.4275198 0.4959127 0.3378906 0.0455266 0.3782014 0.0667029 0.0455266 0.5110426 0.3782014 0.3854287 0.3854287 0.0000000 0.0452601 
MW883600_Megalocytivirus_pagrus1_ISKNV 0.5303218 0.0179127 0.0089437 0.0089437 0.4243354 0.0453441 0.3153845 0.4243354 0.5267013 0.3153845 0.0180311 0.3662621 0.0453441 0.0180311 0.5303218 0.3662621 0.3732657 0.3732657 0.0452601 0.0000000 
