17
MW883601_Megalocytivirus_pagrus1_ISKNV                   0.0000000 0.0000010 2.2501801 0.0157135 0.0620062 0.0653982 2.2501801 0.0620062 0.0031099 0.0031099 0.0653982 0.0157135 1.1341519 0.0824184 0.0824184 0.0031136 0.0724944 
23043610003_Megalocytivirus_pagrus1_ISKNV                0.0000010 0.0000000 2.2501801 0.0157135 0.0620062 0.0653982 2.2501801 0.0620062 0.0031099 0.0031099 0.0653982 0.0157135 1.1341519 0.0824184 0.0824184 0.0031136 0.0724944 
OM037668_Megalocytivirus_lates1_SDDV                     2.2501801 2.2501801 0.0000000 2.2099056 2.2727201 2.2977733 0.0000010 2.2727201 2.2301311 2.2301311 2.2977733 2.2099056 3.1355130 2.3216298 2.3216298 2.2368007 2.2285419 
MW883595_Megalocytivirus_pagrus1_ISKNV                   0.0157135 0.0157135 2.2099056 0.0000000 0.0450212 0.0483315 2.2099056 0.0450212 0.0125226 0.0125226 0.0483315 0.0000010 1.1080468 0.0649551 0.0649551 0.0159306 0.0551847 
MT986830_Megalocytivirus_pagrus1_ISKNV                   0.0620062 0.0620062 2.2727201 0.0450212 0.0000000 0.0093262 2.2727201 0.0000010 0.0585088 0.0585088 0.0093262 0.0450212 1.0845439 0.0613860 0.0613860 0.0627182 0.0583110 
BD143114_Megalocytivirus_pagrus1_RSIV                    0.0653982 0.0653982 2.2977733 0.0483315 0.0093262 0.0000000 2.2977733 0.0093262 0.0618806 0.0618806 0.0000010 0.0483315 1.1015282 0.0580929 0.0580929 0.0661394 0.0616720 
MN562489_Megalocytivirus_lates1_SDDV                     2.2501801 2.2501801 0.0000010 2.2099056 2.2727201 2.2977733 0.0000000 2.2727201 2.2301311 2.2301311 2.2977733 2.2099056 3.1355130 2.3216298 2.3216298 2.2368007 2.2285419 
MW883598_Megalocytivirus_pagrus1_RSIV                    0.0620062 0.0620062 2.2727201 0.0450212 0.0000010 0.0093262 2.2727201 0.0000000 0.0585088 0.0585088 0.0093262 0.0450212 1.0845439 0.0613860 0.0613860 0.0627182 0.0583110 
PP974677_Megalocytivirus_pagrus1_ISKNV                   0.0031099 0.0031099 2.2301311 0.0125226 0.0585088 0.0618806 2.2301311 0.0585088 0.0000000 0.0000010 0.0618806 0.0125226 1.1265388 0.0788009 0.0788009 0.0031559 0.0689187 
OP009387_Megalocytivirus_pagrus1_ISKNV                   0.0031099 0.0031099 2.2301311 0.0125226 0.0585088 0.0618806 2.2301311 0.0585088 0.0000010 0.0000000 0.0618806 0.0125226 1.1265388 0.0788009 0.0788009 0.0031559 0.0689187 
OL774653_Megalocytivirus_pagrus1_RSIV                    0.0653982 0.0653982 2.2977733 0.0483315 0.0093262 0.0000010 2.2977733 0.0093262 0.0618806 0.0618806 0.0000000 0.0483315 1.1015282 0.0580929 0.0580929 0.0661394 0.0616720 
MN432490_Megalocytivirus_pagrus1_ISKNV                   0.0157135 0.0157135 2.2099056 0.0000010 0.0450212 0.0483315 2.2099056 0.0450212 0.0125226 0.0125226 0.0483315 0.0000000 1.1080468 0.0649551 0.0649551 0.0159306 0.0551847 
PQ335173_PQ335174_Threespine_stickleback_iridovirus_TSIV 1.1341519 1.1341519 3.1355130 1.1080468 1.0845439 1.1015282 3.1355130 1.0845439 1.1265388 1.1265388 1.1015282 1.1080468 0.0000000 1.1517281 1.1517281 1.1321191 1.1189405 
MG570132_Megalocytivirus_pagrus1_TRBIV                   0.0824184 0.0824184 2.3216298 0.0649551 0.0613860 0.0580929 2.3216298 0.0613860 0.0788009 0.0788009 0.0580929 0.0649551 1.1517281 0.0000000 0.0000010 0.0832950 0.0316370 
MG570131_Megalocytivirus_pagrus1_TRBIV                   0.0824184 0.0824184 2.3216298 0.0649551 0.0613860 0.0580929 2.3216298 0.0613860 0.0788009 0.0788009 0.0580929 0.0649551 1.1517281 0.0000010 0.0000000 0.0832950 0.0316370 
MK689685_Megalocytivirus_pagrus1_ISKNV                   0.0031136 0.0031136 2.2368007 0.0159306 0.0627182 0.0661394 2.2368007 0.0627182 0.0031559 0.0031559 0.0661394 0.0159306 1.1321191 0.0832950 0.0832950 0.0000000 0.0732979 
GQ273492_Megalocytivirus_pagrus1_TRBIV                   0.0724944 0.0724944 2.2285419 0.0551847 0.0583110 0.0616720 2.2285419 0.0583110 0.0689187 0.0689187 0.0616720 0.0551847 1.1189405 0.0316370 0.0316370 0.0732979 0.0000000 
