18
MK637631_European_chub_iridovirus_ECIV                   0.0000000 2.2059334 2.2059334 1.9892856 2.1907486 2.2449125 2.2855142 1.9892856 2.2449125 2.2092666 2.2092666 2.2855142 2.1907486 2.8528914 2.2656653 2.2656653 2.2068974 2.2586986 
MW883601_Megalocytivirus_pagrus1_ISKNV                   2.2059334 0.0000000 0.0000010 2.3262148 0.0157194 0.0620937 0.0654931 2.3262148 0.0620937 0.0031105 0.0031105 0.0654931 0.0157194 1.1584459 0.0825539 0.0825539 0.0031142 0.0726086 
23043610003_Megalocytivirus_pagrus1_ISKNV                2.2059334 0.0000010 0.0000000 2.3262148 0.0157194 0.0620937 0.0654931 2.3262148 0.0620937 0.0031105 0.0031105 0.0654931 0.0157194 1.1584459 0.0825539 0.0825539 0.0031142 0.0726086 
OM037668_Megalocytivirus_lates1_SDDV                     1.9892856 2.3262148 2.3262148 0.0000000 2.2837664 2.3506338 2.3771995 0.0000010 2.3506338 2.3053304 2.3053304 2.3771995 2.2837664 3.2657116 2.4029105 2.4029105 2.3123472 2.3041437 
MW883595_Megalocytivirus_pagrus1_ISKNV                   2.1907486 0.0157194 0.0157194 2.2837664 0.0000000 0.0450653 0.0483809 2.2837664 0.0450653 0.0125259 0.0125259 0.0483809 0.0000010 1.1310365 0.0650349 0.0650349 0.0159429 0.0552485 
MT986830_Megalocytivirus_pagrus1_ISKNV                   2.2449125 0.0620937 0.0620937 2.3506338 0.0450653 0.0000000 0.0093269 2.3506338 0.0000010 0.0585843 0.0585843 0.0093269 0.0450653 1.1066945 0.0614571 0.0614571 0.0628208 0.0583777 
BD143114_Megalocytivirus_pagrus1_RSIV                    2.2855142 0.0654931 0.0654931 2.3771995 0.0483809 0.0093269 0.0000000 2.3771995 0.0093269 0.0619629 0.0619629 0.0000010 0.0483809 1.1241677 0.0581575 0.0581575 0.0662499 0.0617450 
MN562489_Megalocytivirus_lates1_SDDV                     1.9892856 2.3262148 2.3262148 0.0000010 2.2837664 2.3506338 2.3771995 0.0000000 2.3506338 2.3053304 2.3053304 2.3771995 2.2837664 3.2657116 2.4029105 2.4029105 2.3123472 2.3041437 
MW883598_Megalocytivirus_pagrus1_RSIV                    2.2449125 0.0620937 0.0620937 2.3506338 0.0450653 0.0000010 0.0093269 2.3506338 0.0000000 0.0585843 0.0585843 0.0093269 0.0450653 1.1066945 0.0614571 0.0614571 0.0628208 0.0583777 
PP974677_Megalocytivirus_pagrus1_ISKNV                   2.2092666 0.0031105 0.0031105 2.3053304 0.0125259 0.0585843 0.0619629 2.3053304 0.0585843 0.0000000 0.0000010 0.0619629 0.0125259 1.1505074 0.0789207 0.0789207 0.0031575 0.0690188 
OP009387_Megalocytivirus_pagrus1_ISKNV                   2.2092666 0.0031105 0.0031105 2.3053304 0.0125259 0.0585843 0.0619629 2.3053304 0.0585843 0.0000010 0.0000000 0.0619629 0.0125259 1.1505074 0.0789207 0.0789207 0.0031575 0.0690188 
OL774653_Megalocytivirus_pagrus1_RSIV                    2.2855142 0.0654931 0.0654931 2.3771995 0.0483809 0.0093269 0.0000010 2.3771995 0.0093269 0.0619629 0.0619629 0.0000000 0.0483809 1.1241677 0.0581575 0.0581575 0.0662499 0.0617450 
MN432490_Megalocytivirus_pagrus1_ISKNV                   2.1907486 0.0157194 0.0157194 2.2837664 0.0000010 0.0450653 0.0483809 2.2837664 0.0450653 0.0125259 0.0125259 0.0483809 0.0000000 1.1310365 0.0650349 0.0650349 0.0159429 0.0552485 
PQ335173_PQ335174_Threespine_stickleback_iridovirus_TSIV 2.8528914 1.1584459 1.1584459 3.2657116 1.1310365 1.1066945 1.1241677 3.2657116 1.1066945 1.1505074 1.1505074 1.1241677 1.1310365 0.0000000 1.1756292 1.1756292 1.1563344 1.1417782 
MG570132_Megalocytivirus_pagrus1_TRBIV                   2.2656653 0.0825539 0.0825539 2.4029105 0.0650349 0.0614571 0.0581575 2.4029105 0.0614571 0.0789207 0.0789207 0.0581575 0.0650349 1.1756292 0.0000000 0.0000010 0.0834491 0.0316533 
MG570131_Megalocytivirus_pagrus1_TRBIV                   2.2656653 0.0825539 0.0825539 2.4029105 0.0650349 0.0614571 0.0581575 2.4029105 0.0614571 0.0789207 0.0789207 0.0581575 0.0650349 1.1756292 0.0000010 0.0000000 0.0834491 0.0316533 
MK689685_Megalocytivirus_pagrus1_ISKNV                   2.2068974 0.0031142 0.0031142 2.3123472 0.0159429 0.0628208 0.0662499 2.3123472 0.0628208 0.0031575 0.0031575 0.0662499 0.0159429 1.1563344 0.0834491 0.0834491 0.0000000 0.0734289 
GQ273492_Megalocytivirus_pagrus1_TRBIV                   2.2586986 0.0726086 0.0726086 2.3041437 0.0552485 0.0583777 0.0617450 2.3041437 0.0583777 0.0690188 0.0690188 0.0617450 0.0552485 1.1417782 0.0316533 0.0316533 0.0734289 0.0000000 
