16
KT804738_Megalocytivirus_pagrus1_RSIV  0.0000000 0.0490331 0.0770419 0.0195903 0.0490331 0.0038804 0.0000010 0.0635788 0.0195903 0.0681374 0.0681374 0.0539350 0.0402282 0.0116421 0.0532134 0.0038804 
MW883606_Megalocytivirus_pagrus1_ISKNV 0.0490331 0.0000000 0.0877744 0.0442792 0.0000010 0.0535972 0.0490331 0.0740080 0.0442792 0.0273455 0.0273455 0.0717179 0.0656850 0.0445139 0.0038425 0.0535972 
MG570131_Megalocytivirus_pagrus1_TRBIV 0.0770419 0.0877744 0.0000000 0.0811683 0.0877744 0.0776330 0.0770419 0.0199632 0.0811683 0.0949341 0.0949341 0.0609794 0.0715302 0.0817246 0.0921993 0.0776330 
MK098187_Megalocytivirus_pagrus1_RSIV  0.0195903 0.0442792 0.0811683 0.0000000 0.0442792 0.0237129 0.0195903 0.0677363 0.0000010 0.0629324 0.0629324 0.0580305 0.0442370 0.0077670 0.0483869 0.0237129 
OP896201_Megalocytivirus_pagrus1_ISKNV 0.0490331 0.0000010 0.0877744 0.0442792 0.0000000 0.0535972 0.0490331 0.0740080 0.0442792 0.0273455 0.0273455 0.0717179 0.0656850 0.0445139 0.0038425 0.0535972 
KC244182_Megalocytivirus_pagrus1_RSIV  0.0038804 0.0535972 0.0776330 0.0237129 0.0535972 0.0000000 0.0038804 0.0640679 0.0237129 0.0729932 0.0729932 0.0543437 0.0359673 0.0156560 0.0578189 0.0000010 
OL774654_Megalocytivirus_pagrus1_RSIV  0.0000010 0.0490331 0.0770419 0.0195903 0.0490331 0.0038804 0.0000000 0.0635788 0.0195903 0.0681374 0.0681374 0.0539350 0.0402282 0.0116421 0.0532134 0.0038804 
MG570132_Megalocytivirus_pagrus1_TRBIV 0.0635788 0.0740080 0.0199632 0.0677363 0.0740080 0.0640679 0.0635788 0.0000000 0.0677363 0.0813580 0.0813580 0.0478334 0.0579452 0.0681664 0.0784289 0.0640679 
OQ475017_Megalocytivirus_pagrus1_RSIV  0.0195903 0.0442792 0.0811683 0.0000010 0.0442792 0.0237129 0.0195903 0.0677363 0.0000000 0.0629324 0.0629324 0.0580305 0.0442370 0.0077670 0.0483869 0.0237129 
OP009387_Megalocytivirus_pagrus1_ISKNV 0.0681374 0.0273455 0.0949341 0.0629324 0.0273455 0.0729932 0.0681374 0.0813580 0.0629324 0.0000000 0.0000010 0.0819333 0.0835601 0.0633124 0.0313146 0.0729932 
PP974677_Megalocytivirus_pagrus1_ISKNV 0.0681374 0.0273455 0.0949341 0.0629324 0.0273455 0.0729932 0.0681374 0.0813580 0.0629324 0.0000010 0.0000000 0.0819333 0.0835601 0.0633124 0.0313146 0.0729932 
GQ273492_Megalocytivirus_pagrus1_TRBIV 0.0539350 0.0717179 0.0609794 0.0580305 0.0717179 0.0543437 0.0539350 0.0478334 0.0580305 0.0819333 0.0819333 0.0000000 0.0161361 0.0583720 0.0760157 0.0543437 
OK042109_Megalocytivirus_pagrus1_RSIV  0.0402282 0.0656850 0.0715302 0.0442370 0.0656850 0.0359673 0.0402282 0.0579452 0.0442370 0.0835601 0.0835601 0.0161361 0.0000000 0.0444711 0.0698706 0.0359673 
OK042108_Megalocytivirus_pagrus1_RSIV  0.0116421 0.0445139 0.0817246 0.0077670 0.0445139 0.0156560 0.0116421 0.0681664 0.0077670 0.0633124 0.0633124 0.0583720 0.0444711 0.0000000 0.0486497 0.0156560 
ON212400_Megalocytivirus_pagrus1_ISKNV 0.0532134 0.0038425 0.0921993 0.0483869 0.0038425 0.0578189 0.0532134 0.0784289 0.0483869 0.0313146 0.0313146 0.0760157 0.0698706 0.0486497 0.0000000 0.0578189 
MT798582_Megalocytivirus_pagrus1_RSIV  0.0038804 0.0535972 0.0776330 0.0237129 0.0535972 0.0000010 0.0038804 0.0640679 0.0237129 0.0729932 0.0729932 0.0543437 0.0359673 0.0156560 0.0578189 0.0000000 
