16
MW883603_Megalocytivirus_pagrus1_ISKNV 0.0000000 0.3954276 0.0134358 0.4460121 0.3697661 0.0000010 0.3697661 0.5326110 0.3954276 0.0752033 0.0000010 0.0752033 0.4229701 0.0122129 0.4229701 0.5326110 
ON740976_Megalocytivirus_pagrus1_RSIV  0.3954276 0.0000000 0.4173545 0.5105754 0.1107187 0.3954276 0.1107187 0.4618225 0.0000010 0.4133996 0.3978418 0.4133996 0.0119856 0.4145160 0.0119856 0.4618225 
OQ513807_Megalocytivirus_pagrus1_ISKNV 0.0134358 0.4173545 0.0000000 0.4862657 0.3909211 0.0134358 0.3909211 0.5771526 0.4173545 0.0815212 0.0000010 0.0815212 0.4466507 0.0269988 0.4466507 0.5771526 
GQ273492_Megalocytivirus_pagrus1_TRBIV 0.4460121 0.5105754 0.4862657 0.0000000 0.4733876 0.4460121 0.4733876 0.2008899 0.5105754 0.4910705 0.4492481 0.4910705 0.5141717 0.4693288 0.5141717 0.2008899 
MK098185_Megalocytivirus_pagrus1_RSIV  0.3697661 0.1107187 0.3909211 0.4733876 0.0000000 0.3697661 0.0000010 0.4399420 0.1107187 0.4187858 0.3720319 0.4187858 0.1269713 0.3886781 0.1269713 0.4399420 
MW883593_Megalocytivirus_pagrus1_ISKNV 0.0000010 0.3954276 0.0134358 0.4460121 0.3697661 0.0000000 0.3697661 0.5326110 0.3954276 0.0752033 0.0000010 0.0752033 0.4229701 0.0122129 0.4229701 0.5326110 
BD143114_Megalocytivirus_pagrus1_RSIV  0.3697661 0.1107187 0.3909211 0.4733876 0.0000010 0.3697661 0.0000000 0.4399420 0.1107187 0.4187858 0.3720319 0.4187858 0.1269713 0.3886781 0.1269713 0.4399420 
MG570132_Megalocytivirus_pagrus1_TRBIV 0.5326110 0.4618225 0.5771526 0.2008899 0.4399420 0.5326110 0.4399420 0.0000000 0.4618225 0.5323412 0.5366786 0.5323412 0.4650745 0.5581946 0.4650745 0.0000010 
MW883598_Megalocytivirus_pagrus1_RSIV  0.3954276 0.0000010 0.4173545 0.5105754 0.1107187 0.3954276 0.1107187 0.4618225 0.0000000 0.4133996 0.3978418 0.4133996 0.0119856 0.4145160 0.0119856 0.4618225 
MW883595_Megalocytivirus_pagrus1_ISKNV 0.0752033 0.4133996 0.0815212 0.4910705 0.4187858 0.0752033 0.4187858 0.5323412 0.4133996 0.0000000 0.0755878 0.0000010 0.4419840 0.0886590 0.4419840 0.5323412 
OR670976_Megalocytivirus_pagrus1_ISKNV 0.0000010 0.3978418 0.0000010 0.4492481 0.3720319 0.0000010 0.3720319 0.5366786 0.3978418 0.0755878 0.0000000 0.0755878 0.4256465 0.0122728 0.4256465 0.5366786 
PP974677_Megalocytivirus_pagrus1_ISKNV 0.0752033 0.4133996 0.0815212 0.4910705 0.4187858 0.0752033 0.4187858 0.5323412 0.4133996 0.0000010 0.0755878 0.0000000 0.4419840 0.0886590 0.4419840 0.5323412 
ON075463_Megalocytivirus_pagrus1_RSIV  0.4229701 0.0119856 0.4466507 0.5141717 0.1269713 0.4229701 0.1269713 0.4650745 0.0119856 0.4419840 0.4256465 0.4419840 0.0000000 0.4430393 0.0000010 0.4650745 
MW273353_Megalocytivirus_pagrus1_ISKNV 0.0122129 0.4145160 0.0269988 0.4693288 0.3886781 0.0122129 0.3886781 0.5581946 0.4145160 0.0886590 0.0122728 0.0886590 0.4430393 0.0000000 0.4430393 0.5581946 
MT798582_Megalocytivirus_pagrus1_RSIV  0.4229701 0.0119856 0.4466507 0.5141717 0.1269713 0.4229701 0.1269713 0.4650745 0.0119856 0.4419840 0.4256465 0.4419840 0.0000010 0.4430393 0.0000000 0.4650745 
MG570131_Megalocytivirus_pagrus1_TRBIV 0.5326110 0.4618225 0.5771526 0.2008899 0.4399420 0.5326110 0.4399420 0.0000010 0.4618225 0.5323412 0.5366786 0.5323412 0.4650745 0.5581946 0.4650745 0.0000000 
