15
AF371960_AF371960.1_00050 0.0000000 0.1423807 0.1326941 0.1117776 0.1423807 0.1033894 0.1033894 0.1326941 0.1431676 0.1431676 0.0000010 0.0551932 0.8798246 0.8798246 0.0551932 
AY894343_MK689686.1_00049 0.1423807 0.0000000 0.0359104 0.1110668 0.0000010 0.1135990 0.1135990 0.0359104 0.0451870 0.0451870 0.1423807 0.0940173 0.9000396 0.9000396 0.0940173 
BD143114_MK689686.1_00049 0.1326941 0.0359104 0.0000000 0.1013249 0.0359104 0.1036360 0.1036360 0.0000010 0.0088707 0.0088707 0.1326941 0.0845211 0.8912024 0.8912024 0.0845211 
GQ273492_GQ273492.1_00049 0.1117776 0.1110668 0.1013249 0.0000000 0.1110668 0.0730899 0.0730899 0.1013249 0.1112942 0.1112942 0.1117776 0.1032223 0.8901334 0.8901334 0.1032223 
KC244182_MK689686.1_00049 0.1423807 0.0000010 0.0359104 0.1110668 0.0000000 0.1135990 0.1135990 0.0359104 0.0451870 0.0451870 0.1423807 0.0940173 0.9000396 0.9000396 0.0940173 
MG570131_MG570131.1_00050 0.1033894 0.1135990 0.1036360 0.0730899 0.1135990 0.0000000 0.0000010 0.1036360 0.1138350 0.1138350 0.1033894 0.0957163 0.8756083 0.8756083 0.0957163 
MG570132_MG570132.1_00050 0.1033894 0.1135990 0.1036360 0.0730899 0.1135990 0.0000010 0.0000000 0.1036360 0.1138350 0.1138350 0.1033894 0.0957163 0.8756083 0.8756083 0.0957163 
MK098185_MK689686.1_00049 0.1326941 0.0359104 0.0000010 0.1013249 0.0359104 0.1036360 0.1036360 0.0000000 0.0088707 0.0088707 0.1326941 0.0845211 0.8912024 0.8912024 0.0845211 
MK098186_MK689686.1_00049 0.1431676 0.0451870 0.0088707 0.1112942 0.0451870 0.1138350 0.1138350 0.0088707 0.0000000 0.0000010 0.1431676 0.0945669 0.9166210 0.9166210 0.0945669 
MK098187_MK689686.1_00049 0.1431676 0.0451870 0.0088707 0.1112942 0.0451870 0.1138350 0.1138350 0.0088707 0.0000010 0.0000000 0.1431676 0.0945669 0.9166210 0.9166210 0.0945669 
MK689685_AF371960.1_00050 0.0000010 0.1423807 0.1326941 0.1117776 0.1423807 0.1033894 0.1033894 0.1326941 0.1431676 0.1431676 0.0000000 0.0551932 0.8798246 0.8798246 0.0551932 
MN432490_AF371960.1_00050 0.0551932 0.0940173 0.0845211 0.1032223 0.0940173 0.0957163 0.0957163 0.0845211 0.0945669 0.0945669 0.0551932 0.0000000 0.8989582 0.8989582 0.0000010 
MN562489_OM037668.1_00105 0.8798246 0.9000396 0.8912024 0.8901334 0.9000396 0.8756083 0.8756083 0.8912024 0.9166210 0.9166210 0.8798246 0.8989582 0.0000000 0.0000010 0.8989582 
MT521409_OM037668.1_00105 0.8798246 0.9000396 0.8912024 0.8901334 0.9000396 0.8756083 0.8756083 0.8912024 0.9166210 0.9166210 0.8798246 0.8989582 0.0000010 0.0000000 0.8989582 
OP009387_AF371960.1_00050 0.0551932 0.0940173 0.0845211 0.1032223 0.0940173 0.0957163 0.0957163 0.0845211 0.0945669 0.0945669 0.0551932 0.0000010 0.8989582 0.8989582 0.0000000 
