23
AF303741_AF303741.1_00158          0.0000000 3.1628886 3.5733803 3.1121652 3.1204164 3.2030955 1.5888250 0.4416857 3.1121652 1.6138572 2.5357793 2.9979705 1.5669309 3.1452405 3.1452405 3.1204164 3.1628886 3.1601041 2.9307421 2.4997341 2.9307421 3.0270908 3.1601041 
AF371960_AF371960.1_00005          3.1628886 0.0000000 2.9139096 0.0376969 0.0330264 0.0636719 4.4310116 3.0259577 0.0376969 4.4369807 2.7650476 4.1783975 3.3534942 0.0561725 0.0561725 0.0330264 0.0000010 0.0214034 1.1975796 2.9224329 1.1975796 3.0850714 0.0214034 
AY521625_AY521625.1_00054          3.5733803 2.9139096 0.0000000 2.9051639 2.8908494 2.9725604 4.3688509 3.3573049 2.9051639 4.6772900 3.1515549 4.5120796 3.7333633 3.0155087 3.0155087 2.8908494 2.9139096 2.9417371 2.7759463 3.1459267 2.7759463 1.3707116 2.9417371 
AY894343_MK689686.1_00005          3.1121652 0.0376969 2.9051639 0.0000000 0.0103724 0.0512490 4.1214736 2.9703510 0.0000010 4.3320800 2.7510570 4.0605675 3.4849168 0.0441378 0.0441378 0.0103724 0.0376969 0.0270052 1.1891809 2.8529775 1.1891809 3.0998388 0.0270052 
BD143114_MK689686.1_00005          3.1204164 0.0330264 2.8908494 0.0103724 0.0000000 0.0569146 4.2221009 2.9785155 0.0103724 4.3318584 2.7788335 4.0806014 3.4731337 0.0496802 0.0496802 0.0000010 0.0330264 0.0332041 1.1751632 2.8827871 1.1751632 3.0872093 0.0332041 
GQ273492_GQ273492.1_00005          3.2030955 0.0636719 2.9725604 0.0512490 0.0569146 0.0000000 4.3078156 3.1159598 0.0512490 4.2358358 2.8368799 4.0406109 3.2563343 0.0217315 0.0217315 0.0569146 0.0636719 0.0466990 1.1348917 2.9354214 1.1348917 3.0885527 0.0466990 
HF920633_HF920633.1_00097          1.5888250 4.4310116 4.3688509 4.1214736 4.2221009 4.3078156 0.0000000 1.4780508 4.1214736 0.5141868 2.9740834 2.2239216 2.1760186 4.3659651 4.3659651 4.2221009 4.4310116 4.2614833 3.4496498 2.7737098 3.4496498 3.8637664 4.2614833 
HF920637_HF920637.1_00041          0.4416857 3.0259577 3.3573049 2.9703510 2.9785155 3.1159598 1.4780508 0.0000000 2.9703510 1.5278758 2.4644535 2.5547329 1.3995987 2.9815655 2.9815655 2.9785155 3.0259577 3.0423036 2.9010468 2.3756130 2.9010468 2.9770977 3.0423036 
KC244182_MK689686.1_00005          3.1121652 0.0376969 2.9051639 0.0000010 0.0103724 0.0512490 4.1214736 2.9703510 0.0000000 4.3320800 2.7510570 4.0605675 3.4849168 0.0441378 0.0441378 0.0103724 0.0376969 0.0270052 1.1891809 2.8529775 1.1891809 3.0998388 0.0270052 
KF938901_KF938901.1_00124          1.6138572 4.4369807 4.6772900 4.3320800 4.3318584 4.2358358 0.5141868 1.5278758 4.3320800 0.0000000 3.5836211 2.2138676 2.2875684 4.4213205 4.4213205 4.3318584 4.4369807 4.3815419 3.6929158 3.4622857 3.6929158 3.8196160 4.3815419 
KX643370_Lymph_LDV3_KX643370_00077 2.5357793 2.7650476 3.1515549 2.7510570 2.7788335 2.8368799 2.9740834 2.4644535 2.7510570 3.5836211 0.0000000 3.1214416 2.7672622 2.7235908 2.7235908 2.7788335 2.7650476 2.7874870 2.6141343 0.2636867 2.6141343 2.1788409 2.7874870 
LS484712_LS484712.1_00096          2.9979705 4.1783975 4.5120796 4.0605675 4.0806014 4.0406109 2.2239216 2.5547329 4.0605675 2.2138676 3.1214416 0.0000000 2.2752872 4.2596855 4.2596855 4.0806014 4.1783975 4.0815194 3.9616683 3.5231750 3.9616683 3.8098343 4.0815194 
MF599468_MF599468.1_00116          1.5669309 3.3534942 3.7333633 3.4849168 3.4731337 3.2563343 2.1760186 1.3995987 3.4849168 2.2875684 2.7672622 2.2752872 0.0000000 3.4683649 3.4683649 3.4731337 3.3534942 3.4437065 3.1759548 2.5660470 3.1759548 3.1233055 3.4437065 
MG570131_NLI                       3.1452405 0.0561725 3.0155087 0.0441378 0.0496802 0.0217315 4.3659651 2.9815655 0.0441378 4.4213205 2.7235908 4.2596855 3.4683649 0.0000000 0.0000010 0.0496802 0.0561725 0.0395283 1.0886951 2.8237842 1.0886951 3.1499197 0.0395283 
MG570132_MG570132.1_00005          3.1452405 0.0561725 3.0155087 0.0441378 0.0496802 0.0217315 4.3659651 2.9815655 0.0441378 4.4213205 2.7235908 4.2596855 3.4683649 0.0000010 0.0000000 0.0496802 0.0561725 0.0395283 1.0886951 2.8237842 1.0886951 3.1499197 0.0395283 
MK098185_MK689686.1_00005          3.1204164 0.0330264 2.8908494 0.0103724 0.0000010 0.0569146 4.2221009 2.9785155 0.0103724 4.3318584 2.7788335 4.0806014 3.4731337 0.0496802 0.0496802 0.0000000 0.0330264 0.0332041 1.1751632 2.8827871 1.1751632 3.0872093 0.0332041 
MK689685_AF371960.1_00005          3.1628886 0.0000010 2.9139096 0.0376969 0.0330264 0.0636719 4.4310116 3.0259577 0.0376969 4.4369807 2.7650476 4.1783975 3.3534942 0.0561725 0.0561725 0.0330264 0.0000000 0.0214034 1.1975796 2.9224329 1.1975796 3.0850714 0.0214034 
MN432490_AF371960.1_00005          3.1601041 0.0214034 2.9417371 0.0270052 0.0332041 0.0466990 4.2614833 3.0423036 0.0270052 4.3815419 2.7874870 4.0815194 3.4437065 0.0395283 0.0395283 0.0332041 0.0214034 0.0000000 1.1916854 2.9390249 1.1916854 3.1223190 0.0000010 
MN562489_OM037668.1_00013          2.9307421 1.1975796 2.7759463 1.1891809 1.1751632 1.1348917 3.4496498 2.9010468 1.1891809 3.6929158 2.6141343 3.9616683 3.1759548 1.0886951 1.0886951 1.1751632 1.1975796 1.1916854 0.0000000 2.4262748 0.0000010 3.3115306 1.1916854 
MN803438_MN803438.1_00089          2.4997341 2.9224329 3.1459267 2.8529775 2.8827871 2.9354214 2.7737098 2.3756130 2.8529775 3.4622857 0.2636867 3.5231750 2.5660470 2.8237842 2.8237842 2.8827871 2.9224329 2.9390249 2.4262748 0.0000000 2.4262748 2.2877826 2.9390249 
MT521409_OM037668.1_00013          2.9307421 1.1975796 2.7759463 1.1891809 1.1751632 1.1348917 3.4496498 2.9010468 1.1891809 3.6929158 2.6141343 3.9616683 3.1759548 1.0886951 1.0886951 1.1751632 1.1975796 1.1916854 0.0000010 2.4262748 0.0000000 3.3115306 1.1916854 
NC_005946_NC_005946.1_00038        3.0270908 3.0850714 1.3707116 3.0998388 3.0872093 3.0885527 3.8637664 2.9770977 3.0998388 3.8196160 2.1788409 3.8098343 3.1233055 3.1499197 3.1499197 3.0872093 3.0850714 3.1223190 3.3115306 2.2877826 3.3115306 0.0000000 3.1223190 
OP009387_AF371960.1_00005          3.1601041 0.0214034 2.9417371 0.0270052 0.0332041 0.0466990 4.2614833 3.0423036 0.0270052 4.3815419 2.7874870 4.0815194 3.4437065 0.0395283 0.0395283 0.0332041 0.0214034 0.0000010 1.1916854 2.9390249 1.1916854 3.1223190 0.0000000 
