16
MCV_ML1_SDDV_MN562489_1_MCV_ML1_SDDV_MN562489.1_00117         0.0000000 0.0000010 1.6526600 1.6577123 1.6794156 1.6495427 1.6495427 1.6526600 1.7044882 1.6049574 1.6049574 1.6794156 1.6761520 1.6761520 1.5380007 1.5380007 
MCV_ML1_SDDV_MT521409_1_MCV_ML1_SDDV_MT521409.1_00118         0.0000010 0.0000000 1.6526600 1.6577123 1.6794156 1.6495427 1.6495427 1.6526600 1.7044882 1.6049574 1.6049574 1.6794156 1.6761520 1.6761520 1.5380007 1.5380007 
MCV_MP1_BCFI_MN432490_1_MCV_MP1_BCFI_MN432490.1_00080         1.6526600 1.6526600 0.0000000 0.0120493 0.0365677 0.0060137 0.0060137 0.0000010 0.0490417 0.0491032 0.0491032 0.0365677 0.0365588 0.0365588 0.0554715 0.0554715 
MCV_MP1_BCFI_MT926123_1_MCV_MP1_BCFI_MT926123.1_00081         1.6577123 1.6577123 0.0120493 0.0000000 0.0363361 0.0059757 0.0059757 0.0120493 0.0487302 0.0487910 0.0487910 0.0363361 0.0363272 0.0363272 0.0551178 0.0551178 
MCV_MP1_GSPI_KT804738_1_MCV_MP1_GSPI_KT804738.1_00074         1.6794156 1.6794156 0.0365677 0.0363361 0.0000000 0.0302247 0.0302247 0.0365677 0.0180037 0.0614896 0.0614896 0.0000010 0.0059654 0.0059654 0.0679220 0.0679220 
MCV_MP1_ISKNV_AF371960_1_MCV_MP1_ISKNV_AF371960.1_00080       1.6495427 1.6495427 0.0060137 0.0059757 0.0302247 0.0000000 0.0000010 0.0060137 0.0425604 0.0426132 0.0426132 0.0302247 0.0302176 0.0302176 0.0489025 0.0489025 
MCV_MP1_ISKNV_MK689685_1_MCV_MP1_ISKNV_MK689685.1_00077       1.6495427 1.6495427 0.0060137 0.0059757 0.0302247 0.0000010 0.0000000 0.0060137 0.0425604 0.0426132 0.0426132 0.0302247 0.0302176 0.0302176 0.0489025 0.0489025 
MCV_MP1_LBUSV_OP009387_1_MCV_MP1_LBUSV_OP009387.1_00079       1.6526600 1.6526600 0.0000010 0.0120493 0.0365677 0.0060137 0.0060137 0.0000000 0.0490417 0.0491032 0.0491032 0.0365677 0.0365588 0.0365588 0.0554715 0.0554715 
MCV_MP1_LYCI_AY779031_1_MCV_MP1_LYCI_AY779031.1_00086         1.7044882 1.7044882 0.0490417 0.0487302 0.0180037 0.0425604 0.0425604 0.0490417 0.0000000 0.0742237 0.0742237 0.0180037 0.0119876 0.0119876 0.0807484 0.0807484 
MCV_MP1_LYCI_MW139932_1_MCV_MP1_LYCI_MW139932.1_00079         1.6049574 1.6049574 0.0491032 0.0487910 0.0614896 0.0426132 0.0426132 0.0491032 0.0742237 0.0000000 0.0000010 0.0614896 0.0614724 0.0614724 0.0303730 0.0303730 
MCV_MP1_LYCI_OL774653_1_MCV_MP1_LYCI_OL774653.1_00096         1.6049574 1.6049574 0.0491032 0.0487910 0.0614896 0.0426132 0.0426132 0.0491032 0.0742237 0.0000010 0.0000000 0.0614896 0.0614724 0.0614724 0.0303730 0.0303730 
MCV_MP1_OSGI_AY894343_1_MCV_MP1_OSGI_AY894343.1_00078         1.6794156 1.6794156 0.0365677 0.0363361 0.0000010 0.0302247 0.0302247 0.0365677 0.0180037 0.0614896 0.0614896 0.0000000 0.0059654 0.0059654 0.0679220 0.0679220 
MCV_MP1_PI_MK098185_1_MCV_MP1_PI_MK098185.1_00078             1.6761520 1.6761520 0.0365588 0.0363272 0.0059654 0.0302176 0.0302176 0.0365588 0.0119876 0.0614724 0.0614724 0.0059654 0.0000000 0.0000010 0.0679024 0.0679024 
MCV_MP1_PI_MK098186_1_MCV_MP1_PI_MK098186.1_00075             1.6761520 1.6761520 0.0365588 0.0363272 0.0059654 0.0302176 0.0302176 0.0365588 0.0119876 0.0614724 0.0614724 0.0059654 0.0000010 0.0000000 0.0679024 0.0679024 
MCV_Unclassified_MG570131_1_MCV_Unclassified_MG570131.1_00075 1.5380007 1.5380007 0.0554715 0.0551178 0.0679220 0.0489025 0.0489025 0.0554715 0.0807484 0.0303730 0.0303730 0.0679220 0.0679024 0.0679024 0.0000000 0.0000010 
MCV_Unclassified_MG570132_1_MCV_Unclassified_MG570132.1_00075 1.5380007 1.5380007 0.0554715 0.0551178 0.0679220 0.0489025 0.0489025 0.0554715 0.0807484 0.0303730 0.0303730 0.0679220 0.0679024 0.0679024 0.0000010 0.0000000 
