15
AF371960_AF371960.1_00063 0.0000000 0.1194846 0.0921697 0.0916264 0.1068539 0.1194846 0.1627182 0.1627182 0.0921697 0.1044746 0.0080043 0.0166932 0.1068539 0.0000010 0.0166932 
AY894343_MK689686.1_00061 0.1194846 0.0000000 0.0496758 0.0921611 0.0082605 0.0000010 0.1794314 0.1794314 0.0496758 0.0599016 0.1182002 0.1052497 0.0082605 0.1194846 0.1052497 
BD143114_MK689686.1_00061 0.0921697 0.0496758 0.0000000 0.0558402 0.0389040 0.0496758 0.1515354 0.1515354 0.0000010 0.0080693 0.0808094 0.0689301 0.0389040 0.0921697 0.0689301 
GQ273492_GQ273492.1_00062 0.0916264 0.0921611 0.0558402 0.0000000 0.0797932 0.0921611 0.1503244 0.1503244 0.0558402 0.0665206 0.0799526 0.0764432 0.0797932 0.0916264 0.0764432 
KC244182_MK689686.1_00061 0.1068539 0.0082605 0.0389040 0.0797932 0.0000000 0.0082605 0.1648028 0.1648028 0.0389040 0.0487539 0.1054638 0.0929141 0.0000010 0.1068539 0.0929141 
KT804738_MK689686.1_00061 0.1194846 0.0000010 0.0496758 0.0921611 0.0082605 0.0000000 0.1794314 0.1794314 0.0496758 0.0599016 0.1182002 0.1052497 0.0082605 0.1194846 0.1052497 
MG570131_MG570131.1_00062 0.1627182 0.1794314 0.1515354 0.1503244 0.1648028 0.1794314 0.0000000 0.0000010 0.1515354 0.1662858 0.1633411 0.1785830 0.1648028 0.1627182 0.1785830 
MG570132_MG570132.1_00062 0.1627182 0.1794314 0.1515354 0.1503244 0.1648028 0.1794314 0.0000010 0.0000000 0.1515354 0.1662858 0.1633411 0.1785830 0.1648028 0.1627182 0.1785830 
MK098185_MK689686.1_00061 0.0921697 0.0496758 0.0000010 0.0558402 0.0389040 0.0496758 0.1515354 0.1515354 0.0000000 0.0080693 0.0808094 0.0689301 0.0389040 0.0921697 0.0689301 
MK098186_MK689686.1_00061 0.1044746 0.0599016 0.0080693 0.0665206 0.0487539 0.0599016 0.1662858 0.1662858 0.0080693 0.0000000 0.0924471 0.0799614 0.0487539 0.1044746 0.0799614 
MK689685_AF371960.1_00063 0.0080043 0.1182002 0.0808094 0.0799526 0.1054638 0.1182002 0.1633411 0.1633411 0.0808094 0.0924471 0.0000000 0.0082108 0.1054638 0.0080043 0.0082108 
MN432490_AF371960.1_00063 0.0166932 0.1052497 0.0689301 0.0764432 0.0929141 0.1052497 0.1785830 0.1785830 0.0689301 0.0799614 0.0082108 0.0000000 0.0929141 0.0166932 0.0000010 
MT798582_MK689686.1_00061 0.1068539 0.0082605 0.0389040 0.0797932 0.0000010 0.0082605 0.1648028 0.1648028 0.0389040 0.0487539 0.1054638 0.0929141 0.0000000 0.1068539 0.0929141 
MT926123_AF371960.1_00063 0.0000010 0.1194846 0.0921697 0.0916264 0.1068539 0.1194846 0.1627182 0.1627182 0.0921697 0.1044746 0.0080043 0.0166932 0.1068539 0.0000000 0.0166932 
MT986830_AF371960.1_00063 0.0166932 0.1052497 0.0689301 0.0764432 0.0929141 0.1052497 0.1785830 0.1785830 0.0689301 0.0799614 0.0082108 0.0000010 0.0929141 0.0166932 0.0000000 
