13
AF371960_AF371960.1_00002 0.0000000 0.0416556 0.0332479 0.0678115 0.0332479 0.0416556 0.0890055 0.0504429 0.0000010 0.0420828 2.2896347 2.2896347 0.0420828 
AY894343_MK689686.1_00002 0.0416556 0.0000000 0.0080428 0.0752586 0.0080428 0.0000010 0.0964971 0.0580190 0.0416556 0.0497648 2.3004990 2.3004990 0.0497648 
BD143114_MK689686.1_00002 0.0332479 0.0080428 0.0000000 0.0667143 0.0000010 0.0080428 0.0875897 0.0495956 0.0332479 0.0413598 2.3091941 2.3091941 0.0413598 
GQ273492_GQ273492.1_00002 0.0678115 0.0752586 0.0667143 0.0000000 0.0667143 0.0752586 0.0515113 0.0161271 0.0678115 0.0581985 2.3286940 2.3286940 0.0581985 
KC244182_MK689686.1_00002 0.0332479 0.0080428 0.0000010 0.0667143 0.0000000 0.0080428 0.0875897 0.0495956 0.0332479 0.0413598 2.3091941 2.3091941 0.0413598 
KT804738_MK689686.1_00002 0.0416556 0.0000010 0.0080428 0.0752586 0.0080428 0.0000000 0.0964971 0.0580190 0.0416556 0.0497648 2.3004990 2.3004990 0.0497648 
MG570131_MG570131.1_00002 0.0890055 0.0964971 0.0875897 0.0515113 0.0875897 0.0964971 0.0000000 0.0341749 0.0890055 0.0786859 2.4432605 2.4432605 0.0786859 
MG570132_MG570132.1_00002 0.0504429 0.0580190 0.0495956 0.0161271 0.0495956 0.0580190 0.0341749 0.0000000 0.0504429 0.0412090 2.3059268 2.3059268 0.0412090 
MK689685_AF371960.1_00002 0.0000010 0.0416556 0.0332479 0.0678115 0.0332479 0.0416556 0.0890055 0.0504429 0.0000000 0.0420828 2.2896347 2.2896347 0.0420828 
MN432490_AF371960.1_00002 0.0420828 0.0497648 0.0413598 0.0581985 0.0413598 0.0497648 0.0786859 0.0412090 0.0420828 0.0000000 2.3117727 2.3117727 0.0000010 
MN562489_OM037668.1_00031 2.2896347 2.3004990 2.3091941 2.3286940 2.3091941 2.3004990 2.4432605 2.3059268 2.2896347 2.3117727 0.0000000 0.0000010 2.3117727 
MT521409_OM037668.1_00031 2.2896347 2.3004990 2.3091941 2.3286940 2.3091941 2.3004990 2.4432605 2.3059268 2.2896347 2.3117727 0.0000010 0.0000000 2.3117727 
MT986830_AF371960.1_00002 0.0420828 0.0497648 0.0413598 0.0581985 0.0413598 0.0497648 0.0786859 0.0412090 0.0420828 0.0000010 2.3117727 2.3117727 0.0000000 
