41
MT986830_Megalocytivirus_pagrus1_ISKNV                   0.0000000 0.0287419 0.0287419 0.0041863 0.0031359 0.0041832 0.0041856 1.8186341 0.9299094 1.9984053 0.4109749 0.0031359 0.0221795 2.4831491 0.0232414 0.0041885 0.0000010 0.0041882 0.0221795 0.0052328 0.0232414 0.0409485 1.8506714 1.9092605 0.9336641 0.0419418 0.0041856 1.8667343 0.0041863 0.0211181 2.3676211 0.0298317 0.0041863 0.0041856 0.0430985 0.0041843 0.0298317 0.0052328 2.3828254 0.9336641 2.4674042 
OL774653_Megalocytivirus_pagrus1_RSIV                    0.0287419 0.0000000 0.0000010 0.0309145 0.0298115 0.0308909 0.0309092 1.7909314 0.9378463 1.9936664 0.4241316 0.0298115 0.0211468 2.5142033 0.0222097 0.0309297 0.0287419 0.0309289 0.0211468 0.0319783 0.0222097 0.0482260 1.8719329 1.9207929 0.9416271 0.0458438 0.0309092 1.8451606 0.0309145 0.0200844 2.3579383 0.0010428 0.0309145 0.0309092 0.0470227 0.0308993 0.0010428 0.0319783 2.4016406 0.9416271 2.4794954 
MK098185_Megalocytivirus_pagrus1_RSIV                    0.0287419 0.0000010 0.0000000 0.0309145 0.0298115 0.0308909 0.0309092 1.7909314 0.9378463 1.9936664 0.4241316 0.0298115 0.0211468 2.5142033 0.0222097 0.0309297 0.0287419 0.0309289 0.0211468 0.0319783 0.0222097 0.0482260 1.8719329 1.9207929 0.9416271 0.0458438 0.0309092 1.8451606 0.0309145 0.0200844 2.3579383 0.0010428 0.0309145 0.0309092 0.0470227 0.0308993 0.0010428 0.0319783 2.4016406 0.9416271 2.4794954 
MK689685_Megalocytivirus_pagrus1_ISKNV                   0.0041863 0.0309145 0.0309145 0.0000000 0.0010437 0.0020884 0.0020896 1.8216577 0.9326117 1.9995565 0.4102484 0.0010437 0.0243257 2.4859446 0.0253896 0.0020911 0.0041863 0.0020909 0.0243257 0.0031349 0.0253896 0.0431634 1.8526688 1.9122970 0.9363747 0.0430632 0.0020896 1.8671601 0.0020899 0.0232623 2.3778705 0.0320077 0.0020899 0.0020896 0.0442232 0.0020890 0.0320077 0.0031349 2.3858791 0.9363747 2.4834898 
OP896201_Megalocytivirus_pagrus1_ISKNV                   0.0031359 0.0298115 0.0298115 0.0010437 0.0000000 0.0010430 0.0010436 1.8166539 0.9338176 1.9969552 0.4104755 0.0000010 0.0232396 2.4792060 0.0243019 0.0010443 0.0031359 0.0010442 0.0232396 0.0020874 0.0243019 0.0420322 1.8518819 1.9097726 0.9375834 0.0430237 0.0010436 1.8647489 0.0010437 0.0221778 2.3769066 0.0309024 0.0010437 0.0010436 0.0441826 0.0010432 0.0309024 0.0020874 2.3824881 0.9375834 2.4769040 
OR536350_Megalocytivirus_pagrus1_ISKNV                   0.0041832 0.0308909 0.0308909 0.0020884 0.0010430 0.0000000 0.0020881 1.8222660 0.9311398 2.0022045 0.4121904 0.0010430 0.0243074 2.4814763 0.0253704 0.0020895 0.0041832 0.0020894 0.0243074 0.0031326 0.0253704 0.0431297 1.8528628 1.9147904 0.9348998 0.0441197 0.0020881 1.8705398 0.0020884 0.0232448 2.3833818 0.0319832 0.0020884 0.0020881 0.0452811 0.0020875 0.0319832 0.0031326 2.3846076 0.9348998 2.4835702 
MW883596_Megalocytivirus_pagrus1_ISKNV                   0.0041856 0.0309092 0.0309092 0.0020896 0.0010436 0.0020881 0.0000000 1.8171957 0.9380231 2.0055336 0.4124983 0.0010436 0.0243217 2.4903190 0.0253854 0.0020907 0.0041856 0.0020906 0.0243217 0.0031344 0.0253854 0.0431556 1.8599311 1.9138743 0.9417999 0.0441461 0.0020893 1.8653282 0.0020896 0.0232585 2.3874568 0.0320022 0.0020896 0.0000010 0.0453083 0.0020887 0.0320022 0.0031344 2.3929504 0.9417999 2.4877628 
MN803438_Lymphocystivirus_micropogonias1_n/a             1.8186341 1.7909314 1.7909314 1.8216577 1.8166539 1.8222660 1.8171957 0.0000000 1.8964793 1.4528092 1.9117235 1.8166539 1.8128020 2.1423819 1.8135362 1.8169858 1.8186341 1.8238978 1.8128020 1.8180051 1.8135362 1.8255031 1.4585692 1.5130722 1.8985383 1.8579279 1.8246307 0.1484344 1.8183482 1.8109836 2.0483129 1.7976416 1.8183482 1.8171957 1.8559460 1.8169929 1.7976416 1.8180051 2.1517090 1.8985383 1.9896114 
OM037668_Megalocytivirus_lates1_SDDV                     0.9299094 0.9378463 0.9378463 0.9326117 0.9338176 0.9311398 0.9380231 1.8964793 0.0000000 1.9632295 0.9350752 0.9338176 0.9383652 2.5567986 0.9378874 0.9359451 0.9299094 0.9368016 0.9383652 0.9390558 0.9378874 0.9631623 1.8730719 1.9448713 0.0010555 0.9638549 0.9338082 1.8990588 0.9335000 0.9379945 2.3248614 0.9413158 0.9335000 0.9380231 0.9592985 0.9344298 0.9413158 0.9390558 2.3921674 0.0010555 2.3213145 
MF599468_Decapodiridovirus_litopenaeus1_n/a              1.9984053 1.9936664 1.9936664 1.9995565 1.9969552 2.0022045 2.0055336 1.4528092 1.9632295 0.0000000 2.1619162 1.9969552 1.9750021 1.7125046 1.9757827 2.0013731 1.9984053 1.9864264 1.9750021 1.9983053 1.9757827 1.9428678 1.6811818 1.5624952 1.9653418 1.9351419 2.0055336 1.4604383 1.9988849 1.9736201 1.6197450 1.9920569 1.9988849 2.0055336 1.9311642 1.9989320 1.9920569 1.9983053 1.6653414 1.9653418 1.6540003 
PQ335173_PQ335174_Threespine_stickleback_iridovirus_TSIV 0.4109749 0.4241316 0.4241316 0.4102484 0.4104755 0.4121904 0.4124983 1.9117235 0.9350752 2.1619162 0.0000000 0.4104755 0.4130240 2.6176503 0.4144820 0.4111239 0.4109749 0.4108301 0.4130240 0.4104320 0.4144820 0.4297849 1.9497561 1.9927656 0.9388217 0.4380919 0.4103870 1.9621389 0.4109047 0.4116943 2.5210509 0.4260800 0.4109047 0.4124983 0.4389215 0.4107331 0.4260800 0.4104320 2.4663632 0.9388217 2.5493225 
MW883599_Megalocytivirus_pagrus1_ISKNV                   0.0031359 0.0298115 0.0298115 0.0010437 0.0000010 0.0010430 0.0010436 1.8166539 0.9338176 1.9969552 0.4104755 0.0000000 0.0232396 2.4792060 0.0243019 0.0010443 0.0031359 0.0010442 0.0232396 0.0020874 0.0243019 0.0420322 1.8518819 1.9097726 0.9375834 0.0430237 0.0010436 1.8647489 0.0010437 0.0221778 2.3769066 0.0309024 0.0010437 0.0010436 0.0441826 0.0010432 0.0309024 0.0020874 2.3824881 0.9375834 2.4769040 
MK689686_Megalocytivirus_pagrus1_RSIV                    0.0221795 0.0211468 0.0211468 0.0243257 0.0232396 0.0243074 0.0243217 1.8128020 0.9383652 1.9750021 0.4130240 0.0232396 0.0000000 2.4924513 0.0010412 0.0243378 0.0221795 0.0243370 0.0000010 0.0253819 0.0010412 0.0420613 1.8460588 1.8934361 0.9421357 0.0419233 0.0243217 1.8610195 0.0243257 0.0010413 2.3686641 0.0222229 0.0243257 0.0243217 0.0430795 0.0243140 0.0222229 0.0253819 2.3935653 0.9421357 2.4806657 
HF920637_Iridovirus_armadillidium1_n/a                   2.4831491 2.5142033 2.5142033 2.4859446 2.4792060 2.4814763 2.4903190 2.1423819 2.5567986 1.7125046 2.6176503 2.4792060 2.4924513 0.0000000 2.4934528 2.4848787 2.4831491 2.4712082 2.4924513 2.4806515 2.4934528 2.4874162 2.5209578 2.4717276 2.5595120 2.4792190 2.4803724 2.1600156 2.4859446 2.4901984 1.3013389 2.5131256 2.4859446 2.4903190 2.4513493 2.4794750 2.5131256 2.4806515 0.7430317 2.5595120 1.3795611 
OK042109_Megalocytivirus_pagrus1_RSIV                    0.0232414 0.0222097 0.0222097 0.0253896 0.0243019 0.0253704 0.0253854 1.8135362 0.9378874 1.9757827 0.4144820 0.0243019 0.0010412 2.4934528 0.0000000 0.0254022 0.0232414 0.0254013 0.0010412 0.0264459 0.0000010 0.0431485 1.8472403 1.8955138 0.9416608 0.0430076 0.0253854 1.8617748 0.0253896 0.0020831 2.3696122 0.0232869 0.0253896 0.0253854 0.0441660 0.0253773 0.0232869 0.0264459 2.3938663 0.9416608 2.4816379 
MW883602_Megalocytivirus_pagrus1_ISKNV                   0.0041885 0.0309297 0.0309297 0.0020911 0.0010443 0.0020895 0.0020907 1.8169858 0.9359451 2.0013731 0.4111239 0.0010443 0.0243378 2.4848787 0.0254022 0.0000000 0.0041885 0.0020920 0.0243378 0.0031365 0.0254022 0.0431839 1.8579158 1.9139613 0.9397175 0.0441750 0.0020907 1.8650605 0.0020911 0.0232740 2.3823083 0.0320234 0.0020911 0.0020907 0.0453379 0.0020901 0.0320234 0.0031365 2.3878440 0.9397175 2.4824476 
MW883595_Megalocytivirus_pagrus1_ISKNV                   0.0000010 0.0287419 0.0287419 0.0041863 0.0031359 0.0041832 0.0041856 1.8186341 0.9299094 1.9984053 0.4109749 0.0031359 0.0221795 2.4831491 0.0232414 0.0041885 0.0000000 0.0041882 0.0221795 0.0052328 0.0232414 0.0409485 1.8506714 1.9092605 0.9336641 0.0419418 0.0041856 1.8667343 0.0041863 0.0211181 2.3676211 0.0298317 0.0041863 0.0041856 0.0430985 0.0041843 0.0298317 0.0052328 2.3828254 0.9336641 2.4674042 
MW273353_Megalocytivirus_pagrus1_ISKNV                   0.0041882 0.0309289 0.0309289 0.0020909 0.0010442 0.0020894 0.0020906 1.8238978 0.9368016 1.9864264 0.4108301 0.0010442 0.0243370 2.4712082 0.0254013 0.0020920 0.0041882 0.0000000 0.0243370 0.0031363 0.0254013 0.0431836 1.8463864 1.9173306 0.9405806 0.0441748 0.0020906 1.8662296 0.0020909 0.0232731 2.3637130 0.0320226 0.0020909 0.0020906 0.0453378 0.0020900 0.0320226 0.0031363 2.3926362 0.9405806 2.4825475 
AP017456_Megalocytivirus_pagrus1_RSIV                    0.0221795 0.0211468 0.0211468 0.0243257 0.0232396 0.0243074 0.0243217 1.8128020 0.9383652 1.9750021 0.4130240 0.0232396 0.0000010 2.4924513 0.0010412 0.0243378 0.0221795 0.0243370 0.0000000 0.0253819 0.0010412 0.0420613 1.8460588 1.8934361 0.9421357 0.0419233 0.0243217 1.8610195 0.0243257 0.0010413 2.3686641 0.0222229 0.0243257 0.0243217 0.0430795 0.0243140 0.0222229 0.0253819 2.3935653 0.9421357 2.4806657 
OQ513807_Megalocytivirus_pagrus1_ISKNV                   0.0052328 0.0319783 0.0319783 0.0031349 0.0020874 0.0031326 0.0031344 1.8180051 0.9390558 1.9983053 0.4104320 0.0020874 0.0253819 2.4806515 0.0264459 0.0031365 0.0052328 0.0031363 0.0253819 0.0000000 0.0264459 0.0442373 1.8532255 1.9111107 0.9428323 0.0452259 0.0031344 1.8661135 0.0031349 0.0243183 2.3783362 0.0330723 0.0031349 0.0031344 0.0463901 0.0031334 0.0330723 0.0000010 2.3839027 0.9428323 2.4783178 
MT798582_Megalocytivirus_pagrus1_RSIV                    0.0232414 0.0222097 0.0222097 0.0253896 0.0243019 0.0253704 0.0253854 1.8135362 0.9378874 1.9757827 0.4144820 0.0243019 0.0010412 2.4934528 0.0000010 0.0254022 0.0232414 0.0254013 0.0010412 0.0264459 0.0000000 0.0431485 1.8472403 1.8955138 0.9416608 0.0430076 0.0253854 1.8617748 0.0253896 0.0020831 2.3696122 0.0232869 0.0253896 0.0253854 0.0441660 0.0253773 0.0232869 0.0264459 2.3938663 0.9416608 2.4816379 
GQ273492_Megalocytivirus_pagrus1_TRBIV                   0.0409485 0.0482260 0.0482260 0.0431634 0.0420322 0.0431297 0.0431556 1.8255031 0.9631623 1.9428678 0.4297849 0.0420322 0.0420613 2.4874162 0.0431485 0.0431839 0.0409485 0.0431836 0.0420613 0.0442373 0.0431485 0.0000000 1.8923546 1.9572479 0.9669819 0.0211208 0.0431556 1.8688419 0.0431634 0.0409746 2.3338210 0.0493611 0.0431634 0.0431556 0.0222191 0.0431414 0.0493611 0.0442373 2.4112443 0.9669819 2.4748711 
AY521625_Ranavirus_epinephelus1_n/a                      1.8506714 1.8719329 1.8719329 1.8526688 1.8518819 1.8528628 1.8599311 1.4585692 1.8730719 1.6811818 1.9497561 1.8518819 1.8460588 2.5209578 1.8472403 1.8579158 1.8506714 1.8463864 1.8460588 1.8532255 1.8472403 1.8923546 0.0000000 0.4703732 1.8794333 1.8831378 1.8572600 1.4328266 1.8540567 1.8447383 2.1217151 1.8788832 1.8540567 1.8599311 1.8872552 1.8518849 1.8788832 1.8532255 2.2745168 1.8794333 2.1930516 
NC_005946_Ranavirus_rana1_n/a                            1.9092605 1.9207929 1.9207929 1.9122970 1.9097726 1.9147904 1.9138743 1.5130722 1.9448713 1.5624952 1.9927656 1.9097726 1.8934361 2.4717276 1.8955138 1.9139613 1.9092605 1.9173306 1.8934361 1.9111107 1.8955138 1.9572479 0.4703732 0.0000000 1.9514313 1.9371976 1.9109609 1.5282920 1.9129751 1.8921003 2.1411428 1.9278699 1.9129751 1.9138743 1.9419941 1.9104799 1.9278699 1.9111107 2.2748449 1.9514313 2.1516465 
MN562489_Megalocytivirus_lates1_SDDV                     0.9336641 0.9416271 0.9416271 0.9363747 0.9375834 0.9348998 0.9417999 1.8985383 0.0010555 1.9653418 0.9388217 0.9375834 0.9421357 2.5595120 0.9416608 0.9397175 0.9336641 0.9405806 0.9421357 0.9428323 0.9416608 0.9669819 1.8794333 1.9514313 0.0000000 0.9676732 0.9375758 1.9028657 0.9372673 0.9417640 2.3175793 0.9451058 0.9372673 0.9417999 0.9631063 0.9381971 0.9451058 0.9428323 2.3947205 0.0000010 2.3289078 
MG570131_Megalocytivirus_pagrus1_TRBIV                   0.0419418 0.0458438 0.0458438 0.0430632 0.0430237 0.0441197 0.0441461 1.8579279 0.9638549 1.9351419 0.4380919 0.0430237 0.0419233 2.4792190 0.0430076 0.0441750 0.0419418 0.0441748 0.0419233 0.0452259 0.0430076 0.0211208 1.8831378 1.9371976 0.9676732 0.0000000 0.0441461 1.8920230 0.0441541 0.0408393 2.3302192 0.0469731 0.0441541 0.0441461 0.0052275 0.0441317 0.0469731 0.0452259 2.4056744 0.9676732 2.4488851 
MW883603_Megalocytivirus_pagrus1_ISKNV                   0.0041856 0.0309092 0.0309092 0.0020896 0.0010436 0.0020881 0.0020893 1.8246307 0.9338082 2.0055336 0.4103870 0.0010436 0.0243217 2.4803724 0.0253854 0.0020907 0.0041856 0.0020906 0.0243217 0.0031344 0.0253854 0.0431556 1.8572600 1.9109609 0.9375758 0.0441461 0.0000000 1.8729671 0.0020896 0.0232585 2.3780144 0.0320022 0.0020896 0.0020893 0.0453083 0.0020887 0.0320022 0.0031344 2.3716837 0.9375758 2.4780438 
KX643370_Lymphocystivirus_sparus1_n/a                    1.8667343 1.8451606 1.8451606 1.8671601 1.8647489 1.8705398 1.8653282 0.1484344 1.8990588 1.4604383 1.9621389 1.8647489 1.8610195 2.1600156 1.8617748 1.8650605 1.8667343 1.8662296 1.8610195 1.8661135 1.8617748 1.8688419 1.4328266 1.5282920 1.9028657 1.8920230 1.8729671 0.0000000 1.8665241 1.8591651 2.0537533 1.8521181 1.8665241 1.8653282 1.8848502 1.8650857 1.8521181 1.8661135 2.1266746 1.9028657 2.0050970 
23043610005_Megalocytivirus_pagrus1_ISKNV                0.0041863 0.0309145 0.0309145 0.0020899 0.0010437 0.0020884 0.0020896 1.8183482 0.9335000 1.9988849 0.4109047 0.0010437 0.0243257 2.4859446 0.0253896 0.0020911 0.0041863 0.0020909 0.0243257 0.0031349 0.0253896 0.0431634 1.8540567 1.9129751 0.9372673 0.0441541 0.0020896 1.8665241 0.0000000 0.0232623 2.3796888 0.0320077 0.0000010 0.0020896 0.0453165 0.0020890 0.0320077 0.0031349 2.3852488 0.9372673 2.4797957 
MW883598_Megalocytivirus_pagrus1_RSIV                    0.0211181 0.0200844 0.0200844 0.0232623 0.0221778 0.0232448 0.0232585 1.8109836 0.9379945 1.9736201 0.4116943 0.0221778 0.0010413 2.4901984 0.0020831 0.0232740 0.0211181 0.0232731 0.0010413 0.0243183 0.0020831 0.0409746 1.8447383 1.8921003 0.9417640 0.0408393 0.0232585 1.8591651 0.0232623 0.0000000 2.3665014 0.0211593 0.0232623 0.0232585 0.0419934 0.0232511 0.0211593 0.0243183 2.3926205 0.9417640 2.4784759 
KF938901_Chloriridovirus_anopheles1_n/a                  2.3676211 2.3579383 2.3579383 2.3778705 2.3769066 2.3833818 2.3874568 2.0483129 2.3248614 1.6197450 2.5210509 2.3769066 2.3686641 1.3013389 2.3696122 2.3823083 2.3676211 2.3637130 2.3686641 2.3783362 2.3696122 2.3338210 2.1217151 2.1411428 2.3175793 2.3302192 2.3780144 2.0537533 2.3796888 2.3665014 0.0000000 2.3569283 2.3796888 2.3874568 2.3184838 2.3772553 2.3569283 2.3783362 1.4798106 2.3175793 0.4491281 
MK098186_Megalocytivirus_pagrus1_RSIV                    0.0298317 0.0010428 0.0010428 0.0320077 0.0309024 0.0319832 0.0320022 1.7976416 0.9413158 1.9920569 0.4260800 0.0309024 0.0222229 2.5131256 0.0232869 0.0320234 0.0298317 0.0320226 0.0222229 0.0330723 0.0232869 0.0493611 1.8788832 1.9278699 0.9451058 0.0469731 0.0320022 1.8521181 0.0320077 0.0211593 2.3569283 0.0000000 0.0320077 0.0320022 0.0481550 0.0319919 0.0000010 0.0330723 2.4075762 0.9451058 2.4784588 
23043610003_Megalocytivirus_pagrus1_ISKNV                0.0041863 0.0309145 0.0309145 0.0020899 0.0010437 0.0020884 0.0020896 1.8183482 0.9335000 1.9988849 0.4109047 0.0010437 0.0243257 2.4859446 0.0253896 0.0020911 0.0041863 0.0020909 0.0243257 0.0031349 0.0253896 0.0431634 1.8540567 1.9129751 0.9372673 0.0441541 0.0020896 1.8665241 0.0000010 0.0232623 2.3796888 0.0320077 0.0000000 0.0020896 0.0453165 0.0020890 0.0320077 0.0031349 2.3852488 0.9372673 2.4797957 
MW883597_Megalocytivirus_pagrus1_ISKNV                   0.0041856 0.0309092 0.0309092 0.0020896 0.0010436 0.0020881 0.0000010 1.8171957 0.9380231 2.0055336 0.4124983 0.0010436 0.0243217 2.4903190 0.0253854 0.0020907 0.0041856 0.0020906 0.0243217 0.0031344 0.0253854 0.0431556 1.8599311 1.9138743 0.9417999 0.0441461 0.0020893 1.8653282 0.0020896 0.0232585 2.3874568 0.0320022 0.0020896 0.0000000 0.0453083 0.0020887 0.0320022 0.0031344 2.3929504 0.9417999 2.4877628 
MG570132_Megalocytivirus_pagrus1_TRBIV                   0.0430985 0.0470227 0.0470227 0.0442232 0.0441826 0.0452811 0.0453083 1.8559460 0.9592985 1.9311642 0.4389215 0.0441826 0.0430795 2.4513493 0.0441660 0.0453379 0.0430985 0.0453378 0.0430795 0.0463901 0.0441660 0.0222191 1.8872552 1.9419941 0.9631063 0.0052275 0.0453083 1.8848502 0.0453165 0.0419934 2.3184838 0.0481550 0.0453165 0.0453083 0.0000000 0.0452934 0.0481550 0.0463901 2.4006667 0.9631063 2.4416845 
MW883600_Megalocytivirus_pagrus1_ISKNV                   0.0041843 0.0308993 0.0308993 0.0020890 0.0010432 0.0020875 0.0020887 1.8169929 0.9344298 1.9989320 0.4107331 0.0010432 0.0243140 2.4794750 0.0253773 0.0020901 0.0041843 0.0020900 0.0243140 0.0031334 0.0253773 0.0431414 1.8518849 1.9104799 0.9381971 0.0441317 0.0020887 1.8650857 0.0020890 0.0232511 2.3772553 0.0319919 0.0020890 0.0020887 0.0452934 0.0000000 0.0319919 0.0031334 2.3820075 0.9381971 2.4772598 
MK098187_Megalocytivirus_pagrus1_RSIV                    0.0298317 0.0010428 0.0010428 0.0320077 0.0309024 0.0319832 0.0320022 1.7976416 0.9413158 1.9920569 0.4260800 0.0309024 0.0222229 2.5131256 0.0232869 0.0320234 0.0298317 0.0320226 0.0222229 0.0330723 0.0232869 0.0493611 1.8788832 1.9278699 0.9451058 0.0469731 0.0320022 1.8521181 0.0320077 0.0211593 2.3569283 0.0000010 0.0320077 0.0320022 0.0481550 0.0319919 0.0000000 0.0330723 2.4075762 0.9451058 2.4784588 
OR670976_Megalocytivirus_pagrus1_ISKNV                   0.0052328 0.0319783 0.0319783 0.0031349 0.0020874 0.0031326 0.0031344 1.8180051 0.9390558 1.9983053 0.4104320 0.0020874 0.0253819 2.4806515 0.0264459 0.0031365 0.0052328 0.0031363 0.0253819 0.0000010 0.0264459 0.0442373 1.8532255 1.9111107 0.9428323 0.0452259 0.0031344 1.8661135 0.0031349 0.0243183 2.3783362 0.0330723 0.0031349 0.0031344 0.0463901 0.0031334 0.0330723 0.0000000 2.3839027 0.9428323 2.4783178 
AF303741_Iridovirus_chilo1_n/a                           2.3828254 2.4016406 2.4016406 2.3858791 2.3824881 2.3846076 2.3929504 2.1517090 2.3921674 1.6653414 2.4663632 2.3824881 2.3935653 0.7430317 2.3938663 2.3878440 2.3828254 2.3926362 2.3935653 2.3839027 2.3938663 2.4112443 2.2745168 2.2748449 2.3947205 2.4056744 2.3716837 2.1266746 2.3852488 2.3926205 1.4798106 2.4075762 2.3852488 2.3929504 2.4006667 2.3820075 2.4075762 2.3839027 0.0000000 2.3947205 1.4854577 
MT521409_Megalocytivirus_lates1_SDDV                     0.9336641 0.9416271 0.9416271 0.9363747 0.9375834 0.9348998 0.9417999 1.8985383 0.0010555 1.9653418 0.9388217 0.9375834 0.9421357 2.5595120 0.9416608 0.9397175 0.9336641 0.9405806 0.9421357 0.9428323 0.9416608 0.9669819 1.8794333 1.9514313 0.0000010 0.9676732 0.9375758 1.9028657 0.9372673 0.9417640 2.3175793 0.9451058 0.9372673 0.9417999 0.9631063 0.9381971 0.9451058 0.9428323 2.3947205 0.0000000 2.3289078 
HF920633_Chloriridovirus_simulium1_n/a                   2.4674042 2.4794954 2.4794954 2.4834898 2.4769040 2.4835702 2.4877628 1.9896114 2.3213145 1.6540003 2.5493225 2.4769040 2.4806657 1.3795611 2.4816379 2.4824476 2.4674042 2.4825475 2.4806657 2.4783178 2.4816379 2.4748711 2.1930516 2.1516465 2.3289078 2.4488851 2.4780438 2.0050970 2.4797957 2.4784759 0.4491281 2.4784588 2.4797957 2.4877628 2.4416845 2.4772598 2.4784588 2.4783178 1.4854577 2.3289078 0.0000000 
