42
MK637631_European_chub_iridovirus_ECIV                   0.0000000 0.9142461 0.9235107 0.9235107 0.9183850 0.9176839 0.9150483 0.9218620 1.8736512 0.4364019 1.9908664 0.9716355 0.9176839 0.9227838 2.4846625 0.9223041 0.9197980 0.9142461 0.9206419 0.9227838 0.9173322 0.9223041 0.9281896 2.0074829 2.0930582 0.4388455 0.9273498 0.9176735 1.8957466 0.9188249 0.9224139 2.2668485 0.9269451 0.9188249 0.9218620 0.9225254 0.9175831 0.9269451 0.9173322 2.3603582 0.4388455 2.2592058 
MT986830_Megalocytivirus_pagrus1_ISKNV                   0.9142461 0.0000000 0.0287493 0.0287493 0.0041866 0.0031361 0.0041834 0.0041859 1.8453772 0.9382965 2.0274930 0.4127765 0.0031361 0.0221828 2.5310182 0.0232448 0.0041887 0.0000010 0.0041885 0.0221828 0.0052330 0.0232448 0.0409643 1.8794705 1.9386839 0.9420895 0.0419584 0.0041859 1.8953133 0.0041866 0.0211213 2.4125811 0.0298398 0.0041866 0.0041859 0.0431163 0.0041846 0.0298398 0.0052330 2.4244140 0.9420895 2.5125572 
OL774653_Megalocytivirus_pagrus1_RSIV                    0.9235107 0.0287493 0.0000000 0.0000010 0.0309237 0.0298196 0.0308994 0.0309181 1.8172537 0.9463803 2.0230190 0.4260306 0.0298196 0.0211507 2.5629281 0.0222138 0.0309386 0.0287493 0.0309380 0.0211507 0.0319872 0.0222138 0.0482541 1.9013947 1.9506700 0.9502001 0.0458707 0.0309181 1.8734109 0.0309237 0.0200881 2.4027024 0.0010428 0.0309237 0.0309181 0.0470511 0.0309079 0.0010428 0.0319872 2.4439630 0.9502001 2.5251490 
MK098185_Megalocytivirus_pagrus1_RSIV                    0.9235107 0.0287493 0.0000010 0.0000000 0.0309237 0.0298196 0.0308994 0.0309181 1.8172537 0.9463803 2.0230190 0.4260306 0.0298196 0.0211507 2.5629281 0.0222138 0.0309386 0.0287493 0.0309380 0.0211507 0.0319872 0.0222138 0.0482541 1.9013947 1.9506700 0.9502001 0.0458707 0.0309181 1.8734109 0.0309237 0.0200881 2.4027024 0.0010428 0.0309237 0.0309181 0.0470511 0.0309079 0.0010428 0.0319872 2.4439630 0.9502001 2.5251490 
MK689685_Megalocytivirus_pagrus1_ISKNV                   0.9183850 0.0041866 0.0309237 0.0309237 0.0000000 0.0010438 0.0020885 0.0020897 1.8485673 0.9410452 2.0287863 0.4120343 0.0010438 0.0243302 2.5339413 0.0253943 0.0020912 0.0041866 0.0020910 0.0243302 0.0031350 0.0253943 0.0431817 1.8816224 1.9418843 0.9448467 0.0430813 0.0020897 1.8958597 0.0020901 0.0232667 2.4232270 0.0320177 0.0020901 0.0020897 0.0442426 0.0020891 0.0320177 0.0031350 2.4276626 0.9448467 2.5293475 
OP896201_Megalocytivirus_pagrus1_ISKNV                   0.9176839 0.0031361 0.0298196 0.0298196 0.0010438 0.0000000 0.0010430 0.0010436 1.8433937 0.9422784 2.0260570 0.4122714 0.0000010 0.0232434 2.5269314 0.0243058 0.0010443 0.0031361 0.0010442 0.0232434 0.0020874 0.0243058 0.0420489 1.8808140 1.9392722 0.9460827 0.0430412 0.0010436 1.8933243 0.0010438 0.0221814 2.4222250 0.0309112 0.0010438 0.0010436 0.0442013 0.0010433 0.0309112 0.0020874 2.4240972 0.9460827 2.5225050 
OR536350_Megalocytivirus_pagrus1_ISKNV                   0.9150483 0.0041834 0.0308994 0.0308994 0.0020885 0.0010430 0.0000000 0.0020881 1.8490995 0.9395719 2.0314808 0.4139939 0.0010430 0.0243114 2.5293160 0.0253746 0.0020896 0.0041834 0.0020894 0.0243114 0.0031326 0.0253746 0.0431470 1.8818350 1.9444629 0.9433704 0.0441378 0.0020881 1.8992171 0.0020885 0.0232486 2.4289717 0.0319925 0.0020885 0.0020881 0.0453005 0.0020875 0.0319925 0.0031326 2.4263180 0.9433704 2.5294426 
MW883596_Megalocytivirus_pagrus1_ISKNV                   0.9218620 0.0041859 0.0309181 0.0309181 0.0020897 0.0010436 0.0020881 0.0000000 1.8439761 0.9465817 2.0349170 0.4143110 0.0010436 0.0243260 2.5385084 0.0253898 0.0020908 0.0041859 0.0020907 0.0243260 0.0031345 0.0253898 0.0431734 1.8891357 1.9435065 0.9503973 0.0441647 0.0020894 1.8939470 0.0020897 0.0232626 2.4332123 0.0320118 0.0020897 0.0000010 0.0453282 0.0020887 0.0320118 0.0031345 2.4349639 0.9503973 2.5338015 
MN803438_Lymphocystivirus_micropogonias1_n/a             1.8736512 1.8453772 1.8172537 1.8172537 1.8485673 1.8433937 1.8490995 1.8439761 0.0000000 1.9261581 1.4713507 1.9414912 1.8433937 1.8394340 2.1779258 1.8401934 1.8437030 1.8453772 1.8509270 1.8394340 1.8446676 1.8401934 1.8522870 1.4770237 1.5323619 1.9282884 1.8856535 1.8516259 0.1486680 1.8451803 1.8375702 2.0819996 1.8241337 1.8451803 1.8439761 1.8835690 1.8437303 1.8241337 1.8446676 2.1855811 1.9282884 2.0211836 
OM037668_Megalocytivirus_lates1_SDDV                     0.4364019 0.9382965 0.9463803 0.9463803 0.9410452 0.9422784 0.9395719 0.9465817 1.9261581 0.0000000 1.9938038 0.9432887 0.9422784 0.9468358 2.6056880 0.9463702 0.9444633 0.9382965 0.9453613 0.9468358 0.9475791 0.9463702 0.9719558 1.9019401 1.9751506 0.0010556 0.9726269 0.9422796 1.9281779 0.9419671 0.9464553 2.3673732 0.9499081 0.9419671 0.9465817 0.9679917 0.9429021 0.9499081 0.9475791 2.4348901 0.0010556 2.3630093 
MF599468_Decapodiridovirus_litopenaeus1_n/a              1.9908664 2.0274930 2.0230190 2.0230190 2.0287863 2.0260570 2.0314808 2.0349170 1.4713507 1.9938038 0.0000000 2.1966646 2.0260570 2.0036194 1.7367528 2.0044265 2.0306283 2.0274930 2.0151947 2.0036194 2.0273198 2.0044265 1.9705726 1.7056748 1.5831468 1.9959884 1.9630258 2.0349170 1.4790519 2.0280871 2.0021968 1.6428684 2.0213612 2.0280871 2.0349170 1.9589372 2.0281699 2.0213612 2.0273198 1.6894762 1.9959884 1.6781651 
PQ335173_PQ335174_Threespine_stickleback_iridovirus_TSIV 0.9716355 0.4127765 0.4260306 0.4260306 0.4120343 0.4122714 0.4139939 0.4143110 1.9414912 0.9432887 2.1966646 0.0000000 0.4122714 0.4148554 2.6703823 0.4163145 0.4129335 0.4127765 0.4126371 0.4148554 0.4122238 0.4163145 0.4316950 1.9821700 2.0259905 0.9470731 0.4400362 0.4121794 1.9929693 0.4127047 0.4135122 2.5706128 0.4279960 0.4127047 0.4143110 0.4408766 0.4125347 0.4279960 0.4122238 2.5119171 0.9470731 2.5975333 
MW883599_Megalocytivirus_pagrus1_ISKNV                   0.9176839 0.0031361 0.0298196 0.0298196 0.0010438 0.0000010 0.0010430 0.0010436 1.8433937 0.9422784 2.0260570 0.4122714 0.0000000 0.0232434 2.5269314 0.0243058 0.0010443 0.0031361 0.0010442 0.0232434 0.0020874 0.0243058 0.0420489 1.8808140 1.9392722 0.9460827 0.0430412 0.0010436 1.8933243 0.0010438 0.0221814 2.4222250 0.0309112 0.0010438 0.0010436 0.0442013 0.0010433 0.0309112 0.0020874 2.4240972 0.9460827 2.5225050 
MK689686_Megalocytivirus_pagrus1_RSIV                    0.9227838 0.0221828 0.0211507 0.0211507 0.0243302 0.0232434 0.0243114 0.0243260 1.8394340 0.9468358 2.0036194 0.4148554 0.0232434 0.0000000 2.5406556 0.0010412 0.0243422 0.0221828 0.0243415 0.0000010 0.0253861 0.0010412 0.0420774 1.8746225 1.9224820 0.9506448 0.0419396 0.0243260 1.8894010 0.0243302 0.0010413 2.4139178 0.0222273 0.0243302 0.0243260 0.0430970 0.0243181 0.0222273 0.0253861 2.4355918 0.9506448 2.5260753 
HF920637_Iridovirus_armadillidium1_n/a                   2.4846625 2.5310182 2.5629281 2.5629281 2.5339413 2.5269314 2.5293160 2.5385084 2.1779258 2.6056880 1.7367528 2.6703823 2.5269314 2.5406556 0.0000000 2.5416967 2.5328393 2.5310182 2.5185489 2.5406556 2.5282503 2.5416967 2.5352387 2.5679332 2.5166918 2.6085022 2.5271562 2.5281505 2.1956432 2.5339413 2.5383313 1.3159734 2.5618065 2.5339413 2.5385084 2.4983751 2.5271904 2.5618065 2.5282503 0.7498350 2.6085022 1.3966953 
OK042109_Megalocytivirus_pagrus1_RSIV                    0.9223041 0.0232448 0.0222138 0.0222138 0.0253943 0.0243058 0.0253746 0.0253898 1.8401934 0.9463702 2.0044265 0.4163145 0.0243058 0.0010412 2.5416967 0.0000000 0.0254067 0.0232448 0.0254060 0.0010412 0.0264503 0.0000010 0.0431649 1.8758409 1.9246090 0.9501822 0.0430243 0.0253898 1.8901827 0.0253943 0.0020831 2.4149036 0.0232915 0.0253943 0.0253898 0.0441839 0.0253816 0.0232915 0.0264503 2.4359215 0.9501822 2.5270845 
MW883602_Megalocytivirus_pagrus1_ISKNV                   0.9197980 0.0041887 0.0309386 0.0309386 0.0020912 0.0010443 0.0020896 0.0020908 1.8437030 0.9444633 2.0306283 0.4129335 0.0010443 0.0243422 2.5328393 0.0254067 0.0000000 0.0041887 0.0020921 0.0243422 0.0031366 0.0254067 0.0432018 1.8870524 1.9436239 0.9482745 0.0441937 0.0020908 1.8936108 0.0020912 0.0232781 2.4278512 0.0320331 0.0020912 0.0020908 0.0453579 0.0020902 0.0320331 0.0031366 2.4296615 0.9482745 2.5282709 
MW883595_Megalocytivirus_pagrus1_ISKNV                   0.9142461 0.0000010 0.0287493 0.0287493 0.0041866 0.0031361 0.0041834 0.0041859 1.8453772 0.9382965 2.0274930 0.4127765 0.0031361 0.0221828 2.5310182 0.0232448 0.0041887 0.0000000 0.0041885 0.0221828 0.0052330 0.0232448 0.0409643 1.8794705 1.9386839 0.9420895 0.0419584 0.0041859 1.8953133 0.0041866 0.0211213 2.4125811 0.0298398 0.0041866 0.0041859 0.0431163 0.0041846 0.0298398 0.0052330 2.4244140 0.9420895 2.5125572 
MW273353_Megalocytivirus_pagrus1_ISKNV                   0.9206419 0.0041885 0.0309380 0.0309380 0.0020910 0.0010442 0.0020894 0.0020907 1.8509270 0.9453613 2.0151947 0.4126371 0.0010442 0.0243415 2.5185489 0.0254060 0.0020921 0.0041885 0.0000000 0.0243415 0.0031364 0.0254060 0.0432019 1.8750860 1.9471467 0.9491793 0.0441938 0.0020907 1.8948444 0.0020910 0.0232774 2.4085150 0.0320326 0.0020910 0.0020907 0.0453581 0.0020900 0.0320326 0.0031364 2.4346990 0.9491793 2.5284027 
AP017456_Megalocytivirus_pagrus1_RSIV                    0.9227838 0.0221828 0.0211507 0.0211507 0.0243302 0.0232434 0.0243114 0.0243260 1.8394340 0.9468358 2.0036194 0.4148554 0.0232434 0.0000010 2.5406556 0.0010412 0.0243422 0.0221828 0.0243415 0.0000000 0.0253861 0.0010412 0.0420774 1.8746225 1.9224820 0.9506448 0.0419396 0.0243260 1.8894010 0.0243302 0.0010413 2.4139178 0.0222273 0.0243302 0.0243260 0.0430970 0.0243181 0.0222273 0.0253861 2.4355918 0.9506448 2.5260753 
OQ513807_Megalocytivirus_pagrus1_ISKNV                   0.9173322 0.0052330 0.0319872 0.0319872 0.0031350 0.0020874 0.0031326 0.0031345 1.8446676 0.9475791 2.0273198 0.4122238 0.0020874 0.0253861 2.5282503 0.0264503 0.0031366 0.0052330 0.0031364 0.0253861 0.0000000 0.0264503 0.0442552 1.8820799 1.9405299 0.9513944 0.0452446 0.0031345 1.8946085 0.0031350 0.0243224 2.4235383 0.0330820 0.0031350 0.0031345 0.0464100 0.0031335 0.0330820 0.0000010 2.4253950 0.9513944 2.5237947 
MT798582_Megalocytivirus_pagrus1_RSIV                    0.9223041 0.0232448 0.0222138 0.0222138 0.0253943 0.0243058 0.0253746 0.0253898 1.8401934 0.9463702 2.0044265 0.4163145 0.0243058 0.0010412 2.5416967 0.0000010 0.0254067 0.0232448 0.0254060 0.0010412 0.0264503 0.0000000 0.0431649 1.8758409 1.9246090 0.9501822 0.0430243 0.0253898 1.8901827 0.0253943 0.0020831 2.4149036 0.0232915 0.0253943 0.0253898 0.0441839 0.0253816 0.0232915 0.0264503 2.4359215 0.9501822 2.5270845 
GQ273492_Megalocytivirus_pagrus1_TRBIV                   0.9281896 0.0409643 0.0482541 0.0482541 0.0431817 0.0420489 0.0431470 0.0431734 1.8522870 0.9719558 1.9705726 0.4316950 0.0420489 0.0420774 2.5352387 0.0431649 0.0432018 0.0409643 0.0432019 0.0420774 0.0442552 0.0431649 0.0000000 1.9220957 1.9876296 0.9758143 0.0211243 0.0431734 1.8972820 0.0431817 0.0409902 2.3783576 0.0493906 0.0431817 0.0431734 0.0222233 0.0431590 0.0493906 0.0442552 2.4531270 0.9758143 2.5206001 
AY521625_Ranavirus_epinephelus1_n/a                      2.0074829 1.8794705 1.9013947 1.9013947 1.8816224 1.8808140 1.8818350 1.8891357 1.4770237 1.9019401 1.7056748 1.9821700 1.8808140 1.8746225 2.5679332 1.8758409 1.8870524 1.8794705 1.8750860 1.8746225 1.8820799 1.8758409 1.9220957 0.0000000 0.4731479 1.9084073 1.9125013 1.8863805 1.4505782 1.8830958 1.8732595 2.1597538 1.9085345 1.8830958 1.8891357 1.9167064 1.8808306 1.9085345 1.8820799 2.3137874 1.9084073 2.2309565 
NC_005946_Ranavirus_rana1_n/a                            2.0930582 1.9386839 1.9506700 1.9506700 1.9418843 1.9392722 1.9444629 1.9435065 1.5323619 1.9751506 1.5831468 2.0259905 1.9392722 1.9224820 2.5166918 1.9246090 1.9436239 1.9386839 1.9471467 1.9224820 1.9405299 1.9246090 1.9876296 0.4731479 0.0000000 1.9818206 1.9672021 1.9405334 1.5480070 1.9426210 1.9211046 2.1780953 1.9579409 1.9426210 1.9435065 1.9721093 1.9399940 1.9579409 1.9405299 2.3128501 1.9818206 2.1889036 
MN562489_Megalocytivirus_lates1_SDDV                     0.4388455 0.9420895 0.9502001 0.9502001 0.9448467 0.9460827 0.9433704 0.9503973 1.9282884 0.0010556 1.9959884 0.9470731 0.9460827 0.9506448 2.6085022 0.9501822 0.9482745 0.9420895 0.9491793 0.9506448 0.9513944 0.9501822 0.9758143 1.9084073 1.9818206 0.0000000 0.9764841 0.9460858 1.9320911 0.9457731 0.9502632 2.3599033 0.9537372 0.9457731 0.9503973 0.9718382 0.9467080 0.9537372 0.9513944 2.4375349 0.0000010 2.3707519 
MG570131_Megalocytivirus_pagrus1_TRBIV                   0.9273498 0.0419584 0.0458707 0.0458707 0.0430813 0.0430412 0.0441378 0.0441647 1.8856535 0.9726269 1.9630258 0.4400362 0.0430412 0.0419396 2.5271562 0.0430243 0.0441937 0.0419584 0.0441938 0.0419396 0.0452446 0.0430243 0.0211243 1.9125013 1.9672021 0.9764841 0.0000000 0.0441647 1.9212524 0.0441732 0.0408553 2.3743428 0.0470013 0.0441732 0.0441647 0.0052279 0.0441500 0.0470013 0.0452446 2.4477939 0.9764841 2.4939559 
MW883603_Megalocytivirus_pagrus1_ISKNV                   0.9176735 0.0041859 0.0309181 0.0309181 0.0020897 0.0010436 0.0020881 0.0020894 1.8516259 0.9422796 2.0349170 0.4121794 0.0010436 0.0243260 2.5281505 0.0253898 0.0020908 0.0041859 0.0020907 0.0243260 0.0031345 0.0253898 0.0431734 1.8863805 1.9405334 0.9460858 0.0441647 0.0000000 1.9018146 0.0020897 0.0232626 2.4233823 0.0320118 0.0020897 0.0020894 0.0453282 0.0020887 0.0320118 0.0031345 2.4129241 0.9460858 2.5236946 
KX643370_Lymphocystivirus_sparus1_n/a                    1.8957466 1.8953133 1.8734109 1.8734109 1.8958597 1.8933243 1.8992171 1.8939470 0.1486680 1.9281779 1.4790519 1.9929693 1.8933243 1.8894010 2.1956432 1.8901827 1.8936108 1.8953133 1.8948444 1.8894010 1.8946085 1.8901827 1.8972820 1.4505782 1.5480070 1.9320911 1.9212524 1.9018146 0.0000000 1.8951973 1.8874990 2.0872327 1.8805510 1.8951973 1.8939470 1.9139290 1.8936582 1.8805510 1.8946085 2.1606887 1.9320911 2.0364878 
23043610005_Megalocytivirus_pagrus1_ISKNV                0.9188249 0.0041866 0.0309237 0.0309237 0.0020901 0.0010438 0.0020885 0.0020897 1.8451803 0.9419671 2.0280871 0.4127047 0.0010438 0.0243302 2.5339413 0.0253943 0.0020912 0.0041866 0.0020910 0.0243302 0.0031350 0.0253943 0.0431817 1.8830958 1.9426210 0.9457731 0.0441732 0.0020897 1.8951973 0.0000000 0.0232667 2.4251558 0.0320177 0.0000010 0.0020897 0.0453370 0.0020891 0.0320177 0.0031350 2.4269964 0.9457731 2.5255450 
MW883598_Megalocytivirus_pagrus1_RSIV                    0.9224139 0.0211213 0.0200881 0.0200881 0.0232667 0.0221814 0.0232486 0.0232626 1.8375702 0.9464553 2.0021968 0.4135122 0.0221814 0.0010413 2.5383313 0.0020831 0.0232781 0.0211213 0.0232774 0.0010413 0.0243224 0.0020831 0.0409902 1.8732595 1.9211046 0.9502632 0.0408553 0.0232626 1.8874990 0.0232667 0.0000000 2.4116865 0.0211635 0.0232667 0.0232626 0.0420105 0.0232550 0.0211635 0.0243224 2.4346117 0.9502632 2.5238189 
KF938901_Chloriridovirus_anopheles1_n/a                  2.2668485 2.4125811 2.4027024 2.4027024 2.4232270 2.4222250 2.4289717 2.4332123 2.0819996 2.3673732 1.6428684 2.5706128 2.4222250 2.4139178 1.3159734 2.4149036 2.4278512 2.4125811 2.4085150 2.4139178 2.4235383 2.4149036 2.3783576 2.1597538 2.1780953 2.3599033 2.3743428 2.4233823 2.0872327 2.4251558 2.4116865 0.0000000 2.4016536 2.4251558 2.4332123 2.3622911 2.4225897 2.4016536 2.4235383 1.4989178 2.3599033 0.4515250 
MK098186_Megalocytivirus_pagrus1_RSIV                    0.9269451 0.0298398 0.0010428 0.0010428 0.0320177 0.0309112 0.0319925 0.0320118 1.8241337 0.9499081 2.0213612 0.4279960 0.0309112 0.0222273 2.5618065 0.0232915 0.0320331 0.0298398 0.0320326 0.0222273 0.0330820 0.0232915 0.0493906 1.9085345 1.9579409 0.9537372 0.0470013 0.0320118 1.8805510 0.0320177 0.0211635 2.4016536 0.0000000 0.0320177 0.0320118 0.0481848 0.0320013 0.0000010 0.0330820 2.4501685 0.9537372 2.5240721 
23043610003_Megalocytivirus_pagrus1_ISKNV                0.9188249 0.0041866 0.0309237 0.0309237 0.0020901 0.0010438 0.0020885 0.0020897 1.8451803 0.9419671 2.0280871 0.4127047 0.0010438 0.0243302 2.5339413 0.0253943 0.0020912 0.0041866 0.0020910 0.0243302 0.0031350 0.0253943 0.0431817 1.8830958 1.9426210 0.9457731 0.0441732 0.0020897 1.8951973 0.0000010 0.0232667 2.4251558 0.0320177 0.0000000 0.0020897 0.0453370 0.0020891 0.0320177 0.0031350 2.4269964 0.9457731 2.5255450 
MW883597_Megalocytivirus_pagrus1_ISKNV                   0.9218620 0.0041859 0.0309181 0.0309181 0.0020897 0.0010436 0.0020881 0.0000010 1.8439761 0.9465817 2.0349170 0.4143110 0.0010436 0.0243260 2.5385084 0.0253898 0.0020908 0.0041859 0.0020907 0.0243260 0.0031345 0.0253898 0.0431734 1.8891357 1.9435065 0.9503973 0.0441647 0.0020894 1.8939470 0.0020897 0.0232626 2.4332123 0.0320118 0.0020897 0.0000000 0.0453282 0.0020887 0.0320118 0.0031345 2.4349639 0.9503973 2.5338015 
MG570132_Megalocytivirus_pagrus1_TRBIV                   0.9225254 0.0431163 0.0470511 0.0470511 0.0442426 0.0442013 0.0453005 0.0453282 1.8835690 0.9679917 1.9589372 0.4408766 0.0442013 0.0430970 2.4983751 0.0441839 0.0453579 0.0431163 0.0453581 0.0430970 0.0464100 0.0441839 0.0222233 1.9167064 1.9721093 0.9718382 0.0052279 0.0453282 1.9139290 0.0453370 0.0420105 2.3622911 0.0481848 0.0453370 0.0453282 0.0000000 0.0453130 0.0481848 0.0464100 2.4426787 0.9718382 2.4866176 
MW883600_Megalocytivirus_pagrus1_ISKNV                   0.9175831 0.0041846 0.0309079 0.0309079 0.0020891 0.0010433 0.0020875 0.0020887 1.8437303 0.9429021 2.0281699 0.4125347 0.0010433 0.0243181 2.5271904 0.0253816 0.0020902 0.0041846 0.0020900 0.0243181 0.0031335 0.0253816 0.0431590 1.8808306 1.9399940 0.9467080 0.0441500 0.0020887 1.8936582 0.0020891 0.0232550 2.4225897 0.0320013 0.0020891 0.0020887 0.0453130 0.0000000 0.0320013 0.0031335 2.4236170 0.9467080 2.5228774 
MK098187_Megalocytivirus_pagrus1_RSIV                    0.9269451 0.0298398 0.0010428 0.0010428 0.0320177 0.0309112 0.0319925 0.0320118 1.8241337 0.9499081 2.0213612 0.4279960 0.0309112 0.0222273 2.5618065 0.0232915 0.0320331 0.0298398 0.0320326 0.0222273 0.0330820 0.0232915 0.0493906 1.9085345 1.9579409 0.9537372 0.0470013 0.0320118 1.8805510 0.0320177 0.0211635 2.4016536 0.0000010 0.0320177 0.0320118 0.0481848 0.0320013 0.0000000 0.0330820 2.4501685 0.9537372 2.5240721 
OR670976_Megalocytivirus_pagrus1_ISKNV                   0.9173322 0.0052330 0.0319872 0.0319872 0.0031350 0.0020874 0.0031326 0.0031345 1.8446676 0.9475791 2.0273198 0.4122238 0.0020874 0.0253861 2.5282503 0.0264503 0.0031366 0.0052330 0.0031364 0.0253861 0.0000010 0.0264503 0.0442552 1.8820799 1.9405299 0.9513944 0.0452446 0.0031345 1.8946085 0.0031350 0.0243224 2.4235383 0.0330820 0.0031350 0.0031345 0.0464100 0.0031335 0.0330820 0.0000000 2.4253950 0.9513944 2.5237947 
AF303741_Iridovirus_chilo1_n/a                           2.3603582 2.4244140 2.4439630 2.4439630 2.4276626 2.4240972 2.4263180 2.4349639 2.1855811 2.4348901 1.6894762 2.5119171 2.4240972 2.4355918 0.7498350 2.4359215 2.4296615 2.4244140 2.4346990 2.4355918 2.4253950 2.4359215 2.4531270 2.3137874 2.3128501 2.4375349 2.4477939 2.4129241 2.1606887 2.4269964 2.4346117 1.4989178 2.4501685 2.4269964 2.4349639 2.4426787 2.4236170 2.4501685 2.4253950 0.0000000 2.4375349 1.5055454 
MT521409_Megalocytivirus_lates1_SDDV                     0.4388455 0.9420895 0.9502001 0.9502001 0.9448467 0.9460827 0.9433704 0.9503973 1.9282884 0.0010556 1.9959884 0.9470731 0.9460827 0.9506448 2.6085022 0.9501822 0.9482745 0.9420895 0.9491793 0.9506448 0.9513944 0.9501822 0.9758143 1.9084073 1.9818206 0.0000010 0.9764841 0.9460858 1.9320911 0.9457731 0.9502632 2.3599033 0.9537372 0.9457731 0.9503973 0.9718382 0.9467080 0.9537372 0.9513944 2.4375349 0.0000000 2.3707519 
HF920633_Chloriridovirus_simulium1_n/a                   2.2592058 2.5125572 2.5251490 2.5251490 2.5293475 2.5225050 2.5294426 2.5338015 2.0211836 2.3630093 1.6781651 2.5975333 2.5225050 2.5260753 1.3966953 2.5270845 2.5282709 2.5125572 2.5284027 2.5260753 2.5237947 2.5270845 2.5206001 2.2309565 2.1889036 2.3707519 2.4939559 2.5236946 2.0364878 2.5255450 2.5238189 0.4515250 2.5240721 2.5255450 2.5338015 2.4866176 2.5228774 2.5240721 2.5237947 1.5055454 2.3707519 0.0000000 
