20
MK637631_European_chub_iridovirus_ECIV                   0.0000000 1.2525663 2.6078980 1.2528600 1.2525663 2.5512632 1.2528600 2.2044903 2.2641500 1.2606110 2.3943589 2.3692092 1.2113455 0.7814893 2.3713115 2.1519230 1.2553926 0.7814893 1.2553926 2.2513642 
MN432490_Megalocytivirus_pagrus1_ISKNV                   1.2525663 0.0000000 2.4782832 0.0205431 0.0000010 2.6217228 0.0205431 2.3375057 2.3620517 0.0248921 2.3267685 2.5059083 0.4975641 1.3386188 2.5046416 2.3902452 0.0248312 1.3386188 0.0248312 2.3261121 
AY521625_Ranavirus_epinephelus1_n/a                      2.6078980 2.4782832 0.0000000 2.5043190 2.4782832 3.2363736 2.5043190 1.8578640 1.8423714 2.5206542 0.5193722 3.2207905 2.5661211 3.1933322 3.1019021 3.0026882 2.5322937 3.1933322 2.5322937 1.8957067 
KT804738_Megalocytivirus_pagrus1_RSIV                    1.2528600 0.0205431 2.5043190 0.0000000 0.0205431 2.5823516 0.0000010 2.3332358 2.3576719 0.0290158 2.3456484 2.4594810 0.5189753 1.3266850 2.4796146 2.3804538 0.0289453 1.3266850 0.0289453 2.3059851 
23043610005_Megalocytivirus_pagrus1_ISKNV                1.2525663 0.0000010 2.4782832 0.0205431 0.0000000 2.6217228 0.0205431 2.3375057 2.3620517 0.0248921 2.3267685 2.5059083 0.4975641 1.3386188 2.5046416 2.3902452 0.0248312 1.3386188 0.0248312 2.3261121 
AF303741_Iridovirus_chilo1_n/a                           2.5512632 2.6217228 3.2363736 2.5823516 2.6217228 0.0000000 2.5823516 2.8273033 2.7503914 2.6203456 3.3674168 1.4898780 2.4983787 2.5712968 1.5792741 0.5702935 2.6414038 2.5712968 2.6414038 2.5682012 
OK042109_Megalocytivirus_pagrus1_RSIV                    1.2528600 0.0205431 2.5043190 0.0000010 0.0205431 2.5823516 0.0000000 2.3332358 2.3576719 0.0290158 2.3456484 2.4594810 0.5189753 1.3266850 2.4796146 2.3804538 0.0289453 1.3266850 0.0289453 2.3059851 
KX643370_Lymphocystivirus_sparus1_n/a                    2.2044903 2.3375057 1.8578640 2.3332358 2.3375057 2.8273033 2.3332358 0.0000000 0.0987131 2.3756726 1.7819904 2.8983081 2.5676620 2.6209679 2.6317960 2.4682878 2.3856347 2.6209679 2.3856347 1.8515467 
MN803438_Lymphocystivirus_micropogonias1_n/a             2.2641500 2.3620517 1.8423714 2.3576719 2.3620517 2.7503914 2.3576719 0.0987131 0.0000000 2.4000884 1.8039999 2.9044557 2.4853779 2.6386250 2.6583924 2.4588133 2.4102015 2.6386250 2.4102015 1.8948490 
GQ273492_Megalocytivirus_pagrus1_TRBIV                   1.2606110 0.0248921 2.5206542 0.0290158 0.0248921 2.6203456 0.0290158 2.3756726 2.4000884 0.0000000 2.3572074 2.5118007 0.5136894 1.3415731 2.5234255 2.3885213 0.0040908 1.3415731 0.0040908 2.3046274 
NC_005946_Ranavirus_rana1_n/a                            2.3943589 2.3267685 0.5193722 2.3456484 2.3267685 3.3674168 2.3456484 1.7819904 1.8039999 2.3572074 0.0000000 2.9666256 2.5441550 2.9399915 2.8563469 3.1646767 2.3739327 2.9399915 2.3739327 1.9621861 
KF938901_Chloriridovirus_anopheles1_n/a                  2.3692092 2.5059083 3.2207905 2.4594810 2.5059083 1.4898780 2.4594810 2.8983081 2.9044557 2.5118007 2.9666256 0.0000000 2.3658339 2.5748457 0.5688696 1.5568439 2.5308973 2.5748457 2.5308973 2.6728564 
PQ335173_PQ335174_Threespine_stickleback_iridovirus_TSIV 1.2113455 0.4975641 2.5661211 0.5189753 0.4975641 2.4983787 0.5189753 2.5676620 2.4853779 0.5136894 2.5441550 2.3658339 0.0000000 1.2645820 2.5670748 2.3444667 0.5072850 1.2645820 0.5072850 2.5651610 
MN562489_Megalocytivirus_lates1_SDDV                     0.7814893 1.3386188 3.1933322 1.3266850 1.3386188 2.5712968 1.3266850 2.6209679 2.6386250 1.3415731 2.9399915 2.5748457 1.2645820 0.0000000 2.3861150 2.1991860 1.3332366 0.0000010 1.3332366 2.2633228 
HF920633_Chloriridovirus_simulium1_n/a                   2.3713115 2.5046416 3.1019021 2.4796146 2.5046416 1.5792741 2.4796146 2.6317960 2.6583924 2.5234255 2.8563469 0.5688696 2.5670748 2.3861150 0.0000000 1.5477439 2.5498460 2.3861150 2.5498460 2.5449600 
HF920637_Iridovirus_armadillidium1_n/a                   2.1519230 2.3902452 3.0026882 2.3804538 2.3902452 0.5702935 2.3804538 2.4682878 2.4588133 2.3885213 3.1646767 1.5568439 2.3444667 2.1991860 1.5477439 0.0000000 2.4133111 2.1991860 2.4133111 2.3658316 
MG570132_Megalocytivirus_pagrus1_TRBIV                   1.2553926 0.0248312 2.5322937 0.0289453 0.0248312 2.6414038 0.0289453 2.3856347 2.4102015 0.0040908 2.3739327 2.5308973 0.5072850 1.3332366 2.5498460 2.4133111 0.0000000 1.3332366 0.0000010 2.2900744 
MT521409_Megalocytivirus_lates1_SDDV                     0.7814893 1.3386188 3.1933322 1.3266850 1.3386188 2.5712968 1.3266850 2.6209679 2.6386250 1.3415731 2.9399915 2.5748457 1.2645820 0.0000010 2.3861150 2.1991860 1.3332366 0.0000000 1.3332366 2.2633228 
MG570131_Megalocytivirus_pagrus1_TRBIV                   1.2553926 0.0248312 2.5322937 0.0289453 0.0248312 2.6414038 0.0289453 2.3856347 2.4102015 0.0040908 2.3739327 2.5308973 0.5072850 1.3332366 2.5498460 2.4133111 0.0000010 1.3332366 0.0000000 2.2900744 
MF599468_Decapodiridovirus_litopenaeus1_n/a              2.2513642 2.3261121 1.8957067 2.3059851 2.3261121 2.5682012 2.3059851 1.8515467 1.8948490 2.3046274 1.9621861 2.6728564 2.5651610 2.2633228 2.5449600 2.3658316 2.2900744 2.2633228 2.2900744 0.0000000 
