30
Chlor_AMIV_KF938901_1_Chlor_AMIV_KF938901.1_00092             0.0000000 0.5426617 3.4598598 2.1823156 2.1030113 2.1599507 2.5562553 2.5823950 2.7216124 2.7216124 2.9402755 2.9490856 2.8611061 2.9490856 2.9490856 2.9344822 2.8769367 2.8611061 2.8615739 2.8812244 2.8812244 2.8623782 2.8617488 2.9344822 2.8752755 2.9082815 2.9082815 2.8512218 2.6854415 2.7615391 
Chlor_IIV22_HF920633_1_Chlor_IIV22_HF920633.1_00118           0.5426617 0.0000000 3.2116205 2.2491115 2.0875241 2.1301903 2.6801757 2.6155627 2.8875398 2.8875398 3.0752346 3.0947923 2.9799274 3.0947923 3.0947923 3.0715079 3.0015808 2.9799274 2.9804210 2.9976102 2.9976102 2.9649981 2.9852169 3.0715079 3.0573891 3.0551386 3.0551386 2.9792185 2.8227465 2.8312115 
Daphi_LS484712_1_Daphi_LS484712.1_00203                       3.4598598 3.2116205 0.0000000 3.5258468 3.5148881 3.7663552 3.8742295 3.7000357 4.0534334 4.0534334 3.8044266 3.8162975 3.7914286 3.8162975 3.8162975 3.8067643 3.8173150 3.7914286 3.7846281 3.8091359 3.8091359 3.7564401 3.7780255 3.8067643 3.8022887 3.8057546 3.8057546 3.7719673 4.4014091 4.0543755 
Decap_MF599468_1_Decap_MF599468.1_00149                       2.1823156 2.2491115 3.5258468 0.0000000 2.1184879 2.0129123 1.9473795 1.9161832 2.4023138 2.4023138 2.5250914 2.5334516 2.5129918 2.5334516 2.5334516 2.5317601 2.5821473 2.5129918 2.5134079 2.5443905 2.5443905 2.5170789 2.5046074 2.5317601 2.5359850 2.5694532 2.5694532 2.5151710 2.1442291 2.1171453 
Irido_IIV31_HF920637_1_Irido_IIV31_HF920637.1_00217           2.1030113 2.0875241 3.5148881 2.1184879 0.0000000 0.7808971 2.3350407 2.2845887 2.9850729 2.9850729 2.9322601 2.9399886 2.9658114 2.9399886 2.9399886 2.9330996 3.0032894 2.9658114 2.9649169 2.9953392 2.9953392 2.9461513 2.8774829 2.9330996 2.9304235 2.9452349 2.9452349 2.9677090 2.6816222 2.6378727 
Irido_IIV6_AF303741_1_Irido_IIV6_AF303741.1_00006             2.1599507 2.1301903 3.7663552 2.0129123 0.7808971 0.0000000 2.3908692 2.4209024 2.8006224 2.8006224 2.9510124 2.9664333 3.0052614 2.9664333 2.9664333 2.9544498 3.0027382 3.0052614 3.0043435 3.0105845 3.0105845 2.9791766 2.9922523 2.9544498 2.9454639 2.9769711 2.9769711 2.9910489 2.7088011 2.7638121 
Lymph_LCD4_MN803438_1_Lymph_LCD4_MN803438.1_00049             2.5562553 2.6801757 3.8742295 1.9473795 2.3350407 2.3908692 0.0000000 0.4370643 1.9403396 1.9403396 2.1195994 2.1170862 2.1072343 2.1170862 2.1170862 2.1231418 2.1504532 2.1072343 2.1076189 2.1164949 2.1164949 2.1059124 2.0996368 2.1231418 2.1020652 2.1290660 2.1290660 2.1073185 1.5057165 1.4038330 
Lymph_LDV1_L63545_1_Lymph_LDV1_L63545.1_00069                 2.5823950 2.6155627 3.7000357 1.9161832 2.2845887 2.4209024 0.4370643 0.0000000 1.9287830 1.9287830 2.1078020 2.1185041 2.0925677 2.1185041 2.1185041 2.1113229 2.1309335 2.0925677 2.0929520 2.1016859 2.1016859 2.0764860 2.0850384 2.1113229 2.0900639 2.1260603 2.1260603 2.0926576 1.5246890 1.4071632 
MCV_ML1_SDDV_MN562489_1_MCV_ML1_SDDV_MN562489.1_00128         2.7216124 2.8875398 4.0534334 2.4023138 2.9850729 2.8006224 1.9403396 1.9287830 0.0000000 0.0000010 1.2034165 1.2030743 1.1653916 1.2040430 1.2040430 1.2051837 1.2080184 1.1653916 1.1657715 1.1799936 1.1799936 1.1638595 1.1653916 1.2051837 1.1976212 1.2013481 1.2013481 1.1724526 2.1595893 2.0788574 
MCV_ML1_SDDV_MT521409_1_MCV_ML1_SDDV_MT521409.1_00129         2.7216124 2.8875398 4.0534334 2.4023138 2.9850729 2.8006224 1.9403396 1.9287830 0.0000010 0.0000000 1.2034165 1.2030743 1.1653916 1.2040430 1.2040430 1.2051837 1.2080184 1.1653916 1.1657715 1.1799936 1.1799936 1.1638595 1.1653916 1.2051837 1.1976212 1.2013481 1.2013481 1.1724526 2.1595893 2.0788574 
MCV_MP1_BCFI_MN432490_1_MCV_MP1_BCFI_MN432490.1_00064         2.9402755 3.0752346 3.8044266 2.5250914 2.9322601 2.9510124 2.1195994 2.1078020 1.2034165 1.2034165 0.0000000 0.0057064 0.0492141 0.0045608 0.0045608 0.0011347 0.0526825 0.0492141 0.0504905 0.0505748 0.0505748 0.0521031 0.0492141 0.0011347 0.0431803 0.0444786 0.0444786 0.0467819 2.1576087 2.0732026 
MCV_MP1_BCFI_MT926123_1_MCV_MP1_BCFI_MT926123.1_00065         2.9490856 3.0947923 3.8162975 2.5334516 2.9399886 2.9664333 2.1170862 2.1185041 1.2030743 1.2030743 0.0057064 0.0000000 0.0492563 0.0011364 0.0011364 0.0068503 0.0527289 0.0492563 0.0505340 0.0506185 0.0506185 0.0521484 0.0492563 0.0068503 0.0456889 0.0469988 0.0469988 0.0468218 2.1555698 2.0835479 
MCV_MP1_GSPI_KT804738_1_MCV_MP1_GSPI_KT804738.1_00060         2.8611061 2.9799274 3.7914286 2.5129918 2.9658114 3.0052614 2.1072343 2.0925677 1.1653916 1.1653916 0.0492141 0.0492563 0.0000000 0.0480370 0.0480370 0.0504064 0.0138760 0.0000010 0.0011258 0.0125010 0.0125010 0.0045491 0.0000010 0.0504064 0.0452295 0.0477110 0.0477110 0.0045094 2.1196166 2.0695490 
MCV_MP1_ISKNV_AF371960_1_MCV_MP1_ISKNV_AF371960.1_00064       2.9490856 3.0947923 3.8162975 2.5334516 2.9399886 2.9664333 2.1170862 2.1185041 1.2040430 1.2040430 0.0045608 0.0011364 0.0480370 0.0000000 0.0000010 0.0057032 0.0514795 0.0480370 0.0493109 0.0493933 0.0493933 0.0509143 0.0480370 0.0057032 0.0444743 0.0457797 0.0457797 0.0456072 2.1555698 2.0835479 
MCV_MP1_ISKNV_MK689685_1_MCV_MP1_ISKNV_MK689685.1_00061       2.9490856 3.0947923 3.8162975 2.5334516 2.9399886 2.9664333 2.1170862 2.1185041 1.2040430 1.2040430 0.0045608 0.0011364 0.0480370 0.0000010 0.0000000 0.0057032 0.0514795 0.0480370 0.0493109 0.0493933 0.0493933 0.0509143 0.0480370 0.0057032 0.0444743 0.0457797 0.0457797 0.0456072 2.1555698 2.0835479 
MCV_MP1_LBUSV_OP009387_1_MCV_MP1_LBUSV_OP009387.1_00064       2.9344822 3.0715079 3.8067643 2.5317601 2.9330996 2.9544498 2.1231418 2.1113229 1.2051837 1.2051837 0.0011347 0.0068503 0.0504064 0.0057032 0.0057032 0.0000000 0.0539023 0.0504064 0.0516857 0.0517721 0.0517721 0.0533082 0.0504064 0.0000010 0.0443653 0.0456673 0.0456673 0.0479709 2.1508122 2.0667100 
MCV_MP1_LYCI_AY779031_1_MCV_MP1_LYCI_AY779031.1_00068         2.8769367 3.0015808 3.8173150 2.5821473 3.0032894 3.0027382 2.1504532 2.1309335 1.2080184 1.2080184 0.0526825 0.0527289 0.0138760 0.0514795 0.0514795 0.0539023 0.0000000 0.0138760 0.0150638 0.0022911 0.0022911 0.0187279 0.0138760 0.0539023 0.0473882 0.0511482 0.0511482 0.0092226 2.1749744 2.1335167 
MCV_MP1_LYCI_MW139932_1_MCV_MP1_LYCI_MW139932.1_00065         2.8611061 2.9799274 3.7914286 2.5129918 2.9658114 3.0052614 2.1072343 2.0925677 1.1653916 1.1653916 0.0492141 0.0492563 0.0000010 0.0480370 0.0480370 0.0504064 0.0138760 0.0000000 0.0011258 0.0125010 0.0125010 0.0045491 0.0000010 0.0504064 0.0452295 0.0477110 0.0477110 0.0045094 2.1196166 2.0695490 
MCV_MP1_OSGI_AY894343_1_MCV_MP1_OSGI_AY894343.1_00063         2.8615739 2.9804210 3.7846281 2.5134079 2.9649169 3.0043435 2.1076189 2.0929520 1.1657715 1.1657715 0.0504905 0.0505340 0.0011258 0.0493109 0.0493109 0.0516857 0.0150638 0.0011258 0.0000000 0.0136654 0.0136654 0.0056979 0.0011258 0.0516857 0.0464850 0.0489755 0.0489755 0.0056483 2.1200065 2.0699362 
MCV_MP1_PI_MK098185_1_MCV_MP1_PI_MK098185.1_00064             2.8812244 2.9976102 3.8091359 2.5443905 2.9953392 3.0105845 2.1164949 2.1016859 1.1799936 1.1799936 0.0505748 0.0506185 0.0125010 0.0493933 0.0493933 0.0517721 0.0022911 0.0125010 0.0136654 0.0000000 0.0000010 0.0172522 0.0125010 0.0517721 0.0465619 0.0490567 0.0490567 0.0079315 2.1384225 2.0959909 
MCV_MP1_PI_MK098186_1_MCV_MP1_PI_MK098186.1_00061             2.8812244 2.9976102 3.8091359 2.5443905 2.9953392 3.0105845 2.1164949 2.1016859 1.1799936 1.1799936 0.0505748 0.0506185 0.0125010 0.0493933 0.0493933 0.0517721 0.0022911 0.0125010 0.0136654 0.0000010 0.0000000 0.0172522 0.0125010 0.0517721 0.0465619 0.0490567 0.0490567 0.0079315 2.1384225 2.0959909 
MCV_MP1_RBIV_AY532606_1_MCV_MP1_RBIV_AY532606.1_00064         2.8623782 2.9649981 3.7564401 2.5170789 2.9461513 2.9791766 2.1059124 2.0764860 1.1638595 1.1638595 0.0521031 0.0521484 0.0045491 0.0509143 0.0509143 0.0533082 0.0187279 0.0045491 0.0056979 0.0172522 0.0172522 0.0000000 0.0045491 0.0533082 0.0504497 0.0529743 0.0529743 0.0091284 2.1232861 2.0805306 
MCV_MP1_RSIV_OK042109_1_MCV_MP1_RSIV_OK042109.1_00013         2.8617488 2.9852169 3.7780255 2.5046074 2.8774829 2.9922523 2.0996368 2.0850384 1.1653916 1.1653916 0.0492141 0.0492563 0.0000010 0.0480370 0.0480370 0.0504064 0.0138760 0.0000010 0.0011258 0.0125010 0.0125010 0.0045491 0.0000000 0.0504064 0.0452295 0.0477110 0.0477110 0.0045094 2.1216986 2.0760756 
MCV_MP1_SKIV_MT986830_1_MCV_MP1_SKIV_MT986830.1_00065         2.9344822 3.0715079 3.8067643 2.5317601 2.9330996 2.9544498 2.1231418 2.1113229 1.2051837 1.2051837 0.0011347 0.0068503 0.0504064 0.0057032 0.0057032 0.0000010 0.0539023 0.0504064 0.0516857 0.0517721 0.0517721 0.0533082 0.0504064 0.0000000 0.0443653 0.0456673 0.0456673 0.0479709 2.1508122 2.0667100 
MCV_MP1_TRBIV_GQ273492_1_MCV_MP1_TRBIV_GQ273492.1_00063       2.8752755 3.0573891 3.8022887 2.5359850 2.9304235 2.9454639 2.1020652 2.0900639 1.1976212 1.1976212 0.0431803 0.0456889 0.0452295 0.0444743 0.0444743 0.0443653 0.0473882 0.0452295 0.0464850 0.0465619 0.0465619 0.0504497 0.0452295 0.0443653 0.0000000 0.0205716 0.0205716 0.0428292 2.1256299 2.0505119 
MCV_Unclassified_MG570131_1_MCV_Unclassified_MG570131.1_00063 2.9082815 3.0551386 3.8057546 2.5694532 2.9452349 2.9769711 2.1290660 2.1260603 1.2013481 1.2013481 0.0444786 0.0469988 0.0477110 0.0457797 0.0457797 0.0456673 0.0511482 0.0477110 0.0489755 0.0490567 0.0490567 0.0529743 0.0477110 0.0456673 0.0205716 0.0000000 0.0000010 0.0452986 2.1379575 2.0798958 
MCV_Unclassified_MG570132_1_MCV_Unclassified_MG570132.1_00063 2.9082815 3.0551386 3.8057546 2.5694532 2.9452349 2.9769711 2.1290660 2.1260603 1.2013481 1.2013481 0.0444786 0.0469988 0.0477110 0.0457797 0.0457797 0.0456673 0.0511482 0.0477110 0.0489755 0.0490567 0.0490567 0.0529743 0.0477110 0.0456673 0.0205716 0.0000010 0.0000000 0.0452986 2.1379575 2.0798958 
MCV_Unclassified_OQ475017_1_MCV_Unclassified_OQ475017.1_00062 2.8512218 2.9792185 3.7719673 2.5151710 2.9677090 2.9910489 2.1073185 2.0926576 1.1724526 1.1724526 0.0467819 0.0468218 0.0045094 0.0456072 0.0456072 0.0479709 0.0092226 0.0045094 0.0056483 0.0079315 0.0079315 0.0091284 0.0045094 0.0479709 0.0428292 0.0452986 0.0452986 0.0000000 2.1277864 2.0774623 
Rana_FV3_NC_005946_1_Rana_FV3_NC_005946.1_00011               2.6854415 2.8227465 4.4014091 2.1442291 2.6816222 2.7088011 1.5057165 1.5246890 2.1595893 2.1595893 2.1576087 2.1555698 2.1196166 2.1555698 2.1555698 2.1508122 2.1749744 2.1196166 2.1200065 2.1384225 2.1384225 2.1232861 2.1216986 2.1508122 2.1256299 2.1379575 2.1379575 2.1277864 0.0000000 0.6476110 
Rana_SGIV_AY521625_1_Rana_SGIV_AY521625.1_00053               2.7615391 2.8312115 4.0543755 2.1171453 2.6378727 2.7638121 1.4038330 1.4071632 2.0788574 2.0788574 2.0732026 2.0835479 2.0695490 2.0835479 2.0835479 2.0667100 2.1335167 2.0695490 2.0699362 2.0959909 2.0959909 2.0805306 2.0760756 2.0667100 2.0505119 2.0798958 2.0798958 2.0774623 0.6476110 0.0000000 
