21
MCV_ML1_SDDV_MN562489_1_MCV_ML1_SDDV_MN562489.1_00050         0.0000000 0.0000010 1.9049541 1.8931385 1.8689361 1.8931385 1.9049541 1.9295367 1.9237853 1.9237853 1.8689361 1.9137441 1.8803146 2.1390206 1.6940146 1.8803146 1.8665846 1.8638364 1.8727602 1.8727602 1.9029379 
MCV_ML1_SDDV_MT521409_1_MCV_ML1_SDDV_MT521409.1_00051         0.0000010 0.0000000 1.9049541 1.8931385 1.8689361 1.8931385 1.9049541 1.9295367 1.9237853 1.9237853 1.8689361 1.9137441 1.8803146 2.1390206 1.6940146 1.8803146 1.8665846 1.8638364 1.8727602 1.8727602 1.9029379 
MCV_MP1_BCFI_MN432490_1_MCV_MP1_BCFI_MN432490.1_00091         1.9049541 1.9049541 0.0000000 0.0094433 0.0671914 0.0094433 0.0000010 0.0629305 0.0568828 0.0568828 0.0671914 0.0822926 0.0651829 0.0592639 0.0985110 0.0651829 0.0630308 0.0756387 0.0901556 0.0901556 0.0491100 
MCV_MP1_BCFI_MT926123_1_MCV_MP1_BCFI_MT926123.1_00092         1.8931385 1.8931385 0.0094433 0.0000000 0.0732983 0.0000010 0.0094433 0.0689967 0.0629197 0.0629197 0.0732983 0.0885304 0.0712815 0.0628422 0.1105549 0.0712815 0.0691070 0.0818185 0.0964087 0.0964087 0.0551365 
MCV_MP1_GSPI_KT804738_1_MCV_MP1_GSPI_KT804738.1_00085         1.8689361 1.8689361 0.0671914 0.0732983 0.0000000 0.0732983 0.0671914 0.0302902 0.0245461 0.0245461 0.0000010 0.0246987 0.0018559 0.0301090 0.0504068 0.0018559 0.0074509 0.0590115 0.0748459 0.0748459 0.0323581 
MCV_MP1_ISKNV_AF371960_1_MCV_MP1_ISKNV_AF371960.1_00091       1.8931385 1.8931385 0.0094433 0.0000010 0.0732983 0.0000000 0.0094433 0.0689967 0.0629197 0.0629197 0.0732983 0.0885304 0.0712815 0.0628422 0.1105549 0.0712815 0.0691070 0.0818185 0.0964087 0.0964087 0.0551365 
MCV_MP1_LBUSV_OP009387_1_MCV_MP1_LBUSV_OP009387.1_00090       1.9049541 1.9049541 0.0000010 0.0094433 0.0671914 0.0094433 0.0000000 0.0629305 0.0568828 0.0568828 0.0671914 0.0822926 0.0651829 0.0592639 0.0985110 0.0651829 0.0630308 0.0756387 0.0901556 0.0901556 0.0491100 
MCV_MP1_LYCI_AY779031_1_MCV_MP1_LYCI_AY779031.1_00097         1.9295367 1.9295367 0.0629305 0.0689967 0.0302902 0.0689967 0.0629305 0.0000000 0.0055774 0.0055774 0.0302902 0.0483103 0.0283832 0.0065481 0.0389052 0.0283832 0.0226108 0.0712327 0.0871792 0.0871792 0.0226486 
MCV_MP1_LYCI_MW139932_1_MCV_MP1_LYCI_MW139932.1_00090         1.9237853 1.9237853 0.0568828 0.0629197 0.0245461 0.0629197 0.0568828 0.0055774 0.0000000 0.0000010 0.0245461 0.0424003 0.0226469 0.0000010 0.0332462 0.0226469 0.0169137 0.0651236 0.0810198 0.0810198 0.0169417 
MCV_MP1_LYCI_OL774653_1_MCV_MP1_LYCI_OL774653.1_00107         1.9237853 1.9237853 0.0568828 0.0629197 0.0245461 0.0629197 0.0568828 0.0055774 0.0000010 0.0000000 0.0245461 0.0424003 0.0226469 0.0000010 0.0332462 0.0226469 0.0169137 0.0651236 0.0810198 0.0810198 0.0169417 
MCV_MP1_OSGI_AY894343_1_MCV_MP1_OSGI_AY894343.1_00089         1.8689361 1.8689361 0.0671914 0.0732983 0.0000010 0.0732983 0.0671914 0.0302902 0.0245461 0.0245461 0.0000000 0.0246987 0.0018559 0.0301090 0.0504068 0.0018559 0.0074509 0.0590115 0.0748459 0.0748459 0.0323581 
MCV_MP1_RBIV_AY532606_1_MCV_MP1_RBIV_AY532606.1_00091         1.9137441 1.9137441 0.0822926 0.0885304 0.0246987 0.0885304 0.0822926 0.0483103 0.0424003 0.0424003 0.0246987 0.0000000 0.0227877 0.0586117 0.0446433 0.0227877 0.0324846 0.0777789 0.0938706 0.0938706 0.0505214 
MCV_MP1_RBIV_KC244182_1_MCV_MP1_RBIV_KC244182.1_00089         1.8803146 1.8803146 0.0651829 0.0712815 0.0018559 0.0712815 0.0651829 0.0283832 0.0226469 0.0226469 0.0018559 0.0227877 0.0000000 0.0301090 0.0504068 0.0000010 0.0093319 0.0570159 0.0728386 0.0728386 0.0304396 
MCV_MP1_RSIV_BD143114_1_MCV_MP1_RSIV_BD143114.1_00110         2.1390206 2.1390206 0.0592639 0.0628422 0.0301090 0.0628422 0.0592639 0.0065481 0.0000010 0.0000010 0.0301090 0.0586117 0.0301090 0.0000000 0.5086750 0.0301090 0.0267266 0.0701766 0.0982521 0.0982521 0.0233325 
MCV_MP1_RSIV_BD143114_1_MCV_MP1_RSIV_BD143114.1_00111         1.6940146 1.6940146 0.0985110 0.1105549 0.0504068 0.1105549 0.0985110 0.0389052 0.0332462 0.0332462 0.0504068 0.0446433 0.0504068 0.5086750 0.0000000 0.0504068 0.0332462 0.1037581 0.1041967 0.1041967 0.0447533 
MCV_MP1_RSIV_MT798582_1_MCV_MP1_RSIV_MT798582.1_00117         1.8803146 1.8803146 0.0651829 0.0712815 0.0018559 0.0712815 0.0651829 0.0283832 0.0226469 0.0226469 0.0018559 0.0227877 0.0000010 0.0301090 0.0504068 0.0000000 0.0093319 0.0570159 0.0728386 0.0728386 0.0304396 
MCV_MP1_RSIV_OK042108_1_MCV_MP1_RSIV_OK042108.1_00110         1.8665846 1.8665846 0.0630308 0.0691070 0.0074509 0.0691070 0.0630308 0.0226108 0.0169137 0.0169137 0.0074509 0.0324846 0.0093319 0.0267266 0.0332462 0.0093319 0.0000000 0.0589617 0.0747828 0.0747828 0.0246272 
MCV_MP1_TRBIV_GQ273492_1_MCV_MP1_TRBIV_GQ273492.1_00086       1.8638364 1.8638364 0.0756387 0.0818185 0.0590115 0.0818185 0.0756387 0.0712327 0.0651236 0.0651236 0.0590115 0.0777789 0.0570159 0.0701766 0.1037581 0.0570159 0.0589617 0.0000000 0.0463082 0.0463082 0.0466425 
MCV_Unclassified_MG570131_1_MCV_Unclassified_MG570131.1_00086 1.8727602 1.8727602 0.0901556 0.0964087 0.0748459 0.0964087 0.0901556 0.0871792 0.0810198 0.0810198 0.0748459 0.0938706 0.0728386 0.0982521 0.1041967 0.0728386 0.0747828 0.0463082 0.0000000 0.0000010 0.0727000 
MCV_Unclassified_MG570132_1_MCV_Unclassified_MG570132.1_00086 1.8727602 1.8727602 0.0901556 0.0964087 0.0748459 0.0964087 0.0901556 0.0871792 0.0810198 0.0810198 0.0748459 0.0938706 0.0728386 0.0982521 0.1041967 0.0728386 0.0747828 0.0463082 0.0000010 0.0000000 0.0727000 
MCV_Unclassified_OQ475017_1_MCV_Unclassified_OQ475017.1_00086 1.9029379 1.9029379 0.0491100 0.0551365 0.0323581 0.0551365 0.0491100 0.0226486 0.0169417 0.0169417 0.0323581 0.0505214 0.0304396 0.0233325 0.0447533 0.0304396 0.0246272 0.0466425 0.0727000 0.0727000 0.0000000 
