33
MCV_ML1_SDDV_MN562489_1_MCV_ML1_SDDV_MN562489.1_00002         0.0000000 1.5789668 2.0346052 0.0000010 1.5789668 2.0346052 1.7955951 0.0756925 0.0000010 0.0020516 2.0324291 2.0288986 2.0201518 2.0302452 2.0302452 2.0324291 2.0575849 2.0979125 2.0979125 2.0201518 2.0580245 2.0547436 2.0547436 2.0282860 2.0580245 2.0185349 2.0240430 2.0185349 2.0872311 2.0872311 2.0907250 1.9683272 2.7542582 
MCV_ML1_SDDV_MN562489_1_MCV_ML1_SDDV_MN562489.1_00010         1.5789668 0.0000000 1.6990497 1.5789668 0.0000010 1.6990497 1.9243237 2.1288542 1.5474463 1.5887294 1.7953505 1.7915545 1.8047998 1.7911764 1.7911764 1.7953505 1.8170083 1.8614796 1.8614796 1.8047998 1.8196343 1.8227424 1.8227424 1.7968217 1.8196343 1.8016058 1.7935460 1.8016058 1.8773886 1.8773886 1.8503401 2.0453497 2.1071007 
MCV_ML1_SDDV_MN562489_1_MCV_ML1_SDDV_MN562489.1_00131         2.0346052 1.6990497 0.0000000 2.0346052 1.6990497 0.0000010 1.3489181 1.3450063 2.1198495 2.0324772 1.9420763 1.9547335 1.9267834 1.9543341 1.9543341 1.9420763 1.9293161 1.9612665 1.9612665 1.9267834 1.9293161 1.9423309 1.9423309 1.9187581 1.9293161 1.9270667 1.9264221 1.9270667 1.9864873 1.9864873 1.9628486 2.4036561 2.1482926 
MCV_ML1_SDDV_MT521409_1_MCV_ML1_SDDV_MT521409.1_00002         0.0000010 1.5789668 2.0346052 0.0000000 1.5789668 2.0346052 1.7955951 0.0756925 0.0000010 0.0020516 2.0324291 2.0288986 2.0201518 2.0302452 2.0302452 2.0324291 2.0575849 2.0979125 2.0979125 2.0201518 2.0580245 2.0547436 2.0547436 2.0282860 2.0580245 2.0185349 2.0240430 2.0185349 2.0872311 2.0872311 2.0907250 1.9683272 2.7542582 
MCV_ML1_SDDV_MT521409_1_MCV_ML1_SDDV_MT521409.1_00010         1.5789668 0.0000010 1.6990497 1.5789668 0.0000000 1.6990497 1.9243237 2.1288542 1.5474463 1.5887294 1.7953505 1.7915545 1.8047998 1.7911764 1.7911764 1.7953505 1.8170083 1.8614796 1.8614796 1.8047998 1.8196343 1.8227424 1.8227424 1.7968217 1.8196343 1.8016058 1.7935460 1.8016058 1.8773886 1.8773886 1.8503401 2.0453497 2.1071007 
MCV_ML1_SDDV_MT521409_1_MCV_ML1_SDDV_MT521409.1_00132         2.0346052 1.6990497 0.0000010 2.0346052 1.6990497 0.0000000 1.3489181 1.3450063 2.1198495 2.0324772 1.9420763 1.9547335 1.9267834 1.9543341 1.9543341 1.9420763 1.9293161 1.9612665 1.9612665 1.9267834 1.9293161 1.9423309 1.9423309 1.9187581 1.9293161 1.9270667 1.9264221 1.9270667 1.9864873 1.9864873 1.9628486 2.4036561 2.1482926 
MCV_ML1_SDDV_NC_027778_1_MCV_ML1_SDDV_NC_027778.1_00120       1.7955951 1.9243237 1.3489181 1.7955951 1.9243237 1.3489181 0.0000000 1.6572183 1.8456710 1.7955951 1.3992171 1.4447168 1.4824987 1.4447168 1.4447168 1.3992171 1.4196702 1.4574937 1.4574937 1.4824987 1.4196702 1.4189027 1.4189027 1.5009061 1.4196702 1.4824987 1.4824987 1.4824987 1.4941960 1.4941960 1.4527412 1.4574937 0.0000010 
MCV_ML1_SDDV_NC_027778_1_MCV_ML1_SDDV_NC_027778.1_00122       0.0756925 2.1288542 1.3450063 0.0756925 2.1288542 1.3450063 1.6572183 0.0000000 0.6653197 0.0756925 1.9007188 1.9019717 1.8871030 1.9019717 1.9019717 1.9007188 1.9235229 1.8812494 1.8812494 1.8871030 1.9235229 1.9235229 1.9235229 1.8871030 1.9235229 1.8871030 1.8871030 1.8871030 1.8812494 1.8812494 1.9694207 1.6945492 4.4121940 
MCV_ML1_SDDV_NC_027778_1_MCV_ML1_SDDV_NC_027778.1_00123       0.0000010 1.5474463 2.1198495 0.0000010 1.5474463 2.1198495 1.8456710 0.6653197 0.0000000 0.0024036 2.0968330 2.0817335 2.0849218 2.0833302 2.0833302 2.0968330 2.1218543 2.1804441 2.1804441 2.0849218 2.1223924 2.1184453 2.1184453 2.0946345 2.1223924 2.0830293 2.0896203 2.0830293 2.1676719 2.1676719 2.1515702 2.0713107 2.7542582 
MCV_ML1_SDDV_OM037668_1_MCV_ML1_SDDV_OM037668.1_00133         0.0020516 1.5887294 2.0324772 0.0020516 1.5887294 2.0324772 1.7955951 0.0756925 0.0024036 0.0000000 2.0453149 2.0417412 2.0329502 2.0430964 2.0430964 2.0453149 2.0707137 2.1113379 2.1113379 2.0329502 2.0711588 2.0678489 2.0678489 2.0411411 2.0711588 2.0313284 2.0368772 2.0313284 2.1005916 2.1005916 2.1041144 1.9683272 2.7962681 
MCV_MP1_BCFI_MN432490_1_MCV_MP1_BCFI_MN432490.1_00079         2.0324291 1.7953505 1.9420763 2.0324291 1.7953505 1.9420763 1.3992171 1.9007188 2.0968330 2.0453149 0.0000000 0.0201651 0.0791340 0.0179013 0.0179013 0.0000010 0.0596402 0.0715884 0.0715884 0.0791340 0.0573149 0.0597343 0.0597343 0.0815005 0.0573149 0.0816343 0.0816558 0.0816343 0.0740747 0.0740747 0.0742076 0.3496471 0.0754951 
MCV_MP1_BCFI_MT926123_1_MCV_MP1_BCFI_MT926123.1_00080         2.0288986 1.7915545 1.9547335 2.0288986 1.7915545 1.9547335 1.4447168 1.9019717 2.0817335 2.0417412 0.0201651 0.0000000 0.0886718 0.0022127 0.0022127 0.0201651 0.0668360 0.0790781 0.0790781 0.0886718 0.0644957 0.0669415 0.0669415 0.0910505 0.0644957 0.0912000 0.0912241 0.0912000 0.0790094 0.0790094 0.0817476 0.3507910 0.0854887 
MCV_MP1_GSPI_KT804738_1_MCV_MP1_GSPI_KT804738.1_00073         2.0201518 1.8047998 1.9267834 2.0201518 1.8047998 1.9267834 1.4824987 1.8871030 2.0849218 2.0329502 0.0791340 0.0886718 0.0000000 0.0862196 0.0862196 0.0791340 0.0383706 0.0810931 0.0810931 0.0000010 0.0360941 0.0384309 0.0384309 0.0021991 0.0360941 0.0022026 0.0022031 0.0022026 0.0933297 0.0933297 0.0593713 0.3842287 0.0608239 
MCV_MP1_ISKNV_AF371960_1_MCV_MP1_ISKNV_AF371960.1_00079       2.0302452 1.7911764 1.9543341 2.0302452 1.7911764 1.9543341 1.4447168 1.9019717 2.0833302 2.0430964 0.0179013 0.0022127 0.0862196 0.0000000 0.0000010 0.0179013 0.0644442 0.0766476 0.0766476 0.0862196 0.0621084 0.0645460 0.0645460 0.0885938 0.0621084 0.0887392 0.0887626 0.0887392 0.0765812 0.0765812 0.0793032 0.3512899 0.0805141 
MCV_MP1_ISKNV_MK689685_1_MCV_MP1_ISKNV_MK689685.1_00076       2.0302452 1.7911764 1.9543341 2.0302452 1.7911764 1.9543341 1.4447168 1.9019717 2.0833302 2.0430964 0.0179013 0.0022127 0.0862196 0.0000010 0.0000000 0.0179013 0.0644442 0.0766476 0.0766476 0.0862196 0.0621084 0.0645460 0.0645460 0.0885938 0.0621084 0.0887392 0.0887626 0.0887392 0.0765812 0.0765812 0.0793032 0.3512899 0.0805141 
MCV_MP1_LBUSV_OP009387_1_MCV_MP1_LBUSV_OP009387.1_00078       2.0324291 1.7953505 1.9420763 2.0324291 1.7953505 1.9420763 1.3992171 1.9007188 2.0968330 2.0453149 0.0000010 0.0201651 0.0791340 0.0179013 0.0179013 0.0000000 0.0596402 0.0715884 0.0715884 0.0791340 0.0573149 0.0597343 0.0597343 0.0815005 0.0573149 0.0816343 0.0816558 0.0816343 0.0740747 0.0740747 0.0742076 0.3496471 0.0754951 
MCV_MP1_LYCI_AY779031_1_MCV_MP1_LYCI_AY779031.1_00085         2.0575849 1.8170083 1.9293161 2.0575849 1.8170083 1.9293161 1.4196702 1.9235229 2.1218543 2.0707137 0.0596402 0.0668360 0.0383706 0.0644442 0.0644442 0.0596402 0.0000000 0.0669061 0.0669061 0.0383706 0.0022133 0.0044359 0.0044359 0.0406477 0.0022133 0.0407134 0.0407239 0.0407134 0.0789022 0.0789022 0.0408416 0.3385918 0.0759049 
MCV_MP1_LYCI_MW139932_1_MCV_MP1_LYCI_MW139932.1_00078         2.0979125 1.8614796 1.9612665 2.0979125 1.8614796 1.9612665 1.4574937 1.8812494 2.1804441 2.1113379 0.0715884 0.0790781 0.0810931 0.0766476 0.0766476 0.0715884 0.0669061 0.0000000 0.0000010 0.0810931 0.0645642 0.0670119 0.0670119 0.0787348 0.0645642 0.0835876 0.0836095 0.0835876 0.0337779 0.0337779 0.0247237 0.2788864 0.0000010 
MCV_MP1_LYCI_OL774653_1_MCV_MP1_LYCI_OL774653.1_00095         2.0979125 1.8614796 1.9612665 2.0979125 1.8614796 1.9612665 1.4574937 1.8812494 2.1804441 2.1113379 0.0715884 0.0790781 0.0810931 0.0766476 0.0766476 0.0715884 0.0669061 0.0000010 0.0000000 0.0810931 0.0645642 0.0670119 0.0670119 0.0787348 0.0645642 0.0835876 0.0836095 0.0835876 0.0337779 0.0337779 0.0247237 0.2788864 0.0000010 
MCV_MP1_OSGI_AY894343_1_MCV_MP1_OSGI_AY894343.1_00077         2.0201518 1.8047998 1.9267834 2.0201518 1.8047998 1.9267834 1.4824987 1.8871030 2.0849218 2.0329502 0.0791340 0.0886718 0.0000010 0.0862196 0.0862196 0.0791340 0.0383706 0.0810931 0.0810931 0.0000000 0.0360941 0.0384309 0.0384309 0.0021991 0.0360941 0.0022026 0.0022031 0.0022026 0.0933297 0.0933297 0.0593713 0.3842287 0.0608239 
MCV_MP1_PI_MK098185_1_MCV_MP1_PI_MK098185.1_00077             2.0580245 1.8196343 1.9293161 2.0580245 1.8196343 1.9293161 1.4196702 1.9235229 2.1223924 2.0711588 0.0573149 0.0644957 0.0360941 0.0621084 0.0621084 0.0573149 0.0022133 0.0645642 0.0645642 0.0360941 0.0000000 0.0022168 0.0022168 0.0383689 0.0000010 0.0384309 0.0384409 0.0384309 0.0765399 0.0765399 0.0385520 0.3335125 0.0710837 
MCV_MP1_PI_MK098186_1_MCV_MP1_PI_MK098186.1_00074             2.0547436 1.8227424 1.9423309 2.0547436 1.8227424 1.9423309 1.4189027 1.9235229 2.1184453 2.0678489 0.0597343 0.0669415 0.0384309 0.0645460 0.0645460 0.0597343 0.0044359 0.0670119 0.0670119 0.0384309 0.0022168 0.0000000 0.0000010 0.0407116 0.0022168 0.0407775 0.0407880 0.0407775 0.0790268 0.0790268 0.0409061 0.3395255 0.0710837 
MCV_MP1_PI_MK098187_1_MCV_MP1_PI_MK098187.1_00077             2.0547436 1.8227424 1.9423309 2.0547436 1.8227424 1.9423309 1.4189027 1.9235229 2.1184453 2.0678489 0.0597343 0.0669415 0.0384309 0.0645460 0.0645460 0.0597343 0.0044359 0.0670119 0.0670119 0.0384309 0.0022168 0.0000010 0.0000000 0.0407116 0.0022168 0.0407775 0.0407880 0.0407775 0.0790268 0.0790268 0.0409061 0.3395255 0.0710837 
MCV_MP1_RBIV_AY532606_1_MCV_MP1_RBIV_AY532606.1_00079         2.0282860 1.7968217 1.9187581 2.0282860 1.7968217 1.9187581 1.5009061 1.8871030 2.0946345 2.0411411 0.0815005 0.0910505 0.0021991 0.0885938 0.0885938 0.0815005 0.0406477 0.0787348 0.0787348 0.0021991 0.0383689 0.0407116 0.0407116 0.0000000 0.0383689 0.0044073 0.0044085 0.0044073 0.0909488 0.0909488 0.0570576 0.3790837 0.0608239 
MCV_MP1_RSIV_BD143114_1_MCV_MP1_RSIV_BD143114.1_00123         2.0580245 1.8196343 1.9293161 2.0580245 1.8196343 1.9293161 1.4196702 1.9235229 2.1223924 2.0711588 0.0573149 0.0644957 0.0360941 0.0621084 0.0621084 0.0573149 0.0022133 0.0645642 0.0645642 0.0360941 0.0000010 0.0022168 0.0022168 0.0383689 0.0000000 0.0384309 0.0384409 0.0384309 0.0765399 0.0765399 0.0385520 0.3335125 0.0710837 
MCV_MP1_RSIV_MT798582_1_MCV_MP1_RSIV_MT798582.1_00087         2.0185349 1.8016058 1.9270667 2.0185349 1.8016058 1.9270667 1.4824987 1.8871030 2.0830293 2.0313284 0.0816343 0.0912000 0.0022026 0.0887392 0.0887392 0.0816343 0.0407134 0.0835876 0.0835876 0.0022026 0.0384309 0.0407775 0.0407775 0.0044073 0.0384309 0.0000000 0.0044155 0.0000010 0.0958668 0.0958668 0.0617856 0.3849165 0.0608239 
MCV_MP1_RSIV_OK042108_1_MCV_MP1_RSIV_OK042108.1_00122         2.0240430 1.7935460 1.9264221 2.0240430 1.7935460 1.9264221 1.4824987 1.8871030 2.0896203 2.0368772 0.0816558 0.0912241 0.0022031 0.0887626 0.0887626 0.0816558 0.0407239 0.0836095 0.0836095 0.0022031 0.0384409 0.0407880 0.0407880 0.0044085 0.0384409 0.0044155 0.0000000 0.0044155 0.0958921 0.0958921 0.0618017 0.3840976 0.0658214 
MCV_MP1_SKIV_ON075463_1_MCV_MP1_SKIV_ON075463.1_00074         2.0185349 1.8016058 1.9270667 2.0185349 1.8016058 1.9270667 1.4824987 1.8871030 2.0830293 2.0313284 0.0816343 0.0912000 0.0022026 0.0887392 0.0887392 0.0816343 0.0407134 0.0835876 0.0835876 0.0022026 0.0384309 0.0407775 0.0407775 0.0044073 0.0384309 0.0000010 0.0044155 0.0000000 0.0958668 0.0958668 0.0617856 0.3849165 0.0608239 
MCV_Unclassified_MG570131_1_MCV_Unclassified_MG570131.1_00074 2.0872311 1.8773886 1.9864873 2.0872311 1.8773886 1.9864873 1.4941960 1.8812494 2.1676719 2.1005916 0.0740747 0.0790094 0.0933297 0.0765812 0.0765812 0.0740747 0.0789022 0.0337779 0.0337779 0.0933297 0.0765399 0.0790268 0.0790268 0.0909488 0.0765399 0.0958668 0.0958921 0.0958668 0.0000000 0.0000010 0.0523895 0.2952832 0.0509975 
MCV_Unclassified_MG570132_1_MCV_Unclassified_MG570132.1_00074 2.0872311 1.8773886 1.9864873 2.0872311 1.8773886 1.9864873 1.4941960 1.8812494 2.1676719 2.1005916 0.0740747 0.0790094 0.0933297 0.0765812 0.0765812 0.0740747 0.0789022 0.0337779 0.0337779 0.0933297 0.0765399 0.0790268 0.0790268 0.0909488 0.0765399 0.0958668 0.0958921 0.0958668 0.0000010 0.0000000 0.0523895 0.2952832 0.0509975 
MCV_Unclassified_OQ475017_1_MCV_Unclassified_OQ475017.1_00074 2.0907250 1.8503401 1.9628486 2.0907250 1.8503401 1.9628486 1.4527412 1.9694207 2.1515702 2.1041144 0.0742076 0.0817476 0.0593713 0.0793032 0.0793032 0.0742076 0.0408416 0.0247237 0.0247237 0.0593713 0.0385520 0.0409061 0.0409061 0.0570576 0.0385520 0.0617856 0.0618017 0.0617856 0.0523895 0.0523895 0.0000000 0.2896451 0.0417671 
MCV_Unlassified_OL310752_1_MCV_Unlassified_OL310752.1_00077   1.9683272 2.0453497 2.4036561 1.9683272 2.0453497 2.4036561 1.4574937 1.6945492 2.0713107 1.9683272 0.3496471 0.3507910 0.3842287 0.3512899 0.3512899 0.3496471 0.3385918 0.2788864 0.2788864 0.3842287 0.3335125 0.3395255 0.3395255 0.3790837 0.3335125 0.3849165 0.3840976 0.3849165 0.2952832 0.2952832 0.2896451 0.0000000 3.3755499 
MCV_Unlassified_OL310752_1_MCV_Unlassified_OL310752.1_00120   2.7542582 2.1071007 2.1482926 2.7542582 2.1071007 2.1482926 0.0000010 4.4121940 2.7542582 2.7962681 0.0754951 0.0854887 0.0608239 0.0805141 0.0805141 0.0754951 0.0759049 0.0000010 0.0000010 0.0608239 0.0710837 0.0710837 0.0710837 0.0608239 0.0710837 0.0608239 0.0658214 0.0608239 0.0509975 0.0509975 0.0417671 3.3755499 0.0000000 
