28
Chlor_AMIV_KF938901_1_Chlor_AMIV_KF938901.1_00094             0.0000000 0.2500146 1.4456764 1.3659722 1.1990314 1.9732072 2.2071151 4.9474892 4.9474892 3.8135193 3.7512918 3.7462753 3.7512918 3.8638244 3.4124114 3.4124114 3.7462753 3.7005845 3.7005845 3.7633583 3.7285310 3.4524333 3.7285310 3.6970772 3.6622582 3.6622582 2.2032584 2.3882626 
Chlor_IIV22_HF920633_1_Chlor_IIV22_HF920633.1_00062           0.2500146 0.0000000 1.4973015 1.3461949 1.2391742 2.0387971 2.2455928 4.9328819 4.9328819 3.9783524 3.9587826 3.9116153 3.9587826 4.0309181 4.0156906 4.0156906 3.9116153 3.8718327 3.8718327 3.9304068 3.8933164 3.9647310 3.8933164 3.9143593 3.8769283 3.8769283 2.4743769 2.5148680 
Daphi_LS484712_1_Daphi_LS484712.1_00149                       1.4456764 1.4973015 0.0000000 1.5022864 1.3995965 2.1619519 2.5753574 5.1808282 5.1808282 5.3211331 5.2956476 5.1040077 5.2956476 5.4525658 5.0157267 5.0157267 5.1040077 5.0768838 5.0768838 5.0886945 5.0334022 4.9531975 5.0334022 5.0398406 5.1023413 5.1023413 2.4028267 2.5320560 
Irido_IIV31_HF920637_1_Irido_IIV31_HF920637.1_00061           1.3659722 1.3461949 1.5022864 0.0000000 0.2899733 2.2089849 2.3108734 4.5191772 4.5191772 3.9346805 3.9285250 4.0134190 3.9285250 3.9668113 3.8891575 3.8891575 4.0134190 3.9502032 3.9502032 4.0016086 3.9645149 3.9451319 3.9645149 3.8910963 3.8575912 3.8575912 2.3157276 2.2644858 
Irido_IIV6_AF303741_1_Irido_IIV6_AF303741.1_00168             1.1990314 1.2391742 1.3995965 0.2899733 0.0000000 2.1800866 2.3182095 4.5542409 4.5542409 3.9074072 3.9013628 3.9190253 3.9013628 3.9393890 3.6329595 3.6329595 3.9190253 3.8324613 3.8324613 3.9075121 3.8718604 3.7141949 3.8718604 3.7573913 3.7866620 3.7866620 2.3134559 2.2128584 
Lymph_LCD4_MN803438_1_Lymph_LCD4_MN803438.1_00024             1.9732072 2.0387971 2.1619519 2.2089849 2.1800866 0.0000000 0.5621038 4.8043239 4.8043239 4.5660191 4.6088932 4.6283824 4.6088932 4.5874424 4.4454391 4.4454391 4.6283824 4.6080670 4.6080670 4.6760248 4.6283824 4.4970106 4.6283824 4.5860219 4.5337457 4.5337457 1.4417018 1.3853511 
Lymph_LDV1_L63545_1_Lymph_LDV1_L63545.1_00015                 2.2071151 2.2455928 2.5753574 2.3108734 2.3182095 0.5621038 0.0000000 4.8280353 4.8280353 4.4520628 4.4860950 4.4923728 4.4860950 4.4701429 4.0669670 4.0669670 4.4923728 4.4475773 4.4475773 4.5368440 4.4923728 4.1191148 4.4923728 4.4570546 4.4077524 4.4077524 1.6369800 1.5453227 
MCV_ML1_SDDV_MN562489_1_MCV_ML1_SDDV_MN562489.1_00073         4.9474892 4.9328819 5.1808282 4.5191772 4.5542409 4.8043239 4.8280353 0.0000000 0.0000010 0.9179385 0.9176854 0.8587844 0.9176854 0.9202444 0.8998812 0.8998812 0.8587844 0.8626550 0.8626550 0.8805844 0.8622084 0.9162377 0.8622084 0.8601081 0.8552311 0.8552311 4.9573127 4.5805736 
MCV_ML1_SDDV_MT521409_1_MCV_ML1_SDDV_MT521409.1_00074         4.9474892 4.9328819 5.1808282 4.5191772 4.5542409 4.8043239 4.8280353 0.0000010 0.0000000 0.9179385 0.9176854 0.8587844 0.9176854 0.9202444 0.8998812 0.8998812 0.8587844 0.8626550 0.8626550 0.8805844 0.8622084 0.9162377 0.8622084 0.8601081 0.8552311 0.8552311 4.9573127 4.5805736 
MCV_MP1_BCFI_MN432490_1_MCV_MP1_BCFI_MN432490.1_00028         3.8135193 3.9783524 5.3211331 3.9346805 3.9074072 4.5660191 4.4520628 0.9179385 0.9179385 0.0000000 0.0061625 0.0458723 0.0061625 0.0030638 0.0429266 0.0429266 0.0458723 0.0390288 0.0390288 0.0424885 0.0425038 0.0380569 0.0425038 0.0459261 0.0460025 0.0460025 4.7338147 4.5740303 
MCV_MP1_BCFI_MT926123_1_MCV_MP1_BCFI_MT926123.1_00028         3.7512918 3.9587826 5.2956476 3.9285250 3.9013628 4.6088932 4.4860950 0.9176854 0.9176854 0.0061625 0.0000000 0.0422955 0.0000010 0.0093283 0.0328074 0.0328074 0.0422955 0.0355248 0.0355248 0.0389436 0.0389575 0.0329576 0.0389575 0.0388946 0.0426588 0.0426588 4.7119171 4.5504942 
MCV_MP1_GSPI_KT804738_1_MCV_MP1_GSPI_KT804738.1_00025         3.7462753 3.9116153 5.1040077 4.0134190 3.9190253 4.6283824 4.4923728 0.8587844 0.8587844 0.0458723 0.0422955 0.0000000 0.0422955 0.0496152 0.0280856 0.0280856 0.0000010 0.0095450 0.0095450 0.0095684 0.0031706 0.0046203 0.0031706 0.0356369 0.0459206 0.0459206 4.7961867 4.4423680 
MCV_MP1_ISKNV_AF371960_1_MCV_MP1_ISKNV_AF371960.1_00027       3.7512918 3.9587826 5.2956476 3.9285250 3.9013628 4.6088932 4.4860950 0.9176854 0.9176854 0.0061625 0.0000010 0.0422955 0.0000000 0.0093283 0.0328074 0.0328074 0.0422955 0.0355248 0.0355248 0.0389436 0.0389575 0.0329576 0.0389575 0.0388946 0.0426588 0.0426588 4.7119171 4.5504942 
MCV_MP1_LBUSV_OP009387_1_MCV_MP1_LBUSV_OP009387.1_00026       3.8638244 4.0309181 5.4525658 3.9668113 3.9393890 4.5874424 4.4701429 0.9202444 0.9202444 0.0030638 0.0093283 0.0496152 0.0093283 0.0000000 0.0483582 0.0483582 0.0496152 0.0426813 0.0426813 0.0461911 0.0462077 0.0434091 0.0462077 0.0496739 0.0497561 0.0497561 4.7952170 4.6339881 
MCV_MP1_LYCI_MW139932_1_MCV_MP1_LYCI_MW139932.1_00029         3.4124114 4.0156906 5.0157267 3.8891575 3.6329595 4.4454391 4.0669670 0.8998812 0.8998812 0.0429266 0.0328074 0.0280856 0.0328074 0.0483582 0.0000000 0.0000010 0.0280856 0.0138476 0.0138476 0.0233303 0.0233303 0.0233303 0.0233303 0.0184874 0.0327357 0.0327357 4.6290753 4.0829718 
MCV_MP1_LYCI_OL774653_1_MCV_MP1_LYCI_OL774653.1_00047         3.4124114 4.0156906 5.0157267 3.8891575 3.6329595 4.4454391 4.0669670 0.8998812 0.8998812 0.0429266 0.0328074 0.0280856 0.0328074 0.0483582 0.0000010 0.0000000 0.0280856 0.0138476 0.0138476 0.0233303 0.0233303 0.0233303 0.0233303 0.0184874 0.0327357 0.0327357 4.6290753 4.0829718 
MCV_MP1_OSGI_AY894343_1_MCV_MP1_OSGI_AY894343.1_00025         3.7462753 3.9116153 5.1040077 4.0134190 3.9190253 4.6283824 4.4923728 0.8587844 0.8587844 0.0458723 0.0422955 0.0000010 0.0422955 0.0496152 0.0280856 0.0280856 0.0000000 0.0095450 0.0095450 0.0095684 0.0031706 0.0046203 0.0031706 0.0356369 0.0459206 0.0459206 4.7961867 4.4423680 
MCV_MP1_PI_MK098185_1_MCV_MP1_PI_MK098185.1_00029             3.7005845 3.8718327 5.0768838 3.9502032 3.8324613 4.6080670 4.4475773 0.8626550 0.8626550 0.0390288 0.0355248 0.0095450 0.0355248 0.0426813 0.0138476 0.0138476 0.0095450 0.0000000 0.0000010 0.0127709 0.0063494 0.0092542 0.0063494 0.0289425 0.0390692 0.0390692 4.7743121 4.4096515 
MCV_MP1_PI_MK098186_1_MCV_MP1_PI_MK098186.1_00026             3.7005845 3.8718327 5.0768838 3.9502032 3.8324613 4.6080670 4.4475773 0.8626550 0.8626550 0.0390288 0.0355248 0.0095450 0.0355248 0.0426813 0.0138476 0.0138476 0.0095450 0.0000010 0.0000000 0.0127709 0.0063494 0.0092542 0.0063494 0.0289425 0.0390692 0.0390692 4.7743121 4.4096515 
MCV_MP1_RBIV_AY532606_1_MCV_MP1_RBIV_AY532606.1_00026         3.7633583 3.9304068 5.0886945 4.0016086 3.9075121 4.6760248 4.5368440 0.8805844 0.8805844 0.0424885 0.0389436 0.0095684 0.0389436 0.0461911 0.0233303 0.0233303 0.0095684 0.0127709 0.0127709 0.0000000 0.0063650 0.0000010 0.0063650 0.0323152 0.0425330 0.0425330 4.7821056 4.4704365 
MCV_MP1_RSIV_MK689686_1_MCV_MP1_RSIV_MK689686.1_00025         3.7285310 3.8933164 5.0334022 3.9645149 3.8718604 4.6283824 4.4923728 0.8622084 0.8622084 0.0425038 0.0389575 0.0031706 0.0389575 0.0462077 0.0233303 0.0233303 0.0031706 0.0063494 0.0063494 0.0063650 0.0000000 0.0000010 0.0000010 0.0323268 0.0425482 0.0425482 4.7330920 4.4258580 
MCV_MP1_RSIV_MT798582_1_MCV_MP1_RSIV_MT798582.1_00080         3.4524333 3.9647310 4.9531975 3.9451319 3.7141949 4.4970106 4.1191148 0.9162377 0.9162377 0.0380569 0.0329576 0.0046203 0.0329576 0.0434091 0.0233303 0.0233303 0.0046203 0.0092542 0.0092542 0.0000010 0.0000010 0.0000000 0.0000010 0.0376454 0.0476339 0.0476339 4.5721074 4.0666111 
MCV_MP1_RSIV_OK042109_1_MCV_MP1_RSIV_OK042109.1_00051         3.7285310 3.8933164 5.0334022 3.9645149 3.8718604 4.6283824 4.4923728 0.8622084 0.8622084 0.0425038 0.0389575 0.0031706 0.0389575 0.0462077 0.0233303 0.0233303 0.0031706 0.0063494 0.0063494 0.0063650 0.0000010 0.0000010 0.0000000 0.0323268 0.0425482 0.0425482 4.7330920 4.4258580 
MCV_MP1_TRBIV_GQ273492_1_MCV_MP1_TRBIV_GQ273492.1_00027       3.6970772 3.9143593 5.0398406 3.8910963 3.7573913 4.5860219 4.4570546 0.8601081 0.8601081 0.0459261 0.0388946 0.0356369 0.0388946 0.0496739 0.0184874 0.0184874 0.0356369 0.0289425 0.0289425 0.0323152 0.0323268 0.0376454 0.0323268 0.0000000 0.0192578 0.0192578 4.6635850 4.4271283 
MCV_Unclassified_MG570131_1_MCV_Unclassified_MG570131.1_00027 3.6622582 3.8769283 5.1023413 3.8575912 3.7866620 4.5337457 4.4077524 0.8552311 0.8552311 0.0460025 0.0426588 0.0459206 0.0426588 0.0497561 0.0327357 0.0327357 0.0459206 0.0390692 0.0390692 0.0425330 0.0425482 0.0476339 0.0425482 0.0192578 0.0000000 0.0000010 4.5732347 4.3419318 
MCV_Unclassified_MG570132_1_MCV_Unclassified_MG570132.1_00028 3.6622582 3.8769283 5.1023413 3.8575912 3.7866620 4.5337457 4.4077524 0.8552311 0.8552311 0.0460025 0.0426588 0.0459206 0.0426588 0.0497561 0.0327357 0.0327357 0.0459206 0.0390692 0.0390692 0.0425330 0.0425482 0.0476339 0.0425482 0.0192578 0.0000010 0.0000000 4.5732347 4.3419318 
Rana_FV3_NC_005946_1_Rana_FV3_NC_005946.1_00067               2.2032584 2.4743769 2.4028267 2.3157276 2.3134559 1.4417018 1.6369800 4.9573127 4.9573127 4.7338147 4.7119171 4.7961867 4.7119171 4.7952170 4.6290753 4.6290753 4.7961867 4.7743121 4.7743121 4.7821056 4.7330920 4.5721074 4.7330920 4.6635850 4.5732347 4.5732347 0.0000000 0.4225322 
Rana_SGIV_AY521625_1_Rana_SGIV_AY521625.1_00042               2.3882626 2.5148680 2.5320560 2.2644858 2.2128584 1.3853511 1.5453227 4.5805736 4.5805736 4.5740303 4.5504942 4.4423680 4.5504942 4.6339881 4.0829718 4.0829718 4.4423680 4.4096515 4.4096515 4.4704365 4.4258580 4.0666111 4.4258580 4.4271283 4.3419318 4.3419318 0.4225322 0.0000000 
