32
Chlor_AMIV_KF938901_1_Chlor_AMIV_KF938901.1_00043             0.0000000 0.5671826 1.6335785 1.3344434 1.2669342 1.7407941 3.6262643 3.1003479 3.1003479 2.9433972 2.9219672 2.9158017 2.9219672 2.9219672 2.9433972 2.9524524 2.9295015 2.9295015 2.7925718 2.9282168 2.9282168 3.5417647 2.3566604 2.9158017 2.9421714 2.9404425 2.9227413 2.9227413 2.9123300 2.4337601 2.5920386 1.9036862 
Chlor_IIV22_HF920633_1_Chlor_IIV22_HF920633.1_00079           0.5671826 0.0000000 1.5803523 1.3573090 1.2283407 1.7493073 4.5236875 3.0149830 3.0149830 2.8949453 2.8850864 2.8834968 2.8850864 2.8850864 2.8949453 2.9235404 2.9103576 2.9103576 2.7694781 2.9091055 2.9091055 3.3139898 2.4725986 2.8834968 2.8937539 2.9049711 2.8871737 2.8871737 2.8740238 2.3277997 2.4199964 1.9457285 
Decap_MF599468_1_Decap_MF599468.1_00092                       1.6335785 1.5803523 0.0000000 1.6230768 1.5105335 1.4263641 3.1281906 2.7960071 2.7960071 2.7783787 2.7797609 2.7630940 2.7797609 2.7797609 2.7783787 2.7761243 2.7688697 2.7688697 2.7116526 2.7743491 2.7743491 2.9382494 2.5637567 2.7630940 2.7783787 2.7743859 2.8106900 2.8106900 2.7136310 2.2692021 2.1231739 2.1409794 
Irido_IIV31_HF920637_1_Irido_IIV31_HF920637.1_00025           1.3344434 1.3573090 1.6230768 0.0000000 0.7244851 1.8003069 2.9894128 2.8671905 2.8671905 2.7453913 2.7501503 2.7594888 2.7501503 2.7501503 2.7453913 2.7845177 2.7812207 2.7812207 2.6598545 2.7651926 2.7651926 3.0222648 2.3974747 2.7594888 2.7451186 2.7513797 2.7396959 2.7396959 2.7266420 2.3433447 2.3542466 2.0213850 
Irido_IIV6_AF303741_1_Irido_IIV6_AF303741.1_00080             1.2669342 1.2283407 1.5105335 0.7244851 0.0000000 1.7378203 2.9503930 2.8825964 2.8825964 2.7985518 2.7740183 2.8178870 2.7740183 2.7740183 2.7985518 2.8110105 2.7935493 2.7935493 2.7466834 2.8058056 2.8058056 3.1312518 2.4902812 2.8178870 2.7982736 2.8109462 2.8263062 2.8263062 2.7903692 2.3058830 2.4056049 1.8956649 
Lymph_LCD4_MN803438_1_Lymph_LCD4_MN803438.1_00104             1.7407941 1.7493073 1.4263641 1.8003069 1.7378203 0.0000000 0.5953894 2.8511342 2.8511342 2.8828563 2.8870262 2.8257153 2.8870262 2.8870262 2.8828563 2.8995138 2.8675539 2.8675539 2.7465037 2.8661025 2.8661025 3.3516776 2.3774891 2.8257153 2.8815396 2.8865327 2.9051676 2.9051676 2.8355641 2.0508114 1.9389458 1.7528573 
Lymph_LDV1_L63545_1_Lymph_LDV1_L63545.1_00001                 3.6262643 4.5236875 3.1281906 2.9894128 2.9503930 0.5953894 0.0000000 3.7578840 3.7578840 5.4821845 5.4821845 5.5123656 5.4821845 5.4821845 5.4821845 5.3957672 5.5123656 5.5123656 5.2026614 5.5123656 5.5123656 5.9803607 0.0000010 5.5123656 5.4693640 5.5123656 5.5051690 5.5051690 5.5123656 3.2973695 3.8557006 0.0000010 
MCV_ML1_SDDV_MN562489_1_MCV_ML1_SDDV_MN562489.1_00060         3.1003479 3.0149830 2.7960071 2.8671905 2.8825964 2.8511342 3.7578840 0.0000000 0.0000010 1.5317133 1.5350447 1.5480261 1.5350447 1.5350447 1.5317133 1.5628010 1.5481100 1.5481100 1.5341323 1.5487278 1.5487278 1.5757688 1.5236065 1.5480261 1.5309674 1.5418893 1.5374284 1.5374284 1.5656604 3.2656828 3.2447731 2.5118054 
MCV_ML1_SDDV_MT521409_1_MCV_ML1_SDDV_MT521409.1_00061         3.1003479 3.0149830 2.7960071 2.8671905 2.8825964 2.8511342 3.7578840 0.0000010 0.0000000 1.5317133 1.5350447 1.5480261 1.5350447 1.5350447 1.5317133 1.5628010 1.5481100 1.5481100 1.5341323 1.5487278 1.5487278 1.5757688 1.5236065 1.5480261 1.5309674 1.5418893 1.5374284 1.5374284 1.5656604 3.2656828 3.2447731 2.5118054 
MCV_MP1_BCFI_MN432490_1_MCV_MP1_BCFI_MN432490.1_00113         2.9433972 2.8949453 2.7783787 2.7453913 2.7985518 2.8828563 5.4821845 1.5317133 1.5317133 0.0000000 0.0059044 0.0521234 0.0059044 0.0105145 0.0000010 0.0191298 0.0484449 0.0484449 0.0605377 0.0484626 0.0484626 0.0578443 0.0927500 0.0521234 0.0011762 0.0533136 0.0633557 0.0633557 0.0588183 3.1428873 3.2805987 2.2694656 
MCV_MP1_BCFI_MT926123_1_MCV_MP1_BCFI_MT926123.1_00112         2.9219672 2.8850864 2.7797609 2.7501503 2.7740183 2.8870262 5.4821845 1.5350447 1.5350447 0.0059044 0.0000000 0.0508396 0.0000010 0.0000010 0.0059044 0.0131094 0.0471673 0.0471673 0.0605395 0.0471846 0.0471846 0.0556448 0.0927500 0.0508396 0.0070894 0.0533664 0.0634187 0.0634187 0.0574833 3.1524641 3.3259550 2.2694656 
MCV_MP1_GSPI_KT804738_1_MCV_MP1_GSPI_KT804738.1_00109         2.9158017 2.8834968 2.7630940 2.7594888 2.8178870 2.8257153 5.5123656 1.5480261 1.5480261 0.0521234 0.0508396 0.0000000 0.0508396 0.0508396 0.0521234 0.0637119 0.0154386 0.0154386 0.0075063 0.0142321 0.0142321 0.0040112 0.0577094 0.0000010 0.0533670 0.0522077 0.0623019 0.0623019 0.0232706 3.1423486 3.2849786 2.3078154 
MCV_MP1_ISKNV_AF371960_1_MCV_MP1_ISKNV_AF371960.1_00112       2.9219672 2.8850864 2.7797609 2.7501503 2.7740183 2.8870262 5.4821845 1.5350447 1.5350447 0.0059044 0.0000010 0.0508396 0.0000000 0.0000010 0.0059044 0.0131094 0.0471673 0.0471673 0.0605395 0.0471846 0.0471846 0.0556448 0.0927500 0.0508396 0.0070894 0.0533664 0.0634187 0.0634187 0.0574833 3.1524641 3.3259550 2.2694656 
MCV_MP1_ISKNV_MK689685_1_MCV_MP1_ISKNV_MK689685.1_00110       2.9219672 2.8850864 2.7797609 2.7501503 2.7740183 2.8870262 5.4821845 1.5350447 1.5350447 0.0105145 0.0000010 0.0508396 0.0000010 0.0000000 0.0059044 0.0131094 0.0471673 0.0471673 0.0605395 0.0471846 0.0471846 0.0556448 0.0927500 0.0508396 0.0070894 0.0533664 0.0634187 0.0634187 0.0574833 3.1524641 3.3259550 2.2694656 
MCV_MP1_LBUSV_OP009387_1_MCV_MP1_LBUSV_OP009387.1_00112       2.9433972 2.8949453 2.7783787 2.7453913 2.7985518 2.8828563 5.4821845 1.5317133 1.5317133 0.0000010 0.0059044 0.0521234 0.0059044 0.0059044 0.0000000 0.0191298 0.0484449 0.0484449 0.0605377 0.0484626 0.0484626 0.0578443 0.0927500 0.0521234 0.0011762 0.0533136 0.0633557 0.0633557 0.0588183 3.1428873 3.2805987 2.2694656 
MCV_MP1_LYCI_AY779031_1_MCV_MP1_LYCI_AY779031.1_00121         2.9524524 2.9235404 2.7761243 2.7845177 2.8110105 2.8995138 5.3957672 1.5628010 1.5628010 0.0191298 0.0131094 0.0637119 0.0131094 0.0131094 0.0191298 0.0000000 0.0599843 0.0599843 0.0743730 0.0600059 0.0600059 0.0644728 0.1131753 0.0637119 0.0203374 0.0662947 0.0765431 0.0765431 0.0681825 3.2096253 3.3887759 2.2726767 
MCV_MP1_LYCI_MW139932_1_MCV_MP1_LYCI_MW139932.1_00113         2.9295015 2.9103576 2.7688697 2.7812207 2.7935493 2.8675539 5.5123656 1.5481100 1.5481100 0.0484449 0.0471673 0.0154386 0.0471673 0.0471673 0.0484449 0.0599843 0.0000000 0.0000010 0.0239878 0.0023609 0.0023609 0.0181877 0.0767142 0.0154386 0.0496853 0.0497367 0.0598068 0.0598068 0.0097390 3.1613610 3.3400459 2.3202276 
MCV_MP1_LYCI_OL774653_1_MCV_MP1_LYCI_OL774653.1_00006         2.9295015 2.9103576 2.7688697 2.7812207 2.7935493 2.8675539 5.5123656 1.5481100 1.5481100 0.0484449 0.0471673 0.0154386 0.0471673 0.0471673 0.0484449 0.0599843 0.0000010 0.0000000 0.0239878 0.0023609 0.0023609 0.0181877 0.0767142 0.0154386 0.0496853 0.0497367 0.0598068 0.0598068 0.0097390 3.1613610 3.3400459 2.3202276 
MCV_MP1_OSGI_AY894343_1_MCV_MP1_OSGI_AY894343.1_00113         2.7925718 2.7694781 2.7116526 2.6598545 2.7466834 2.7465037 5.2026614 1.5341323 1.5341323 0.0605377 0.0605395 0.0075063 0.0605395 0.0605395 0.0605377 0.0743730 0.0239878 0.0239878 0.0000000 0.0226933 0.0226933 0.0178349 0.0577094 0.0075063 0.0605377 0.0619813 0.0727857 0.0727857 0.0326158 3.0582326 3.1843407 2.3078154 
MCV_MP1_PI_MK098185_1_MCV_MP1_PI_MK098185.1_00112             2.9282168 2.9091055 2.7743491 2.7651926 2.8058056 2.8661025 5.5123656 1.5487278 1.5487278 0.0484626 0.0471846 0.0142321 0.0471846 0.0471846 0.0484626 0.0600059 0.0023609 0.0023609 0.0226933 0.0000000 0.0000010 0.0181877 0.0733994 0.0142321 0.0497035 0.0522614 0.0623663 0.0623663 0.0097390 3.1594586 3.3400459 2.3152057 
MCV_MP1_PI_MK098186_1_MCV_MP1_PI_MK098186.1_00109             2.9282168 2.9091055 2.7743491 2.7651926 2.8058056 2.8661025 5.5123656 1.5487278 1.5487278 0.0484626 0.0471846 0.0142321 0.0471846 0.0471846 0.0484626 0.0600059 0.0023609 0.0023609 0.0226933 0.0000010 0.0000000 0.0181877 0.0733994 0.0142321 0.0497035 0.0522614 0.0623663 0.0623663 0.0097390 3.1594586 3.3400459 2.3152057 
MCV_MP1_RBIV_AY532606_1_MCV_MP1_RBIV_AY532606.1_00116         3.5417647 3.3139898 2.9382494 3.0222648 3.1312518 3.3516776 5.9803607 1.5757688 1.5757688 0.0578443 0.0556448 0.0040112 0.0556448 0.0556448 0.0578443 0.0644728 0.0181877 0.0181877 0.0178349 0.0181877 0.0181877 0.0000000 0.4177211 0.0040112 0.0599705 0.0536715 0.0665625 0.0665625 0.0181877 3.8118966 3.9487088 0.0000010 
MCV_MP1_RBIV_AY532606_1_MCV_MP1_RBIV_AY532606.1_00117         2.3566604 2.4725986 2.5637567 2.3974747 2.4902812 2.3774891 0.0000010 1.5236065 1.5236065 0.0927500 0.0927500 0.0577094 0.0927500 0.0927500 0.0927500 0.1131753 0.0767142 0.0767142 0.0577094 0.0733994 0.0733994 0.4177211 0.0000000 0.0577094 0.0927500 0.1093063 0.1160368 0.1160368 0.1031519 2.5439097 2.2908626 2.3078154 
MCV_MP1_RBIV_KC244182_1_MCV_MP1_RBIV_KC244182.1_00112         2.9158017 2.8834968 2.7630940 2.7594888 2.8178870 2.8257153 5.5123656 1.5480261 1.5480261 0.0521234 0.0508396 0.0000010 0.0508396 0.0508396 0.0521234 0.0637119 0.0154386 0.0154386 0.0075063 0.0142321 0.0142321 0.0040112 0.0577094 0.0000000 0.0533670 0.0522077 0.0623019 0.0623019 0.0232706 3.1423486 3.2849786 2.3078154 
MCV_MP1_SKIV_MT986830_1_MCV_MP1_SKIV_MT986830.1_00116         2.9421714 2.8937539 2.7783787 2.7451186 2.7982736 2.8815396 5.4693640 1.5309674 1.5309674 0.0011762 0.0070894 0.0533670 0.0070894 0.0070894 0.0011762 0.0203374 0.0496853 0.0496853 0.0605377 0.0497035 0.0497035 0.0599705 0.0927500 0.0533670 0.0000000 0.0545574 0.0646124 0.0646124 0.0601063 3.1554265 3.2787179 2.2694656 
MCV_MP1_TRBIV_GQ273492_1_MCV_MP1_TRBIV_GQ273492.1_00108       2.9404425 2.9049711 2.7743859 2.7513797 2.8109462 2.8865327 5.5123656 1.5418893 1.5418893 0.0533136 0.0533664 0.0522077 0.0533664 0.0533664 0.0533136 0.0662947 0.0497367 0.0497367 0.0619813 0.0522614 0.0522614 0.0536715 0.1093063 0.0522077 0.0545574 0.0000000 0.0226483 0.0226483 0.0614727 3.0959717 3.3528301 2.2159351 
MCV_Unclassified_MG570131_1_MCV_Unclassified_MG570131.1_00108 2.9227413 2.8871737 2.8106900 2.7396959 2.8263062 2.9051676 5.5051690 1.5374284 1.5374284 0.0633557 0.0634187 0.0623019 0.0634187 0.0634187 0.0633557 0.0765431 0.0598068 0.0598068 0.0727857 0.0623663 0.0623663 0.0665625 0.1160368 0.0623019 0.0646124 0.0226483 0.0000000 0.0000010 0.0706338 3.0878258 3.3426414 2.2230005 
MCV_Unclassified_MG570132_1_MCV_Unclassified_MG570132.1_00108 2.9227413 2.8871737 2.8106900 2.7396959 2.8263062 2.9051676 5.5051690 1.5374284 1.5374284 0.0633557 0.0634187 0.0623019 0.0634187 0.0634187 0.0633557 0.0765431 0.0598068 0.0598068 0.0727857 0.0623663 0.0623663 0.0665625 0.1160368 0.0623019 0.0646124 0.0226483 0.0000010 0.0000000 0.0706338 3.0878258 3.3426414 2.2230005 
MCV_Unlassified_OL310752_1_MCV_Unlassified_OL310752.1_00060   2.9123300 2.8740238 2.7136310 2.7266420 2.7903692 2.8355641 5.5123656 1.5656604 1.5656604 0.0588183 0.0574833 0.0232706 0.0574833 0.0574833 0.0588183 0.0681825 0.0097390 0.0097390 0.0326158 0.0097390 0.0097390 0.0181877 0.1031519 0.0232706 0.0601063 0.0614727 0.0706338 0.0706338 0.0000000 3.2056861 3.3400459 2.4465089 
Rana_FV3_NC_005946_1_Rana_FV3_NC_005946.1_00028               2.4337601 2.3277997 2.2692021 2.3433447 2.3058830 2.0508114 3.2973695 3.2656828 3.2656828 3.1428873 3.1524641 3.1423486 3.1524641 3.1524641 3.1428873 3.2096253 3.1613610 3.1613610 3.0582326 3.1594586 3.1594586 3.8118966 2.5439097 3.1423486 3.1554265 3.0959717 3.0878258 3.0878258 3.2056861 0.0000000 1.0735240 0.9158234 
Rana_SGIV_AY521625_1_Rana_SGIV_AY521625.1_00069               2.5920386 2.4199964 2.1231739 2.3542466 2.4056049 1.9389458 3.8557006 3.2447731 3.2447731 3.2805987 3.3259550 3.2849786 3.3259550 3.3259550 3.2805987 3.3887759 3.3400459 3.3400459 3.1843407 3.3400459 3.3400459 3.9487088 2.2908626 3.2849786 3.2787179 3.3528301 3.3426414 3.3426414 3.3400459 1.0735240 0.0000000 0.0000010 
Rana_SGIV_AY521625_1_Rana_SGIV_AY521625.1_00070               1.9036862 1.9457285 2.1409794 2.0213850 1.8956649 1.7528573 0.0000010 2.5118054 2.5118054 2.2694656 2.2694656 2.3078154 2.2694656 2.2694656 2.2694656 2.2726767 2.3202276 2.3202276 2.3078154 2.3152057 2.3152057 0.0000010 2.3078154 2.3078154 2.2694656 2.2159351 2.2230005 2.2230005 2.4465089 0.9158234 0.0000010 0.0000000 
