31
NC_003494_Megalocytivirus_pagrus1_ISKNV                  0.0000000 0.0000010 1.6076683 0.1328968 0.2114783 0.1655192 3.3913801 0.1308480 0.1308480 0.1359982 0.2198603 0.0026902 3.3913801 0.1690448 0.1655192 0.1340556 0.1360584 0.1719058 0.1719058 0.0026902 0.0053898 0.1328968 0.0000010 0.0135420 0.0135420 0.0026902 0.0026902 0.1690448 0.0026939 0.2198603 0.0053894 
AF371960_Megalocytivirus_pagrus1_ISKNV                   0.0000010 0.0000000 1.6076683 0.1328968 0.2114783 0.1655192 3.3913801 0.1308480 0.1308480 0.1359982 0.2198603 0.0026902 3.3913801 0.1690448 0.1655192 0.1340556 0.1360584 0.1719058 0.1719058 0.0026902 0.0053898 0.1328968 0.0000010 0.0135420 0.0135420 0.0026902 0.0026902 0.1690448 0.0026939 0.2198603 0.0053894 
PQ335173_PQ335174_Threespine_stickleback_iridovirus_TSIV 1.6076683 1.6076683 0.0000000 1.6517035 1.6903673 1.6851634 4.9227482 1.6436442 1.6436442 1.6644751 1.7233703 1.6045329 4.9227482 1.6878738 1.6851634 1.6549518 1.6710432 1.6761539 1.6761539 1.6076683 1.6045329 1.6517035 1.6076683 1.5991749 1.5991749 1.6076683 1.6045329 1.6878738 1.6081015 1.7233703 1.6049201 
MT798582_Megalocytivirus_pagrus1_RSIV                    0.1328968 0.1328968 1.6517035 0.0000000 0.1660803 0.0713740 3.3499005 0.0053919 0.0053919 0.0026921 0.1646936 0.1359077 3.3499005 0.0745215 0.0713740 0.0081018 0.0026926 0.0773602 0.0773602 0.1359077 0.1390819 0.0000010 0.1332768 0.1422588 0.1422588 0.1359077 0.1359077 0.0745215 0.1361172 0.1646936 0.1327998 
GQ273492_Megalocytivirus_pagrus1_TRBIV                   0.2114783 0.2114783 1.6903673 0.1660803 0.0000000 0.1781665 3.6025607 0.1658420 0.1658420 0.1694027 0.0822155 0.2131486 3.6025607 0.1818701 0.1781665 0.1692844 0.1694926 0.1848391 0.1848391 0.2147996 0.2160171 0.1660803 0.2121392 0.2223118 0.2223118 0.2147996 0.2131486 0.1818701 0.2151634 0.0822155 0.2167274 
ON740976_Megalocytivirus_pagrus1_RSIV                    0.1655192 0.1655192 1.6851634 0.0713740 0.1781665 0.0000000 3.1879886 0.0773905 0.0773905 0.0743744 0.1783590 0.1686240 3.1879886 0.0026876 0.0000010 0.0804755 0.0743989 0.0053704 0.0053704 0.1686240 0.1719360 0.0713740 0.1660054 0.1752521 0.1752521 0.1686240 0.1686240 0.0026876 0.1688918 0.1783590 0.1653949 
MN562489_Megalocytivirus_lates1_SDDV                     3.3913801 3.3913801 4.9227482 3.3499005 3.6025607 3.1879886 0.0000000 3.3341081 3.3341081 3.3462420 3.6027435 3.4136519 0.0000010 3.1864232 3.1879886 3.3275262 3.4031282 3.1901817 3.1901817 3.3822692 3.4276424 3.3499005 3.3967327 3.3734009 3.3734009 3.3822692 3.4136519 3.1864232 3.3913801 3.6027435 3.4126327 
AY894343_Megalocytivirus_pagrus1_RSIV                    0.1308480 0.1308480 1.6436442 0.0053919 0.1658420 0.0773905 3.3341081 0.0000000 0.0000010 0.0080960 0.1644558 0.1338697 3.3341081 0.0805585 0.0773905 0.0026911 0.0080976 0.0833941 0.0833941 0.1338697 0.1370525 0.0053919 0.1312235 0.1402380 0.1402380 0.1338697 0.1338697 0.0805585 0.1340767 0.1644558 0.1307521 
KT804738_Megalocytivirus_pagrus1_RSIV                    0.1308480 0.1308480 1.6436442 0.0053919 0.1658420 0.0773905 3.3341081 0.0000010 0.0000000 0.0080960 0.1644558 0.1338697 3.3341081 0.0805585 0.0773905 0.0026911 0.0080976 0.0833941 0.0833941 0.1338697 0.1370525 0.0053919 0.1312235 0.1402380 0.1402380 0.1338697 0.1338697 0.0805585 0.1340767 0.1644558 0.1307521 
OK042109_Megalocytivirus_pagrus1_RSIV                    0.1359982 0.1359982 1.6644751 0.0026921 0.1694027 0.0743744 3.3462420 0.0080960 0.0080960 0.0000000 0.1680369 0.1390141 3.3462420 0.0775321 0.0743744 0.0108134 0.0053916 0.0803692 0.0803692 0.1390141 0.1421972 0.0026921 0.1363875 0.1453833 0.1453833 0.1390141 0.1390141 0.0775321 0.1392288 0.1680369 0.1358988 
MG570131_Megalocytivirus_pagrus1_TRBIV                   0.2198603 0.2198603 1.7233703 0.1646936 0.0822155 0.1783590 3.6027435 0.1644558 0.1644558 0.1680369 0.0000000 0.2232171 3.6027435 0.1820612 0.1783590 0.1679191 0.1681264 0.1850282 0.1850282 0.2232171 0.2261516 0.1646936 0.2205542 0.2379682 0.2379682 0.2232171 0.2232171 0.1820612 0.2235990 0.0000010 0.2268308 
23043610003_Megalocytivirus_pagrus1_ISKNV                0.0026902 0.0026902 1.6045329 0.1359077 0.2131486 0.1686240 3.4136519 0.1338697 0.1338697 0.1390141 0.2232171 0.0000000 3.4136519 0.1721588 0.1686240 0.1370840 0.1390764 0.1750186 0.1750186 0.0053842 0.0026899 0.1359077 0.0026971 0.0162590 0.0162590 0.0053842 0.0000010 0.1721588 0.0053916 0.2232171 0.0026897 
MT521409_Megalocytivirus_lates1_SDDV                     3.3913801 3.3913801 4.9227482 3.3499005 3.6025607 3.1879886 0.0000010 3.3341081 3.3341081 3.3462420 3.6027435 3.4136519 0.0000000 3.1864232 3.1879886 3.3275262 3.4031282 3.1901817 3.1901817 3.3822692 3.4276424 3.3499005 3.3967327 3.3734009 3.3734009 3.3822692 3.4136519 3.1864232 3.3913801 3.6027435 3.4126327 
AB104413_Megalocytivirus_pagrus1_RSIV                    0.1690448 0.1690448 1.6878738 0.0745215 0.1818701 0.0026876 3.1864232 0.0805585 0.0805585 0.0775321 0.1820612 0.1721588 3.1864232 0.0000000 0.0026876 0.0836569 0.0775581 0.0080799 0.0080799 0.1721588 0.1754848 0.0745215 0.1695425 0.1788153 0.1788153 0.1721588 0.1721588 0.0000010 0.1724330 0.1820612 0.1689175 
MW139932_Megalocytivirus_pagrus1_RSIV                    0.1655192 0.1655192 1.6851634 0.0713740 0.1781665 0.0000010 3.1879886 0.0773905 0.0773905 0.0743744 0.1783590 0.1686240 3.1879886 0.0026876 0.0000000 0.0804755 0.0743989 0.0053704 0.0053704 0.1686240 0.1719360 0.0713740 0.1660054 0.1752521 0.1752521 0.1686240 0.1686240 0.0026876 0.1688918 0.1783590 0.1653949 
AP017456_Megalocytivirus_pagrus1_RSIV                    0.1340556 0.1340556 1.6549518 0.0081018 0.1692844 0.0804755 3.3275262 0.0026911 0.0026911 0.0108134 0.1679191 0.1370840 3.3275262 0.0836569 0.0804755 0.0000000 0.0108156 0.0864940 0.0864940 0.1370840 0.1402779 0.0081018 0.1344410 0.1434744 0.1434744 0.1370840 0.1370840 0.0836569 0.1372966 0.1679191 0.1339571 
KC244182_Megalocytivirus_pagrus1_RSIV                    0.1360584 0.1360584 1.6710432 0.0026926 0.1694926 0.0743989 3.4031282 0.0080976 0.0080976 0.0053916 0.1681264 0.1390764 3.4031282 0.0775581 0.0743989 0.0108156 0.0000000 0.0803965 0.0803965 0.1390764 0.1422618 0.0026926 0.1364481 0.1454503 0.1454503 0.1390764 0.1390764 0.0775581 0.1392913 0.1681264 0.1359588 
MK098187_Megalocytivirus_pagrus1_RSIV                    0.1719058 0.1719058 1.6761539 0.0773602 0.1848391 0.0053704 3.1901817 0.0833941 0.0833941 0.0803692 0.1850282 0.1750186 3.1901817 0.0080799 0.0053704 0.0864940 0.0803965 0.0000000 0.0000010 0.1750186 0.1783468 0.0773602 0.1724116 0.1816796 0.1816796 0.1750186 0.1750186 0.0080799 0.1752972 0.1850282 0.1717764 
MK098186_Megalocytivirus_pagrus1_RSIV                    0.1719058 0.1719058 1.6761539 0.0773602 0.1848391 0.0053704 3.1901817 0.0833941 0.0833941 0.0803692 0.1850282 0.1750186 3.1901817 0.0080799 0.0053704 0.0864940 0.0803965 0.0000010 0.0000000 0.1750186 0.1783468 0.0773602 0.1724116 0.1816796 0.1816796 0.1750186 0.1750186 0.0080799 0.1752972 0.1850282 0.1717764 
MT986830_Megalocytivirus_pagrus1_ISKNV                   0.0026902 0.0026902 1.6076683 0.1359077 0.2147996 0.1686240 3.3822692 0.1338697 0.1338697 0.1390141 0.2232171 0.0053842 3.3822692 0.1721588 0.1686240 0.1370840 0.1390764 0.1750186 0.1750186 0.0000000 0.0080889 0.1359077 0.0026971 0.0162590 0.0162590 0.0000010 0.0053842 0.1721588 0.0053916 0.2232171 0.0080883 
MW883599_Megalocytivirus_pagrus1_ISKNV                   0.0053898 0.0053898 1.6045329 0.1390819 0.2160171 0.1719360 3.4276424 0.1370525 0.1370525 0.1421972 0.2261516 0.0026899 3.4276424 0.1754848 0.1719360 0.1402779 0.1422618 0.1783468 0.1783468 0.0080889 0.0000000 0.1390819 0.0054038 0.0189986 0.0189986 0.0080889 0.0026899 0.1754848 0.0081000 0.2261516 0.0053889 
ON075463_Megalocytivirus_pagrus1_RSIV                    0.1328968 0.1328968 1.6517035 0.0000010 0.1660803 0.0713740 3.3499005 0.0053919 0.0053919 0.0026921 0.1646936 0.1359077 3.3499005 0.0745215 0.0713740 0.0081018 0.0026926 0.0773602 0.0773602 0.1359077 0.1390819 0.0000000 0.1332768 0.1422588 0.1422588 0.1359077 0.1359077 0.0745215 0.1361172 0.1646936 0.1327998 
KT781098_Megalocytivirus_pagrus1_ISKNV                   0.0000010 0.0000010 1.6076683 0.1332768 0.2121392 0.1660054 3.3967327 0.1312235 0.1312235 0.1363875 0.2205542 0.0026971 3.3967327 0.1695425 0.1660054 0.1344410 0.1364481 0.1724116 0.1724116 0.0026971 0.0054038 0.1332768 0.0000000 0.0135775 0.0135775 0.0026971 0.0026971 0.1695425 0.0027009 0.2205542 0.0054034 
MW883595_Megalocytivirus_pagrus1_ISKNV                   0.0135420 0.0135420 1.5991749 0.1422588 0.2223118 0.1752521 3.3734009 0.1402380 0.1402380 0.1453833 0.2379682 0.0162590 3.3734009 0.1788153 0.1752521 0.1434744 0.1454503 0.1816796 0.1816796 0.0162590 0.0189986 0.1422588 0.0135775 0.0000000 0.0000010 0.0162590 0.0162590 0.1788153 0.0162814 0.2379682 0.0189971 
MN432490_Megalocytivirus_pagrus1_ISKNV                   0.0135420 0.0135420 1.5991749 0.1422588 0.2223118 0.1752521 3.3734009 0.1402380 0.1402380 0.1453833 0.2379682 0.0162590 3.3734009 0.1788153 0.1752521 0.1434744 0.1454503 0.1816796 0.1816796 0.0162590 0.0189986 0.1422588 0.0135775 0.0000010 0.0000000 0.0162590 0.0162590 0.1788153 0.0162814 0.2379682 0.0189971 
PP974677_Megalocytivirus_pagrus1_ISKNV                   0.0026902 0.0026902 1.6076683 0.1359077 0.2147996 0.1686240 3.3822692 0.1338697 0.1338697 0.1390141 0.2232171 0.0053842 3.3822692 0.1721588 0.1686240 0.1370840 0.1390764 0.1750186 0.1750186 0.0000010 0.0080889 0.1359077 0.0026971 0.0162590 0.0162590 0.0000000 0.0053842 0.1721588 0.0053916 0.2232171 0.0080883 
23043610005_Megalocytivirus_pagrus1_ISKNV                0.0026902 0.0026902 1.6045329 0.1359077 0.2131486 0.1686240 3.4136519 0.1338697 0.1338697 0.1390141 0.2232171 0.0000010 3.4136519 0.1721588 0.1686240 0.1370840 0.1390764 0.1750186 0.1750186 0.0053842 0.0026899 0.1359077 0.0026971 0.0162590 0.0162590 0.0053842 0.0000000 0.1721588 0.0053916 0.2232171 0.0026897 
BD143114_Megalocytivirus_pagrus1_RSIV                    0.1690448 0.1690448 1.6878738 0.0745215 0.1818701 0.0026876 3.1864232 0.0805585 0.0805585 0.0775321 0.1820612 0.1721588 3.1864232 0.0000010 0.0026876 0.0836569 0.0775581 0.0080799 0.0080799 0.1721588 0.1754848 0.0745215 0.1695425 0.1788153 0.1788153 0.1721588 0.1721588 0.0000000 0.1724330 0.1820612 0.1689175 
MK689685_Megalocytivirus_pagrus1_ISKNV                   0.0026939 0.0026939 1.6081015 0.1361172 0.2151634 0.1688918 3.3913801 0.1340767 0.1340767 0.1392288 0.2235990 0.0053916 3.3913801 0.1724330 0.1688918 0.1372966 0.1392913 0.1752972 0.1752972 0.0053916 0.0081000 0.1361172 0.0027009 0.0162814 0.0162814 0.0053916 0.0053916 0.1724330 0.0000000 0.2235990 0.0080994 
MG570132_Megalocytivirus_pagrus1_TRBIV                   0.2198603 0.2198603 1.7233703 0.1646936 0.0822155 0.1783590 3.6027435 0.1644558 0.1644558 0.1680369 0.0000010 0.2232171 3.6027435 0.1820612 0.1783590 0.1679191 0.1681264 0.1850282 0.1850282 0.2232171 0.2261516 0.1646936 0.2205542 0.2379682 0.2379682 0.2232171 0.2232171 0.1820612 0.2235990 0.0000000 0.2268308 
MW883594_Megalocytivirus_pagrus1_ISKNV                   0.0053894 0.0053894 1.6049201 0.1327998 0.2167274 0.1653949 3.4126327 0.1307521 0.1307521 0.1358988 0.2268308 0.0026897 3.4126327 0.1689175 0.1653949 0.1339571 0.1359588 0.1717764 0.1717764 0.0080883 0.0053889 0.1327998 0.0054034 0.0189971 0.0189971 0.0080883 0.0026897 0.1689175 0.0080994 0.2268308 0.0000000 
