23
Chlor_AMIV_KF938901_1_Chlor_AMIV_KF938901.1_00095             0.0000000 0.1456310 0.6401674 2.4129761 1.1598975 1.0905324 1.9084566 1.7382677 1.8221507 1.8221507 2.1507307 2.1313801 2.2343771 2.1313801 2.1162341 4.7933418 2.2343771 2.2343771 2.2307759 2.2166608 2.2166608 2.0257819 1.7642309 
Chlor_IIV22_HF920633_1_Chlor_IIV22_HF920633.1_00058           0.1456310 0.0000000 0.6539262 2.1310528 1.1324940 1.0901776 1.9087321 1.8490317 1.8192875 1.8192875 1.8849419 1.8681937 1.9583717 1.8681937 1.8553690 4.0770122 1.9583717 1.9583717 1.9878876 1.9775230 1.9775230 2.0539656 1.7658129 
Daphi_LS484712_1_Daphi_LS484712.1_00135                       0.6401674 0.6539262 0.0000000 2.1065218 1.1595028 1.1045065 1.8356920 1.7950103 1.6786597 1.6786597 1.8261168 1.8059075 1.9195004 1.8059075 1.8059075 6.1723520 1.9195004 1.9195004 1.9107362 1.8991471 1.8991471 1.7902631 1.9065532 
Decap_MF599468_1_Decap_MF599468.1_00009                       2.4129761 2.1310528 2.1065218 0.0000000 2.1638592 2.2012692 2.0860811 2.2280666 1.9957749 1.9957749 2.2420709 2.2420709 2.2942257 2.2420709 2.2420709 3.8805077 2.2942257 2.2735928 2.3062602 2.2461819 2.2461819 2.2531613 2.2143259 
Irido_IIV31_HF920637_1_Irido_IIV31_HF920637.1_00152           1.1598975 1.1324940 1.1595028 2.1638592 0.0000000 0.1631621 2.0128754 2.0220516 2.1348163 2.1348163 2.1493530 2.1290672 2.2331801 2.1290672 2.1290672 4.6224133 2.2331801 2.2331801 2.1871279 2.1640930 2.1640930 2.3965253 1.9942833 
Irido_IIV6_AF303741_1_Irido_IIV6_AF303741.1_00046             1.0905324 1.0901776 1.1045065 2.2012692 0.1631621 0.0000000 2.0911218 2.0358348 2.1064864 2.1064864 2.1591458 2.1755693 2.2447530 2.1755693 2.1755693 6.2657200 2.2447530 2.2447530 2.1976414 2.1740344 2.1740344 2.4645954 2.1340268 
Lymph_LCD4_MN803438_1_Lymph_LCD4_MN803438.1_00046             1.9084566 1.9087321 1.8356920 2.0860811 2.0128754 2.0911218 0.0000000 0.2614876 1.9667365 1.9667365 1.8117434 1.7935761 1.8734744 1.7935761 1.7935761 1.8305118 1.8734744 1.8734744 1.8418039 1.8053766 1.8053766 1.3817167 1.2903195 
Lymph_LDV1_L63545_1_Lymph_LDV1_L63545.1_00110                 1.7382677 1.8490317 1.7950103 2.2280666 2.0220516 2.0358348 0.2614876 0.0000000 1.9975743 1.9975743 1.9845547 1.9650168 2.0475393 1.9650168 1.9650168 3.1127007 2.0475393 2.0475393 1.9803048 1.9428343 1.9428343 1.3007988 1.1980017 
MCV_ML1_SDDV_MN562489_1_MCV_ML1_SDDV_MN562489.1_00133         1.8221507 1.8192875 1.6786597 1.9957749 2.1348163 2.1064864 1.9667365 1.9975743 0.0000000 0.0000010 0.9210463 0.9136801 0.9693795 0.9136801 0.9357551 1.7356532 0.9693795 0.9588827 0.9559666 0.9456185 0.9456185 1.7601045 1.6320649 
MCV_ML1_SDDV_MT521409_1_MCV_ML1_SDDV_MT521409.1_00134         1.8221507 1.8192875 1.6786597 1.9957749 2.1348163 2.1064864 1.9667365 1.9975743 0.0000010 0.0000000 0.9210463 0.9136801 0.9693795 0.9136801 0.9357551 1.7356532 0.9693795 0.9588827 0.9559666 0.9456185 0.9456185 1.7601045 1.6320649 
MCV_MP1_BCFI_MN432490_1_MCV_MP1_BCFI_MN432490.1_00123         2.1507307 1.8849419 1.8261168 2.2420709 2.1493530 2.1591458 1.8117434 1.9845547 0.9210463 0.9210463 0.0000000 0.0081386 0.0081463 0.0081386 0.0163916 0.5899655 0.0081463 0.0163482 0.0163811 0.0411960 0.0411960 1.8242431 1.9445249 
MCV_MP1_BCFI_MT926123_1_MCV_MP1_BCFI_MT926123.1_00121         2.1313801 1.8681937 1.8059075 2.2420709 2.1290672 2.1755693 1.7935761 1.9650168 0.9136801 0.9136801 0.0081386 0.0000000 0.0163297 0.0000010 0.0081698 0.6079495 0.0163297 0.0245787 0.0246282 0.0495511 0.0495511 1.8006922 1.9400525 
MCV_MP1_GSPI_KT804738_1_MCV_MP1_GSPI_KT804738.1_00120         2.2343771 1.9583717 1.9195004 2.2942257 2.2331801 2.2447530 1.8734744 2.0475393 0.9693795 0.9693795 0.0081463 0.0163297 0.0000000 0.0163297 0.0246667 0.6805324 0.0000010 0.0079587 0.0240677 0.0402673 0.0402673 1.7726574 1.9562813 
MCV_MP1_ISKNV_AF371960_1_MCV_MP1_ISKNV_AF371960.1_00122       2.1313801 1.8681937 1.8059075 2.2420709 2.1290672 2.1755693 1.7935761 1.9650168 0.9136801 0.9136801 0.0081386 0.0000010 0.0163297 0.0000000 0.0081698 0.6079495 0.0163297 0.0245787 0.0246282 0.0495511 0.0495511 1.8006922 1.9400525 
MCV_MP1_ISKNV_MK689685_1_MCV_MP1_ISKNV_MK689685.1_00119       2.1162341 1.8553690 1.8059075 2.2420709 2.1290672 2.1755693 1.7935761 1.9650168 0.9357551 0.9357551 0.0163916 0.0081698 0.0246667 0.0081698 0.0000000 0.6079495 0.0246667 0.0330026 0.0330692 0.0582172 0.0582172 1.8006922 1.9400525 
MCV_MP1_LYCI_AY779031_1_MCV_MP1_LYCI_AY779031.1_00130         4.7933418 4.0770122 6.1723520 3.8805077 4.6224133 6.2657200 1.8305118 3.1127007 1.7356532 1.7356532 0.5899655 0.6079495 0.6805324 0.6079495 0.6079495 0.0000000 0.6805324 0.6805324 0.7131397 0.7306147 0.7306147 6.0799251 4.4223876 
MCV_MP1_LYCI_MW139932_1_MCV_MP1_LYCI_MW139932.1_00124         2.2343771 1.9583717 1.9195004 2.2942257 2.2331801 2.2447530 1.8734744 2.0475393 0.9693795 0.9693795 0.0081463 0.0163297 0.0000010 0.0163297 0.0246667 0.6805324 0.0000000 0.0079587 0.0240677 0.0402673 0.0402673 1.7726574 1.9562813 
MCV_MP1_RBIV_AY532606_1_MCV_MP1_RBIV_AY532606.1_00126         2.2343771 1.9583717 1.9195004 2.2735928 2.2331801 2.2447530 1.8734744 2.0475393 0.9588827 0.9588827 0.0163482 0.0245787 0.0079587 0.0245787 0.0330026 0.6805324 0.0079587 0.0000000 0.0321983 0.0484850 0.0484850 1.7726574 1.9562813 
MCV_MP1_TRBIV_GQ273492_1_MCV_MP1_TRBIV_GQ273492.1_00119       2.2307759 1.9878876 1.9107362 2.3062602 2.1871279 2.1976414 1.8418039 1.9803048 0.9559666 0.9559666 0.0163811 0.0246282 0.0240677 0.0246282 0.0330692 0.7131397 0.0240677 0.0321983 0.0000000 0.0321740 0.0321740 1.8027302 1.8806190 
MCV_Unclassified_MG570131_1_MCV_Unclassified_MG570131.1_00119 2.2166608 1.9775230 1.8991471 2.2461819 2.1640930 2.1740344 1.8053766 1.9428343 0.9456185 0.9456185 0.0411960 0.0495511 0.0402673 0.0495511 0.0582172 0.7306147 0.0402673 0.0484850 0.0321740 0.0000000 0.0000010 1.7682003 1.8024139 
MCV_Unclassified_MG570132_1_MCV_Unclassified_MG570132.1_00119 2.2166608 1.9775230 1.8991471 2.2461819 2.1640930 2.1740344 1.8053766 1.9428343 0.9456185 0.9456185 0.0411960 0.0495511 0.0402673 0.0495511 0.0582172 0.7306147 0.0402673 0.0484850 0.0321740 0.0000010 0.0000000 1.7682003 1.8024139 
Rana_FV3_NC_005946_1_Rana_FV3_NC_005946.1_00021               2.0257819 2.0539656 1.7902631 2.2531613 2.3965253 2.4645954 1.3817167 1.3007988 1.7601045 1.7601045 1.8242431 1.8006922 1.7726574 1.8006922 1.8006922 6.0799251 1.7726574 1.7726574 1.8027302 1.7682003 1.7682003 0.0000000 0.8065643 
Rana_SGIV_AY521625_1_Rana_SGIV_AY521625.1_00035               1.7642309 1.7658129 1.9065532 2.2143259 1.9942833 2.1340268 1.2903195 1.1980017 1.6320649 1.6320649 1.9445249 1.9400525 1.9562813 1.9400525 1.9400525 4.4223876 1.9562813 1.9562813 1.8806190 1.8024139 1.8024139 0.8065643 0.0000000 
