14
OL774655_Megalocytivirus_pagrus1_RSIV     0.0000000 0.0804052 0.2815085 0.1775174 0.0000010 0.1775174 0.3100571 0.1580555 0.0804052 0.1580555 0.2815085 0.1687026 0.2420814 0.1687026 
MK689686_Megalocytivirus_pagrus1_RSIV     0.0804052 0.0000000 0.2434509 0.1506101 0.0804052 0.1506101 0.2569790 0.1317106 0.0000010 0.1317106 0.2434509 0.1419157 0.2344914 0.1419157 
MG570132_Megalocytivirus_pagrus1_TRBIV    0.2815085 0.2434509 0.0000000 0.2105434 0.2815085 0.2105434 0.0959976 0.1889887 0.2434509 0.1889887 0.0000010 0.2212779 0.0958000 0.2212779 
23043610003_Megalocytivirus_pagrus1_ISKNV 0.1775174 0.1506101 0.2105434 0.0000000 0.1775174 0.0000010 0.2243546 0.0150155 0.1506101 0.0150155 0.2105434 0.0074657 0.2020412 0.0074657 
MK098187_Megalocytivirus_pagrus1_RSIV     0.0000010 0.0804052 0.2815085 0.1775174 0.0000000 0.1775174 0.3100571 0.1580555 0.0804052 0.1580555 0.2815085 0.1687026 0.2420814 0.1687026 
OR536350_Megalocytivirus_pagrus1_ISKNV    0.1775174 0.1506101 0.2105434 0.0000010 0.1775174 0.0000000 0.2243546 0.0150155 0.1506101 0.0150155 0.2105434 0.0074657 0.2020412 0.0074657 
GQ273492_Megalocytivirus_pagrus1_TRBIV    0.3100571 0.2569790 0.0959976 0.2243546 0.3100571 0.2243546 0.0000000 0.2022465 0.2569790 0.2022465 0.0959976 0.2353390 0.0462863 0.2353390 
MN432490_Megalocytivirus_pagrus1_ISKNV    0.1580555 0.1317106 0.1889887 0.0150155 0.1580555 0.0150155 0.2022465 0.0000000 0.1317106 0.0000010 0.1889887 0.0226783 0.1806588 0.0226783 
KT804738_Megalocytivirus_pagrus1_RSIV     0.0804052 0.0000010 0.2434509 0.1506101 0.0804052 0.1506101 0.2569790 0.1317106 0.0000000 0.1317106 0.2434509 0.1419157 0.2344914 0.1419157 
OP009387_Megalocytivirus_pagrus1_ISKNV    0.1580555 0.1317106 0.1889887 0.0150155 0.1580555 0.0150155 0.2022465 0.0000010 0.1317106 0.0000000 0.1889887 0.0226783 0.1806588 0.0226783 
MG570131_Megalocytivirus_pagrus1_TRBIV    0.2815085 0.2434509 0.0000010 0.2105434 0.2815085 0.2105434 0.0959976 0.1889887 0.2434509 0.1889887 0.0000000 0.2212779 0.0958000 0.2212779 
MT926123_Megalocytivirus_pagrus1_ISKNV    0.1687026 0.1419157 0.2212779 0.0074657 0.1687026 0.0074657 0.2353390 0.0226783 0.1419157 0.0226783 0.2212779 0.0000000 0.2127008 0.0000010 
OQ475017_Megalocytivirus_pagrus1_RSIV     0.2420814 0.2344914 0.0958000 0.2020412 0.2420814 0.2020412 0.0462863 0.1806588 0.2344914 0.1806588 0.0958000 0.2127008 0.0000000 0.2127008 
KT781098_Megalocytivirus_pagrus1_ISKNV    0.1687026 0.1419157 0.2212779 0.0074657 0.1687026 0.0074657 0.2353390 0.0226783 0.1419157 0.0226783 0.2212779 0.0000010 0.2127008 0.0000000 
