18
Decap_MF599468_1_Decap_MF599468.1_00039                       0.0000000 3.2859700 3.4063049 4.2876534 4.2876534 4.1006466 4.1006466 4.1629390 4.2281953 4.1497625 4.1629390 4.1497625 3.8410271 4.1693935 4.1925988 4.1925988 4.9372973 4.2375347 
Lymph_LCD4_MN803438_1_Lymph_LCD4_MN803438.1_00126             3.2859700 0.0000000 0.4917575 2.6470156 2.6470156 2.7811241 2.7811241 2.8384076 2.8218593 2.8384076 2.8384076 2.8384076 3.0233170 2.7940954 2.8230722 2.8230722 3.3365405 2.9960291 
Lymph_LDV1_L63545_1_Lymph_LDV1_L63545.1_00002                 3.4063049 0.4917575 0.0000000 2.6563371 2.6563371 2.6468702 2.6468702 2.6723907 2.6921873 2.6723907 2.6723907 2.6723907 2.8491447 2.6549610 2.6453772 2.6453772 3.5810456 3.0324230 
MCV_ML1_SDDV_MN562489_1_MCV_ML1_SDDV_MN562489.1_00062         4.2876534 2.6470156 2.6563371 0.0000000 0.0000010 0.9967083 0.9967083 0.9976489 1.0376223 0.9843450 0.9976489 0.9843450 0.8354755 1.0173251 1.0060862 1.0060862 3.8427746 2.9905183 
MCV_ML1_SDDV_MT521409_1_MCV_ML1_SDDV_MT521409.1_00063         4.2876534 2.6470156 2.6563371 0.0000010 0.0000000 0.9967083 0.9967083 0.9976489 1.0376223 0.9843450 0.9976489 0.9843450 0.8354755 1.0173251 1.0060862 1.0060862 3.8427746 2.9905183 
MCV_MP1_BCFI_MN432490_1_MCV_MP1_BCFI_MN432490.1_00111         4.1006466 2.7811241 2.6468702 0.9967083 0.9967083 0.0000000 0.0000010 0.0281765 0.0159920 0.0240530 0.0281765 0.0240530 0.0135388 0.0243984 0.0284265 0.0284265 3.6555253 3.0616217 
MCV_MP1_BCFI_MT926123_1_MCV_MP1_BCFI_MT926123.1_00110         4.1006466 2.7811241 2.6468702 0.9967083 0.9967083 0.0000010 0.0000000 0.0281765 0.0159920 0.0240530 0.0281765 0.0240530 0.0135388 0.0243984 0.0284265 0.0284265 3.6555253 3.0616217 
MCV_MP1_GSPI_KT804738_1_MCV_MP1_GSPI_KT804738.1_00107         4.1629390 2.8384076 2.6723907 0.9976489 0.9976489 0.0281765 0.0281765 0.0000000 0.0365261 0.0039400 0.0000010 0.0039400 0.0135388 0.0160026 0.0158921 0.0158921 3.5563255 3.0378740 
MCV_MP1_LYCI_AY779031_1_MCV_MP1_LYCI_AY779031.1_00119         4.2281953 2.8218593 2.6921873 1.0376223 1.0376223 0.0159920 0.0159920 0.0365261 0.0000000 0.0323357 0.0365261 0.0323357 0.0273838 0.0368614 0.0409048 0.0409048 3.6611208 3.0824994 
MCV_MP1_LYCI_MW139932_1_MCV_MP1_LYCI_MW139932.1_00111         4.1497625 2.8384076 2.6723907 0.9843450 0.9843450 0.0240530 0.0240530 0.0039400 0.0323357 0.0000000 0.0039400 0.0000010 0.0135388 0.0200978 0.0199589 0.0199589 3.5563255 3.0378740 
MCV_MP1_LYCI_OL774653_1_MCV_MP1_LYCI_OL774653.1_00004         4.1629390 2.8384076 2.6723907 0.9976489 0.9976489 0.0281765 0.0281765 0.0000010 0.0365261 0.0039400 0.0000000 0.0039400 0.0135388 0.0160026 0.0158921 0.0158921 3.5563255 3.0378740 
MCV_MP1_LYCI_OL774655_1_MCV_MP1_LYCI_OL774655.1_00111         4.1497625 2.8384076 2.6723907 0.9843450 0.9843450 0.0240530 0.0240530 0.0039400 0.0323357 0.0000010 0.0039400 0.0000000 0.0135388 0.0200978 0.0199589 0.0199589 3.5563255 3.0378740 
MCV_MP1_RBIV_AY532606_1_MCV_MP1_RBIV_AY532606.1_00114         3.8410271 3.0233170 2.8491447 0.8354755 0.8354755 0.0135388 0.0135388 0.0135388 0.0273838 0.0135388 0.0135388 0.0135388 0.0000000 0.0135388 0.0135388 0.0135388 3.9445851 3.0144730 
MCV_MP1_TRBIV_GQ273492_1_MCV_MP1_TRBIV_GQ273492.1_00106       4.1693935 2.7940954 2.6549610 1.0173251 1.0173251 0.0243984 0.0243984 0.0160026 0.0368614 0.0200978 0.0160026 0.0200978 0.0135388 0.0000000 0.0120193 0.0120193 3.5872850 3.0409243 
MCV_Unclassified_MG570131_1_MCV_Unclassified_MG570131.1_00106 4.1925988 2.8230722 2.6453772 1.0060862 1.0060862 0.0284265 0.0284265 0.0158921 0.0409048 0.0199589 0.0158921 0.0199589 0.0135388 0.0120193 0.0000000 0.0000010 3.5323914 2.9954466 
MCV_Unclassified_MG570132_1_MCV_Unclassified_MG570132.1_00106 4.1925988 2.8230722 2.6453772 1.0060862 1.0060862 0.0284265 0.0284265 0.0158921 0.0409048 0.0199589 0.0158921 0.0199589 0.0135388 0.0120193 0.0000010 0.0000000 3.5323914 2.9954466 
Rana_FV3_NC_005946_1_Rana_FV3_NC_005946.1_00086               4.9372973 3.3365405 3.5810456 3.8427746 3.8427746 3.6555253 3.6555253 3.5563255 3.6611208 3.5563255 3.5563255 3.5563255 3.9445851 3.5872850 3.5323914 3.5323914 0.0000000 1.2083079 
Rana_SGIV_AY521625_1_Rana_SGIV_AY521625.1_00060               4.2375347 2.9960291 3.0324230 2.9905183 2.9905183 3.0616217 3.0616217 3.0378740 3.0824994 3.0378740 3.0378740 3.0378740 3.0144730 3.0409243 2.9954466 2.9954466 1.2083079 0.0000000 
