14
MW273354_Megalocytivirus_pagrus1_ISKNV 0.0000000 0.0330593 0.0046933 0.0046834 0.0283170 0.0000010 0.0283170 0.0046933 0.0332055 0.0330593 0.0046866 0.0380540 0.0046834 0.0332498 
MK689686_Megalocytivirus_pagrus1_RSIV  0.0330593 0.0000000 0.0281884 0.0378189 0.0046683 0.0330593 0.0046683 0.0281884 0.0330631 0.0000010 0.0378446 0.0378900 0.0378189 0.0378629 
MW883595_Megalocytivirus_pagrus1_ISKNV 0.0046933 0.0281884 0.0000000 0.0093959 0.0234748 0.0046933 0.0234748 0.0000010 0.0283122 0.0281884 0.0094023 0.0331217 0.0093959 0.0283501 
PP151097_Megalocytivirus_pagrus1_ISKNV 0.0046834 0.0378189 0.0093959 0.0000000 0.0330690 0.0046834 0.0330690 0.0093959 0.0379868 0.0378189 0.0093825 0.0428531 0.0000010 0.0380373 
MK098186_Megalocytivirus_pagrus1_RSIV  0.0283170 0.0046683 0.0234748 0.0330690 0.0000000 0.0283170 0.0000010 0.0234748 0.0283202 0.0046683 0.0330914 0.0331310 0.0330690 0.0331077 
MW883603_Megalocytivirus_pagrus1_ISKNV 0.0000010 0.0330593 0.0046933 0.0046834 0.0283170 0.0000000 0.0283170 0.0046933 0.0332055 0.0330593 0.0046866 0.0380540 0.0046834 0.0332498 
MK098187_Megalocytivirus_pagrus1_RSIV  0.0283170 0.0046683 0.0234748 0.0330690 0.0000010 0.0283170 0.0000000 0.0234748 0.0283202 0.0046683 0.0330914 0.0331310 0.0330690 0.0331077 
MN432490_Megalocytivirus_pagrus1_ISKNV 0.0046933 0.0281884 0.0000010 0.0093959 0.0234748 0.0046933 0.0234748 0.0000000 0.0283122 0.0281884 0.0094023 0.0331217 0.0093959 0.0283501 
MG570131_Megalocytivirus_pagrus1_TRBIV 0.0332055 0.0330631 0.0283122 0.0379868 0.0283202 0.0332055 0.0283202 0.0283122 0.0000000 0.0330631 0.0380127 0.0046676 0.0379868 0.0284257 
KC244182_Megalocytivirus_pagrus1_RSIV  0.0330593 0.0000010 0.0281884 0.0378189 0.0046683 0.0330593 0.0046683 0.0281884 0.0330631 0.0000000 0.0378446 0.0378900 0.0378189 0.0378629 
MW883599_Megalocytivirus_pagrus1_ISKNV 0.0046866 0.0378446 0.0094023 0.0093825 0.0330914 0.0046866 0.0330914 0.0094023 0.0380127 0.0378446 0.0000000 0.0428823 0.0093825 0.0380632 
MG570132_Megalocytivirus_pagrus1_TRBIV 0.0380540 0.0378900 0.0331217 0.0428531 0.0331310 0.0380540 0.0331310 0.0331217 0.0046676 0.0378900 0.0428823 0.0000000 0.0428531 0.0332547 
PP974677_Megalocytivirus_pagrus1_ISKNV 0.0046834 0.0378189 0.0093959 0.0000010 0.0330690 0.0046834 0.0330690 0.0093959 0.0379868 0.0378189 0.0093825 0.0428531 0.0000000 0.0380373 
GQ273492_Megalocytivirus_pagrus1_TRBIV 0.0332498 0.0378629 0.0283501 0.0380373 0.0331077 0.0332498 0.0331077 0.0283501 0.0284257 0.0378629 0.0380632 0.0332547 0.0380373 0.0000000 
