16
AF371960_AF371960.1_00119 0.0000000 0.0759244 0.0668844 0.1120016 0.0759244 0.0983194 0.0983194 0.0668844 0.0000010 0.0183449 2.9204718 2.9204718 0.0060441 0.0060669 2.9155451 0.0500897 
AY894343_MK689686.1_00118 0.0759244 0.0000000 0.0161108 0.1433121 0.0000010 0.1141833 0.1141833 0.0161108 0.0759244 0.0685168 2.7492284 2.7492284 0.0846476 0.0851205 2.7286730 0.0161108 
BD143114_MK689686.1_00118 0.0668844 0.0161108 0.0000000 0.1331338 0.0161108 0.1044525 0.1044525 0.0000010 0.0668844 0.0594384 2.6767688 2.6767688 0.0755008 0.0759163 2.6566002 0.0000010 
GQ273492_GQ273492.1_00116 0.1120016 0.1433121 0.1331338 0.0000000 0.1433121 0.0431938 0.0431938 0.1331338 0.1120016 0.0994772 2.7898870 2.7898870 0.1188712 0.1193979 2.7851084 0.0983179 
KC244182_MK689686.1_00118 0.0759244 0.0000010 0.0161108 0.1433121 0.0000000 0.1141833 0.1141833 0.0161108 0.0759244 0.0685168 2.7492284 2.7492284 0.0846476 0.0851205 2.7286730 0.0161108 
MG570131_MG570131.1_00116 0.0983194 0.1141833 0.1044525 0.0431938 0.1141833 0.0000000 0.0000010 0.1044525 0.0983194 0.0927669 2.8139060 2.8139060 0.1051299 0.1055901 2.8090687 0.0774919 
MG570132_MG570132.1_00116 0.0983194 0.1141833 0.1044525 0.0431938 0.1141833 0.0000010 0.0000000 0.1044525 0.0983194 0.0927669 2.8139060 2.8139060 0.1051299 0.1055901 2.8090687 0.0774919 
MK098185_MK689686.1_00118 0.0668844 0.0161108 0.0000010 0.1331338 0.0161108 0.1044525 0.1044525 0.0000000 0.0668844 0.0594384 2.6767688 2.6767688 0.0755008 0.0759163 2.6566002 0.0000010 
MK689685_AF371960.1_00119 0.0000010 0.0759244 0.0668844 0.1120016 0.0759244 0.0983194 0.0983194 0.0668844 0.0000000 0.0183449 2.9204718 2.9204718 0.0060441 0.0060669 2.9155451 0.0500897 
MN432490_AF371960.1_00119 0.0183449 0.0685168 0.0594384 0.0994772 0.0685168 0.0927669 0.0927669 0.0594384 0.0183449 0.0000000 2.8716699 2.8716699 0.0245255 0.0246205 2.8668323 0.0443694 
MN562489_OM037668.1_00091 2.9204718 2.7492284 2.6767688 2.7898870 2.7492284 2.8139060 2.8139060 2.6767688 2.9204718 2.8716699 0.0000000 0.0000010 2.8657272 3.0009338 0.0124241 2.8291628 
MT521409_OM037668.1_00091 2.9204718 2.7492284 2.6767688 2.7898870 2.7492284 2.8139060 2.8139060 2.6767688 2.9204718 2.8716699 0.0000010 0.0000000 2.8657272 3.0009338 0.0124241 2.8291628 
MT926123_AF371960.1_00119 0.0060441 0.0846476 0.0755008 0.1188712 0.0846476 0.1051299 0.1051299 0.0755008 0.0060441 0.0245255 2.8657272 2.8657272 0.0000000 0.0121663 2.8608872 0.0564993 
MT986830_AF371960.1_00119 0.0060669 0.0851205 0.0759163 0.1193979 0.0851205 0.1055901 0.1055901 0.0759163 0.0060669 0.0246205 3.0009338 3.0009338 0.0121663 0.0000000 2.9958794 0.0567287 
OM037668_OM037668.1_00091 2.9155451 2.7286730 2.6566002 2.7851084 2.7286730 2.8090687 2.8090687 2.6566002 2.9155451 2.8668323 0.0124241 0.0124241 2.8608872 2.9958794 0.0000000 2.8243533 
OQ475017_OQ475017.1_00118 0.0500897 0.0161108 0.0000010 0.0983179 0.0161108 0.0774919 0.0774919 0.0000010 0.0500897 0.0443694 2.8291628 2.8291628 0.0564993 0.0567287 2.8243533 0.0000000 
