15
AF371960_AF371960.1_00020 0.0000000 0.1361653 0.1265457 0.1013608 0.1361653 0.1352504 0.1261843 0.1265457 0.0000010 0.0371746 1.4109733 1.4109733 0.0371746 0.1103520 0.0371746 
AY894343_MK689686.1_00019 0.1361653 0.0000000 0.0362227 0.0818416 0.0000010 0.0908949 0.0804245 0.0362227 0.1361653 0.0950030 1.4156571 1.4156571 0.1039065 0.1020051 0.0950030 
BD143114_MK689686.1_00019 0.1265457 0.0362227 0.0000000 0.0688393 0.0362227 0.0899149 0.0795589 0.0000010 0.1265457 0.1056476 1.3645945 1.3645945 0.1145566 0.0883751 0.1056476 
GQ273492_GQ273492.1_00020 0.1013608 0.0818416 0.0688393 0.0000000 0.0818416 0.0416091 0.0416091 0.0688393 0.1013608 0.0799216 1.3925478 1.3925478 0.0799216 0.0000010 0.0799216 
KC244182_MK689686.1_00019 0.1361653 0.0000010 0.0362227 0.0818416 0.0000000 0.0908949 0.0804245 0.0362227 0.1361653 0.0950030 1.4156571 1.4156571 0.1039065 0.1020051 0.0950030 
MG570131_MG570131.1_00021 0.1352504 0.0908949 0.0899149 0.0416091 0.0908949 0.0000000 0.0000010 0.0899149 0.1352504 0.1127316 1.4302287 1.4302287 0.1113135 0.0405662 0.1127316 
MG570132_MG570132.1_00021 0.1261843 0.0804245 0.0795589 0.0416091 0.0804245 0.0000010 0.0000000 0.0795589 0.1261843 0.1035691 1.4200140 1.4200140 0.1022532 0.0410811 0.1035691 
MK098185_MK689686.1_00019 0.1265457 0.0362227 0.0000010 0.0688393 0.0362227 0.0899149 0.0795589 0.0000000 0.1265457 0.1056476 1.3645945 1.3645945 0.1145566 0.0883751 0.1056476 
MK689685_AF371960.1_00020 0.0000010 0.1361653 0.1265457 0.1013608 0.1361653 0.1352504 0.1261843 0.1265457 0.0000000 0.0371746 1.4109733 1.4109733 0.0371746 0.1103520 0.0371746 
MN432490_AF371960.1_00020 0.0371746 0.0950030 0.1056476 0.0799216 0.0950030 0.1127316 0.1035691 0.1056476 0.0371746 0.0000000 1.4355479 1.4355479 0.0000010 0.0889984 0.0000010 
MN562489_OM037668.1_00045 1.4109733 1.4156571 1.3645945 1.3925478 1.4156571 1.4302287 1.4200140 1.3645945 1.4109733 1.4355479 0.0000000 0.0000010 1.4355479 1.4028132 1.4355479 
MT521409_OM037668.1_00045 1.4109733 1.4156571 1.3645945 1.3925478 1.4156571 1.4302287 1.4200140 1.3645945 1.4109733 1.4355479 0.0000010 0.0000000 1.4355479 1.4028132 1.4355479 
MT986830_AF371960.1_00020 0.0371746 0.1039065 0.1145566 0.0799216 0.1039065 0.1113135 0.1022532 0.1145566 0.0371746 0.0000010 1.4355479 1.4355479 0.0000000 0.0879190 0.0000010 
OK042109_MK689686.1_00019 0.1103520 0.1020051 0.0883751 0.0000010 0.1020051 0.0405662 0.0410811 0.0883751 0.1103520 0.0889984 1.4028132 1.4028132 0.0879190 0.0000000 0.0889984 
OP009387_AF371960.1_00020 0.0371746 0.0950030 0.1056476 0.0799216 0.0950030 0.1127316 0.1035691 0.1056476 0.0371746 0.0000010 1.4355479 1.4355479 0.0000010 0.0889984 0.0000000 
