23
Chlor_AMIV_KF938901_1_Chlor_AMIV_KF938901.1_00047             0.0000000 0.8296333 2.6950914 2.4265792 2.1847474 1.7132305 2.5782934 1.7397244 2.9829581 2.9829581 2.3240881 2.3240881 2.3126683 2.3064072 3.1801769 2.3126683 2.3710922 2.3126683 2.3588044 2.2858188 2.2858188 2.8106861 2.2149118 
Chlor_IIV22_HF920633_1_Chlor_IIV22_HF920633.1_00080           0.8296333 0.0000000 3.1493034 1.9769837 2.2615505 1.8145124 2.8541960 1.9766328 3.6206597 3.6206597 2.8128900 2.8128900 2.8302874 2.7576435 3.5519209 2.8302874 2.8565279 2.8302874 2.8909561 2.7976871 2.7976871 2.6835968 2.3351220 
Daphi_LS484712_1_Daphi_LS484712.1_00188                       2.6950914 3.1493034 0.0000000 2.6978507 2.7502098 3.2367391 3.3091579 2.6627621 2.6955312 2.6955312 3.4605805 3.4605805 3.2928788 3.3857212 4.6273036 3.2928788 3.8597265 3.2928788 3.3410926 3.2530368 3.2530368 2.2596425 1.8120353 
Decap_MF599468_1_Decap_MF599468.1_00090                       2.4265792 1.9769837 2.6978507 0.0000000 2.4079733 2.3317354 2.1850876 1.3835803 3.1418046 3.1418046 2.6273654 2.6273654 2.6279708 2.5770239 3.0131267 2.6279708 2.6667136 2.6279708 2.6825776 2.5977806 2.5977806 2.2770106 2.5427044 
Irido_IIV31_HF920637_1_Irido_IIV31_HF920637.1_00031           2.1847474 2.2615505 2.7502098 2.4079733 0.0000000 1.0739214 3.6294392 2.5524082 2.6001329 2.6001329 1.8270137 1.8270137 1.8441075 1.7942617 2.3629525 1.8441075 1.8541315 1.8441075 1.8794396 1.8215881 1.8215881 2.9431992 2.6230959 
Irido_IIV6_AF303741_1_Irido_IIV6_AF303741.1_00156             1.7132305 1.8145124 3.2367391 2.3317354 1.0739214 0.0000000 2.7832759 1.8908916 2.8049177 2.8049177 2.2667143 2.2667143 2.2749432 2.2493202 2.6793098 2.2749432 2.2290772 2.2749432 2.3203448 2.2483564 2.2483564 2.6405201 2.6625879 
Lymph_LCD4_MN803438_1_Lymph_LCD4_MN803438.1_00068             2.5782934 2.8541960 3.3091579 2.1850876 3.6294392 2.7832759 0.0000000 0.5133505 3.9006671 3.9006671 3.7170468 3.7170468 3.6971074 3.7980486 3.3604147 3.6971074 3.5617886 3.6971074 3.5470597 3.6541383 3.6541383 2.0255448 2.4774477 
Lymph_LDV1_L63545_1_Lymph_LDV1_L63545.1_00098                 1.7397244 1.9766328 2.6627621 1.3835803 2.5524082 1.8908916 0.5133505 0.0000000 3.3283131 3.3283131 3.2586219 3.2586219 3.2435918 3.2340838 3.5270633 3.2435918 2.9731925 3.2435918 3.1185799 3.2062197 3.2062197 1.8756318 1.9107189 
MCV_ML1_SDDV_MN562489_1_MCV_ML1_SDDV_MN562489.1_00012         2.9829581 3.6206597 2.6955312 3.1418046 2.6001329 2.8049177 3.9006671 3.3283131 0.0000000 0.0000010 1.4810192 1.4810192 1.5313828 1.4580277 1.7774320 1.5313828 1.8840687 1.5313828 1.5425507 1.5110840 1.5110840 2.6672767 2.2603106 
MCV_ML1_SDDV_MT521409_1_MCV_ML1_SDDV_MT521409.1_00012         2.9829581 3.6206597 2.6955312 3.1418046 2.6001329 2.8049177 3.9006671 3.3283131 0.0000010 0.0000000 1.4810192 1.4810192 1.5313828 1.4580277 1.7774320 1.5313828 1.8840687 1.5313828 1.5425507 1.5110840 1.5110840 2.6672767 2.2603106 
MCV_MP1_BCFI_MN432490_1_MCV_MP1_BCFI_MN432490.1_00033         2.3240881 2.8128900 3.4605805 2.6273654 1.8270137 2.2667143 3.7170468 3.2586219 1.4810192 1.4810192 0.0000000 0.0000010 0.0312879 0.0152633 0.0902791 0.0312879 0.2762096 0.0312879 0.0475893 0.0474670 0.0474670 2.1984957 2.3803124 
MCV_MP1_BCFI_MT926123_1_MCV_MP1_BCFI_MT926123.1_00033         2.3240881 2.8128900 3.4605805 2.6273654 1.8270137 2.2667143 3.7170468 3.2586219 1.4810192 1.4810192 0.0000010 0.0000000 0.0312879 0.0152633 0.0902791 0.0312879 0.2762096 0.0312879 0.0475893 0.0474670 0.0474670 2.1984957 2.3803124 
MCV_MP1_GSPI_KT804738_1_MCV_MP1_GSPI_KT804738.1_00030         2.3126683 2.8302874 3.2928788 2.6279708 1.8441075 2.2749432 3.6971074 3.2435918 1.5313828 1.5313828 0.0312879 0.0312879 0.0000000 0.0475316 0.1313822 0.0000010 0.2259566 0.0000010 0.0151584 0.0151237 0.0151237 2.2495183 2.3226861 
MCV_MP1_ISKNV_MK689685_1_MCV_MP1_ISKNV_MK689685.1_00030       2.3064072 2.7576435 3.3857212 2.5770239 1.7942617 2.2493202 3.7980486 3.2340838 1.4580277 1.4580277 0.0152633 0.0152633 0.0475316 0.0000000 0.0970256 0.0475316 0.2999932 0.0723518 0.0642753 0.0910629 0.0641022 2.2996757 2.3400066 
MCV_MP1_LYCI_AY779031_1_MCV_MP1_LYCI_AY779031.1_00035         3.1801769 3.5519209 4.6273036 3.0131267 2.3629525 2.6793098 3.3604147 3.5270633 1.7774320 1.7774320 0.0902791 0.0902791 0.1313822 0.0970256 0.0000000 0.1313822 0.4257025 0.1516303 0.1524107 0.1774174 0.1518505 2.4549848 2.8410225 
MCV_MP1_LYCI_MW139932_1_MCV_MP1_LYCI_MW139932.1_00034         2.3126683 2.8302874 3.2928788 2.6279708 1.8441075 2.2749432 3.6971074 3.2435918 1.5313828 1.5313828 0.0312879 0.0312879 0.0000010 0.0475316 0.1313822 0.0000000 0.2259566 0.0000010 0.0151584 0.0151237 0.0151237 2.2495183 2.3226861 
MCV_MP1_RBIV_AY532606_1_MCV_MP1_RBIV_AY532606.1_00031         2.3710922 2.8565279 3.8597265 2.6667136 1.8541315 2.2290772 3.5617886 2.9731925 1.8840687 1.8840687 0.2762096 0.2762096 0.2259566 0.2999932 0.4257025 0.2259566 0.0000000 0.2259566 0.2485395 0.2475007 0.2475007 2.5412951 2.4893067 
MCV_MP1_RBIV_KC244182_1_MCV_MP1_RBIV_KC244182.1_00030         2.3126683 2.8302874 3.2928788 2.6279708 1.8441075 2.2749432 3.6971074 3.2435918 1.5313828 1.5313828 0.0312879 0.0312879 0.0000010 0.0723518 0.1516303 0.0000010 0.2259566 0.0000000 0.0151584 0.0425560 0.0151237 2.2495183 2.3226861 
MCV_MP1_TRBIV_GQ273492_1_MCV_MP1_TRBIV_GQ273492.1_00031       2.3588044 2.8909561 3.3410926 2.6825776 1.8794396 2.3203448 3.5470597 3.1185799 1.5425507 1.5425507 0.0475893 0.0475893 0.0151584 0.0642753 0.1524107 0.0151584 0.2485395 0.0151584 0.0000000 0.0306660 0.0306660 2.2980814 2.3740425 
MCV_Unclassified_MG570131_1_MCV_Unclassified_MG570131.1_00032 2.2858188 2.7976871 3.2530368 2.5977806 1.8215881 2.2483564 3.6541383 3.2062197 1.5110840 1.5110840 0.0474670 0.0474670 0.0151237 0.0910629 0.1774174 0.0151237 0.2475007 0.0425560 0.0306660 0.0000000 0.0000010 2.2967905 2.2929226 
MCV_Unclassified_MG570132_1_MCV_Unclassified_MG570132.1_00032 2.2858188 2.7976871 3.2530368 2.5977806 1.8215881 2.2483564 3.6541383 3.2062197 1.5110840 1.5110840 0.0474670 0.0474670 0.0151237 0.0641022 0.1518505 0.0151237 0.2475007 0.0151237 0.0306660 0.0000010 0.0000000 2.2967905 2.2929226 
Rana_FV3_NC_005946_1_Rana_FV3_NC_005946.1_00083               2.8106861 2.6835968 2.2596425 2.2770106 2.9431992 2.6405201 2.0255448 1.8756318 2.6672767 2.6672767 2.1984957 2.1984957 2.2495183 2.2996757 2.4549848 2.2495183 2.5412951 2.2495183 2.2980814 2.2967905 2.2967905 0.0000000 0.9967911 
Rana_SGIV_AY521625_1_Rana_SGIV_AY521625.1_00074               2.2149118 2.3351220 1.8120353 2.5427044 2.6230959 2.6625879 2.4774477 1.9107189 2.2603106 2.2603106 2.3803124 2.3803124 2.3226861 2.3400066 2.8410225 2.3226861 2.4893067 2.3226861 2.3740425 2.2929226 2.2929226 0.9967911 0.0000000 
