13
OP896201_Megalocytivirus_pagrus1_ISKNV                   0.0000000 0.0080446 0.0583620 0.0000010 0.0499860 1.0235625 0.0499860 0.0583620 0.5732179 1.0235625 0.0243194 0.0243194 0.0669839 
GQ273492_Megalocytivirus_pagrus1_TRBIV                   0.0080446 0.0000000 0.0498681 0.0080446 0.0415246 1.0173019 0.0415246 0.0498681 0.5853656 1.0173019 0.0161635 0.0161635 0.0584262 
MT798582_Megalocytivirus_pagrus1_RSIV                    0.0583620 0.0498681 0.0000000 0.0583620 0.0080668 1.0640995 0.0080668 0.0000010 0.6170552 1.0640995 0.0670214 0.0670214 0.0080612 
OP009387_Megalocytivirus_pagrus1_ISKNV                   0.0000010 0.0080446 0.0583620 0.0000000 0.0499860 1.0235625 0.0499860 0.0583620 0.5732179 1.0235625 0.0243194 0.0243194 0.0669839 
MK098187_Megalocytivirus_pagrus1_RSIV                    0.0499860 0.0415246 0.0080668 0.0499860 0.0000000 1.0517766 0.0000010 0.0080668 0.6059339 1.0517766 0.0585980 0.0585980 0.0161990 
MN562489_Megalocytivirus_lates1_SDDV                     1.0235625 1.0173019 1.0640995 1.0235625 1.0517766 0.0000000 1.0517766 1.0640995 1.2969719 0.0000010 0.9882935 0.9882935 1.0837929 
OL774654_Megalocytivirus_pagrus1_RSIV                    0.0499860 0.0415246 0.0080668 0.0499860 0.0000010 1.0517766 0.0000000 0.0080668 0.6059339 1.0517766 0.0585980 0.0585980 0.0161990 
MW883598_Megalocytivirus_pagrus1_RSIV                    0.0583620 0.0498681 0.0000010 0.0583620 0.0080668 1.0640995 0.0080668 0.0000000 0.6170552 1.0640995 0.0670214 0.0670214 0.0080612 
PQ335173_PQ335174_Threespine_stickleback_iridovirus_TSIV 0.5732179 0.5853656 0.6170552 0.5732179 0.6059339 1.2969719 0.6059339 0.6170552 0.0000000 1.2969719 0.6125463 0.6125463 0.6318177 
MT521409_Megalocytivirus_lates1_SDDV                     1.0235625 1.0173019 1.0640995 1.0235625 1.0517766 0.0000010 1.0517766 1.0640995 1.2969719 0.0000000 0.9882935 0.9882935 1.0837929 
MG570132_Megalocytivirus_pagrus1_TRBIV                   0.0243194 0.0161635 0.0670214 0.0243194 0.0585980 0.9882935 0.0585980 0.0670214 0.6125463 0.9882935 0.0000000 0.0000010 0.0757236 
MG570131_Megalocytivirus_pagrus1_TRBIV                   0.0243194 0.0161635 0.0670214 0.0243194 0.0585980 0.9882935 0.0585980 0.0670214 0.6125463 0.9882935 0.0000010 0.0000000 0.0757236 
OK042109_Megalocytivirus_pagrus1_RSIV                    0.0669839 0.0584262 0.0080612 0.0669839 0.0161990 1.0837929 0.0161990 0.0080612 0.6318177 1.0837929 0.0757236 0.0757236 0.0000000 
