14
MK637631_European_chub_iridovirus_ECIV                   0.0000000 1.0894562 1.0825238 1.1188602 1.0894562 1.1355036 0.3252811 1.1355036 1.1188602 1.4390884 0.3252811 1.0642412 1.0642412 1.1417176 
OP896201_Megalocytivirus_pagrus1_ISKNV                   1.0894562 0.0000000 0.0082384 0.0598228 0.0000010 0.0512337 1.0614397 0.0512337 0.0598228 0.5911545 1.0614397 0.0249115 0.0249115 0.0686699 
GQ273492_Megalocytivirus_pagrus1_TRBIV                   1.0825238 0.0082384 0.0000000 0.0511152 0.0082384 0.0425602 1.0547910 0.0425602 0.0511152 0.6035567 1.0547910 0.0165567 0.0165567 0.0598955 
MT798582_Megalocytivirus_pagrus1_RSIV                    1.1188602 0.0598228 0.0511152 0.0000000 0.0598228 0.0082616 1.1043470 0.0082616 0.0000010 0.6370224 1.1043470 0.0687158 0.0687158 0.0082564 
OP009387_Megalocytivirus_pagrus1_ISKNV                   1.0894562 0.0000010 0.0082384 0.0598228 0.0000000 0.0512337 1.0614397 0.0512337 0.0598228 0.5911545 1.0614397 0.0249115 0.0249115 0.0686699 
MK098187_Megalocytivirus_pagrus1_RSIV                    1.1355036 0.0512337 0.0425602 0.0082616 0.0512337 0.0000000 1.0920008 0.0000010 0.0082616 0.6255908 1.0920008 0.0600754 0.0600754 0.0165921 
MN562489_Megalocytivirus_lates1_SDDV                     0.3252811 1.0614397 1.0547910 1.1043470 1.0614397 1.0920008 0.0000000 1.0920008 1.1043470 1.3483919 0.0000010 1.0242538 1.0242538 1.1257067 
OL774654_Megalocytivirus_pagrus1_RSIV                    1.1355036 0.0512337 0.0425602 0.0082616 0.0512337 0.0000010 1.0920008 0.0000000 0.0082616 0.6255908 1.0920008 0.0600754 0.0600754 0.0165921 
MW883598_Megalocytivirus_pagrus1_RSIV                    1.1188602 0.0598228 0.0511152 0.0000010 0.0598228 0.0082616 1.1043470 0.0082616 0.0000000 0.6370224 1.1043470 0.0687158 0.0687158 0.0082564 
PQ335173_PQ335174_Threespine_stickleback_iridovirus_TSIV 1.4390884 0.5911545 0.6035567 0.6370224 0.5911545 0.6255908 1.3483919 0.6255908 0.6370224 0.0000000 1.3483919 0.6316667 0.6316667 0.6523585 
MT521409_Megalocytivirus_lates1_SDDV                     0.3252811 1.0614397 1.0547910 1.1043470 1.0614397 1.0920008 0.0000010 1.0920008 1.1043470 1.3483919 0.0000000 1.0242538 1.0242538 1.1257067 
MG570132_Megalocytivirus_pagrus1_TRBIV                   1.0642412 0.0249115 0.0165567 0.0687158 0.0249115 0.0600754 1.0242538 0.0600754 0.0687158 0.6316667 1.0242538 0.0000000 0.0000010 0.0776489 
MG570131_Megalocytivirus_pagrus1_TRBIV                   1.0642412 0.0249115 0.0165567 0.0687158 0.0249115 0.0600754 1.0242538 0.0600754 0.0687158 0.6316667 1.0242538 0.0000010 0.0000000 0.0776489 
OK042109_Megalocytivirus_pagrus1_RSIV                    1.1417176 0.0686699 0.0598955 0.0082564 0.0686699 0.0165921 1.1257067 0.0165921 0.0082564 0.6523585 1.1257067 0.0776489 0.0776489 0.0000000 
