19
MK637631_European_chub_iridovirus_ECIV                   0.0000000 2.7909285 2.6091820 2.6091820 2.8211743 2.7717208 1.2479648 2.8211743 2.6126125 2.6126125 2.6091820 3.4607221 2.7928897 2.7312454 1.2479648 2.7909285 2.7909285 2.7909285 2.7312454 
AB104413_Megalocytivirus_pagrus1_RSIV                    2.7909285 0.0000000 0.0718114 0.0718114 0.0099645 0.0790543 2.1324070 0.0099645 0.0654006 0.0654006 0.0756245 0.6902192 0.0132947 0.0452756 2.1324070 0.0000010 0.0032960 0.0032960 0.0452756 
OR356116_Megalocytivirus_pagrus1_ISKNV                   2.6091820 0.0718114 0.0000000 0.0000010 0.0798281 0.1104651 2.1083164 0.0798281 0.0135714 0.0135714 0.0033741 0.6509519 0.0834955 0.0875431 2.1083164 0.0718114 0.0754352 0.0754352 0.0875431 
MW883594_Megalocytivirus_pagrus1_ISKNV                   2.6091820 0.0718114 0.0000010 0.0000000 0.0798281 0.1104651 2.1083164 0.0798281 0.0135714 0.0135714 0.0033741 0.6509519 0.0834955 0.0875431 2.1083164 0.0718114 0.0754352 0.0754352 0.0875431 
ON743042_Megalocytivirus_pagrus1_RSIV                    2.8211743 0.0099645 0.0798281 0.0798281 0.0000000 0.0828282 2.1296382 0.0000010 0.0725390 0.0725390 0.0837088 0.6816997 0.0032876 0.0488678 2.1296382 0.0099645 0.0132947 0.0132947 0.0488678 
GQ273492_Megalocytivirus_pagrus1_TRBIV                   2.7717208 0.0790543 0.1104651 0.1104651 0.0828282 0.0000000 2.1287870 0.0828282 0.1119563 0.1119563 0.1145081 0.6530109 0.0864711 0.0674253 2.1287870 0.0790543 0.0826868 0.0826868 0.0674253 
MN562489_Megalocytivirus_lates1_SDDV                     1.2479648 2.1324070 2.1083164 2.1083164 2.1296382 2.1287870 0.0000000 2.1296382 2.1154850 2.1154850 2.0993377 2.1319197 2.1098791 2.1002131 0.0000010 2.1324070 2.1341194 2.1341194 2.1002131 
MT986830_Megalocytivirus_pagrus1_ISKNV                   2.8211743 0.0099645 0.0798281 0.0798281 0.0000010 0.0828282 2.1296382 0.0000000 0.0725390 0.0725390 0.0837088 0.6816997 0.0032876 0.0488678 2.1296382 0.0099645 0.0132947 0.0132947 0.0488678 
MN432490_Megalocytivirus_pagrus1_ISKNV                   2.6126125 0.0654006 0.0135714 0.0135714 0.0725390 0.1119563 2.1154850 0.0725390 0.0000000 0.0000010 0.0170132 0.6658282 0.0762005 0.0811776 2.1154850 0.0654006 0.0690569 0.0690569 0.0811776 
MW883595_Megalocytivirus_pagrus1_ISKNV                   2.6126125 0.0654006 0.0135714 0.0135714 0.0725390 0.1119563 2.1154850 0.0725390 0.0000010 0.0000000 0.0170132 0.6658282 0.0762005 0.0811776 2.1154850 0.0654006 0.0690569 0.0690569 0.0811776 
MW883599_Megalocytivirus_pagrus1_ISKNV                   2.6091820 0.0756245 0.0033741 0.0033741 0.0837088 0.1145081 2.0993377 0.0837088 0.0170132 0.0170132 0.0000000 0.6520007 0.0873889 0.0914699 2.0993377 0.0756245 0.0792614 0.0792614 0.0914699 
PQ335173_PQ335174_Threespine_stickleback_iridovirus_TSIV 3.4607221 0.6902192 0.6509519 0.6509519 0.6816997 0.6530109 2.1319197 0.6816997 0.6658282 0.6658282 0.6520007 0.0000000 0.6843990 0.6517975 2.1319197 0.6902192 0.6833628 0.6833628 0.6517975 
AP017456_Megalocytivirus_pagrus1_RSIV                    2.7928897 0.0132947 0.0834955 0.0834955 0.0032876 0.0864711 2.1098791 0.0032876 0.0762005 0.0762005 0.0873889 0.6843990 0.0000000 0.0523927 2.1098791 0.0132947 0.0166293 0.0166293 0.0523927 
MG570131_Megalocytivirus_pagrus1_TRBIV                   2.7312454 0.0452756 0.0875431 0.0875431 0.0488678 0.0674253 2.1002131 0.0488678 0.0811776 0.0811776 0.0914699 0.6517975 0.0523927 0.0000000 2.1002131 0.0452756 0.0487891 0.0487891 0.0000010 
MT521409_Megalocytivirus_lates1_SDDV                     1.2479648 2.1324070 2.1083164 2.1083164 2.1296382 2.1287870 0.0000010 2.1296382 2.1154850 2.1154850 2.0993377 2.1319197 2.1098791 2.1002131 0.0000000 2.1324070 2.1341194 2.1341194 2.1002131 
MK098185_Megalocytivirus_pagrus1_RSIV                    2.7909285 0.0000010 0.0718114 0.0718114 0.0099645 0.0790543 2.1324070 0.0099645 0.0654006 0.0654006 0.0756245 0.6902192 0.0132947 0.0452756 2.1324070 0.0000000 0.0032960 0.0032960 0.0452756 
OL774654_Megalocytivirus_pagrus1_RSIV                    2.7909285 0.0032960 0.0754352 0.0754352 0.0132947 0.0826868 2.1341194 0.0132947 0.0690569 0.0690569 0.0792614 0.6833628 0.0166293 0.0487891 2.1341194 0.0032960 0.0000000 0.0000010 0.0487891 
OL774655_Megalocytivirus_pagrus1_RSIV                    2.7909285 0.0032960 0.0754352 0.0754352 0.0132947 0.0826868 2.1341194 0.0132947 0.0690569 0.0690569 0.0792614 0.6833628 0.0166293 0.0487891 2.1341194 0.0032960 0.0000010 0.0000000 0.0487891 
MG570132_Megalocytivirus_pagrus1_TRBIV                   2.7312454 0.0452756 0.0875431 0.0875431 0.0488678 0.0674253 2.1002131 0.0488678 0.0811776 0.0811776 0.0914699 0.6517975 0.0523927 0.0000010 2.1002131 0.0452756 0.0487891 0.0487891 0.0000000 
