12
OL774654_Megalocytivirus_pagrus1_RSIV                    0.0000000 0.0316462 0.0316462 0.0000010 0.0152993 0.0479249 0.0154775 0.0000010 0.6703742 1.9807279 1.9807279 0.0152993 
MW273353_Megalocytivirus_pagrus1_ISKNV                   0.0316462 0.0000000 0.0000010 0.0316462 0.0811960 0.0140932 0.0483715 0.0438019 0.7000261 2.1471077 2.1471077 0.0477893 
MW883606_Megalocytivirus_pagrus1_ISKNV                   0.0316462 0.0000010 0.0000000 0.0316462 0.0811960 0.0140932 0.0483715 0.0438019 0.7000261 2.1471077 2.1471077 0.0477893 
OL774653_Megalocytivirus_pagrus1_RSIV                    0.0000010 0.0316462 0.0316462 0.0000000 0.0152993 0.0479249 0.0154775 0.0000010 0.6703742 1.9807279 1.9807279 0.0152993 
MG570131_Megalocytivirus_pagrus1_TRBIV                   0.0152993 0.0811960 0.0811960 0.0152993 0.0000000 0.0979156 0.0311620 0.0313583 0.8187560 2.4548003 2.4548003 0.0000010 
MK689685_Megalocytivirus_pagrus1_ISKNV                   0.0479249 0.0140932 0.0140932 0.0479249 0.0979156 0.0000000 0.0651129 0.0589274 0.7305796 2.1365637 2.1365637 0.0643213 
GQ273492_Megalocytivirus_pagrus1_TRBIV                   0.0154775 0.0483715 0.0483715 0.0154775 0.0311620 0.0651129 0.0000000 0.0154775 0.7099956 1.9879379 1.9879379 0.0311620 
OQ475017_Megalocytivirus_pagrus1_RSIV                    0.0000010 0.0438019 0.0438019 0.0000010 0.0313583 0.0589274 0.0154775 0.0000000 0.7522154 2.2813101 2.2813101 0.0152993 
PQ335173_PQ335174_Threespine_stickleback_iridovirus_TSIV 0.6703742 0.7000261 0.7000261 0.6703742 0.8187560 0.7305796 0.7099956 0.7522154 0.0000000 1.4119795 1.4119795 0.6578663 
MT521409_Megalocytivirus_lates1_SDDV                     1.9807279 2.1471077 2.1471077 1.9807279 2.4548003 2.1365637 1.9879379 2.2813101 1.4119795 0.0000000 0.0000010 1.9551946 
OM037668_Megalocytivirus_lates1_SDDV                     1.9807279 2.1471077 2.1471077 1.9807279 2.4548003 2.1365637 1.9879379 2.2813101 1.4119795 0.0000010 0.0000000 1.9551946 
MG570132_Megalocytivirus_pagrus1_TRBIV                   0.0152993 0.0477893 0.0477893 0.0152993 0.0000010 0.0643213 0.0311620 0.0152993 0.6578663 1.9551946 1.9551946 0.0000000 
