13
MK637631_European_chub_iridovirus_ECIV                   0.0000000 2.6120494 2.9077734 2.9077734 2.6120494 3.2027443 2.8669025 2.6302415 3.0802793 2.6366213 1.1904090 1.1904090 2.5778528 
OL774654_Megalocytivirus_pagrus1_RSIV                    2.6120494 0.0000000 0.0320952 0.0320952 0.0000010 0.0151989 0.0491840 0.0152741 0.0000010 0.7252285 2.9372203 2.9372203 0.0151989 
MW273353_Megalocytivirus_pagrus1_ISKNV                   2.9077734 0.0320952 0.0000000 0.0000010 0.0320952 0.0791040 0.0138440 0.0492211 0.0440899 0.7101836 3.1411116 3.1411116 0.0489345 
MW883606_Megalocytivirus_pagrus1_ISKNV                   2.9077734 0.0320952 0.0000010 0.0000000 0.0320952 0.0791040 0.0138440 0.0492211 0.0440899 0.7101836 3.1411116 3.1411116 0.0489345 
OL774653_Megalocytivirus_pagrus1_RSIV                    2.6120494 0.0000010 0.0320952 0.0320952 0.0000000 0.0151989 0.0491840 0.0152741 0.0000010 0.7252285 2.9372203 2.9372203 0.0151989 
MG570131_Megalocytivirus_pagrus1_TRBIV                   3.2027443 0.0151989 0.0791040 0.0791040 0.0151989 0.0000000 0.0968647 0.0310540 0.0289295 0.8489650 3.6805262 3.6805262 0.0000010 
MK689685_Megalocytivirus_pagrus1_ISKNV                   2.8669025 0.0491840 0.0138440 0.0138440 0.0491840 0.0968647 0.0000000 0.0670751 0.0599598 0.7520583 3.0891921 3.0891921 0.0666577 
GQ273492_Megalocytivirus_pagrus1_TRBIV                   2.6302415 0.0152741 0.0492211 0.0492211 0.0152741 0.0310540 0.0670751 0.0000000 0.0152741 0.7738133 2.9565350 2.9565350 0.0310540 
OQ475017_Megalocytivirus_pagrus1_RSIV                    3.0802793 0.0000010 0.0440899 0.0440899 0.0000010 0.0289295 0.0599598 0.0152741 0.0000000 0.7864876 3.3555037 3.3555037 0.0151989 
PQ335173_PQ335174_Threespine_stickleback_iridovirus_TSIV 2.6366213 0.7252285 0.7101836 0.7101836 0.7252285 0.8489650 0.7520583 0.7738133 0.7864876 0.0000000 1.8432455 1.8432455 0.7085878 
MT521409_Megalocytivirus_lates1_SDDV                     1.1904090 2.9372203 3.1411116 3.1411116 2.9372203 3.6805262 3.0891921 2.9565350 3.3555037 1.8432455 0.0000000 0.0000010 2.9009286 
OM037668_Megalocytivirus_lates1_SDDV                     1.1904090 2.9372203 3.1411116 3.1411116 2.9372203 3.6805262 3.0891921 2.9565350 3.3555037 1.8432455 0.0000010 0.0000000 2.9009286 
MG570132_Megalocytivirus_pagrus1_TRBIV                   2.5778528 0.0151989 0.0489345 0.0489345 0.0151989 0.0000010 0.0666577 0.0310540 0.0151989 0.7085878 2.9009286 2.9009286 0.0000000 
