18
Lymph_LCD4_MN803438_1_Lymph_LCD4_MN803438.1_00054             0.0000000 0.4003450 1.9462646 1.9462646 1.5910513 1.7572166 1.7503893 1.8052461 1.7503893 1.7572166 1.7706719 1.7924106 1.7924106 1.8052461 1.7340677 1.7949422 1.8373927 1.0825970 
Lymph_LDV1_L63545_1_Lymph_LDV1_L63545.1_00003                 0.4003450 0.0000000 2.0261961 2.0261961 1.5287911 1.8047238 1.7976523 1.8504708 1.7976523 1.8047238 1.8185367 1.8373510 1.8373510 1.8504708 1.7810979 1.8370170 1.8260363 1.0387627 
MCV_ML1_SDDV_MN562489_1_MCV_ML1_SDDV_MN562489.1_00026         1.9462646 2.0261961 0.0000000 0.0000010 0.0138171 0.8556850 0.8349349 0.8461760 0.8349349 0.8556850 0.8426960 0.8349687 0.8349687 0.8461760 0.8471411 0.8325847 0.8336288 1.7104706 
MCV_ML1_SDDV_MT521409_1_MCV_ML1_SDDV_MT521409.1_00027         1.9462646 2.0261961 0.0000010 0.0000000 0.0138171 0.8556850 0.8349349 0.8461760 0.8349349 0.8556850 0.8426960 0.8349687 0.8349687 0.8461760 0.8471411 0.8325847 0.8336288 1.7104706 
MCV_ML1_SDDV_NC_027778_1_MCV_ML1_SDDV_NC_027778.1_00006       1.5910513 1.5287911 0.0138171 0.0138171 0.0000000 0.5788981 0.5788981 0.5927190 0.5788981 0.5788981 0.5788981 0.5788981 0.5788981 0.5927190 0.5884943 0.5788981 0.5795675 1.4733208 
MCV_MP1_BCFI_MN432490_1_MCV_MP1_BCFI_MN432490.1_00049         1.7572166 1.8047238 0.8556850 0.8556850 0.5788981 0.0000000 0.0046546 0.0280916 0.0046546 0.0000010 0.0046269 0.0233367 0.0233367 0.0280916 0.0284957 0.0285839 0.0335686 1.5081200 
MCV_MP1_BCFI_MT926123_1_MCV_MP1_BCFI_MT926123.1_00049         1.7503893 1.7976523 0.8349349 0.8349349 0.5788981 0.0046546 0.0000000 0.0330721 0.0000010 0.0046546 0.0093365 0.0282580 0.0282580 0.0330721 0.0335504 0.0336572 0.0387241 1.5024225 
MCV_MP1_GSPI_KT804738_1_MCV_MP1_GSPI_KT804738.1_00046         1.8052461 1.8504708 0.8461760 0.8461760 0.5927190 0.0280916 0.0330721 0.0000000 0.0330721 0.0280916 0.0233684 0.0046265 0.0046265 0.0000010 0.0381094 0.0334574 0.0384899 1.5618085 
MCV_MP1_ISKNV_AF371960_1_MCV_MP1_ISKNV_AF371960.1_00048       1.7503893 1.7976523 0.8349349 0.8349349 0.5788981 0.0046546 0.0000010 0.0330721 0.0000000 0.0046546 0.0093365 0.0282580 0.0282580 0.0330721 0.0335504 0.0336572 0.0387241 1.5024225 
MCV_MP1_LBUSV_OP009387_1_MCV_MP1_LBUSV_OP009387.1_00047       1.7572166 1.8047238 0.8556850 0.8556850 0.5788981 0.0000010 0.0046546 0.0280916 0.0046546 0.0000000 0.0046269 0.0233367 0.0233367 0.0280916 0.0284957 0.0285839 0.0335686 1.5081200 
MCV_MP1_LYCI_AY779031_1_MCV_MP1_LYCI_AY779031.1_00052         1.7706719 1.8185367 0.8426960 0.8426960 0.5788981 0.0046269 0.0093365 0.0233684 0.0093365 0.0046269 0.0000000 0.0186365 0.0186365 0.0233684 0.0237052 0.0237771 0.0287203 1.5269038 
MCV_MP1_LYCI_MW139932_1_MCV_MP1_LYCI_MW139932.1_00050         1.7924106 1.8373510 0.8349687 0.8349687 0.5788981 0.0233367 0.0282580 0.0046265 0.0282580 0.0233367 0.0186365 0.0000000 0.0000010 0.0046265 0.0332437 0.0285879 0.0335722 1.5793248 
MCV_MP1_LYCI_OL774653_1_MCV_MP1_LYCI_OL774653.1_00068         1.7924106 1.8373510 0.8349687 0.8349687 0.5788981 0.0233367 0.0282580 0.0046265 0.0282580 0.0233367 0.0186365 0.0000010 0.0000000 0.0046265 0.0332437 0.0285879 0.0335722 1.5793248 
MCV_MP1_OSGI_AY894343_1_MCV_MP1_OSGI_AY894343.1_00046         1.8052461 1.8504708 0.8461760 0.8461760 0.5927190 0.0280916 0.0330721 0.0000010 0.0330721 0.0280916 0.0233684 0.0046265 0.0046265 0.0000000 0.0381094 0.0334574 0.0384899 1.5618085 
MCV_MP1_TRBIV_GQ273492_1_MCV_MP1_TRBIV_GQ273492.1_00047       1.7340677 1.7810979 0.8471411 0.8471411 0.5884943 0.0284957 0.0335504 0.0381094 0.0335504 0.0284957 0.0237052 0.0332437 0.0332437 0.0381094 0.0000000 0.0286939 0.0336976 1.5662341 
MCV_Unclassified_MG570131_1_MCV_Unclassified_MG570131.1_00048 1.7949422 1.8370170 0.8325847 0.8325847 0.5788981 0.0285839 0.0336572 0.0334574 0.0336572 0.0285839 0.0237771 0.0285879 0.0285879 0.0334574 0.0286939 0.0000000 0.0046285 1.6015232 
MCV_Unclassified_MG570132_1_MCV_Unclassified_MG570132.1_00048 1.8373927 1.8260363 0.8336288 0.8336288 0.5795675 0.0335686 0.0387241 0.0384899 0.0387241 0.0335686 0.0287203 0.0335722 0.0335722 0.0384899 0.0336976 0.0046285 0.0000000 1.6164411 
Rana_FV3_NC_005946_1_Rana_FV3_NC_005946.1_00085               1.0825970 1.0387627 1.7104706 1.7104706 1.4733208 1.5081200 1.5024225 1.5618085 1.5024225 1.5081200 1.5269038 1.5793248 1.5793248 1.5618085 1.5662341 1.6015232 1.6164411 0.0000000 
