27
MW883603_Megalocytivirus_pagrus1_ISKNV                   0.0000000 0.0766003 0.0710212 0.0915188 0.0973390 0.0000010 0.0766003 3.3289571 3.1389407 0.0710212 1.2304442 0.0048312 0.0146415 0.0973390 3.1398057 2.3431285 2.8815399 2.7166617 0.7613593 0.0146415 0.1030088 3.3894423 1.2304442 3.1370078 2.7793591 2.4539591 0.1030088 
MK098186_Megalocytivirus_pagrus1_RSIV                    0.0766003 0.0000000 0.0052400 0.1340528 0.1400134 0.0766003 0.0000010 3.3533364 3.1473853 0.0052400 1.1889866 0.0824047 0.0708442 0.1400134 3.0805473 2.3100122 2.8646300 2.7024260 0.8049378 0.0708442 0.1527206 3.4366654 1.1889866 3.1216451 2.7916033 2.4370436 0.1527206 
KC244182_Megalocytivirus_pagrus1_RSIV                    0.0710212 0.0052400 0.0000000 0.1280399 0.1339880 0.0710212 0.0052400 3.3705818 3.1473853 0.0000010 1.1955947 0.0767939 0.0652975 0.1339880 3.0964545 2.3060579 2.8601496 2.7171725 0.8095153 0.0652975 0.1466264 3.4319586 1.1955947 3.1380116 2.8223705 2.4329990 0.1466264 
GQ273492_Megalocytivirus_pagrus1_TRBIV                   0.0915188 0.1340528 0.1280399 0.0000000 0.0052162 0.0915188 0.1340528 3.1476826 3.1567577 0.1280399 1.2192306 0.0976377 0.0790781 0.0052162 3.0751090 2.3882843 2.8455579 2.6460324 0.7383011 0.0790781 0.0961120 3.2588251 1.2192306 2.9432532 2.6613232 2.4309795 0.0961120 
OL774654_Megalocytivirus_pagrus1_RSIV                    0.0973390 0.1400134 0.1339880 0.0052162 0.0000000 0.0973390 0.1400134 3.1357469 3.1689339 0.1339880 1.2086940 0.1034872 0.0848183 0.0000010 3.0890063 2.3998416 2.8588691 2.6598111 0.7407699 0.0848183 0.1018801 3.2703822 1.2086940 2.9572744 2.6817659 2.4427049 0.1018801 
MW883597_Megalocytivirus_pagrus1_ISKNV                   0.0000010 0.0766003 0.0710212 0.0915188 0.0973390 0.0000000 0.0766003 3.3289571 3.1389407 0.0710212 1.2304442 0.0048312 0.0146415 0.0973390 3.1398057 2.3431285 2.8815399 2.7166617 0.7613593 0.0146415 0.1030088 3.3894423 1.2304442 3.1370078 2.7793591 2.4539591 0.1030088 
MK098187_Megalocytivirus_pagrus1_RSIV                    0.0766003 0.0000010 0.0052400 0.1340528 0.1400134 0.0766003 0.0000000 3.3533364 3.1473853 0.0052400 1.1889866 0.0824047 0.0708442 0.1400134 3.0805473 2.3100122 2.8646300 2.7024260 0.8049378 0.0708442 0.1527206 3.4366654 1.1889866 3.1216451 2.7916033 2.4370436 0.1527206 
MN803438_Lymphocystivirus_micropogonias1_n/a             3.3289571 3.3533364 3.3705818 3.1476826 3.1357469 3.3289571 3.3533364 0.0000000 2.0350302 3.3705818 3.0123334 3.3258053 3.3673805 3.1357469 2.6696759 3.0425922 2.0693548 1.8935503 3.3932953 3.3673805 3.2934744 0.1277739 3.0123334 2.4856338 3.5120466 2.8626836 3.2934744 
MF599468_Decapodiridovirus_litopenaeus1_n/a              3.1389407 3.1473853 3.1473853 3.1567577 3.1689339 3.1389407 3.1473853 2.0350302 0.0000000 3.1473853 3.1433124 3.1930193 3.2442414 3.1689339 2.5128384 2.3877938 2.1795774 2.2368985 3.6049983 3.2442414 3.1383307 2.0662517 3.1433124 2.2221920 3.2389392 2.4721226 3.1383307 
ON075463_Megalocytivirus_pagrus1_RSIV                    0.0710212 0.0052400 0.0000010 0.1280399 0.1339880 0.0710212 0.0052400 3.3705818 3.1473853 0.0000000 1.1955947 0.0767939 0.0652975 0.1339880 3.0964545 2.3060579 2.8601496 2.7171725 0.8095153 0.0652975 0.1466264 3.4319586 1.1955947 3.1380116 2.8223705 2.4329990 0.1466264 
MN562489_Megalocytivirus_lates1_SDDV                     1.2304442 1.1889866 1.1955947 1.2192306 1.2086940 1.2304442 1.1889866 3.0123334 3.1433124 1.1955947 0.0000000 1.2504986 1.2248857 1.2086940 2.6993843 2.4686835 3.1534032 2.6429050 1.4106174 1.2248857 1.3269306 3.1688605 0.0000010 3.2364519 3.3801072 2.5328284 1.3269306 
MT926123_Megalocytivirus_pagrus1_ISKNV                   0.0048312 0.0824047 0.0767939 0.0976377 0.1034872 0.0048312 0.0824047 3.3258053 3.1930193 0.0767939 1.2504986 0.0000000 0.0195921 0.1034872 3.0947909 2.3523484 2.9317325 2.7274436 0.7751234 0.0195921 0.1091886 3.3862752 1.2504986 3.1251320 2.7901819 2.4634898 0.1091886 
MN432490_Megalocytivirus_pagrus1_ISKNV                   0.0146415 0.0708442 0.0652975 0.0790781 0.0848183 0.0146415 0.0708442 3.3673805 3.2442414 0.0652975 1.2248857 0.0195921 0.0000000 0.0848183 3.1641961 2.3955071 2.9074290 2.7303840 0.7478948 0.0000010 0.0909145 3.4286763 1.2248857 3.2166120 2.8410735 2.5328454 0.0909145 
OL774655_Megalocytivirus_pagrus1_RSIV                    0.0973390 0.1400134 0.1339880 0.0052162 0.0000010 0.0973390 0.1400134 3.1357469 3.1689339 0.1339880 1.2086940 0.1034872 0.0848183 0.0000000 3.0890063 2.3998416 2.8588691 2.6598111 0.7407699 0.0848183 0.1018801 3.2703822 1.2086940 2.9572744 2.6817659 2.4427049 0.1018801 
HF920637_Iridovirus_armadillidium1_n/a                   3.1398057 3.0805473 3.0964545 3.0751090 3.0890063 3.1398057 3.0805473 2.6696759 2.5128384 3.0964545 2.6993843 3.0947909 3.1641961 3.0890063 0.0000000 1.3120762 3.3115492 3.1175233 3.4853898 3.1641961 3.3547136 2.8585909 2.6993843 0.9336882 2.3827591 1.2035577 3.3547136 
HF920633_Chloriridovirus_simulium1_n/a                   2.3431285 2.3100122 2.3060579 2.3882843 2.3998416 2.3431285 2.3100122 3.0425922 2.3877938 2.3060579 2.4686835 2.3523484 2.3955071 2.3998416 1.3120762 0.0000000 2.8086243 3.1649591 2.9401161 2.3955071 2.4446055 2.9616111 2.4686835 1.1941894 2.2294653 0.4146963 2.4446055 
AY521625_Ranavirus_epinephelus1_n/a                      2.8815399 2.8646300 2.8601496 2.8455579 2.8588691 2.8815399 2.8646300 2.0693548 2.1795774 2.8601496 3.1534032 2.9317325 2.9074290 2.8588691 3.3115492 2.8086243 0.0000000 1.0635527 2.9092153 2.9074290 2.9265837 1.9644838 3.1534032 3.0511751 3.9390466 2.8234560 2.9265837 
NC_005946_Ranavirus_rana1_n/a                            2.7166617 2.7024260 2.7171725 2.6460324 2.6598111 2.7166617 2.7024260 1.8935503 2.2368985 2.7171725 2.6429050 2.7274436 2.7303840 2.6598111 3.1175233 3.1649591 1.0635527 0.0000000 2.9342264 2.7303840 2.7951767 2.0722886 2.6429050 2.8826196 4.1104159 3.0415614 2.7951767 
PQ335173_PQ335174_Threespine_stickleback_iridovirus_TSIV 0.7613593 0.8049378 0.8095153 0.7383011 0.7407699 0.7613593 0.8049378 3.3932953 3.6049983 0.8095153 1.4106174 0.7751234 0.7478948 0.7407699 3.4853898 2.9401161 2.9092153 2.9342264 0.0000000 0.7478948 0.7968139 3.7448905 1.4106174 3.5294903 3.0804587 3.0525773 0.7968139 
OP009387_Megalocytivirus_pagrus1_ISKNV                   0.0146415 0.0708442 0.0652975 0.0790781 0.0848183 0.0146415 0.0708442 3.3673805 3.2442414 0.0652975 1.2248857 0.0195921 0.0000010 0.0848183 3.1641961 2.3955071 2.9074290 2.7303840 0.7478948 0.0000000 0.0909145 3.4286763 1.2248857 3.2166120 2.8410735 2.5328454 0.0909145 
MG570132_Megalocytivirus_pagrus1_TRBIV                   0.1030088 0.1527206 0.1466264 0.0961120 0.1018801 0.1030088 0.1527206 3.2934744 3.1383307 0.1466264 1.3269306 0.1091886 0.0909145 0.1018801 3.3547136 2.4446055 2.9265837 2.7951767 0.7968139 0.0909145 0.0000000 3.3536588 1.3269306 3.1439411 2.7948353 2.5077092 0.0000010 
KX643370_Lymphocystivirus_sparus1_n/a                    3.3894423 3.4366654 3.4319586 3.2588251 3.2703822 3.3894423 3.4366654 0.1277739 2.0662517 3.4319586 3.1688605 3.3862752 3.4286763 3.2703822 2.8585909 2.9616111 1.9644838 2.0722886 3.7448905 3.4286763 3.3536588 0.0000000 3.1688605 2.5281261 3.3983953 2.7242609 3.3536588 
OM037668_Megalocytivirus_lates1_SDDV                     1.2304442 1.1889866 1.1955947 1.2192306 1.2086940 1.2304442 1.1889866 3.0123334 3.1433124 1.1955947 0.0000010 1.2504986 1.2248857 1.2086940 2.6993843 2.4686835 3.1534032 2.6429050 1.4106174 1.2248857 1.3269306 3.1688605 0.0000000 3.2364519 3.3801072 2.5328284 1.3269306 
AF303741_Iridovirus_chilo1_n/a                           3.1370078 3.1216451 3.1380116 2.9432532 2.9572744 3.1370078 3.1216451 2.4856338 2.2221920 3.1380116 3.2364519 3.1251320 3.2166120 2.9572744 0.9336882 1.1941894 3.0511751 2.8826196 3.5294903 3.2166120 3.1439411 2.5281261 3.2364519 0.0000000 2.1498293 1.2094908 3.1439411 
LS484712_Daphniairidovirus_daphnia1_n/a                  2.7793591 2.7916033 2.8223705 2.6613232 2.6817659 2.7793591 2.7916033 3.5120466 3.2389392 2.8223705 3.3801072 2.7901819 2.8410735 2.6817659 2.3827591 2.2294653 3.9390466 4.1104159 3.0804587 2.8410735 2.7948353 3.3983953 3.3801072 2.1498293 0.0000000 2.4735033 2.7948353 
KF938901_Chloriridovirus_anopheles1_n/a                  2.4539591 2.4370436 2.4329990 2.4309795 2.4427049 2.4539591 2.4370436 2.8626836 2.4721226 2.4329990 2.5328284 2.4634898 2.5328454 2.4427049 1.2035577 0.4146963 2.8234560 3.0415614 3.0525773 2.5328454 2.5077092 2.7242609 2.5328284 1.2094908 2.4735033 0.0000000 2.5077092 
MG570131_Megalocytivirus_pagrus1_TRBIV                   0.1030088 0.1527206 0.1466264 0.0961120 0.1018801 0.1030088 0.1527206 3.2934744 3.1383307 0.1466264 1.3269306 0.1091886 0.0909145 0.1018801 3.3547136 2.4446055 2.9265837 2.7951767 0.7968139 0.0909145 0.0000010 3.3536588 1.3269306 3.1439411 2.7948353 2.5077092 0.0000000 
