8
AF371960_AF371960.1_00013 0.0000000 0.0000010 0.0113606 0.0000010 0.0114798 1.4224485 1.4224485 0.0228664 
AY894343_MK689686.1_00012 0.0000010 0.0000000 0.0113606 0.0000010 0.0114798 1.4224485 1.4224485 0.0228664 
GQ273492_GQ273492.1_00013 0.0113606 0.0113606 0.0000000 0.0113606 0.0230329 1.4186223 1.4186223 0.0113597 
MG570131_MG570131.1_00014 0.0000010 0.0000010 0.0113606 0.0000000 0.0114798 1.4224485 1.4224485 0.0228664 
MG570132_MG570132.1_00014 0.0114798 0.0114798 0.0230329 0.0114798 0.0000000 1.4398996 1.4398996 0.0347727 
MN562489_OM037668.1_00051 1.4224485 1.4224485 1.4186223 1.4224485 1.4398996 0.0000000 0.0000010 1.3952551 
MT521409_OM037668.1_00051 1.4224485 1.4224485 1.4186223 1.4224485 1.4398996 0.0000010 0.0000000 1.3952551 
OK042109_MK689686.1_00012 0.0228664 0.0228664 0.0113597 0.0228664 0.0347727 1.3952551 1.3952551 0.0000000 
