26
NC_003494_Megalocytivirus_pagrus1_ISKNV                  0.0000000 0.0000010 0.1455693 0.1385075 0.0183307 0.0000010 0.1385075 0.0060717 0.1484561 0.0060717 1.9808848 0.0060739 0.0121868 0.1455693 0.2339304 0.0061356 0.2156611 0.0434065 0.0434065 0.0121868 0.2009922 0.0060739 0.0000010 0.0183307 0.2339304 0.0121868 
AF371960_Megalocytivirus_pagrus1_ISKNV                   0.0000010 0.0000000 0.1455693 0.1385075 0.0183307 0.0000010 0.1385075 0.0060717 0.1484561 0.0060717 1.9808848 0.0060739 0.0121868 0.1455693 0.2339304 0.0061356 0.2156611 0.0434065 0.0434065 0.0121868 0.2009922 0.0060739 0.0000010 0.0183307 0.2339304 0.0121868 
AB104413_Megalocytivirus_pagrus1_RSIV                    0.1455693 0.1455693 0.0000000 0.0208777 0.1700702 0.1460859 0.0208777 0.1533976 0.0213839 0.1533976 1.9639862 0.1534479 0.1617854 0.0000010 0.1727092 0.1554384 0.1409826 0.1476435 0.1476435 0.1781596 0.1185476 0.1534479 0.1466064 0.1700702 0.1727092 0.1617854 
AY894343_Megalocytivirus_pagrus1_RSIV                    0.1385075 0.1385075 0.0208777 0.0000000 0.1630347 0.1390002 0.0000010 0.1463563 0.0069563 0.1463563 1.8705858 0.1464054 0.1547436 0.0208777 0.1563653 0.1483112 0.1408431 0.1492380 0.1492380 0.1632059 0.1174004 0.1464054 0.1394964 0.1630347 0.1563653 0.1547436 
23043610003_Megalocytivirus_pagrus1_ISKNV                0.0183307 0.0183307 0.1700702 0.1630347 0.0000000 0.0183812 0.1630347 0.0121771 0.1734343 0.0121771 1.9972905 0.0244711 0.0306895 0.1700702 0.2607137 0.0123057 0.2420060 0.0624810 0.0624810 0.0306895 0.2273289 0.0244711 0.0184319 0.0000010 0.2607137 0.0306895 
ON212400_Megalocytivirus_pagrus1_ISKNV                   0.0000010 0.0000010 0.1460859 0.1390002 0.0183812 0.0000000 0.1390002 0.0060883 0.1484561 0.0060883 2.0081296 0.0060904 0.0122203 0.1460859 0.2264023 0.0061525 0.2156611 0.0435284 0.0435284 0.0122203 0.2009922 0.0060904 0.0000010 0.0183812 0.2264023 0.0122203 
ON740976_Megalocytivirus_pagrus1_RSIV                    0.1385075 0.1385075 0.0208777 0.0000010 0.1630347 0.1390002 0.0000000 0.1463563 0.0069563 0.1463563 1.8705858 0.1464054 0.1547436 0.0208777 0.1563653 0.1483112 0.1408431 0.1492380 0.1492380 0.1632059 0.1174004 0.1464054 0.1394964 0.1630347 0.1563653 0.1547436 
MW883599_Megalocytivirus_pagrus1_ISKNV                   0.0060717 0.0060717 0.1533976 0.1463563 0.0121771 0.0060883 0.1463563 0.0000000 0.1564314 0.0000010 1.9448448 0.0121581 0.0182962 0.1533976 0.2423279 0.0000010 0.2239505 0.0496545 0.0496545 0.0182962 0.2093039 0.0121581 0.0061049 0.0121771 0.2423279 0.0182962 
ON743042_Megalocytivirus_pagrus1_RSIV                    0.1484561 0.1484561 0.0213839 0.0069563 0.1734343 0.1484561 0.0069563 0.1564314 0.0000000 0.1564314 1.9672878 0.1564832 0.1649866 0.0213839 0.1515376 0.1585509 0.1425229 0.1503274 0.1503274 0.1649866 0.1188083 0.1564832 0.1394964 0.1734343 0.1515376 0.1649866 
MW883594_Megalocytivirus_pagrus1_ISKNV                   0.0060717 0.0060717 0.1533976 0.1463563 0.0121771 0.0060883 0.1463563 0.0000010 0.1564314 0.0000000 1.9448448 0.0121581 0.0182962 0.1533976 0.2423279 0.0000010 0.2239505 0.0496545 0.0496545 0.0182962 0.2093039 0.0121581 0.0061049 0.0121771 0.2423279 0.0182962 
PQ335173_PQ335174_Threespine_stickleback_iridovirus_TSIV 1.9808848 1.9808848 1.9639862 1.8705858 1.9972905 2.0081296 1.8705858 1.9448448 1.9672878 1.9448448 0.0000000 2.0206675 2.0426077 1.9639862 1.9183378 1.9648198 1.9279965 2.0290899 2.0290899 2.0426077 1.8901925 2.0206675 2.0364246 1.9972905 1.9183378 2.0426077 
OP896201_Megalocytivirus_pagrus1_ISKNV                   0.0060739 0.0060739 0.1534479 0.1464054 0.0244711 0.0060904 0.1464054 0.0121581 0.1564832 0.0121581 2.0206675 0.0000000 0.0060789 0.1534479 0.2423916 0.0122862 0.2240128 0.0496712 0.0496712 0.0060789 0.2093654 0.0000010 0.0061071 0.0244711 0.2423916 0.0060789 
MW883600_Megalocytivirus_pagrus1_ISKNV                   0.0121868 0.0121868 0.1617854 0.1547436 0.0306895 0.0122203 0.1547436 0.0182962 0.1649866 0.0182962 2.0426077 0.0060789 0.0000000 0.1617854 0.2516194 0.0184898 0.2330659 0.0560698 0.0560698 0.0000010 0.2183975 0.0060789 0.0122539 0.0306895 0.2516194 0.0000010 
BD143114_Megalocytivirus_pagrus1_RSIV                    0.1455693 0.1455693 0.0000010 0.0208777 0.1700702 0.1460859 0.0208777 0.1533976 0.0213839 0.1533976 1.9639862 0.1534479 0.1617854 0.0000000 0.1727092 0.1554384 0.1409826 0.1476435 0.1476435 0.1781596 0.1185476 0.1534479 0.1466064 0.1700702 0.1727092 0.1617854 
MG570131_Megalocytivirus_pagrus1_TRBIV                   0.2339304 0.2339304 0.1727092 0.1563653 0.2607137 0.2264023 0.1563653 0.2423279 0.1515376 0.2423279 1.9183378 0.2423916 0.2516194 0.1727092 0.0000000 0.2423279 0.0854419 0.2446580 0.2446580 0.2586723 0.1018757 0.2423916 0.2272678 0.2607137 0.0000010 0.2516194 
MW883601_Megalocytivirus_pagrus1_ISKNV                   0.0061356 0.0061356 0.1554384 0.1483112 0.0123057 0.0061525 0.1483112 0.0000010 0.1585509 0.0000010 1.9648198 0.0122862 0.0184898 0.1554384 0.2423279 0.0000000 0.2239505 0.0501897 0.0501897 0.0184898 0.2093039 0.0122862 0.0061696 0.0123057 0.2423279 0.0184898 
GQ273492_Megalocytivirus_pagrus1_TRBIV                   0.2156611 0.2156611 0.1409826 0.1408431 0.2420060 0.2156611 0.1408431 0.2239505 0.1425229 0.2239505 1.9279965 0.2240128 0.2330659 0.1409826 0.0854419 0.2239505 0.0000000 0.2169551 0.2169551 0.2410423 0.0495060 0.2240128 0.2164740 0.2420060 0.0854419 0.2330659 
MW883595_Megalocytivirus_pagrus1_ISKNV                   0.0434065 0.0434065 0.1476435 0.1492380 0.0624810 0.0435284 0.1492380 0.0496545 0.1503274 0.0496545 2.0290899 0.0496712 0.0560698 0.1476435 0.2446580 0.0501897 0.2169551 0.0000000 0.0000010 0.0559120 0.2116996 0.0496712 0.0436510 0.0624810 0.2446580 0.0560698 
MN432490_Megalocytivirus_pagrus1_ISKNV                   0.0434065 0.0434065 0.1476435 0.1492380 0.0624810 0.0435284 0.1492380 0.0496545 0.1503274 0.0496545 2.0290899 0.0496712 0.0560698 0.1476435 0.2446580 0.0501897 0.2169551 0.0000010 0.0000000 0.0559120 0.2116996 0.0496712 0.0436510 0.0624810 0.2446580 0.0560698 
MW883602_Megalocytivirus_pagrus1_ISKNV                   0.0121868 0.0121868 0.1781596 0.1632059 0.0306895 0.0122203 0.1632059 0.0182962 0.1649866 0.0182962 2.0426077 0.0060789 0.0000010 0.1781596 0.2586723 0.0184898 0.2410423 0.0559120 0.0559120 0.0000000 0.2264172 0.0060789 0.0122539 0.0306895 0.2586723 0.0000010 
OK042109_Megalocytivirus_pagrus1_RSIV                    0.2009922 0.2009922 0.1185476 0.1174004 0.2273289 0.2009922 0.1174004 0.2093039 0.1188083 0.2093039 1.8901925 0.2093654 0.2183975 0.1185476 0.1018757 0.2093039 0.0495060 0.2116996 0.2116996 0.2264172 0.0000000 0.2093654 0.2017515 0.2273289 0.1018757 0.2183975 
OR356116_Megalocytivirus_pagrus1_ISKNV                   0.0060739 0.0060739 0.1534479 0.1464054 0.0244711 0.0060904 0.1464054 0.0121581 0.1564832 0.0121581 2.0206675 0.0000010 0.0060789 0.1534479 0.2423916 0.0122862 0.2240128 0.0496712 0.0496712 0.0060789 0.2093654 0.0000000 0.0061071 0.0244711 0.2423916 0.0060789 
MW273353_Megalocytivirus_pagrus1_ISKNV                   0.0000010 0.0000010 0.1466064 0.1394964 0.0184319 0.0000010 0.1394964 0.0061049 0.1394964 0.0061049 2.0364246 0.0061071 0.0122539 0.1466064 0.2272678 0.0061696 0.2164740 0.0436510 0.0436510 0.0122539 0.2017515 0.0061071 0.0000000 0.0184319 0.2272678 0.0122539 
23043610005_Megalocytivirus_pagrus1_ISKNV                0.0183307 0.0183307 0.1700702 0.1630347 0.0000010 0.0183812 0.1630347 0.0121771 0.1734343 0.0121771 1.9972905 0.0244711 0.0306895 0.1700702 0.2607137 0.0123057 0.2420060 0.0624810 0.0624810 0.0306895 0.2273289 0.0244711 0.0184319 0.0000000 0.2607137 0.0306895 
MG570132_Megalocytivirus_pagrus1_TRBIV                   0.2339304 0.2339304 0.1727092 0.1563653 0.2607137 0.2264023 0.1563653 0.2423279 0.1515376 0.2423279 1.9183378 0.2423916 0.2516194 0.1727092 0.0000010 0.2423279 0.0854419 0.2446580 0.2446580 0.2586723 0.1018757 0.2423916 0.2272678 0.2607137 0.0000000 0.2516194 
MW273354_Megalocytivirus_pagrus1_ISKNV                   0.0121868 0.0121868 0.1617854 0.1547436 0.0306895 0.0122203 0.1547436 0.0182962 0.1649866 0.0182962 2.0426077 0.0060789 0.0000010 0.1617854 0.2516194 0.0184898 0.2330659 0.0560698 0.0560698 0.0000010 0.2183975 0.0060789 0.0122539 0.0306895 0.2516194 0.0000000 
