33
MCV_ML1_SDDV_MN562489_1_MCV_ML1_SDDV_MN562489.1_00041         0.0000000 0.0000010 3.5093126 3.4541623 3.5874126 3.4541623 3.5405054 3.5102464 3.5741843 3.5932307 3.5932307 3.5868648 3.5868648 3.0755899 4.0321681 3.6040257 3.5921119 3.6040257 3.5809682 3.5886329 3.5863159 3.4985081 3.8371938 3.5863159 3.5872548 3.5886329 3.5812101 3.6075808 3.5886329 3.5808086 3.5440014 3.5455283 3.6005954 
MCV_ML1_SDDV_MT521409_1_MCV_ML1_SDDV_MT521409.1_00042         0.0000010 0.0000000 3.5093126 3.4541623 3.5874126 3.4541623 3.5405054 3.5102464 3.5741843 3.5932307 3.5932307 3.5868648 3.5868648 3.0755899 4.0321681 3.6040257 3.5921119 3.6040257 3.5809682 3.5886329 3.5863159 3.4985081 3.8371938 3.5863159 3.5872548 3.5886329 3.5812101 3.6075808 3.5886329 3.5808086 3.5440014 3.5455283 3.6005954 
MCV_MP1_BCFI_MN432490_1_MCV_MP1_BCFI_MN432490.1_00062         3.5093126 3.5093126 0.0000000 0.0091827 0.0913675 0.0091827 0.0100871 0.0007899 0.0206775 0.0914377 0.0914377 0.0899031 0.0899031 0.0316136 0.1213647 0.1020307 0.1030600 0.1020307 0.0903316 0.0905982 0.0903892 0.0583427 0.1711580 0.0903892 0.0904416 0.0905982 0.0898582 0.0271437 0.0905982 0.1047711 0.1035480 0.1190268 0.0985235 
MCV_MP1_BCFI_MT926123_1_MCV_MP1_BCFI_MT926123.1_00063         3.4541623 3.4541623 0.0091827 0.0000000 0.0783650 0.0000010 0.0000010 0.0092002 0.0101700 0.0784319 0.0784319 0.0784319 0.0784319 0.0346681 0.1036372 0.0887872 0.0899106 0.0887872 0.0788488 0.0772954 0.0772954 0.0597396 0.1567268 0.0772954 0.0771448 0.0772954 0.0772954 0.0380083 0.0772954 0.0964469 0.0917912 0.1086810 0.0847433 
MCV_MP1_GSPI_KT804738_1_MCV_MP1_GSPI_KT804738.1_00058         3.5874126 3.5874126 0.0913675 0.0783650 0.0000000 0.0783650 0.0855120 0.0924647 0.0937396 0.0016034 0.0016034 0.0016379 0.0016379 0.0000010 0.0046262 0.0197869 0.0206257 0.0197869 0.0024625 0.0016020 0.0008007 0.0026781 0.0172495 0.0008007 0.0032178 0.0016020 0.0016370 0.0966866 0.0016020 0.0952159 0.0907499 0.1061161 0.0048298 
MCV_MP1_ISKNV_AF371960_1_MCV_MP1_ISKNV_AF371960.1_00062       3.4541623 3.4541623 0.0091827 0.0000010 0.0783650 0.0000000 0.0000010 0.0092002 0.0101700 0.0784319 0.0784319 0.0784319 0.0784319 0.0346681 0.1036372 0.0887872 0.0899106 0.0887872 0.0788488 0.0772954 0.0772954 0.0597396 0.1567268 0.0772954 0.0771448 0.0772954 0.0772954 0.0380083 0.0772954 0.0964469 0.0917912 0.1086810 0.0847433 
MCV_MP1_ISKNV_MK689685_1_MCV_MP1_ISKNV_MK689685.1_00059       3.5405054 3.5405054 0.0100871 0.0000010 0.0855120 0.0000010 0.0000000 0.0101048 0.0118872 0.0855788 0.0855788 0.0816832 0.0816832 0.0346681 0.1114982 0.0943878 0.0954254 0.0943878 0.0820843 0.0847228 0.0845235 0.0597396 0.1607080 0.0845235 0.0845726 0.0847228 0.0816407 0.0363976 0.0847228 0.1003295 0.0925723 0.1083311 0.0916802 
MCV_MP1_LBUSV_OP009387_1_MCV_MP1_LBUSV_OP009387.1_00062       3.5102464 3.5102464 0.0007899 0.0092002 0.0924647 0.0092002 0.0101048 0.0000000 0.0207147 0.0925357 0.0925357 0.0910151 0.0910151 0.0316136 0.1230977 0.1031631 0.1041949 0.1031631 0.0914484 0.0916959 0.0914843 0.0599660 0.1711580 0.0914843 0.0915375 0.0916959 0.0909697 0.0280673 0.0916959 0.1060011 0.1047414 0.1202461 0.0996464 
MCV_MP1_LYCI_AY779031_1_MCV_MP1_LYCI_AY779031.1_00066         3.5741843 3.5741843 0.0206775 0.0101700 0.0937396 0.0101700 0.0118872 0.0207147 0.0000000 0.0938134 0.0938134 0.0905215 0.0905215 0.0440268 0.1211301 0.1017817 0.1028392 0.1017817 0.0909659 0.0929525 0.0927326 0.0600197 0.1872823 0.0927326 0.0927881 0.0929525 0.0904749 0.0425924 0.0929525 0.1112097 0.1053976 0.1216051 0.1001098 
MCV_MP1_LYCI_MW139932_1_MCV_MP1_LYCI_MW139932.1_00063         3.5932307 3.5932307 0.0914377 0.0784319 0.0016034 0.0784319 0.0855788 0.0925357 0.0938134 0.0000000 0.0000010 0.0000010 0.0000010 0.0027586 0.0034669 0.0181120 0.0189474 0.0181120 0.0024642 0.0016031 0.0008012 0.0026812 0.0172495 0.0008012 0.0032200 0.0016031 0.0016382 0.0967639 0.0016031 0.0952942 0.0908225 0.1062013 0.0048331 
MCV_MP1_LYCI_OL774653_1_MCV_MP1_LYCI_OL774653.1_00080         3.5932307 3.5932307 0.0914377 0.0784319 0.0016034 0.0784319 0.0855788 0.0925357 0.0938134 0.0000010 0.0000000 0.0000010 0.0000010 0.0027586 0.0034669 0.0181120 0.0189474 0.0181120 0.0024642 0.0016031 0.0008012 0.0026812 0.0172495 0.0008012 0.0032200 0.0016031 0.0016382 0.0967639 0.0016031 0.0952942 0.0908225 0.1062013 0.0048331 
MCV_MP1_LYCI_OL774654_1_MCV_MP1_LYCI_OL774654.1_00061         3.5868648 3.5868648 0.0899031 0.0784319 0.0016379 0.0784319 0.0816832 0.0910151 0.0905215 0.0000010 0.0000010 0.0000000 0.0000010 0.0027586 0.0035756 0.0159231 0.0167722 0.0159231 0.0024642 0.0016377 0.0008185 0.0026812 0.0182855 0.0008185 0.0032897 0.0016377 0.0016382 0.0952397 0.0016377 0.0952942 0.0908225 0.1062013 0.0049378 
MCV_MP1_LYCI_OL774655_1_MCV_MP1_LYCI_OL774655.1_00064         3.5868648 3.5868648 0.0899031 0.0784319 0.0016379 0.0784319 0.0816832 0.0910151 0.0905215 0.0000010 0.0000010 0.0000010 0.0000000 0.0027586 0.0035756 0.0159231 0.0167722 0.0159231 0.0024642 0.0016377 0.0008185 0.0026812 0.0182855 0.0008185 0.0032897 0.0016377 0.0016382 0.0952397 0.0016377 0.0952942 0.0908225 0.1062013 0.0049378 
MCV_MP1_OSGI_AY894343_1_MCV_MP1_OSGI_AY894343.1_00060         3.0755899 3.0755899 0.0316136 0.0346681 0.0000010 0.0346681 0.0346681 0.0316136 0.0440268 0.0027586 0.0027586 0.0027586 0.0027586 0.0000000 0.7809167 0.0083350 0.0083350 0.0083350 0.0000010 0.0000010 0.0000010 0.0027586 0.0000010 0.0000010 0.0055746 0.0000010 0.0000010 0.0316136 0.0000010 0.0558644 0.0585474 0.0647719 0.0000010 
MCV_MP1_OSGI_AY894343_1_MCV_MP1_OSGI_AY894343.1_00061         4.0321681 4.0321681 0.1213647 0.1036372 0.0046262 0.1036372 0.1114982 0.1230977 0.1211301 0.0034669 0.0034669 0.0035756 0.0035756 0.7809167 0.0000000 0.0263673 0.0275922 0.0263673 0.0059904 0.0046253 0.0034669 0.0082242 0.0172495 0.0034669 0.0046253 0.0046253 0.0047726 0.1317504 0.0046253 0.1150930 0.1044789 0.1251218 0.0093163 
MCV_MP1_PI_MK098185_1_MCV_MP1_PI_MK098185.1_00062             3.6040257 3.6040257 0.1020307 0.0887872 0.0197869 0.0887872 0.0943878 0.1031631 0.1017817 0.0181120 0.0181120 0.0159231 0.0159231 0.0083350 0.0263673 0.0000000 0.0007913 0.0000010 0.0185197 0.0197843 0.0189535 0.0108470 0.0472841 0.0189535 0.0215229 0.0197843 0.0176282 0.1045539 0.0197843 0.0931441 0.0931712 0.1147105 0.0162608 
MCV_MP1_PI_MK098186_1_MCV_MP1_PI_MK098186.1_00059             3.5921119 3.5921119 0.1030600 0.0899106 0.0206257 0.0899106 0.0954254 0.1041949 0.1028392 0.0189474 0.0189474 0.0167722 0.0167722 0.0083350 0.0275922 0.0007913 0.0000000 0.0007913 0.0193743 0.0206230 0.0197903 0.0108470 0.0495996 0.0197903 0.0223651 0.0206230 0.0184798 0.1056300 0.0206230 0.0931441 0.0931712 0.1147105 0.0170848 
MCV_MP1_PI_MK098187_1_MCV_MP1_PI_MK098187.1_00062             3.6040257 3.6040257 0.1020307 0.0887872 0.0197869 0.0887872 0.0943878 0.1031631 0.1017817 0.0181120 0.0181120 0.0159231 0.0159231 0.0083350 0.0263673 0.0000010 0.0007913 0.0000000 0.0185197 0.0197843 0.0189535 0.0108470 0.0472841 0.0189535 0.0215229 0.0197843 0.0176282 0.1045539 0.0197843 0.0931441 0.0931712 0.1147105 0.0162608 
MCV_MP1_RBIV_AY532606_1_MCV_MP1_RBIV_AY532606.1_00062         3.5809682 3.5809682 0.0903316 0.0788488 0.0024625 0.0788488 0.0820843 0.0914484 0.0909659 0.0024642 0.0024642 0.0024642 0.0024642 0.0000010 0.0059904 0.0185197 0.0193743 0.0185197 0.0000000 0.0024621 0.0016407 0.0026898 0.0205770 0.0016407 0.0041216 0.0024621 0.0024629 0.0953588 0.0024621 0.0955354 0.0910449 0.1074912 0.0057740 
MCV_MP1_RBIV_KC244182_1_MCV_MP1_RBIV_KC244182.1_00061         3.5886329 3.5886329 0.0905982 0.0772954 0.0016020 0.0772954 0.0847228 0.0916959 0.0929525 0.0016031 0.0016031 0.0016377 0.0016377 0.0000010 0.0046253 0.0197843 0.0206230 0.0197843 0.0024621 0.0000000 0.0008006 0.0013370 0.0150835 0.0008006 0.0016073 0.0000010 0.0016368 0.0958906 0.0000010 0.0952106 0.0907443 0.1061126 0.0032167 
MCV_MP1_RSIV_MK689686_1_MCV_MP1_RSIV_MK689686.1_00060         3.5863159 3.5863159 0.0903892 0.0772954 0.0008007 0.0772954 0.0845235 0.0914843 0.0927326 0.0008012 0.0008012 0.0008185 0.0008185 0.0000010 0.0034669 0.0189535 0.0197903 0.0189535 0.0016407 0.0008006 0.0000000 0.0013370 0.0172495 0.0000010 0.0024120 0.0008006 0.0008180 0.0956606 0.0008006 0.0941624 0.0897320 0.1050725 0.0040226 
MCV_MP1_RSIV_MT798582_1_MCV_MP1_RSIV_MT798582.1_00045         3.4985081 3.4985081 0.0583427 0.0597396 0.0026781 0.0597396 0.0597396 0.0599660 0.0600197 0.0026812 0.0026812 0.0026812 0.0026812 0.0027586 0.0082242 0.0108470 0.0108470 0.0108470 0.0026898 0.0013370 0.0013370 0.0000000 2.2666671 0.0013370 0.0040422 0.0013370 0.0013370 0.0524581 0.0013370 0.0858035 0.0778189 0.0831679 0.0053903 
MCV_MP1_RSIV_MT798582_1_MCV_MP1_RSIV_MT798582.1_00102         3.8371938 3.8371938 0.1711580 0.1567268 0.0172495 0.1567268 0.1607080 0.1711580 0.1872823 0.0172495 0.0172495 0.0182855 0.0182855 0.0000010 0.0172495 0.0472841 0.0495996 0.0472841 0.0205770 0.0150835 0.0172495 2.2666671 0.0000000 0.0172495 0.0150835 0.0150835 0.0206013 0.2185449 0.0150835 0.1437548 0.1567856 0.1947217 0.0150835 
MCV_MP1_RSIV_OK042108_1_MCV_MP1_RSIV_OK042108.1_00015         3.5863159 3.5863159 0.0903892 0.0772954 0.0008007 0.0772954 0.0845235 0.0914843 0.0927326 0.0008012 0.0008012 0.0008185 0.0008185 0.0000010 0.0034669 0.0189535 0.0197903 0.0189535 0.0016407 0.0008006 0.0000010 0.0013370 0.0172495 0.0000000 0.0024120 0.0008006 0.0008180 0.0956606 0.0008006 0.0941624 0.0897320 0.1050725 0.0040226 
MCV_MP1_RSIV_OK042109_1_MCV_MP1_RSIV_OK042109.1_00015         3.5872548 3.5872548 0.0904416 0.0771448 0.0032178 0.0771448 0.0845726 0.0915375 0.0927881 0.0032200 0.0032200 0.0032897 0.0032897 0.0055746 0.0046253 0.0215229 0.0223651 0.0215229 0.0041216 0.0016073 0.0024120 0.0040422 0.0150835 0.0024120 0.0000000 0.0016073 0.0032879 0.0957191 0.0016073 0.0928023 0.0884286 0.1036986 0.0048458 
MCV_MP1_RSIV_ON740976_1_MCV_MP1_RSIV_ON740976.1_00061         3.5886329 3.5886329 0.0905982 0.0772954 0.0016020 0.0772954 0.0847228 0.0916959 0.0929525 0.0016031 0.0016031 0.0016377 0.0016377 0.0000010 0.0046253 0.0197843 0.0206230 0.0197843 0.0024621 0.0000010 0.0008006 0.0013370 0.0150835 0.0008006 0.0016073 0.0000000 0.0016368 0.0958906 0.0000010 0.0952106 0.0907443 0.1061126 0.0032167 
MCV_MP1_RSIV_ON743042_1_MCV_MP1_RSIV_ON743042.1_00063         3.5812101 3.5812101 0.0898582 0.0772954 0.0016370 0.0772954 0.0816407 0.0909697 0.0904749 0.0016382 0.0016382 0.0016382 0.0016382 0.0000010 0.0047726 0.0176282 0.0184798 0.0176282 0.0024629 0.0016368 0.0008180 0.0013370 0.0206013 0.0008180 0.0032879 0.0016368 0.0000000 0.0951909 0.0016368 0.0930915 0.0907761 0.1061495 0.0049351 
MCV_MP1_SKIV_MT986830_1_MCV_MP1_SKIV_MT986830.1_00063         3.6075808 3.6075808 0.0271437 0.0380083 0.0966866 0.0380083 0.0363976 0.0280673 0.0425924 0.0967639 0.0967639 0.0952397 0.0952397 0.0316136 0.1317504 0.1045539 0.1056300 0.1045539 0.0953588 0.0958906 0.0956606 0.0524581 0.2185449 0.0956606 0.0957191 0.0958906 0.0951909 0.0000000 0.0958906 0.1173422 0.1110117 0.1324785 0.1033553 
MCV_MP1_SKIV_ON075463_1_MCV_MP1_SKIV_ON075463.1_00059         3.5886329 3.5886329 0.0905982 0.0772954 0.0016020 0.0772954 0.0847228 0.0916959 0.0929525 0.0016031 0.0016031 0.0016377 0.0016377 0.0000010 0.0046253 0.0197843 0.0206230 0.0197843 0.0024621 0.0000010 0.0008006 0.0013370 0.0150835 0.0008006 0.0016073 0.0000010 0.0016368 0.0958906 0.0000000 0.0952106 0.0907443 0.1061126 0.0032167 
MCV_MP1_TRBIV_GQ273492_1_MCV_MP1_TRBIV_GQ273492.1_00061       3.5808086 3.5808086 0.1047711 0.0964469 0.0952159 0.0964469 0.1003295 0.1060011 0.1112097 0.0952942 0.0952942 0.0952942 0.0952942 0.0558644 0.1150930 0.0931441 0.0931441 0.0931441 0.0955354 0.0952106 0.0941624 0.0858035 0.1437548 0.0941624 0.0928023 0.0952106 0.0930915 0.1173422 0.0952106 0.0000000 0.0574613 0.0625869 0.0941029 
MCV_Unclassified_MG570131_1_MCV_Unclassified_MG570131.1_00061 3.5440014 3.5440014 0.1035480 0.0917912 0.0907499 0.0917912 0.0925723 0.1047414 0.1053976 0.0908225 0.0908225 0.0908225 0.0908225 0.0585474 0.1044789 0.0931712 0.0931712 0.0931712 0.0910449 0.0907443 0.0897320 0.0778189 0.1567856 0.0897320 0.0884286 0.0907443 0.0907761 0.1110117 0.0907443 0.0574613 0.0000000 0.0034258 0.0918575 
MCV_Unclassified_MG570132_1_MCV_Unclassified_MG570132.1_00061 3.5455283 3.5455283 0.1190268 0.1086810 0.1061161 0.1086810 0.1083311 0.1202461 0.1216051 0.1062013 0.1062013 0.1062013 0.1062013 0.0647719 0.1251218 0.1147105 0.1147105 0.1147105 0.1074912 0.1061126 0.1050725 0.0831679 0.1947217 0.1050725 0.1036986 0.1061126 0.1061495 0.1324785 0.1061126 0.0625869 0.0034258 0.0000000 0.1134785 
MCV_Unclassified_OQ475017_1_MCV_Unclassified_OQ475017.1_00060 3.6005954 3.6005954 0.0985235 0.0847433 0.0048298 0.0847433 0.0916802 0.0996464 0.1001098 0.0048331 0.0048331 0.0049378 0.0049378 0.0000010 0.0093163 0.0162608 0.0170848 0.0162608 0.0057740 0.0032167 0.0040226 0.0053903 0.0150835 0.0040226 0.0048458 0.0032167 0.0049351 0.1033553 0.0032167 0.0941029 0.0918575 0.1134785 0.0000000 
