17
MK098187_Megalocytivirus_pagrus1_RSIV                    0.0000000 0.0351237 0.0480167 0.0351237 0.0360687 0.0487880 0.0000010 0.0360687 0.0480167 2.4053632 1.3910901 1.3910901 0.0617347 1.3417749 0.0487880 0.0617347 0.6633320 
ON075463_Megalocytivirus_pagrus1_RSIV                    0.0351237 0.0000000 0.0594633 0.0000010 0.0476354 0.0604148 0.0351237 0.0476354 0.0594633 2.3867944 1.4080258 1.4080258 0.0733442 1.3582895 0.0604148 0.0733442 0.6508406 
OK042109_Megalocytivirus_pagrus1_RSIV                    0.0480167 0.0594633 0.0000000 0.0594633 0.0358685 0.0485188 0.0480167 0.0358685 0.0000010 2.4075461 1.4686518 1.4686518 0.0613979 1.4166269 0.0485188 0.0613979 0.6967693 
AP017456_Megalocytivirus_pagrus1_RSIV                    0.0351237 0.0000010 0.0594633 0.0000000 0.0476354 0.0604148 0.0351237 0.0476354 0.0594633 2.3867944 1.4080258 1.4080258 0.0733442 1.3582895 0.0604148 0.0733442 0.6508406 
PP974677_Megalocytivirus_pagrus1_ISKNV                   0.0360687 0.0476354 0.0358685 0.0476354 0.0000000 0.0116929 0.0360687 0.0000010 0.0358685 2.4695382 1.4441280 1.4441280 0.0492138 1.3931345 0.0116929 0.0492138 0.7042839 
MN432490_Megalocytivirus_pagrus1_ISKNV                   0.0487880 0.0604148 0.0485188 0.0604148 0.0116929 0.0000000 0.0487880 0.0116929 0.0485188 2.4302056 1.4262260 1.4262260 0.0624122 1.3760346 0.0000010 0.0624122 0.6633836 
OL774654_Megalocytivirus_pagrus1_RSIV                    0.0000010 0.0351237 0.0480167 0.0351237 0.0360687 0.0487880 0.0000000 0.0360687 0.0480167 2.4053632 1.3910901 1.3910901 0.0617347 1.3417749 0.0487880 0.0617347 0.6633320 
OP896201_Megalocytivirus_pagrus1_ISKNV                   0.0360687 0.0476354 0.0358685 0.0476354 0.0000010 0.0116929 0.0360687 0.0000000 0.0358685 2.4695382 1.4441280 1.4441280 0.0492138 1.3931345 0.0116929 0.0492138 0.7042839 
GQ273492_Megalocytivirus_pagrus1_TRBIV                   0.0480167 0.0594633 0.0000010 0.0594633 0.0358685 0.0485188 0.0480167 0.0358685 0.0000000 2.4075461 1.4686518 1.4686518 0.0613979 1.4166269 0.0485188 0.0613979 0.6967693 
MF599468_Decapodiridovirus_litopenaeus1_n/a              2.4053632 2.3867944 2.4075461 2.3867944 2.4695382 2.4302056 2.4053632 2.4695382 2.4075461 0.0000000 2.4377679 2.4377679 2.6004757 2.3762220 2.4302056 2.6004757 2.2131690 
MN562489_Megalocytivirus_lates1_SDDV                     1.3910901 1.4080258 1.4686518 1.4080258 1.4441280 1.4262260 1.3910901 1.4441280 1.4686518 2.4377679 0.0000000 0.0000010 1.4514860 0.0119667 1.4262260 1.4514860 1.2650798 
MT521409_Megalocytivirus_lates1_SDDV                     1.3910901 1.4080258 1.4686518 1.4080258 1.4441280 1.4262260 1.3910901 1.4441280 1.4686518 2.4377679 0.0000010 0.0000000 1.4514860 0.0119667 1.4262260 1.4514860 1.2650798 
MG570131_Megalocytivirus_pagrus1_TRBIV                   0.0617347 0.0733442 0.0613979 0.0733442 0.0492138 0.0624122 0.0617347 0.0492138 0.0613979 2.6004757 1.4514860 1.4514860 0.0000000 1.4002803 0.0624122 0.0000010 0.6692461 
OM037668_Megalocytivirus_lates1_SDDV                     1.3417749 1.3582895 1.4166269 1.3582895 1.3931345 1.3760346 1.3417749 1.3931345 1.4166269 2.3762220 0.0119667 0.0119667 1.4002803 0.0000000 1.3760346 1.4002803 1.2702178 
OP009387_Megalocytivirus_pagrus1_ISKNV                   0.0487880 0.0604148 0.0485188 0.0604148 0.0116929 0.0000010 0.0487880 0.0116929 0.0485188 2.4302056 1.4262260 1.4262260 0.0624122 1.3760346 0.0000000 0.0624122 0.6633836 
MG570132_Megalocytivirus_pagrus1_TRBIV                   0.0617347 0.0733442 0.0613979 0.0733442 0.0492138 0.0624122 0.0617347 0.0492138 0.0613979 2.6004757 1.4514860 1.4514860 0.0000010 1.4002803 0.0624122 0.0000000 0.6692461 
PQ335173_PQ335174_Threespine_stickleback_iridovirus_TSIV 0.6633320 0.6508406 0.6967693 0.6508406 0.7042839 0.6633836 0.6633320 0.7042839 0.6967693 2.2131690 1.2650798 1.2650798 0.6692461 1.2702178 0.6633836 0.6692461 0.0000000 
