17
MK098187_Megalocytivirus_pagrus1_RSIV                    0.0000000 0.0365347 0.0495680 0.0365347 0.0371945 0.0499215 0.0000010 0.0371945 0.0495680 1.7988918 1.5622455 1.5622455 0.0698759 1.5074832 0.0499215 0.0698759 0.7388619 
ON075463_Megalocytivirus_pagrus1_RSIV                    0.0365347 0.0000000 0.0617807 0.0000010 0.0494506 0.0622350 0.0365347 0.0494506 0.0617807 1.8014287 1.5646665 1.5646665 0.0826838 1.5096377 0.0622350 0.0826838 0.7131283 
OK042109_Megalocytivirus_pagrus1_RSIV                    0.0495680 0.0617807 0.0000000 0.0617807 0.0369913 0.0496470 0.0495680 0.0369913 0.0000010 1.8686905 1.6415901 1.6415901 0.0694726 1.5841472 0.0496470 0.0694726 0.7724805 
AP017456_Megalocytivirus_pagrus1_RSIV                    0.0365347 0.0000010 0.0617807 0.0000000 0.0494506 0.0622350 0.0365347 0.0494506 0.0617807 1.8014287 1.5646665 1.5646665 0.0826838 1.5096377 0.0622350 0.0826838 0.7131283 
PP974677_Megalocytivirus_pagrus1_ISKNV                   0.0371945 0.0494506 0.0369913 0.0494506 0.0000000 0.0120487 0.0371945 0.0000010 0.0369913 1.8625048 1.6400526 1.6400526 0.0563896 1.5834387 0.0120487 0.0563896 0.7742344 
MN432490_Megalocytivirus_pagrus1_ISKNV                   0.0499215 0.0622350 0.0496470 0.0622350 0.0120487 0.0000000 0.0499215 0.0120487 0.0496470 1.8491926 1.6301118 1.6301118 0.0700236 1.5743151 0.0000010 0.0700236 0.7315465 
OL774654_Megalocytivirus_pagrus1_RSIV                    0.0000010 0.0365347 0.0495680 0.0365347 0.0371945 0.0499215 0.0000000 0.0371945 0.0495680 1.7988918 1.5622455 1.5622455 0.0698759 1.5074832 0.0499215 0.0698759 0.7388619 
OP896201_Megalocytivirus_pagrus1_ISKNV                   0.0371945 0.0494506 0.0369913 0.0494506 0.0000010 0.0120487 0.0371945 0.0000000 0.0369913 1.8625048 1.6400526 1.6400526 0.0563896 1.5834387 0.0120487 0.0563896 0.7742344 
GQ273492_Megalocytivirus_pagrus1_TRBIV                   0.0495680 0.0617807 0.0000010 0.0617807 0.0369913 0.0496470 0.0495680 0.0369913 0.0000000 1.8686905 1.6415901 1.6415901 0.0694726 1.5841472 0.0496470 0.0694726 0.7724805 
MK637631_European_chub_iridovirus_ECIV                   1.7988918 1.8014287 1.8686905 1.8014287 1.8625048 1.8491926 1.7988918 1.8625048 1.8686905 0.0000000 0.7031594 0.7031594 1.8519749 0.7120227 1.8491926 1.8519749 1.5144439 
MN562489_Megalocytivirus_lates1_SDDV                     1.5622455 1.5646665 1.6415901 1.5646665 1.6400526 1.6301118 1.5622455 1.6400526 1.6415901 0.7031594 0.0000000 0.0000010 1.6386933 0.0121458 1.6301118 1.6386933 1.3809700 
MT521409_Megalocytivirus_lates1_SDDV                     1.5622455 1.5646665 1.6415901 1.5646665 1.6400526 1.6301118 1.5622455 1.6400526 1.6415901 0.7031594 0.0000010 0.0000000 1.6386933 0.0121458 1.6301118 1.6386933 1.3809700 
MG570131_Megalocytivirus_pagrus1_TRBIV                   0.0698759 0.0826838 0.0694726 0.0826838 0.0563896 0.0700236 0.0698759 0.0563896 0.0694726 1.8519749 1.6386933 1.6386933 0.0000000 1.5815065 0.0700236 0.0000010 0.7399165 
OM037668_Megalocytivirus_lates1_SDDV                     1.5074832 1.5096377 1.5841472 1.5096377 1.5834387 1.5743151 1.5074832 1.5834387 1.5841472 0.7120227 0.0121458 0.0121458 1.5815065 0.0000000 1.5743151 1.5815065 1.3868551 
OP009387_Megalocytivirus_pagrus1_ISKNV                   0.0499215 0.0622350 0.0496470 0.0622350 0.0120487 0.0000010 0.0499215 0.0120487 0.0496470 1.8491926 1.6301118 1.6301118 0.0700236 1.5743151 0.0000000 0.0700236 0.7315465 
MG570132_Megalocytivirus_pagrus1_TRBIV                   0.0698759 0.0826838 0.0694726 0.0826838 0.0563896 0.0700236 0.0698759 0.0563896 0.0694726 1.8519749 1.6386933 1.6386933 0.0000010 1.5815065 0.0700236 0.0000000 0.7399165 
PQ335173_PQ335174_Threespine_stickleback_iridovirus_TSIV 0.7388619 0.7131283 0.7724805 0.7131283 0.7742344 0.7315465 0.7388619 0.7742344 0.7724805 1.5144439 1.3809700 1.3809700 0.7399165 1.3868551 0.7315465 0.7399165 0.0000000 
