28
MW883606_Megalocytivirus_pagrus1_ISKNV    0.0000000 0.0107445 0.1030589 0.0799192 0.1472774 0.1069152 0.0000010 0.0107445 0.0035535 0.1030589 0.0835683 0.1559290 0.0071113 0.0035567 0.0762704 0.1519169 0.0799192 0.0035567 0.0035564 0.0035610 0.0071113 0.0035518 0.0035538 0.0835683 0.1069152 0.0035564 0.0035564 0.0035567 
MT986830_Megalocytivirus_pagrus1_ISKNV    0.0107445 0.0000000 0.0996394 0.0764867 0.1439190 0.1035006 0.0107445 0.0000010 0.0143445 0.0996394 0.0801449 0.1525730 0.0179409 0.0143618 0.0728289 0.1485545 0.0764867 0.0143618 0.0143603 0.0143787 0.0179409 0.0143373 0.0143455 0.0801449 0.1035006 0.0143603 0.0143603 0.0143618 
ON743042_Megalocytivirus_pagrus1_RSIV     0.1030589 0.0996394 0.0000000 0.0727995 0.1737628 0.0035546 0.1030589 0.0996394 0.1068730 0.0000010 0.0764576 0.1696901 0.1105896 0.1070187 0.0691421 0.1655266 0.0727995 0.1070187 0.1069984 0.1071503 0.1105896 0.1068070 0.1068732 0.0764576 0.0035546 0.1069984 0.1069984 0.1070187 
AP017456_Megalocytivirus_pagrus1_RSIV     0.0799192 0.0764867 0.0727995 0.0000000 0.1492063 0.0765655 0.0799192 0.0764867 0.0836552 0.0727995 0.0035477 0.1527757 0.0873220 0.0837651 0.0035486 0.1487536 0.0000010 0.0837651 0.0837512 0.0838664 0.0873220 0.0836063 0.0836568 0.0035477 0.0765655 0.0837512 0.0837512 0.0837651 
GQ273492_Megalocytivirus_pagrus1_TRBIV    0.1472774 0.1439190 0.1737628 0.1492063 0.0000000 0.1779155 0.1472774 0.1439190 0.1512036 0.1737628 0.1529626 0.0761943 0.1549681 0.1514226 0.1454463 0.0724442 0.1492063 0.1514226 0.1513869 0.1516128 0.1549681 0.1511010 0.1511980 0.1529626 0.1779155 0.1513869 0.1513869 0.1514226 
MK098187_Megalocytivirus_pagrus1_RSIV     0.1069152 0.1035006 0.0035546 0.0765655 0.1779155 0.0000000 0.1069152 0.1035006 0.1107403 0.0035546 0.0802308 0.1738677 0.1144628 0.1108922 0.0729025 0.1696927 0.0765655 0.1108922 0.1108707 0.1110288 0.1144628 0.1106713 0.1107401 0.0802308 0.0000010 0.1108707 0.1108707 0.1108922 
OR356116_Megalocytivirus_pagrus1_ISKNV    0.0000010 0.0107445 0.1030589 0.0799192 0.1472774 0.1069152 0.0000000 0.0107445 0.0035535 0.1030589 0.0835683 0.1559290 0.0071113 0.0035567 0.0762704 0.1519169 0.0799192 0.0035567 0.0035564 0.0035610 0.0071113 0.0035518 0.0035538 0.0835683 0.1069152 0.0035564 0.0035564 0.0035567 
MN432490_Megalocytivirus_pagrus1_ISKNV    0.0107445 0.0000010 0.0996394 0.0764867 0.1439190 0.1035006 0.0107445 0.0000000 0.0143445 0.0996394 0.0801449 0.1525730 0.0179409 0.0143618 0.0728289 0.1485545 0.0764867 0.0143618 0.0143603 0.0143787 0.0179409 0.0143373 0.0143455 0.0801449 0.1035006 0.0143603 0.0143603 0.0143618 
MW883602_Megalocytivirus_pagrus1_ISKNV    0.0035535 0.0143445 0.1068730 0.0836552 0.1512036 0.1107403 0.0035535 0.0143445 0.0000000 0.1068730 0.0873088 0.1598900 0.0106806 0.0071246 0.0800017 0.1558673 0.0836552 0.0071246 0.0071239 0.0071330 0.0106806 0.0071127 0.0071167 0.0873088 0.1107403 0.0071239 0.0071239 0.0071246 
ON740976_Megalocytivirus_pagrus1_RSIV     0.1030589 0.0996394 0.0000010 0.0727995 0.1737628 0.0035546 0.1030589 0.0996394 0.1068730 0.0000000 0.0764576 0.1696901 0.1105896 0.1070187 0.0691421 0.1655266 0.0727995 0.1070187 0.1069984 0.1071503 0.1105896 0.1068070 0.1068732 0.0764576 0.0035546 0.1069984 0.1069984 0.1070187 
MT798582_Megalocytivirus_pagrus1_RSIV     0.0835683 0.0801449 0.0764576 0.0035477 0.1529626 0.0802308 0.0835683 0.0801449 0.0873088 0.0764576 0.0000000 0.1565557 0.0909759 0.0874240 0.0071000 0.1525305 0.0035477 0.0874240 0.0874092 0.0875298 0.0909759 0.0872575 0.0873103 0.0000010 0.0802308 0.0874092 0.0874092 0.0874240 
MG570132_Megalocytivirus_pagrus1_TRBIV    0.1559290 0.1525730 0.1696901 0.1527757 0.0761943 0.1738677 0.1559290 0.1525730 0.1598900 0.1696901 0.1565557 0.0000000 0.1636745 0.1601250 0.1489922 0.0178310 0.1527757 0.1570428 0.1600856 0.1603266 0.1636745 0.1597792 0.1598828 0.1565557 0.1738677 0.1600856 0.1600856 0.1601250 
OQ513807_Megalocytivirus_pagrus1_ISKNV    0.0071113 0.0179409 0.1105896 0.0873220 0.1549681 0.1144628 0.0071113 0.0179409 0.0106806 0.1105896 0.0909759 0.1636745 0.0000000 0.0106933 0.0836680 0.1596492 0.0873220 0.0106933 0.0106923 0.0107059 0.0000010 0.0106753 0.0106814 0.0909759 0.1144628 0.0106923 0.0106923 0.0106933 
23043610005_Megalocytivirus_pagrus1_ISKNV 0.0035567 0.0143618 0.1070187 0.0837651 0.1514226 0.1108922 0.0035567 0.0143618 0.0071246 0.1070187 0.0874240 0.1601250 0.0106933 0.0000000 0.0801064 0.1560953 0.0837651 0.0071331 0.0071324 0.0071414 0.0106933 0.0071211 0.0071251 0.0874240 0.1108922 0.0071324 0.0071324 0.0000010 
MW883598_Megalocytivirus_pagrus1_RSIV     0.0762704 0.0728289 0.0691421 0.0035486 0.1454463 0.0729025 0.0762704 0.0728289 0.0800017 0.0691421 0.0071000 0.1489922 0.0836680 0.0801064 0.0000000 0.1449736 0.0035486 0.0801064 0.0800934 0.0802033 0.0836680 0.0799553 0.0800036 0.0071000 0.0729025 0.0800934 0.0800934 0.0801064 
MG570131_Megalocytivirus_pagrus1_TRBIV    0.1519169 0.1485545 0.1655266 0.1487536 0.0724442 0.1696927 0.1519169 0.1485545 0.1558673 0.1655266 0.1525305 0.0178310 0.1596492 0.1560953 0.1449736 0.0000000 0.1487536 0.1530029 0.1560575 0.1562924 0.1596492 0.1557601 0.1558609 0.1525305 0.1696927 0.1560575 0.1560575 0.1560953 
MK689686_Megalocytivirus_pagrus1_RSIV     0.0799192 0.0764867 0.0727995 0.0000010 0.1492063 0.0765655 0.0799192 0.0764867 0.0836552 0.0727995 0.0035477 0.1527757 0.0873220 0.0837651 0.0035486 0.1487536 0.0000000 0.0837651 0.0837512 0.0838664 0.0873220 0.0836063 0.0836568 0.0035477 0.0765655 0.0837512 0.0837512 0.0837651 
MK689685_Megalocytivirus_pagrus1_ISKNV    0.0035567 0.0143618 0.1070187 0.0837651 0.1514226 0.1108922 0.0035567 0.0143618 0.0071246 0.1070187 0.0874240 0.1570428 0.0106933 0.0071331 0.0801064 0.1530029 0.0837651 0.0000000 0.0071324 0.0071414 0.0106933 0.0071211 0.0071251 0.0874240 0.1108922 0.0071324 0.0071324 0.0071331 
MW883603_Megalocytivirus_pagrus1_ISKNV    0.0035564 0.0143603 0.1069984 0.0837512 0.1513869 0.1108707 0.0035564 0.0143603 0.0071239 0.1069984 0.0874092 0.1600856 0.0106923 0.0071324 0.0800934 0.1560575 0.0837512 0.0071324 0.0000000 0.0071407 0.0106923 0.0071204 0.0071245 0.0874092 0.1108707 0.0071317 0.0071317 0.0071324 
MW273353_Megalocytivirus_pagrus1_ISKNV    0.0035610 0.0143787 0.1071503 0.0838664 0.1516128 0.1110288 0.0035610 0.0143787 0.0071330 0.1071503 0.0875298 0.1603266 0.0107059 0.0071414 0.0802033 0.1562924 0.0838664 0.0071414 0.0071407 0.0000000 0.0107059 0.0071294 0.0071335 0.0875298 0.1110288 0.0071407 0.0071407 0.0071414 
OR670976_Megalocytivirus_pagrus1_ISKNV    0.0071113 0.0179409 0.1105896 0.0873220 0.1549681 0.1144628 0.0071113 0.0179409 0.0106806 0.1105896 0.0909759 0.1636745 0.0000010 0.0106933 0.0836680 0.1596492 0.0873220 0.0106933 0.0106923 0.0107059 0.0000000 0.0106753 0.0106814 0.0909759 0.1144628 0.0106923 0.0106923 0.0106933 
OR536350_Megalocytivirus_pagrus1_ISKNV    0.0035518 0.0143373 0.1068070 0.0836063 0.1511010 0.1106713 0.0035518 0.0143373 0.0071127 0.1068070 0.0872575 0.1597792 0.0106753 0.0071211 0.0799553 0.1557601 0.0836063 0.0071211 0.0071204 0.0071294 0.0106753 0.0000000 0.0071132 0.0872575 0.1106713 0.0071204 0.0071204 0.0071211 
MW883600_Megalocytivirus_pagrus1_ISKNV    0.0035538 0.0143455 0.1068732 0.0836568 0.1511980 0.1107401 0.0035538 0.0143455 0.0071167 0.1068732 0.0873103 0.1598828 0.0106814 0.0071251 0.0800036 0.1558609 0.0836568 0.0071251 0.0071245 0.0071335 0.0106814 0.0071132 0.0000000 0.0873103 0.1107401 0.0071245 0.0071245 0.0071251 
ON075463_Megalocytivirus_pagrus1_RSIV     0.0835683 0.0801449 0.0764576 0.0035477 0.1529626 0.0802308 0.0835683 0.0801449 0.0873088 0.0764576 0.0000010 0.1565557 0.0909759 0.0874240 0.0071000 0.1525305 0.0035477 0.0874240 0.0874092 0.0875298 0.0909759 0.0872575 0.0873103 0.0000000 0.0802308 0.0874092 0.0874092 0.0874240 
MK098186_Megalocytivirus_pagrus1_RSIV     0.1069152 0.1035006 0.0035546 0.0765655 0.1779155 0.0000010 0.1069152 0.1035006 0.1107403 0.0035546 0.0802308 0.1738677 0.1144628 0.1108922 0.0729025 0.1696927 0.0765655 0.1108922 0.1108707 0.1110288 0.1144628 0.1106713 0.1107401 0.0802308 0.0000000 0.1108707 0.1108707 0.1108922 
MW883596_Megalocytivirus_pagrus1_ISKNV    0.0035564 0.0143603 0.1069984 0.0837512 0.1513869 0.1108707 0.0035564 0.0143603 0.0071239 0.1069984 0.0874092 0.1600856 0.0106923 0.0071324 0.0800934 0.1560575 0.0837512 0.0071324 0.0071317 0.0071407 0.0106923 0.0071204 0.0071245 0.0874092 0.1108707 0.0000000 0.0000010 0.0071324 
MW883597_Megalocytivirus_pagrus1_ISKNV    0.0035564 0.0143603 0.1069984 0.0837512 0.1513869 0.1108707 0.0035564 0.0143603 0.0071239 0.1069984 0.0874092 0.1600856 0.0106923 0.0071324 0.0800934 0.1560575 0.0837512 0.0071324 0.0071317 0.0071407 0.0106923 0.0071204 0.0071245 0.0874092 0.1108707 0.0000010 0.0000000 0.0071324 
23043610003_Megalocytivirus_pagrus1_ISKNV 0.0035567 0.0143618 0.1070187 0.0837651 0.1514226 0.1108922 0.0035567 0.0143618 0.0071246 0.1070187 0.0874240 0.1601250 0.0106933 0.0000010 0.0801064 0.1560953 0.0837651 0.0071331 0.0071324 0.0071414 0.0106933 0.0071211 0.0071251 0.0874240 0.1108922 0.0071324 0.0071324 0.0000000 
