22
OL774654_Megalocytivirus_pagrus1_RSIV     0.0000000 0.2936599 0.2714501 0.2856890 0.0281771 0.2714501 0.2794282 0.0000010 0.2721592 0.2907899 0.0140073 0.0281771 0.2856890 0.1782907 0.2794282 0.2637722 0.2637722 0.0494644 0.2794423 0.2794423 0.3100787 0.3117698 
MN432490_Megalocytivirus_pagrus1_ISKNV    0.2936599 0.0000000 0.1196876 0.0069740 0.2929840 0.1196876 0.1273055 0.2936599 0.2499910 0.1362631 0.2759585 0.2929840 0.0069740 0.2050135 0.1273055 0.1272452 0.1272452 0.2528190 0.1273122 0.1273122 0.2536142 0.2550816 
MW883599_Megalocytivirus_pagrus1_ISKNV    0.2714501 0.1196876 0.0000000 0.1121093 0.2708433 0.0000010 0.0069751 0.2714501 0.2595448 0.0140852 0.2540245 0.2708433 0.1121093 0.0946798 0.0069751 0.0069735 0.0069735 0.2626015 0.0069756 0.0069756 0.2743926 0.2759565 
OP009387_Megalocytivirus_pagrus1_ISKNV    0.2856890 0.0069740 0.1121093 0.0000000 0.2850354 0.1121093 0.1197168 0.2856890 0.2421845 0.1285807 0.2680062 0.2850354 0.0000010 0.1970848 0.1197168 0.1196619 0.1196619 0.2447880 0.1197232 0.1197232 0.2456822 0.2471116 
ON075463_Megalocytivirus_pagrus1_RSIV     0.0281771 0.2929840 0.2708433 0.2850354 0.0000000 0.2708433 0.2787994 0.0281771 0.2478510 0.2901193 0.0139859 0.0000010 0.2850354 0.1620127 0.2787994 0.2631855 0.2631855 0.0639992 0.2788134 0.2788134 0.2851289 0.2867001 
MW273354_Megalocytivirus_pagrus1_ISKNV    0.2714501 0.1196876 0.0000010 0.1121093 0.2708433 0.0000000 0.0069751 0.2714501 0.2595448 0.0140852 0.2540245 0.2708433 0.1121093 0.0946798 0.0069751 0.0069735 0.0069735 0.2626015 0.0069756 0.0069756 0.2743926 0.2759565 
MW883596_Megalocytivirus_pagrus1_ISKNV    0.2794282 0.1273055 0.0069751 0.1197168 0.2787994 0.0069751 0.0000000 0.2794282 0.2672891 0.0211592 0.2619710 0.2787994 0.1197168 0.1020842 0.0000010 0.0139670 0.0139670 0.2705620 0.0139713 0.0139713 0.2823496 0.2839506 
BD143114_Megalocytivirus_pagrus1_RSIV     0.0000010 0.2936599 0.2714501 0.2856890 0.0281771 0.2714501 0.2794282 0.0000000 0.2721592 0.2907899 0.0140073 0.0281771 0.2856890 0.1782907 0.2794282 0.2637722 0.2637722 0.0494644 0.2794423 0.2794423 0.3100787 0.3117698 
GQ273492_Megalocytivirus_pagrus1_TRBIV    0.2721592 0.2499910 0.2595448 0.2421845 0.2478510 0.2595448 0.2672891 0.2721592 0.0000000 0.2781415 0.2554592 0.2478510 0.2421845 0.2904431 0.2672891 0.2520767 0.2520767 0.2175348 0.2673019 0.2673019 0.1547341 0.1623929 
MT926123_Megalocytivirus_pagrus1_ISKNV    0.2907899 0.1362631 0.0140852 0.1285807 0.2901193 0.0140852 0.0211592 0.2907899 0.2781415 0.0000000 0.2730310 0.2901193 0.1285807 0.1105285 0.0211592 0.0211538 0.0211538 0.2817670 0.0211607 0.0211607 0.2937287 0.2954072 
MW883598_Megalocytivirus_pagrus1_RSIV     0.0140073 0.2759585 0.2540245 0.2680062 0.0139859 0.2540245 0.2619710 0.0140073 0.2554592 0.2730310 0.0000000 0.0139859 0.2680062 0.1618782 0.2619710 0.2463519 0.2463519 0.0495024 0.2619837 0.2619837 0.2928874 0.2944939 
AP017456_Megalocytivirus_pagrus1_RSIV     0.0281771 0.2929840 0.2708433 0.2850354 0.0000010 0.2708433 0.2787994 0.0281771 0.2478510 0.2901193 0.0139859 0.0000000 0.2850354 0.1620127 0.2787994 0.2631855 0.2631855 0.0639992 0.2788134 0.2788134 0.2851289 0.2867001 
MT986830_Megalocytivirus_pagrus1_ISKNV    0.2856890 0.0069740 0.1121093 0.0000010 0.2850354 0.1121093 0.1197168 0.2856890 0.2421845 0.1285807 0.2680062 0.2850354 0.0000000 0.1970848 0.1197168 0.1196619 0.1196619 0.2447880 0.1197232 0.1197232 0.2456822 0.2471116 
KT781098_Megalocytivirus_pagrus1_ISKNV    0.1782907 0.2050135 0.0946798 0.1970848 0.1620127 0.0946798 0.1020842 0.1782907 0.2904431 0.1105285 0.1618782 0.1620127 0.1970848 0.0000000 0.1020842 0.0873621 0.0873621 0.1699846 0.1020899 0.1020899 0.2882452 0.2898617 
MW883597_Megalocytivirus_pagrus1_ISKNV    0.2794282 0.1273055 0.0069751 0.1197168 0.2787994 0.0069751 0.0000010 0.2794282 0.2672891 0.0211592 0.2619710 0.2787994 0.1197168 0.1020842 0.0000000 0.0139670 0.0139670 0.2705620 0.0139713 0.0139713 0.2823496 0.2839506 
OQ513807_Megalocytivirus_pagrus1_ISKNV    0.2637722 0.1272452 0.0069735 0.1196619 0.2631855 0.0069735 0.0139670 0.2637722 0.2520767 0.0211538 0.2463519 0.2631855 0.1196619 0.0873621 0.0139670 0.0000000 0.0000010 0.2549278 0.0139680 0.0139680 0.2667418 0.2682720 
OR670976_Megalocytivirus_pagrus1_ISKNV    0.2637722 0.1272452 0.0069735 0.1196619 0.2631855 0.0069735 0.0139670 0.2637722 0.2520767 0.0211538 0.2463519 0.2631855 0.1196619 0.0873621 0.0139670 0.0000010 0.0000000 0.2549278 0.0139680 0.0139680 0.2667418 0.2682720 
OQ475017_Megalocytivirus_pagrus1_RSIV     0.0494644 0.2528190 0.2626015 0.2447880 0.0639992 0.2626015 0.2705620 0.0494644 0.2175348 0.2817670 0.0495024 0.0639992 0.2447880 0.1699846 0.2705620 0.2549278 0.2549278 0.0000000 0.2705753 0.2705753 0.2706418 0.2721575 
23043610003_Megalocytivirus_pagrus1_ISKNV 0.2794423 0.1273122 0.0069756 0.1197232 0.2788134 0.0069756 0.0139713 0.2794423 0.2673019 0.0211607 0.2619837 0.2788134 0.1197232 0.1020899 0.0139713 0.0139680 0.0139680 0.2705753 0.0000000 0.0000010 0.2823639 0.2839650 
MW883594_Megalocytivirus_pagrus1_ISKNV    0.2794423 0.1273122 0.0069756 0.1197232 0.2788134 0.0069756 0.0139713 0.2794423 0.2673019 0.0211607 0.2619837 0.2788134 0.1197232 0.1020899 0.0139713 0.0139680 0.0139680 0.2705753 0.0000010 0.0000000 0.2823639 0.2839650 
MG570131_Megalocytivirus_pagrus1_TRBIV    0.3100787 0.2536142 0.2743926 0.2456822 0.2851289 0.2743926 0.2823496 0.3100787 0.1547341 0.2937287 0.2928874 0.2851289 0.2456822 0.2882452 0.2823496 0.2667418 0.2667418 0.2706418 0.2823639 0.2823639 0.0000000 0.0069963 
MG570132_Megalocytivirus_pagrus1_TRBIV    0.3117698 0.2550816 0.2759565 0.2471116 0.2867001 0.2759565 0.2839506 0.3117698 0.1623929 0.2954072 0.2944939 0.2867001 0.2471116 0.2898617 0.2839506 0.2682720 0.2682720 0.2721575 0.2839650 0.2839650 0.0069963 0.0000000 
