20
AF371960_Megalocytivirus_pagrus1_ISKNV 0.0000000 0.1582089 0.0000010 0.1582089 0.0183440 0.1500952 0.0073204 0.1627260 0.1488326 0.0036466 0.1448678 0.0183440 0.1626786 0.0557004 0.0036488 0.0146638 0.1627260 0.0146638 0.0073204 0.1488326 
OL774655_Megalocytivirus_pagrus1_RSIV  0.1582089 0.0000000 0.1582089 0.0000010 0.1657086 0.0145510 0.1666545 0.0405394 0.1559122 0.1621774 0.1480231 0.1657086 0.0036286 0.0983671 0.1622964 0.1617750 0.0405394 0.1617750 0.1666545 0.1559122 
OR536350_Megalocytivirus_pagrus1_ISKNV 0.0000010 0.1582089 0.0000000 0.1582089 0.0183440 0.1500952 0.0073204 0.1627260 0.1488326 0.0036466 0.1448678 0.0183440 0.1626786 0.0557004 0.0036488 0.0146638 0.1627260 0.0146638 0.0073204 0.1488326 
AP017456_Megalocytivirus_pagrus1_RSIV  0.1582089 0.0000010 0.1582089 0.0000000 0.1657086 0.0145510 0.1666545 0.0405394 0.1559122 0.1621774 0.1480231 0.1657086 0.0036286 0.0983671 0.1622964 0.1617750 0.0405394 0.1617750 0.1666545 0.1559122 
MT986830_Megalocytivirus_pagrus1_ISKNV 0.0183440 0.1657086 0.0183440 0.1657086 0.0000000 0.1575924 0.0257975 0.1702462 0.1482084 0.0220322 0.1442620 0.0000010 0.1701978 0.0747589 0.0220458 0.0036434 0.1702462 0.0036434 0.0257975 0.1482084 
OQ475017_Megalocytivirus_pagrus1_RSIV  0.1500952 0.0145510 0.1500952 0.0145510 0.1575924 0.0000000 0.1584852 0.0256724 0.1479286 0.1540491 0.1400684 0.1575924 0.0182519 0.1061960 0.1541611 0.1536708 0.0256724 0.1536708 0.1584852 0.1479286 
OR670976_Megalocytivirus_pagrus1_ISKNV 0.0073204 0.1666545 0.0073204 0.1666545 0.0257975 0.1584852 0.0000000 0.1625904 0.1571385 0.0109905 0.1531528 0.0257975 0.1711762 0.0634111 0.0109972 0.0220953 0.1625904 0.0220953 0.0000010 0.1571385 
MK098185_Megalocytivirus_pagrus1_RSIV  0.1627260 0.0405394 0.1627260 0.0405394 0.1702462 0.0256724 0.1625904 0.0000000 0.1603485 0.1667125 0.1524224 0.1702462 0.0443828 0.1183722 0.1668358 0.1662952 0.0000010 0.1662952 0.1625904 0.1603485 
MG570132_Megalocytivirus_pagrus1_TRBIV 0.1488326 0.1559122 0.1488326 0.1559122 0.1482084 0.1479286 0.1571385 0.1603485 0.0000000 0.1527485 0.0666585 0.1482084 0.1603022 0.1444877 0.1528584 0.1443362 0.1603485 0.1443362 0.1571385 0.0000010 
MT926123_Megalocytivirus_pagrus1_ISKNV 0.0036466 0.1621774 0.0036466 0.1621774 0.0220322 0.1540491 0.0109905 0.1667125 0.1527485 0.0000000 0.1487799 0.0220322 0.1666644 0.0594632 0.0073050 0.0183460 0.1667125 0.0183460 0.0109905 0.1527485 
GQ273492_Megalocytivirus_pagrus1_TRBIV 0.1448678 0.1480231 0.1448678 0.1480231 0.1442620 0.1400684 0.1531528 0.1524224 0.0666585 0.1487799 0.0000000 0.1442620 0.1523773 0.1405390 0.1488866 0.1403929 0.1524224 0.1403929 0.1531528 0.0666585 
PP974677_Megalocytivirus_pagrus1_ISKNV 0.0183440 0.1657086 0.0183440 0.1657086 0.0000010 0.1575924 0.0257975 0.1702462 0.1482084 0.0220322 0.1442620 0.0000000 0.1701978 0.0747589 0.0220458 0.0036434 0.1702462 0.0036434 0.0257975 0.1482084 
AY894343_Megalocytivirus_pagrus1_RSIV  0.1626786 0.0036286 0.1626786 0.0036286 0.1701978 0.0182519 0.1711762 0.0443828 0.1603022 0.1666644 0.1523773 0.1701978 0.0000000 0.1025256 0.1667877 0.1662474 0.0443828 0.1662474 0.1711762 0.1603022 
KT781098_Megalocytivirus_pagrus1_ISKNV 0.0557004 0.0983671 0.0557004 0.0983671 0.0747589 0.1061960 0.0634111 0.1183722 0.1444877 0.0594632 0.1405390 0.0747589 0.1025256 0.0000000 0.0595017 0.0709721 0.1183722 0.0709721 0.0634111 0.1444877 
MW883603_Megalocytivirus_pagrus1_ISKNV 0.0036488 0.1622964 0.0036488 0.1622964 0.0220458 0.1541611 0.0109972 0.1668358 0.1528584 0.0073050 0.1488866 0.0220458 0.1667877 0.0595017 0.0000000 0.0183573 0.1668358 0.0183573 0.0109972 0.1528584 
MN432490_Megalocytivirus_pagrus1_ISKNV 0.0146638 0.1617750 0.0146638 0.1617750 0.0036434 0.1536708 0.0220953 0.1662952 0.1443362 0.0183460 0.1403929 0.0036434 0.1662474 0.0709721 0.0183573 0.0000000 0.1662952 0.0000010 0.0220953 0.1443362 
AB104413_Megalocytivirus_pagrus1_RSIV  0.1627260 0.0405394 0.1627260 0.0405394 0.1702462 0.0256724 0.1625904 0.0000010 0.1603485 0.1667125 0.1524224 0.1702462 0.0443828 0.1183722 0.1668358 0.1662952 0.0000000 0.1662952 0.1625904 0.1603485 
MW883595_Megalocytivirus_pagrus1_ISKNV 0.0146638 0.1617750 0.0146638 0.1617750 0.0036434 0.1536708 0.0220953 0.1662952 0.1443362 0.0183460 0.1403929 0.0036434 0.1662474 0.0709721 0.0183573 0.0000010 0.1662952 0.0000000 0.0220953 0.1443362 
OQ513807_Megalocytivirus_pagrus1_ISKNV 0.0073204 0.1666545 0.0073204 0.1666545 0.0257975 0.1584852 0.0000010 0.1625904 0.1571385 0.0109905 0.1531528 0.0257975 0.1711762 0.0634111 0.0109972 0.0220953 0.1625904 0.0220953 0.0000000 0.1571385 
MG570131_Megalocytivirus_pagrus1_TRBIV 0.1488326 0.1559122 0.1488326 0.1559122 0.1482084 0.1479286 0.1571385 0.1603485 0.0000010 0.1527485 0.0666585 0.1482084 0.1603022 0.1444877 0.1528584 0.1443362 0.1603485 0.1443362 0.1571385 0.0000000 
