15
NC_003494_Megalocytivirus_pagrus1_ISKNV 0.0000000 0.0198641 0.0198604 0.0298521 0.0198641 0.0032910 0.0000010 0.0198604 0.0265227 0.0032902 0.0032910 0.0032902 0.0032976 0.0032908 0.0231788 
BD143114_Megalocytivirus_pagrus1_RSIV   0.0198641 0.0000000 0.0065882 0.0165340 0.0000010 0.0165255 0.0198641 0.0065882 0.0132210 0.0232005 0.0165255 0.0232005 0.0232532 0.0232044 0.0165378 
OK042109_Megalocytivirus_pagrus1_RSIV   0.0198604 0.0065882 0.0000000 0.0231870 0.0065882 0.0165224 0.0198604 0.0000010 0.0198657 0.0231961 0.0165224 0.0231961 0.0232488 0.0232001 0.0165347 
GQ273492_Megalocytivirus_pagrus1_TRBIV  0.0298521 0.0165340 0.0231870 0.0000000 0.0165340 0.0264908 0.0298521 0.0231870 0.0032917 0.0332063 0.0264908 0.0332063 0.0332815 0.0332119 0.0065880 
MK098186_Megalocytivirus_pagrus1_RSIV   0.0198641 0.0000010 0.0065882 0.0165340 0.0000000 0.0165255 0.0198641 0.0065882 0.0132210 0.0232005 0.0165255 0.0232005 0.0232532 0.0232044 0.0165378 
OP009387_Megalocytivirus_pagrus1_ISKNV  0.0032910 0.0165255 0.0165224 0.0264908 0.0165255 0.0000000 0.0032910 0.0165224 0.0231676 0.0065893 0.0000010 0.0065893 0.0066041 0.0065904 0.0198350 
OR670976_Megalocytivirus_pagrus1_ISKNV  0.0000010 0.0198641 0.0198604 0.0298521 0.0198641 0.0032910 0.0000000 0.0198604 0.0265227 0.0032902 0.0032910 0.0032902 0.0032976 0.0032908 0.0231788 
MW883598_Megalocytivirus_pagrus1_RSIV   0.0198604 0.0065882 0.0000010 0.0231870 0.0065882 0.0165224 0.0198604 0.0000000 0.0198657 0.0231961 0.0165224 0.0231961 0.0232488 0.0232001 0.0165347 
MG570132_Megalocytivirus_pagrus1_TRBIV  0.0265227 0.0132210 0.0198657 0.0032917 0.0132210 0.0231676 0.0265227 0.0198657 0.0000000 0.0298720 0.0231676 0.0298720 0.0299396 0.0298771 0.0032924 
MW883600_Megalocytivirus_pagrus1_ISKNV  0.0032902 0.0232005 0.0231961 0.0332063 0.0232005 0.0065893 0.0032902 0.0231961 0.0298720 0.0000000 0.0065893 0.0000010 0.0066026 0.0065889 0.0265209 
PP151097_Megalocytivirus_pagrus1_ISKNV  0.0032910 0.0165255 0.0165224 0.0264908 0.0165255 0.0000010 0.0032910 0.0165224 0.0231676 0.0065893 0.0000000 0.0065893 0.0066041 0.0065904 0.0198350 
OR536350_Megalocytivirus_pagrus1_ISKNV  0.0032902 0.0232005 0.0231961 0.0332063 0.0232005 0.0065893 0.0032902 0.0231961 0.0298720 0.0000010 0.0065893 0.0000000 0.0066026 0.0065889 0.0265209 
MW883601_Megalocytivirus_pagrus1_ISKNV  0.0032976 0.0232532 0.0232488 0.0332815 0.0232532 0.0066041 0.0032976 0.0232488 0.0299396 0.0066026 0.0066041 0.0066026 0.0000000 0.0066037 0.0265809 
MW883599_Megalocytivirus_pagrus1_ISKNV  0.0032908 0.0232044 0.0232001 0.0332119 0.0232044 0.0065904 0.0032908 0.0232001 0.0298771 0.0065889 0.0065904 0.0065889 0.0066037 0.0000000 0.0265254 
MG570131_Megalocytivirus_pagrus1_TRBIV  0.0231788 0.0165378 0.0165347 0.0065880 0.0165378 0.0198350 0.0231788 0.0165347 0.0032924 0.0265209 0.0198350 0.0265209 0.0265809 0.0265254 0.0000000 
