28
MW883597_Megalocytivirus_pagrus1_ISKNV    0.0000000 0.4510693 0.0263519 0.3449502 0.3396214 0.0000010 0.4510693 0.0263519 0.3449502 0.3322905 0.2606528 0.0052272 0.2639914 0.3322905 0.0000010 0.3396214 0.2606528 0.0104748 0.0052354 0.0104753 0.0052272 0.4272616 0.2671242 0.2705376 0.2703545 0.2639914 0.0052272 0.0052272 
MG570131_Megalocytivirus_pagrus1_TRBIV    0.4510693 0.0000000 0.4870417 0.3758849 0.3703456 0.4510693 0.0000010 0.4870417 0.3758849 0.3624951 0.3330431 0.4576924 0.3337121 0.3624951 0.4525621 0.3703456 0.3330431 0.4647251 0.4587129 0.4660122 0.4576924 0.1629909 0.3401714 0.3410956 0.3407943 0.3337121 0.4576924 0.4576924 
MN432490_Megalocytivirus_pagrus1_ISKNV    0.0263519 0.4870417 0.0000000 0.3641189 0.3588437 0.0263519 0.4870417 0.0000010 0.3641189 0.3514490 0.2791956 0.0316477 0.2824170 0.3514490 0.0264205 0.3588437 0.2791956 0.0369864 0.0316971 0.0369883 0.0316477 0.4493180 0.2857142 0.2890351 0.2888291 0.2824170 0.0316477 0.0316477 
MK098187_Megalocytivirus_pagrus1_RSIV     0.3449502 0.3758849 0.3641189 0.0000000 0.0157185 0.3449502 0.3758849 0.3641189 0.0000010 0.0104388 0.1672206 0.3510838 0.1550377 0.0104388 0.3459944 0.0157185 0.1672206 0.3447184 0.3517812 0.3575885 0.3510838 0.3733202 0.1739642 0.1612739 0.1611952 0.1550377 0.3510838 0.3510838 
BD143114_Megalocytivirus_pagrus1_RSIV     0.3396214 0.3703456 0.3588437 0.0157185 0.0000000 0.3396214 0.3703456 0.3588437 0.0157185 0.0052251 0.1616370 0.3457761 0.1494405 0.0052251 0.3406527 0.0000010 0.1616370 0.3393919 0.3464640 0.3522975 0.3457761 0.3678066 0.1683637 0.1556753 0.1556006 0.1494405 0.3457761 0.3457761 
OP009387_Megalocytivirus_pagrus1_ISKNV    0.0000010 0.4510693 0.0263519 0.3449502 0.3396214 0.0000000 0.4510693 0.0263519 0.3449502 0.3322905 0.2606528 0.0052272 0.2639914 0.3322905 0.0000010 0.3396214 0.2606528 0.0104748 0.0052354 0.0104753 0.0052272 0.4272616 0.2671242 0.2705376 0.2703545 0.2639914 0.0052272 0.0052272 
MG570132_Megalocytivirus_pagrus1_TRBIV    0.4510693 0.0000010 0.4870417 0.3758849 0.3703456 0.4510693 0.0000000 0.4870417 0.3758849 0.3624951 0.3330431 0.4576924 0.3337121 0.3624951 0.4525621 0.3703456 0.3330431 0.4647251 0.4587129 0.4660122 0.4576924 0.1629909 0.3401714 0.3410956 0.3407943 0.3337121 0.4576924 0.4576924 
MW883595_Megalocytivirus_pagrus1_ISKNV    0.0263519 0.4870417 0.0000010 0.3641189 0.3588437 0.0263519 0.4870417 0.0000000 0.3641189 0.3514490 0.2791956 0.0316477 0.2824170 0.3514490 0.0264205 0.3588437 0.2791956 0.0369864 0.0316971 0.0369883 0.0316477 0.4493180 0.2857142 0.2890351 0.2888291 0.2824170 0.0316477 0.0316477 
MK098186_Megalocytivirus_pagrus1_RSIV     0.3449502 0.3758849 0.3641189 0.0000010 0.0157185 0.3449502 0.3758849 0.3641189 0.0000000 0.0104388 0.1672206 0.3510838 0.1550377 0.0104388 0.3459944 0.0157185 0.1672206 0.3447184 0.3517812 0.3575885 0.3510838 0.3733202 0.1739642 0.1612739 0.1611952 0.1550377 0.3510838 0.3510838 
ON743042_Megalocytivirus_pagrus1_RSIV     0.3322905 0.3624951 0.3514490 0.0104388 0.0052251 0.3322905 0.3624951 0.3514490 0.0104388 0.0000000 0.1551373 0.3384286 0.1429991 0.0000010 0.3332964 0.0052251 0.1551373 0.3320659 0.3390987 0.3449275 0.3384286 0.3600112 0.1618048 0.1491953 0.1491255 0.1429991 0.3384286 0.3384286 
AY894343_Megalocytivirus_pagrus1_RSIV     0.2606528 0.3330431 0.2791956 0.1672206 0.1616370 0.2606528 0.3330431 0.2791956 0.1672206 0.1551373 0.0000000 0.2666398 0.0104819 0.1551373 0.2614197 0.1616370 0.0000010 0.2604758 0.2671429 0.2729111 0.2666398 0.3327275 0.0052302 0.0157538 0.0157500 0.0104819 0.2666398 0.2666398 
23043610005_Megalocytivirus_pagrus1_ISKNV 0.0052272 0.4576924 0.0316477 0.3510838 0.3457761 0.0052272 0.4576924 0.0316477 0.3510838 0.3384286 0.2666398 0.0000000 0.2699381 0.3384286 0.0052411 0.3457761 0.2666398 0.0052263 0.0104810 0.0052266 0.0104649 0.4321584 0.2731223 0.2765031 0.2763129 0.2699381 0.0000010 0.0104649 
MT798582_Megalocytivirus_pagrus1_RSIV     0.2639914 0.3337121 0.2824170 0.1550377 0.1494405 0.2639914 0.3337121 0.2824170 0.1550377 0.1429991 0.0104819 0.2699381 0.0000000 0.1429991 0.2647629 0.1494405 0.0104819 0.2638136 0.2704445 0.2761707 0.2699381 0.3333839 0.0157579 0.0052344 0.0052331 0.0000010 0.2699381 0.2699381 
ON740976_Megalocytivirus_pagrus1_RSIV     0.3322905 0.3624951 0.3514490 0.0104388 0.0052251 0.3322905 0.3624951 0.3514490 0.0104388 0.0000010 0.1551373 0.3384286 0.1429991 0.0000000 0.3332964 0.0052251 0.1551373 0.3320659 0.3390987 0.3449275 0.3384286 0.3600112 0.1618048 0.1491953 0.1491255 0.1429991 0.3384286 0.3384286 
KT781098_Megalocytivirus_pagrus1_ISKNV    0.0000010 0.4525621 0.0264205 0.3459944 0.3406527 0.0000010 0.4525621 0.0264205 0.3459944 0.3332964 0.2614197 0.0052411 0.2647629 0.3332964 0.0000000 0.3406527 0.2614197 0.0105021 0.0052493 0.0105026 0.0052411 0.4286393 0.2679117 0.2713309 0.2711463 0.2647629 0.0052411 0.0052411 
AB104413_Megalocytivirus_pagrus1_RSIV     0.3396214 0.3703456 0.3588437 0.0157185 0.0000010 0.3396214 0.3703456 0.3588437 0.0157185 0.0052251 0.1616370 0.3457761 0.1494405 0.0052251 0.3406527 0.0000000 0.1616370 0.3393919 0.3464640 0.3522975 0.3457761 0.3678066 0.1683637 0.1556753 0.1556006 0.1494405 0.3457761 0.3457761 
KT804738_Megalocytivirus_pagrus1_RSIV     0.2606528 0.3330431 0.2791956 0.1672206 0.1616370 0.2606528 0.3330431 0.2791956 0.1672206 0.1551373 0.0000010 0.2666398 0.0104819 0.1551373 0.2614197 0.1616370 0.0000000 0.2604758 0.2671429 0.2729111 0.2666398 0.3327275 0.0052302 0.0157538 0.0157500 0.0104819 0.2666398 0.2666398 
MW883594_Megalocytivirus_pagrus1_ISKNV    0.0104748 0.4647251 0.0369864 0.3447184 0.3393919 0.0104748 0.4647251 0.0369864 0.3447184 0.3320659 0.2604758 0.0052263 0.2638136 0.3320659 0.0105021 0.3393919 0.2604758 0.0000000 0.0157493 0.0104735 0.0157251 0.4390875 0.2669430 0.2703553 0.2701725 0.2638136 0.0052263 0.0157251 
MK689685_Megalocytivirus_pagrus1_ISKNV    0.0052354 0.4587129 0.0316971 0.3517812 0.3464640 0.0052354 0.4587129 0.0316971 0.3517812 0.3390987 0.2671429 0.0104810 0.2704445 0.3390987 0.0052493 0.3464640 0.2671429 0.0157493 0.0000000 0.0157501 0.0104810 0.4346739 0.2736396 0.2770245 0.2768333 0.2704445 0.0104810 0.0104810 
MW883599_Megalocytivirus_pagrus1_ISKNV    0.0104753 0.4660122 0.0369883 0.3575885 0.3522975 0.0104753 0.4660122 0.0369883 0.3575885 0.3449275 0.2729111 0.0052266 0.2761707 0.3449275 0.0105026 0.3522975 0.2729111 0.0104735 0.0157501 0.0000000 0.0157258 0.4400710 0.2794113 0.2827618 0.2825638 0.2761707 0.0052266 0.0157258 
PP974677_Megalocytivirus_pagrus1_ISKNV    0.0052272 0.4576924 0.0316477 0.3510838 0.3457761 0.0052272 0.4576924 0.0316477 0.3510838 0.3384286 0.2666398 0.0104649 0.2699381 0.3384286 0.0052411 0.3457761 0.2666398 0.0157251 0.0104810 0.0157258 0.0000000 0.4337370 0.2731223 0.2765031 0.2763129 0.2699381 0.0104649 0.0000010 
GQ273492_Megalocytivirus_pagrus1_TRBIV    0.4272616 0.1629909 0.4493180 0.3733202 0.3678066 0.4272616 0.1629909 0.4493180 0.3733202 0.3600112 0.3327275 0.4321584 0.3333839 0.3600112 0.4286393 0.3678066 0.3327275 0.4390875 0.4346739 0.4400710 0.4337370 0.0000000 0.3397287 0.3406347 0.3403395 0.3333839 0.4321584 0.4337370 
AP017456_Megalocytivirus_pagrus1_RSIV     0.2671242 0.3401714 0.2857142 0.1739642 0.1683637 0.2671242 0.3401714 0.2857142 0.1739642 0.1618048 0.0052302 0.2731223 0.0157579 0.1618048 0.2679117 0.1683637 0.0052302 0.2669430 0.2736396 0.2794113 0.2731223 0.3397287 0.0000000 0.0210522 0.0210469 0.0157579 0.2731223 0.2731223 
KC244182_Megalocytivirus_pagrus1_RSIV     0.2705376 0.3410956 0.2890351 0.1612739 0.1556753 0.2705376 0.3410956 0.2890351 0.1612739 0.1491953 0.0157538 0.2765031 0.0052344 0.1491953 0.2713309 0.1556753 0.0157538 0.2703553 0.2770245 0.2827618 0.2765031 0.3406347 0.0210522 0.0000000 0.0104883 0.0052344 0.2765031 0.2765031 
OK042109_Megalocytivirus_pagrus1_RSIV     0.2703545 0.3407943 0.2888291 0.1611952 0.1556006 0.2703545 0.3407943 0.2888291 0.1611952 0.1491255 0.0157500 0.2763129 0.0052331 0.1491255 0.2711463 0.1556006 0.0157500 0.2701725 0.2768333 0.2825638 0.2763129 0.3403395 0.0210469 0.0104883 0.0000000 0.0052331 0.2763129 0.2763129 
ON075463_Megalocytivirus_pagrus1_RSIV     0.2639914 0.3337121 0.2824170 0.1550377 0.1494405 0.2639914 0.3337121 0.2824170 0.1550377 0.1429991 0.0104819 0.2699381 0.0000010 0.1429991 0.2647629 0.1494405 0.0104819 0.2638136 0.2704445 0.2761707 0.2699381 0.3333839 0.0157579 0.0052344 0.0052331 0.0000000 0.2699381 0.2699381 
23043610003_Megalocytivirus_pagrus1_ISKNV 0.0052272 0.4576924 0.0316477 0.3510838 0.3457761 0.0052272 0.4576924 0.0316477 0.3510838 0.3384286 0.2666398 0.0000010 0.2699381 0.3384286 0.0052411 0.3457761 0.2666398 0.0052263 0.0104810 0.0052266 0.0104649 0.4321584 0.2731223 0.2765031 0.2763129 0.2699381 0.0000000 0.0104649 
MT986830_Megalocytivirus_pagrus1_ISKNV    0.0052272 0.4576924 0.0316477 0.3510838 0.3457761 0.0052272 0.4576924 0.0316477 0.3510838 0.3384286 0.2666398 0.0104649 0.2699381 0.3384286 0.0052411 0.3457761 0.2666398 0.0157251 0.0104810 0.0157258 0.0000010 0.4337370 0.2731223 0.2765031 0.2763129 0.2699381 0.0104649 0.0000000 
