19
OL774653_Megalocytivirus_pagrus1_RSIV   0.0000000 0.1944200 0.1802449 0.1944200 0.0576925 0.1802449 0.0789693 0.1708518 0.0832231 0.0000010 0.1056010 0.0832231 0.0576925 0.1708518 0.1337963 0.0243970 0.0790205 0.1847641 0.0878370 
MG570131_Megalocytivirus_pagrus1_TRBIV  0.1944200 0.0000000 0.2323135 0.0000010 0.2285624 0.2323135 0.2332209 0.2143402 0.2377976 0.1944200 0.2635692 0.2377976 0.2285624 0.2143402 0.1662192 0.1981486 0.2334116 0.2329521 0.2435025 
NC_003494_Megalocytivirus_pagrus1_ISKNV 0.1802449 0.2323135 0.0000000 0.2323135 0.1520750 0.0000010 0.1654380 0.0326021 0.1699461 0.1802449 0.1945684 0.1699461 0.1520750 0.0326021 0.2140289 0.1806619 0.1655626 0.0040454 0.1752306 
MG570132_Megalocytivirus_pagrus1_TRBIV  0.1944200 0.0000010 0.2323135 0.0000000 0.2285624 0.2323135 0.2332209 0.2143402 0.2377976 0.1944200 0.2635692 0.2377976 0.2285624 0.2143402 0.1662192 0.1981486 0.2334116 0.2329521 0.2435025 
BD143114_Megalocytivirus_pagrus1_RSIV   0.0576925 0.2285624 0.1520750 0.2285624 0.0000000 0.1520750 0.0369270 0.1514511 0.0410816 0.0576925 0.0625574 0.0410816 0.0000010 0.1514511 0.1974711 0.0661563 0.0369493 0.1566201 0.0454209 
MW883603_Megalocytivirus_pagrus1_ISKNV  0.1802449 0.2323135 0.0000010 0.2323135 0.1520750 0.0000000 0.1654380 0.0326021 0.1699461 0.1802449 0.1945684 0.1699461 0.1520750 0.0326021 0.2140289 0.1806619 0.1655626 0.0040454 0.1752306 
MW883598_Megalocytivirus_pagrus1_RSIV   0.0789693 0.2332209 0.1654380 0.2332209 0.0369270 0.1654380 0.0000000 0.1559879 0.0040515 0.0789693 0.0246769 0.0040515 0.0369270 0.1559879 0.1960769 0.0875726 0.0081078 0.1700017 0.0081437 
MT986830_Megalocytivirus_pagrus1_ISKNV  0.1708518 0.2143402 0.0326021 0.2143402 0.1514511 0.0326021 0.1559879 0.0000000 0.1604700 0.1708518 0.1848403 0.1604700 0.1514511 0.0000010 0.1961545 0.1712432 0.1561036 0.0367320 0.1656786 
KT804738_Megalocytivirus_pagrus1_RSIV   0.0832231 0.2377976 0.1699461 0.2377976 0.0410816 0.1699461 0.0040515 0.1604700 0.0000000 0.0832231 0.0205391 0.0000010 0.0410816 0.1604700 0.2006133 0.0918488 0.0040490 0.1745184 0.0040669 
OL774655_Megalocytivirus_pagrus1_RSIV   0.0000010 0.1944200 0.1802449 0.1944200 0.0576925 0.1802449 0.0789693 0.1708518 0.0832231 0.0000000 0.1056010 0.0832231 0.0576925 0.1708518 0.1337963 0.0243970 0.0790205 0.1847641 0.0878370 
KC244182_Megalocytivirus_pagrus1_RSIV   0.1056010 0.2635692 0.1945684 0.2635692 0.0625574 0.1945684 0.0246769 0.1848403 0.0205391 0.1056010 0.0000000 0.0205391 0.0625574 0.1848403 0.2257304 0.1144293 0.0246616 0.1992322 0.0247733 
MK689686_Megalocytivirus_pagrus1_RSIV   0.0832231 0.2377976 0.1699461 0.2377976 0.0410816 0.1699461 0.0040515 0.1604700 0.0000010 0.0832231 0.0205391 0.0000000 0.0410816 0.1604700 0.2006133 0.0918488 0.0040490 0.1745184 0.0040669 
MK098185_Megalocytivirus_pagrus1_RSIV   0.0576925 0.2285624 0.1520750 0.2285624 0.0000010 0.1520750 0.0369270 0.1514511 0.0410816 0.0576925 0.0625574 0.0410816 0.0000000 0.1514511 0.1974711 0.0661563 0.0369493 0.1566201 0.0454209 
MW883595_Megalocytivirus_pagrus1_ISKNV  0.1708518 0.2143402 0.0326021 0.2143402 0.1514511 0.0326021 0.1559879 0.0000010 0.1604700 0.1708518 0.1848403 0.1604700 0.1514511 0.0000000 0.1961545 0.1712432 0.1561036 0.0367320 0.1656786 
GQ273492_Megalocytivirus_pagrus1_TRBIV  0.1337963 0.1662192 0.2140289 0.1662192 0.1974711 0.2140289 0.1960769 0.1961545 0.2006133 0.1337963 0.2257304 0.2006133 0.1974711 0.1961545 0.0000000 0.1335014 0.1962302 0.2185569 0.2060797 
OQ475017_Megalocytivirus_pagrus1_RSIV   0.0243970 0.1981486 0.1806619 0.1981486 0.0661563 0.1806619 0.0875726 0.1712432 0.0918488 0.0243970 0.1144293 0.0918488 0.0661563 0.1712432 0.1335014 0.0000000 0.0876302 0.1851931 0.0965232 
OK042108_Megalocytivirus_pagrus1_RSIV   0.0790205 0.2334116 0.1655626 0.2334116 0.0369493 0.1655626 0.0081078 0.1561036 0.0040490 0.0790205 0.0246616 0.0040490 0.0369493 0.1561036 0.1962302 0.0876302 0.0000000 0.1701306 0.0081388 
ON212400_Megalocytivirus_pagrus1_ISKNV  0.1847641 0.2329521 0.0040454 0.2329521 0.1566201 0.0040454 0.1700017 0.0367320 0.1745184 0.1847641 0.1992322 0.1745184 0.1566201 0.0367320 0.2185569 0.1851931 0.1701306 0.0000000 0.1798341 
ON740976_Megalocytivirus_pagrus1_RSIV   0.0878370 0.2435025 0.1752306 0.2435025 0.0454209 0.1752306 0.0081437 0.1656786 0.0040669 0.0878370 0.0247733 0.0040669 0.0454209 0.1656786 0.2060797 0.0965232 0.0081388 0.1798341 0.0000000 
