25
MW273354_Megalocytivirus_pagrus1_ISKNV 0.0000000 0.0506485 0.2151543 0.0055428 0.1823257 0.2208843 0.0055428 0.0506485 0.2151543 0.0563585 0.0111236 0.2212685 0.2212685 0.2220330 0.2088364 0.2323268 0.2088364 0.2020872 0.0167681 0.2020872 0.2220330 0.0111342 0.0111342 0.2134638 0.2089606 
MT986830_Megalocytivirus_pagrus1_ISKNV 0.0506485 0.0000000 0.1892148 0.0448154 0.1582059 0.2204322 0.0448154 0.0000010 0.1892148 0.0055266 0.0505793 0.1952647 0.1952647 0.1959097 0.1711582 0.2318406 0.1711582 0.1646177 0.0564807 0.1646177 0.1959097 0.0506321 0.0506321 0.2075716 0.1712527 
ON743042_Megalocytivirus_pagrus1_RSIV  0.2151543 0.1892148 0.0000000 0.2081939 0.0505194 0.1631878 0.2081939 0.1892148 0.0000010 0.1953120 0.2148014 0.0165963 0.0165963 0.0055294 0.0504397 0.1819189 0.0504397 0.0446679 0.2219473 0.0446679 0.0055294 0.2151224 0.2151224 0.1389206 0.0504608 
OR670976_Megalocytivirus_pagrus1_ISKNV 0.0055428 0.0448154 0.2081939 0.0000000 0.1756235 0.2139224 0.0000010 0.0448154 0.2081939 0.0504913 0.0055366 0.2142792 0.2142792 0.2150092 0.2019104 0.2253399 0.2019104 0.1952200 0.0111276 0.1952200 0.2150092 0.0055408 0.0055408 0.2065783 0.2020286 
MW883598_Megalocytivirus_pagrus1_RSIV  0.1823257 0.1582059 0.0505194 0.1756235 0.0000000 0.1741754 0.1756235 0.1582059 0.0505194 0.1642471 0.1820376 0.0562014 0.0562014 0.0563476 0.0223252 0.1928569 0.0223252 0.0166802 0.1888966 0.0166802 0.0563476 0.1822913 0.1822913 0.1497758 0.0223340 
MG570131_Megalocytivirus_pagrus1_TRBIV 0.2208843 0.2204322 0.1631878 0.2139224 0.1741754 0.0000000 0.2139224 0.2204322 0.1631878 0.2265571 0.2205217 0.1627360 0.1627360 0.1696777 0.2001381 0.0222465 0.2001381 0.1935337 0.2276714 0.1935337 0.1696777 0.2208532 0.2208532 0.1030230 0.2002534 
MT128666_Megalocytivirus_pagrus1_ISKNV 0.0055428 0.0448154 0.2081939 0.0000010 0.1756235 0.2139224 0.0000000 0.0448154 0.2081939 0.0504913 0.0055366 0.2142792 0.2142792 0.2150092 0.2019104 0.2253399 0.2019104 0.1952200 0.0111276 0.1952200 0.2150092 0.0055408 0.0055408 0.2065783 0.2020286 
MW883595_Megalocytivirus_pagrus1_ISKNV 0.0506485 0.0000010 0.1892148 0.0448154 0.1582059 0.2204322 0.0448154 0.0000000 0.1892148 0.0055266 0.0505793 0.1952647 0.1952647 0.1959097 0.1711582 0.2318406 0.1711582 0.1646177 0.0564807 0.1646177 0.1959097 0.0506321 0.0506321 0.2075716 0.1712527 
MK098187_Megalocytivirus_pagrus1_RSIV  0.2151543 0.1892148 0.0000010 0.2081939 0.0505194 0.1631878 0.2081939 0.1892148 0.0000000 0.1953120 0.2148014 0.0165963 0.0165963 0.0055294 0.0504397 0.1819189 0.0504397 0.0446679 0.2219473 0.0446679 0.0055294 0.2151224 0.2151224 0.1389206 0.0504608 
PP974677_Megalocytivirus_pagrus1_ISKNV 0.0563585 0.0055266 0.1953120 0.0504913 0.1642471 0.2265571 0.0504913 0.0055266 0.1953120 0.0000000 0.0562810 0.2013643 0.2013643 0.2020351 0.1772501 0.2379384 0.1772501 0.1706822 0.0622193 0.1706822 0.2020351 0.0563406 0.0563406 0.2136780 0.1773491 
MW883606_Megalocytivirus_pagrus1_ISKNV 0.0111236 0.0505793 0.2148014 0.0055366 0.1820376 0.2205217 0.0055366 0.0505793 0.2148014 0.0562810 0.0000000 0.2209039 0.2209039 0.2216653 0.2084955 0.2319441 0.2084955 0.2017601 0.0167460 0.2017601 0.2216653 0.0111197 0.0111197 0.2131173 0.2086192 
OL774654_Megalocytivirus_pagrus1_RSIV  0.2212685 0.1952647 0.0165963 0.2142792 0.0562014 0.1627360 0.2142792 0.1952647 0.0165963 0.2013643 0.2209039 0.0000000 0.0000010 0.0222117 0.0561116 0.1814033 0.0561116 0.0503123 0.2280834 0.0503123 0.0222117 0.2212374 0.2212374 0.1212077 0.0561353 
ON740976_Megalocytivirus_pagrus1_RSIV  0.2212685 0.1952647 0.0165963 0.2142792 0.0562014 0.1627360 0.2142792 0.1952647 0.0165963 0.2013643 0.2209039 0.0000010 0.0000000 0.0222117 0.0561116 0.1814033 0.0561116 0.0503123 0.2280834 0.0503123 0.0222117 0.2212374 0.2212374 0.1212077 0.0561353 
AB104413_Megalocytivirus_pagrus1_RSIV  0.2220330 0.1959097 0.0055294 0.2150092 0.0563476 0.1696777 0.2150092 0.1959097 0.0055294 0.2020351 0.2216653 0.0222117 0.0222117 0.0000000 0.0562573 0.1885267 0.0562573 0.0504414 0.2288816 0.0504414 0.0000010 0.2220019 0.2220019 0.1452750 0.0562812 
ON075463_Megalocytivirus_pagrus1_RSIV  0.2088364 0.1711582 0.0504397 0.2019104 0.0223252 0.2001381 0.2019104 0.1711582 0.0504397 0.1772501 0.2084955 0.0561116 0.0561116 0.0562573 0.0000000 0.2192245 0.0000010 0.0055256 0.2156010 0.0055256 0.0562573 0.2088036 0.2088036 0.1697293 0.0110973 
MG570132_Megalocytivirus_pagrus1_TRBIV 0.2323268 0.2318406 0.1819189 0.2253399 0.1928569 0.0222465 0.2253399 0.2318406 0.1819189 0.2379384 0.2319441 0.1814033 0.1814033 0.1885267 0.2192245 0.0000000 0.2192245 0.2125127 0.2391270 0.2125127 0.1885267 0.2322978 0.2322978 0.1270185 0.2193556 
OK042109_Megalocytivirus_pagrus1_RSIV  0.2088364 0.1711582 0.0504397 0.2019104 0.0223252 0.2001381 0.2019104 0.1711582 0.0504397 0.1772501 0.2084955 0.0561116 0.0561116 0.0562573 0.0000010 0.2192245 0.0000000 0.0055256 0.2156010 0.0055256 0.0562573 0.2088036 0.2088036 0.1697293 0.0110973 
KT804738_Megalocytivirus_pagrus1_RSIV  0.2020872 0.1646177 0.0446679 0.1952200 0.0166802 0.1935337 0.1952200 0.1646177 0.0446679 0.1706822 0.2017601 0.0503123 0.0503123 0.0504414 0.0055256 0.2125127 0.0055256 0.0000000 0.2088007 0.0000010 0.0504414 0.2020538 0.2020538 0.1632608 0.0055277 
OR536350_Megalocytivirus_pagrus1_ISKNV 0.0167681 0.0564807 0.2219473 0.0111276 0.1888966 0.2276714 0.0111276 0.0564807 0.2219473 0.0622193 0.0167460 0.2280834 0.2280834 0.2288816 0.2156010 0.2391270 0.2156010 0.2088007 0.0000000 0.2088007 0.2288816 0.0055381 0.0055381 0.2201832 0.2157318 
AP017456_Megalocytivirus_pagrus1_RSIV  0.2020872 0.1646177 0.0446679 0.1952200 0.0166802 0.1935337 0.1952200 0.1646177 0.0446679 0.1706822 0.2017601 0.0503123 0.0503123 0.0504414 0.0055256 0.2125127 0.0055256 0.0000010 0.2088007 0.0000000 0.0504414 0.2020538 0.2020538 0.1632608 0.0055277 
BD143114_Megalocytivirus_pagrus1_RSIV  0.2220330 0.1959097 0.0055294 0.2150092 0.0563476 0.1696777 0.2150092 0.1959097 0.0055294 0.2020351 0.2216653 0.0222117 0.0222117 0.0000010 0.0562573 0.1885267 0.0562573 0.0504414 0.2288816 0.0504414 0.0000000 0.2220019 0.2220019 0.1452750 0.0562812 
MW883600_Megalocytivirus_pagrus1_ISKNV 0.0111342 0.0506321 0.2151224 0.0055408 0.1822913 0.2208532 0.0055408 0.0506321 0.2151224 0.0563406 0.0111197 0.2212374 0.2212374 0.2220019 0.2088036 0.2322978 0.2088036 0.2020538 0.0055381 0.2020538 0.2220019 0.0000000 0.0000010 0.2134319 0.2089279 
MW883602_Megalocytivirus_pagrus1_ISKNV 0.0111342 0.0506321 0.2151224 0.0055408 0.1822913 0.2208532 0.0055408 0.0506321 0.2151224 0.0563406 0.0111197 0.2212374 0.2212374 0.2220019 0.2088036 0.2322978 0.2088036 0.2020538 0.0055381 0.2020538 0.2220019 0.0000010 0.0000000 0.2134319 0.2089279 
GQ273492_Megalocytivirus_pagrus1_TRBIV 0.2134638 0.2075716 0.1389206 0.2065783 0.1497758 0.1030230 0.2065783 0.2075716 0.1389206 0.2136780 0.2131173 0.1212077 0.1212077 0.1452750 0.1697293 0.1270185 0.1697293 0.1632608 0.2201832 0.1632608 0.1452750 0.2134319 0.2134319 0.0000000 0.1698219 
AY894343_Megalocytivirus_pagrus1_RSIV  0.2089606 0.1712527 0.0504608 0.2020286 0.0223340 0.2002534 0.2020286 0.1712527 0.0504608 0.1773491 0.2086192 0.0561353 0.0561353 0.0562812 0.0110973 0.2193556 0.0110973 0.0055277 0.2157318 0.0055277 0.0562812 0.2089279 0.2089279 0.1698219 0.0000000 
