9
MT128667_Megalocytivirus_pagrus1_ISKNV    0.0000000 0.4284820 0.0000010 0.4284820 0.4871529 0.3727494 0.3727494 0.4050338 0.4871529 
OL774654_Megalocytivirus_pagrus1_RSIV     0.4284820 0.0000000 0.4284820 0.0000010 0.2439559 0.0569189 0.0569189 0.2476334 0.2439559 
23043610005_Megalocytivirus_pagrus1_ISKNV 0.0000010 0.4284820 0.0000000 0.4284820 0.4871529 0.3727494 0.3727494 0.4050338 0.4871529 
ON075463_Megalocytivirus_pagrus1_RSIV     0.4284820 0.0000010 0.4284820 0.0000000 0.2439559 0.0569189 0.0569189 0.2476334 0.2439559 
MG570132_Megalocytivirus_pagrus1_TRBIV    0.4871529 0.2439559 0.4871529 0.2439559 0.0000000 0.3035137 0.3035137 0.1976742 0.0000010 
MK098187_Megalocytivirus_pagrus1_RSIV     0.3727494 0.0569189 0.3727494 0.0569189 0.3035137 0.0000000 0.0000010 0.3079621 0.3035137 
OL774655_Megalocytivirus_pagrus1_RSIV     0.3727494 0.0569189 0.3727494 0.0569189 0.3035137 0.0000010 0.0000000 0.3079621 0.3035137 
GQ273492_Megalocytivirus_pagrus1_TRBIV    0.4050338 0.2476334 0.4050338 0.2476334 0.1976742 0.3079621 0.3079621 0.0000000 0.1976742 
MG570131_Megalocytivirus_pagrus1_TRBIV    0.4871529 0.2439559 0.4871529 0.2439559 0.0000010 0.3035137 0.3035137 0.1976742 0.0000000 
