11
MW883601_Megalocytivirus_pagrus1_ISKNV 0.0000000 0.2609924 0.4904631 0.2609924 0.0000010 0.2425693 0.4904631 0.2425693 0.1770728 0.5154338 0.1770728 
OK042109_Megalocytivirus_pagrus1_RSIV  0.2609924 0.0000000 0.3583567 0.0000010 0.2609924 0.0813886 0.3583567 0.0813886 0.1804134 0.3847859 0.1804134 
MG570131_Megalocytivirus_pagrus1_TRBIV 0.4904631 0.3583567 0.0000000 0.3583567 0.4904631 0.3984459 0.0000010 0.3984459 0.3826613 0.1846427 0.3826613 
AY894343_Megalocytivirus_pagrus1_RSIV  0.2609924 0.0000010 0.3583567 0.0000000 0.2609924 0.0813886 0.3583567 0.0813886 0.1804134 0.3847859 0.1804134 
MW273353_Megalocytivirus_pagrus1_ISKNV 0.0000010 0.2609924 0.4904631 0.2609924 0.0000000 0.2425693 0.4904631 0.2425693 0.1770728 0.5154338 0.1770728 
OK042108_Megalocytivirus_pagrus1_RSIV  0.2425693 0.0813886 0.3984459 0.0813886 0.2425693 0.0000000 0.3984459 0.0000010 0.2504173 0.4239532 0.2504173 
MG570132_Megalocytivirus_pagrus1_TRBIV 0.4904631 0.3583567 0.0000010 0.3583567 0.4904631 0.3984459 0.0000000 0.3984459 0.3826613 0.1846427 0.3826613 
OL774654_Megalocytivirus_pagrus1_RSIV  0.2425693 0.0813886 0.3984459 0.0813886 0.2425693 0.0000010 0.3984459 0.0000000 0.2504173 0.4239532 0.2504173 
OP009387_Megalocytivirus_pagrus1_ISKNV 0.1770728 0.1804134 0.3826613 0.1804134 0.1770728 0.2504173 0.3826613 0.2504173 0.0000000 0.4114481 0.0000010 
GQ273492_Megalocytivirus_pagrus1_TRBIV 0.5154338 0.3847859 0.1846427 0.3847859 0.5154338 0.4239532 0.1846427 0.4239532 0.4114481 0.0000000 0.4114481 
MW883595_Megalocytivirus_pagrus1_ISKNV 0.1770728 0.1804134 0.3826613 0.1804134 0.1770728 0.2504173 0.3826613 0.2504173 0.0000010 0.4114481 0.0000000 
