19
MW139932_Megalocytivirus_pagrus1_RSIV  0.0000000 0.4562356 0.4501051 0.4403637 0.4403637 0.0000010 0.4302279 0.0000010 0.3087692 0.4501051 0.4962100 0.6949153 0.4302279 0.4562356 0.5888532 0.4277505 0.4496339 0.6949153 0.4962100 
OQ513807_Megalocytivirus_pagrus1_ISKNV 0.4562356 0.0000000 0.0152968 0.0076407 0.0076407 0.4562356 0.6923843 0.4290891 0.6468480 0.0152968 0.1377749 0.6932594 0.6923843 0.0000010 0.6395824 0.0153497 0.0152970 0.6932594 0.1385960 
PP974677_Megalocytivirus_pagrus1_ISKNV 0.4501051 0.0152968 0.0000000 0.0075541 0.0075541 0.4501051 0.6813334 0.4226993 0.6368691 0.0000010 0.1361680 0.7231691 0.6813334 0.0152968 0.6685413 0.0151755 0.0151239 0.7231691 0.1369699 
ON212400_Megalocytivirus_pagrus1_ISKNV 0.4403637 0.0076407 0.0075541 0.0000000 0.0000010 0.4403637 0.6701207 0.4119015 0.6259199 0.0075541 0.1280306 0.7123896 0.6701207 0.0076407 0.6577855 0.0075797 0.0075541 0.7123896 0.1287828 
OP009387_Megalocytivirus_pagrus1_ISKNV 0.4403637 0.0076407 0.0075541 0.0000010 0.0000000 0.4403637 0.6701207 0.4119015 0.6259199 0.0075541 0.1280306 0.7123896 0.6701207 0.0076407 0.6577855 0.0075797 0.0075541 0.7123896 0.1287828 
OL774653_Megalocytivirus_pagrus1_RSIV  0.0000010 0.4562356 0.4501051 0.4403637 0.4403637 0.0000000 0.4302279 0.0000010 0.3087692 0.4501051 0.4962100 0.6949153 0.4302279 0.4562356 0.5888532 0.4277505 0.4496339 0.6949153 0.4962100 
OK042109_Megalocytivirus_pagrus1_RSIV  0.4302279 0.6923843 0.6813334 0.6701207 0.6701207 0.4302279 0.0000000 0.1805094 0.0798715 0.6813334 0.7016185 1.0300894 0.0000010 0.6923843 0.9304019 0.6527450 0.6821827 1.0300894 0.7016185 
OQ475017_Megalocytivirus_pagrus1_RSIV  0.0000010 0.4290891 0.4226993 0.4119015 0.4119015 0.0000010 0.1805094 0.0000000 0.0813279 0.4226993 0.4339533 0.6516789 0.1805094 0.4290891 0.5586740 0.3982120 0.4218637 0.6516789 0.4339533 
OK042108_Megalocytivirus_pagrus1_RSIV  0.3087692 0.6468480 0.6368691 0.6259199 0.6259199 0.3087692 0.0798715 0.0813279 0.0000000 0.6368691 0.6531543 1.0297030 0.0798715 0.6468480 0.9284083 0.6095748 0.6375807 1.0297030 0.6531543 
MW883601_Megalocytivirus_pagrus1_ISKNV 0.4501051 0.0152968 0.0000010 0.0075541 0.0075541 0.4501051 0.6813334 0.4226993 0.6368691 0.0000000 0.1361680 0.7231691 0.6813334 0.0152968 0.6685413 0.0151755 0.0151239 0.7231691 0.1369699 
MN432490_Megalocytivirus_pagrus1_ISKNV 0.4962100 0.1377749 0.1361680 0.1280306 0.1280306 0.4962100 0.7016185 0.4339533 0.6531543 0.1361680 0.0000000 0.7501835 0.7016185 0.1377749 0.6864842 0.1193739 0.1195396 0.7501835 0.0000010 
MG570131_Megalocytivirus_pagrus1_TRBIV 0.6949153 0.6932594 0.7231691 0.7123896 0.7123896 0.6949153 1.0300894 0.6516789 1.0297030 0.7231691 0.7501835 0.0000000 1.0300894 0.6932594 0.1846477 0.6950275 0.7241053 0.0000010 0.7501835 
ON740976_Megalocytivirus_pagrus1_RSIV  0.4302279 0.6923843 0.6813334 0.6701207 0.6701207 0.4302279 0.0000010 0.1805094 0.0798715 0.6813334 0.7016185 1.0300894 0.0000000 0.6923843 0.9304019 0.6527450 0.6821827 1.0300894 0.7016185 
OR670976_Megalocytivirus_pagrus1_ISKNV 0.4562356 0.0000010 0.0152968 0.0076407 0.0076407 0.4562356 0.6923843 0.4290891 0.6468480 0.0152968 0.1377749 0.6932594 0.6923843 0.0000000 0.6395824 0.0153497 0.0152970 0.6932594 0.1385960 
GQ273492_Megalocytivirus_pagrus1_TRBIV 0.5888532 0.6395824 0.6685413 0.6577855 0.6577855 0.5888532 0.9304019 0.5586740 0.9284083 0.6685413 0.6864842 0.1846477 0.9304019 0.6395824 0.0000000 0.6412858 0.6693216 0.1846477 0.6864842 
MW883600_Megalocytivirus_pagrus1_ISKNV 0.4277505 0.0153497 0.0151755 0.0075797 0.0075797 0.4277505 0.6527450 0.3982120 0.6095748 0.0151755 0.1193739 0.6950275 0.6527450 0.0153497 0.6412858 0.0000000 0.0151756 0.6950275 0.1200719 
MW883602_Megalocytivirus_pagrus1_ISKNV 0.4496339 0.0152970 0.0151239 0.0075541 0.0075541 0.4496339 0.6821827 0.4218637 0.6375807 0.0151239 0.1195396 0.7241053 0.6821827 0.0152970 0.6693216 0.0151756 0.0000000 0.7241053 0.1202398 
MG570132_Megalocytivirus_pagrus1_TRBIV 0.6949153 0.6932594 0.7231691 0.7123896 0.7123896 0.6949153 1.0300894 0.6516789 1.0297030 0.7231691 0.7501835 0.0000010 1.0300894 0.6932594 0.1846477 0.6950275 0.7241053 0.0000000 0.7501835 
MW883595_Megalocytivirus_pagrus1_ISKNV 0.4962100 0.1385960 0.1369699 0.1287828 0.1287828 0.4962100 0.7016185 0.4339533 0.6531543 0.1369699 0.0000010 0.7501835 0.7016185 0.1385960 0.6864842 0.1200719 0.1202398 0.7501835 0.0000000 
