17
MW883603_Megalocytivirus_pagrus1_ISKNV 0.0000000 0.2453584 0.4105414 0.1204466 0.1204466 0.0000010 0.2453584 0.1009204 0.4105414 0.2048545 0.2049509 0.1009204 0.2049509 0.0330480 0.2305637 0.0330480 0.2043358 
MG570131_Megalocytivirus_pagrus1_TRBIV 0.2453584 0.0000000 0.4849606 0.2529166 0.2529166 0.2453584 0.0000010 0.2648348 0.4849606 0.3192765 0.3476798 0.2648348 0.3476798 0.2866688 0.1841661 0.2866688 0.3215815 
OL774653_Megalocytivirus_pagrus1_RSIV  0.4105414 0.4849606 0.0000000 0.5598387 0.5598387 0.4105414 0.4849606 0.5316702 0.0000010 0.6882777 0.6858949 0.5316702 0.6858949 0.3371841 0.0855268 0.3371841 0.6858949 
ON740976_Megalocytivirus_pagrus1_RSIV  0.1204466 0.2529166 0.5598387 0.0000000 0.0000010 0.1204466 0.2529166 0.2076162 0.5598387 0.0788699 0.1623463 0.2076162 0.1623463 0.1645318 0.2305637 0.1645318 0.1623463 
AP017456_Megalocytivirus_pagrus1_RSIV  0.1204466 0.2529166 0.5598387 0.0000010 0.0000000 0.1204466 0.2529166 0.2076162 0.5598387 0.0788699 0.1623463 0.2076162 0.1623463 0.1645318 0.2305637 0.1645318 0.1623463 
OR536350_Megalocytivirus_pagrus1_ISKNV 0.0000010 0.2453584 0.4105414 0.1204466 0.1204466 0.0000000 0.2453584 0.1009204 0.4105414 0.2048545 0.2049509 0.1009204 0.2049509 0.0330480 0.2305637 0.0330480 0.2043358 
MG570132_Megalocytivirus_pagrus1_TRBIV 0.2453584 0.0000010 0.4849606 0.2529166 0.2529166 0.2453584 0.0000000 0.2648348 0.4849606 0.3192765 0.3476798 0.2648348 0.3476798 0.2866688 0.1841661 0.2866688 0.3215815 
MW883595_Megalocytivirus_pagrus1_ISKNV 0.1009204 0.2648348 0.5316702 0.2076162 0.2076162 0.1009204 0.2648348 0.0000000 0.5316702 0.2450165 0.2960737 0.0000010 0.2960737 0.1373210 0.3068936 0.1373210 0.2443858 
OL774654_Megalocytivirus_pagrus1_RSIV  0.4105414 0.4849606 0.0000010 0.5598387 0.5598387 0.4105414 0.4849606 0.5316702 0.0000000 0.6882777 0.6858949 0.5316702 0.6858949 0.3371841 0.0855268 0.3371841 0.6858949 
OQ475017_Megalocytivirus_pagrus1_RSIV  0.2048545 0.3192765 0.6882777 0.0788699 0.0788699 0.2048545 0.3192765 0.2450165 0.6882777 0.0000000 0.0784138 0.2450165 0.0784138 0.2440269 0.3314403 0.2440269 0.0653091 
MK098185_Megalocytivirus_pagrus1_RSIV  0.2049509 0.3476798 0.6858949 0.1623463 0.1623463 0.2049509 0.3476798 0.2960737 0.6858949 0.0784138 0.0000000 0.2960737 0.0000010 0.2522168 0.3303109 0.2522168 0.0000010 
OP009387_Megalocytivirus_pagrus1_ISKNV 0.1009204 0.2648348 0.5316702 0.2076162 0.2076162 0.1009204 0.2648348 0.0000010 0.5316702 0.2450165 0.2960737 0.0000000 0.2960737 0.1373210 0.3068936 0.1373210 0.2443858 
MK098187_Megalocytivirus_pagrus1_RSIV  0.2049509 0.3476798 0.6858949 0.1623463 0.1623463 0.2049509 0.3476798 0.2960737 0.6858949 0.0784138 0.0000010 0.2960737 0.0000000 0.2522168 0.3303109 0.2522168 0.0000010 
OQ513807_Megalocytivirus_pagrus1_ISKNV 0.0330480 0.2866688 0.3371841 0.1645318 0.1645318 0.0330480 0.2866688 0.1373210 0.3371841 0.2440269 0.2522168 0.1373210 0.2522168 0.0000000 0.1789510 0.0000010 0.2433998 
GQ273492_Megalocytivirus_pagrus1_TRBIV 0.2305637 0.1841661 0.0855268 0.2305637 0.2305637 0.2305637 0.1841661 0.3068936 0.0855268 0.3314403 0.3303109 0.3068936 0.3303109 0.1789510 0.0000000 0.1789510 0.3303109 
MW883593_Megalocytivirus_pagrus1_ISKNV 0.0330480 0.2866688 0.3371841 0.1645318 0.1645318 0.0330480 0.2866688 0.1373210 0.3371841 0.2440269 0.2522168 0.1373210 0.2522168 0.0000010 0.1789510 0.0000000 0.2433998 
AB104413_Megalocytivirus_pagrus1_RSIV  0.2043358 0.3215815 0.6858949 0.1623463 0.1623463 0.2043358 0.3215815 0.2443858 0.6858949 0.0653091 0.0000010 0.2443858 0.0000010 0.2433998 0.3303109 0.2433998 0.0000000 
