16
MW883596_Megalocytivirus_pagrus1_ISKNV 0.0000000 0.2203025 0.2291163 0.2203025 0.0000010 0.2291163 0.2963561 0.2152435 0.3102046 0.0184684 0.0184684 0.0036616 0.0073336 0.0073336 0.0036586 0.3143093 
AP017456_Megalocytivirus_pagrus1_RSIV  0.2203025 0.0000000 0.0873119 0.0000010 0.2203025 0.0873119 0.2126743 0.0036425 0.2234493 0.2342358 0.2342358 0.2247842 0.2275179 0.2275179 0.2245424 0.2554158 
BD143114_Megalocytivirus_pagrus1_RSIV  0.2291163 0.0873119 0.0000000 0.0873119 0.2291163 0.0000010 0.2215552 0.0831707 0.2345972 0.2431592 0.2431592 0.2336263 0.2363974 0.2363974 0.2333724 0.2641737 
KT804738_Megalocytivirus_pagrus1_RSIV  0.2203025 0.0000010 0.0873119 0.0000000 0.2203025 0.0873119 0.2126743 0.0036425 0.2234493 0.2342358 0.2342358 0.2247842 0.2275179 0.2275179 0.2245424 0.2554158 
ON212400_Megalocytivirus_pagrus1_ISKNV 0.0000010 0.2203025 0.2291163 0.2203025 0.0000000 0.2291163 0.2963561 0.2152435 0.3102046 0.0184684 0.0184684 0.0036616 0.0073336 0.0073336 0.0036586 0.3143093 
MK098185_Megalocytivirus_pagrus1_RSIV  0.2291163 0.0873119 0.0000010 0.0873119 0.2291163 0.0000000 0.2215552 0.0831707 0.2345972 0.2431592 0.2431592 0.2336263 0.2363974 0.2363974 0.2333724 0.2641737 
MG570132_Megalocytivirus_pagrus1_TRBIV 0.2963561 0.2126743 0.2215552 0.2126743 0.2963561 0.2215552 0.0000000 0.2077330 0.0109370 0.3022123 0.3022123 0.3010796 0.3041008 0.3041008 0.3007285 0.0912267 
MW883598_Megalocytivirus_pagrus1_RSIV  0.2152435 0.0036425 0.0831707 0.0036425 0.2152435 0.0831707 0.2077330 0.0000000 0.2184139 0.2290738 0.2290738 0.2196961 0.2223996 0.2223996 0.2194618 0.2501690 
MG570131_Megalocytivirus_pagrus1_TRBIV 0.3102046 0.2234493 0.2345972 0.2234493 0.3102046 0.2345972 0.0109370 0.2184139 0.0000000 0.3161623 0.3161623 0.3149629 0.3180251 0.3180251 0.3145910 0.1030075 
PP974677_Megalocytivirus_pagrus1_ISKNV 0.0184684 0.2342358 0.2431592 0.2342358 0.0184684 0.2431592 0.3022123 0.2290738 0.3161623 0.0000000 0.0000010 0.0222027 0.0259410 0.0259410 0.0221842 0.3206616 
MT986830_Megalocytivirus_pagrus1_ISKNV 0.0184684 0.2342358 0.2431592 0.2342358 0.0184684 0.2431592 0.3022123 0.2290738 0.3161623 0.0000010 0.0000000 0.0222027 0.0259410 0.0259410 0.0221842 0.3206616 
MW883600_Megalocytivirus_pagrus1_ISKNV 0.0036616 0.2247842 0.2336263 0.2247842 0.0036616 0.2336263 0.3010796 0.2196961 0.3149629 0.0222027 0.0222027 0.0000000 0.0110203 0.0110203 0.0073305 0.3190776 
MT128666_Megalocytivirus_pagrus1_ISKNV 0.0073336 0.2275179 0.2363974 0.2275179 0.0073336 0.2363974 0.3041008 0.2223996 0.3180251 0.0259410 0.0259410 0.0110203 0.0000000 0.0000010 0.0110113 0.3221523 
MT128667_Megalocytivirus_pagrus1_ISKNV 0.0073336 0.2275179 0.2363974 0.2275179 0.0073336 0.2363974 0.3041008 0.2223996 0.3180251 0.0259410 0.0259410 0.0110203 0.0000010 0.0000000 0.0110113 0.3221523 
MW273353_Megalocytivirus_pagrus1_ISKNV 0.0036586 0.2245424 0.2333724 0.2245424 0.0036586 0.2333724 0.3007285 0.2194618 0.3145910 0.0221842 0.0221842 0.0073305 0.0110113 0.0110113 0.0000000 0.3160300 
GQ273492_Megalocytivirus_pagrus1_TRBIV 0.3143093 0.2554158 0.2641737 0.2554158 0.3143093 0.2641737 0.0912267 0.2501690 0.1030075 0.3206616 0.3206616 0.3190776 0.3221523 0.3221523 0.3160300 0.0000000 
