10
OL774655_Megalocytivirus_pagrus1_RSIV  0.0000000 0.0000010 0.0254309 0.0254309 0.0125975 0.0125759 0.0125759 0.0125975 0.0642926 0.0636266 
ON743042_Megalocytivirus_pagrus1_RSIV  0.0000010 0.0000000 0.0254309 0.0254309 0.0125975 0.0125759 0.0125759 0.0125975 0.0642926 0.0636266 
OR356116_Megalocytivirus_pagrus1_ISKNV 0.0254309 0.0254309 0.0000000 0.0000010 0.0383210 0.0382534 0.0382534 0.0383210 0.0645155 0.0638448 
MW883601_Megalocytivirus_pagrus1_ISKNV 0.0254309 0.0254309 0.0000010 0.0000000 0.0383210 0.0382534 0.0382534 0.0383210 0.0645155 0.0638448 
KC244182_Megalocytivirus_pagrus1_RSIV  0.0125975 0.0125975 0.0383210 0.0383210 0.0000000 0.0252654 0.0252654 0.0000010 0.0775076 0.0506383 
PP974677_Megalocytivirus_pagrus1_ISKNV 0.0125759 0.0125759 0.0382534 0.0382534 0.0252654 0.0000000 0.0000010 0.0252654 0.0511882 0.0506593 
PP151097_Megalocytivirus_pagrus1_ISKNV 0.0125759 0.0125759 0.0382534 0.0382534 0.0252654 0.0000010 0.0000000 0.0252654 0.0511882 0.0506593 
MT798582_Megalocytivirus_pagrus1_RSIV  0.0125975 0.0125975 0.0383210 0.0383210 0.0000010 0.0252654 0.0252654 0.0000000 0.0775076 0.0506383 
OK042109_Megalocytivirus_pagrus1_RSIV  0.0642926 0.0642926 0.0645155 0.0645155 0.0775076 0.0511882 0.0511882 0.0775076 0.0000000 0.0509134 
MG570132_Megalocytivirus_pagrus1_TRBIV 0.0636266 0.0636266 0.0638448 0.0638448 0.0506383 0.0506593 0.0506593 0.0506383 0.0509134 0.0000000 
