23
MW883600_Megalocytivirus_pagrus1_ISKNV 0.0000000 0.0619032 0.0923333 0.0664417 0.0619032 0.0000010 0.0923333 0.0664679 0.0664679 0.0022239 0.0044543 0.0022225 0.0664417 0.0766676 0.0133729 0.0022235 0.0022217 0.0044554 0.0022233 0.0022233 0.0111426 0.0044554 0.0687669 
OL774653_Megalocytivirus_pagrus1_RSIV  0.0619032 0.0000000 0.0870151 0.0223525 0.0000010 0.0619032 0.0870151 0.0223611 0.0223611 0.0642616 0.0644444 0.0642154 0.0223525 0.0717947 0.0617811 0.0642494 0.0641971 0.0666773 0.0642446 0.0642446 0.0594834 0.0666773 0.0245995 
MG570131_Megalocytivirus_pagrus1_TRBIV 0.0923333 0.0870151 0.0000000 0.0966777 0.0870151 0.0923333 0.0000010 0.0967172 0.0967172 0.0947937 0.0929518 0.0947219 0.0966777 0.0553518 0.0873278 0.0947754 0.0946964 0.0973384 0.0947690 0.0947690 0.0849583 0.0973384 0.0990814 
KT804738_Megalocytivirus_pagrus1_RSIV  0.0664417 0.0223525 0.0966777 0.0000000 0.0223525 0.0664417 0.0966777 0.0044270 0.0044270 0.0688021 0.0689983 0.0687529 0.0000010 0.0763709 0.0663109 0.0641199 0.0687336 0.0712253 0.0687842 0.0687842 0.0640135 0.0712253 0.0022106 
OL774655_Megalocytivirus_pagrus1_RSIV  0.0619032 0.0000010 0.0870151 0.0223525 0.0000000 0.0619032 0.0870151 0.0223611 0.0223611 0.0642616 0.0644444 0.0642154 0.0223525 0.0717947 0.0617811 0.0642494 0.0641971 0.0666773 0.0642446 0.0642446 0.0594834 0.0666773 0.0245995 
OR536350_Megalocytivirus_pagrus1_ISKNV 0.0000010 0.0619032 0.0923333 0.0664417 0.0619032 0.0000000 0.0923333 0.0664679 0.0664679 0.0022239 0.0044543 0.0022225 0.0664417 0.0766676 0.0133729 0.0022235 0.0022217 0.0044554 0.0022233 0.0022233 0.0111426 0.0044554 0.0687669 
MG570132_Megalocytivirus_pagrus1_TRBIV 0.0923333 0.0870151 0.0000010 0.0966777 0.0870151 0.0923333 0.0000000 0.0967172 0.0967172 0.0947937 0.0929518 0.0947219 0.0966777 0.0553518 0.0873278 0.0947754 0.0946964 0.0973384 0.0947690 0.0947690 0.0849583 0.0973384 0.0990814 
KC244182_Megalocytivirus_pagrus1_RSIV  0.0664679 0.0223611 0.0967172 0.0044270 0.0223611 0.0664679 0.0967172 0.0000000 0.0000010 0.0688303 0.0690258 0.0687800 0.0044270 0.0764016 0.0663372 0.0688163 0.0687608 0.0712537 0.0688113 0.0688113 0.0640389 0.0712537 0.0066436 
ON740976_Megalocytivirus_pagrus1_RSIV  0.0664679 0.0223611 0.0967172 0.0044270 0.0223611 0.0664679 0.0967172 0.0000010 0.0000000 0.0688303 0.0690258 0.0687800 0.0044270 0.0764016 0.0663372 0.0688163 0.0687608 0.0712537 0.0688113 0.0688113 0.0640389 0.0712537 0.0066436 
MW883594_Megalocytivirus_pagrus1_ISKNV 0.0022239 0.0642616 0.0947937 0.0688021 0.0642616 0.0022239 0.0947937 0.0688303 0.0688303 0.0000000 0.0066891 0.0044490 0.0688021 0.0790714 0.0156169 0.0044511 0.0044476 0.0066908 0.0044508 0.0044508 0.0133841 0.0066908 0.0711324 
MW883603_Megalocytivirus_pagrus1_ISKNV 0.0044543 0.0644444 0.0929518 0.0689983 0.0644444 0.0044543 0.0929518 0.0690258 0.0690258 0.0066891 0.0000000 0.0066847 0.0689983 0.0792985 0.0178745 0.0066879 0.0066825 0.0089344 0.0066873 0.0066873 0.0156381 0.0089344 0.0713344 
ON212400_Megalocytivirus_pagrus1_ISKNV 0.0022225 0.0642154 0.0947219 0.0687529 0.0642154 0.0022225 0.0947219 0.0687800 0.0687800 0.0044490 0.0066847 0.0000000 0.0687529 0.0790132 0.0156065 0.0044482 0.0044446 0.0066864 0.0044478 0.0044478 0.0133752 0.0066864 0.0710811 
ON743042_Megalocytivirus_pagrus1_RSIV  0.0664417 0.0223525 0.0966777 0.0000010 0.0223525 0.0664417 0.0966777 0.0044270 0.0044270 0.0688021 0.0689983 0.0687529 0.0000000 0.0763709 0.0663109 0.0641199 0.0687336 0.0712253 0.0687842 0.0687842 0.0640135 0.0712253 0.0022106 
GQ273492_Megalocytivirus_pagrus1_TRBIV 0.0766676 0.0717947 0.0553518 0.0763709 0.0717947 0.0766676 0.0553518 0.0764016 0.0764016 0.0790714 0.0792985 0.0790132 0.0763709 0.0000000 0.0765143 0.0790563 0.0789913 0.0815452 0.0790507 0.0790507 0.0741839 0.0815452 0.0787247 
MW883595_Megalocytivirus_pagrus1_ISKNV 0.0133729 0.0617811 0.0873278 0.0663109 0.0617811 0.0133729 0.0873278 0.0663372 0.0663372 0.0156169 0.0178745 0.0156065 0.0663109 0.0765143 0.0000000 0.0156140 0.0156016 0.0178790 0.0156127 0.0156127 0.0022190 0.0178790 0.0686319 
MW883593_Megalocytivirus_pagrus1_ISKNV 0.0022235 0.0642494 0.0947754 0.0641199 0.0642494 0.0022235 0.0947754 0.0688163 0.0688163 0.0044511 0.0066879 0.0044482 0.0641199 0.0790563 0.0156140 0.0000000 0.0044467 0.0066896 0.0044499 0.0044499 0.0133816 0.0066896 0.0664439 
MW273354_Megalocytivirus_pagrus1_ISKNV 0.0022217 0.0641971 0.0946964 0.0687336 0.0641971 0.0022217 0.0946964 0.0687608 0.0687608 0.0044476 0.0066825 0.0044446 0.0687336 0.0789913 0.0156016 0.0044467 0.0000000 0.0066842 0.0044464 0.0044464 0.0133710 0.0066842 0.0710612 
OR670976_Megalocytivirus_pagrus1_ISKNV 0.0044554 0.0666773 0.0973384 0.0712253 0.0666773 0.0044554 0.0973384 0.0712537 0.0712537 0.0066908 0.0089344 0.0066864 0.0712253 0.0815452 0.0178790 0.0066896 0.0066842 0.0000000 0.0066890 0.0066890 0.0156420 0.0000010 0.0735602 
KT781098_Megalocytivirus_pagrus1_ISKNV 0.0022233 0.0642446 0.0947690 0.0687842 0.0642446 0.0022233 0.0947690 0.0688113 0.0688113 0.0044508 0.0066873 0.0044478 0.0687842 0.0790507 0.0156127 0.0044499 0.0044464 0.0066890 0.0000000 0.0000010 0.0133805 0.0066890 0.0711138 
MT926123_Megalocytivirus_pagrus1_ISKNV 0.0022233 0.0642446 0.0947690 0.0687842 0.0642446 0.0022233 0.0947690 0.0688113 0.0688113 0.0044508 0.0066873 0.0044478 0.0687842 0.0790507 0.0156127 0.0044499 0.0044464 0.0066890 0.0000010 0.0000000 0.0133805 0.0066890 0.0711138 
MN432490_Megalocytivirus_pagrus1_ISKNV 0.0111426 0.0594834 0.0849583 0.0640135 0.0594834 0.0111426 0.0849583 0.0640389 0.0640389 0.0133841 0.0156381 0.0133752 0.0640135 0.0741839 0.0022190 0.0133816 0.0133710 0.0156420 0.0133805 0.0133805 0.0000000 0.0156420 0.0663330 
OQ513807_Megalocytivirus_pagrus1_ISKNV 0.0044554 0.0666773 0.0973384 0.0712253 0.0666773 0.0044554 0.0973384 0.0712537 0.0712537 0.0066908 0.0089344 0.0066864 0.0712253 0.0815452 0.0178790 0.0066896 0.0066842 0.0000010 0.0066890 0.0066890 0.0156420 0.0000000 0.0735602 
AY894343_Megalocytivirus_pagrus1_RSIV  0.0687669 0.0245995 0.0990814 0.0022106 0.0245995 0.0687669 0.0990814 0.0066436 0.0066436 0.0711324 0.0713344 0.0710811 0.0022106 0.0787247 0.0686319 0.0664439 0.0710612 0.0735602 0.0711138 0.0711138 0.0663330 0.0735602 0.0000000 
