15
KT781098_Megalocytivirus_pagrus1_ISKNV 0.0000000 0.3323189 0.0388332 0.0378698 0.3323189 0.2419519 0.2419519 0.0000010 0.0388332 0.0378698 0.2866075 0.2856304 0.4471529 0.4428095 0.4428095 
MK098185_Megalocytivirus_pagrus1_RSIV  0.3323189 0.0000000 0.3845775 0.3288028 0.0000010 0.0787290 0.0787290 0.3323189 0.3845775 0.3288028 0.1203689 0.0771388 0.5099395 0.5915960 0.5915960 
MW883602_Megalocytivirus_pagrus1_ISKNV 0.0388332 0.3845775 0.0000000 0.0780238 0.3845775 0.2906519 0.2906519 0.0388332 0.0000010 0.0780238 0.3372614 0.3357688 0.4359889 0.4317616 0.4317616 
OP009387_Megalocytivirus_pagrus1_ISKNV 0.0378698 0.3288028 0.0780238 0.0000000 0.3288028 0.2396919 0.2396919 0.0378698 0.0780238 0.0000010 0.2837488 0.2828086 0.4409188 0.4367172 0.4367172 
MK098187_Megalocytivirus_pagrus1_RSIV  0.3323189 0.0000010 0.3845775 0.3288028 0.0000000 0.0787290 0.0787290 0.3323189 0.3845775 0.3288028 0.1203689 0.0771388 0.5099395 0.5915960 0.5915960 
KT804738_Megalocytivirus_pagrus1_RSIV  0.2419519 0.0787290 0.2906519 0.2396919 0.0787290 0.0000000 0.0000010 0.2419519 0.2906519 0.2396919 0.0385066 0.1605021 0.4109897 0.5037612 0.5037612 
AP017456_Megalocytivirus_pagrus1_RSIV  0.2419519 0.0787290 0.2906519 0.2396919 0.0787290 0.0000010 0.0000000 0.2419519 0.2906519 0.2396919 0.0385066 0.1605021 0.4109897 0.5037612 0.5037612 
MT128666_Megalocytivirus_pagrus1_ISKNV 0.0000010 0.3323189 0.0388332 0.0378698 0.3323189 0.2419519 0.2419519 0.0000000 0.0388332 0.0378698 0.2866075 0.2856304 0.4471529 0.4428095 0.4428095 
MW883600_Megalocytivirus_pagrus1_ISKNV 0.0388332 0.3845775 0.0000010 0.0780238 0.3845775 0.2906519 0.2906519 0.0388332 0.0000000 0.0780238 0.3372614 0.3357688 0.4359889 0.4317616 0.4317616 
PP974677_Megalocytivirus_pagrus1_ISKNV 0.0378698 0.3288028 0.0780238 0.0000010 0.3288028 0.2396919 0.2396919 0.0378698 0.0780238 0.0000000 0.2837488 0.2828086 0.4409188 0.4367172 0.4367172 
ON743042_Megalocytivirus_pagrus1_RSIV  0.2866075 0.1203689 0.3372614 0.2837488 0.1203689 0.0385066 0.0385066 0.2866075 0.3372614 0.2837488 0.0000000 0.2042009 0.4610356 0.5532918 0.5532918 
OQ475017_Megalocytivirus_pagrus1_RSIV  0.2856304 0.0771388 0.3357688 0.2828086 0.0771388 0.1605021 0.1605021 0.2856304 0.3357688 0.2828086 0.2042009 0.0000000 0.4204870 0.4987661 0.4987661 
GQ273492_Megalocytivirus_pagrus1_TRBIV 0.4471529 0.5099395 0.4359889 0.4409188 0.5099395 0.4109897 0.4109897 0.4471529 0.4359889 0.4409188 0.4610356 0.4204870 0.0000000 0.2513096 0.2513096 
MG570132_Megalocytivirus_pagrus1_TRBIV 0.4428095 0.5915960 0.4317616 0.4367172 0.5915960 0.5037612 0.5037612 0.4428095 0.4317616 0.4367172 0.5532918 0.4987661 0.2513096 0.0000000 0.0000010 
MG570131_Megalocytivirus_pagrus1_TRBIV 0.4428095 0.5915960 0.4317616 0.4367172 0.5915960 0.5037612 0.5037612 0.4428095 0.4317616 0.4367172 0.5532918 0.4987661 0.2513096 0.0000010 0.0000000 
