27
OP009387_Megalocytivirus_pagrus1_ISKNV 0.0000000 0.0838488 0.0122910 0.0838488 0.0906149 0.0122910 0.0906149 0.0123509 0.0143581 0.0039681 0.0000010 0.0143581 0.0906149 0.0838488 0.0906149 0.0123509 0.0019754 0.1098895 0.0883486 0.0143644 0.0940433 0.0838488 0.1098895 0.1043421 0.0921531 0.0144003 0.0019754 
ON075463_Megalocytivirus_pagrus1_RSIV  0.0838488 0.0000000 0.0717153 0.0000010 0.0315857 0.0717153 0.0315857 0.0721295 0.0741482 0.0990364 0.0838488 0.0741482 0.0299859 0.0000010 0.0299859 0.0721295 0.0839095 0.1097246 0.0376872 0.0742173 0.0137321 0.0000010 0.1097246 0.0985708 0.0281028 0.0744546 0.0839095 
MW883599_Megalocytivirus_pagrus1_ISKNV 0.0122910 0.0717153 0.0000000 0.0717153 0.0750739 0.0000010 0.0750739 0.0000010 0.0019969 0.0102015 0.0122910 0.0019969 0.0750739 0.0717153 0.0750739 0.0000010 0.0102015 0.0985178 0.0753198 0.0019976 0.0815389 0.0717153 0.0985178 0.0947830 0.0750739 0.0020024 0.0102015 
AP017456_Megalocytivirus_pagrus1_RSIV  0.0838488 0.0000010 0.0717153 0.0000000 0.0315857 0.0717153 0.0315857 0.0721295 0.0741482 0.0990364 0.0838488 0.0741482 0.0299859 0.0000010 0.0299859 0.0721295 0.0839095 0.1097246 0.0376872 0.0742173 0.0137321 0.0000010 0.1097246 0.0985708 0.0281028 0.0744546 0.0839095 
OL774654_Megalocytivirus_pagrus1_RSIV  0.0906149 0.0315857 0.0750739 0.0315857 0.0000000 0.0750739 0.0000010 0.0754994 0.0774588 0.1005362 0.0906149 0.0774588 0.0000010 0.0278563 0.0000010 0.0754994 0.0906796 0.1175294 0.0116747 0.0775312 0.0473576 0.0278563 0.1175294 0.1049562 0.0019150 0.0777755 0.0906796 
MW883596_Megalocytivirus_pagrus1_ISKNV 0.0122910 0.0717153 0.0000010 0.0717153 0.0750739 0.0000000 0.0750739 0.0000010 0.0019969 0.0102015 0.0122910 0.0019969 0.0750739 0.0717153 0.0750739 0.0000010 0.0102015 0.0985178 0.0753198 0.0019976 0.0815389 0.0717153 0.0985178 0.0947830 0.0750739 0.0020024 0.0102015 
BD143114_Megalocytivirus_pagrus1_RSIV  0.0906149 0.0315857 0.0750739 0.0315857 0.0000010 0.0750739 0.0000000 0.0754994 0.0774588 0.1005362 0.0906149 0.0774588 0.0000010 0.0278563 0.0000010 0.0754994 0.0906796 0.1175294 0.0116747 0.0775312 0.0473576 0.0278563 0.1175294 0.1049562 0.0019150 0.0777755 0.0906796 
MW273354_Megalocytivirus_pagrus1_ISKNV 0.0123509 0.0721295 0.0000010 0.0721295 0.0754994 0.0000010 0.0754994 0.0000000 0.0020058 0.0102509 0.0123509 0.0020058 0.0754994 0.0721295 0.0754994 0.0000010 0.0102509 0.0958970 0.0757484 0.0020065 0.0820264 0.0721295 0.0958970 0.0863058 0.0754994 0.0020114 0.0102509 
OQ513807_Megalocytivirus_pagrus1_ISKNV 0.0143581 0.0741482 0.0019969 0.0741482 0.0774588 0.0019969 0.0774588 0.0020058 0.0000000 0.0122580 0.0143581 0.0000010 0.0774588 0.0741482 0.0774588 0.0020058 0.0122580 0.1009620 0.0777132 0.0040006 0.0840471 0.0741482 0.1009620 0.0971772 0.0774588 0.0040102 0.0122580 
PP151097_Megalocytivirus_pagrus1_ISKNV 0.0039681 0.0990364 0.0102015 0.0990364 0.1005362 0.0102015 0.1005362 0.0102509 0.0122580 0.0000000 0.0039681 0.0122580 0.0934211 0.0997674 0.0934211 0.0102509 0.0019758 0.1235412 0.1008706 0.0122632 0.1097466 0.0997674 0.1235412 0.1070623 0.1003575 0.0122935 0.0019758 
MW883595_Megalocytivirus_pagrus1_ISKNV 0.0000010 0.0838488 0.0122910 0.0838488 0.0906149 0.0122910 0.0906149 0.0123509 0.0143581 0.0039681 0.0000000 0.0143581 0.0906149 0.0838488 0.0906149 0.0123509 0.0019754 0.1098895 0.0883486 0.0143644 0.0940433 0.0838488 0.1098895 0.1043421 0.0921531 0.0144003 0.0019754 
OR670976_Megalocytivirus_pagrus1_ISKNV 0.0143581 0.0741482 0.0019969 0.0741482 0.0774588 0.0019969 0.0774588 0.0020058 0.0000010 0.0122580 0.0143581 0.0000000 0.0774588 0.0741482 0.0774588 0.0020058 0.0122580 0.1009620 0.0777132 0.0040006 0.0840471 0.0741482 0.1009620 0.0971772 0.0774588 0.0040102 0.0122580 
ON740976_Megalocytivirus_pagrus1_RSIV  0.0906149 0.0299859 0.0750739 0.0299859 0.0000010 0.0750739 0.0000010 0.0754994 0.0774588 0.0934211 0.0906149 0.0774588 0.0000000 0.0261080 0.0000010 0.0754994 0.0906796 0.1158457 0.0118342 0.0775312 0.0459044 0.0261080 0.1158457 0.1049562 0.0019407 0.0777755 0.0906796 
OK042109_Megalocytivirus_pagrus1_RSIV  0.0838488 0.0000010 0.0717153 0.0000010 0.0278563 0.0717153 0.0278563 0.0721295 0.0741482 0.0997674 0.0838488 0.0741482 0.0261080 0.0000000 0.0261080 0.0721295 0.0839095 0.1097246 0.0340637 0.0742173 0.0139143 0.0000010 0.1097246 0.0985708 0.0263424 0.0744546 0.0839095 
ON743042_Megalocytivirus_pagrus1_RSIV  0.0906149 0.0299859 0.0750739 0.0299859 0.0000010 0.0750739 0.0000010 0.0754994 0.0774588 0.0934211 0.0906149 0.0774588 0.0000010 0.0261080 0.0000000 0.0754994 0.0906796 0.1158457 0.0118342 0.0775312 0.0459044 0.0261080 0.1158457 0.1049562 0.0019407 0.0777755 0.0906796 
MW883594_Megalocytivirus_pagrus1_ISKNV 0.0123509 0.0721295 0.0000010 0.0721295 0.0754994 0.0000010 0.0754994 0.0000010 0.0020058 0.0102509 0.0123509 0.0020058 0.0754994 0.0721295 0.0754994 0.0000000 0.0102509 0.0958970 0.0757484 0.0020065 0.0820264 0.0721295 0.0958970 0.0863058 0.0754994 0.0020114 0.0102509 
PP974677_Megalocytivirus_pagrus1_ISKNV 0.0019754 0.0839095 0.0102015 0.0839095 0.0906796 0.0102015 0.0906796 0.0102509 0.0122580 0.0019758 0.0019754 0.0122580 0.0906796 0.0839095 0.0906796 0.0102509 0.0000000 0.1126725 0.0909775 0.0122632 0.0941152 0.0839095 0.1126725 0.1070623 0.0922201 0.0122935 0.0000010 
MG570131_Megalocytivirus_pagrus1_TRBIV 0.1098895 0.1097246 0.0985178 0.1097246 0.1175294 0.0985178 0.1175294 0.0958970 0.1009620 0.1235412 0.1098895 0.1009620 0.1158457 0.1097246 0.1158457 0.0958970 0.1126725 0.0000000 0.1153643 0.1010739 0.1201810 0.1097246 0.0000010 0.0499210 0.1175294 0.1014126 0.1126725 
OQ475017_Megalocytivirus_pagrus1_RSIV  0.0883486 0.0376872 0.0753198 0.0376872 0.0116747 0.0753198 0.0116747 0.0757484 0.0777132 0.1008706 0.0883486 0.0777132 0.0118342 0.0340637 0.0118342 0.0757484 0.0909775 0.1153643 0.0000000 0.0777862 0.0537609 0.0340637 0.1153643 0.0925355 0.0116314 0.0780322 0.0909775 
MK689685_Megalocytivirus_pagrus1_ISKNV 0.0143644 0.0742173 0.0019976 0.0742173 0.0775312 0.0019976 0.0775312 0.0020065 0.0040006 0.0122632 0.0143644 0.0040006 0.0775312 0.0742173 0.0775312 0.0020065 0.0122632 0.1010739 0.0777862 0.0000000 0.0841334 0.0742173 0.1010739 0.0972805 0.0775312 0.0040117 0.0122632 
MW883598_Megalocytivirus_pagrus1_RSIV  0.0940433 0.0137321 0.0815389 0.0137321 0.0473576 0.0815389 0.0473576 0.0820264 0.0840471 0.1097466 0.0940433 0.0840471 0.0459044 0.0139143 0.0459044 0.0820264 0.0941152 0.1201810 0.0537609 0.0841334 0.0000000 0.0139143 0.1201810 0.1087924 0.0439862 0.0844152 0.0941152 
KT804738_Megalocytivirus_pagrus1_RSIV  0.0838488 0.0000010 0.0717153 0.0000010 0.0278563 0.0717153 0.0278563 0.0721295 0.0741482 0.0997674 0.0838488 0.0741482 0.0261080 0.0000010 0.0261080 0.0721295 0.0839095 0.1097246 0.0340637 0.0742173 0.0139143 0.0000000 0.1097246 0.0985708 0.0263424 0.0744546 0.0839095 
MG570132_Megalocytivirus_pagrus1_TRBIV 0.1098895 0.1097246 0.0985178 0.1097246 0.1175294 0.0985178 0.1175294 0.0958970 0.1009620 0.1235412 0.1098895 0.1009620 0.1158457 0.1097246 0.1158457 0.0958970 0.1126725 0.0000010 0.1153643 0.1010739 0.1201810 0.1097246 0.0000000 0.0499210 0.1175294 0.1014126 0.1126725 
GQ273492_Megalocytivirus_pagrus1_TRBIV 0.1043421 0.0985708 0.0947830 0.0985708 0.1049562 0.0947830 0.1049562 0.0863058 0.0971772 0.1070623 0.1043421 0.0971772 0.1049562 0.0985708 0.1049562 0.0863058 0.1070623 0.0499210 0.0925355 0.0972805 0.1087924 0.0985708 0.0499210 0.0000000 0.1049562 0.0975979 0.1070623 
OL774655_Megalocytivirus_pagrus1_RSIV  0.0921531 0.0281028 0.0750739 0.0281028 0.0019150 0.0750739 0.0019150 0.0754994 0.0774588 0.1003575 0.0921531 0.0774588 0.0019407 0.0263424 0.0019407 0.0754994 0.0922201 0.1175294 0.0116314 0.0775312 0.0439862 0.0263424 0.1175294 0.1049562 0.0000000 0.0777755 0.0922201 
MT926123_Megalocytivirus_pagrus1_ISKNV 0.0144003 0.0744546 0.0020024 0.0744546 0.0777755 0.0020024 0.0777755 0.0020114 0.0040102 0.0122935 0.0144003 0.0040102 0.0777755 0.0744546 0.0777755 0.0020114 0.0122935 0.1014126 0.0780322 0.0040117 0.0844152 0.0744546 0.1014126 0.0975979 0.0777755 0.0000000 0.0122935 
MT986830_Megalocytivirus_pagrus1_ISKNV 0.0019754 0.0839095 0.0102015 0.0839095 0.0906796 0.0102015 0.0906796 0.0102509 0.0122580 0.0019758 0.0019754 0.0122580 0.0906796 0.0839095 0.0906796 0.0102509 0.0000010 0.1126725 0.0909775 0.0122632 0.0941152 0.0839095 0.1126725 0.1070623 0.0922201 0.0122935 0.0000000 
