25
MK098186_Megalocytivirus_pagrus1_RSIV     0.0000000 0.1110411 0.0708672 0.1031125 0.1020194 0.0000010 0.0039023 0.1020194 0.0881262 0.1065519 0.0708672 0.0039201 0.0039023 0.1058634 0.1065519 0.1676111 0.0619978 0.1115316 0.0881262 0.1110411 0.1058634 0.1115316 0.0446441 0.0446441 0.1031125 
MT128667_Megalocytivirus_pagrus1_ISKNV    0.1110411 0.0000000 0.1168079 0.1022774 0.0077990 0.1110411 0.1062020 0.0077990 0.0534326 0.0038852 0.1168079 0.1062020 0.1062020 0.0077973 0.0038852 0.1797980 0.1072805 0.0078231 0.0534326 0.0000010 0.0077973 0.0078231 0.1174155 0.1174155 0.1022774 
AY894343_Megalocytivirus_pagrus1_RSIV     0.0708672 0.1168079 0.0000000 0.0991486 0.1076430 0.0708672 0.0663492 0.1076430 0.0747734 0.1122488 0.0000010 0.0666731 0.0663492 0.1115150 0.1122488 0.1833415 0.0077698 0.1173276 0.0747734 0.1168079 0.1115150 0.1173276 0.0238262 0.0238262 0.0991486 
MG570131_Megalocytivirus_pagrus1_TRBIV    0.1031125 0.1022774 0.0991486 0.0000000 0.0930886 0.1031125 0.0982825 0.0930886 0.0842226 0.0977043 0.0991486 0.0982825 0.0982825 0.0970572 0.0977043 0.1716807 0.0897712 0.1027432 0.0842226 0.1022774 0.0970572 0.1027432 0.0996608 0.0996608 0.0000010 
23043610005_Megalocytivirus_pagrus1_ISKNV 0.1020194 0.0077990 0.1076430 0.0930886 0.0000000 0.1020194 0.0972534 0.0000010 0.0449787 0.0038902 0.1076430 0.0972534 0.0972534 0.0078074 0.0038902 0.1697684 0.0982256 0.0078332 0.0449787 0.0077990 0.0078074 0.0078332 0.1081991 0.1081991 0.0930886 
MK098187_Megalocytivirus_pagrus1_RSIV     0.0000010 0.1110411 0.0708672 0.1031125 0.1020194 0.0000000 0.0039023 0.1020194 0.0881262 0.1065519 0.0708672 0.0039201 0.0039023 0.1058634 0.1065519 0.1676111 0.0619978 0.1115316 0.0881262 0.1110411 0.1058634 0.1115316 0.0446441 0.0446441 0.1031125 
MK098185_Megalocytivirus_pagrus1_RSIV     0.0039023 0.1062020 0.0663492 0.0982825 0.0972534 0.0039023 0.0000000 0.0972534 0.0834982 0.1017483 0.0663492 0.0000010 0.0000010 0.1010939 0.1017483 0.1620643 0.0575659 0.1066705 0.0834982 0.1062020 0.1010939 0.1066705 0.0403843 0.0403843 0.0982825 
23043610003_Megalocytivirus_pagrus1_ISKNV 0.1020194 0.0077990 0.1076430 0.0930886 0.0000010 0.1020194 0.0972534 0.0000000 0.0449787 0.0038902 0.1076430 0.0972534 0.0972534 0.0078074 0.0038902 0.1697684 0.0982256 0.0078332 0.0449787 0.0077990 0.0078074 0.0078332 0.1081991 0.1081991 0.0930886 
MN432490_Megalocytivirus_pagrus1_ISKNV    0.0881262 0.0534326 0.0747734 0.0842226 0.0449787 0.0881262 0.0834982 0.0449787 0.0000000 0.0492109 0.0747734 0.0834982 0.0834982 0.0488998 0.0492109 0.1590068 0.0659177 0.0536723 0.0000010 0.0534326 0.0488998 0.0536723 0.0751430 0.0751430 0.0842226 
PP151097_Megalocytivirus_pagrus1_ISKNV    0.1065519 0.0038852 0.1122488 0.0977043 0.0038902 0.1065519 0.1017483 0.0038902 0.0492109 0.0000000 0.1122488 0.1017483 0.1017483 0.0038894 0.0000010 0.1748168 0.1027739 0.0039023 0.0492109 0.0038852 0.0038894 0.0039023 0.1128299 0.1128299 0.0977043 
KC244182_Megalocytivirus_pagrus1_RSIV     0.0708672 0.1168079 0.0000010 0.0991486 0.1076430 0.0708672 0.0663492 0.1076430 0.0747734 0.1122488 0.0000000 0.0666731 0.0663492 0.1115150 0.1122488 0.1833415 0.0077698 0.1173276 0.0747734 0.1168079 0.1115150 0.1173276 0.0238262 0.0238262 0.0991486 
OQ475017_Megalocytivirus_pagrus1_RSIV     0.0039201 0.1062020 0.0666731 0.0982825 0.0972534 0.0039201 0.0000010 0.0972534 0.0834982 0.1017483 0.0666731 0.0000000 0.0000010 0.1010939 0.1017483 0.1620643 0.0578445 0.1066705 0.0834982 0.1062020 0.1010939 0.1066705 0.0405761 0.0405761 0.0982825 
MW139932_Megalocytivirus_pagrus1_RSIV     0.0039023 0.1062020 0.0663492 0.0982825 0.0972534 0.0039023 0.0000010 0.0972534 0.0834982 0.1017483 0.0663492 0.0000010 0.0000000 0.1010939 0.1017483 0.1620643 0.0575659 0.1066705 0.0834982 0.1062020 0.1010939 0.1066705 0.0403843 0.0403843 0.0982825 
MW883597_Megalocytivirus_pagrus1_ISKNV    0.1058634 0.0077973 0.1115150 0.0970572 0.0078074 0.1058634 0.1010939 0.0078074 0.0488998 0.0038894 0.1115150 0.1010939 0.1010939 0.0000000 0.0038894 0.1740828 0.1021054 0.0078316 0.0488998 0.0077973 0.0000010 0.0078316 0.1120893 0.1120893 0.0970572 
MW883606_Megalocytivirus_pagrus1_ISKNV    0.1065519 0.0038852 0.1122488 0.0977043 0.0038902 0.1065519 0.1017483 0.0038902 0.0492109 0.0000010 0.1122488 0.1017483 0.1017483 0.0038894 0.0000000 0.1748168 0.1027739 0.0039023 0.0492109 0.0038852 0.0038894 0.0039023 0.1128299 0.1128299 0.0977043 
GQ273492_Megalocytivirus_pagrus1_TRBIV    0.1676111 0.1797980 0.1833415 0.1716807 0.1697684 0.1676111 0.1620643 0.1697684 0.1590068 0.1748168 0.1833415 0.1620643 0.1620643 0.1740828 0.1748168 0.0000000 0.1726924 0.1805899 0.1590068 0.1797980 0.1740828 0.1805899 0.1626201 0.1626201 0.1716807 
MW883598_Megalocytivirus_pagrus1_RSIV     0.0619978 0.1072805 0.0077698 0.0897712 0.0982256 0.0619978 0.0575659 0.0982256 0.0659177 0.1027739 0.0077698 0.0578445 0.0575659 0.1021054 0.1027739 0.1726924 0.0000000 0.1077589 0.0659177 0.1072805 0.1021054 0.1077589 0.0157497 0.0157497 0.0897712 
OR670976_Megalocytivirus_pagrus1_ISKNV    0.1115316 0.0078231 0.1173276 0.1027432 0.0078332 0.1115316 0.1066705 0.0078332 0.0536723 0.0039023 0.1173276 0.1066705 0.1066705 0.0078316 0.0039023 0.1805899 0.1077589 0.0000000 0.0536723 0.0078231 0.0078316 0.0000010 0.1179403 0.1179403 0.1027432 
MW883595_Megalocytivirus_pagrus1_ISKNV    0.0881262 0.0534326 0.0747734 0.0842226 0.0449787 0.0881262 0.0834982 0.0449787 0.0000010 0.0492109 0.0747734 0.0834982 0.0834982 0.0488998 0.0492109 0.1590068 0.0659177 0.0536723 0.0000000 0.0534326 0.0488998 0.0536723 0.0751430 0.0751430 0.0842226 
MT128666_Megalocytivirus_pagrus1_ISKNV    0.1110411 0.0000010 0.1168079 0.1022774 0.0077990 0.1110411 0.1062020 0.0077990 0.0534326 0.0038852 0.1168079 0.1062020 0.1062020 0.0077973 0.0038852 0.1797980 0.1072805 0.0078231 0.0534326 0.0000000 0.0077973 0.0078231 0.1174155 0.1174155 0.1022774 
MW883596_Megalocytivirus_pagrus1_ISKNV    0.1058634 0.0077973 0.1115150 0.0970572 0.0078074 0.1058634 0.1010939 0.0078074 0.0488998 0.0038894 0.1115150 0.1010939 0.1010939 0.0000010 0.0038894 0.1740828 0.1021054 0.0078316 0.0488998 0.0077973 0.0000000 0.0078316 0.1120893 0.1120893 0.0970572 
OQ513807_Megalocytivirus_pagrus1_ISKNV    0.1115316 0.0078231 0.1173276 0.1027432 0.0078332 0.1115316 0.1066705 0.0078332 0.0536723 0.0039023 0.1173276 0.1066705 0.1066705 0.0078316 0.0039023 0.1805899 0.1077589 0.0000010 0.0536723 0.0078231 0.0078316 0.0000000 0.1179403 0.1179403 0.1027432 
ON743042_Megalocytivirus_pagrus1_RSIV     0.0446441 0.1174155 0.0238262 0.0996608 0.1081991 0.0446441 0.0403843 0.1081991 0.0751430 0.1128299 0.0238262 0.0405761 0.0403843 0.1120893 0.1128299 0.1626201 0.0157497 0.1179403 0.0751430 0.1174155 0.1120893 0.1179403 0.0000000 0.0000010 0.0996608 
OK042108_Megalocytivirus_pagrus1_RSIV     0.0446441 0.1174155 0.0238262 0.0996608 0.1081991 0.0446441 0.0403843 0.1081991 0.0751430 0.1128299 0.0238262 0.0405761 0.0403843 0.1120893 0.1128299 0.1626201 0.0157497 0.1179403 0.0751430 0.1174155 0.1120893 0.1179403 0.0000010 0.0000000 0.0996608 
MG570132_Megalocytivirus_pagrus1_TRBIV    0.1031125 0.1022774 0.0991486 0.0000010 0.0930886 0.1031125 0.0982825 0.0930886 0.0842226 0.0977043 0.0991486 0.0982825 0.0982825 0.0970572 0.0977043 0.1716807 0.0897712 0.1027432 0.0842226 0.1022774 0.0970572 0.1027432 0.0996608 0.0996608 0.0000000 
