20
MW883596_Megalocytivirus_pagrus1_ISKNV 0.0000000 0.0779116 0.0689358 0.0734772 0.0000010 0.0779116 0.0096895 0.0689358 0.0096895 0.1024959 0.0019224 0.5311648 0.5311648 0.0757646 0.0757646 0.0019224 0.0608019 0.1024959 0.0019228 0.0827982 
AY894343_Megalocytivirus_pagrus1_RSIV  0.0779116 0.0000000 0.0252824 0.0076196 0.0779116 0.0000010 0.0714628 0.0252824 0.0714628 0.0796633 0.0801060 0.4734486 0.4734486 0.0018956 0.0018956 0.0801060 0.0333964 0.0796633 0.0801361 0.0600621 
MK098186_Megalocytivirus_pagrus1_RSIV  0.0689358 0.0252824 0.0000000 0.0173973 0.0689358 0.0252824 0.0625590 0.0000010 0.0625590 0.0859992 0.0711009 0.4306303 0.4306303 0.0233168 0.0233168 0.0711009 0.0173767 0.0859992 0.0711258 0.0663043 
OK042108_Megalocytivirus_pagrus1_RSIV  0.0734772 0.0076196 0.0173973 0.0000000 0.0734772 0.0076196 0.0670602 0.0173973 0.0670602 0.0795599 0.0756586 0.4745052 0.4745052 0.0095462 0.0095462 0.0756586 0.0253824 0.0795599 0.0756860 0.0599874 
AF371960_Megalocytivirus_pagrus1_ISKNV 0.0000010 0.0779116 0.0689358 0.0734772 0.0000000 0.0779116 0.0096895 0.0689358 0.0096895 0.1024959 0.0019224 0.5311648 0.5311648 0.0757646 0.0757646 0.0019224 0.0608019 0.1024959 0.0019228 0.0827982 
AP017456_Megalocytivirus_pagrus1_RSIV  0.0779116 0.0000010 0.0252824 0.0076196 0.0779116 0.0000000 0.0714628 0.0252824 0.0714628 0.0796633 0.0801060 0.4734486 0.4734486 0.0018956 0.0018956 0.0801060 0.0333964 0.0796633 0.0801361 0.0600621 
MN432490_Megalocytivirus_pagrus1_ISKNV 0.0096895 0.0714628 0.0625590 0.0670602 0.0096895 0.0714628 0.0000000 0.0625590 0.0000010 0.0958820 0.0116447 0.5286347 0.5286347 0.0693253 0.0693253 0.0116447 0.0544193 0.0958820 0.0116470 0.0763580 
MK098185_Megalocytivirus_pagrus1_RSIV  0.0689358 0.0252824 0.0000010 0.0173973 0.0689358 0.0252824 0.0625590 0.0000000 0.0625590 0.0859992 0.0711009 0.4306303 0.4306303 0.0233168 0.0233168 0.0711009 0.0173767 0.0859992 0.0711258 0.0663043 
PP151097_Megalocytivirus_pagrus1_ISKNV 0.0096895 0.0714628 0.0625590 0.0670602 0.0096895 0.0714628 0.0000010 0.0625590 0.0000000 0.0958820 0.0116447 0.5286347 0.5286347 0.0693253 0.0693253 0.0116447 0.0544193 0.0958820 0.0116470 0.0763580 
MG570132_Megalocytivirus_pagrus1_TRBIV 0.1024959 0.0796633 0.0859992 0.0795599 0.1024959 0.0796633 0.0958820 0.0859992 0.0958820 0.0000000 0.1047596 0.5931968 0.5931968 0.0775079 0.0775079 0.1047596 0.0750395 0.0000010 0.1048063 0.0459012 
MT128667_Megalocytivirus_pagrus1_ISKNV 0.0019224 0.0801060 0.0711009 0.0756586 0.0019224 0.0801060 0.0116447 0.0711009 0.0116447 0.1047596 0.0000000 0.5356422 0.5356422 0.0779548 0.0779548 0.0000010 0.0629654 0.1047596 0.0038512 0.0849937 
BD143114_Megalocytivirus_pagrus1_RSIV  0.5311648 0.4734486 0.4306303 0.4745052 0.5311648 0.4734486 0.5286347 0.4306303 0.5286347 0.5931968 0.5356422 0.0000000 0.0000010 0.4692864 0.4692864 0.5356422 0.4602267 0.5931968 0.5367816 0.5437494 
AB104413_Megalocytivirus_pagrus1_RSIV  0.5311648 0.4734486 0.4306303 0.4745052 0.5311648 0.4734486 0.5286347 0.4306303 0.5286347 0.5931968 0.5356422 0.0000010 0.0000000 0.4692864 0.4692864 0.5356422 0.4602267 0.5931968 0.5367816 0.5437494 
MT798582_Megalocytivirus_pagrus1_RSIV  0.0757646 0.0018956 0.0233168 0.0095462 0.0757646 0.0018956 0.0693253 0.0233168 0.0693253 0.0775079 0.0779548 0.4692864 0.4692864 0.0000000 0.0000010 0.0779548 0.0314034 0.0775079 0.0779836 0.0579497 
ON075463_Megalocytivirus_pagrus1_RSIV  0.0757646 0.0018956 0.0233168 0.0095462 0.0757646 0.0018956 0.0693253 0.0233168 0.0693253 0.0775079 0.0779548 0.4692864 0.4692864 0.0000010 0.0000000 0.0779548 0.0314034 0.0775079 0.0779836 0.0579497 
MT128666_Megalocytivirus_pagrus1_ISKNV 0.0019224 0.0801060 0.0711009 0.0756586 0.0019224 0.0801060 0.0116447 0.0711009 0.0116447 0.1047596 0.0000010 0.5356422 0.5356422 0.0779548 0.0779548 0.0000000 0.0629654 0.1047596 0.0038512 0.0849937 
OQ475017_Megalocytivirus_pagrus1_RSIV  0.0608019 0.0333964 0.0173767 0.0253824 0.0608019 0.0333964 0.0544193 0.0173767 0.0544193 0.0750395 0.0629654 0.4602267 0.4602267 0.0314034 0.0314034 0.0629654 0.0000000 0.0750395 0.0629862 0.0469364 
MG570131_Megalocytivirus_pagrus1_TRBIV 0.1024959 0.0796633 0.0859992 0.0795599 0.1024959 0.0796633 0.0958820 0.0859992 0.0958820 0.0000010 0.1047596 0.5931968 0.5931968 0.0775079 0.0775079 0.1047596 0.0750395 0.0000000 0.1048063 0.0459012 
MW883602_Megalocytivirus_pagrus1_ISKNV 0.0019228 0.0801361 0.0711258 0.0756860 0.0019228 0.0801361 0.0116470 0.0711258 0.0116470 0.1048063 0.0038512 0.5367816 0.5367816 0.0779836 0.0779836 0.0038512 0.0629862 0.1048063 0.0000000 0.0850265 
GQ273492_Megalocytivirus_pagrus1_TRBIV 0.0827982 0.0600621 0.0663043 0.0599874 0.0827982 0.0600621 0.0763580 0.0663043 0.0763580 0.0459012 0.0849937 0.5437494 0.5437494 0.0579497 0.0579497 0.0849937 0.0469364 0.0459012 0.0850265 0.0000000 
