19
23043610003_Megalocytivirus_pagrus1_ISKNV 0.0000000 0.2533238 0.2425779 0.2425729 0.0000010 0.2911500 0.2533238 0.2425729 0.2533238 0.3464505 0.0675339 0.2911500 0.0675339 0.3464505 0.0060386 0.2695842 0.0060884 0.2846068 0.0060884 
OQ475017_Megalocytivirus_pagrus1_RSIV     0.2533238 0.0000000 0.2979360 0.0273515 0.2533238 0.0708492 0.0000010 0.0273515 0.0000010 0.2808696 0.2870780 0.0708492 0.2870780 0.2808696 0.2580639 0.0066776 0.2688836 0.0134983 0.2688836 
GQ273492_Megalocytivirus_pagrus1_TRBIV    0.2425779 0.2979360 0.0000000 0.3786186 0.2425779 0.4935155 0.4361979 0.3786186 0.4361979 0.1133693 0.2844330 0.4935155 0.2844330 0.1133693 0.2399538 0.4541227 0.2577988 0.4711577 0.2577988 
MT798582_Megalocytivirus_pagrus1_RSIV     0.2425729 0.0273515 0.3786186 0.0000000 0.2425729 0.2082995 0.1197028 0.0000010 0.1197028 0.2616109 0.2907797 0.2082995 0.2907797 0.2616109 0.2573288 0.1302990 0.2583969 0.1404068 0.2583969 
MW883599_Megalocytivirus_pagrus1_ISKNV    0.0000010 0.2533238 0.2425779 0.2425729 0.0000000 0.2911500 0.2533238 0.2425729 0.2533238 0.3464505 0.0675339 0.2911500 0.0675339 0.3464505 0.0060386 0.2695842 0.0060884 0.2846068 0.0060884 
BD143114_Megalocytivirus_pagrus1_RSIV     0.2911500 0.0708492 0.4935155 0.2082995 0.2911500 0.0000000 0.0630222 0.2082995 0.0630222 0.3472121 0.3206163 0.0000010 0.3206163 0.3472121 0.2955461 0.0719500 0.3076650 0.0808109 0.3076650 
ON740976_Megalocytivirus_pagrus1_RSIV     0.2533238 0.0000010 0.4361979 0.1197028 0.2533238 0.0630222 0.0000000 0.1197028 0.0000010 0.2808696 0.2870780 0.0630222 0.2870780 0.2808696 0.2580639 0.0061026 0.2688836 0.0123204 0.2688836 
KC244182_Megalocytivirus_pagrus1_RSIV     0.2425729 0.0273515 0.3786186 0.0000010 0.2425729 0.2082995 0.1197028 0.0000000 0.1197028 0.2616109 0.2907797 0.2082995 0.2907797 0.2616109 0.2573288 0.1302990 0.2583969 0.1404068 0.2583969 
MW139932_Megalocytivirus_pagrus1_RSIV     0.2533238 0.0000010 0.4361979 0.1197028 0.2533238 0.0630222 0.0000010 0.1197028 0.0000000 0.2808696 0.2870780 0.0630222 0.2870780 0.2808696 0.2580639 0.0061026 0.2688836 0.0123204 0.2688836 
MG570131_Megalocytivirus_pagrus1_TRBIV    0.3464505 0.2808696 0.1133693 0.2616109 0.3464505 0.3472121 0.2808696 0.2616109 0.2808696 0.0000000 0.3568223 0.3472121 0.3568223 0.0000010 0.3434868 0.2993704 0.3648229 0.3165048 0.3648229 
MW883595_Megalocytivirus_pagrus1_ISKNV    0.0675339 0.2870780 0.2844330 0.2907797 0.0675339 0.3206163 0.2870780 0.2907797 0.2870780 0.3568223 0.0000000 0.3206163 0.0000010 0.3568223 0.0667803 0.3044781 0.0760979 0.3204770 0.0760979 
AB104413_Megalocytivirus_pagrus1_RSIV     0.2911500 0.0708492 0.4935155 0.2082995 0.2911500 0.0000010 0.0630222 0.2082995 0.0630222 0.3472121 0.3206163 0.0000000 0.3206163 0.3472121 0.2955461 0.0719500 0.3076650 0.0808109 0.3076650 
MN432490_Megalocytivirus_pagrus1_ISKNV    0.0675339 0.2870780 0.2844330 0.2907797 0.0675339 0.3206163 0.2870780 0.2907797 0.2870780 0.3568223 0.0000010 0.3206163 0.0000000 0.3568223 0.0667803 0.3044781 0.0760979 0.3204770 0.0760979 
MG570132_Megalocytivirus_pagrus1_TRBIV    0.3464505 0.2808696 0.1133693 0.2616109 0.3464505 0.3472121 0.2808696 0.2616109 0.2808696 0.0000010 0.3568223 0.3472121 0.3568223 0.0000000 0.3434868 0.2993704 0.3648229 0.3165048 0.3648229 
MW883602_Megalocytivirus_pagrus1_ISKNV    0.0060386 0.2580639 0.2399538 0.2573288 0.0060386 0.2955461 0.2580639 0.2573288 0.2580639 0.3434868 0.0667803 0.2955461 0.0667803 0.3434868 0.0000000 0.2741822 0.0123508 0.2890522 0.0123508 
MK098186_Megalocytivirus_pagrus1_RSIV     0.2695842 0.0066776 0.4541227 0.1302990 0.2695842 0.0719500 0.0061026 0.1302990 0.0061026 0.2993704 0.3044781 0.0719500 0.3044781 0.2993704 0.2741822 0.0000000 0.2855385 0.0060634 0.2855385 
OR670976_Megalocytivirus_pagrus1_ISKNV    0.0060884 0.2688836 0.2577988 0.2583969 0.0060884 0.3076650 0.2688836 0.2583969 0.2688836 0.3648229 0.0760979 0.3076650 0.0760979 0.3648229 0.0123508 0.2855385 0.0000000 0.3008919 0.0000010 
MK098187_Megalocytivirus_pagrus1_RSIV     0.2846068 0.0134983 0.4711577 0.1404068 0.2846068 0.0808109 0.0123204 0.1404068 0.0123204 0.3165048 0.3204770 0.0808109 0.3204770 0.3165048 0.2890522 0.0060634 0.3008919 0.0000000 0.3008919 
OQ513807_Megalocytivirus_pagrus1_ISKNV    0.0060884 0.2688836 0.2577988 0.2583969 0.0060884 0.3076650 0.2688836 0.2583969 0.2688836 0.3648229 0.0760979 0.3076650 0.0760979 0.3648229 0.0123508 0.2855385 0.0000010 0.3008919 0.0000000 
