23
OK042109_Megalocytivirus_pagrus1_RSIV     0.0000000 0.1133145 0.0894645 0.1209455 0.1133145 0.0894645 0.0033983 0.1247065 0.1132731 0.1095298 0.0000010 0.1171195 0.1095298 0.1169851 0.0068780 0.1209455 0.0033983 0.1172394 0.1172394 0.1170693 0.1171605 0.1095095 0.1095774 
MK689685_Megalocytivirus_pagrus1_ISKNV    0.1133145 0.0000000 0.1389603 0.0069090 0.0000010 0.1389603 0.1170693 0.1400309 0.1322521 0.0034503 0.1133145 0.0034503 0.0034503 0.0034464 0.1047127 0.0069090 0.1170693 0.0034532 0.0034532 0.0034488 0.0034503 0.0034503 0.1285294 
BD143114_Megalocytivirus_pagrus1_RSIV     0.0894645 0.1389603 0.0000000 0.1466919 0.1389603 0.0000010 0.0931225 0.1381754 0.1342302 0.1351315 0.0894645 0.1428113 0.1351315 0.1426482 0.0812909 0.1466919 0.0931225 0.1429610 0.1429610 0.1427516 0.1428650 0.1351059 0.1305450 
MT926123_Megalocytivirus_pagrus1_ISKNV    0.1209455 0.0069090 0.1466919 0.0000000 0.0069090 0.1466919 0.1247175 0.1478045 0.1399791 0.0103779 0.1209455 0.0103776 0.0103779 0.0103659 0.1122410 0.0000010 0.1247175 0.0103868 0.0103868 0.0034503 0.0103801 0.0103763 0.1362434 
23043610005_Megalocytivirus_pagrus1_ISKNV 0.1133145 0.0000010 0.1389603 0.0069090 0.0000000 0.1389603 0.1170693 0.1400309 0.1322521 0.0034503 0.1133145 0.0034503 0.0034503 0.0034464 0.1047127 0.0069090 0.1170693 0.0034532 0.0034532 0.0034488 0.0034503 0.0034503 0.1285294 
OQ475017_Megalocytivirus_pagrus1_RSIV     0.0894645 0.1389603 0.0000010 0.1466919 0.1389603 0.0000000 0.0931225 0.1381754 0.1342302 0.1351315 0.0894645 0.1428113 0.1351315 0.1426482 0.0812909 0.1466919 0.0931225 0.1429610 0.1429610 0.1427516 0.1428650 0.1351059 0.1305450 
AP017456_Megalocytivirus_pagrus1_RSIV     0.0033983 0.1170693 0.0931225 0.1247175 0.1170693 0.0931225 0.0000000 0.1284798 0.1170263 0.1132769 0.0033983 0.1208824 0.1132769 0.1207437 0.0103261 0.1247175 0.0000010 0.1210067 0.1210067 0.1208308 0.1209252 0.1132559 0.1133272 
GQ273492_Megalocytivirus_pagrus1_TRBIV    0.1247065 0.1400309 0.1381754 0.1478045 0.1400309 0.1381754 0.1284798 0.0000000 0.0453315 0.1361810 0.1247065 0.1439028 0.1361810 0.1437377 0.1159666 0.1478045 0.1284798 0.1440546 0.1440546 0.1438425 0.1439573 0.1361551 0.0418251 
MG570132_Megalocytivirus_pagrus1_TRBIV    0.1132731 0.1322521 0.1342302 0.1399791 0.1322521 0.1342302 0.1170263 0.0453315 0.0000000 0.1284237 0.1132731 0.1361021 0.1284237 0.1359461 0.1088220 0.1399791 0.1170263 0.1362444 0.1362444 0.1360448 0.1361525 0.1283995 0.0034328 
MW883595_Megalocytivirus_pagrus1_ISKNV    0.1095298 0.0034503 0.1351315 0.0103779 0.0034503 0.1351315 0.1132769 0.1361810 0.1284237 0.0000000 0.1095298 0.0069097 0.0000010 0.0069019 0.1009786 0.0103779 0.1132769 0.0069159 0.0069159 0.0069066 0.0069114 0.0069088 0.1247067 
AY894343_Megalocytivirus_pagrus1_RSIV     0.0000010 0.1133145 0.0894645 0.1209455 0.1133145 0.0894645 0.0033983 0.1247065 0.1132731 0.1095298 0.0000000 0.1171195 0.1095298 0.1169851 0.0068780 0.1209455 0.0033983 0.1172394 0.1172394 0.1170693 0.1171605 0.1095095 0.1095774 
MW273353_Megalocytivirus_pagrus1_ISKNV    0.1171195 0.0034503 0.1428113 0.0103776 0.0034503 0.1428113 0.1208824 0.1439028 0.1361021 0.0069097 0.1171195 0.0000000 0.0069097 0.0069016 0.1084680 0.0103776 0.1208824 0.0069157 0.0069157 0.0069063 0.0069111 0.0069086 0.1323735 
MN432490_Megalocytivirus_pagrus1_ISKNV    0.1095298 0.0034503 0.1351315 0.0103779 0.0034503 0.1351315 0.1132769 0.1361810 0.1284237 0.0000010 0.1095298 0.0069097 0.0000000 0.0069019 0.1009786 0.0103779 0.1132769 0.0069159 0.0069159 0.0069066 0.0069114 0.0069088 0.1247067 
ON212400_Megalocytivirus_pagrus1_ISKNV    0.1169851 0.0034464 0.1426482 0.0103659 0.0034464 0.1426482 0.1207437 0.1437377 0.1359461 0.0069019 0.1169851 0.0069016 0.0069019 0.0000000 0.1083444 0.0103659 0.1207437 0.0069078 0.0069078 0.0068985 0.0069033 0.0069007 0.1322216 
MW883598_Megalocytivirus_pagrus1_RSIV     0.0068780 0.1047127 0.0812909 0.1122410 0.1047127 0.0812909 0.0103261 0.1159666 0.1088220 0.1009786 0.0068780 0.1084680 0.1009786 0.1083444 0.0000000 0.1122410 0.0103261 0.1085771 0.1085771 0.1084216 0.1085047 0.1009603 0.1051546 
OP009387_Megalocytivirus_pagrus1_ISKNV    0.1209455 0.0069090 0.1466919 0.0000010 0.0069090 0.1466919 0.1247175 0.1478045 0.1399791 0.0103779 0.1209455 0.0103776 0.0103779 0.0103659 0.1122410 0.0000000 0.1247175 0.0103868 0.0103868 0.0034503 0.0103801 0.0103763 0.1362434 
MK689686_Megalocytivirus_pagrus1_RSIV     0.0033983 0.1170693 0.0931225 0.1247175 0.1170693 0.0931225 0.0000010 0.1284798 0.1170263 0.1132769 0.0033983 0.1208824 0.1132769 0.1207437 0.0103261 0.1247175 0.0000000 0.1210067 0.1210067 0.1208308 0.1209252 0.1132559 0.1133272 
OR536350_Megalocytivirus_pagrus1_ISKNV    0.1172394 0.0034532 0.1429610 0.0103868 0.0034532 0.1429610 0.1210067 0.1440546 0.1362444 0.0069159 0.1172394 0.0069157 0.0069159 0.0069078 0.1085771 0.0103868 0.1210067 0.0000000 0.0000010 0.0069125 0.0069173 0.0069148 0.1325114 
MW273354_Megalocytivirus_pagrus1_ISKNV    0.1172394 0.0034532 0.1429610 0.0103868 0.0034532 0.1429610 0.1210067 0.1440546 0.1362444 0.0069159 0.1172394 0.0069157 0.0069159 0.0069078 0.1085771 0.0103868 0.1210067 0.0000010 0.0000000 0.0069125 0.0069173 0.0069148 0.1325114 
KT781098_Megalocytivirus_pagrus1_ISKNV    0.1170693 0.0034488 0.1427516 0.0034503 0.0034488 0.1427516 0.1208308 0.1438425 0.1360448 0.0069066 0.1170693 0.0069063 0.0069066 0.0068985 0.1084216 0.0034503 0.1208308 0.0069125 0.0069125 0.0000000 0.0069080 0.0069054 0.1323175 
MW883601_Megalocytivirus_pagrus1_ISKNV    0.1171605 0.0034503 0.1428650 0.0103801 0.0034503 0.1428650 0.1209252 0.1439573 0.1361525 0.0069114 0.1171605 0.0069111 0.0069114 0.0069033 0.1085047 0.0103801 0.1209252 0.0069173 0.0069173 0.0069080 0.0000000 0.0069102 0.1324220 
OR670976_Megalocytivirus_pagrus1_ISKNV    0.1095095 0.0034503 0.1351059 0.0103763 0.0034503 0.1351059 0.1132559 0.1361551 0.1283995 0.0069088 0.1095095 0.0069086 0.0069088 0.0069007 0.1009603 0.0103763 0.1132559 0.0069148 0.0069148 0.0069054 0.0069102 0.0000000 0.1246832 
MG570131_Megalocytivirus_pagrus1_TRBIV    0.1095774 0.1285294 0.1305450 0.1362434 0.1285294 0.1305450 0.1133272 0.0418251 0.0034328 0.1247067 0.1095774 0.1323735 0.1247067 0.1322216 0.1051546 0.1362434 0.1133272 0.1325114 0.1325114 0.1323175 0.1324220 0.1246832 0.0000000 
