17
MN432490_Megalocytivirus_pagrus1_ISKNV 0.0000000 0.0253021 0.0884003 0.0253021 0.0805504 0.0000010 0.0623730 0.0805504 0.0783502 0.0623730 0.0727784 0.0729954 0.0729954 0.0305032 0.0884093 0.0783502 0.0727784 
MW883597_Megalocytivirus_pagrus1_ISKNV 0.0253021 0.0000000 0.1051194 0.0000010 0.0862059 0.0253021 0.0728002 0.0862059 0.0888612 0.0728002 0.0832270 0.0834759 0.0834759 0.0049989 0.1051312 0.0888612 0.0832270 
MG570131_Megalocytivirus_pagrus1_TRBIV 0.0884003 0.1051194 0.0000000 0.1051194 0.0566652 0.0884003 0.0897592 0.0566652 0.1061391 0.0897592 0.1003391 0.1006436 0.1006436 0.1108968 0.0100892 0.1061391 0.1003391 
OR536350_Megalocytivirus_pagrus1_ISKNV 0.0253021 0.0000010 0.1051194 0.0000000 0.0862059 0.0253021 0.0728002 0.0862059 0.0888612 0.0728002 0.0832270 0.0834759 0.0834759 0.0049989 0.1051312 0.0888612 0.0832270 
OK042109_Megalocytivirus_pagrus1_RSIV  0.0805504 0.0862059 0.0566652 0.0862059 0.0000000 0.0805504 0.0812087 0.0000010 0.0975904 0.0812087 0.0918220 0.0921011 0.0921011 0.0919106 0.0566699 0.0975904 0.0918220 
MW883595_Megalocytivirus_pagrus1_ISKNV 0.0000010 0.0253021 0.0884003 0.0253021 0.0805504 0.0000000 0.0623730 0.0805504 0.0783502 0.0623730 0.0727784 0.0729954 0.0729954 0.0305032 0.0884093 0.0783502 0.0727784 
MK098187_Megalocytivirus_pagrus1_RSIV  0.0623730 0.0728002 0.0897592 0.0728002 0.0812087 0.0623730 0.0000000 0.0812087 0.0254438 0.0000010 0.0101012 0.0203185 0.0203185 0.0783679 0.0897685 0.0254438 0.0101012 
GQ273492_Megalocytivirus_pagrus1_TRBIV 0.0805504 0.0862059 0.0566652 0.0862059 0.0000010 0.0805504 0.0812087 0.0000000 0.0975904 0.0812087 0.0918220 0.0921011 0.0921011 0.0919106 0.0566699 0.0975904 0.0918220 
AP017456_Megalocytivirus_pagrus1_RSIV  0.0783502 0.0888612 0.1061391 0.0888612 0.0975904 0.0783502 0.0254438 0.0975904 0.0000000 0.0254438 0.0151730 0.0050474 0.0050474 0.0945329 0.1061512 0.0000010 0.0151730 
ON743042_Megalocytivirus_pagrus1_RSIV  0.0623730 0.0728002 0.0897592 0.0728002 0.0812087 0.0623730 0.0000010 0.0812087 0.0254438 0.0000000 0.0101012 0.0203185 0.0203185 0.0783679 0.0897685 0.0254438 0.0101012 
MW139932_Megalocytivirus_pagrus1_RSIV  0.0727784 0.0832270 0.1003391 0.0832270 0.0918220 0.0727784 0.0101012 0.0918220 0.0151730 0.0101012 0.0000000 0.0100976 0.0100976 0.0888447 0.1003501 0.0151730 0.0000010 
ON075463_Megalocytivirus_pagrus1_RSIV  0.0729954 0.0834759 0.1006436 0.0834759 0.0921011 0.0729954 0.0203185 0.0921011 0.0050474 0.0203185 0.0100976 0.0000000 0.0000010 0.0891117 0.1006547 0.0050474 0.0100976 
MT798582_Megalocytivirus_pagrus1_RSIV  0.0729954 0.0834759 0.1006436 0.0834759 0.0921011 0.0729954 0.0203185 0.0921011 0.0050474 0.0203185 0.0100976 0.0000010 0.0000000 0.0891117 0.1006547 0.0050474 0.0100976 
MT926123_Megalocytivirus_pagrus1_ISKNV 0.0305032 0.0049989 0.1108968 0.0049989 0.0919106 0.0305032 0.0783679 0.0919106 0.0945329 0.0783679 0.0888447 0.0891117 0.0891117 0.0000000 0.1109097 0.0945329 0.0888447 
MG570132_Megalocytivirus_pagrus1_TRBIV 0.0884093 0.1051312 0.0100892 0.1051312 0.0566699 0.0884093 0.0897685 0.0566699 0.1061512 0.0897685 0.1003501 0.1006547 0.1006547 0.1109097 0.0000000 0.1061512 0.1003501 
MK689686_Megalocytivirus_pagrus1_RSIV  0.0783502 0.0888612 0.1061391 0.0888612 0.0975904 0.0783502 0.0254438 0.0975904 0.0000010 0.0254438 0.0151730 0.0050474 0.0050474 0.0945329 0.1061512 0.0000000 0.0151730 
ON740976_Megalocytivirus_pagrus1_RSIV  0.0727784 0.0832270 0.1003391 0.0832270 0.0918220 0.0727784 0.0101012 0.0918220 0.0151730 0.0101012 0.0000010 0.0100976 0.0100976 0.0888447 0.1003501 0.0151730 0.0000000 
