15
PP151097_Megalocytivirus_pagrus1_ISKNV 0.0000000 0.4751093 0.6739267 0.3765237 0.0000010 0.6483674 0.6739267 0.6483674 0.6009176 0.2751165 0.4751093 0.0154564 0.3765237 0.6878266 0.6698147 
ON740976_Megalocytivirus_pagrus1_RSIV  0.4751093 0.0000000 0.6127352 0.2091615 0.4751093 0.6619606 0.6127352 0.6619606 0.2860290 0.0547040 0.0000010 0.4979474 0.2091615 0.7036320 0.6842474 
OQ475017_Megalocytivirus_pagrus1_RSIV  0.6739267 0.6127352 0.0000000 0.5370384 0.6739267 0.2339586 0.0000010 0.2339586 0.2320338 0.5527372 0.6127352 0.6996256 0.5370384 0.2573673 0.2527845 
MG570132_Megalocytivirus_pagrus1_TRBIV 0.3765237 0.2091615 0.5370384 0.0000000 0.3765237 0.5381777 0.5370384 0.5381777 0.4617014 0.1853890 0.2091615 0.3987992 0.0000010 0.5750452 0.5606020 
MW883597_Megalocytivirus_pagrus1_ISKNV 0.0000010 0.4751093 0.6739267 0.3765237 0.0000000 0.6483674 0.6739267 0.6483674 0.6009176 0.2751165 0.4751093 0.0154564 0.3765237 0.6878266 0.6698147 
ON075463_Megalocytivirus_pagrus1_RSIV  0.6483674 0.6619606 0.2339586 0.5381777 0.6483674 0.0000000 0.2339586 0.0000010 0.4913108 0.5585351 0.6619606 0.6741086 0.5381777 0.0160217 0.0157983 
MK098185_Megalocytivirus_pagrus1_RSIV  0.6739267 0.6127352 0.0000010 0.5370384 0.6739267 0.2339586 0.0000000 0.2339586 0.2320338 0.5527372 0.6127352 0.6996256 0.5370384 0.2573673 0.2527845 
AP017456_Megalocytivirus_pagrus1_RSIV  0.6483674 0.6619606 0.2339586 0.5381777 0.6483674 0.0000010 0.2339586 0.0000000 0.4913108 0.5585351 0.6619606 0.6741086 0.5381777 0.0160217 0.0157983 
OK042108_Megalocytivirus_pagrus1_RSIV  0.6009176 0.2860290 0.2320338 0.4617014 0.6009176 0.4913108 0.2320338 0.4913108 0.0000000 0.3917661 0.2860290 0.6247259 0.4617014 0.5276458 0.5143851 
GQ273492_Megalocytivirus_pagrus1_TRBIV 0.2751165 0.0547040 0.5527372 0.1853890 0.2751165 0.5585351 0.5527372 0.5585351 0.3917661 0.0000000 0.0547040 0.2968869 0.1853890 0.5977270 0.5818595 
MW139932_Megalocytivirus_pagrus1_RSIV  0.4751093 0.0000010 0.6127352 0.2091615 0.4751093 0.6619606 0.6127352 0.6619606 0.2860290 0.0547040 0.0000000 0.4979474 0.2091615 0.7036320 0.6842474 
MW883602_Megalocytivirus_pagrus1_ISKNV 0.0154564 0.4979474 0.6996256 0.3987992 0.0154564 0.6741086 0.6996256 0.6741086 0.6247259 0.2968869 0.4979474 0.0000000 0.3987992 0.7143988 0.6954104 
MG570131_Megalocytivirus_pagrus1_TRBIV 0.3765237 0.2091615 0.5370384 0.0000010 0.3765237 0.5381777 0.5370384 0.5381777 0.4617014 0.1853890 0.2091615 0.3987992 0.0000000 0.5750452 0.5606020 
AY894343_Megalocytivirus_pagrus1_RSIV  0.6878266 0.7036320 0.2573673 0.5750452 0.6878266 0.0160217 0.2573673 0.0160217 0.5276458 0.5977270 0.7036320 0.7143988 0.5750452 0.0000000 0.0322021 
KT804738_Megalocytivirus_pagrus1_RSIV  0.6698147 0.6842474 0.2527845 0.5606020 0.6698147 0.0157983 0.2527845 0.0157983 0.5143851 0.5818595 0.6842474 0.6954104 0.5606020 0.0322021 0.0000000 
