27
MW883598_Megalocytivirus_pagrus1_RSIV     0.0000000 0.1917464 0.0672183 0.0286560 0.1613848 0.0672183 0.1644853 0.1613848 0.0233561 0.1571435 0.1619478 0.1613848 0.1649242 0.0887454 0.0260020 0.1649171 0.0260020 0.0260001 0.1613848 0.0024401 0.0233561 0.1613848 0.1649171 0.1713650 0.1523928 0.1713650 0.1613848 
GQ273492_Megalocytivirus_pagrus1_TRBIV    0.1917464 0.0000000 0.1311566 0.1472244 0.1870435 0.1311566 0.1923104 0.1870435 0.1470556 0.2194710 0.2052318 0.1898893 0.1901172 0.1158853 0.1441532 0.1901006 0.1441532 0.1440657 0.1897004 0.1949689 0.1470556 0.1898893 0.1901006 0.0789628 0.1949941 0.0789628 0.1898904 
ON743042_Megalocytivirus_pagrus1_RSIV     0.0672183 0.1311566 0.0000000 0.0497741 0.1207274 0.0000010 0.1235393 0.1207274 0.0497264 0.1350393 0.1207274 0.1207274 0.1238229 0.0000010 0.0472022 0.1238293 0.0472022 0.0523047 0.1207274 0.0699947 0.0497264 0.1207274 0.1238293 0.1195593 0.1235393 0.1195593 0.1207274 
OK042109_Megalocytivirus_pagrus1_RSIV     0.0286560 0.1472244 0.0497741 0.0000000 0.1259754 0.0497741 0.1288399 0.1259754 0.0047989 0.1429589 0.1259754 0.1259754 0.1291435 0.0497741 0.0023974 0.1291488 0.0023974 0.0072110 0.1259754 0.0260128 0.0047989 0.1259754 0.1291488 0.1288605 0.1288399 0.1288605 0.1259754 
MW883594_Megalocytivirus_pagrus1_ISKNV    0.1613848 0.1870435 0.1207274 0.1259754 0.0000000 0.1207274 0.0040916 0.0000010 0.1258368 0.0307491 0.0104812 0.0020449 0.0020464 0.1372704 0.1230279 0.0020469 0.1230279 0.1287907 0.0020432 0.1644853 0.1258368 0.0020449 0.0020469 0.1930189 0.0041389 0.1930189 0.0020452 
OL774655_Megalocytivirus_pagrus1_RSIV     0.0672183 0.1311566 0.0000010 0.0497741 0.1207274 0.0000000 0.1235393 0.1207274 0.0497264 0.1350393 0.1207274 0.1207274 0.1238229 0.0000010 0.0472022 0.1238293 0.0472022 0.0523047 0.1207274 0.0699947 0.0497264 0.1207274 0.1238293 0.1195593 0.1235393 0.1195593 0.1207274 
MN432490_Megalocytivirus_pagrus1_ISKNV    0.1644853 0.1923104 0.1235393 0.1288399 0.0040916 0.1235393 0.0000000 0.0040916 0.1286978 0.0333518 0.0147053 0.0061482 0.0061526 0.1420914 0.1258851 0.0061540 0.1258851 0.1316601 0.0061429 0.1675908 0.1286978 0.0061482 0.0061540 0.1983671 0.0000010 0.1983671 0.0061491 
MW883606_Megalocytivirus_pagrus1_ISKNV    0.1613848 0.1870435 0.1207274 0.1259754 0.0000010 0.1207274 0.0040916 0.0000000 0.1258368 0.0307491 0.0104812 0.0020449 0.0020464 0.1372704 0.1230279 0.0020469 0.1230279 0.1287907 0.0020432 0.1644853 0.1258368 0.0020449 0.0020469 0.1930189 0.0041389 0.1930189 0.0020452 
KT804738_Megalocytivirus_pagrus1_RSIV     0.0233561 0.1470556 0.0497264 0.0047989 0.1258368 0.0497264 0.1286978 0.1258368 0.0000000 0.1427945 0.1258368 0.1258368 0.1290007 0.0497264 0.0023952 0.1290060 0.0023952 0.0023950 0.1258368 0.0207305 0.0000010 0.1258368 0.1290060 0.1287156 0.1286978 0.1287156 0.1258368 
KT781098_Megalocytivirus_pagrus1_ISKNV    0.1571435 0.2194710 0.1350393 0.1429589 0.0307491 0.1350393 0.0333518 0.0307491 0.1427945 0.0000000 0.0366135 0.0307491 0.0334132 0.1484078 0.1398617 0.0334211 0.1398617 0.1458989 0.0307491 0.1602719 0.1427945 0.0307491 0.0334211 0.2126656 0.0227279 0.2126656 0.0307491 
PP974677_Megalocytivirus_pagrus1_ISKNV    0.1619478 0.2052318 0.1207274 0.1259754 0.0104812 0.1207274 0.0147053 0.0104812 0.1258368 0.0366135 0.0000000 0.0125997 0.0126091 0.1528272 0.1230279 0.0126120 0.1230279 0.1287907 0.0125886 0.1650601 0.1258368 0.0125997 0.0126120 0.2116272 0.0041389 0.2116272 0.0126016 
OQ513807_Megalocytivirus_pagrus1_ISKNV    0.1613848 0.1898893 0.1207274 0.1259754 0.0020449 0.1207274 0.0061482 0.0020449 0.1258368 0.0307491 0.0125997 0.0000000 0.0040999 0.1398155 0.1230279 0.0041009 0.1230279 0.1287907 0.0040935 0.1644853 0.1258368 0.0000010 0.0041009 0.1959169 0.0062193 0.1959169 0.0040976 
MK689685_Megalocytivirus_pagrus1_ISKNV    0.1649242 0.1901172 0.1238229 0.1291435 0.0020464 0.1238229 0.0061526 0.0020464 0.1290007 0.0334132 0.0126091 0.0040999 0.0000000 0.1399597 0.1261798 0.0041038 0.1261798 0.1319719 0.0040964 0.1680403 0.1290007 0.0040999 0.0041038 0.1961573 0.0062238 0.1961573 0.0041006 
OQ475017_Megalocytivirus_pagrus1_RSIV     0.0887454 0.1158853 0.0000010 0.0497741 0.1372704 0.0000010 0.1420914 0.1372704 0.0497264 0.1484078 0.1528272 0.1398155 0.1399597 0.0000000 0.0472022 0.1399617 0.0472022 0.0523047 0.1396852 0.0915453 0.0497264 0.1398155 0.1399617 0.1170212 0.1439283 0.1170212 0.1398217 
MT798582_Megalocytivirus_pagrus1_RSIV     0.0260020 0.1441532 0.0472022 0.0023974 0.1230279 0.0472022 0.1258851 0.1230279 0.0023952 0.1398617 0.1230279 0.1230279 0.1261798 0.0472022 0.0000000 0.1261858 0.0000010 0.0047989 0.1230279 0.0233675 0.0023952 0.1230279 0.1261858 0.1258470 0.1258851 0.1258470 0.1230279 
23043610003_Megalocytivirus_pagrus1_ISKNV 0.1649171 0.1901006 0.1238293 0.1291488 0.0020469 0.1238293 0.0061540 0.0020469 0.1290060 0.0334211 0.0126120 0.0041009 0.0041038 0.1399617 0.1261858 0.0000000 0.1261858 0.1319764 0.0040974 0.1680318 0.1290060 0.0041009 0.0000010 0.1961375 0.0062253 0.1961375 0.0041015 
KC244182_Megalocytivirus_pagrus1_RSIV     0.0260020 0.1441532 0.0472022 0.0023974 0.1230279 0.0472022 0.1258851 0.1230279 0.0023952 0.1398617 0.1230279 0.1230279 0.1261798 0.0472022 0.0000010 0.1261858 0.0000000 0.0047989 0.1230279 0.0233675 0.0023952 0.1230279 0.1261858 0.1258470 0.1258851 0.1258470 0.1230279 
AP017456_Megalocytivirus_pagrus1_RSIV     0.0260001 0.1440657 0.0523047 0.0072110 0.1287907 0.0523047 0.1316601 0.1287907 0.0023950 0.1458989 0.1287907 0.1287907 0.1319719 0.0523047 0.0047989 0.1319764 0.0047989 0.0000000 0.1287907 0.0233657 0.0023950 0.1287907 0.1319764 0.1257748 0.1316601 0.1257748 0.1287907 
ON212400_Megalocytivirus_pagrus1_ISKNV    0.1613848 0.1897004 0.1207274 0.1259754 0.0020432 0.1207274 0.0061429 0.0020432 0.1258368 0.0307491 0.0125886 0.0040935 0.0040964 0.1396852 0.1230279 0.0040974 0.1230279 0.1287907 0.0000000 0.1644853 0.1258368 0.0040935 0.0040974 0.1957196 0.0062139 0.1957196 0.0040941 
MK689686_Megalocytivirus_pagrus1_RSIV     0.0024401 0.1949689 0.0699947 0.0260128 0.1644853 0.0699947 0.1675908 0.1644853 0.0207305 0.1602719 0.1650601 0.1644853 0.1680403 0.0915453 0.0233675 0.1680318 0.0233675 0.0233657 0.1644853 0.0000000 0.0207305 0.1644853 0.1680318 0.1745396 0.1554805 0.1745396 0.1644853 
AY894343_Megalocytivirus_pagrus1_RSIV     0.0233561 0.1470556 0.0497264 0.0047989 0.1258368 0.0497264 0.1286978 0.1258368 0.0000010 0.1427945 0.1258368 0.1258368 0.1290007 0.0497264 0.0023952 0.1290060 0.0023952 0.0023950 0.1258368 0.0207305 0.0000000 0.1258368 0.1290060 0.1287156 0.1286978 0.1287156 0.1258368 
MW883601_Megalocytivirus_pagrus1_ISKNV    0.1613848 0.1898893 0.1207274 0.1259754 0.0020449 0.1207274 0.0061482 0.0020449 0.1258368 0.0307491 0.0125997 0.0000010 0.0040999 0.1398155 0.1230279 0.0041009 0.1230279 0.1287907 0.0040935 0.1644853 0.1258368 0.0000000 0.0041009 0.1959169 0.0062193 0.1959169 0.0040976 
23043610005_Megalocytivirus_pagrus1_ISKNV 0.1649171 0.1901006 0.1238293 0.1291488 0.0020469 0.1238293 0.0061540 0.0020469 0.1290060 0.0334211 0.0126120 0.0041009 0.0041038 0.1399617 0.1261858 0.0000010 0.1261858 0.1319764 0.0040974 0.1680318 0.1290060 0.0041009 0.0000000 0.1961375 0.0062253 0.1961375 0.0041015 
MG570132_Megalocytivirus_pagrus1_TRBIV    0.1713650 0.0789628 0.1195593 0.1288605 0.1930189 0.1195593 0.1983671 0.1930189 0.1287156 0.2126656 0.2116272 0.1959169 0.1961573 0.1170212 0.1258470 0.1961375 0.1258470 0.1257748 0.1957196 0.1745396 0.1287156 0.1959169 0.1961375 0.0000000 0.2011733 0.0000010 0.1959171 
MW883595_Megalocytivirus_pagrus1_ISKNV    0.1523928 0.1949941 0.1235393 0.1288399 0.0041389 0.1235393 0.0000010 0.0041389 0.1286978 0.0227279 0.0041389 0.0062193 0.0062238 0.1439283 0.1258851 0.0062253 0.1258851 0.1316601 0.0062139 0.1554805 0.1286978 0.0062193 0.0062253 0.2011733 0.0000000 0.2011733 0.0062203 
MG570131_Megalocytivirus_pagrus1_TRBIV    0.1713650 0.0789628 0.1195593 0.1288605 0.1930189 0.1195593 0.1983671 0.1930189 0.1287156 0.2126656 0.2116272 0.1959169 0.1961573 0.1170212 0.1258470 0.1961375 0.1258470 0.1257748 0.1957196 0.1745396 0.1287156 0.1959169 0.1961375 0.0000010 0.2011733 0.0000000 0.1959171 
OR536350_Megalocytivirus_pagrus1_ISKNV    0.1613848 0.1898904 0.1207274 0.1259754 0.0020452 0.1207274 0.0061491 0.0020452 0.1258368 0.0307491 0.0126016 0.0040976 0.0041006 0.1398217 0.1230279 0.0041015 0.1230279 0.1287907 0.0040941 0.1644853 0.1258368 0.0040976 0.0041015 0.1959171 0.0062203 0.1959171 0.0000000 
