15
OK042108_Megalocytivirus_pagrus1_RSIV  0.0000000 0.1915156 0.1969260 0.1915156 0.0041273 0.0859340 0.0041273 0.0904514 0.0859340 0.6965484 0.1919772 0.1891660 0.1920978 0.1968500 0.0814923 
OR356116_Megalocytivirus_pagrus1_ISKNV 0.1915156 0.0000000 0.0041039 0.0000010 0.1866442 0.1912684 0.1866442 0.1963879 0.1912684 0.3981888 0.2526029 0.2589683 0.0000010 0.2578171 0.1863224 
MW883600_Megalocytivirus_pagrus1_ISKNV 0.1969260 0.0041039 0.0000000 0.0041039 0.1920261 0.1966703 0.1920261 0.2018265 0.1966703 0.3997810 0.2582065 0.2646452 0.0041150 0.2634537 0.1916922 
ON212400_Megalocytivirus_pagrus1_ISKNV 0.1915156 0.0000010 0.0041039 0.0000000 0.1866442 0.1912684 0.1866442 0.1963879 0.1912684 0.3981888 0.2526029 0.2589683 0.0000010 0.2578171 0.1863224 
MW139932_Megalocytivirus_pagrus1_RSIV  0.0041273 0.1866442 0.1920261 0.1866442 0.0000000 0.0815181 0.0000010 0.0860181 0.0815181 0.7041381 0.1872039 0.1844014 0.1872111 0.1920623 0.0770907 
MK689686_Megalocytivirus_pagrus1_RSIV  0.0859340 0.1912684 0.1966703 0.1912684 0.0815181 0.0000000 0.0815181 0.0041220 0.0000010 0.7046737 0.1631884 0.1607416 0.1918494 0.1679638 0.0041200 
MK098185_Megalocytivirus_pagrus1_RSIV  0.0041273 0.1866442 0.1920261 0.1866442 0.0000010 0.0815181 0.0000000 0.0860181 0.0815181 0.7041381 0.1872039 0.1844014 0.1872111 0.1920623 0.0770907 
MW883598_Megalocytivirus_pagrus1_RSIV  0.0904514 0.1963879 0.2018265 0.1963879 0.0860181 0.0041220 0.0860181 0.0000000 0.0041220 0.7153192 0.1680885 0.1656319 0.1969855 0.1728854 0.0082593 
AY894343_Megalocytivirus_pagrus1_RSIV  0.0859340 0.1912684 0.1966703 0.1912684 0.0815181 0.0000010 0.0815181 0.0041220 0.0000000 0.7046737 0.1631884 0.1607416 0.1918494 0.1679638 0.0041200 
MT986830_Megalocytivirus_pagrus1_ISKNV 0.6965484 0.3981888 0.3997810 0.3981888 0.7041381 0.7046737 0.7041381 0.7153192 0.7046737 0.0000000 0.8001868 0.8053645 0.3998123 0.7924588 0.6954268 
MG570132_Megalocytivirus_pagrus1_TRBIV 0.1919772 0.2526029 0.2582065 0.2526029 0.1872039 0.1631884 0.1872039 0.1680885 0.1631884 0.8001868 0.0000000 0.0913622 0.2533873 0.0041198 0.1630546 
GQ273492_Megalocytivirus_pagrus1_TRBIV 0.1891660 0.2589683 0.2646452 0.2589683 0.1844014 0.1607416 0.1844014 0.1656319 0.1607416 0.8053645 0.0913622 0.0000000 0.2597787 0.0958826 0.1606100 
OP896201_Megalocytivirus_pagrus1_ISKNV 0.1920978 0.0000010 0.0041150 0.0000010 0.1872111 0.1918494 0.1872111 0.1969855 0.1918494 0.3998123 0.2533873 0.2597787 0.0000000 0.2586190 0.1868871 
MG570131_Megalocytivirus_pagrus1_TRBIV 0.1968500 0.2578171 0.2634537 0.2578171 0.1920623 0.1679638 0.1920623 0.1728854 0.1679638 0.7924588 0.0041198 0.0958826 0.2586190 0.0000000 0.1678257 
AP017456_Megalocytivirus_pagrus1_RSIV  0.0814923 0.1863224 0.1916922 0.1863224 0.0770907 0.0041200 0.0770907 0.0082593 0.0041200 0.6954268 0.1630546 0.1606100 0.1868871 0.1678257 0.0000000 
