22
KT781098_Megalocytivirus_pagrus1_ISKNV    0.0000000 0.2696710 0.0000010 0.0059954 0.2696710 0.0059825 0.0241874 0.3216404 0.2742600 0.0059781 0.2819939 0.2667353 0.2667353 0.0059826 0.0059825 0.2819939 0.3004804 0.0059954 0.0241874 0.2610658 0.2897932 0.3174081 
MK098187_Megalocytivirus_pagrus1_RSIV     0.2696710 0.0000000 0.2696710 0.2779832 0.0000010 0.2772395 0.2638917 0.2638434 0.0865319 0.2700310 0.0929843 0.0801005 0.0801005 0.2639483 0.2772395 0.0929843 0.2376583 0.2779832 0.2638917 0.0059924 0.0995187 0.2592372 
PP974677_Megalocytivirus_pagrus1_ISKNV    0.0000010 0.2696710 0.0000000 0.0059954 0.2696710 0.0059825 0.0241874 0.3216404 0.2742600 0.0059781 0.2819939 0.2667353 0.2667353 0.0059826 0.0059825 0.2819939 0.3004804 0.0059954 0.0241874 0.2610658 0.2897932 0.3174081 
MW883600_Megalocytivirus_pagrus1_ISKNV    0.0059954 0.2779832 0.0059954 0.0000000 0.2779832 0.0120249 0.0303830 0.3304770 0.2825165 0.0120162 0.2903314 0.2749285 0.2749285 0.0120249 0.0120249 0.2903314 0.3091551 0.0000010 0.0303830 0.2692721 0.2982075 0.3262876 
MK098185_Megalocytivirus_pagrus1_RSIV     0.2696710 0.0000010 0.2696710 0.2779832 0.0000000 0.2772395 0.2638917 0.2638434 0.0865319 0.2700310 0.0929843 0.0801005 0.0801005 0.2639483 0.2772395 0.0929843 0.2376583 0.2779832 0.2638917 0.0059924 0.0995187 0.2592372 
OR356116_Megalocytivirus_pagrus1_ISKNV    0.0059825 0.2772395 0.0059825 0.0120249 0.2772395 0.0000000 0.0303167 0.3295515 0.2817669 0.0119905 0.2895553 0.2742029 0.2742029 0.0119991 0.0000010 0.2895553 0.3082999 0.0120249 0.0303167 0.2685591 0.2974048 0.3253681 
MW883595_Megalocytivirus_pagrus1_ISKNV    0.0241874 0.2638917 0.0241874 0.0303830 0.2638917 0.0303167 0.0000000 0.3159265 0.2685551 0.0302958 0.2762946 0.2610147 0.2610147 0.0303162 0.0303167 0.2762946 0.2947020 0.0303830 0.0000010 0.2552932 0.2841033 0.3116314 
MG570132_Megalocytivirus_pagrus1_TRBIV    0.3216404 0.2638434 0.3216404 0.3304770 0.2638434 0.3295515 0.3159265 0.0000000 0.2971344 0.3221148 0.3107365 0.2950848 0.2950848 0.3254002 0.3295515 0.3107365 0.1552785 0.3304770 0.3159265 0.2552115 0.3187476 0.0120796 
AY894343_Megalocytivirus_pagrus1_RSIV     0.2742600 0.0865319 0.2742600 0.2825165 0.0865319 0.2817669 0.2685551 0.2971344 0.0000000 0.2746258 0.0179930 0.0059622 0.0059622 0.2685428 0.2817669 0.0179930 0.2616213 0.2825165 0.2685551 0.0798352 0.0240684 0.2927940 
MW273353_Megalocytivirus_pagrus1_ISKNV    0.0059781 0.2700310 0.0059781 0.0120162 0.2700310 0.0119905 0.0302958 0.3221148 0.2746258 0.0000000 0.2823758 0.2670864 0.2670864 0.0119905 0.0119905 0.2823758 0.3009092 0.0120162 0.0302958 0.2614087 0.2901915 0.3178772 
KC244182_Megalocytivirus_pagrus1_RSIV     0.2819939 0.0929843 0.2819939 0.2903314 0.0929843 0.2895553 0.2762946 0.3107365 0.0179930 0.2823758 0.0000000 0.0119578 0.0119578 0.2761698 0.2895553 0.0000010 0.2693838 0.2903314 0.2762946 0.0862243 0.0059471 0.3064970 
ON743042_Megalocytivirus_pagrus1_RSIV     0.2667353 0.0801005 0.2667353 0.2749285 0.0801005 0.2742029 0.2610147 0.2950848 0.0059622 0.2670864 0.0119578 0.0000000 0.0000010 0.2611130 0.2742029 0.0119578 0.2540505 0.2749285 0.2610147 0.0734658 0.0179945 0.2907566 
KT804738_Megalocytivirus_pagrus1_RSIV     0.2667353 0.0801005 0.2667353 0.2749285 0.0801005 0.2742029 0.2610147 0.2950848 0.0059622 0.2670864 0.0119578 0.0000010 0.0000000 0.2611130 0.2742029 0.0119578 0.2540505 0.2749285 0.2610147 0.0734658 0.0179945 0.2907566 
MW883594_Megalocytivirus_pagrus1_ISKNV    0.0059826 0.2639483 0.0059826 0.0120249 0.2639483 0.0119991 0.0303162 0.3254002 0.2685428 0.0119905 0.2761698 0.2611130 0.2611130 0.0000000 0.0119991 0.2761698 0.3040057 0.0120249 0.0303162 0.2554762 0.2838651 0.3211528 
23043610005_Megalocytivirus_pagrus1_ISKNV 0.0059825 0.2772395 0.0059825 0.0120249 0.2772395 0.0000010 0.0303167 0.3295515 0.2817669 0.0119905 0.2895553 0.2742029 0.2742029 0.0119991 0.0000000 0.2895553 0.3082999 0.0120249 0.0303167 0.2685591 0.2974048 0.3253681 
ON075463_Megalocytivirus_pagrus1_RSIV     0.2819939 0.0929843 0.2819939 0.2903314 0.0929843 0.2895553 0.2762946 0.3107365 0.0179930 0.2823758 0.0000010 0.0119578 0.0119578 0.2761698 0.2895553 0.0000000 0.2693838 0.2903314 0.2762946 0.0862243 0.0059471 0.3064970 
GQ273492_Megalocytivirus_pagrus1_TRBIV    0.3004804 0.2376583 0.3004804 0.3091551 0.2376583 0.3082999 0.2947020 0.1552785 0.2616213 0.3009092 0.2693838 0.2540505 0.2540505 0.3040057 0.3082999 0.2693838 0.0000000 0.3091551 0.2947020 0.2291760 0.2772219 0.1551931 
MW883602_Megalocytivirus_pagrus1_ISKNV    0.0059954 0.2779832 0.0059954 0.0000010 0.2779832 0.0120249 0.0303830 0.3304770 0.2825165 0.0120162 0.2903314 0.2749285 0.2749285 0.0120249 0.0120249 0.2903314 0.3091551 0.0000000 0.0303830 0.2692721 0.2982075 0.3262876 
OP009387_Megalocytivirus_pagrus1_ISKNV    0.0241874 0.2638917 0.0241874 0.0303830 0.2638917 0.0303167 0.0000010 0.3159265 0.2685551 0.0302958 0.2762946 0.2610147 0.2610147 0.0303162 0.0303167 0.2762946 0.2947020 0.0303830 0.0000000 0.2552932 0.2841033 0.3116314 
ON740976_Megalocytivirus_pagrus1_RSIV     0.2610658 0.0059924 0.2610658 0.2692721 0.0059924 0.2685591 0.2552932 0.2552115 0.0798352 0.2614087 0.0862243 0.0734658 0.0734658 0.2554762 0.2685591 0.0862243 0.2291760 0.2692721 0.2552932 0.0000000 0.0926923 0.2505716 
OK042109_Megalocytivirus_pagrus1_RSIV     0.2897932 0.0995187 0.2897932 0.2982075 0.0995187 0.2974048 0.2841033 0.3187476 0.0240684 0.2901915 0.0059471 0.0179945 0.0179945 0.2838651 0.2974048 0.0059471 0.2772219 0.2982075 0.2841033 0.0926923 0.0000000 0.3145526 
MG570131_Megalocytivirus_pagrus1_TRBIV    0.3174081 0.2592372 0.3174081 0.3262876 0.2592372 0.3253681 0.3116314 0.0120796 0.2927940 0.3178772 0.3064970 0.2907566 0.2907566 0.3211528 0.3253681 0.3064970 0.1551931 0.3262876 0.3116314 0.2505716 0.3145526 0.0000000 
