16
MK098187_Megalocytivirus_pagrus1_RSIV  0.0000000 0.0438216 0.2091071 0.1514241 0.1514241 0.1514241 0.0000010 0.1749973 0.1546054 0.0460002 0.1634059 0.0438216 0.1514241 0.1722440 0.2117385 0.0089469 
MW883598_Megalocytivirus_pagrus1_RSIV  0.0438216 0.0000000 0.2027274 0.1293509 0.1293509 0.1293509 0.0438216 0.1562995 0.1324583 0.0000010 0.1676036 0.0000010 0.1293509 0.1591585 0.2052978 0.0571221 
MG570132_Megalocytivirus_pagrus1_TRBIV 0.2091071 0.2027274 0.0000000 0.1498039 0.1498039 0.1498039 0.2091071 0.1869625 0.1529427 0.2025380 0.0586004 0.2027274 0.1498039 0.1841991 0.0021833 0.2057829 
MW883597_Megalocytivirus_pagrus1_ISKNV 0.1514241 0.1293509 0.1498039 0.0000000 0.0000010 0.0000010 0.1514241 0.0601576 0.0021373 0.1181256 0.1368668 0.1293509 0.0000010 0.0626567 0.1517743 0.1360004 
MW883599_Megalocytivirus_pagrus1_ISKNV 0.1514241 0.1293509 0.1498039 0.0000010 0.0000000 0.0000010 0.1514241 0.0601576 0.0021414 0.1181256 0.1372056 0.1293509 0.0000010 0.0626567 0.1517743 0.1363336 
MK689685_Megalocytivirus_pagrus1_ISKNV 0.1514241 0.1293509 0.1498039 0.0000010 0.0000010 0.0000000 0.1514241 0.0601576 0.0021373 0.1181256 0.1368668 0.1293509 0.0000010 0.0626567 0.1517743 0.1360004 
OL774653_Megalocytivirus_pagrus1_RSIV  0.0000010 0.0438216 0.2091071 0.1514241 0.1514241 0.1514241 0.0000000 0.1749973 0.1546054 0.0460002 0.1634059 0.0438216 0.1514241 0.1722440 0.2117385 0.0089469 
MN432490_Megalocytivirus_pagrus1_ISKNV 0.1749973 0.1562995 0.1869625 0.0601576 0.0601576 0.0601576 0.1749973 0.0000000 0.0627716 0.1505239 0.1563023 0.1562995 0.0601576 0.0021459 0.1893060 0.1755732 
MW883603_Megalocytivirus_pagrus1_ISKNV 0.1546054 0.1324583 0.1529427 0.0021373 0.0021414 0.0021373 0.1546054 0.0627716 0.0000000 0.1212946 0.1399770 0.1324583 0.0021414 0.0652752 0.1549393 0.1390768 
KC244182_Megalocytivirus_pagrus1_RSIV  0.0460002 0.0000010 0.2025380 0.1181256 0.1181256 0.1181256 0.0460002 0.1505239 0.1212946 0.0000000 0.1630092 0.0000010 0.1181256 0.1535105 0.2052289 0.0460002 
GQ273492_Megalocytivirus_pagrus1_TRBIV 0.1634059 0.1676036 0.0586004 0.1368668 0.1372056 0.1368668 0.1634059 0.1563023 0.1399770 0.1630092 0.0000000 0.1676036 0.1372056 0.1535007 0.0615586 0.1623230 
KT804738_Megalocytivirus_pagrus1_RSIV  0.0438216 0.0000010 0.2027274 0.1293509 0.1293509 0.1293509 0.0438216 0.1562995 0.1324583 0.0000010 0.1676036 0.0000000 0.1293509 0.1591585 0.2052978 0.0571221 
MW883601_Megalocytivirus_pagrus1_ISKNV 0.1514241 0.1293509 0.1498039 0.0000010 0.0000010 0.0000010 0.1514241 0.0601576 0.0021414 0.1181256 0.1372056 0.1293509 0.0000000 0.0626567 0.1517743 0.1363336 
MW883595_Megalocytivirus_pagrus1_ISKNV 0.1722440 0.1591585 0.1841991 0.0626567 0.0626567 0.0626567 0.1722440 0.0021459 0.0652752 0.1535105 0.1535007 0.1591585 0.0626567 0.0000000 0.1865286 0.1728133 
MG570131_Megalocytivirus_pagrus1_TRBIV 0.2117385 0.2052978 0.0021833 0.1517743 0.1517743 0.1517743 0.2117385 0.1893060 0.1549393 0.2052289 0.0615586 0.2052978 0.1517743 0.1865286 0.0000000 0.2083932 
OQ475017_Megalocytivirus_pagrus1_RSIV  0.0089469 0.0571221 0.2057829 0.1360004 0.1363336 0.1360004 0.0089469 0.1755732 0.1390768 0.0460002 0.1623230 0.0571221 0.1363336 0.1728133 0.2083932 0.0000000 
