12
MW883606_Megalocytivirus_pagrus1_ISKNV 0.0000000 0.0589205 0.0677605 0.0776892 0.0000010 0.0589205 0.0504642 0.0677605 0.0083262 0.0777534 0.0776892 0.0083262 
MK098185_Megalocytivirus_pagrus1_RSIV  0.0589205 0.0000000 0.0082652 0.0598428 0.0589205 0.0000010 0.0082688 0.0082652 0.0679837 0.0598917 0.0598428 0.0679837 
MK098186_Megalocytivirus_pagrus1_RSIV  0.0677605 0.0082652 0.0000000 0.0688324 0.0677605 0.0082652 0.0166391 0.0000010 0.0769682 0.0688890 0.0688324 0.0769682 
MG570131_Megalocytivirus_pagrus1_TRBIV 0.0776892 0.0598428 0.0688324 0.0000000 0.0776892 0.0598428 0.0512515 0.0688324 0.0871741 0.0254445 0.0000010 0.0871741 
KT781098_Megalocytivirus_pagrus1_ISKNV 0.0000010 0.0589205 0.0677605 0.0776892 0.0000000 0.0589205 0.0504642 0.0677605 0.0083262 0.0777534 0.0776892 0.0083262 
ON740976_Megalocytivirus_pagrus1_RSIV  0.0589205 0.0000010 0.0082652 0.0598428 0.0589205 0.0000000 0.0082688 0.0082652 0.0679837 0.0598917 0.0598428 0.0679837 
OK042109_Megalocytivirus_pagrus1_RSIV  0.0504642 0.0082688 0.0166391 0.0512515 0.0504642 0.0082688 0.0000000 0.0166391 0.0594367 0.0512933 0.0512515 0.0594367 
MK098187_Megalocytivirus_pagrus1_RSIV  0.0677605 0.0082652 0.0000010 0.0688324 0.0677605 0.0082652 0.0166391 0.0000000 0.0769682 0.0688890 0.0688324 0.0769682 
MW883601_Megalocytivirus_pagrus1_ISKNV 0.0083262 0.0679837 0.0769682 0.0871741 0.0083262 0.0679837 0.0594367 0.0769682 0.0000000 0.0872469 0.0871741 0.0000010 
GQ273492_Megalocytivirus_pagrus1_TRBIV 0.0777534 0.0598917 0.0688890 0.0254445 0.0777534 0.0598917 0.0512933 0.0688890 0.0872469 0.0000000 0.0254445 0.0872469 
MG570132_Megalocytivirus_pagrus1_TRBIV 0.0776892 0.0598428 0.0688324 0.0000010 0.0776892 0.0598428 0.0512515 0.0688324 0.0871741 0.0254445 0.0000000 0.0871741 
MW883599_Megalocytivirus_pagrus1_ISKNV 0.0083262 0.0679837 0.0769682 0.0871741 0.0083262 0.0679837 0.0594367 0.0769682 0.0000010 0.0872469 0.0871741 0.0000000 
