26
MW273353_Megalocytivirus_pagrus1_ISKNV    0.0000000 0.0070008 0.2584337 0.2065707 0.0069917 0.3043380 0.0000010 0.0070419 0.3550629 0.0575722 0.0069917 0.2947897 0.0140336 0.2601946 0.0575722 0.2947897 0.2153636 0.3043380 0.2584337 0.2153636 0.0140336 0.2601946 0.2065707 0.0070008 0.2691382 0.3048492 
KT781098_Megalocytivirus_pagrus1_ISKNV    0.0070008 0.0000000 0.2668710 0.2147596 0.0140223 0.3130257 0.0070008 0.0141236 0.3640740 0.0649502 0.0140223 0.3034233 0.0211089 0.2686964 0.0649502 0.3034233 0.2236112 0.3130257 0.2668710 0.2236112 0.0211089 0.2686964 0.2147596 0.0000010 0.2777138 0.3135549 
MG570132_Megalocytivirus_pagrus1_TRBIV    0.2584337 0.2668710 0.0000000 0.2584686 0.2664530 0.3264934 0.2584337 0.2689187 0.3770142 0.2482191 0.2640311 0.3169825 0.2581698 0.1092201 0.2482191 0.3169825 0.2676629 0.3264934 0.0000010 0.2676629 0.2581698 0.1092201 0.2584686 0.2668710 0.1723375 0.3270410 
BD143114_Megalocytivirus_pagrus1_RSIV     0.2065707 0.2147596 0.2584686 0.0000000 0.2144339 0.1261519 0.2065707 0.2163238 0.1681228 0.1906336 0.2115782 0.1181057 0.2063940 0.2198256 0.1906336 0.1181057 0.0070208 0.1261519 0.2584686 0.0070208 0.2063940 0.2198256 0.0000010 0.2147596 0.1269557 0.1263281 
ON212400_Megalocytivirus_pagrus1_ISKNV    0.0069917 0.0140223 0.2664530 0.2144339 0.0000000 0.3125192 0.0069917 0.0141050 0.3634595 0.0648615 0.0140040 0.3029356 0.0210812 0.2682723 0.0648615 0.3029356 0.2232696 0.3125192 0.2664530 0.2232696 0.0210812 0.2682723 0.2144339 0.0140223 0.2772714 0.3130464 
ON075463_Megalocytivirus_pagrus1_RSIV     0.3043380 0.3130257 0.3264934 0.1261519 0.3125192 0.0000000 0.3043380 0.3155542 0.0504675 0.2889304 0.3002589 0.0069725 0.3039762 0.2873237 0.2889304 0.0069725 0.1342816 0.0000010 0.3264934 0.1342816 0.3039762 0.2873237 0.1261519 0.3130257 0.2072402 0.0140352 
23043610005_Megalocytivirus_pagrus1_ISKNV 0.0000010 0.0070008 0.2584337 0.2065707 0.0069917 0.3043380 0.0000000 0.0070419 0.3550629 0.0575722 0.0069917 0.2947897 0.0140336 0.2601946 0.0575722 0.2947897 0.2153636 0.3043380 0.2584337 0.2153636 0.0140336 0.2601946 0.2065707 0.0070008 0.2691382 0.3048492 
MW883599_Megalocytivirus_pagrus1_ISKNV    0.0070419 0.0141236 0.2689187 0.2163238 0.0141050 0.3155542 0.0070419 0.0000000 0.3672090 0.0653555 0.0141050 0.3058480 0.0212344 0.2707757 0.0653555 0.3058480 0.2252575 0.3155542 0.2689187 0.2252575 0.0212344 0.2707757 0.2163238 0.0141236 0.2798910 0.3160938 
MW883598_Megalocytivirus_pagrus1_RSIV     0.3550629 0.3640740 0.3770142 0.1681228 0.3634595 0.0504675 0.3550629 0.3672090 0.0000000 0.3392866 0.3502063 0.0430261 0.3545651 0.3370789 0.3392866 0.0430261 0.1767210 0.0504675 0.3770142 0.1767210 0.3545651 0.3370789 0.1681228 0.3640740 0.2530438 0.0505329 
MN432490_Megalocytivirus_pagrus1_ISKNV    0.0575722 0.0649502 0.2482191 0.1906336 0.0648615 0.2889304 0.0575722 0.0653555 0.3392866 0.0000000 0.0648615 0.2794354 0.0723313 0.2399889 0.0000010 0.2794354 0.1993083 0.2889304 0.2482191 0.1993083 0.0723313 0.2399889 0.1906336 0.0649502 0.2486217 0.2894120 
MW883594_Megalocytivirus_pagrus1_ISKNV    0.0069917 0.0140223 0.2640311 0.2115782 0.0140040 0.3002589 0.0069917 0.0141050 0.3502063 0.0648615 0.0000000 0.2908472 0.0210812 0.2658482 0.0648615 0.2908472 0.2204881 0.3002589 0.2640311 0.2204881 0.0210812 0.2658482 0.2115782 0.0140223 0.2749069 0.3007555 
MK689686_Megalocytivirus_pagrus1_RSIV     0.2947897 0.3034233 0.3169825 0.1181057 0.3029356 0.0069725 0.2947897 0.3058480 0.0430261 0.2794354 0.2908472 0.0000000 0.2944500 0.2779280 0.2794354 0.0000010 0.1261519 0.0069725 0.3169825 0.1261519 0.2944500 0.2779280 0.1181057 0.3034233 0.1985221 0.0069810 
OQ513807_Megalocytivirus_pagrus1_ISKNV    0.0140336 0.0211089 0.2581698 0.2063940 0.0210812 0.3039762 0.0140336 0.0212344 0.3545651 0.0723313 0.0210812 0.2944500 0.0000000 0.2599256 0.0723313 0.2944500 0.2151732 0.3039762 0.2581698 0.2151732 0.0000010 0.2599256 0.2063940 0.0211089 0.2688506 0.3044856 
OL774654_Megalocytivirus_pagrus1_RSIV     0.2601946 0.2686964 0.1092201 0.2198256 0.2682723 0.2873237 0.2601946 0.2707757 0.3370789 0.2399889 0.2658482 0.2779280 0.2599256 0.0000000 0.2399889 0.2779280 0.2288726 0.2873237 0.1092201 0.2288726 0.2599256 0.0000010 0.2198256 0.2686964 0.0809946 0.2877974 
PP974677_Megalocytivirus_pagrus1_ISKNV    0.0575722 0.0649502 0.2482191 0.1906336 0.0648615 0.2889304 0.0575722 0.0653555 0.3392866 0.0000010 0.0648615 0.2794354 0.0723313 0.2399889 0.0000000 0.2794354 0.1993083 0.2889304 0.2482191 0.1993083 0.0723313 0.2399889 0.1906336 0.0649502 0.2486217 0.2894120 
KC244182_Megalocytivirus_pagrus1_RSIV     0.2947897 0.3034233 0.3169825 0.1181057 0.3029356 0.0069725 0.2947897 0.3058480 0.0430261 0.2794354 0.2908472 0.0000010 0.2944500 0.2779280 0.2794354 0.0000000 0.1261519 0.0069725 0.3169825 0.1261519 0.2944500 0.2779280 0.1181057 0.3034233 0.1985221 0.0069810 
MK098186_Megalocytivirus_pagrus1_RSIV     0.2153636 0.2236112 0.2676629 0.0070208 0.2232696 0.1342816 0.2153636 0.2252575 0.1767210 0.1993083 0.2204881 0.1261519 0.2151732 0.2288726 0.1993083 0.1261519 0.0000000 0.1342816 0.2676629 0.0000010 0.2151732 0.2288726 0.0070208 0.2236112 0.1351391 0.1344711 
MT798582_Megalocytivirus_pagrus1_RSIV     0.3043380 0.3130257 0.3264934 0.1261519 0.3125192 0.0000010 0.3043380 0.3155542 0.0504675 0.2889304 0.3002589 0.0069725 0.3039762 0.2873237 0.2889304 0.0069725 0.1342816 0.0000000 0.3264934 0.1342816 0.3039762 0.2873237 0.1261519 0.3130257 0.2072402 0.0140352 
MG570131_Megalocytivirus_pagrus1_TRBIV    0.2584337 0.2668710 0.0000010 0.2584686 0.2664530 0.3264934 0.2584337 0.2689187 0.3770142 0.2482191 0.2640311 0.3169825 0.2581698 0.1092201 0.2482191 0.3169825 0.2676629 0.3264934 0.0000000 0.2676629 0.2581698 0.1092201 0.2584686 0.2668710 0.1723375 0.3270410 
MK098187_Megalocytivirus_pagrus1_RSIV     0.2153636 0.2236112 0.2676629 0.0070208 0.2232696 0.1342816 0.2153636 0.2252575 0.1767210 0.1993083 0.2204881 0.1261519 0.2151732 0.2288726 0.1993083 0.1261519 0.0000010 0.1342816 0.2676629 0.0000000 0.2151732 0.2288726 0.0070208 0.2236112 0.1351391 0.1344711 
OR670976_Megalocytivirus_pagrus1_ISKNV    0.0140336 0.0211089 0.2581698 0.2063940 0.0210812 0.3039762 0.0140336 0.0212344 0.3545651 0.0723313 0.0210812 0.2944500 0.0000010 0.2599256 0.0723313 0.2944500 0.2151732 0.3039762 0.2581698 0.2151732 0.0000000 0.2599256 0.2063940 0.0211089 0.2688506 0.3044856 
GQ273492_Megalocytivirus_pagrus1_TRBIV    0.2601946 0.2686964 0.1092201 0.2198256 0.2682723 0.2873237 0.2601946 0.2707757 0.3370789 0.2399889 0.2658482 0.2779280 0.2599256 0.0000010 0.2399889 0.2779280 0.2288726 0.2873237 0.1092201 0.2288726 0.2599256 0.0000000 0.2198256 0.2686964 0.0809946 0.2877974 
MK098185_Megalocytivirus_pagrus1_RSIV     0.2065707 0.2147596 0.2584686 0.0000010 0.2144339 0.1261519 0.2065707 0.2163238 0.1681228 0.1906336 0.2115782 0.1181057 0.2063940 0.2198256 0.1906336 0.1181057 0.0070208 0.1261519 0.2584686 0.0070208 0.2063940 0.2198256 0.0000000 0.2147596 0.1269557 0.1263281 
MT926123_Megalocytivirus_pagrus1_ISKNV    0.0070008 0.0000010 0.2668710 0.2147596 0.0140223 0.3130257 0.0070008 0.0141236 0.3640740 0.0649502 0.0140223 0.3034233 0.0211089 0.2686964 0.0649502 0.3034233 0.2236112 0.3130257 0.2668710 0.2236112 0.0211089 0.2686964 0.2147596 0.0000000 0.2777138 0.3135549 
OQ475017_Megalocytivirus_pagrus1_RSIV     0.2691382 0.2777138 0.1723375 0.1269557 0.2772714 0.2072402 0.2691382 0.2798910 0.2530438 0.2486217 0.2749069 0.1985221 0.2688506 0.0809946 0.2486217 0.1985221 0.1351391 0.2072402 0.1723375 0.1351391 0.2688506 0.0809946 0.1269557 0.2777138 0.0000000 0.2075548 
OK042108_Megalocytivirus_pagrus1_RSIV     0.3048492 0.3135549 0.3270410 0.1263281 0.3130464 0.0140352 0.3048492 0.3160938 0.0505329 0.2894120 0.3007555 0.0069810 0.3044856 0.2877974 0.2894120 0.0069810 0.1344711 0.0140352 0.3270410 0.1344711 0.3044856 0.2877974 0.1263281 0.3135549 0.2075548 0.0000000 
