15
MT128666_Megalocytivirus_pagrus1_ISKNV 0.0000000 0.1584533 0.0000010 0.1514955 0.0000010 0.1584533 0.1663540 0.1183531 0.1663540 0.0383868 0.1420460 0.0383868 0.0000010 0.1183531 0.1514955 
OQ475017_Megalocytivirus_pagrus1_RSIV  0.1584533 0.0000000 0.1627590 0.1131534 0.1584533 0.0000010 0.0375760 0.0956442 0.0375760 0.1304159 0.0570378 0.1304159 0.1627590 0.0956442 0.1131534 
MW883597_Megalocytivirus_pagrus1_ISKNV 0.0000010 0.1627590 0.0000000 0.1536272 0.0000010 0.1627590 0.1685569 0.1198976 0.1685569 0.0388468 0.1439294 0.0388468 0.0000010 0.1198976 0.1536272 
MG570132_Megalocytivirus_pagrus1_TRBIV 0.1514955 0.1131534 0.1536272 0.0000000 0.1514955 0.1131534 0.1111334 0.0539302 0.1111334 0.1209639 0.1220757 0.1209639 0.1536272 0.0539302 0.0000010 
OR356116_Megalocytivirus_pagrus1_ISKNV 0.0000010 0.1584533 0.0000010 0.1514955 0.0000000 0.1584533 0.1663540 0.1183531 0.1663540 0.0383868 0.1420460 0.0383868 0.0000010 0.1183531 0.1514955 
AB104413_Megalocytivirus_pagrus1_RSIV  0.1584533 0.0000010 0.1627590 0.1131534 0.1584533 0.0000000 0.0375760 0.0956442 0.0375760 0.1304159 0.0570378 0.1304159 0.1627590 0.0956442 0.1131534 
AP017456_Megalocytivirus_pagrus1_RSIV  0.1663540 0.0375760 0.1685569 0.1111334 0.1663540 0.0375760 0.0000000 0.1126765 0.0000010 0.1129004 0.0180716 0.1129004 0.1685569 0.1126765 0.1111334 
OK042109_Megalocytivirus_pagrus1_RSIV  0.1183531 0.0956442 0.1198976 0.0539302 0.1183531 0.0956442 0.1126765 0.0000000 0.1126765 0.0918167 0.1109043 0.0918167 0.1198976 0.0000010 0.0539302 
KC244182_Megalocytivirus_pagrus1_RSIV  0.1663540 0.0375760 0.1685569 0.1111334 0.1663540 0.0375760 0.0000010 0.1126765 0.0000000 0.1129004 0.0180716 0.1129004 0.1685569 0.1126765 0.1111334 
MN432490_Megalocytivirus_pagrus1_ISKNV 0.0383868 0.1304159 0.0388468 0.1209639 0.0383868 0.1304159 0.1129004 0.0918167 0.1129004 0.0000000 0.0907879 0.0000010 0.0388468 0.0918167 0.1209639 
MW883598_Megalocytivirus_pagrus1_RSIV  0.1420460 0.0570378 0.1439294 0.1220757 0.1420460 0.0570378 0.0180716 0.1109043 0.0180716 0.0907879 0.0000000 0.0907879 0.1439294 0.1109043 0.1220757 
PP151097_Megalocytivirus_pagrus1_ISKNV 0.0383868 0.1304159 0.0388468 0.1209639 0.0383868 0.1304159 0.1129004 0.0918167 0.1129004 0.0000010 0.0907879 0.0000000 0.0388468 0.0918167 0.1209639 
MW883596_Megalocytivirus_pagrus1_ISKNV 0.0000010 0.1627590 0.0000010 0.1536272 0.0000010 0.1627590 0.1685569 0.1198976 0.1685569 0.0388468 0.1439294 0.0388468 0.0000000 0.1198976 0.1536272 
GQ273492_Megalocytivirus_pagrus1_TRBIV 0.1183531 0.0956442 0.1198976 0.0539302 0.1183531 0.0956442 0.1126765 0.0000010 0.1126765 0.0918167 0.1109043 0.0918167 0.1198976 0.0000000 0.0539302 
MG570131_Megalocytivirus_pagrus1_TRBIV 0.1514955 0.1131534 0.1536272 0.0000010 0.1514955 0.1131534 0.1111334 0.0539302 0.1111334 0.1209639 0.1220757 0.1209639 0.1536272 0.0539302 0.0000000 
