17
MT128666_Megalocytivirus_pagrus1_ISKNV 0.0000000 0.0359909 0.0736492 0.0861908 0.0000010 0.0861908 0.0359909 0.0736621 0.0118737 0.0988267 3.0747110 3.2141462 0.0736492 0.0118737 0.0863157 0.0119198 0.0863157 
MN432490_Megalocytivirus_pagrus1_ISKNV 0.0359909 0.0000000 0.0862000 0.0733186 0.0359909 0.0733186 0.0000010 0.0609232 0.0481664 0.0858172 2.9815417 3.1205216 0.0862000 0.0481664 0.0989543 0.0483642 0.0989543 
GQ273492_Megalocytivirus_pagrus1_TRBIV 0.0736492 0.0862000 0.0000000 0.0864800 0.0736492 0.0864800 0.0862000 0.0739117 0.0862397 0.0991552 2.9234068 3.0420954 0.0000010 0.0862397 0.0118790 0.0866177 0.0118790 
MK098187_Megalocytivirus_pagrus1_RSIV  0.0861908 0.0733186 0.0864800 0.0000000 0.0861908 0.0000010 0.0733186 0.0119608 0.0988633 0.0119491 3.0222302 3.1768822 0.0864800 0.0988633 0.0992796 0.0993042 0.0992796 
MW883597_Megalocytivirus_pagrus1_ISKNV 0.0000010 0.0359909 0.0736492 0.0861908 0.0000000 0.0861908 0.0359909 0.0736621 0.0118737 0.0988267 3.0747110 3.2141462 0.0736492 0.0118737 0.0863157 0.0119198 0.0863157 
MK689686_Megalocytivirus_pagrus1_RSIV  0.0861908 0.0733186 0.0864800 0.0000010 0.0861908 0.0000000 0.0733186 0.0119608 0.0988633 0.0119491 3.0222302 3.1768822 0.0864800 0.0988633 0.0992796 0.0993042 0.0992796 
PP974677_Megalocytivirus_pagrus1_ISKNV 0.0359909 0.0000010 0.0862000 0.0733186 0.0359909 0.0733186 0.0000000 0.0609232 0.0481664 0.0858172 2.9815417 3.1205216 0.0862000 0.0481664 0.0989543 0.0483642 0.0989543 
MW883598_Megalocytivirus_pagrus1_RSIV  0.0736621 0.0609232 0.0739117 0.0119608 0.0736621 0.0119608 0.0609232 0.0000000 0.0862569 0.0240039 3.0884641 3.2424408 0.0739117 0.0862569 0.0866231 0.0866351 0.0866231 
OQ513807_Megalocytivirus_pagrus1_ISKNV 0.0118737 0.0481664 0.0862397 0.0988633 0.0118737 0.0988633 0.0481664 0.0862569 0.0000000 0.1115776 3.0138639 3.1501401 0.0862397 0.0000010 0.0990020 0.0239314 0.0990020 
ON740976_Megalocytivirus_pagrus1_RSIV  0.0988267 0.0858172 0.0991552 0.0119491 0.0988267 0.0119491 0.0858172 0.0240039 0.1115776 0.0000000 2.9564748 3.1071127 0.0991552 0.1115776 0.1120436 0.1120837 0.1120436 
KT804738_Megalocytivirus_pagrus1_RSIV  3.0747110 2.9815417 2.9234068 3.0222302 3.0747110 3.0222302 2.9815417 3.0884641 3.0138639 2.9564748 0.0000000 0.0000010 2.9234068 3.0138639 2.9028552 3.0926394 2.9028552 
AY894343_Megalocytivirus_pagrus1_RSIV  3.2141462 3.1205216 3.0420954 3.1768822 3.2141462 3.1768822 3.1205216 3.2424408 3.1501401 3.1071127 0.0000010 0.0000000 3.0420954 3.1501401 3.0215366 3.2318627 3.0215366 
OK042109_Megalocytivirus_pagrus1_RSIV  0.0736492 0.0862000 0.0000010 0.0864800 0.0736492 0.0864800 0.0862000 0.0739117 0.0862397 0.0991552 2.9234068 3.0420954 0.0000000 0.0862397 0.0118790 0.0866177 0.0118790 
OR670976_Megalocytivirus_pagrus1_ISKNV 0.0118737 0.0481664 0.0862397 0.0988633 0.0118737 0.0988633 0.0481664 0.0862569 0.0000010 0.1115776 3.0138639 3.1501401 0.0862397 0.0000000 0.0990020 0.0239314 0.0990020 
MG570132_Megalocytivirus_pagrus1_TRBIV 0.0863157 0.0989543 0.0118790 0.0992796 0.0863157 0.0992796 0.0989543 0.0866231 0.0990020 0.1120436 2.9028552 3.0215366 0.0118790 0.0990020 0.0000000 0.0994440 0.0000010 
MW883606_Megalocytivirus_pagrus1_ISKNV 0.0119198 0.0483642 0.0866177 0.0993042 0.0119198 0.0993042 0.0483642 0.0866351 0.0239314 0.1120837 3.0926394 3.2318627 0.0866177 0.0239314 0.0994440 0.0000000 0.0994440 
MG570131_Megalocytivirus_pagrus1_TRBIV 0.0863157 0.0989543 0.0118790 0.0992796 0.0863157 0.0992796 0.0989543 0.0866231 0.0990020 0.1120436 2.9028552 3.0215366 0.0118790 0.0990020 0.0000010 0.0994440 0.0000000 
