14
OL774654_Megalocytivirus_pagrus1_RSIV  0.0000000 0.0987277 0.1394099 0.0987277 0.1394099 0.1335749 0.0000010 0.1335749 0.0053334 0.0849111 0.0849111 0.1009505 0.1009505 0.1047381 
MW883600_Megalocytivirus_pagrus1_ISKNV 0.0987277 0.0000000 0.0771345 0.0000010 0.0771345 0.0716010 0.0987277 0.0716010 0.0929055 0.0149175 0.0149175 0.1023239 0.1023239 0.0049448 
ON743042_Megalocytivirus_pagrus1_RSIV  0.1394099 0.0771345 0.0000000 0.0771345 0.0000010 0.0105372 0.1394099 0.0105372 0.1335263 0.0714608 0.0714608 0.1513744 0.1513744 0.0828441 
OR670976_Megalocytivirus_pagrus1_ISKNV 0.0987277 0.0000010 0.0771345 0.0000000 0.0771345 0.0716010 0.0987277 0.0716010 0.0929055 0.0149175 0.0149175 0.1023239 0.1023239 0.0049448 
BD143114_Megalocytivirus_pagrus1_RSIV  0.1394099 0.0771345 0.0000010 0.0771345 0.0000000 0.0105372 0.1394099 0.0105372 0.1335263 0.0714608 0.0714608 0.1513744 0.1513744 0.0828441 
AP017456_Megalocytivirus_pagrus1_RSIV  0.1335749 0.0716010 0.0105372 0.0716010 0.0105372 0.0000000 0.1335749 0.0000010 0.1276966 0.0659418 0.0659418 0.1455135 0.1455135 0.0772933 
ON740976_Megalocytivirus_pagrus1_RSIV  0.0000010 0.0987277 0.1394099 0.0987277 0.1394099 0.1335749 0.0000000 0.1335749 0.0053334 0.0849111 0.0849111 0.1009505 0.1009505 0.1047381 
ON075463_Megalocytivirus_pagrus1_RSIV  0.1335749 0.0716010 0.0105372 0.0716010 0.0105372 0.0000010 0.1335749 0.0000000 0.1276966 0.0659418 0.0659418 0.1455135 0.1455135 0.0772933 
GQ273492_Megalocytivirus_pagrus1_TRBIV 0.0053334 0.0929055 0.1335263 0.0929055 0.1335263 0.1276966 0.0053334 0.1276966 0.0000000 0.0792028 0.0792028 0.0952697 0.0952697 0.0989024 
MN432490_Megalocytivirus_pagrus1_ISKNV 0.0849111 0.0149175 0.0714608 0.0149175 0.0714608 0.0659418 0.0849111 0.0659418 0.0792028 0.0000000 0.0000010 0.0898607 0.0898607 0.0199315 
MW883595_Megalocytivirus_pagrus1_ISKNV 0.0849111 0.0149175 0.0714608 0.0149175 0.0714608 0.0659418 0.0849111 0.0659418 0.0792028 0.0000010 0.0000000 0.0898607 0.0898607 0.0199315 
MG570132_Megalocytivirus_pagrus1_TRBIV 0.1009505 0.1023239 0.1513744 0.1023239 0.1513744 0.1455135 0.1009505 0.1455135 0.0952697 0.0898607 0.0898607 0.0000000 0.0000010 0.1082729 
MG570131_Megalocytivirus_pagrus1_TRBIV 0.1009505 0.1023239 0.1513744 0.1023239 0.1513744 0.1455135 0.1009505 0.1455135 0.0952697 0.0898607 0.0898607 0.0000010 0.0000000 0.1082729 
MT926123_Megalocytivirus_pagrus1_ISKNV 0.1047381 0.0049448 0.0828441 0.0049448 0.0828441 0.0772933 0.1047381 0.0772933 0.0989024 0.0199315 0.0199315 0.1082729 0.1082729 0.0000000 
