16
MG570132_Megalocytivirus_pagrus1_TRBIV 0.0000000 0.3136625 0.3389159 0.3219826 0.3294583 0.2995263 0.3294583 0.2995263 0.3219826 0.3372644 0.1535271 0.3374163 0.3318661 0.3374163 0.0000010 0.3376150 
AY894343_Megalocytivirus_pagrus1_RSIV  0.3136625 0.0000000 0.2531593 0.0067585 0.2441578 0.1063810 0.2441578 0.1063810 0.0067585 0.2519611 0.3649371 0.2521125 0.2460015 0.2521125 0.3136625 0.2522258 
OR536350_Megalocytivirus_pagrus1_ISKNV 0.3389159 0.2531593 0.0000000 0.2613073 0.0067741 0.2680191 0.0067741 0.2680191 0.2613073 0.0135667 0.3657291 0.0135785 0.0135798 0.0135785 0.3389159 0.0135802 
MK689686_Megalocytivirus_pagrus1_RSIV  0.3219826 0.0067585 0.2613073 0.0000000 0.2522518 0.0991724 0.2522518 0.0991724 0.0000010 0.2600657 0.3567236 0.2602185 0.2541523 0.2602185 0.3219826 0.2603388 
MW883599_Megalocytivirus_pagrus1_ISKNV 0.3294583 0.2441578 0.0067741 0.2522518 0.0000000 0.2591785 0.0000010 0.2591785 0.2522518 0.0067479 0.3558864 0.0067538 0.0067543 0.0067538 0.3294583 0.0067546 
BD143114_Megalocytivirus_pagrus1_RSIV  0.2995263 0.1063810 0.2680191 0.0991724 0.2591785 0.0000000 0.2591785 0.0000010 0.0991724 0.2667780 0.3485488 0.2669274 0.2610716 0.2669274 0.2995263 0.2670502 
MT128666_Megalocytivirus_pagrus1_ISKNV 0.3294583 0.2441578 0.0067741 0.2522518 0.0000010 0.2591785 0.0000000 0.2591785 0.2522518 0.0067479 0.3558864 0.0067538 0.0067543 0.0067538 0.3294583 0.0067546 
OL774654_Megalocytivirus_pagrus1_RSIV  0.2995263 0.1063810 0.2680191 0.0991724 0.2591785 0.0000010 0.2591785 0.0000000 0.0991724 0.2667780 0.3485488 0.2669274 0.2610716 0.2669274 0.2995263 0.2670502 
AP017456_Megalocytivirus_pagrus1_RSIV  0.3219826 0.0067585 0.2613073 0.0000010 0.2522518 0.0991724 0.2522518 0.0991724 0.0000000 0.2600657 0.3567236 0.2602185 0.2541523 0.2602185 0.3219826 0.2603388 
MT986830_Megalocytivirus_pagrus1_ISKNV 0.3372644 0.2519611 0.0135667 0.2600657 0.0067479 0.2667780 0.0067479 0.2667780 0.2600657 0.0000000 0.3638846 0.0135257 0.0135269 0.0135257 0.3372644 0.0135274 
GQ273492_Megalocytivirus_pagrus1_TRBIV 0.1535271 0.3649371 0.3657291 0.3567236 0.3558864 0.3485488 0.3558864 0.3485488 0.3567236 0.3638846 0.0000000 0.3640347 0.3585308 0.3640347 0.1535271 0.3642720 
OR670976_Megalocytivirus_pagrus1_ISKNV 0.3374163 0.2521125 0.0135785 0.2602185 0.0067538 0.2669274 0.0067538 0.2669274 0.2602185 0.0135257 0.3640347 0.0000000 0.0135387 0.0000010 0.3374163 0.0135392 
MW883593_Megalocytivirus_pagrus1_ISKNV 0.3318661 0.2460015 0.0135798 0.2541523 0.0067543 0.2610716 0.0067543 0.2610716 0.2541523 0.0135269 0.3585308 0.0135387 0.0000000 0.0135387 0.3318661 0.0135404 
OQ513807_Megalocytivirus_pagrus1_ISKNV 0.3374163 0.2521125 0.0135785 0.2602185 0.0067538 0.2669274 0.0067538 0.2669274 0.2602185 0.0135257 0.3640347 0.0000010 0.0135387 0.0000000 0.3374163 0.0135392 
MG570131_Megalocytivirus_pagrus1_TRBIV 0.0000010 0.3136625 0.3389159 0.3219826 0.3294583 0.2995263 0.3294583 0.2995263 0.3219826 0.3372644 0.1535271 0.3374163 0.3318661 0.3374163 0.0000000 0.3376150 
MW883594_Megalocytivirus_pagrus1_ISKNV 0.3376150 0.2522258 0.0135802 0.2603388 0.0067546 0.2670502 0.0067546 0.2670502 0.2603388 0.0135274 0.3642720 0.0135392 0.0135404 0.0135392 0.3376150 0.0000000 
