9
MW883602_Megalocytivirus_pagrus1_ISKNV    0.0000000 0.0508742 0.0000010 0.0450951 0.0510058 0.0508742 0.0450951 0.0510058 0.0054847 
MK689686_Megalocytivirus_pagrus1_RSIV     0.0508742 0.0000000 0.0508742 0.0166644 0.0111360 0.0000010 0.0166644 0.0111360 0.0565324 
23043610005_Megalocytivirus_pagrus1_ISKNV 0.0000010 0.0508742 0.0000000 0.0450951 0.0510058 0.0508742 0.0450951 0.0510058 0.0054847 
GQ273492_Megalocytivirus_pagrus1_TRBIV    0.0450951 0.0166644 0.0450951 0.0000000 0.0167057 0.0166644 0.0000010 0.0167057 0.0507354 
MW139932_Megalocytivirus_pagrus1_RSIV     0.0510058 0.0111360 0.0510058 0.0167057 0.0000000 0.0111360 0.0167057 0.0000010 0.0566786 
MT798582_Megalocytivirus_pagrus1_RSIV     0.0508742 0.0000010 0.0508742 0.0166644 0.0111360 0.0000000 0.0166644 0.0111360 0.0565324 
MG570132_Megalocytivirus_pagrus1_TRBIV    0.0450951 0.0166644 0.0450951 0.0000010 0.0167057 0.0166644 0.0000000 0.0167057 0.0507354 
MK098186_Megalocytivirus_pagrus1_RSIV     0.0510058 0.0111360 0.0510058 0.0167057 0.0000010 0.0111360 0.0167057 0.0000000 0.0566786 
ON212400_Megalocytivirus_pagrus1_ISKNV    0.0054847 0.0565324 0.0054847 0.0507354 0.0566786 0.0565324 0.0507354 0.0566786 0.0000000 
