17
MW273354_Megalocytivirus_pagrus1_ISKNV 0.0000000 0.0785856 0.0061586 0.1035570 0.0785856 0.0000010 0.0061123 0.1035570 0.0689175 0.0186595 0.0689175 0.0878439 0.0061586 0.0061586 0.0186595 0.0516931 0.1173994 
ON740976_Megalocytivirus_pagrus1_RSIV  0.0785856 0.0000000 0.0886720 0.1210132 0.0000010 0.0785856 0.0875679 0.1210132 0.0163300 0.0744483 0.0163300 0.0081466 0.0886720 0.0886720 0.0744483 0.0163300 0.1513979 
PP151097_Megalocytivirus_pagrus1_ISKNV 0.0061586 0.0886720 0.0000000 0.1117471 0.0886720 0.0061586 0.0123610 0.1117471 0.0787198 0.0251613 0.0787198 0.0898703 0.0000010 0.0124560 0.0251613 0.0588215 0.1257141 
MG570132_Megalocytivirus_pagrus1_TRBIV 0.1035570 0.1210132 0.1117471 0.0000000 0.1210132 0.1035570 0.1106177 0.0000010 0.1102408 0.1009838 0.1102408 0.1309480 0.1117471 0.1117471 0.1009838 0.0815311 0.0442859 
OK042109_Megalocytivirus_pagrus1_RSIV  0.0785856 0.0000010 0.0886720 0.1210132 0.0000000 0.0785856 0.0875679 0.1210132 0.0163300 0.0744483 0.0163300 0.0081466 0.0886720 0.0886720 0.0744483 0.0163300 0.1513979 
MW883602_Megalocytivirus_pagrus1_ISKNV 0.0000010 0.0785856 0.0061586 0.1035570 0.0785856 0.0000000 0.0061123 0.1035570 0.0689175 0.0186595 0.0689175 0.0878439 0.0061586 0.0061586 0.0186595 0.0516931 0.1173994 
MT926123_Megalocytivirus_pagrus1_ISKNV 0.0061123 0.0875679 0.0123610 0.1106177 0.0875679 0.0061123 0.0000000 0.1106177 0.0777678 0.0249622 0.0777678 0.0968774 0.0123610 0.0123610 0.0249622 0.0583061 0.1244254 
MG570131_Megalocytivirus_pagrus1_TRBIV 0.1035570 0.1210132 0.1117471 0.0000010 0.1210132 0.1035570 0.1106177 0.0000000 0.1102408 0.1009838 0.1102408 0.1309480 0.1117471 0.1117471 0.1009838 0.0815311 0.0442859 
OL774655_Megalocytivirus_pagrus1_RSIV  0.0689175 0.0163300 0.0787198 0.1102408 0.0163300 0.0689175 0.0777678 0.1102408 0.0000000 0.0644574 0.0000010 0.0246593 0.0787198 0.0787198 0.0644574 0.0000010 0.1401065 
MW883595_Megalocytivirus_pagrus1_ISKNV 0.0186595 0.0744483 0.0251613 0.1009838 0.0744483 0.0186595 0.0249622 0.1009838 0.0644574 0.0000000 0.0644574 0.0840216 0.0251613 0.0251613 0.0000010 0.0477998 0.1072338 
MK098185_Megalocytivirus_pagrus1_RSIV  0.0689175 0.0163300 0.0787198 0.1102408 0.0163300 0.0689175 0.0777678 0.1102408 0.0000010 0.0644574 0.0000000 0.0246593 0.0787198 0.0787198 0.0644574 0.0000010 0.1401065 
AP017456_Megalocytivirus_pagrus1_RSIV  0.0878439 0.0081466 0.0898703 0.1309480 0.0081466 0.0878439 0.0968774 0.1309480 0.0246593 0.0840216 0.0246593 0.0000000 0.0898703 0.0981234 0.0840216 0.0246593 0.1615272 
PP974677_Megalocytivirus_pagrus1_ISKNV 0.0061586 0.0886720 0.0000010 0.1117471 0.0886720 0.0061586 0.0123610 0.1117471 0.0787198 0.0251613 0.0787198 0.0898703 0.0000000 0.0124560 0.0251613 0.0588215 0.1257141 
MW883606_Megalocytivirus_pagrus1_ISKNV 0.0061586 0.0886720 0.0124560 0.1117471 0.0886720 0.0061586 0.0123610 0.1117471 0.0787198 0.0251613 0.0787198 0.0981234 0.0124560 0.0000000 0.0251613 0.0588215 0.1257141 
MN432490_Megalocytivirus_pagrus1_ISKNV 0.0186595 0.0744483 0.0251613 0.1009838 0.0744483 0.0186595 0.0249622 0.1009838 0.0644574 0.0000010 0.0644574 0.0840216 0.0251613 0.0251613 0.0000000 0.0477998 0.1072338 
OQ475017_Megalocytivirus_pagrus1_RSIV  0.0516931 0.0163300 0.0588215 0.0815311 0.0163300 0.0516931 0.0583061 0.0815311 0.0000010 0.0477998 0.0000010 0.0246593 0.0588215 0.0588215 0.0477998 0.0000000 0.1033269 
GQ273492_Megalocytivirus_pagrus1_TRBIV 0.1173994 0.1513979 0.1257141 0.0442859 0.1513979 0.1173994 0.1244254 0.0442859 0.1401065 0.1072338 0.1401065 0.1615272 0.1257141 0.1257141 0.1072338 0.1033269 0.0000000 
