20
MW883606_Megalocytivirus_pagrus1_ISKNV    0.0000000 0.1076667 0.0033546 0.0032677 0.1076667 0.0000010 0.0032674 0.0033546 0.0032677 0.1004143 0.1004143 0.1025091 0.1151695 0.1614663 0.0032806 0.0032948 0.1614663 0.1061440 0.1061440 0.0032948 
MT986830_Megalocytivirus_pagrus1_ISKNV    0.1076667 0.0000000 0.1140482 0.1106046 0.0000010 0.1076667 0.1128365 0.1140482 0.1106046 0.0171242 0.0171242 0.0032492 0.0940448 0.1275263 0.1126144 0.1075108 0.1275263 0.0246539 0.0246539 0.1075108 
23043610003_Megalocytivirus_pagrus1_ISKNV 0.0033546 0.1140482 0.0000000 0.0067423 0.1140482 0.0033546 0.0067412 0.0000010 0.0067423 0.1069284 0.1069284 0.1087637 0.1219723 0.1687203 0.0067674 0.0067965 0.1687203 0.1127734 0.1127734 0.0067965 
MN432490_Megalocytivirus_pagrus1_ISKNV    0.0032677 0.1106046 0.0067423 0.0000000 0.1106046 0.0032677 0.0065690 0.0067423 0.0000010 0.1001233 0.1001233 0.1052729 0.1097705 0.1606910 0.0065940 0.0066217 0.1606910 0.1058009 0.1058009 0.0066217 
MK689686_Megalocytivirus_pagrus1_RSIV     0.1076667 0.0000010 0.1140482 0.1106046 0.0000000 0.1076667 0.1128365 0.1140482 0.1106046 0.0171242 0.0171242 0.0032492 0.0940448 0.1275263 0.1126144 0.1075108 0.1275263 0.0246539 0.0246539 0.1075108 
MW883594_Megalocytivirus_pagrus1_ISKNV    0.0000010 0.1076667 0.0033546 0.0032677 0.1076667 0.0000000 0.0032674 0.0033546 0.0032677 0.1004143 0.1004143 0.1025091 0.1151695 0.1614663 0.0032806 0.0032948 0.1614663 0.1061440 0.1061440 0.0032948 
OR536350_Megalocytivirus_pagrus1_ISKNV    0.0032674 0.1128365 0.0067412 0.0065690 0.1128365 0.0032674 0.0000000 0.0067412 0.0065690 0.1056579 0.1056579 0.1075524 0.1207222 0.1676217 0.0065929 0.0066206 0.1676217 0.1115092 0.1115092 0.0066206 
23043610005_Megalocytivirus_pagrus1_ISKNV 0.0033546 0.1140482 0.0000010 0.0067423 0.1140482 0.0033546 0.0067412 0.0000000 0.0067423 0.1069284 0.1069284 0.1087637 0.1219723 0.1687203 0.0067674 0.0067965 0.1687203 0.1127734 0.1127734 0.0067965 
OP009387_Megalocytivirus_pagrus1_ISKNV    0.0032677 0.1106046 0.0067423 0.0000010 0.1106046 0.0032677 0.0065690 0.0067423 0.0000000 0.1001233 0.1001233 0.1052729 0.1097705 0.1606910 0.0065940 0.0066217 0.1606910 0.1058009 0.1058009 0.0066217 
OQ475017_Megalocytivirus_pagrus1_RSIV     0.1004143 0.0171242 0.1069284 0.1001233 0.0171242 0.1004143 0.1056579 0.1069284 0.1001233 0.0000000 0.0000010 0.0136018 0.0835336 0.1172135 0.1054581 0.1002695 0.1172135 0.0066566 0.0066566 0.1002695 
MK098185_Megalocytivirus_pagrus1_RSIV     0.1004143 0.0171242 0.1069284 0.1001233 0.0171242 0.1004143 0.1056579 0.1069284 0.1001233 0.0000010 0.0000000 0.0136018 0.0835336 0.1172135 0.1054581 0.1002695 0.1172135 0.0066566 0.0066566 0.1002695 
MW883598_Megalocytivirus_pagrus1_RSIV     0.1025091 0.0032492 0.1087637 0.1052729 0.0032492 0.1025091 0.1075524 0.1087637 0.1052729 0.0136018 0.0136018 0.0000000 0.0888178 0.1217987 0.1073535 0.1023659 0.1217987 0.0209814 0.0209814 0.1023659 
GQ273492_Megalocytivirus_pagrus1_TRBIV    0.1151695 0.0940448 0.1219723 0.1097705 0.0940448 0.1151695 0.1207222 0.1219723 0.1097705 0.0835336 0.0835336 0.0888178 0.0000000 0.0366768 0.1204569 0.1149908 0.0366768 0.0785330 0.0785330 0.1149908 
MG570131_Megalocytivirus_pagrus1_TRBIV    0.1614663 0.1275263 0.1687203 0.1606910 0.1275263 0.1614663 0.1676217 0.1687203 0.1606910 0.1172135 0.1172135 0.1217987 0.0366768 0.0000000 0.1672141 0.1612554 0.0000010 0.1113945 0.1113945 0.1612554 
MW883593_Megalocytivirus_pagrus1_ISKNV    0.0032806 0.1126144 0.0067674 0.0065940 0.1126144 0.0032806 0.0065929 0.0067674 0.0065940 0.1054581 0.1054581 0.1073535 0.1204569 0.1672141 0.0000000 0.0066460 0.1672141 0.1112833 0.1112833 0.0066460 
OR670976_Megalocytivirus_pagrus1_ISKNV    0.0032948 0.1075108 0.0067965 0.0066217 0.1075108 0.0032948 0.0066206 0.0067965 0.0066217 0.1002695 0.1002695 0.1023659 0.1149908 0.1612554 0.0066460 0.0000000 0.1612554 0.1059841 0.1059841 0.0000010 
MG570132_Megalocytivirus_pagrus1_TRBIV    0.1614663 0.1275263 0.1687203 0.1606910 0.1275263 0.1614663 0.1676217 0.1687203 0.1606910 0.1172135 0.1172135 0.1217987 0.0366768 0.0000010 0.1672141 0.1612554 0.0000000 0.1113945 0.1113945 0.1612554 
MK098187_Megalocytivirus_pagrus1_RSIV     0.1061440 0.0246539 0.1127734 0.1058009 0.0246539 0.1061440 0.1115092 0.1127734 0.1058009 0.0066566 0.0066566 0.0209814 0.0785330 0.1113945 0.1112833 0.1059841 0.1113945 0.0000000 0.0000010 0.1059841 
MK098186_Megalocytivirus_pagrus1_RSIV     0.1061440 0.0246539 0.1127734 0.1058009 0.0246539 0.1061440 0.1115092 0.1127734 0.1058009 0.0066566 0.0066566 0.0209814 0.0785330 0.1113945 0.1112833 0.1059841 0.1113945 0.0000010 0.0000000 0.1059841 
OQ513807_Megalocytivirus_pagrus1_ISKNV    0.0032948 0.1075108 0.0067965 0.0066217 0.1075108 0.0032948 0.0066206 0.0067965 0.0066217 0.1002695 0.1002695 0.1023659 0.1149908 0.1612554 0.0066460 0.0000010 0.1612554 0.1059841 0.1059841 0.0000000 
