13
OP009387_Megalocytivirus_pagrus1_ISKNV 0.0000000 0.0000010 0.0189352 0.0970699 0.1178168 0.1178326 0.1178168 0.0185712 0.0189352 0.1178326 0.0576331 0.0381577 0.0381577 
MT128666_Megalocytivirus_pagrus1_ISKNV 0.0000010 0.0000000 0.0189352 0.0970699 0.1178168 0.1178326 0.1178168 0.0185712 0.0189352 0.1178326 0.0576331 0.0381577 0.0381577 
OR670976_Megalocytivirus_pagrus1_ISKNV 0.0189352 0.0189352 0.0000000 0.1196866 0.1412648 0.1412817 0.1412648 0.0381349 0.0000010 0.1412817 0.0789533 0.0588039 0.0588039 
MW883598_Megalocytivirus_pagrus1_RSIV  0.0970699 0.0970699 0.1196866 0.0000000 0.0186284 0.0186322 0.0186284 0.0972011 0.1196866 0.0186322 0.0764041 0.0569079 0.0569079 
MK689686_Megalocytivirus_pagrus1_RSIV  0.1178168 0.1178168 0.1412648 0.0186284 0.0000000 0.0376657 0.0000010 0.1179773 0.1412648 0.0376657 0.0965784 0.0767202 0.0767202 
BD143114_Megalocytivirus_pagrus1_RSIV  0.1178326 0.1178326 0.1412817 0.0186322 0.0376657 0.0000000 0.0376657 0.1179931 0.1412817 0.0000010 0.0965927 0.0767326 0.0767326 
ON740976_Megalocytivirus_pagrus1_RSIV  0.1178168 0.1178168 0.1412648 0.0186284 0.0000010 0.0376657 0.0000000 0.1179773 0.1412648 0.0376657 0.0965784 0.0767202 0.0767202 
MW883603_Megalocytivirus_pagrus1_ISKNV 0.0185712 0.0185712 0.0381349 0.0972011 0.1179773 0.1179931 0.1179773 0.0000000 0.0381349 0.1179931 0.0577107 0.0382089 0.0382089 
OQ513807_Megalocytivirus_pagrus1_ISKNV 0.0189352 0.0189352 0.0000010 0.1196866 0.1412648 0.1412817 0.1412648 0.0381349 0.0000000 0.1412817 0.0789533 0.0588039 0.0588039 
OL774653_Megalocytivirus_pagrus1_RSIV  0.1178326 0.1178326 0.1412817 0.0186322 0.0376657 0.0000010 0.0376657 0.1179931 0.1412817 0.0000000 0.0965927 0.0767326 0.0767326 
GQ273492_Megalocytivirus_pagrus1_TRBIV 0.0576331 0.0576331 0.0789533 0.0764041 0.0965784 0.0965927 0.0965784 0.0577107 0.0789533 0.0965927 0.0000000 0.0187764 0.0187764 
MG570131_Megalocytivirus_pagrus1_TRBIV 0.0381577 0.0381577 0.0588039 0.0569079 0.0767202 0.0767326 0.0767202 0.0382089 0.0588039 0.0767326 0.0187764 0.0000000 0.0000010 
MG570132_Megalocytivirus_pagrus1_TRBIV 0.0381577 0.0381577 0.0588039 0.0569079 0.0767202 0.0767326 0.0767202 0.0382089 0.0588039 0.0767326 0.0187764 0.0000010 0.0000000 
