14
MW883597_Megalocytivirus_pagrus1_ISKNV 0.0000000 0.5592011 1.2113775 0.6049379 0.5592011 0.0000010 0.5646694 0.0733864 0.0733864 0.8536397 0.6049379 0.8536397 1.0861981 0.6043379 
MW139932_Megalocytivirus_pagrus1_RSIV  0.5592011 0.0000000 0.9955554 0.1052772 0.0000010 0.5592011 0.0699218 0.5259816 0.5259816 1.1450895 0.1052772 1.1450895 0.8734941 0.0350281 
GQ273492_Megalocytivirus_pagrus1_TRBIV 1.2113775 0.9955554 0.0000000 0.8900707 0.9955554 1.2113775 0.8555275 0.9742113 0.9742113 0.0791948 0.8900707 0.0791948 0.0361960 1.0362358 
ON075463_Megalocytivirus_pagrus1_RSIV  0.6049379 0.1052772 0.8900707 0.0000000 0.1052772 0.6049379 0.0348539 0.5687037 0.5687037 1.0024144 0.0000010 1.0024144 0.7960003 0.1414141 
OL774653_Megalocytivirus_pagrus1_RSIV  0.5592011 0.0000010 0.9955554 0.1052772 0.0000000 0.5592011 0.0699218 0.5259816 0.5259816 1.1450895 0.1052772 1.1450895 0.8734941 0.0350281 
ON212400_Megalocytivirus_pagrus1_ISKNV 0.0000010 0.5592011 1.2113775 0.6049379 0.5592011 0.0000000 0.5646694 0.0733864 0.0733864 0.8536397 0.6049379 0.8536397 1.0861981 0.6043379 
MW883598_Megalocytivirus_pagrus1_RSIV  0.5646694 0.0699218 0.8555275 0.0348539 0.0699218 0.5646694 0.0000000 0.5304525 0.5304525 0.9757034 0.0348539 0.9757034 0.7573017 0.1057871 
MW883595_Megalocytivirus_pagrus1_ISKNV 0.0733864 0.5259816 0.9742113 0.5687037 0.5259816 0.0733864 0.5304525 0.0000000 0.0000010 0.9431867 0.5687037 0.9431867 0.8837244 0.5684359 
MT986830_Megalocytivirus_pagrus1_ISKNV 0.0733864 0.5259816 0.9742113 0.5687037 0.5259816 0.0733864 0.5304525 0.0000010 0.0000000 0.9431867 0.5687037 0.9431867 0.8837244 0.5684359 
MG570131_Megalocytivirus_pagrus1_TRBIV 0.8536397 1.1450895 0.0791948 1.0024144 1.1450895 0.8536397 0.9757034 0.9431867 0.9431867 0.0000000 1.0024144 0.0000010 0.0752590 1.1718153 
ON743042_Megalocytivirus_pagrus1_RSIV  0.6049379 0.1052772 0.8900707 0.0000010 0.1052772 0.6049379 0.0348539 0.5687037 0.5687037 1.0024144 0.0000000 1.0024144 0.7960003 0.1414141 
MG570132_Megalocytivirus_pagrus1_TRBIV 0.8536397 1.1450895 0.0791948 1.0024144 1.1450895 0.8536397 0.9757034 0.9431867 0.9431867 0.0000010 1.0024144 0.0000000 0.0752590 1.1718153 
OK042109_Megalocytivirus_pagrus1_RSIV  1.0861981 0.8734941 0.0361960 0.7960003 0.8734941 1.0861981 0.7573017 0.8837244 0.8837244 0.0752590 0.7960003 0.0752590 0.0000000 0.9209932 
OQ475017_Megalocytivirus_pagrus1_RSIV  0.6043379 0.0350281 1.0362358 0.1414141 0.0350281 0.6043379 0.1057871 0.5684359 0.5684359 1.1718153 0.1414141 1.1718153 0.9209932 0.0000000 
