12
MW883599_Megalocytivirus_pagrus1_ISKNV 0.0000000 0.0398936 0.0616927 0.0398936 0.0065630 0.0000010 0.0399482 0.0616927 0.0065630 0.0399482 0.0619193 0.0131924 
AB104413_Megalocytivirus_pagrus1_RSIV  0.0398936 0.0000000 0.0566946 0.0000010 0.0331257 0.0398936 0.0121285 0.0566946 0.0331257 0.0121285 0.0504388 0.0399520 
MG570131_Megalocytivirus_pagrus1_TRBIV 0.0616927 0.0566946 0.0000000 0.0566946 0.0546341 0.0616927 0.0567646 0.0000010 0.0546341 0.0567646 0.0186669 0.0617816 
ON743042_Megalocytivirus_pagrus1_RSIV  0.0398936 0.0000010 0.0566946 0.0000000 0.0331257 0.0398936 0.0121285 0.0566946 0.0331257 0.0121285 0.0504388 0.0399520 
MT986830_Megalocytivirus_pagrus1_ISKNV 0.0065630 0.0331257 0.0546341 0.0331257 0.0000000 0.0065630 0.0331717 0.0546341 0.0000010 0.0331717 0.0548328 0.0065732 
MW883593_Megalocytivirus_pagrus1_ISKNV 0.0000010 0.0398936 0.0616927 0.0398936 0.0065630 0.0000000 0.0399482 0.0616927 0.0065630 0.0399482 0.0619193 0.0131924 
AP017456_Megalocytivirus_pagrus1_RSIV  0.0399482 0.0121285 0.0567646 0.0121285 0.0331717 0.0399482 0.0000000 0.0567646 0.0331717 0.0000010 0.0505023 0.0400067 
MG570132_Megalocytivirus_pagrus1_TRBIV 0.0616927 0.0566946 0.0000010 0.0566946 0.0546341 0.0616927 0.0567646 0.0000000 0.0546341 0.0567646 0.0186669 0.0617816 
MW883595_Megalocytivirus_pagrus1_ISKNV 0.0065630 0.0331257 0.0546341 0.0331257 0.0000010 0.0065630 0.0331717 0.0546341 0.0000000 0.0331717 0.0548328 0.0065732 
MK689686_Megalocytivirus_pagrus1_RSIV  0.0399482 0.0121285 0.0567646 0.0121285 0.0331717 0.0399482 0.0000010 0.0567646 0.0331717 0.0000000 0.0505023 0.0400067 
GQ273492_Megalocytivirus_pagrus1_TRBIV 0.0619193 0.0504388 0.0186669 0.0504388 0.0548328 0.0619193 0.0505023 0.0186669 0.0548328 0.0505023 0.0000000 0.0620089 
PP151097_Megalocytivirus_pagrus1_ISKNV 0.0131924 0.0399520 0.0617816 0.0399520 0.0065732 0.0131924 0.0400067 0.0617816 0.0065732 0.0400067 0.0620089 0.0000000 
