9
MW883593_Megalocytivirus_pagrus1_ISKNV 0.0000000 0.0125325 0.0000010 0.0125325 0.0167290 0.0041802 0.0167290 0.0041662 0.0167985 
MT798582_Megalocytivirus_pagrus1_RSIV  0.0125325 0.0000000 0.0125325 0.0000010 0.0041577 0.0167836 0.0041577 0.0167272 0.0125517 
PP151097_Megalocytivirus_pagrus1_ISKNV 0.0000010 0.0125325 0.0000000 0.0125325 0.0167290 0.0041802 0.0167290 0.0041662 0.0167985 
AB104413_Megalocytivirus_pagrus1_RSIV  0.0125325 0.0000010 0.0125325 0.0000000 0.0041577 0.0167836 0.0041577 0.0167272 0.0125517 
MG570132_Megalocytivirus_pagrus1_TRBIV 0.0167290 0.0041577 0.0167290 0.0041577 0.0000000 0.0210030 0.0000010 0.0209321 0.0167546 
OP896201_Megalocytivirus_pagrus1_ISKNV 0.0041802 0.0167836 0.0041802 0.0167836 0.0210030 0.0000000 0.0210030 0.0083687 0.0210907 
MG570131_Megalocytivirus_pagrus1_TRBIV 0.0167290 0.0041577 0.0167290 0.0041577 0.0000010 0.0210030 0.0000000 0.0209321 0.0167546 
OP009387_Megalocytivirus_pagrus1_ISKNV 0.0041662 0.0167272 0.0041662 0.0167272 0.0209321 0.0083687 0.0209321 0.0000000 0.0210192 
GQ273492_Megalocytivirus_pagrus1_TRBIV 0.0167985 0.0125517 0.0167985 0.0125517 0.0167546 0.0210907 0.0167546 0.0210192 0.0000000 
