26
ON740976_Megalocytivirus_pagrus1_RSIV  0.0000000 0.1146985 0.0313449 0.1175481 0.1146985 0.1176203 0.1174893 0.0000010 0.1402401 0.0313449 0.1175481 0.0340149 0.1204100 0.1204100 0.0340149 0.1177111 0.1174893 0.1176203 0.1107782 0.1175919 0.1174893 0.1175919 0.1177111 0.1402401 0.1174635 0.1173271 
MK689685_Megalocytivirus_pagrus1_ISKNV 0.1146985 0.0000000 0.1072721 0.0025845 0.0000010 0.0129742 0.0025839 0.1146985 0.1461884 0.1072721 0.0025845 0.1071367 0.0155783 0.0155783 0.1071367 0.0025880 0.0025839 0.0129742 0.2495661 0.0025856 0.0025839 0.0025856 0.0025880 0.1461884 0.0025833 0.1228379 
OQ475017_Megalocytivirus_pagrus1_RSIV  0.0313449 0.1072721 0.0000000 0.1101313 0.1072721 0.1101998 0.1100779 0.0313449 0.1419272 0.0000010 0.1101313 0.0051882 0.1130049 0.1130049 0.0051882 0.1102854 0.1100779 0.1101998 0.1479399 0.1101734 0.1100779 0.1101734 0.1102854 0.1419272 0.1100532 0.1187547 
OR670976_Megalocytivirus_pagrus1_ISKNV 0.1175481 0.0025845 0.1101313 0.0000000 0.0025845 0.0155829 0.0051724 0.1175481 0.1491296 0.1101313 0.0000010 0.1099921 0.0181908 0.0181908 0.1099921 0.0051805 0.0051724 0.0155829 0.2530461 0.0051758 0.0051724 0.0051758 0.0051805 0.1491296 0.0051710 0.1257298 
AF371960_Megalocytivirus_pagrus1_ISKNV 0.1146985 0.0000010 0.1072721 0.0025845 0.0000000 0.0129742 0.0025839 0.1146985 0.1461884 0.1072721 0.0025845 0.1071367 0.0155783 0.0155783 0.1071367 0.0025880 0.0025839 0.0129742 0.2495661 0.0025856 0.0025839 0.0025856 0.0025880 0.1461884 0.0025833 0.1228379 
MW883595_Megalocytivirus_pagrus1_ISKNV 0.1176203 0.0129742 0.1101998 0.0155829 0.0129742 0.0000000 0.0155791 0.1176203 0.1459062 0.1101998 0.0155829 0.1100605 0.0025798 0.0025798 0.1100605 0.0156042 0.0103732 0.0000010 0.2509876 0.0155899 0.0155791 0.0155899 0.0156042 0.1459062 0.0155752 0.1226042 
MW883600_Megalocytivirus_pagrus1_ISKNV 0.1174893 0.0025839 0.1100779 0.0051724 0.0025839 0.0155791 0.0000000 0.1174893 0.1490412 0.1100779 0.0051724 0.1099390 0.0181864 0.0181864 0.1099390 0.0051794 0.0051712 0.0155791 0.2527946 0.0051747 0.0000010 0.0051747 0.0051794 0.1490412 0.0051699 0.1256636 
OK042109_Megalocytivirus_pagrus1_RSIV  0.0000010 0.1146985 0.0313449 0.1175481 0.1146985 0.1176203 0.1174893 0.0000000 0.1402401 0.0313449 0.1175481 0.0340149 0.1204100 0.1204100 0.0340149 0.1177111 0.1174893 0.1176203 0.1107782 0.1175919 0.1174893 0.1175919 0.1177111 0.1402401 0.1174635 0.1173271 
MG570131_Megalocytivirus_pagrus1_TRBIV 0.1402401 0.1461884 0.1419272 0.1491296 0.1461884 0.1459062 0.1490412 0.1402401 0.0000000 0.1419272 0.1491296 0.1360176 0.1487442 0.1487442 0.1360176 0.1493376 0.1490412 0.1459062 0.2759607 0.1491812 0.1490412 0.1491812 0.1493376 0.0000010 0.1490101 0.0501558 
MK098187_Megalocytivirus_pagrus1_RSIV  0.0313449 0.1072721 0.0000010 0.1101313 0.1072721 0.1101998 0.1100779 0.0313449 0.1419272 0.0000000 0.1101313 0.0051882 0.1130049 0.1130049 0.0051882 0.1102854 0.1100779 0.1101998 0.1479399 0.1101734 0.1100779 0.1101734 0.1102854 0.1419272 0.1100532 0.1187547 
OQ513807_Megalocytivirus_pagrus1_ISKNV 0.1175481 0.0025845 0.1101313 0.0000010 0.0025845 0.0155829 0.0051724 0.1175481 0.1491296 0.1101313 0.0000000 0.1099921 0.0181908 0.0181908 0.1099921 0.0051805 0.0051724 0.0155829 0.2530461 0.0051758 0.0051724 0.0051758 0.0051805 0.1491296 0.0051710 0.1257298 
OL774654_Megalocytivirus_pagrus1_RSIV  0.0340149 0.1071367 0.0051882 0.1099921 0.1071367 0.1100605 0.1099390 0.0340149 0.1360176 0.0051882 0.1099921 0.0000000 0.1128620 0.1128620 0.0000010 0.1101459 0.1099390 0.1100605 0.1512230 0.1100342 0.1099390 0.1100342 0.1101459 0.1360176 0.1099142 0.1129431 
PP974677_Megalocytivirus_pagrus1_ISKNV 0.1204100 0.0155783 0.1130049 0.0181908 0.0155783 0.0025798 0.0181864 0.1204100 0.1487442 0.1130049 0.0181908 0.1128620 0.0000000 0.0000010 0.1128620 0.0182157 0.0129742 0.0025798 0.2526265 0.0181989 0.0181864 0.0181989 0.0182157 0.1487442 0.0181818 0.1254168 
MT986830_Megalocytivirus_pagrus1_ISKNV 0.1204100 0.0155783 0.1130049 0.0181908 0.0155783 0.0025798 0.0181864 0.1204100 0.1487442 0.1130049 0.0181908 0.1128620 0.0000010 0.0000000 0.1128620 0.0182157 0.0129742 0.0025798 0.2526265 0.0181989 0.0181864 0.0181989 0.0182157 0.1487442 0.0181818 0.1254168 
MW139932_Megalocytivirus_pagrus1_RSIV  0.0340149 0.1071367 0.0051882 0.1099921 0.1071367 0.1100605 0.1099390 0.0340149 0.1360176 0.0051882 0.1099921 0.0000010 0.1128620 0.1128620 0.0000000 0.1101459 0.1099390 0.1100605 0.1512230 0.1100342 0.1099390 0.1100342 0.1101459 0.1360176 0.1099142 0.1129431 
MT128666_Megalocytivirus_pagrus1_ISKNV 0.1177111 0.0025880 0.1102854 0.0051805 0.0025880 0.0156042 0.0051794 0.1177111 0.1493376 0.1102854 0.0051805 0.1101459 0.0182157 0.0182157 0.1101459 0.0000000 0.0051794 0.0156042 0.2495661 0.0051829 0.0051794 0.0051829 0.0000010 0.1493376 0.0051781 0.1259056 
PP151097_Megalocytivirus_pagrus1_ISKNV 0.1174893 0.0025839 0.1100779 0.0051724 0.0025839 0.0103732 0.0051712 0.1174893 0.1490412 0.1100779 0.0051724 0.1099390 0.0129742 0.0129742 0.1099390 0.0051794 0.0000000 0.0103732 0.2527946 0.0051747 0.0051712 0.0051747 0.0051794 0.1490412 0.0051699 0.1256636 
MN432490_Megalocytivirus_pagrus1_ISKNV 0.1176203 0.0129742 0.1101998 0.0155829 0.0129742 0.0000010 0.0155791 0.1176203 0.1459062 0.1101998 0.0155829 0.1100605 0.0025798 0.0025798 0.1100605 0.0156042 0.0103732 0.0000000 0.2509876 0.0155899 0.0155791 0.0155899 0.0156042 0.1459062 0.0155752 0.1226042 
AY894343_Megalocytivirus_pagrus1_RSIV  0.1107782 0.2495661 0.1479399 0.2530461 0.2495661 0.2509876 0.2527946 0.1107782 0.2759607 0.1479399 0.2530461 0.1512230 0.2526265 0.2526265 0.1512230 0.2495661 0.2527946 0.2509876 0.0000000 0.2531104 0.2527946 0.2531104 0.2495661 0.2759607 0.2527503 0.2488174 
MW883597_Megalocytivirus_pagrus1_ISKNV 0.1175919 0.0025856 0.1101734 0.0051758 0.0025856 0.0155899 0.0051747 0.1175919 0.1491812 0.1101734 0.0051758 0.1100342 0.0181989 0.0181989 0.1100342 0.0051829 0.0051747 0.0155899 0.2531104 0.0000000 0.0051747 0.0000010 0.0051829 0.1491812 0.0051734 0.1257762 
OR536350_Megalocytivirus_pagrus1_ISKNV 0.1174893 0.0025839 0.1100779 0.0051724 0.0025839 0.0155791 0.0000010 0.1174893 0.1490412 0.1100779 0.0051724 0.1099390 0.0181864 0.0181864 0.1099390 0.0051794 0.0051712 0.0155791 0.2527946 0.0051747 0.0000000 0.0051747 0.0051794 0.1490412 0.0051699 0.1256636 
MW883596_Megalocytivirus_pagrus1_ISKNV 0.1175919 0.0025856 0.1101734 0.0051758 0.0025856 0.0155899 0.0051747 0.1175919 0.1491812 0.1101734 0.0051758 0.1100342 0.0181989 0.0181989 0.1100342 0.0051829 0.0051747 0.0155899 0.2531104 0.0000010 0.0051747 0.0000000 0.0051829 0.1491812 0.0051734 0.1257762 
MT128667_Megalocytivirus_pagrus1_ISKNV 0.1177111 0.0025880 0.1102854 0.0051805 0.0025880 0.0156042 0.0051794 0.1177111 0.1493376 0.1102854 0.0051805 0.1101459 0.0182157 0.0182157 0.1101459 0.0000010 0.0051794 0.0156042 0.2495661 0.0051829 0.0051794 0.0051829 0.0000000 0.1493376 0.0051781 0.1259056 
MG570132_Megalocytivirus_pagrus1_TRBIV 0.1402401 0.1461884 0.1419272 0.1491296 0.1461884 0.1459062 0.1490412 0.1402401 0.0000010 0.1419272 0.1491296 0.1360176 0.1487442 0.1487442 0.1360176 0.1493376 0.1490412 0.1459062 0.2759607 0.1491812 0.1490412 0.1491812 0.1493376 0.0000000 0.1490101 0.0501558 
ON212400_Megalocytivirus_pagrus1_ISKNV 0.1174635 0.0025833 0.1100532 0.0051710 0.0025833 0.0155752 0.0051699 0.1174635 0.1490101 0.1100532 0.0051710 0.1099142 0.0181818 0.0181818 0.1099142 0.0051781 0.0051699 0.0155752 0.2527503 0.0051734 0.0051699 0.0051734 0.0051781 0.1490101 0.0000000 0.1256362 
GQ273492_Megalocytivirus_pagrus1_TRBIV 0.1173271 0.1228379 0.1187547 0.1257298 0.1228379 0.1226042 0.1256636 0.1173271 0.0501558 0.1187547 0.1257298 0.1129431 0.1254168 0.1254168 0.1129431 0.1259056 0.1256636 0.1226042 0.2488174 0.1257762 0.1256636 0.1257762 0.1259056 0.0501558 0.1256362 0.0000000 
