14
OR670976_Megalocytivirus_pagrus1_ISKNV 0.0000000 0.1875469 0.3161898 0.1976994 0.0000010 0.2014828 0.2185558 0.1976994 0.2185558 0.0092011 0.0654484 0.3463667 0.0654484 0.3328465 
MW883598_Megalocytivirus_pagrus1_RSIV  0.1875469 0.0000000 0.3321991 0.0090535 0.1875469 0.1339417 0.0644901 0.0090535 0.0644901 0.1987862 0.1352335 0.3789660 0.1352335 0.3649375 
GQ273492_Megalocytivirus_pagrus1_TRBIV 0.3161898 0.3321991 0.0000000 0.3382710 0.3161898 0.2811064 0.3660051 0.3382710 0.3660051 0.3293896 0.2724208 0.1680991 0.2724208 0.1570157 
OK042108_Megalocytivirus_pagrus1_RSIV  0.1976994 0.0090535 0.3382710 0.0000000 0.1976994 0.1437396 0.0738348 0.0000010 0.0738348 0.2090263 0.1451250 0.3859973 0.1451250 0.3716799 
MW883596_Megalocytivirus_pagrus1_ISKNV 0.0000010 0.1875469 0.3161898 0.1976994 0.0000000 0.2014828 0.2185558 0.1976994 0.2185558 0.0092011 0.0654484 0.3463667 0.0654484 0.3328465 
OQ475017_Megalocytivirus_pagrus1_RSIV  0.2014828 0.1339417 0.2811064 0.1437396 0.2014828 0.0000000 0.0657446 0.1437396 0.0657446 0.2128327 0.1698805 0.3345927 0.1698805 0.3214041 
OL774653_Megalocytivirus_pagrus1_RSIV  0.2185558 0.0644901 0.3660051 0.0738348 0.2185558 0.0657446 0.0000000 0.0738348 0.0000010 0.2300771 0.1653806 0.4133895 0.1653806 0.3990849 
KT804738_Megalocytivirus_pagrus1_RSIV  0.1976994 0.0090535 0.3382710 0.0000010 0.1976994 0.1437396 0.0738348 0.0000000 0.0738348 0.2090263 0.1451250 0.3859973 0.1451250 0.3716799 
BD143114_Megalocytivirus_pagrus1_RSIV  0.2185558 0.0644901 0.3660051 0.0738348 0.2185558 0.0657446 0.0000010 0.0738348 0.0000000 0.2300771 0.1653806 0.4133895 0.1653806 0.3990849 
MW883594_Megalocytivirus_pagrus1_ISKNV 0.0092011 0.1987862 0.3293896 0.2090263 0.0092011 0.2128327 0.2300771 0.2090263 0.2300771 0.0000000 0.0752826 0.3600347 0.0752826 0.3462857 
MW883595_Megalocytivirus_pagrus1_ISKNV 0.0654484 0.1352335 0.2724208 0.1451250 0.0654484 0.1698805 0.1653806 0.1451250 0.1653806 0.0752826 0.0000000 0.3281822 0.0000010 0.3145888 
MG570132_Megalocytivirus_pagrus1_TRBIV 0.3463667 0.3789660 0.1680991 0.3859973 0.3463667 0.3345927 0.4133895 0.3859973 0.4133895 0.3600347 0.3281822 0.0000000 0.3281822 0.0090372 
MN432490_Megalocytivirus_pagrus1_ISKNV 0.0654484 0.1352335 0.2724208 0.1451250 0.0654484 0.1698805 0.1653806 0.1451250 0.1653806 0.0752826 0.0000010 0.3281822 0.0000000 0.3145888 
MG570131_Megalocytivirus_pagrus1_TRBIV 0.3328465 0.3649375 0.1570157 0.3716799 0.3328465 0.3214041 0.3990849 0.3716799 0.3990849 0.3462857 0.3145888 0.0090372 0.3145888 0.0000000 
