15
MT128666_Megalocytivirus_pagrus1_ISKNV 0.0000000 0.1103702 0.0305263 0.0000010 0.1103702 0.1021413 0.1018804 0.0305263 0.0075109 0.1018804 0.1021413 0.2117345 0.2117345 0.1185930 0.1313897 
OL774653_Megalocytivirus_pagrus1_RSIV  0.1103702 0.0000000 0.0860171 0.1103702 0.0000010 0.0074839 0.0150165 0.0860171 0.1021551 0.0150165 0.0074839 0.2518776 0.2518776 0.0225809 0.1539147 
MW883595_Megalocytivirus_pagrus1_ISKNV 0.0305263 0.0860171 0.0000000 0.0305263 0.0860171 0.0779387 0.0777404 0.0000010 0.0382789 0.0777404 0.0779387 0.2310346 0.2310346 0.0941018 0.1402603 
OR670976_Megalocytivirus_pagrus1_ISKNV 0.0000010 0.1103702 0.0305263 0.0000000 0.1103702 0.1021413 0.1018804 0.0305263 0.0075109 0.1018804 0.1021413 0.2117345 0.2117345 0.1185930 0.1313897 
OL774655_Megalocytivirus_pagrus1_RSIV  0.1103702 0.0000010 0.0860171 0.1103702 0.0000000 0.0074839 0.0150165 0.0860171 0.1021551 0.0150165 0.0074839 0.2518776 0.2518776 0.0225809 0.1539147 
MK098185_Megalocytivirus_pagrus1_RSIV  0.1021413 0.0074839 0.0779387 0.1021413 0.0074839 0.0000000 0.0074851 0.0779387 0.1103702 0.0074851 0.0000010 0.2425624 0.2425624 0.0150072 0.1453202 
MT798582_Megalocytivirus_pagrus1_RSIV  0.1018804 0.0150165 0.0777404 0.1018804 0.0150165 0.0074851 0.0000000 0.0777404 0.1100876 0.0000010 0.0074851 0.2419171 0.2419171 0.0225842 0.1449422 
MN432490_Megalocytivirus_pagrus1_ISKNV 0.0305263 0.0860171 0.0000010 0.0305263 0.0860171 0.0779387 0.0777404 0.0000000 0.0382789 0.0777404 0.0779387 0.2310346 0.2310346 0.0941018 0.1402603 
PP974677_Megalocytivirus_pagrus1_ISKNV 0.0075109 0.1021551 0.0382789 0.0075109 0.1021551 0.1103702 0.1100876 0.0382789 0.0000000 0.1100876 0.1103702 0.2210262 0.2210262 0.1269336 0.1400709 
ON740976_Megalocytivirus_pagrus1_RSIV  0.1018804 0.0150165 0.0777404 0.1018804 0.0150165 0.0074851 0.0000010 0.0777404 0.1100876 0.0000000 0.0074851 0.2419171 0.2419171 0.0225842 0.1449422 
MK098186_Megalocytivirus_pagrus1_RSIV  0.1021413 0.0074839 0.0779387 0.1021413 0.0074839 0.0000010 0.0074851 0.0779387 0.1103702 0.0074851 0.0000000 0.2425624 0.2425624 0.0150072 0.1453202 
MG570131_Megalocytivirus_pagrus1_TRBIV 0.2117345 0.2518776 0.2310346 0.2117345 0.2518776 0.2425624 0.2419171 0.2310346 0.2210262 0.2419171 0.2425624 0.0000000 0.0000010 0.2610987 0.1477060 
MG570132_Megalocytivirus_pagrus1_TRBIV 0.2117345 0.2518776 0.2310346 0.2117345 0.2518776 0.2425624 0.2419171 0.2310346 0.2210262 0.2419171 0.2425624 0.0000010 0.0000000 0.2610987 0.1477060 
OQ475017_Megalocytivirus_pagrus1_RSIV  0.1185930 0.0225809 0.0941018 0.1185930 0.0225809 0.0150072 0.0225842 0.0941018 0.1269336 0.0225842 0.0150072 0.2610987 0.2610987 0.0000000 0.1624783 
GQ273492_Megalocytivirus_pagrus1_TRBIV 0.1313897 0.1539147 0.1402603 0.1313897 0.1539147 0.1453202 0.1449422 0.1402603 0.1400709 0.1449422 0.1453202 0.1477060 0.1477060 0.1624783 0.0000000 
