15
MT128667_Megalocytivirus_pagrus1_ISKNV    0.0000000 0.1140776 0.0000010 0.1140776 0.2284117 0.0158642 0.0819456 0.1654933 0.0819456 0.1654933 0.1918079 0.2284117 0.1165764 0.0321186 0.0158602 
OL774653_Megalocytivirus_pagrus1_RSIV     0.1140776 0.0000000 0.1140776 0.0000010 0.1922836 0.1307892 0.1330393 0.0483590 0.1330393 0.0483590 0.1380463 0.1922836 0.0000010 0.1150091 0.1308192 
23043610003_Megalocytivirus_pagrus1_ISKNV 0.0000010 0.1140776 0.0000000 0.1140776 0.2284117 0.0158642 0.0819456 0.1654933 0.0819456 0.1654933 0.1918079 0.2284117 0.1165764 0.0321186 0.0158602 
OL774655_Megalocytivirus_pagrus1_RSIV     0.1140776 0.0000010 0.1140776 0.0000000 0.1922836 0.1307892 0.1330393 0.0483590 0.1330393 0.0483590 0.1380463 0.1922836 0.0000010 0.1150091 0.1308192 
MG570131_Megalocytivirus_pagrus1_TRBIV    0.2284117 0.1922836 0.2284117 0.1922836 0.0000000 0.2464836 0.2888066 0.2484527 0.2888066 0.2484527 0.1352424 0.0000010 0.1774129 0.2126172 0.2466922 
MW883594_Megalocytivirus_pagrus1_ISKNV    0.0158642 0.1307892 0.0158642 0.1307892 0.2464836 0.0000000 0.0987306 0.1825219 0.0987306 0.1825219 0.2097871 0.2464836 0.1336519 0.0483866 0.0318593 
PP974677_Megalocytivirus_pagrus1_ISKNV    0.0819456 0.1330393 0.0819456 0.1330393 0.2888066 0.0987306 0.0000000 0.1859530 0.0000010 0.1859530 0.2509339 0.2888066 0.1180314 0.1166806 0.0987391 
AY894343_Megalocytivirus_pagrus1_RSIV     0.1654933 0.0483590 0.1654933 0.0483590 0.2484527 0.1825219 0.1859530 0.0000000 0.1859530 0.0000010 0.1808790 0.2484527 0.0494205 0.1669211 0.1826092 
MT986830_Megalocytivirus_pagrus1_ISKNV    0.0819456 0.1330393 0.0819456 0.1330393 0.2888066 0.0987306 0.0000010 0.1859530 0.0000000 0.1859530 0.2509339 0.2888066 0.1180314 0.1166806 0.0987391 
MW883598_Megalocytivirus_pagrus1_RSIV     0.1654933 0.0483590 0.1654933 0.0483590 0.2484527 0.1825219 0.1859530 0.0000010 0.1859530 0.0000000 0.1808790 0.2484527 0.0494205 0.1669211 0.1826092 
GQ273492_Megalocytivirus_pagrus1_TRBIV    0.1918079 0.1380463 0.1918079 0.1380463 0.1352424 0.2097871 0.2509339 0.1808790 0.2509339 0.1808790 0.0000000 0.1352424 0.1412422 0.1935901 0.2099227 
MG570132_Megalocytivirus_pagrus1_TRBIV    0.2284117 0.1922836 0.2284117 0.1922836 0.0000010 0.2464836 0.2888066 0.2484527 0.2888066 0.2484527 0.1352424 0.0000000 0.1774129 0.2126172 0.2466922 
ON740976_Megalocytivirus_pagrus1_RSIV     0.1165764 0.0000010 0.1165764 0.0000010 0.1774129 0.1336519 0.1180314 0.0494205 0.1180314 0.0494205 0.1412422 0.1774129 0.0000000 0.1175509 0.1336850 
MW883600_Megalocytivirus_pagrus1_ISKNV    0.0321186 0.1150091 0.0321186 0.1150091 0.2126172 0.0483866 0.1166806 0.1669211 0.1166806 0.1669211 0.1935901 0.2126172 0.1175509 0.0000000 0.0483803 
MW883601_Megalocytivirus_pagrus1_ISKNV    0.0158602 0.1308192 0.0158602 0.1308192 0.2466922 0.0318593 0.0987391 0.1826092 0.0987391 0.1826092 0.2099227 0.2466922 0.1336850 0.0483803 0.0000000 
