27
AP017456_Megalocytivirus_pagrus1_RSIV     0.0000000 0.1110508 0.0445037 0.1110508 0.0000010 0.0393767 0.1089308 0.0880213 0.0420156 0.1445165 0.0023697 0.0393767 0.1116697 0.1143268 0.0445037 0.0828659 0.1406602 0.0023697 0.1139679 0.1116414 0.1116697 0.1445165 0.0880213 0.1143181 0.1145295 0.1141013 0.1139679 
MW883602_Megalocytivirus_pagrus1_ISKNV    0.1110508 0.0000000 0.1262805 0.0000010 0.1110508 0.1202766 0.0091581 0.0407288 0.1235615 0.1565884 0.1140532 0.1202766 0.0022665 0.0022738 0.1262805 0.1328177 0.1525276 0.1140532 0.0022689 0.0114579 0.0022665 0.1565884 0.0407288 0.0045664 0.0022765 0.0022713 0.0022689 
MK098186_Megalocytivirus_pagrus1_RSIV     0.0445037 0.1262805 0.0000000 0.1262805 0.0445037 0.0047212 0.1302924 0.1110167 0.0071125 0.1697746 0.0471026 0.0047212 0.1269771 0.1296752 0.0000010 0.1155780 0.1615837 0.0471026 0.1292527 0.1330272 0.1269771 0.1697746 0.1110167 0.1296600 0.1299146 0.1294052 0.1292527 
KT781098_Megalocytivirus_pagrus1_ISKNV    0.1110508 0.0000010 0.1262805 0.0000000 0.1110508 0.1202766 0.0091581 0.0407288 0.1235615 0.1565884 0.1140532 0.1202766 0.0022665 0.0022738 0.1262805 0.1328177 0.1525276 0.1140532 0.0022689 0.0114579 0.0022665 0.1565884 0.0407288 0.0045664 0.0022765 0.0022713 0.0022689 
MW883598_Megalocytivirus_pagrus1_RSIV     0.0000010 0.1110508 0.0445037 0.1110508 0.0000000 0.0393767 0.1089308 0.0880213 0.0420156 0.1445165 0.0023697 0.0393767 0.1116697 0.1143268 0.0445037 0.0828659 0.1406602 0.0023697 0.1139679 0.1116414 0.1116697 0.1445165 0.0880213 0.1143181 0.1145295 0.1141013 0.1139679 
MK098185_Megalocytivirus_pagrus1_RSIV     0.0393767 0.1202766 0.0047212 0.1202766 0.0393767 0.0000000 0.1242278 0.1050765 0.0023592 0.1631987 0.0419510 0.0000010 0.1209434 0.1236283 0.0047212 0.1096423 0.1552030 0.0419510 0.1232307 0.1269583 0.1209434 0.1631987 0.1050765 0.1236157 0.1238531 0.1233759 0.1232307 
MT986830_Megalocytivirus_pagrus1_ISKNV    0.1089308 0.0091581 0.1302924 0.0091581 0.1089308 0.1242278 0.0000000 0.0308503 0.1275557 0.1502262 0.1119426 0.1242278 0.0114629 0.0115003 0.1302924 0.1270035 0.1497860 0.1119426 0.0114750 0.0022710 0.0114629 0.1502262 0.0308503 0.0138598 0.0115143 0.0114869 0.0114750 
MW883595_Megalocytivirus_pagrus1_ISKNV    0.0880213 0.0407288 0.1110167 0.0407288 0.0880213 0.1050765 0.0308503 0.0000000 0.1082897 0.1442122 0.0909279 0.1050765 0.0431692 0.0433231 0.1110167 0.1115988 0.1453208 0.0909279 0.0432167 0.0332412 0.0431692 0.1442122 0.0000010 0.0459262 0.0433822 0.0432628 0.0432167 
OQ475017_Megalocytivirus_pagrus1_RSIV     0.0420156 0.1235615 0.0071125 0.1235615 0.0420156 0.0023592 0.1275557 0.1082897 0.0000000 0.1669116 0.0446078 0.0023592 0.1242463 0.1269450 0.0071125 0.1128643 0.1587846 0.0446078 0.1265328 0.1302953 0.1242463 0.1669116 0.1082897 0.1269309 0.1271783 0.1266823 0.1265328 
MG570131_Megalocytivirus_pagrus1_TRBIV    0.1445165 0.1565884 0.1697746 0.1565884 0.1445165 0.1631987 0.1502262 0.1442122 0.1669116 0.0000000 0.1477613 0.1631987 0.1600801 0.1601157 0.1697746 0.1054187 0.0851866 0.1477613 0.1595730 0.1528858 0.1600801 0.0000010 0.1442122 0.1635479 0.1604252 0.1597589 0.1595730 
KC244182_Megalocytivirus_pagrus1_RSIV     0.0023697 0.1140532 0.0471026 0.1140532 0.0023697 0.0419510 0.1119426 0.0909279 0.0446078 0.1477613 0.0000000 0.0419510 0.1146874 0.1173519 0.0471026 0.0799590 0.1438347 0.0000010 0.1169807 0.1146573 0.1146874 0.1477613 0.0909279 0.1173419 0.1175615 0.1171179 0.1169807 
BD143114_Megalocytivirus_pagrus1_RSIV     0.0393767 0.1202766 0.0047212 0.1202766 0.0393767 0.0000010 0.1242278 0.1050765 0.0023592 0.1631987 0.0419510 0.0000000 0.1209434 0.1236283 0.0047212 0.1096423 0.1552030 0.0419510 0.1232307 0.1269583 0.1209434 0.1631987 0.1050765 0.1236157 0.1238531 0.1233759 0.1232307 
23043610003_Megalocytivirus_pagrus1_ISKNV 0.1116697 0.0022665 0.1269771 0.0022665 0.1116697 0.1209434 0.0114629 0.0431692 0.1242463 0.1600801 0.1146874 0.1209434 0.0000000 0.0045526 0.1269771 0.1361826 0.1559441 0.1146874 0.0045428 0.0137659 0.0000010 0.1600801 0.0431692 0.0068571 0.0045580 0.0045474 0.0045428 
MW883593_Megalocytivirus_pagrus1_ISKNV    0.1143268 0.0022738 0.1296752 0.0022738 0.1143268 0.1236283 0.0115003 0.0433231 0.1269450 0.1601157 0.1173519 0.1236283 0.0045526 0.0000000 0.1296752 0.1362003 0.1559755 0.1173519 0.0045574 0.0138111 0.0045526 0.1601157 0.0433231 0.0068794 0.0045727 0.0045621 0.0045574 
MK098187_Megalocytivirus_pagrus1_RSIV     0.0445037 0.1262805 0.0000010 0.1262805 0.0445037 0.0047212 0.1302924 0.1110167 0.0071125 0.1697746 0.0471026 0.0047212 0.1269771 0.1296752 0.0000000 0.1155780 0.1615837 0.0471026 0.1292527 0.1330272 0.1269771 0.1697746 0.1110167 0.1296600 0.1299146 0.1294052 0.1292527 
OK042109_Megalocytivirus_pagrus1_RSIV     0.0828659 0.1328177 0.1155780 0.1328177 0.0828659 0.1096423 0.1270035 0.1115988 0.1128643 0.1054187 0.0799590 0.1096423 0.1361826 0.1362003 0.1155780 0.0000000 0.0560496 0.0799590 0.1357579 0.1296782 0.1361826 0.1054187 0.1115988 0.1361821 0.1364512 0.1359158 0.1357579 
GQ273492_Megalocytivirus_pagrus1_TRBIV    0.1406602 0.1525276 0.1615837 0.1525276 0.1406602 0.1552030 0.1497860 0.1453208 0.1587846 0.0851866 0.1438347 0.1552030 0.1559441 0.1559755 0.1615837 0.0560496 0.0000000 0.1438347 0.1554587 0.1524166 0.1559441 0.0851866 0.1453208 0.1593360 0.1562699 0.1556370 0.1554587 
ON740976_Megalocytivirus_pagrus1_RSIV     0.0023697 0.1140532 0.0471026 0.1140532 0.0023697 0.0419510 0.1119426 0.0909279 0.0446078 0.1477613 0.0000010 0.0419510 0.1146874 0.1173519 0.0471026 0.0799590 0.1438347 0.0000000 0.1169807 0.1146573 0.1146874 0.1477613 0.0909279 0.1173419 0.1175615 0.1171179 0.1169807 
OQ513807_Megalocytivirus_pagrus1_ISKNV    0.1139679 0.0022689 0.1292527 0.0022689 0.1139679 0.1232307 0.0114750 0.0432167 0.1265328 0.1595730 0.1169807 0.1232307 0.0045428 0.0045574 0.1292527 0.1357579 0.1554587 0.1169807 0.0000000 0.0137805 0.0045428 0.1595730 0.0432167 0.0068644 0.0045628 0.0045523 0.0000010 
PP974677_Megalocytivirus_pagrus1_ISKNV    0.1116414 0.0114579 0.1330272 0.0114579 0.1116414 0.1269583 0.0022710 0.0332412 0.1302953 0.1528858 0.1146573 0.1269583 0.0137659 0.0138111 0.1330272 0.1296782 0.1524166 0.1146573 0.0137805 0.0000000 0.0137659 0.1528858 0.0332412 0.0161809 0.0138279 0.0137947 0.0137805 
23043610005_Megalocytivirus_pagrus1_ISKNV 0.1116697 0.0022665 0.1269771 0.0022665 0.1116697 0.1209434 0.0114629 0.0431692 0.1242463 0.1600801 0.1146874 0.1209434 0.0000010 0.0045526 0.1269771 0.1361826 0.1559441 0.1146874 0.0045428 0.0137659 0.0000000 0.1600801 0.0431692 0.0068571 0.0045580 0.0045474 0.0045428 
MG570132_Megalocytivirus_pagrus1_TRBIV    0.1445165 0.1565884 0.1697746 0.1565884 0.1445165 0.1631987 0.1502262 0.1442122 0.1669116 0.0000010 0.1477613 0.1631987 0.1600801 0.1601157 0.1697746 0.1054187 0.0851866 0.1477613 0.1595730 0.1528858 0.1600801 0.0000000 0.1442122 0.1635479 0.1604252 0.1597589 0.1595730 
OP009387_Megalocytivirus_pagrus1_ISKNV    0.0880213 0.0407288 0.1110167 0.0407288 0.0880213 0.1050765 0.0308503 0.0000010 0.1082897 0.1442122 0.0909279 0.1050765 0.0431692 0.0433231 0.1110167 0.1115988 0.1453208 0.0909279 0.0432167 0.0332412 0.0431692 0.1442122 0.0000000 0.0459262 0.0433822 0.0432628 0.0432167 
MW273354_Megalocytivirus_pagrus1_ISKNV    0.1143181 0.0045664 0.1296600 0.0045664 0.1143181 0.1236157 0.0138598 0.0459262 0.1269309 0.1635479 0.1173419 0.1236157 0.0068571 0.0068794 0.1296600 0.1361821 0.1593360 0.1173419 0.0068644 0.0161809 0.0068571 0.1635479 0.0459262 0.0000000 0.0068877 0.0068715 0.0068644 
MW883594_Megalocytivirus_pagrus1_ISKNV    0.1145295 0.0022765 0.1299146 0.0022765 0.1145295 0.1238531 0.0115143 0.0433822 0.1271783 0.1604252 0.1175615 0.1238531 0.0045580 0.0045727 0.1299146 0.1364512 0.1562699 0.1175615 0.0045628 0.0138279 0.0045580 0.1604252 0.0433822 0.0068877 0.0000000 0.0045675 0.0045628 
OR536350_Megalocytivirus_pagrus1_ISKNV    0.1141013 0.0022713 0.1294052 0.0022713 0.1141013 0.1233759 0.0114869 0.0432628 0.1266823 0.1597589 0.1171179 0.1233759 0.0045474 0.0045621 0.1294052 0.1359158 0.1556370 0.1171179 0.0045523 0.0137947 0.0045474 0.1597589 0.0432628 0.0068715 0.0045675 0.0000000 0.0045523 
OR670976_Megalocytivirus_pagrus1_ISKNV    0.1139679 0.0022689 0.1292527 0.0022689 0.1139679 0.1232307 0.0114750 0.0432167 0.1265328 0.1595730 0.1169807 0.1232307 0.0045428 0.0045574 0.1292527 0.1357579 0.1554587 0.1169807 0.0000010 0.0137805 0.0045428 0.1595730 0.0432167 0.0068644 0.0045628 0.0045523 0.0000000 
