10
MT128667_Megalocytivirus_pagrus1_ISKNV    0.0000000 0.0173605 0.0000010 0.0173605 0.0173165 0.0086600 0.0086600 0.0086532 0.0086471 0.0173165 
OL774654_Megalocytivirus_pagrus1_RSIV     0.0173605 0.0000000 0.0173605 0.0000010 0.0172823 0.0261304 0.0261304 0.0086361 0.0260918 0.0172823 
23043610005_Megalocytivirus_pagrus1_ISKNV 0.0000010 0.0173605 0.0000000 0.0173605 0.0173165 0.0086600 0.0086600 0.0086532 0.0086471 0.0173165 
ON075463_Megalocytivirus_pagrus1_RSIV     0.0173605 0.0000010 0.0173605 0.0000000 0.0172823 0.0261304 0.0261304 0.0086361 0.0260918 0.0172823 
MG570132_Megalocytivirus_pagrus1_TRBIV    0.0173165 0.0172823 0.0173165 0.0172823 0.0000000 0.0260642 0.0260642 0.0086143 0.0260258 0.0000010 
OP009387_Megalocytivirus_pagrus1_ISKNV    0.0086600 0.0261304 0.0086600 0.0261304 0.0260642 0.0000000 0.0000010 0.0173657 0.0173537 0.0260642 
MN432490_Megalocytivirus_pagrus1_ISKNV    0.0086600 0.0261304 0.0086600 0.0261304 0.0260642 0.0000010 0.0000000 0.0173657 0.0173537 0.0260642 
GQ273492_Megalocytivirus_pagrus1_TRBIV    0.0086532 0.0086361 0.0086532 0.0086361 0.0086143 0.0173657 0.0173657 0.0000000 0.0173400 0.0086143 
MW273354_Megalocytivirus_pagrus1_ISKNV    0.0086471 0.0260918 0.0086471 0.0260918 0.0260258 0.0173537 0.0173537 0.0173400 0.0000000 0.0260258 
MG570131_Megalocytivirus_pagrus1_TRBIV    0.0173165 0.0172823 0.0173165 0.0172823 0.0000010 0.0260642 0.0260642 0.0086143 0.0260258 0.0000000 
