16
MW883602_Megalocytivirus_pagrus1_ISKNV 0.0000000 0.0221126 0.0019962 0.0261781 0.0221126 0.0000010 0.0019962 0.0160607 0.0261781 0.0019937 0.0019937 0.0221606 0.0019950 0.0019950 0.0200878 0.0160607 
OK042108_Megalocytivirus_pagrus1_RSIV  0.0221126 0.0000000 0.0241593 0.0039885 0.0000010 0.0221126 0.0241593 0.0221117 0.0039885 0.0241298 0.0241298 0.0221256 0.0241451 0.0241451 0.0019917 0.0221117 
MT128667_Megalocytivirus_pagrus1_ISKNV 0.0019962 0.0241593 0.0000000 0.0282335 0.0241593 0.0019962 0.0000010 0.0180957 0.0282335 0.0039935 0.0039935 0.0242119 0.0039960 0.0039960 0.0221300 0.0180957 
AB104413_Megalocytivirus_pagrus1_RSIV  0.0261781 0.0039885 0.0282335 0.0000000 0.0039885 0.0261781 0.0282335 0.0261769 0.0000010 0.0281998 0.0281998 0.0261935 0.0282179 0.0282179 0.0059852 0.0261769 
MT798582_Megalocytivirus_pagrus1_RSIV  0.0221126 0.0000010 0.0241593 0.0039885 0.0000000 0.0221126 0.0241593 0.0221117 0.0039885 0.0241298 0.0241298 0.0221256 0.0241451 0.0241451 0.0019917 0.0221117 
OR536350_Megalocytivirus_pagrus1_ISKNV 0.0000010 0.0221126 0.0019962 0.0261781 0.0221126 0.0000000 0.0019962 0.0160607 0.0261781 0.0019937 0.0019937 0.0221606 0.0019950 0.0019950 0.0200878 0.0160607 
MT128666_Megalocytivirus_pagrus1_ISKNV 0.0019962 0.0241593 0.0000010 0.0282335 0.0241593 0.0019962 0.0000000 0.0180957 0.0282335 0.0039935 0.0039935 0.0242119 0.0039960 0.0039960 0.0221300 0.0180957 
MG570132_Megalocytivirus_pagrus1_TRBIV 0.0160607 0.0221117 0.0180957 0.0261769 0.0221117 0.0160607 0.0180957 0.0000000 0.0261769 0.0180736 0.0180736 0.0160866 0.0180850 0.0180850 0.0200869 0.0000010 
MK098186_Megalocytivirus_pagrus1_RSIV  0.0261781 0.0039885 0.0282335 0.0000010 0.0039885 0.0261781 0.0282335 0.0261769 0.0000000 0.0281998 0.0281998 0.0261935 0.0282179 0.0282179 0.0059852 0.0261769 
PP151097_Megalocytivirus_pagrus1_ISKNV 0.0019937 0.0241298 0.0039935 0.0281998 0.0241298 0.0019937 0.0039935 0.0180736 0.0281998 0.0000000 0.0000010 0.0241822 0.0039911 0.0039911 0.0221029 0.0180736 
MW883595_Megalocytivirus_pagrus1_ISKNV 0.0019937 0.0241298 0.0039935 0.0281998 0.0241298 0.0019937 0.0039935 0.0180736 0.0281998 0.0000010 0.0000000 0.0241822 0.0039911 0.0039911 0.0221029 0.0180736 
GQ273492_Megalocytivirus_pagrus1_TRBIV 0.0221606 0.0221256 0.0242119 0.0261935 0.0221256 0.0221606 0.0242119 0.0160866 0.0261935 0.0241822 0.0241822 0.0000000 0.0241976 0.0241976 0.0200995 0.0160866 
MW883601_Megalocytivirus_pagrus1_ISKNV 0.0019950 0.0241451 0.0039960 0.0282179 0.0241451 0.0019950 0.0039960 0.0180850 0.0282179 0.0039911 0.0039911 0.0241976 0.0000000 0.0000010 0.0221169 0.0180850 
MW883599_Megalocytivirus_pagrus1_ISKNV 0.0019950 0.0241451 0.0039960 0.0282179 0.0241451 0.0019950 0.0039960 0.0180850 0.0282179 0.0039911 0.0039911 0.0241976 0.0000010 0.0000000 0.0221169 0.0180850 
MW883598_Megalocytivirus_pagrus1_RSIV  0.0200878 0.0019917 0.0221300 0.0059852 0.0019917 0.0200878 0.0221300 0.0200869 0.0059852 0.0221029 0.0221029 0.0200995 0.0221169 0.0221169 0.0000000 0.0200869 
MG570131_Megalocytivirus_pagrus1_TRBIV 0.0160607 0.0221117 0.0180957 0.0261769 0.0221117 0.0160607 0.0180957 0.0000010 0.0261769 0.0180736 0.0180736 0.0160866 0.0180850 0.0180850 0.0200869 0.0000000 
