18
BD143114_Megalocytivirus_pagrus1_RSIV  0.0000000 0.0886514 0.0297985 0.0944970 0.0886514 0.0025995 0.0025995 0.0993187 0.0297985 0.0917741 0.0000010 0.0159056 0.0960068 0.0980399 0.0951370 0.0052087 0.0944970 0.0917741 
MW273354_Megalocytivirus_pagrus1_ISKNV 0.0886514 0.0000000 0.0933888 0.0027597 0.0000010 0.0854665 0.0854665 0.0991438 0.0933888 0.0026338 0.0886514 0.0826841 0.1025372 0.1024929 0.0052875 0.0886194 0.0027597 0.0026338 
AY894343_Megalocytivirus_pagrus1_RSIV  0.0297985 0.0933888 0.0000000 0.0994338 0.0933888 0.0270363 0.0270363 0.0963829 0.0000010 0.0965661 0.0297985 0.0133052 0.0968826 0.0989236 0.0999990 0.0297909 0.0994338 0.0965661 
MW883597_Megalocytivirus_pagrus1_ISKNV 0.0944970 0.0027597 0.0994338 0.0000000 0.0027597 0.0912399 0.0912399 0.1054869 0.0994338 0.0055193 0.0944970 0.0884160 0.1089446 0.1088953 0.0055774 0.0944615 0.0000010 0.0055193 
MT986830_Megalocytivirus_pagrus1_ISKNV 0.0886514 0.0000010 0.0933888 0.0027597 0.0000000 0.0854665 0.0854665 0.0991438 0.0933888 0.0026338 0.0886514 0.0826841 0.1025372 0.1024929 0.0052875 0.0886194 0.0027597 0.0026338 
MK098186_Megalocytivirus_pagrus1_RSIV  0.0025995 0.0854665 0.0270363 0.0912399 0.0854665 0.0000000 0.0000010 0.0961614 0.0270363 0.0885847 0.0025995 0.0132284 0.0928699 0.0949300 0.0919353 0.0025989 0.0912399 0.0885847 
OL774653_Megalocytivirus_pagrus1_RSIV  0.0025995 0.0854665 0.0270363 0.0912399 0.0854665 0.0000010 0.0000000 0.0961614 0.0270363 0.0885847 0.0025995 0.0132284 0.0928699 0.0949300 0.0919353 0.0025989 0.0912399 0.0885847 
GQ273492_Megalocytivirus_pagrus1_TRBIV 0.0993187 0.0991438 0.0963829 0.1054869 0.0991438 0.0961614 0.0961614 0.0000000 0.0963829 0.0957685 0.0993187 0.0859340 0.0391999 0.0334630 0.1059617 0.0992821 0.1054869 0.0957685 
KC244182_Megalocytivirus_pagrus1_RSIV  0.0297985 0.0933888 0.0000010 0.0994338 0.0933888 0.0270363 0.0270363 0.0963829 0.0000000 0.0965661 0.0297985 0.0133052 0.0968826 0.0989236 0.0999990 0.0297909 0.0994338 0.0965661 
OQ513807_Megalocytivirus_pagrus1_ISKNV 0.0917741 0.0026338 0.0965661 0.0055193 0.0026338 0.0885847 0.0885847 0.0957685 0.0965661 0.0000000 0.0917741 0.0858105 0.1058050 0.0991180 0.0079430 0.0917406 0.0055193 0.0000010 
AB104413_Megalocytivirus_pagrus1_RSIV  0.0000010 0.0886514 0.0297985 0.0944970 0.0886514 0.0025995 0.0025995 0.0993187 0.0297985 0.0917741 0.0000000 0.0159056 0.0960068 0.0980399 0.0951370 0.0052087 0.0944970 0.0917741 
ON743042_Megalocytivirus_pagrus1_RSIV  0.0159056 0.0826841 0.0133052 0.0884160 0.0826841 0.0132284 0.0132284 0.0859340 0.0133052 0.0858105 0.0159056 0.0000000 0.0864071 0.0885143 0.0891625 0.0159019 0.0884160 0.0858105 
MG570132_Megalocytivirus_pagrus1_TRBIV 0.0960068 0.1025372 0.0968826 0.1089446 0.1025372 0.0928699 0.0928699 0.0391999 0.0968826 0.1058050 0.0960068 0.0864071 0.0000000 0.0052708 0.1093584 0.0959720 0.1089446 0.1058050 
MG570131_Megalocytivirus_pagrus1_TRBIV 0.0980399 0.1024929 0.0989236 0.1088953 0.1024929 0.0949300 0.0949300 0.0334630 0.0989236 0.0991180 0.0980399 0.0885143 0.0052708 0.0000000 0.1093097 0.0980045 0.1088953 0.0991180 
MW883603_Megalocytivirus_pagrus1_ISKNV 0.0951370 0.0052875 0.0999990 0.0055774 0.0052875 0.0919353 0.0919353 0.1059617 0.0999990 0.0079430 0.0951370 0.0891625 0.1093584 0.1093097 0.0000000 0.0951018 0.0055774 0.0079430 
MK098185_Megalocytivirus_pagrus1_RSIV  0.0052087 0.0886194 0.0297909 0.0944615 0.0886194 0.0025989 0.0025989 0.0992821 0.0297909 0.0917406 0.0052087 0.0159019 0.0959720 0.0980045 0.0951018 0.0000000 0.0944615 0.0917406 
MW883596_Megalocytivirus_pagrus1_ISKNV 0.0944970 0.0027597 0.0994338 0.0000010 0.0027597 0.0912399 0.0912399 0.1054869 0.0994338 0.0055193 0.0944970 0.0884160 0.1089446 0.1088953 0.0055774 0.0944615 0.0000000 0.0055193 
OR670976_Megalocytivirus_pagrus1_ISKNV 0.0917741 0.0026338 0.0965661 0.0055193 0.0026338 0.0885847 0.0885847 0.0957685 0.0965661 0.0000010 0.0917741 0.0858105 0.1058050 0.0991180 0.0079430 0.0917406 0.0055193 0.0000000 
