20
MG570132_Megalocytivirus_pagrus1_TRBIV 0.0000000 0.5445925 0.5341465 0.5341465 0.3819735 0.5590392 0.4330880 0.3819735 0.1842991 0.4330880 0.5512925 0.5010385 0.5590392 0.5512925 0.0000010 0.5010385 0.5050382 0.5050382 0.5139661 0.5332937 
OR536350_Megalocytivirus_pagrus1_ISKNV 0.5445925 0.0000000 0.0089784 0.0089784 0.4265102 0.0455245 0.3169047 0.4265102 0.5296802 0.3169047 0.0181019 0.3680350 0.0455245 0.0181019 0.5445925 0.3680350 0.3751076 0.3751076 0.0454402 0.0179999 
AF371960_Megalocytivirus_pagrus1_ISKNV 0.5341465 0.0089784 0.0000000 0.0000010 0.4162585 0.0363703 0.3067755 0.4162585 0.5191543 0.3067755 0.0090374 0.3580534 0.0363703 0.0090374 0.5341465 0.3580534 0.3649872 0.3649872 0.0363022 0.0089872 
ON212400_Megalocytivirus_pagrus1_ISKNV 0.5341465 0.0089784 0.0000010 0.0000000 0.4162585 0.0363703 0.3067755 0.4162585 0.5191543 0.3067755 0.0090374 0.3580534 0.0363703 0.0090374 0.5341465 0.3580534 0.3649872 0.3649872 0.0363022 0.0089872 
OL774655_Megalocytivirus_pagrus1_RSIV  0.3819735 0.4265102 0.4162585 0.4162585 0.0000000 0.4357838 0.1399652 0.0000010 0.3496221 0.1399652 0.4310520 0.1070485 0.4357838 0.4310520 0.3819735 0.1070485 0.1170584 0.1170584 0.4298196 0.4265911 
MW883595_Megalocytivirus_pagrus1_ISKNV 0.5590392 0.0455245 0.0363703 0.0363703 0.4357838 0.0000000 0.3245769 0.4357838 0.5437472 0.3245769 0.0458367 0.3762920 0.0000010 0.0458367 0.5590392 0.3762920 0.3835779 0.3835779 0.0670443 0.0455668 
MW883598_Megalocytivirus_pagrus1_RSIV  0.4330880 0.3169047 0.3067755 0.3067755 0.1399652 0.3245769 0.0000000 0.1399652 0.4326245 0.0000010 0.3199082 0.0859991 0.3245769 0.3199082 0.4330880 0.0859991 0.0957290 0.0957290 0.3396721 0.3170435 
MW139932_Megalocytivirus_pagrus1_RSIV  0.3819735 0.4265102 0.4162585 0.4162585 0.0000010 0.4357838 0.1399652 0.0000000 0.3496221 0.1399652 0.4310520 0.1070485 0.4357838 0.4310520 0.3819735 0.1070485 0.1170584 0.1170584 0.4298196 0.4265911 
GQ273492_Megalocytivirus_pagrus1_TRBIV 0.1842991 0.5296802 0.5191543 0.5191543 0.3496221 0.5437472 0.4326245 0.3496221 0.0000000 0.4326245 0.5361386 0.4770223 0.5437472 0.5361386 0.1842991 0.4770223 0.4806842 0.4806842 0.4987647 0.5296487 
AP017456_Megalocytivirus_pagrus1_RSIV  0.4330880 0.3169047 0.3067755 0.3067755 0.1399652 0.3245769 0.0000010 0.1399652 0.4326245 0.0000000 0.3199082 0.0859991 0.3245769 0.3199082 0.4330880 0.0859991 0.0957290 0.0957290 0.3396721 0.3170435 
PP151097_Megalocytivirus_pagrus1_ISKNV 0.5512925 0.0181019 0.0090374 0.0090374 0.4310520 0.0458367 0.3199082 0.4310520 0.5361386 0.3199082 0.0000000 0.3716383 0.0458367 0.0000010 0.5512925 0.3716383 0.3788578 0.3788578 0.0457521 0.0181195 
AB104413_Megalocytivirus_pagrus1_RSIV  0.5010385 0.3680350 0.3580534 0.3580534 0.1070485 0.3762920 0.0859991 0.1070485 0.4770223 0.0859991 0.3716383 0.0000000 0.3762920 0.3716383 0.5010385 0.0000010 0.0090683 0.0090683 0.3801613 0.3681518 
MN432490_Megalocytivirus_pagrus1_ISKNV 0.5590392 0.0455245 0.0363703 0.0363703 0.4357838 0.0000010 0.3245769 0.4357838 0.5437472 0.3245769 0.0458367 0.3762920 0.0000000 0.0458367 0.5590392 0.3762920 0.3835779 0.3835779 0.0670443 0.0455668 
KT781098_Megalocytivirus_pagrus1_ISKNV 0.5512925 0.0181019 0.0090374 0.0090374 0.4310520 0.0458367 0.3199082 0.4310520 0.5361386 0.3199082 0.0000010 0.3716383 0.0458367 0.0000000 0.5512925 0.3716383 0.3788578 0.3788578 0.0457521 0.0181195 
MG570131_Megalocytivirus_pagrus1_TRBIV 0.0000010 0.5445925 0.5341465 0.5341465 0.3819735 0.5590392 0.4330880 0.3819735 0.1842991 0.4330880 0.5512925 0.5010385 0.5590392 0.5512925 0.0000000 0.5010385 0.5050382 0.5050382 0.5139661 0.5332937 
OQ475017_Megalocytivirus_pagrus1_RSIV  0.5010385 0.3680350 0.3580534 0.3580534 0.1070485 0.3762920 0.0859991 0.1070485 0.4770223 0.0859991 0.3716383 0.0000010 0.3762920 0.3716383 0.5010385 0.0000000 0.0090683 0.0090683 0.3801613 0.3681518 
MK098186_Megalocytivirus_pagrus1_RSIV  0.5050382 0.3751076 0.3649872 0.3649872 0.1170584 0.3835779 0.0957290 0.1170584 0.4806842 0.0957290 0.3788578 0.0090683 0.3835779 0.3788578 0.5050382 0.0090683 0.0000000 0.0000010 0.3874589 0.3752223 
MK098187_Megalocytivirus_pagrus1_RSIV  0.5050382 0.3751076 0.3649872 0.3649872 0.1170584 0.3835779 0.0957290 0.1170584 0.4806842 0.0957290 0.3788578 0.0090683 0.3835779 0.3788578 0.5050382 0.0090683 0.0000010 0.0000000 0.3874589 0.3752223 
OR670976_Megalocytivirus_pagrus1_ISKNV 0.5139661 0.0454402 0.0363022 0.0363022 0.4298196 0.0670443 0.3396721 0.4298196 0.4987647 0.3396721 0.0457521 0.3801613 0.0670443 0.0457521 0.5139661 0.3801613 0.3874589 0.3874589 0.0000000 0.0454823 
MW883600_Megalocytivirus_pagrus1_ISKNV 0.5332937 0.0179999 0.0089872 0.0089872 0.4265911 0.0455668 0.3170435 0.4265911 0.5296487 0.3170435 0.0181195 0.3681518 0.0455668 0.0181195 0.5332937 0.3681518 0.3752223 0.3752223 0.0454823 0.0000000 
