20
KT804738_Megalocytivirus_pagrus1_RSIV     0.0000000 0.0235637 0.0077807 0.0235637 0.0011083 0.0000010 0.0224287 0.0088972 0.0246972 0.0077807 0.0201449 0.0201454 0.0088972 0.0246954 0.0224287 0.0212738 0.0201449 0.0212738 0.0246954 0.0246944 
MW883601_Megalocytivirus_pagrus1_ISKNV    0.0235637 0.0000000 0.0258431 0.0000010 0.0246948 0.0235637 0.0011095 0.0269825 0.0011095 0.0258431 0.0033339 0.0247678 0.0269825 0.0011094 0.0011095 0.0259042 0.0033339 0.0259042 0.0011094 0.0011094 
OL774655_Megalocytivirus_pagrus1_RSIV     0.0077807 0.0258431 0.0000000 0.0258431 0.0088953 0.0077807 0.0247058 0.0011087 0.0269792 0.0000010 0.0224130 0.0212705 0.0011087 0.0269772 0.0247058 0.0223989 0.0224130 0.0223989 0.0269772 0.0269761 
23043610005_Megalocytivirus_pagrus1_ISKNV 0.0235637 0.0000010 0.0258431 0.0000000 0.0246948 0.0235637 0.0011095 0.0269825 0.0011095 0.0258431 0.0033339 0.0247678 0.0269825 0.0011094 0.0011095 0.0259042 0.0033339 0.0259042 0.0011094 0.0011094 
MW883598_Megalocytivirus_pagrus1_RSIV     0.0011083 0.0246948 0.0088953 0.0246948 0.0000000 0.0011083 0.0235593 0.0100129 0.0258293 0.0088953 0.0212718 0.0212723 0.0100129 0.0258274 0.0235593 0.0224009 0.0212718 0.0224009 0.0258274 0.0258263 
ON075463_Megalocytivirus_pagrus1_RSIV     0.0000010 0.0235637 0.0077807 0.0235637 0.0011083 0.0000000 0.0224287 0.0088972 0.0246972 0.0077807 0.0201449 0.0201454 0.0088972 0.0246954 0.0224287 0.0212738 0.0201449 0.0212738 0.0246954 0.0246944 
OP009387_Megalocytivirus_pagrus1_ISKNV    0.0224287 0.0011095 0.0247058 0.0011095 0.0235593 0.0224287 0.0000000 0.0258440 0.0022197 0.0247058 0.0022205 0.0236290 0.0258440 0.0022196 0.0000010 0.0247648 0.0022205 0.0247648 0.0022196 0.0022195 
OL774654_Megalocytivirus_pagrus1_RSIV     0.0088972 0.0269825 0.0011087 0.0269825 0.0100129 0.0088972 0.0258440 0.0000000 0.0281198 0.0011087 0.0235481 0.0224024 0.0000010 0.0281177 0.0258440 0.0235334 0.0235481 0.0235334 0.0281177 0.0281166 
MK689685_Megalocytivirus_pagrus1_ISKNV    0.0246972 0.0011095 0.0269792 0.0011095 0.0258293 0.0246972 0.0022197 0.0281198 0.0000000 0.0269792 0.0044472 0.0259051 0.0281198 0.0022196 0.0022197 0.0270436 0.0044472 0.0270436 0.0022196 0.0022195 
MK098186_Megalocytivirus_pagrus1_RSIV     0.0077807 0.0258431 0.0000010 0.0258431 0.0088953 0.0077807 0.0247058 0.0011087 0.0269792 0.0000000 0.0224130 0.0212705 0.0011087 0.0269772 0.0247058 0.0223989 0.0224130 0.0223989 0.0269772 0.0269761 
MW883595_Megalocytivirus_pagrus1_ISKNV    0.0201449 0.0033339 0.0224130 0.0033339 0.0212718 0.0201449 0.0022205 0.0235481 0.0044472 0.0224130 0.0000000 0.0213346 0.0235481 0.0044469 0.0022205 0.0224667 0.0000010 0.0224667 0.0044469 0.0044467 
GQ273492_Megalocytivirus_pagrus1_TRBIV    0.0201454 0.0247678 0.0212705 0.0247678 0.0212723 0.0201454 0.0236290 0.0224024 0.0259051 0.0212705 0.0213346 0.0000000 0.0224024 0.0259032 0.0236290 0.0077842 0.0213346 0.0077842 0.0259032 0.0259021 
OL774653_Megalocytivirus_pagrus1_RSIV     0.0088972 0.0269825 0.0011087 0.0269825 0.0100129 0.0088972 0.0258440 0.0000010 0.0281198 0.0011087 0.0235481 0.0224024 0.0000000 0.0281177 0.0258440 0.0235334 0.0235481 0.0235334 0.0281177 0.0281166 
MT128666_Megalocytivirus_pagrus1_ISKNV    0.0246954 0.0011094 0.0269772 0.0011094 0.0258274 0.0246954 0.0022196 0.0281177 0.0022196 0.0269772 0.0044469 0.0259032 0.0281177 0.0000000 0.0022196 0.0270416 0.0044469 0.0270416 0.0000010 0.0022193 
MT986830_Megalocytivirus_pagrus1_ISKNV    0.0224287 0.0011095 0.0247058 0.0011095 0.0235593 0.0224287 0.0000010 0.0258440 0.0022197 0.0247058 0.0022205 0.0236290 0.0258440 0.0022196 0.0000000 0.0247648 0.0022205 0.0247648 0.0022196 0.0022195 
MG570131_Megalocytivirus_pagrus1_TRBIV    0.0212738 0.0259042 0.0223989 0.0259042 0.0224009 0.0212738 0.0247648 0.0235334 0.0270436 0.0223989 0.0224667 0.0077842 0.0235334 0.0270416 0.0247648 0.0000000 0.0224667 0.0000010 0.0270416 0.0270405 
MN432490_Megalocytivirus_pagrus1_ISKNV    0.0201449 0.0033339 0.0224130 0.0033339 0.0212718 0.0201449 0.0022205 0.0235481 0.0044472 0.0224130 0.0000010 0.0213346 0.0235481 0.0044469 0.0022205 0.0224667 0.0000000 0.0224667 0.0044469 0.0044467 
MG570132_Megalocytivirus_pagrus1_TRBIV    0.0212738 0.0259042 0.0223989 0.0259042 0.0224009 0.0212738 0.0247648 0.0235334 0.0270436 0.0223989 0.0224667 0.0077842 0.0235334 0.0270416 0.0247648 0.0000010 0.0224667 0.0000000 0.0270416 0.0270405 
MT128667_Megalocytivirus_pagrus1_ISKNV    0.0246954 0.0011094 0.0269772 0.0011094 0.0258274 0.0246954 0.0022196 0.0281177 0.0022196 0.0269772 0.0044469 0.0259032 0.0281177 0.0000010 0.0022196 0.0270416 0.0044469 0.0270416 0.0000000 0.0022193 
PP151097_Megalocytivirus_pagrus1_ISKNV    0.0246944 0.0011094 0.0269761 0.0011094 0.0258263 0.0246944 0.0022195 0.0281166 0.0022195 0.0269761 0.0044467 0.0259021 0.0281166 0.0022193 0.0022195 0.0270405 0.0044467 0.0270405 0.0022193 0.0000000 
