14
KT804738_Megalocytivirus_pagrus1_RSIV  0.0000000 0.6833339 0.1951893 0.6833339 0.8304340 0.0000010 0.7799585 0.1985392 0.1985392 0.2572210 0.2858544 0.8304340 0.3828398 0.2858544 
ON212400_Megalocytivirus_pagrus1_ISKNV 0.6833339 0.0000000 0.9917221 0.0000010 0.0974694 0.6833339 0.0000010 0.4067417 0.4067417 1.0800736 0.7082892 0.0974694 0.4759498 0.7082892 
OK042109_Megalocytivirus_pagrus1_RSIV  0.1951893 0.9917221 0.0000000 0.9917221 1.0994893 0.1951893 0.9917221 0.4212181 0.4212181 0.2226277 0.7953876 1.0994893 0.6248582 0.7953876 
MW883603_Megalocytivirus_pagrus1_ISKNV 0.6833339 0.0000010 0.9917221 0.0000000 0.0974694 0.6833339 0.0000010 0.4067417 0.4067417 1.0800736 0.7082892 0.0974694 0.4759498 0.7082892 
OR356116_Megalocytivirus_pagrus1_ISKNV 0.8304340 0.0974694 1.0994893 0.0974694 0.0000000 0.8304340 0.0974694 0.6068119 0.6068119 1.4589962 0.8347320 0.0000010 0.8856459 0.8347320 
KC244182_Megalocytivirus_pagrus1_RSIV  0.0000010 0.6833339 0.1951893 0.6833339 0.8304340 0.0000000 0.7799585 0.1985392 0.1985392 0.2572210 0.2858544 0.8304340 0.3828398 0.2858544 
MW273353_Megalocytivirus_pagrus1_ISKNV 0.7799585 0.0000010 0.9917221 0.0000010 0.0974694 0.7799585 0.0000000 0.4067417 0.4067417 1.0800736 0.7903620 0.0974694 0.4759498 0.7903620 
MN432490_Megalocytivirus_pagrus1_ISKNV 0.1985392 0.4067417 0.4212181 0.4067417 0.6068119 0.1985392 0.4067417 0.0000000 0.0000010 0.5538076 0.5557809 0.6068119 0.1123248 0.5557809 
PP151097_Megalocytivirus_pagrus1_ISKNV 0.1985392 0.4067417 0.4212181 0.4067417 0.6068119 0.1985392 0.4067417 0.0000010 0.0000000 0.5538076 0.5557809 0.6068119 0.1123248 0.5557809 
GQ273492_Megalocytivirus_pagrus1_TRBIV 0.2572210 1.0800736 0.2226277 1.0800736 1.4589962 0.2572210 1.0800736 0.5538076 0.5538076 0.0000000 0.8866849 1.4589962 0.3741809 0.8866849 
MK098187_Megalocytivirus_pagrus1_RSIV  0.2858544 0.7082892 0.7953876 0.7082892 0.8347320 0.2858544 0.7903620 0.5557809 0.5557809 0.8866849 0.0000000 0.8347320 0.7727329 0.0000010 
OP896201_Megalocytivirus_pagrus1_ISKNV 0.8304340 0.0974694 1.0994893 0.0974694 0.0000010 0.8304340 0.0974694 0.6068119 0.6068119 1.4589962 0.8347320 0.0000000 0.8856459 0.8347320 
PP974677_Megalocytivirus_pagrus1_ISKNV 0.3828398 0.4759498 0.6248582 0.4759498 0.8856459 0.3828398 0.4759498 0.1123248 0.1123248 0.3741809 0.7727329 0.8856459 0.0000000 0.7727329 
MK098186_Megalocytivirus_pagrus1_RSIV  0.2858544 0.7082892 0.7953876 0.7082892 0.8347320 0.2858544 0.7903620 0.5557809 0.5557809 0.8866849 0.0000010 0.8347320 0.7727329 0.0000000 
