22
AF371960_Megalocytivirus_pagrus1_ISKNV 0.0000000 0.1769934 0.0088952 0.1969592 0.1769934 0.0000010 0.0089068 0.0364984 0.2073383 0.0089039 0.1887292 0.1969592 0.0088952 0.0458826 0.0364984 0.2155309 0.0089372 0.0089039 0.0458826 0.2146552 0.2052778 0.0089022 
MW883598_Megalocytivirus_pagrus1_RSIV  0.1769934 0.0000000 0.1869502 0.0544431 0.0000010 0.1769934 0.1873686 0.1744858 0.0637054 0.1872239 0.0089611 0.0544431 0.1869502 0.1796355 0.1744858 0.1312257 0.1770115 0.1872239 0.1796355 0.1307503 0.1215153 0.1871473 
MW883602_Megalocytivirus_pagrus1_ISKNV 0.0088952 0.1869502 0.0000000 0.2069023 0.1869502 0.0088952 0.0178440 0.0456964 0.2172941 0.0178379 0.1987887 0.2069023 0.0000010 0.0551474 0.0456964 0.2253719 0.0179056 0.0178379 0.0551474 0.2244486 0.2151149 0.0178342 
BD143114_Megalocytivirus_pagrus1_RSIV  0.1969592 0.0544431 0.2069023 0.0000000 0.0544431 0.1969592 0.2073848 0.1941809 0.0089287 0.2072137 0.0641038 0.0000010 0.2069023 0.1998695 0.1941809 0.1123839 0.1969983 0.2072137 0.1998695 0.1320030 0.1027229 0.2071249 
MT798582_Megalocytivirus_pagrus1_RSIV  0.1769934 0.0000010 0.1869502 0.0544431 0.0000000 0.1769934 0.1873686 0.1744858 0.0637054 0.1872239 0.0089611 0.0544431 0.1869502 0.1796355 0.1744858 0.1312257 0.1770115 0.1872239 0.1796355 0.1307503 0.1215153 0.1871473 
MW883601_Megalocytivirus_pagrus1_ISKNV 0.0000010 0.1769934 0.0088952 0.1969592 0.1769934 0.0000000 0.0089068 0.0364984 0.2073383 0.0089039 0.1887292 0.1969592 0.0088952 0.0458826 0.0364984 0.2155309 0.0089372 0.0089039 0.0458826 0.2146552 0.2052778 0.0089022 
MT926123_Megalocytivirus_pagrus1_ISKNV 0.0089068 0.1873686 0.0178440 0.2073848 0.1873686 0.0089068 0.0000000 0.0457643 0.2178140 0.0178620 0.1992500 0.2073848 0.0178440 0.0552319 0.0457643 0.2259143 0.0179299 0.0178620 0.0552319 0.2249850 0.2156212 0.0178582 
OP009387_Megalocytivirus_pagrus1_ISKNV 0.0364984 0.1744858 0.0456964 0.1941809 0.1744858 0.0364984 0.0457643 0.0000000 0.2044144 0.0457459 0.1860330 0.1941809 0.0456964 0.0089389 0.0000010 0.2125285 0.0459306 0.0457459 0.0089389 0.2116781 0.2024149 0.0457347 
MK098187_Megalocytivirus_pagrus1_RSIV  0.2073383 0.0637054 0.2172941 0.0089287 0.0637054 0.2073383 0.2178140 0.2044144 0.0000000 0.2176268 0.0734823 0.0089287 0.2172941 0.2103968 0.2044144 0.1220973 0.2073900 0.2176268 0.2103968 0.1418403 0.1123860 0.2175309 
MT128666_Megalocytivirus_pagrus1_ISKNV 0.0089039 0.1872239 0.0178379 0.2072137 0.1872239 0.0089039 0.0178620 0.0457459 0.2176268 0.0000000 0.1990879 0.2072137 0.0178379 0.0552086 0.0457459 0.2257170 0.0179237 0.0000010 0.0552086 0.2247901 0.2154394 0.0178521 
OK042109_Megalocytivirus_pagrus1_RSIV  0.1887292 0.0089611 0.1987887 0.0641038 0.0089611 0.1887292 0.1992500 0.1860330 0.0734823 0.1990879 0.0000000 0.0641038 0.1987887 0.1915607 0.1860330 0.1317071 0.1887594 0.1990879 0.1915607 0.1312280 0.1219533 0.1990031 
OQ475017_Megalocytivirus_pagrus1_RSIV  0.1969592 0.0544431 0.2069023 0.0000010 0.0544431 0.1969592 0.2073848 0.1941809 0.0089287 0.2072137 0.0641038 0.0000000 0.2069023 0.1998695 0.1941809 0.1123839 0.1969983 0.2072137 0.1998695 0.1320030 0.1027229 0.2071249 
MW273354_Megalocytivirus_pagrus1_ISKNV 0.0088952 0.1869502 0.0000010 0.2069023 0.1869502 0.0088952 0.0178440 0.0456964 0.2172941 0.0178379 0.1987887 0.2069023 0.0000000 0.0551474 0.0456964 0.2253719 0.0179056 0.0178379 0.0551474 0.2244486 0.2151149 0.0178342 
PP974677_Megalocytivirus_pagrus1_ISKNV 0.0458826 0.1796355 0.0551474 0.1998695 0.1796355 0.0458826 0.0552319 0.0089389 0.2103968 0.0552086 0.1915607 0.1998695 0.0551474 0.0000000 0.0089389 0.2186663 0.0554358 0.0552086 0.0000010 0.2177627 0.2082711 0.0551945 
MW883595_Megalocytivirus_pagrus1_ISKNV 0.0364984 0.1744858 0.0456964 0.1941809 0.1744858 0.0364984 0.0457643 0.0000010 0.2044144 0.0457459 0.1860330 0.1941809 0.0456964 0.0089389 0.0000000 0.2125285 0.0459306 0.0457459 0.0089389 0.2116781 0.2024149 0.0457347 
MG570131_Megalocytivirus_pagrus1_TRBIV 0.2155309 0.1312257 0.2253719 0.1123839 0.1312257 0.2155309 0.2259143 0.2125285 0.1220973 0.2257170 0.1317071 0.1123839 0.2253719 0.2186663 0.2125285 0.0000000 0.2269441 0.2257170 0.2186663 0.0731309 0.0089469 0.2169311 
OR536350_Megalocytivirus_pagrus1_ISKNV 0.0089372 0.1770115 0.0179056 0.1969983 0.1770115 0.0089372 0.0179299 0.0459306 0.2073900 0.0179237 0.1887594 0.1969983 0.0179056 0.0554358 0.0459306 0.2269441 0.0000000 0.0179237 0.0554358 0.2260048 0.2165948 0.0179199 
MT128667_Megalocytivirus_pagrus1_ISKNV 0.0089039 0.1872239 0.0178379 0.2072137 0.1872239 0.0089039 0.0178620 0.0457459 0.2176268 0.0000010 0.1990879 0.2072137 0.0178379 0.0552086 0.0457459 0.2257170 0.0179237 0.0000000 0.0552086 0.2247901 0.2154394 0.0178521 
MT986830_Megalocytivirus_pagrus1_ISKNV 0.0458826 0.1796355 0.0551474 0.1998695 0.1796355 0.0458826 0.0552319 0.0089389 0.2103968 0.0552086 0.1915607 0.1998695 0.0551474 0.0000010 0.0089389 0.2186663 0.0554358 0.0552086 0.0000000 0.2177627 0.2082711 0.0551945 
GQ273492_Megalocytivirus_pagrus1_TRBIV 0.2146552 0.1307503 0.2244486 0.1320030 0.1307503 0.2146552 0.2249850 0.2116781 0.1418403 0.2247901 0.1312280 0.1320030 0.2244486 0.2177627 0.2116781 0.0731309 0.2260048 0.2247901 0.2177627 0.0000000 0.0638002 0.2160413 
MG570132_Megalocytivirus_pagrus1_TRBIV 0.2052778 0.1215153 0.2151149 0.1027229 0.1215153 0.2052778 0.2156212 0.2024149 0.1123860 0.2154394 0.1219533 0.1027229 0.2151149 0.2082711 0.2024149 0.0089469 0.2165948 0.2154394 0.2082711 0.0638002 0.0000000 0.2065994 
MW883593_Megalocytivirus_pagrus1_ISKNV 0.0089022 0.1871473 0.0178342 0.2071249 0.1871473 0.0089022 0.0178582 0.0457347 0.2175309 0.0178521 0.1990031 0.2071249 0.0178342 0.0551945 0.0457347 0.2169311 0.0179199 0.0178521 0.0551945 0.2160413 0.2065994 0.0000000 
