13
KC244182_Megalocytivirus_pagrus1_RSIV  0.0000000 0.1289429 0.1360974 0.1360974 0.1711778 0.1289429 0.0185718 0.2042722 0.0185718 0.0000010 0.1257526 0.1257526 0.2157003 
PP974677_Megalocytivirus_pagrus1_ISKNV 0.1289429 0.0000000 0.0186416 0.0186416 0.1100825 0.0000010 0.1198351 0.1919078 0.1198351 0.1289429 0.0092791 0.0092791 0.1814540 
MW883597_Megalocytivirus_pagrus1_ISKNV 0.1360974 0.0186416 0.0000000 0.0000010 0.1104253 0.0186416 0.1271206 0.1925718 0.1271206 0.1360974 0.0093028 0.0093028 0.1820733 
OQ513807_Megalocytivirus_pagrus1_ISKNV 0.1360974 0.0186416 0.0000010 0.0000000 0.1104253 0.0186416 0.1271206 0.1925718 0.1271206 0.1360974 0.0093028 0.0093028 0.1820733 
GQ273492_Megalocytivirus_pagrus1_TRBIV 0.1711778 0.1100825 0.1104253 0.1104253 0.0000000 0.1100825 0.1592870 0.0964847 0.1592870 0.1711778 0.0999255 0.0999255 0.0866787 
MT986830_Megalocytivirus_pagrus1_ISKNV 0.1289429 0.0000010 0.0186416 0.0186416 0.1100825 0.0000000 0.1198351 0.1919078 0.1198351 0.1289429 0.0092791 0.0092791 0.1814540 
OL774653_Megalocytivirus_pagrus1_RSIV  0.0185718 0.1198351 0.1271206 0.1271206 0.1592870 0.1198351 0.0000000 0.2020212 0.0000010 0.0185718 0.1167952 0.1167952 0.2133144 
MG570132_Megalocytivirus_pagrus1_TRBIV 0.2042722 0.1919078 0.1925718 0.1925718 0.0964847 0.1919078 0.2020212 0.0000000 0.2020212 0.2042722 0.1814881 0.1814881 0.0091371 
ON743042_Megalocytivirus_pagrus1_RSIV  0.0185718 0.1198351 0.1271206 0.1271206 0.1592870 0.1198351 0.0000010 0.2020212 0.0000000 0.0185718 0.1167952 0.1167952 0.2133144 
AP017456_Megalocytivirus_pagrus1_RSIV  0.0000010 0.1289429 0.1360974 0.1360974 0.1711778 0.1289429 0.0185718 0.2042722 0.0185718 0.0000000 0.1257526 0.1257526 0.2157003 
MN432490_Megalocytivirus_pagrus1_ISKNV 0.1257526 0.0092791 0.0093028 0.0093028 0.0999255 0.0092791 0.1167952 0.1814881 0.1167952 0.1257526 0.0000000 0.0000010 0.1710726 
OP009387_Megalocytivirus_pagrus1_ISKNV 0.1257526 0.0092791 0.0093028 0.0093028 0.0999255 0.0092791 0.1167952 0.1814881 0.1167952 0.1257526 0.0000010 0.0000000 0.1710726 
MG570131_Megalocytivirus_pagrus1_TRBIV 0.2157003 0.1814540 0.1820733 0.1820733 0.0866787 0.1814540 0.2133144 0.0091371 0.2133144 0.2157003 0.1710726 0.1710726 0.0000000 
