12
OK042108_Megalocytivirus_pagrus1_RSIV     0.0000000 0.0265481 0.0535263 0.0265481 0.0000010 0.0065251 0.0332520 0.0399705 0.0334443 0.0065251 0.0688283 0.0334443 
MK689685_Megalocytivirus_pagrus1_ISKNV    0.0265481 0.0000000 0.0538550 0.0000010 0.0265481 0.0332471 0.0064978 0.0402179 0.0336534 0.0332471 0.0692552 0.0336534 
GQ273492_Megalocytivirus_pagrus1_TRBIV    0.0535263 0.0538550 0.0000000 0.0538550 0.0535263 0.0603328 0.0607132 0.0130152 0.0468051 0.0603328 0.0403867 0.0468051 
23043610005_Megalocytivirus_pagrus1_ISKNV 0.0265481 0.0000010 0.0538550 0.0000000 0.0265481 0.0332471 0.0064978 0.0402179 0.0336534 0.0332471 0.0692552 0.0336534 
MK098186_Megalocytivirus_pagrus1_RSIV     0.0000010 0.0265481 0.0535263 0.0265481 0.0000000 0.0065251 0.0332520 0.0399705 0.0334443 0.0065251 0.0688283 0.0334443 
ON743042_Megalocytivirus_pagrus1_RSIV     0.0065251 0.0332471 0.0603328 0.0332471 0.0065251 0.0000000 0.0399779 0.0467217 0.0402095 0.0000010 0.0758278 0.0402095 
MW883606_Megalocytivirus_pagrus1_ISKNV    0.0332520 0.0064978 0.0607132 0.0064978 0.0332520 0.0399779 0.0000000 0.0470175 0.0404661 0.0399779 0.0763119 0.0404661 
MG570132_Megalocytivirus_pagrus1_TRBIV    0.0399705 0.0402179 0.0130152 0.0402179 0.0399705 0.0467217 0.0470175 0.0000000 0.0332886 0.0467217 0.0268373 0.0332886 
MN432490_Megalocytivirus_pagrus1_ISKNV    0.0334443 0.0336534 0.0468051 0.0336534 0.0334443 0.0402095 0.0404661 0.0332886 0.0000000 0.0402095 0.0619288 0.0000010 
KT804738_Megalocytivirus_pagrus1_RSIV     0.0065251 0.0332471 0.0603328 0.0332471 0.0065251 0.0000010 0.0399779 0.0467217 0.0402095 0.0000000 0.0758278 0.0402095 
MG570131_Megalocytivirus_pagrus1_TRBIV    0.0688283 0.0692552 0.0403867 0.0692552 0.0688283 0.0758278 0.0763119 0.0268373 0.0619288 0.0758278 0.0000000 0.0619288 
PP974677_Megalocytivirus_pagrus1_ISKNV    0.0334443 0.0336534 0.0468051 0.0336534 0.0334443 0.0402095 0.0404661 0.0332886 0.0000010 0.0402095 0.0619288 0.0000000 
