23
GQ273492_Megalocytivirus_pagrus1_TRBIV    0.0000000 0.2757248 0.2580639 0.3275702 0.2862126 0.3009883 0.2872360 0.2500027 0.2862126 0.3275702 0.2500027 0.2648952 0.0431782 0.2876771 0.3009547 0.3009883 0.2832044 0.2580639 0.0431782 0.2876771 0.2999894 0.3402976 0.3009547 
ON740976_Megalocytivirus_pagrus1_RSIV     0.2757248 0.0000000 0.1619347 0.0340568 0.1598366 0.1731899 0.1603910 0.0215231 0.1598366 0.0340568 0.0215231 0.0226452 0.2656086 0.1991367 0.1731750 0.1731899 0.1868361 0.1619347 0.2656086 0.1991367 0.1726618 0.0690138 0.1731750 
MN432490_Megalocytivirus_pagrus1_ISKNV    0.2580639 0.1619347 0.0000000 0.2091307 0.0663772 0.0780563 0.0665904 0.1367756 0.0663772 0.2091307 0.1367756 0.1448678 0.2477076 0.0324192 0.0780512 0.0780563 0.0215668 0.0000010 0.2477076 0.0324192 0.0778425 0.1946235 0.0780512 
MK689686_Megalocytivirus_pagrus1_RSIV     0.3275702 0.0340568 0.2091307 0.0000000 0.2062028 0.2204146 0.2069445 0.0571450 0.2062028 0.0000010 0.0571450 0.0603044 0.3177382 0.2477126 0.2203931 0.2204146 0.2350078 0.2091307 0.3177382 0.2477126 0.2197056 0.0324886 0.2203931 
MW273354_Megalocytivirus_pagrus1_ISKNV    0.2862126 0.1598366 0.0663772 0.2062028 0.0000000 0.0108548 0.0000010 0.1350444 0.0000010 0.2062028 0.1350444 0.1299140 0.2760691 0.0551534 0.0108542 0.0108548 0.0440335 0.0663772 0.2760691 0.0551534 0.0108264 0.1919567 0.0108542 
23043610005_Megalocytivirus_pagrus1_ISKNV 0.3009883 0.1731899 0.0780563 0.2204146 0.0108548 0.0000000 0.0108888 0.1481882 0.0108548 0.2204146 0.1481882 0.1437750 0.2909454 0.0667129 0.0218827 0.0000010 0.0554850 0.0780563 0.2909454 0.0667129 0.0218261 0.2059301 0.0218827 
OQ513807_Megalocytivirus_pagrus1_ISKNV    0.2872360 0.1603910 0.0665904 0.2069445 0.0000010 0.0108888 0.0000000 0.1355126 0.0000010 0.2069445 0.1355126 0.1303904 0.2770682 0.0553300 0.0108882 0.0108888 0.0441742 0.0665904 0.2770682 0.0553300 0.0000010 0.1926403 0.0108882 
MK098187_Megalocytivirus_pagrus1_RSIV     0.2500027 0.0215231 0.1367756 0.0571450 0.1350444 0.1481882 0.1355126 0.0000000 0.1350444 0.0571450 0.0000010 0.0000010 0.2396230 0.1738767 0.1481760 0.1481882 0.1615903 0.1367756 0.2396230 0.1738767 0.1477410 0.0687119 0.1481760 
MW883606_Megalocytivirus_pagrus1_ISKNV    0.2862126 0.1598366 0.0663772 0.2062028 0.0000010 0.0108548 0.0000010 0.1350444 0.0000000 0.2062028 0.1350444 0.1299140 0.2760691 0.0551534 0.0108542 0.0108548 0.0440335 0.0663772 0.2760691 0.0551534 0.0108264 0.1919567 0.0108542 
ON075463_Megalocytivirus_pagrus1_RSIV     0.3275702 0.0340568 0.2091307 0.0000010 0.2062028 0.2204146 0.2069445 0.0571450 0.2062028 0.0000000 0.0571450 0.0603044 0.3177382 0.2477126 0.2203931 0.2204146 0.2350078 0.2091307 0.3177382 0.2477126 0.2197056 0.0324886 0.2203931 
OL774655_Megalocytivirus_pagrus1_RSIV     0.2500027 0.0215231 0.1367756 0.0571450 0.1350444 0.1481882 0.1355126 0.0000010 0.1350444 0.0571450 0.0000000 0.0000010 0.2396230 0.1738767 0.1481760 0.1481882 0.1615903 0.1367756 0.2396230 0.1738767 0.1477410 0.0687119 0.1481760 
OQ475017_Megalocytivirus_pagrus1_RSIV     0.2648952 0.0226452 0.1448678 0.0603044 0.1299140 0.1437750 0.1303904 0.0000010 0.1299140 0.0603044 0.0000010 0.0000000 0.2540663 0.1841407 0.1437626 0.1437750 0.1711427 0.1448678 0.2540663 0.1841407 0.1433169 0.0725151 0.1437626 
MG570131_Megalocytivirus_pagrus1_TRBIV    0.0431782 0.2656086 0.2477076 0.3177382 0.2760691 0.2909454 0.2770682 0.2396230 0.2760691 0.3177382 0.2396230 0.2540663 0.0000000 0.2855849 0.2909131 0.2909454 0.2731365 0.2477076 0.0000010 0.2855849 0.2899725 0.3306690 0.2909131 
PP151097_Megalocytivirus_pagrus1_ISKNV    0.2876771 0.1991367 0.0324192 0.2477126 0.0551534 0.0667129 0.0553300 0.1738767 0.0551534 0.2477126 0.1738767 0.1841407 0.2855849 0.0000000 0.0667087 0.0667129 0.0107503 0.0324192 0.2855849 0.0000010 0.0665313 0.2328478 0.0667087 
MW883596_Megalocytivirus_pagrus1_ISKNV    0.3009547 0.1731750 0.0780512 0.2203931 0.0108542 0.0218827 0.0108882 0.1481760 0.0108542 0.2203931 0.1481760 0.1437626 0.2909131 0.0667087 0.0000000 0.0218827 0.0554816 0.0780512 0.2909131 0.0667087 0.0218249 0.2059107 0.0000010 
MW883594_Megalocytivirus_pagrus1_ISKNV    0.3009883 0.1731899 0.0780563 0.2204146 0.0108548 0.0000010 0.0108888 0.1481882 0.0108548 0.2204146 0.1481882 0.1437750 0.2909454 0.0667129 0.0218827 0.0000000 0.0554850 0.0780563 0.2909454 0.0667129 0.0218261 0.2059301 0.0218827 
OP009387_Megalocytivirus_pagrus1_ISKNV    0.2832044 0.1868361 0.0215668 0.2350078 0.0440335 0.0554850 0.0441742 0.1615903 0.0440335 0.2350078 0.1615903 0.1711427 0.2731365 0.0107503 0.0554816 0.0554850 0.0000000 0.0215668 0.2731365 0.0107503 0.0553347 0.2202501 0.0554816 
MW883595_Megalocytivirus_pagrus1_ISKNV    0.2580639 0.1619347 0.0000010 0.2091307 0.0663772 0.0780563 0.0665904 0.1367756 0.0663772 0.2091307 0.1367756 0.1448678 0.2477076 0.0324192 0.0780512 0.0780563 0.0215668 0.0000000 0.2477076 0.0324192 0.0778425 0.1946235 0.0780512 
MG570132_Megalocytivirus_pagrus1_TRBIV    0.0431782 0.2656086 0.2477076 0.3177382 0.2760691 0.2909454 0.2770682 0.2396230 0.2760691 0.3177382 0.2396230 0.2540663 0.0000010 0.2855849 0.2909131 0.2909454 0.2731365 0.2477076 0.0000000 0.2855849 0.2899725 0.3306690 0.2909131 
MT986830_Megalocytivirus_pagrus1_ISKNV    0.2876771 0.1991367 0.0324192 0.2477126 0.0551534 0.0667129 0.0553300 0.1738767 0.0551534 0.2477126 0.1738767 0.1841407 0.2855849 0.0000010 0.0667087 0.0667129 0.0107503 0.0324192 0.2855849 0.0000000 0.0665313 0.2328478 0.0667087 
OR670976_Megalocytivirus_pagrus1_ISKNV    0.2999894 0.1726618 0.0778425 0.2197056 0.0108264 0.0218261 0.0000010 0.1477410 0.0108264 0.2197056 0.1477410 0.1433169 0.2899725 0.0665313 0.0218249 0.0218261 0.0553347 0.0778425 0.2899725 0.0665313 0.0000000 0.2052773 0.0218249 
MW883598_Megalocytivirus_pagrus1_RSIV     0.3402976 0.0690138 0.1946235 0.0324886 0.1919567 0.2059301 0.1926403 0.0687119 0.1919567 0.0324886 0.0687119 0.0725151 0.3306690 0.2328478 0.2059107 0.2059301 0.2202501 0.1946235 0.3306690 0.2328478 0.2052773 0.0000000 0.2059107 
MW883597_Megalocytivirus_pagrus1_ISKNV    0.3009547 0.1731750 0.0780512 0.2203931 0.0108542 0.0218827 0.0108882 0.1481760 0.0108542 0.2203931 0.1481760 0.1437626 0.2909131 0.0667087 0.0000010 0.0218827 0.0554816 0.0780512 0.2909131 0.0667087 0.0218249 0.2059107 0.0000000 
