14
OL774654_Megalocytivirus_pagrus1_RSIV  0.0000000 0.1361619 0.1085360 0.0866481 0.1361619 0.0352982 0.0000010 0.0352982 0.1085360 0.0866481 0.1044384 0.1465233 0.0087422 0.0087422 
MW883602_Megalocytivirus_pagrus1_ISKNV 0.1361619 0.0000000 0.1076707 0.0566271 0.0000010 0.1460447 0.1361619 0.1460447 0.1076707 0.0566271 0.1142328 0.0090375 0.1466522 0.1466522 
MG570131_Megalocytivirus_pagrus1_TRBIV 0.1085360 0.1076707 0.0000000 0.1009904 0.1076707 0.1175227 0.1085360 0.1175227 0.0000010 0.1009904 0.0771866 0.1179108 0.1189407 0.1189407 
MN432490_Megalocytivirus_pagrus1_ISKNV 0.0866481 0.0566271 0.1009904 0.0000000 0.0566271 0.0964719 0.0866481 0.0964719 0.1009904 0.0000010 0.1053469 0.0663520 0.0967761 0.0967761 
MW883606_Megalocytivirus_pagrus1_ISKNV 0.1361619 0.0000010 0.1076707 0.0566271 0.0000000 0.1460447 0.1361619 0.1460447 0.1076707 0.0566271 0.1142328 0.0090375 0.1466522 0.1466522 
MK689686_Megalocytivirus_pagrus1_RSIV  0.0352982 0.1460447 0.1175227 0.0964719 0.1460447 0.0000000 0.0352982 0.0000010 0.1175227 0.0964719 0.1131791 0.1564388 0.0443443 0.0443443 
MW139932_Megalocytivirus_pagrus1_RSIV  0.0000010 0.1361619 0.1085360 0.0866481 0.1361619 0.0352982 0.0000000 0.0352982 0.1085360 0.0866481 0.1044384 0.1465233 0.0087422 0.0087422 
ON075463_Megalocytivirus_pagrus1_RSIV  0.0352982 0.1460447 0.1175227 0.0964719 0.1460447 0.0000010 0.0352982 0.0000000 0.1175227 0.0964719 0.1131791 0.1564388 0.0443443 0.0443443 
MG570132_Megalocytivirus_pagrus1_TRBIV 0.1085360 0.1076707 0.0000010 0.1009904 0.1076707 0.1175227 0.1085360 0.1175227 0.0000000 0.1009904 0.0771866 0.1179108 0.1189407 0.1189407 
OP009387_Megalocytivirus_pagrus1_ISKNV 0.0866481 0.0566271 0.1009904 0.0000010 0.0566271 0.0964719 0.0866481 0.0964719 0.1009904 0.0000000 0.1053469 0.0663520 0.0967761 0.0967761 
GQ273492_Megalocytivirus_pagrus1_TRBIV 0.1044384 0.1142328 0.0771866 0.1053469 0.1142328 0.1131791 0.1044384 0.1131791 0.0771866 0.1053469 0.0000000 0.1243036 0.1145145 0.1145145 
MW883601_Megalocytivirus_pagrus1_ISKNV 0.1465233 0.0090375 0.1179108 0.0663520 0.0090375 0.1564388 0.1465233 0.1564388 0.1179108 0.0663520 0.1243036 0.0000000 0.1571172 0.1571172 
MK098187_Megalocytivirus_pagrus1_RSIV  0.0087422 0.1466522 0.1189407 0.0967761 0.1466522 0.0443443 0.0087422 0.0443443 0.1189407 0.0967761 0.1145145 0.1571172 0.0000000 0.0000010 
MK098186_Megalocytivirus_pagrus1_RSIV  0.0087422 0.1466522 0.1189407 0.0967761 0.1466522 0.0443443 0.0087422 0.0443443 0.1189407 0.0967761 0.1145145 0.1571172 0.0000010 0.0000000 
