16
KT804738_Megalocytivirus_pagrus1_RSIV  0.0000000 0.0495415 0.0778628 0.0196441 0.0495415 0.0038861 0.0000010 0.0643176 0.0196441 0.0690989 0.0690989 0.0543553 0.0404463 0.0116549 0.0537422 0.0038861 
MW883606_Megalocytivirus_pagrus1_ISKNV 0.0495415 0.0000000 0.0888895 0.0445265 0.0000010 0.0542394 0.0495415 0.0750942 0.0445265 0.0273921 0.0273921 0.0723227 0.0660489 0.0448067 0.0038436 0.0542394 
MG570131_Megalocytivirus_pagrus1_TRBIV 0.0778628 0.0888895 0.0000000 0.0819179 0.0888895 0.0785766 0.0778628 0.0200247 0.0819179 0.0955803 0.0955803 0.0615408 0.0726009 0.0826213 0.0932222 0.0785766 
MK098187_Megalocytivirus_pagrus1_RSIV  0.0196441 0.0445265 0.0819179 0.0000000 0.0445265 0.0238134 0.0196441 0.0684605 0.0000010 0.0634940 0.0634940 0.0584408 0.0444610 0.0077811 0.0486345 0.0238134 
OP896201_Megalocytivirus_pagrus1_ISKNV 0.0495415 0.0000010 0.0888895 0.0445265 0.0000000 0.0542394 0.0495415 0.0750942 0.0445265 0.0273921 0.0273921 0.0723227 0.0660489 0.0448067 0.0038436 0.0542394 
KC244182_Megalocytivirus_pagrus1_RSIV  0.0038861 0.0542394 0.0785766 0.0238134 0.0542394 0.0000000 0.0038861 0.0649081 0.0238134 0.0741230 0.0741230 0.0548430 0.0361112 0.0156953 0.0584825 0.0000010 
OL774654_Megalocytivirus_pagrus1_RSIV  0.0000010 0.0495415 0.0778628 0.0196441 0.0495415 0.0038861 0.0000000 0.0643176 0.0196441 0.0690989 0.0690989 0.0543553 0.0404463 0.0116549 0.0537422 0.0038861 
MG570132_Megalocytivirus_pagrus1_TRBIV 0.0643176 0.0750942 0.0200247 0.0684605 0.0750942 0.0649081 0.0643176 0.0000000 0.0684605 0.0821301 0.0821301 0.0483334 0.0588879 0.0689978 0.0794879 0.0649081 
OQ475017_Megalocytivirus_pagrus1_RSIV  0.0196441 0.0445265 0.0819179 0.0000010 0.0445265 0.0238134 0.0196441 0.0684605 0.0000000 0.0634940 0.0634940 0.0584408 0.0444610 0.0077811 0.0486345 0.0238134 
OP009387_Megalocytivirus_pagrus1_ISKNV 0.0690989 0.0273921 0.0955803 0.0634940 0.0273921 0.0741230 0.0690989 0.0821301 0.0634940 0.0000000 0.0000010 0.0828366 0.0839488 0.0639617 0.0313618 0.0741230 
PP974677_Megalocytivirus_pagrus1_ISKNV 0.0690989 0.0273921 0.0955803 0.0634940 0.0273921 0.0741230 0.0690989 0.0821301 0.0634940 0.0000010 0.0000000 0.0828366 0.0839488 0.0639617 0.0313618 0.0741230 
GQ273492_Megalocytivirus_pagrus1_TRBIV 0.0543553 0.0723227 0.0615408 0.0584408 0.0723227 0.0548430 0.0543553 0.0483334 0.0584408 0.0828366 0.0828366 0.0000000 0.0162370 0.0588575 0.0765719 0.0548430 
OK042109_Megalocytivirus_pagrus1_RSIV  0.0404463 0.0660489 0.0726009 0.0444610 0.0660489 0.0361112 0.0404463 0.0588879 0.0444610 0.0839488 0.0839488 0.0162370 0.0000000 0.0447400 0.0701888 0.0361112 
OK042108_Megalocytivirus_pagrus1_RSIV  0.0116549 0.0448067 0.0826213 0.0077811 0.0448067 0.0156953 0.0116549 0.0689978 0.0077811 0.0639617 0.0639617 0.0588575 0.0447400 0.0000000 0.0489496 0.0156953 
ON212400_Megalocytivirus_pagrus1_ISKNV 0.0537422 0.0038436 0.0932222 0.0486345 0.0038436 0.0584825 0.0537422 0.0794879 0.0486345 0.0313618 0.0313618 0.0765719 0.0701888 0.0489496 0.0000000 0.0584825 
MT798582_Megalocytivirus_pagrus1_RSIV  0.0038861 0.0542394 0.0785766 0.0238134 0.0542394 0.0000010 0.0038861 0.0649081 0.0238134 0.0741230 0.0741230 0.0548430 0.0361112 0.0156953 0.0584825 0.0000000 
