15
MW883593_Megalocytivirus_pagrus1_ISKNV 0.0000000 0.0837100 0.0136274 0.0783164 0.0837100 0.0000010 0.0136274 0.0745400 0.0745400 0.0875723 0.0783164 0.0915950 0.1161297 0.0915950 0.0033844 
OK042108_Megalocytivirus_pagrus1_RSIV  0.0837100 0.0000000 0.0761210 0.0133993 0.0000010 0.0837100 0.0761210 0.0100342 0.0100342 0.0032905 0.0133993 0.0500845 0.0864335 0.0500845 0.0881049 
MW883595_Megalocytivirus_pagrus1_ISKNV 0.0136274 0.0761210 0.0000000 0.0723285 0.0761210 0.0136274 0.0000010 0.0684874 0.0684874 0.0799870 0.0723285 0.0856949 0.1185667 0.0856949 0.0171381 
OL774654_Megalocytivirus_pagrus1_RSIV  0.0783164 0.0133993 0.0723285 0.0000000 0.0133993 0.0783164 0.0723285 0.0032989 0.0032989 0.0167738 0.0000010 0.0499680 0.0862074 0.0499680 0.0825779 
ON075463_Megalocytivirus_pagrus1_RSIV  0.0837100 0.0000010 0.0761210 0.0133993 0.0000000 0.0837100 0.0761210 0.0100342 0.0100342 0.0032905 0.0133993 0.0500845 0.0864335 0.0500845 0.0881049 
MW883606_Megalocytivirus_pagrus1_ISKNV 0.0000010 0.0837100 0.0136274 0.0783164 0.0837100 0.0000000 0.0136274 0.0745400 0.0745400 0.0875723 0.0783164 0.0915950 0.1161297 0.0915950 0.0033844 
MN432490_Megalocytivirus_pagrus1_ISKNV 0.0136274 0.0761210 0.0000010 0.0723285 0.0761210 0.0136274 0.0000000 0.0684874 0.0684874 0.0799870 0.0723285 0.0856949 0.1185667 0.0856949 0.0171381 
OQ475017_Megalocytivirus_pagrus1_RSIV  0.0745400 0.0100342 0.0684874 0.0032989 0.0100342 0.0745400 0.0684874 0.0000000 0.0000010 0.0133993 0.0032989 0.0463420 0.0824042 0.0463420 0.0787735 
AB104413_Megalocytivirus_pagrus1_RSIV  0.0745400 0.0100342 0.0684874 0.0032989 0.0100342 0.0745400 0.0684874 0.0000010 0.0000000 0.0133993 0.0032989 0.0463420 0.0824042 0.0463420 0.0787735 
AP017456_Megalocytivirus_pagrus1_RSIV  0.0875723 0.0032905 0.0799870 0.0167738 0.0032905 0.0875723 0.0799870 0.0133993 0.0133993 0.0000000 0.0167738 0.0537273 0.0902516 0.0537273 0.0919971 
MW139932_Megalocytivirus_pagrus1_RSIV  0.0783164 0.0133993 0.0723285 0.0000010 0.0133993 0.0783164 0.0723285 0.0032989 0.0032989 0.0167738 0.0000000 0.0499680 0.0862074 0.0499680 0.0825779 
MG570131_Megalocytivirus_pagrus1_TRBIV 0.0915950 0.0500845 0.0856949 0.0499680 0.0500845 0.0915950 0.0856949 0.0463420 0.0463420 0.0537273 0.0499680 0.0000000 0.0696468 0.0000010 0.0960582 
GQ273492_Megalocytivirus_pagrus1_TRBIV 0.1161297 0.0864335 0.1185667 0.0862074 0.0864335 0.1161297 0.1185667 0.0824042 0.0824042 0.0902516 0.0862074 0.0696468 0.0000000 0.0696468 0.1208380 
MG570132_Megalocytivirus_pagrus1_TRBIV 0.0915950 0.0500845 0.0856949 0.0499680 0.0500845 0.0915950 0.0856949 0.0463420 0.0463420 0.0537273 0.0499680 0.0000010 0.0696468 0.0000000 0.0960582 
MW883599_Megalocytivirus_pagrus1_ISKNV 0.0033844 0.0881049 0.0171381 0.0825779 0.0881049 0.0033844 0.0171381 0.0787735 0.0787735 0.0919971 0.0825779 0.0960582 0.1208380 0.0960582 0.0000000 
