17
MW883602_Megalocytivirus_pagrus1_ISKNV 0.0000000 0.3192942 0.3770875 0.3136172 0.2879080 0.0000010 0.3192942 0.3770875 0.3136172 0.2879080 0.3450339 0.0495352 0.0000010 0.0495352 0.3141266 0.0767876 0.3450339 
MK689686_Megalocytivirus_pagrus1_RSIV  0.3192942 0.0000000 0.3626889 0.1251440 0.0487403 0.3192942 0.0000010 0.3626889 0.1251440 0.0487403 0.0238239 0.3553284 0.3211129 0.3553284 0.2580559 0.3964787 0.0238239 
MG570132_Megalocytivirus_pagrus1_TRBIV 0.3770875 0.3626889 0.0000000 0.2616109 0.3296391 0.3770875 0.3626889 0.0000010 0.2616109 0.3296391 0.3887270 0.4035824 0.3794048 0.4035824 0.1547934 0.4474208 0.3887270 
OL774653_Megalocytivirus_pagrus1_RSIV  0.3136172 0.1251440 0.2616109 0.0000000 0.0728878 0.3136172 0.1251440 0.2616109 0.0000010 0.0728878 0.1505988 0.3828415 0.3153611 0.3828415 0.1493354 0.4245888 0.1505988 
OQ475017_Megalocytivirus_pagrus1_RSIV  0.2879080 0.0487403 0.3296391 0.0728878 0.0000000 0.2879080 0.0487403 0.3296391 0.0728878 0.0000010 0.0734397 0.3224728 0.2895156 0.3224728 0.2284640 0.3617126 0.0734397 
OR536350_Megalocytivirus_pagrus1_ISKNV 0.0000010 0.3192942 0.3770875 0.3136172 0.2879080 0.0000000 0.3192942 0.3770875 0.3136172 0.2879080 0.3450339 0.0495352 0.0000010 0.0495352 0.3141266 0.0767876 0.3450339 
AP017456_Megalocytivirus_pagrus1_RSIV  0.3192942 0.0000010 0.3626889 0.1251440 0.0487403 0.3192942 0.0000000 0.3626889 0.1251440 0.0487403 0.0238239 0.3553284 0.3211129 0.3553284 0.2580559 0.3964787 0.0238239 
MG570131_Megalocytivirus_pagrus1_TRBIV 0.3770875 0.3626889 0.0000010 0.2616109 0.3296391 0.3770875 0.3626889 0.0000000 0.2616109 0.3296391 0.3887270 0.4035824 0.3794048 0.4035824 0.1547934 0.4474208 0.3887270 
OL774655_Megalocytivirus_pagrus1_RSIV  0.3136172 0.1251440 0.2616109 0.0000010 0.0728878 0.3136172 0.1251440 0.2616109 0.0000000 0.0728878 0.1505988 0.3828415 0.3153611 0.3828415 0.1493354 0.4245888 0.1505988 
OK042108_Megalocytivirus_pagrus1_RSIV  0.2879080 0.0487403 0.3296391 0.0728878 0.0000010 0.2879080 0.0487403 0.3296391 0.0728878 0.0000000 0.0734397 0.3224728 0.2895156 0.3224728 0.2284640 0.3617126 0.0734397 
AY894343_Megalocytivirus_pagrus1_RSIV  0.3450339 0.0238239 0.3887270 0.1505988 0.0734397 0.3450339 0.0238239 0.3887270 0.1505988 0.0734397 0.0000000 0.3814416 0.3469869 0.3814416 0.2835899 0.4230701 0.0000010 
MN432490_Megalocytivirus_pagrus1_ISKNV 0.0495352 0.3553284 0.4035824 0.3828415 0.3224728 0.0495352 0.3553284 0.4035824 0.3828415 0.3224728 0.3814416 0.0000000 0.0497881 0.0000010 0.3835267 0.0242949 0.3814416 
MW273353_Megalocytivirus_pagrus1_ISKNV 0.0000010 0.3211129 0.3794048 0.3153611 0.2895156 0.0000010 0.3211129 0.3794048 0.3153611 0.2895156 0.3469869 0.0497881 0.0000000 0.0497881 0.3158769 0.0771964 0.3469869 
MW883595_Megalocytivirus_pagrus1_ISKNV 0.0495352 0.3553284 0.4035824 0.3828415 0.3224728 0.0495352 0.3553284 0.4035824 0.3828415 0.3224728 0.3814416 0.0000010 0.0497881 0.0000000 0.3835267 0.0242949 0.3814416 
GQ273492_Megalocytivirus_pagrus1_TRBIV 0.3141266 0.2580559 0.1547934 0.1493354 0.2284640 0.3141266 0.2580559 0.1547934 0.1493354 0.2284640 0.2835899 0.3835267 0.3158769 0.3835267 0.0000000 0.4254073 0.2835899 
OP009387_Megalocytivirus_pagrus1_ISKNV 0.0767876 0.3964787 0.4474208 0.4245888 0.3617126 0.0767876 0.3964787 0.4474208 0.4245888 0.3617126 0.4230701 0.0242949 0.0771964 0.0242949 0.4254073 0.0000000 0.4230701 
KT804738_Megalocytivirus_pagrus1_RSIV  0.3450339 0.0238239 0.3887270 0.1505988 0.0734397 0.3450339 0.0238239 0.3887270 0.1505988 0.0734397 0.0000010 0.3814416 0.3469869 0.3814416 0.2835899 0.4230701 0.0000000 
