25
MW883596_Megalocytivirus_pagrus1_ISKNV    0.0000000 0.1119527 0.0349387 0.1851493 0.1101317 0.0000010 0.1101317 0.0049234 0.0049184 0.0349387 0.1608389 0.0000010 0.1119527 0.0049184 0.0000010 0.0049234 0.0098611 0.0049711 0.0148336 0.0098611 0.1851493 0.0098611 0.0148336 0.1187700 0.1719697 
OQ475017_Megalocytivirus_pagrus1_RSIV     0.1119527 0.0000000 0.1138687 0.1368336 0.0166189 0.1119527 0.0166189 0.1182682 0.1181143 0.1138687 0.0948405 0.1131250 0.0000010 0.1181143 0.1125359 0.1182682 0.1378376 0.1196953 0.1312168 0.1246371 0.1368336 0.1246371 0.1312168 0.0172008 0.1126829 
MN432490_Megalocytivirus_pagrus1_ISKNV    0.0349387 0.1138687 0.0000000 0.1929626 0.1185141 0.0349387 0.1185141 0.0399821 0.0399404 0.0000010 0.1682178 0.0352342 0.1138687 0.0399404 0.0350858 0.0399821 0.0448600 0.0403749 0.0501986 0.0450488 0.1929626 0.0450488 0.0501986 0.1197695 0.1724671 
MG570132_Megalocytivirus_pagrus1_TRBIV    0.1851493 0.1368336 0.1929626 0.0000000 0.1237076 0.1851493 0.1237076 0.1918507 0.1915868 0.1929626 0.0820056 0.1802986 0.1368336 0.1915868 0.1793195 0.1918507 0.2033603 0.1929153 0.2057462 0.1986450 0.0000010 0.1986450 0.2057462 0.1208488 0.0687995 
AY894343_Megalocytivirus_pagrus1_RSIV     0.1101317 0.0166189 0.1185141 0.1237076 0.0000000 0.1101317 0.0000010 0.1164123 0.1162616 0.1185141 0.0938972 0.1112783 0.0166189 0.1162616 0.1107020 0.1164123 0.1295991 0.1178108 0.1292981 0.1227496 0.1237076 0.1227496 0.1292981 0.0056068 0.1123108 
KT781098_Megalocytivirus_pagrus1_ISKNV    0.0000010 0.1119527 0.0349387 0.1851493 0.1101317 0.0000000 0.1101317 0.0049234 0.0049184 0.0349387 0.1608389 0.0000010 0.1119527 0.0049184 0.0000010 0.0049234 0.0098611 0.0049711 0.0148336 0.0098611 0.1851493 0.0098611 0.0148336 0.1187700 0.1719697 
AP017456_Megalocytivirus_pagrus1_RSIV     0.1101317 0.0166189 0.1185141 0.1237076 0.0000010 0.1101317 0.0000000 0.1164123 0.1162616 0.1185141 0.0938972 0.1112783 0.0166189 0.1162616 0.1107020 0.1164123 0.1295991 0.1178108 0.1292981 0.1227496 0.1237076 0.1227496 0.1292981 0.0056068 0.1123108 
MW883599_Megalocytivirus_pagrus1_ISKNV    0.0049234 0.1182682 0.0399821 0.1918507 0.1164123 0.0049234 0.1164123 0.0000000 0.0098490 0.0399821 0.1675417 0.0049643 0.1182682 0.0098490 0.0049438 0.0000010 0.0148101 0.0000010 0.0098641 0.0148101 0.1918507 0.0148101 0.0098641 0.1251791 0.1786297 
OP896201_Megalocytivirus_pagrus1_ISKNV    0.0049184 0.1181143 0.0399404 0.1915868 0.1162616 0.0049184 0.1162616 0.0098490 0.0000000 0.0399404 0.1673108 0.0049592 0.1181143 0.0000010 0.0049387 0.0098490 0.0049173 0.0099444 0.0197826 0.0049173 0.1915868 0.0049173 0.0197826 0.1250138 0.1783853 
MW883595_Megalocytivirus_pagrus1_ISKNV    0.0349387 0.1138687 0.0000010 0.1929626 0.1185141 0.0349387 0.1185141 0.0399821 0.0399404 0.0000000 0.1682178 0.0352342 0.1138687 0.0399404 0.0350858 0.0399821 0.0448600 0.0403749 0.0501986 0.0450488 0.1929626 0.0450488 0.0501986 0.1197695 0.1724671 
OK042109_Megalocytivirus_pagrus1_RSIV     0.1608389 0.0948405 0.1682178 0.0820056 0.0938972 0.1608389 0.0938972 0.1675417 0.1673108 0.1682178 0.0000000 0.1617202 0.0948405 0.1673108 0.1608389 0.1675417 0.1802541 0.1684757 0.1813960 0.1743265 0.0820056 0.1743265 0.1813960 0.0956242 0.0402821 
MW273353_Megalocytivirus_pagrus1_ISKNV    0.0000010 0.1131250 0.0352342 0.1802986 0.1112783 0.0000010 0.1112783 0.0049643 0.0049592 0.0352342 0.1617202 0.0000000 0.1131250 0.0049592 0.0000010 0.0049643 0.0099430 0.0050128 0.0149570 0.0099430 0.1802986 0.0099430 0.0149570 0.1112783 0.1729030 
OL774654_Megalocytivirus_pagrus1_RSIV     0.1119527 0.0000010 0.1138687 0.1368336 0.0166189 0.1119527 0.0166189 0.1182682 0.1181143 0.1138687 0.0948405 0.1131250 0.0000000 0.1181143 0.1125359 0.1182682 0.1378376 0.1196953 0.1312168 0.1246371 0.1368336 0.1246371 0.1312168 0.0172008 0.1126829 
OR536350_Megalocytivirus_pagrus1_ISKNV    0.0049184 0.1181143 0.0399404 0.1915868 0.1162616 0.0049184 0.1162616 0.0098490 0.0000010 0.0399404 0.1673108 0.0049592 0.1181143 0.0000000 0.0049387 0.0098490 0.0049173 0.0099444 0.0197826 0.0049173 0.1915868 0.0049173 0.0197826 0.1250138 0.1783853 
ON212400_Megalocytivirus_pagrus1_ISKNV    0.0000010 0.1125359 0.0350858 0.1793195 0.1107020 0.0000010 0.1107020 0.0049438 0.0049387 0.0350858 0.1608389 0.0000010 0.1125359 0.0049387 0.0000000 0.0049438 0.0099019 0.0049918 0.0148951 0.0099019 0.1793195 0.0099019 0.0148951 0.1187700 0.1719697 
MW883594_Megalocytivirus_pagrus1_ISKNV    0.0049234 0.1182682 0.0399821 0.1918507 0.1164123 0.0049234 0.1164123 0.0000010 0.0098490 0.0399821 0.1675417 0.0049643 0.1182682 0.0098490 0.0049438 0.0000000 0.0148101 0.0000010 0.0098641 0.0148101 0.1918507 0.0148101 0.0098641 0.1251791 0.1786297 
MW883602_Megalocytivirus_pagrus1_ISKNV    0.0098611 0.1378376 0.0448600 0.2033603 0.1295991 0.0098611 0.1295991 0.0148101 0.0049173 0.0448600 0.1802541 0.0099430 0.1378376 0.0049173 0.0099019 0.0148101 0.0000000 0.0149539 0.0247900 0.0000010 0.2033603 0.0000010 0.0247900 0.1316483 0.1912194 
MW883601_Megalocytivirus_pagrus1_ISKNV    0.0049711 0.1196953 0.0403749 0.1929153 0.1178108 0.0049711 0.1178108 0.0000010 0.0099444 0.0403749 0.1684757 0.0050128 0.1196953 0.0099444 0.0049918 0.0000010 0.0149539 0.0000000 0.0099597 0.0149539 0.1929153 0.0149539 0.0099597 0.1267102 0.1796173 
23043610003_Megalocytivirus_pagrus1_ISKNV 0.0148336 0.1312168 0.0501986 0.2057462 0.1292981 0.0148336 0.1292981 0.0098641 0.0197826 0.0501986 0.1813960 0.0149570 0.1312168 0.0197826 0.0148951 0.0098641 0.0247900 0.0099597 0.0000000 0.0247900 0.2057462 0.0247900 0.0000010 0.1383423 0.1924171 
MW883600_Megalocytivirus_pagrus1_ISKNV    0.0098611 0.1246371 0.0450488 0.1986450 0.1227496 0.0098611 0.1227496 0.0148101 0.0049173 0.0450488 0.1743265 0.0099430 0.1246371 0.0049173 0.0099019 0.0148101 0.0000010 0.0149539 0.0247900 0.0000000 0.1986450 0.0000010 0.0247900 0.1316483 0.1853768 
MG570131_Megalocytivirus_pagrus1_TRBIV    0.1851493 0.1368336 0.1929626 0.0000010 0.1237076 0.1851493 0.1237076 0.1918507 0.1915868 0.1929626 0.0820056 0.1802986 0.1368336 0.1915868 0.1793195 0.1918507 0.2033603 0.1929153 0.2057462 0.1986450 0.0000000 0.1986450 0.2057462 0.1208488 0.0687995 
MW273354_Megalocytivirus_pagrus1_ISKNV    0.0098611 0.1246371 0.0450488 0.1986450 0.1227496 0.0098611 0.1227496 0.0148101 0.0049173 0.0450488 0.1743265 0.0099430 0.1246371 0.0049173 0.0099019 0.0148101 0.0000010 0.0149539 0.0247900 0.0000010 0.1986450 0.0000000 0.0247900 0.1316483 0.1853768 
23043610005_Megalocytivirus_pagrus1_ISKNV 0.0148336 0.1312168 0.0501986 0.2057462 0.1292981 0.0148336 0.1292981 0.0098641 0.0197826 0.0501986 0.1813960 0.0149570 0.1312168 0.0197826 0.0148951 0.0098641 0.0247900 0.0099597 0.0000010 0.0247900 0.2057462 0.0247900 0.0000000 0.1383423 0.1924171 
ON743042_Megalocytivirus_pagrus1_RSIV     0.1187700 0.0172008 0.1197695 0.1208488 0.0056068 0.1187700 0.0056068 0.1251791 0.1250138 0.1197695 0.0956242 0.1112783 0.0172008 0.1250138 0.1187700 0.1251791 0.1316483 0.1267102 0.1383423 0.1316483 0.1208488 0.1316483 0.1383423 0.0000000 0.1143311 
GQ273492_Megalocytivirus_pagrus1_TRBIV    0.1719697 0.1126829 0.1724671 0.0687995 0.1123108 0.1719697 0.1123108 0.1786297 0.1783853 0.1724671 0.0402821 0.1729030 0.1126829 0.1783853 0.1719697 0.1786297 0.1912194 0.1796173 0.1924171 0.1853768 0.0687995 0.1853768 0.1924171 0.1143311 0.0000000 
