22
MK689685_Megalocytivirus_pagrus1_ISKNV 0.0000000 0.1031930 0.2119904 0.2856569 0.1351033 0.1351033 0.1139533 0.0000010 0.0097753 0.2060723 0.0912471 0.0808940 0.1031930 0.0098068 0.0808940 0.0098068 0.1139533 0.2060723 0.0097753 0.4522376 0.2856569 0.0912471 
ON075463_Megalocytivirus_pagrus1_RSIV  0.1031930 0.0000000 0.2092411 0.2904426 0.0934025 0.0934025 0.0101014 0.1031930 0.1134149 0.1965937 0.1658602 0.1700712 0.0000010 0.1137977 0.1700712 0.1137977 0.0101014 0.1965937 0.1134149 0.5478793 0.2904426 0.1658602 
GQ273492_Megalocytivirus_pagrus1_TRBIV 0.2119904 0.2092411 0.0000000 0.4139976 0.1927902 0.1927902 0.2233063 0.2119904 0.2248901 0.0983591 0.3101938 0.2574272 0.2092411 0.2258465 0.2574272 0.2258465 0.2233063 0.0983591 0.2248901 0.5432294 0.4139976 0.3101938 
MK098187_Megalocytivirus_pagrus1_RSIV  0.2856569 0.2904426 0.4139976 0.0000000 0.1756712 0.1756712 0.2914994 0.2856569 0.2984226 0.4613442 0.1639418 0.3041537 0.2904426 0.2996748 0.3041537 0.2996748 0.2914994 0.4613442 0.2984226 0.9941514 0.0000010 0.1639418 
ON740976_Megalocytivirus_pagrus1_RSIV  0.1351033 0.0934025 0.1927902 0.1756712 0.0000000 0.0000010 0.1041807 0.1351033 0.1453807 0.2187902 0.1900706 0.1688859 0.0934025 0.1458741 0.1688859 0.1458741 0.1041807 0.2187902 0.1453807 0.5848434 0.1756712 0.1900706 
AB104413_Megalocytivirus_pagrus1_RSIV  0.1351033 0.0934025 0.1927902 0.1756712 0.0000010 0.0000000 0.1041807 0.1351033 0.1453807 0.2187902 0.1900706 0.1688859 0.0934025 0.1458741 0.1688859 0.1458741 0.1041807 0.2187902 0.1453807 0.5848434 0.1756712 0.1900706 
AY894343_Megalocytivirus_pagrus1_RSIV  0.1139533 0.0101014 0.2233063 0.2914994 0.1041807 0.1041807 0.0000000 0.1139533 0.1242069 0.2106560 0.1664251 0.1704532 0.0101014 0.1246275 0.1704532 0.1246275 0.0000010 0.2106560 0.1242069 0.5654835 0.2914994 0.1664251 
ON212400_Megalocytivirus_pagrus1_ISKNV 0.0000010 0.1031930 0.2119904 0.2856569 0.1351033 0.1351033 0.1139533 0.0000000 0.0097753 0.2060723 0.0912471 0.0808940 0.1031930 0.0098068 0.0808940 0.0098068 0.1139533 0.2060723 0.0097753 0.4522376 0.2856569 0.0912471 
MT128666_Megalocytivirus_pagrus1_ISKNV 0.0097753 0.1134149 0.2248901 0.2984226 0.1453807 0.1453807 0.1242069 0.0097753 0.0000000 0.2187263 0.1024732 0.0909135 0.1134149 0.0195927 0.0909135 0.0195927 0.1242069 0.2187263 0.0000010 0.4666235 0.2984226 0.1024732 
MG570131_Megalocytivirus_pagrus1_TRBIV 0.2060723 0.1965937 0.0983591 0.4613442 0.2187902 0.2187902 0.2106560 0.2060723 0.2187263 0.0000000 0.3574937 0.2505070 0.1965937 0.2196394 0.2505070 0.2196394 0.2106560 0.0000010 0.2187263 0.5258883 0.4613442 0.3574937 
MW883601_Megalocytivirus_pagrus1_ISKNV 0.0912471 0.1658602 0.3101938 0.1639418 0.1900706 0.1900706 0.1664251 0.0912471 0.1024732 0.3574937 0.0000000 0.1633005 0.1658602 0.1028530 0.1633005 0.1028530 0.1664251 0.3574937 0.1024732 0.6988481 0.1639418 0.0000010 
OP009387_Megalocytivirus_pagrus1_ISKNV 0.0808940 0.1700712 0.2574272 0.3041537 0.1688859 0.1688859 0.1704532 0.0808940 0.0909135 0.2505070 0.1633005 0.0000000 0.1700712 0.0912142 0.0000010 0.0912142 0.1704532 0.2505070 0.0909135 0.5452320 0.3041537 0.1633005 
KC244182_Megalocytivirus_pagrus1_RSIV  0.1031930 0.0000010 0.2092411 0.2904426 0.0934025 0.0934025 0.0101014 0.1031930 0.1134149 0.1965937 0.1658602 0.1700712 0.0000000 0.1137977 0.1700712 0.1137977 0.0101014 0.1965937 0.1134149 0.5478793 0.2904426 0.1658602 
OQ513807_Megalocytivirus_pagrus1_ISKNV 0.0098068 0.1137977 0.2258465 0.2996748 0.1458741 0.1458741 0.1246275 0.0098068 0.0195927 0.2196394 0.1028530 0.0912142 0.1137977 0.0000000 0.0912142 0.0000010 0.1246275 0.2196394 0.0195927 0.4688019 0.2996748 0.1028530 
MT986830_Megalocytivirus_pagrus1_ISKNV 0.0808940 0.1700712 0.2574272 0.3041537 0.1688859 0.1688859 0.1704532 0.0808940 0.0909135 0.2505070 0.1633005 0.0000010 0.1700712 0.0912142 0.0000000 0.0912142 0.1704532 0.2505070 0.0909135 0.5452320 0.3041537 0.1633005 
OR670976_Megalocytivirus_pagrus1_ISKNV 0.0098068 0.1137977 0.2258465 0.2996748 0.1458741 0.1458741 0.1246275 0.0098068 0.0195927 0.2196394 0.1028530 0.0912142 0.1137977 0.0000010 0.0912142 0.0000000 0.1246275 0.2196394 0.0195927 0.4688019 0.2996748 0.1028530 
KT804738_Megalocytivirus_pagrus1_RSIV  0.1139533 0.0101014 0.2233063 0.2914994 0.1041807 0.1041807 0.0000010 0.1139533 0.1242069 0.2106560 0.1664251 0.1704532 0.0101014 0.1246275 0.1704532 0.1246275 0.0000000 0.2106560 0.1242069 0.5654835 0.2914994 0.1664251 
MG570132_Megalocytivirus_pagrus1_TRBIV 0.2060723 0.1965937 0.0983591 0.4613442 0.2187902 0.2187902 0.2106560 0.2060723 0.2187263 0.0000010 0.3574937 0.2505070 0.1965937 0.2196394 0.2505070 0.2196394 0.2106560 0.0000000 0.2187263 0.5258883 0.4613442 0.3574937 
MT128667_Megalocytivirus_pagrus1_ISKNV 0.0097753 0.1134149 0.2248901 0.2984226 0.1453807 0.1453807 0.1242069 0.0097753 0.0000010 0.2187263 0.1024732 0.0909135 0.1134149 0.0195927 0.0909135 0.0195927 0.1242069 0.2187263 0.0000000 0.4666235 0.2984226 0.1024732 
MW883603_Megalocytivirus_pagrus1_ISKNV 0.4522376 0.5478793 0.5432294 0.9941514 0.5848434 0.5848434 0.5654835 0.4522376 0.4666235 0.5258883 0.6988481 0.5452320 0.5478793 0.4688019 0.5452320 0.4688019 0.5654835 0.5258883 0.4666235 0.0000000 0.9941514 0.6988481 
MK098185_Megalocytivirus_pagrus1_RSIV  0.2856569 0.2904426 0.4139976 0.0000010 0.1756712 0.1756712 0.2914994 0.2856569 0.2984226 0.4613442 0.1639418 0.3041537 0.2904426 0.2996748 0.3041537 0.2996748 0.2914994 0.4613442 0.2984226 0.9941514 0.0000000 0.1639418 
MW883599_Megalocytivirus_pagrus1_ISKNV 0.0912471 0.1658602 0.3101938 0.1639418 0.1900706 0.1900706 0.1664251 0.0912471 0.1024732 0.3574937 0.0000010 0.1633005 0.1658602 0.1028530 0.1633005 0.1028530 0.1664251 0.3574937 0.1024732 0.6988481 0.1639418 0.0000000 
