10
AF371960_AF371960.1_00044 0.0000000 0.1230727 0.1283995 0.1642439 0.1230727 0.1846675 0.1846675 0.1283995 0.0000010 0.0188237 
AY894343_MK689686.1_00042 0.1230727 0.0000000 0.0326321 0.0898216 0.0000010 0.1034619 0.1034619 0.0326321 0.1230727 0.1228419 
BD143114_MK689686.1_00042 0.1283995 0.0326321 0.0000000 0.0953635 0.0326321 0.0975797 0.0975797 0.0000010 0.1283995 0.1281529 
GQ273492_GQ273492.1_00043 0.1642439 0.0898216 0.0953635 0.0000000 0.0898216 0.0743039 0.0743039 0.0953635 0.1642439 0.1629294 
KC244182_MK689686.1_00042 0.1230727 0.0000010 0.0326321 0.0898216 0.0000000 0.1034619 0.1034619 0.0326321 0.1230727 0.1228419 
MG570131_MG570131.1_00044 0.1846675 0.1034619 0.0975797 0.0743039 0.1034619 0.0000000 0.0000010 0.0975797 0.1846675 0.1837900 
MG570132_MG570132.1_00044 0.1846675 0.1034619 0.0975797 0.0743039 0.1034619 0.0000010 0.0000000 0.0975797 0.1846675 0.1837900 
MK098185_MK689686.1_00042 0.1283995 0.0326321 0.0000010 0.0953635 0.0326321 0.0975797 0.0975797 0.0000000 0.1283995 0.1281529 
MK689685_AF371960.1_00044 0.0000010 0.1230727 0.1283995 0.1642439 0.1230727 0.1846675 0.1846675 0.1283995 0.0000000 0.0188237 
MN432490_AF371960.1_00044 0.0188237 0.1228419 0.1281529 0.1629294 0.1228419 0.1837900 0.1837900 0.1281529 0.0188237 0.0000000 
