19
OK042109_Megalocytivirus_pagrus1_RSIV  0.0000000 0.2570630 0.0641190 0.2935217 0.2506893 0.0209809 0.0209809 0.2665118 0.2570630 0.0641190 0.2653537 0.2506893 0.0104148 0.0530149 0.0104148 0.2653852 0.0209069 0.2653852 0.2653537 
MT986830_Megalocytivirus_pagrus1_ISKNV 0.2570630 0.0000000 0.2707689 0.3377752 0.0108598 0.2573305 0.2573305 0.0219146 0.0000010 0.2707689 0.2778928 0.0108598 0.2418384 0.2702673 0.2418384 0.0218425 0.2559125 0.0218425 0.2778928 
ON743042_Megalocytivirus_pagrus1_RSIV  0.0641190 0.2707689 0.0000000 0.2566849 0.2641101 0.0641478 0.0641478 0.2800573 0.2707689 0.0000010 0.2290513 0.2641101 0.0530627 0.0317378 0.0530627 0.2788714 0.0639075 0.2788714 0.2290513 
GQ273492_Megalocytivirus_pagrus1_TRBIV 0.2935217 0.3377752 0.2566849 0.0000000 0.3295330 0.2938327 0.2938327 0.3465964 0.3377752 0.2566849 0.1349750 0.3295330 0.2792029 0.2691614 0.2792029 0.3450714 0.2877863 0.3450714 0.1349750 
MT128667_Megalocytivirus_pagrus1_ISKNV 0.2506893 0.0108598 0.2641101 0.3295330 0.0000000 0.2509400 0.2509400 0.0109014 0.0108598 0.2641101 0.2710596 0.0000010 0.2358408 0.2636190 0.2358408 0.0108659 0.2495944 0.0108659 0.2710596 
AP017456_Megalocytivirus_pagrus1_RSIV  0.0209809 0.2573305 0.0641478 0.2938327 0.2509400 0.0000000 0.0000010 0.2667934 0.2573305 0.0641478 0.2656103 0.2509400 0.0104184 0.0314231 0.0104184 0.2656634 0.0209145 0.2656634 0.2656103 
KT804738_Megalocytivirus_pagrus1_RSIV  0.0209809 0.2573305 0.0641478 0.2938327 0.2509400 0.0000010 0.0000000 0.2667934 0.2573305 0.0641478 0.2656103 0.2509400 0.0104184 0.0314231 0.0104184 0.2656634 0.0209145 0.2656634 0.2656103 
MT926123_Megalocytivirus_pagrus1_ISKNV 0.2665118 0.0219146 0.2800573 0.3465964 0.0109014 0.2667934 0.2667934 0.0000000 0.0219146 0.2800573 0.2871434 0.0109014 0.2513770 0.2795624 0.2513770 0.0219278 0.2653271 0.0219278 0.2871434 
PP974677_Megalocytivirus_pagrus1_ISKNV 0.2570630 0.0000010 0.2707689 0.3377752 0.0108598 0.2573305 0.2573305 0.0219146 0.0000000 0.2707689 0.2778928 0.0108598 0.2418384 0.2702673 0.2418384 0.0218425 0.2559125 0.0218425 0.2778928 
ON740976_Megalocytivirus_pagrus1_RSIV  0.0641190 0.2707689 0.0000010 0.2566849 0.2641101 0.0641478 0.0641478 0.2800573 0.2707689 0.0000000 0.2290513 0.2641101 0.0530627 0.0317378 0.0530627 0.2788714 0.0639075 0.2788714 0.2290513 
MG570132_Megalocytivirus_pagrus1_TRBIV 0.2653537 0.2778928 0.2290513 0.1349750 0.2710596 0.2656103 0.2656103 0.2871434 0.2778928 0.2290513 0.0000000 0.2710596 0.2514542 0.2412958 0.2514542 0.2859211 0.2642704 0.2859211 0.0000010 
MK689685_Megalocytivirus_pagrus1_ISKNV 0.2506893 0.0108598 0.2641101 0.3295330 0.0000010 0.2509400 0.2509400 0.0109014 0.0108598 0.2641101 0.2710596 0.0000000 0.2358408 0.2636190 0.2358408 0.0108659 0.2495944 0.0108659 0.2710596 
MT798582_Megalocytivirus_pagrus1_RSIV  0.0104148 0.2418384 0.0530627 0.2792029 0.2358408 0.0104184 0.0104184 0.2513770 0.2418384 0.0530627 0.2514542 0.2358408 0.0000000 0.0421204 0.0000010 0.2503266 0.0103823 0.2503266 0.2514542 
OK042108_Megalocytivirus_pagrus1_RSIV  0.0530149 0.2702673 0.0317378 0.2691614 0.2636190 0.0314231 0.0314231 0.2795624 0.2702673 0.0317378 0.2412958 0.2636190 0.0421204 0.0000000 0.0421204 0.2783785 0.0528423 0.2783785 0.2412958 
MW883598_Megalocytivirus_pagrus1_RSIV  0.0104148 0.2418384 0.0530627 0.2792029 0.2358408 0.0104184 0.0104184 0.2513770 0.2418384 0.0530627 0.2514542 0.2358408 0.0000010 0.0421204 0.0000000 0.2503266 0.0103823 0.2503266 0.2514542 
OQ513807_Megalocytivirus_pagrus1_ISKNV 0.2653852 0.0218425 0.2788714 0.3450714 0.0108659 0.2656634 0.2656634 0.0219278 0.0218425 0.2788714 0.2859211 0.0108659 0.2503266 0.2783785 0.2503266 0.0000000 0.2642113 0.0000010 0.2859211 
KC244182_Megalocytivirus_pagrus1_RSIV  0.0209069 0.2559125 0.0639075 0.2877863 0.2495944 0.0209145 0.0209145 0.2653271 0.2559125 0.0639075 0.2642704 0.2495944 0.0103823 0.0528423 0.0103823 0.2642113 0.0000000 0.2642113 0.2642704 
OR670976_Megalocytivirus_pagrus1_ISKNV 0.2653852 0.0218425 0.2788714 0.3450714 0.0108659 0.2656634 0.2656634 0.0219278 0.0218425 0.2788714 0.2859211 0.0108659 0.2503266 0.2783785 0.2503266 0.0000010 0.2642113 0.0000000 0.2859211 
MG570131_Megalocytivirus_pagrus1_TRBIV 0.2653537 0.2778928 0.2290513 0.1349750 0.2710596 0.2656103 0.2656103 0.2871434 0.2778928 0.2290513 0.0000010 0.2710596 0.2514542 0.2412958 0.2514542 0.2859211 0.2642704 0.2859211 0.0000000 
