11
AF371960_AF371960.1_00038 0.0000000 0.2587045 0.2752295 0.3773416 0.2671481 0.2671481 0.3524015 0.3524015 0.2752295 0.0000010 0.0071430 
AY894343_MK689686.1_00036 0.2587045 0.0000000 0.1131541 0.3908372 0.0071520 0.0071520 0.3328622 0.3328622 0.1131541 0.2587045 0.2669706 
BD143114_MK689686.1_00036 0.2752295 0.1131541 0.0000000 0.3730469 0.1054869 0.1054869 0.3189775 0.3189775 0.0000010 0.2752295 0.2832297 
GQ273492_GQ273492.1_00037 0.3773416 0.3908372 0.3730469 0.0000000 0.3821375 0.3821375 0.1639229 0.1639229 0.3730469 0.3773416 0.3856729 
KC244182_MK689686.1_00036 0.2671481 0.0071520 0.1054869 0.3821375 0.0000000 0.0000010 0.3414718 0.3414718 0.1054869 0.2671481 0.2754154 
KT804738_MK689686.1_00036 0.2671481 0.0071520 0.1054869 0.3821375 0.0000010 0.0000000 0.3414718 0.3414718 0.1054869 0.2671481 0.2754154 
MG570131_MG570131.1_00038 0.3524015 0.3328622 0.3189775 0.1639229 0.3414718 0.3414718 0.0000000 0.0000010 0.3189775 0.3524015 0.3606279 
MG570132_MG570132.1_00038 0.3524015 0.3328622 0.3189775 0.1639229 0.3414718 0.3414718 0.0000010 0.0000000 0.3189775 0.3524015 0.3606279 
MK098185_MK689686.1_00036 0.2752295 0.1131541 0.0000010 0.3730469 0.1054869 0.1054869 0.3189775 0.3189775 0.0000000 0.2752295 0.2832297 
MK689685_AF371960.1_00038 0.0000010 0.2587045 0.2752295 0.3773416 0.2671481 0.2671481 0.3524015 0.3524015 0.2752295 0.0000000 0.0071430 
MT986830_AF371960.1_00038 0.0071430 0.2669706 0.2832297 0.3856729 0.2754154 0.2754154 0.3606279 0.3606279 0.2832297 0.0071430 0.0000000 
