15
AF371960_AF371960.1_00080 0.0000000 0.0302247 0.0302176 0.0426132 0.0302247 0.0489025 0.0489025 0.0302176 0.0000010 0.0060137 1.6495427 1.6495427 0.0059757 0.0060137 0.0426132 
AY894343_MK689686.1_00076 0.0302247 0.0000000 0.0059654 0.0614896 0.0000010 0.0679220 0.0679220 0.0059654 0.0302247 0.0365677 1.6794156 1.6794156 0.0363361 0.0365677 0.0614896 
BD143114_MK689686.1_00076 0.0302176 0.0059654 0.0000000 0.0614724 0.0059654 0.0679024 0.0679024 0.0000010 0.0302176 0.0365588 1.6761520 1.6761520 0.0363272 0.0365588 0.0614724 
GQ273492_GQ273492.1_00075 0.0426132 0.0614896 0.0614724 0.0000000 0.0614896 0.0303730 0.0303730 0.0614724 0.0426132 0.0491032 1.6049574 1.6049574 0.0487910 0.0491032 0.0000010 
KC244182_MK689686.1_00076 0.0302247 0.0000010 0.0059654 0.0614896 0.0000000 0.0679220 0.0679220 0.0059654 0.0302247 0.0365677 1.6794156 1.6794156 0.0363361 0.0365677 0.0614896 
MG570131_MG570131.1_00075 0.0489025 0.0679220 0.0679024 0.0303730 0.0679220 0.0000000 0.0000010 0.0679024 0.0489025 0.0554715 1.5380007 1.5380007 0.0551178 0.0554715 0.0303730 
MG570132_MG570132.1_00075 0.0489025 0.0679220 0.0679024 0.0303730 0.0679220 0.0000010 0.0000000 0.0679024 0.0489025 0.0554715 1.5380007 1.5380007 0.0551178 0.0554715 0.0303730 
MK098185_MK689686.1_00076 0.0302176 0.0059654 0.0000010 0.0614724 0.0059654 0.0679024 0.0679024 0.0000000 0.0302176 0.0365588 1.6761520 1.6761520 0.0363272 0.0365588 0.0614724 
MK689685_AF371960.1_00080 0.0000010 0.0302247 0.0302176 0.0426132 0.0302247 0.0489025 0.0489025 0.0302176 0.0000000 0.0060137 1.6495427 1.6495427 0.0059757 0.0060137 0.0426132 
MN432490_AF371960.1_00080 0.0060137 0.0365677 0.0365588 0.0491032 0.0365677 0.0554715 0.0554715 0.0365588 0.0060137 0.0000000 1.6526600 1.6526600 0.0120493 0.0000010 0.0491032 
MN562489_OM037668.1_00020 1.6495427 1.6794156 1.6761520 1.6049574 1.6794156 1.5380007 1.5380007 1.6761520 1.6495427 1.6526600 0.0000000 0.0000010 1.6577123 1.6526600 1.6049574 
MT521409_OM037668.1_00020 1.6495427 1.6794156 1.6761520 1.6049574 1.6794156 1.5380007 1.5380007 1.6761520 1.6495427 1.6526600 0.0000010 0.0000000 1.6577123 1.6526600 1.6049574 
MT926123_AF371960.1_00080 0.0059757 0.0363361 0.0363272 0.0487910 0.0363361 0.0551178 0.0551178 0.0363272 0.0059757 0.0120493 1.6577123 1.6577123 0.0000000 0.0120493 0.0487910 
MT986830_AF371960.1_00080 0.0060137 0.0365677 0.0365588 0.0491032 0.0365677 0.0554715 0.0554715 0.0365588 0.0060137 0.0000010 1.6526600 1.6526600 0.0120493 0.0000000 0.0491032 
MW139932_MK689686.1_00076 0.0426132 0.0614896 0.0614724 0.0000010 0.0614896 0.0303730 0.0303730 0.0614724 0.0426132 0.0491032 1.6049574 1.6049574 0.0487910 0.0491032 0.0000000 
