17
MW883600_Megalocytivirus_pagrus1_ISKNV                   0.0000000 0.0633220 0.0663628 0.0673903 0.0633220 0.0000010 0.0596365 0.0675075 0.0650742 0.0215012 0.0650742 0.0021113 1.2035349 0.0673903 0.0215012 0.0663628 0.0021136 
OL774654_Megalocytivirus_pagrus1_RSIV                    0.0633220 0.0000000 0.0757030 0.0263007 0.0000010 0.0633220 0.0730571 0.0196382 0.0240823 0.0567357 0.0240823 0.0656398 1.2191111 0.0263007 0.0567357 0.0757030 0.0657099 
MG570132_Megalocytivirus_pagrus1_TRBIV                   0.0663628 0.0757030 0.0000000 0.0697681 0.0757030 0.0663628 0.0279640 0.0698894 0.0674501 0.0711490 0.0674501 0.0686366 1.1905371 0.0697681 0.0711490 0.0000010 0.0687084 
OK042109_Megalocytivirus_pagrus1_RSIV                    0.0673903 0.0263007 0.0697681 0.0000000 0.0263007 0.0673903 0.0671649 0.0064257 0.0021319 0.0632748 0.0021319 0.0696982 1.2201820 0.0000010 0.0632748 0.0697681 0.0697721 
OK042108_Megalocytivirus_pagrus1_RSIV                    0.0633220 0.0000010 0.0757030 0.0263007 0.0000000 0.0633220 0.0730571 0.0196382 0.0240823 0.0567357 0.0240823 0.0656398 1.2191111 0.0263007 0.0567357 0.0757030 0.0657099 
OR356116_Megalocytivirus_pagrus1_ISKNV                   0.0000010 0.0633220 0.0663628 0.0673903 0.0633220 0.0000000 0.0596365 0.0675075 0.0650742 0.0215012 0.0650742 0.0021113 1.2035349 0.0673903 0.0215012 0.0663628 0.0021136 
GQ273492_Megalocytivirus_pagrus1_TRBIV                   0.0596365 0.0730571 0.0279640 0.0671649 0.0730571 0.0596365 0.0000000 0.0672814 0.0648553 0.0689425 0.0648553 0.0619012 1.1941969 0.0671649 0.0689425 0.0279640 0.0619660 
ON743042_Megalocytivirus_pagrus1_RSIV                    0.0675075 0.0196382 0.0698894 0.0064257 0.0196382 0.0675075 0.0672814 0.0000000 0.0042780 0.0609589 0.0042780 0.0698195 1.2308594 0.0064257 0.0609589 0.0698894 0.0698936 
MK689686_Megalocytivirus_pagrus1_RSIV                    0.0650742 0.0240823 0.0674501 0.0021319 0.0240823 0.0650742 0.0648553 0.0042780 0.0000000 0.0609497 0.0000010 0.0673777 1.2261621 0.0021319 0.0609497 0.0674501 0.0674491 
PP151097_Megalocytivirus_pagrus1_ISKNV                   0.0215012 0.0567357 0.0711490 0.0632748 0.0567357 0.0215012 0.0689425 0.0609589 0.0609497 0.0000000 0.0609497 0.0236735 1.2289057 0.0632748 0.0000010 0.0711490 0.0236980 
KT781098_Megalocytivirus_pagrus1_ISKNV                   0.0650742 0.0240823 0.0674501 0.0021319 0.0240823 0.0650742 0.0648553 0.0042780 0.0000010 0.0609497 0.0000000 0.0673777 1.2261621 0.0021319 0.0609497 0.0674501 0.0674491 
OR536350_Megalocytivirus_pagrus1_ISKNV                   0.0021113 0.0656398 0.0686366 0.0696982 0.0656398 0.0021113 0.0619012 0.0698195 0.0673777 0.0236735 0.0673777 0.0000000 1.2095059 0.0696982 0.0236735 0.0686366 0.0042329 
PQ335173_PQ335174_Threespine_stickleback_iridovirus_TSIV 1.2035349 1.2191111 1.1905371 1.2201820 1.2191111 1.2035349 1.1941969 1.2308594 1.2261621 1.2289057 1.2261621 1.2095059 0.0000000 1.2201820 1.2289057 1.1905371 1.2035742 
KC244182_Megalocytivirus_pagrus1_RSIV                    0.0673903 0.0263007 0.0697681 0.0000010 0.0263007 0.0673903 0.0671649 0.0064257 0.0021319 0.0632748 0.0021319 0.0696982 1.2201820 0.0000000 0.0632748 0.0697681 0.0697721 
MN432490_Megalocytivirus_pagrus1_ISKNV                   0.0215012 0.0567357 0.0711490 0.0632748 0.0567357 0.0215012 0.0689425 0.0609589 0.0609497 0.0000010 0.0609497 0.0236735 1.2289057 0.0632748 0.0000000 0.0711490 0.0236980 
MG570131_Megalocytivirus_pagrus1_TRBIV                   0.0663628 0.0757030 0.0000010 0.0697681 0.0757030 0.0663628 0.0279640 0.0698894 0.0674501 0.0711490 0.0674501 0.0686366 1.1905371 0.0697681 0.0711490 0.0000000 0.0687084 
MT926123_Megalocytivirus_pagrus1_ISKNV                   0.0021136 0.0657099 0.0687084 0.0697721 0.0657099 0.0021136 0.0619660 0.0698936 0.0674491 0.0236980 0.0674491 0.0042329 1.2035742 0.0697721 0.0236980 0.0687084 0.0000000 
