13
MK637631_European_chub_iridovirus_ECIV                   0.0000000 0.9436458 0.9591725 0.9622538 0.9436458 0.9622538 0.9457229 0.1537259 0.9457229 0.8370823 0.1537259 0.9516446 0.9516446 
ON743042_Megalocytivirus_pagrus1_RSIV                    0.9436458 0.0000000 0.0163828 0.0288799 0.0000010 0.0288799 0.0040244 0.9745946 0.0040244 0.2026836 0.9745946 0.0162367 0.0162367 
GQ273492_Megalocytivirus_pagrus1_TRBIV                   0.9591725 0.0163828 0.0000000 0.0251044 0.0163828 0.0251044 0.0205700 0.9991626 0.0205700 0.1997341 0.9991626 0.0123285 0.0123285 
MT128666_Megalocytivirus_pagrus1_ISKNV                   0.9622538 0.0288799 0.0251044 0.0000000 0.0288799 0.0000010 0.0246475 0.9833547 0.0246475 0.2046960 0.9833547 0.0292229 0.0292229 
ON740976_Megalocytivirus_pagrus1_RSIV                    0.9436458 0.0000010 0.0163828 0.0288799 0.0000000 0.0288799 0.0040244 0.9745946 0.0040244 0.2026836 0.9745946 0.0162367 0.0162367 
MW883600_Megalocytivirus_pagrus1_ISKNV                   0.9622538 0.0288799 0.0251044 0.0000010 0.0288799 0.0000000 0.0246475 0.9833547 0.0246475 0.2046960 0.9833547 0.0292229 0.0292229 
MK098185_Megalocytivirus_pagrus1_RSIV                    0.9457229 0.0040244 0.0205700 0.0246475 0.0040244 0.0246475 0.0000000 0.9611288 0.0000010 0.2018698 0.9611288 0.0203868 0.0203868 
MN562489_Megalocytivirus_lates1_SDDV                     0.1537259 0.9745946 0.9991626 0.9833547 0.9745946 0.9833547 0.9611288 0.0000000 0.9611288 0.9082587 0.0000010 0.9852262 0.9852262 
OL774655_Megalocytivirus_pagrus1_RSIV                    0.9457229 0.0040244 0.0205700 0.0246475 0.0040244 0.0246475 0.0000010 0.9611288 0.0000000 0.2018698 0.9611288 0.0203868 0.0203868 
PQ335173_PQ335174_Threespine_stickleback_iridovirus_TSIV 0.8370823 0.2026836 0.1997341 0.2046960 0.2026836 0.2046960 0.2018698 0.9082587 0.2018698 0.0000000 0.9082587 0.1967660 0.1967660 
MT521409_Megalocytivirus_lates1_SDDV                     0.1537259 0.9745946 0.9991626 0.9833547 0.9745946 0.9833547 0.9611288 0.0000010 0.9611288 0.9082587 0.0000000 0.9852262 0.9852262 
MG570132_Megalocytivirus_pagrus1_TRBIV                   0.9516446 0.0162367 0.0123285 0.0292229 0.0162367 0.0292229 0.0203868 0.9852262 0.0203868 0.1967660 0.9852262 0.0000000 0.0000010 
MG570131_Megalocytivirus_pagrus1_TRBIV                   0.9516446 0.0162367 0.0123285 0.0292229 0.0162367 0.0292229 0.0203868 0.9852262 0.0203868 0.1967660 0.9852262 0.0000010 0.0000000 
