16
AF371960_AF371960.1_00076 0.0000000 0.0771954 0.0681761 0.0849465 0.0738128 0.0771954 0.0920070 0.0920070 0.0681761 0.0000010 0.0151878 0.0121355 0.0774821 0.0749263 0.0151878 0.0702526 
AY894343_MK689686.1_00073 0.0771954 0.0000000 0.0118291 0.0525200 0.0029135 0.0000010 0.0632023 0.0632023 0.0118291 0.0771954 0.0655140 0.0623447 0.0058602 0.0058841 0.0655140 0.0301506 
BD143114_MK689686.1_00073 0.0681761 0.0118291 0.0000000 0.0529902 0.0088491 0.0118291 0.0637904 0.0637904 0.0000010 0.0681761 0.0566849 0.0534988 0.0118669 0.0058542 0.0566849 0.0304051 
GQ273492_GQ273492.1_00072 0.0849465 0.0525200 0.0529902 0.0000000 0.0493111 0.0525200 0.0399197 0.0399197 0.0529902 0.0849465 0.0728742 0.0696550 0.0497791 0.0594767 0.0728742 0.0208698 
KC244182_MK689686.1_00073 0.0738128 0.0029135 0.0088491 0.0493111 0.0000000 0.0029135 0.0598965 0.0598965 0.0088491 0.0738128 0.0622519 0.0590900 0.0029226 0.0088507 0.0622519 0.0270672 
KT804738_MK689686.1_00073 0.0771954 0.0000010 0.0118291 0.0525200 0.0029135 0.0000000 0.0632023 0.0632023 0.0118291 0.0771954 0.0655140 0.0623447 0.0058602 0.0058841 0.0655140 0.0301506 
MG570131_MG570131.1_00072 0.0920070 0.0632023 0.0637904 0.0399197 0.0598965 0.0632023 0.0000000 0.0000010 0.0637904 0.0920070 0.0796737 0.0764371 0.0634310 0.0704655 0.0796737 0.0433266 
MG570132_MG570132.1_00072 0.0920070 0.0632023 0.0637904 0.0399197 0.0598965 0.0632023 0.0000010 0.0000000 0.0637904 0.0920070 0.0796737 0.0764371 0.0634310 0.0704655 0.0796737 0.0433266 
MK098185_MK689686.1_00073 0.0681761 0.0118291 0.0000010 0.0529902 0.0088491 0.0118291 0.0637904 0.0637904 0.0000000 0.0681761 0.0566849 0.0534988 0.0118669 0.0058542 0.0566849 0.0304051 
MK689685_AF371960.1_00076 0.0000010 0.0771954 0.0681761 0.0849465 0.0738128 0.0771954 0.0920070 0.0920070 0.0681761 0.0000000 0.0151878 0.0121355 0.0774821 0.0749263 0.0151878 0.0702526 
MN432490_AF371960.1_00076 0.0151878 0.0655140 0.0566849 0.0728742 0.0622519 0.0655140 0.0796737 0.0796737 0.0566849 0.0151878 0.0000000 0.0029389 0.0657483 0.0632096 0.0000010 0.0588483 
MT986830_AF371960.1_00076 0.0121355 0.0623447 0.0534988 0.0696550 0.0590900 0.0623447 0.0764371 0.0764371 0.0534988 0.0121355 0.0029389 0.0000000 0.0625668 0.0600115 0.0029389 0.0557032 
OK042109_MK689686.1_00073 0.0774821 0.0058602 0.0118669 0.0497791 0.0029226 0.0058602 0.0634310 0.0634310 0.0118669 0.0774821 0.0657483 0.0625668 0.0000000 0.0118692 0.0657483 0.0273136 
ON740976_MK689686.1_00073 0.0749263 0.0058841 0.0058542 0.0594767 0.0088507 0.0058841 0.0704655 0.0704655 0.0058542 0.0749263 0.0632096 0.0600115 0.0118692 0.0000000 0.0632096 0.0366527 
OP009387_AF371960.1_00076 0.0151878 0.0655140 0.0566849 0.0728742 0.0622519 0.0655140 0.0796737 0.0796737 0.0566849 0.0151878 0.0000010 0.0029389 0.0657483 0.0632096 0.0000000 0.0588483 
OQ475017_OQ475017.1_00072 0.0702526 0.0301506 0.0304051 0.0208698 0.0270672 0.0301506 0.0433266 0.0433266 0.0304051 0.0702526 0.0588483 0.0557032 0.0273136 0.0366527 0.0588483 0.0000000 
