15
MW883593_Megalocytivirus_pagrus1_ISKNV 0.0000000 0.0837098 0.0136274 0.0783163 0.0837098 0.0000010 0.0136274 0.0745399 0.0745399 0.0875722 0.0783163 0.0915948 0.1161295 0.0915948 0.0033844 
OK042108_Megalocytivirus_pagrus1_RSIV  0.0837098 0.0000000 0.0761209 0.0133993 0.0000010 0.0837098 0.0761209 0.0100342 0.0100342 0.0032905 0.0133993 0.0500845 0.0864334 0.0500845 0.0881048 
MW883595_Megalocytivirus_pagrus1_ISKNV 0.0136274 0.0761209 0.0000000 0.0723284 0.0761209 0.0136274 0.0000010 0.0684873 0.0684873 0.0799868 0.0723284 0.0856948 0.1185665 0.0856948 0.0171381 
OL774654_Megalocytivirus_pagrus1_RSIV  0.0783163 0.0133993 0.0723284 0.0000000 0.0133993 0.0783163 0.0723284 0.0032989 0.0032989 0.0167738 0.0000010 0.0499680 0.0862073 0.0499680 0.0825778 
ON075463_Megalocytivirus_pagrus1_RSIV  0.0837098 0.0000010 0.0761209 0.0133993 0.0000000 0.0837098 0.0761209 0.0100342 0.0100342 0.0032905 0.0133993 0.0500845 0.0864334 0.0500845 0.0881048 
MW883606_Megalocytivirus_pagrus1_ISKNV 0.0000010 0.0837098 0.0136274 0.0783163 0.0837098 0.0000000 0.0136274 0.0745399 0.0745399 0.0875722 0.0783163 0.0915948 0.1161295 0.0915948 0.0033844 
MN432490_Megalocytivirus_pagrus1_ISKNV 0.0136274 0.0761209 0.0000010 0.0723284 0.0761209 0.0136274 0.0000000 0.0684873 0.0684873 0.0799868 0.0723284 0.0856948 0.1185665 0.0856948 0.0171381 
OQ475017_Megalocytivirus_pagrus1_RSIV  0.0745399 0.0100342 0.0684873 0.0032989 0.0100342 0.0745399 0.0684873 0.0000000 0.0000010 0.0133993 0.0032989 0.0463419 0.0824041 0.0463419 0.0787734 
AB104413_Megalocytivirus_pagrus1_RSIV  0.0745399 0.0100342 0.0684873 0.0032989 0.0100342 0.0745399 0.0684873 0.0000010 0.0000000 0.0133993 0.0032989 0.0463419 0.0824041 0.0463419 0.0787734 
AP017456_Megalocytivirus_pagrus1_RSIV  0.0875722 0.0032905 0.0799868 0.0167738 0.0032905 0.0875722 0.0799868 0.0133993 0.0133993 0.0000000 0.0167738 0.0537272 0.0902515 0.0537272 0.0919970 
MW139932_Megalocytivirus_pagrus1_RSIV  0.0783163 0.0133993 0.0723284 0.0000010 0.0133993 0.0783163 0.0723284 0.0032989 0.0032989 0.0167738 0.0000000 0.0499680 0.0862073 0.0499680 0.0825778 
MG570131_Megalocytivirus_pagrus1_TRBIV 0.0915948 0.0500845 0.0856948 0.0499680 0.0500845 0.0915948 0.0856948 0.0463419 0.0463419 0.0537272 0.0499680 0.0000000 0.0696467 0.0000010 0.0960580 
GQ273492_Megalocytivirus_pagrus1_TRBIV 0.1161295 0.0864334 0.1185665 0.0862073 0.0864334 0.1161295 0.1185665 0.0824041 0.0824041 0.0902515 0.0862073 0.0696467 0.0000000 0.0696467 0.1208378 
MG570132_Megalocytivirus_pagrus1_TRBIV 0.0915948 0.0500845 0.0856948 0.0499680 0.0500845 0.0915948 0.0856948 0.0463419 0.0463419 0.0537272 0.0499680 0.0000010 0.0696467 0.0000000 0.0960580 
MW883599_Megalocytivirus_pagrus1_ISKNV 0.0033844 0.0881048 0.0171381 0.0825778 0.0881048 0.0033844 0.0171381 0.0787734 0.0787734 0.0919970 0.0825778 0.0960580 0.1208378 0.0960580 0.0000000 
