20
MK637631_European_chub_iridovirus_ECIV                   0.0000000 1.0554201 1.0582758 1.0539241 1.0554201 1.0561783 1.0539241 0.4717401 1.0569528 1.0569528 1.0537057 1.0582758 1.0537057 1.1321643 0.4717401 1.0459837 1.0468349 1.0544605 1.0468349 1.0544605 
MK098186_Megalocytivirus_pagrus1_RSIV                    1.0554201 0.0000000 0.0284296 0.0263865 0.0000010 0.0060048 0.0263865 1.0468383 0.0039995 0.0039995 0.0284807 0.0284296 0.0284807 0.3231274 1.0468383 0.0264503 0.0264545 0.0284685 0.0264545 0.0284685 
OP009387_Megalocytivirus_pagrus1_ISKNV                   1.0582758 0.0284296 0.0000000 0.0019959 0.0284296 0.0222551 0.0019959 1.0546502 0.0243028 0.0243028 0.0040009 0.0000010 0.0040009 0.3201227 1.0546502 0.0243991 0.0182067 0.0039991 0.0182067 0.0039991 
MW883603_Megalocytivirus_pagrus1_ISKNV                   1.0539241 0.0263865 0.0019959 0.0000000 0.0263865 0.0202224 0.0000010 1.0503039 0.0222670 0.0222670 0.0019995 0.0019959 0.0019995 0.3174775 1.0503039 0.0223552 0.0161760 0.0019986 0.0161760 0.0019986 
MK098187_Megalocytivirus_pagrus1_RSIV                    1.0554201 0.0000010 0.0284296 0.0263865 0.0000000 0.0060048 0.0263865 1.0468383 0.0039995 0.0039995 0.0284807 0.0284296 0.0284807 0.3231274 1.0468383 0.0264503 0.0264545 0.0284685 0.0264545 0.0284685 
MW883598_Megalocytivirus_pagrus1_RSIV                    1.0561783 0.0060048 0.0222551 0.0202224 0.0060048 0.0000000 0.0202224 1.0542694 0.0019963 0.0019963 0.0222951 0.0222551 0.0222951 0.3255030 1.0542694 0.0202712 0.0202746 0.0222854 0.0202746 0.0222854 
OR356116_Megalocytivirus_pagrus1_ISKNV                   1.0539241 0.0263865 0.0019959 0.0000010 0.0263865 0.0202224 0.0000000 1.0503039 0.0222670 0.0222670 0.0019995 0.0019959 0.0019995 0.3174775 1.0503039 0.0223552 0.0161760 0.0019986 0.0161760 0.0019986 
MN562489_Megalocytivirus_lates1_SDDV                     0.4717401 1.0468383 1.0546502 1.0503039 1.0468383 1.0542694 1.0503039 0.0000000 1.0483704 1.0483704 1.0567271 1.0546502 1.0567271 1.0856185 0.0000010 1.0449033 1.0366633 1.0430179 1.0366633 1.0430179 
OL774653_Megalocytivirus_pagrus1_RSIV                    1.0569528 0.0039995 0.0243028 0.0222670 0.0039995 0.0019963 0.0222670 1.0483704 0.0000000 0.0000010 0.0243464 0.0243028 0.0243464 0.3226048 1.0483704 0.0223208 0.0223245 0.0243359 0.0223245 0.0243359 
MW139932_Megalocytivirus_pagrus1_RSIV                    1.0569528 0.0039995 0.0243028 0.0222670 0.0039995 0.0019963 0.0222670 1.0483704 0.0000010 0.0000000 0.0243464 0.0243028 0.0243464 0.3226048 1.0483704 0.0223208 0.0223245 0.0243359 0.0223245 0.0243359 
MT128666_Megalocytivirus_pagrus1_ISKNV                   1.0537057 0.0284807 0.0040009 0.0019995 0.0284807 0.0222951 0.0019995 1.0567271 0.0243464 0.0243464 0.0000000 0.0040009 0.0000010 0.3207401 1.0567271 0.0244431 0.0182394 0.0040063 0.0182394 0.0040063 
MT986830_Megalocytivirus_pagrus1_ISKNV                   1.0582758 0.0284296 0.0000010 0.0019959 0.0284296 0.0222551 0.0019959 1.0546502 0.0243028 0.0243028 0.0040009 0.0000000 0.0040009 0.3201227 1.0546502 0.0243991 0.0182067 0.0039991 0.0182067 0.0039991 
MT128667_Megalocytivirus_pagrus1_ISKNV                   1.0537057 0.0284807 0.0040009 0.0019995 0.0284807 0.0222951 0.0019995 1.0567271 0.0243464 0.0243464 0.0000010 0.0040009 0.0000000 0.3207401 1.0567271 0.0244431 0.0182394 0.0040063 0.0182394 0.0040063 
PQ335173_PQ335174_Threespine_stickleback_iridovirus_TSIV 1.1321643 0.3231274 0.3201227 0.3174775 0.3231274 0.3255030 0.3174775 1.0856185 0.3226048 0.3226048 0.3207401 0.3201227 0.3207401 0.0000000 1.0856185 0.3180537 0.3179981 0.3185223 0.3179981 0.3185223 
MT521409_Megalocytivirus_lates1_SDDV                     0.4717401 1.0468383 1.0546502 1.0503039 1.0468383 1.0542694 1.0503039 0.0000010 1.0483704 1.0483704 1.0567271 1.0546502 1.0567271 1.0856185 0.0000000 1.0449033 1.0366633 1.0430179 1.0366633 1.0430179 
GQ273492_Megalocytivirus_pagrus1_TRBIV                   1.0459837 0.0264503 0.0243991 0.0223552 0.0264503 0.0202712 0.0223552 1.0449033 0.0223208 0.0223208 0.0244431 0.0243991 0.0244431 0.3180537 1.0449033 0.0000000 0.0162412 0.0244325 0.0162412 0.0244325 
MG570132_Megalocytivirus_pagrus1_TRBIV                   1.0468349 0.0264545 0.0182067 0.0161760 0.0264545 0.0202746 0.0161760 1.0366633 0.0223245 0.0223245 0.0182394 0.0182067 0.0182394 0.3179981 1.0366633 0.0162412 0.0000000 0.0182314 0.0000010 0.0182314 
MW883599_Megalocytivirus_pagrus1_ISKNV                   1.0544605 0.0284685 0.0039991 0.0019986 0.0284685 0.0222854 0.0019986 1.0430179 0.0243359 0.0243359 0.0040063 0.0039991 0.0040063 0.3185223 1.0430179 0.0244325 0.0182314 0.0000000 0.0182314 0.0000010 
MG570131_Megalocytivirus_pagrus1_TRBIV                   1.0468349 0.0264545 0.0182067 0.0161760 0.0264545 0.0202746 0.0161760 1.0366633 0.0223245 0.0223245 0.0182394 0.0182067 0.0182394 0.3179981 1.0366633 0.0162412 0.0000010 0.0182314 0.0000000 0.0182314 
MW883601_Megalocytivirus_pagrus1_ISKNV                   1.0544605 0.0284685 0.0039991 0.0019986 0.0284685 0.0222854 0.0019986 1.0430179 0.0243359 0.0243359 0.0040063 0.0039991 0.0040063 0.3185223 1.0430179 0.0244325 0.0182314 0.0000010 0.0182314 0.0000000 
