19
MK098186_Megalocytivirus_pagrus1_RSIV                    0.0000000 0.0283864 0.0263475 0.0000010 0.0060037 0.0263475 0.9896419 0.0039991 0.0039991 0.0284333 0.0283864 0.0284333 0.3172466 0.9896419 0.0264129 0.0264115 0.0284223 0.0264115 0.0284223 
OP009387_Megalocytivirus_pagrus1_ISKNV                   0.0283864 0.0000000 0.0019960 0.0283864 0.0222269 0.0019960 0.9967452 0.0242700 0.0242700 0.0040002 0.0000010 0.0040002 0.3143138 0.9967452 0.0243626 0.0181864 0.0039986 0.0181864 0.0039986 
MW883603_Megalocytivirus_pagrus1_ISKNV                   0.0263475 0.0019960 0.0000000 0.0263475 0.0201975 0.0000010 0.9927130 0.0222379 0.0222379 0.0019993 0.0019960 0.0019993 0.3117134 0.9927130 0.0223227 0.0161587 0.0019984 0.0161587 0.0019984 
MK098187_Megalocytivirus_pagrus1_RSIV                    0.0000010 0.0283864 0.0263475 0.0000000 0.0060037 0.0263475 0.9896419 0.0039991 0.0039991 0.0284333 0.0283864 0.0284333 0.3172466 0.9896419 0.0264129 0.0264115 0.0284223 0.0264115 0.0284223 
MW883598_Megalocytivirus_pagrus1_RSIV                    0.0060037 0.0222269 0.0201975 0.0060037 0.0000000 0.0201975 0.9964000 0.0019962 0.0019962 0.0222636 0.0222269 0.0222636 0.3195781 0.9964000 0.0202475 0.0202467 0.0222548 0.0202467 0.0222548 
OR356116_Megalocytivirus_pagrus1_ISKNV                   0.0263475 0.0019960 0.0000010 0.0263475 0.0201975 0.0000000 0.9927130 0.0222379 0.0222379 0.0019993 0.0019960 0.0019993 0.3117134 0.9927130 0.0223227 0.0161587 0.0019984 0.0161587 0.0019984 
MN562489_Megalocytivirus_lates1_SDDV                     0.9896419 0.9967452 0.9927130 0.9896419 0.9964000 0.9927130 0.0000000 0.9910958 0.9910958 0.9986268 0.9967452 0.9986268 1.0249514 0.0000010 0.9878183 0.9801262 0.9860837 0.9801262 0.9860837 
OL774653_Megalocytivirus_pagrus1_RSIV                    0.0039991 0.0242700 0.0222379 0.0039991 0.0019962 0.0222379 0.9910958 0.0000000 0.0000010 0.0243100 0.0242700 0.0243100 0.3167592 0.9910958 0.0222929 0.0222919 0.0243005 0.0222919 0.0243005 
MW139932_Megalocytivirus_pagrus1_RSIV                    0.0039991 0.0242700 0.0222379 0.0039991 0.0019962 0.0222379 0.9910958 0.0000010 0.0000000 0.0243100 0.0242700 0.0243100 0.3167592 0.9910958 0.0222929 0.0222919 0.0243005 0.0222919 0.0243005 
MT128666_Megalocytivirus_pagrus1_ISKNV                   0.0284333 0.0040002 0.0019993 0.0284333 0.0222636 0.0019993 0.9986268 0.0243100 0.0243100 0.0000000 0.0040002 0.0000010 0.3148689 0.9986268 0.0244029 0.0182165 0.0040052 0.0182165 0.0040052 
MT986830_Megalocytivirus_pagrus1_ISKNV                   0.0283864 0.0000010 0.0019960 0.0283864 0.0222269 0.0019960 0.9967452 0.0242700 0.0242700 0.0040002 0.0000000 0.0040002 0.3143138 0.9967452 0.0243626 0.0181864 0.0039986 0.0181864 0.0039986 
MT128667_Megalocytivirus_pagrus1_ISKNV                   0.0284333 0.0040002 0.0019993 0.0284333 0.0222636 0.0019993 0.9986268 0.0243100 0.0243100 0.0000010 0.0040002 0.0000000 0.3148689 0.9986268 0.0244029 0.0182165 0.0040052 0.0182165 0.0040052 
PQ335173_PQ335174_Threespine_stickleback_iridovirus_TSIV 0.3172466 0.3143138 0.3117134 0.3172466 0.3195781 0.3117134 1.0249514 0.3167592 0.3167592 0.3148689 0.3143138 0.3148689 0.0000000 1.0249514 0.3122771 0.3121686 0.3126481 0.3121686 0.3126481 
MT521409_Megalocytivirus_lates1_SDDV                     0.9896419 0.9967452 0.9927130 0.9896419 0.9964000 0.9927130 0.0000010 0.9910958 0.9910958 0.9986268 0.9967452 0.9986268 1.0249514 0.0000000 0.9878183 0.9801262 0.9860837 0.9801262 0.9860837 
GQ273492_Megalocytivirus_pagrus1_TRBIV                   0.0264129 0.0243626 0.0223227 0.0264129 0.0202475 0.0223227 0.9878183 0.0222929 0.0222929 0.0244029 0.0243626 0.0244029 0.3122771 0.9878183 0.0000000 0.0162197 0.0243933 0.0162197 0.0243933 
MG570132_Megalocytivirus_pagrus1_TRBIV                   0.0264115 0.0181864 0.0161587 0.0264115 0.0202467 0.0161587 0.9801262 0.0222919 0.0222919 0.0182165 0.0181864 0.0182165 0.3121686 0.9801262 0.0162197 0.0000000 0.0182092 0.0000010 0.0182092 
MW883599_Megalocytivirus_pagrus1_ISKNV                   0.0284223 0.0039986 0.0019984 0.0284223 0.0222548 0.0019984 0.9860837 0.0243005 0.0243005 0.0040052 0.0039986 0.0040052 0.3126481 0.9860837 0.0243933 0.0182092 0.0000000 0.0182092 0.0000010 
MG570131_Megalocytivirus_pagrus1_TRBIV                   0.0264115 0.0181864 0.0161587 0.0264115 0.0202467 0.0161587 0.9801262 0.0222919 0.0222919 0.0182165 0.0181864 0.0182165 0.3121686 0.9801262 0.0162197 0.0000010 0.0182092 0.0000000 0.0182092 
MW883601_Megalocytivirus_pagrus1_ISKNV                   0.0284223 0.0039986 0.0019984 0.0284223 0.0222548 0.0019984 0.9860837 0.0243005 0.0243005 0.0040052 0.0039986 0.0040052 0.3126481 0.9860837 0.0243933 0.0182092 0.0000010 0.0182092 0.0000000 
