27
MK637631_European_chub_iridovirus_ECIV                   0.0000000 2.0158252 2.0358164 0.7038103 2.0385672 2.0789154 2.0158252 2.1096613 0.7038103 2.0789154 2.0922388 2.0311480 2.1096613 2.0010313 2.0385672 2.0936058 2.0212753 2.0346616 2.0322942 2.1271167 2.0346616 2.0322942 2.0136697 2.0212753 2.1327299 2.0311480 1.9995639 
MW883600_Megalocytivirus_pagrus1_ISKNV                   2.0158252 0.0000000 0.0108990 2.0825371 0.0163908 0.0307481 0.0000010 0.0457246 2.0825371 0.0307481 0.0428434 0.0136590 0.0457246 0.0026987 0.0163908 0.0363917 0.0027172 0.0632452 0.0027040 0.6716460 0.0632452 0.0027040 0.0000010 0.0027172 0.0293781 0.0136590 0.0657935 
OP009387_Megalocytivirus_pagrus1_ISKNV                   2.0358164 0.0108990 0.0000000 2.0575628 0.0053810 0.0365624 0.0108990 0.0517462 2.0575628 0.0365624 0.0488447 0.0026906 0.0517462 0.0136554 0.0053810 0.0422479 0.0137470 0.0628956 0.0136821 0.6816669 0.0628956 0.0136821 0.0109123 0.0137470 0.0385641 0.0026906 0.0654312 
OM037668_Megalocytivirus_lates1_SDDV                     0.7038103 2.0825371 2.0575628 0.0000000 2.0421797 2.1036237 2.0825371 2.1276412 0.0000010 2.1036237 2.1506152 2.0580258 2.1276412 2.0670788 2.0421797 2.0941107 2.0881602 2.1244369 2.0898937 2.0663464 2.1244369 2.0898937 2.0805779 2.0881602 2.2024702 2.0580258 2.0835322 
MN432490_Megalocytivirus_pagrus1_ISKNV                   2.0385672 0.0163908 0.0053810 2.0421797 0.0000000 0.0307857 0.0163908 0.0457812 2.0421797 0.0307857 0.0428965 0.0080922 0.0457812 0.0191670 0.0000010 0.0364361 0.0192936 0.0568944 0.0192041 0.6768797 0.0568944 0.0192041 0.0164110 0.0192936 0.0324611 0.0080922 0.0594414 
OK042108_Megalocytivirus_pagrus1_RSIV                    2.0789154 0.0307481 0.0365624 2.1036237 0.0307857 0.0000000 0.0307481 0.0136162 2.1036237 0.0000010 0.0163878 0.0394736 0.0136162 0.0336190 0.0307857 0.0053292 0.0338363 0.0539286 0.0336835 0.6707467 0.0539286 0.0336835 0.0307873 0.0338363 0.0000010 0.0394736 0.0564809 
KT781098_Megalocytivirus_pagrus1_ISKNV                   2.0158252 0.0000010 0.0108990 2.0825371 0.0163908 0.0307481 0.0000000 0.0457246 2.0825371 0.0307481 0.0428434 0.0136590 0.0457246 0.0026987 0.0163908 0.0363917 0.0027172 0.0632452 0.0027040 0.6716460 0.0632452 0.0027040 0.0000010 0.0027172 0.0293781 0.0136590 0.0657935 
ON075463_Megalocytivirus_pagrus1_RSIV                    2.1096613 0.0457246 0.0517462 2.1276412 0.0457812 0.0136162 0.0457246 0.0000000 2.1276412 0.0136162 0.0080253 0.0547527 0.0000010 0.0486877 0.0457812 0.0081259 0.0489950 0.0695995 0.0487801 0.6665978 0.0695995 0.0487801 0.0457848 0.0489950 0.0143352 0.0547527 0.0721386 
MN562489_Megalocytivirus_lates1_SDDV                     0.7038103 2.0825371 2.0575628 0.0000010 2.0421797 2.1036237 2.0825371 2.1276412 0.0000000 2.1036237 2.1506152 2.0580258 2.1276412 2.0670788 2.0421797 2.0941107 2.0881602 2.1244369 2.0898937 2.0663464 2.1244369 2.0898937 2.0805779 2.0881602 2.2024702 2.0580258 2.0835322 
OL774653_Megalocytivirus_pagrus1_RSIV                    2.0789154 0.0307481 0.0365624 2.1036237 0.0307857 0.0000010 0.0307481 0.0136162 2.1036237 0.0000000 0.0163878 0.0394736 0.0136162 0.0336190 0.0307857 0.0053292 0.0338363 0.0539286 0.0336835 0.6707467 0.0539286 0.0336835 0.0307873 0.0338363 0.0000010 0.0394736 0.0564809 
MW883598_Megalocytivirus_pagrus1_RSIV                    2.0922388 0.0428434 0.0488447 2.1506152 0.0428965 0.0163878 0.0428434 0.0080253 2.1506152 0.0163878 0.0000000 0.0518424 0.0080253 0.0457983 0.0428965 0.0163941 0.0460897 0.0727029 0.0458857 0.6765616 0.0727029 0.0458857 0.0428996 0.0460897 0.0172550 0.0518424 0.0752371 
PP151097_Megalocytivirus_pagrus1_ISKNV                   2.0311480 0.0136590 0.0026906 2.0580258 0.0080922 0.0394736 0.0136590 0.0547527 2.0580258 0.0394736 0.0518424 0.0000000 0.0547527 0.0164300 0.0080922 0.0451771 0.0165385 0.0659223 0.0164609 0.6822108 0.0659223 0.0164609 0.0136758 0.0165385 0.0416412 0.0000010 0.0655486 
KC244182_Megalocytivirus_pagrus1_RSIV                    2.1096613 0.0457246 0.0517462 2.1276412 0.0457812 0.0136162 0.0457246 0.0000010 2.1276412 0.0136162 0.0080253 0.0547527 0.0000000 0.0486877 0.0457812 0.0081259 0.0489950 0.0695995 0.0487801 0.6665978 0.0695995 0.0487801 0.0457848 0.0489950 0.0143352 0.0547527 0.0721386 
OR670976_Megalocytivirus_pagrus1_ISKNV                   2.0010313 0.0026987 0.0136554 2.0670788 0.0191670 0.0336190 0.0026987 0.0486877 2.0670788 0.0336190 0.0457983 0.0164300 0.0486877 0.0000000 0.0191670 0.0392793 0.0054467 0.0662743 0.0054205 0.6779583 0.0662743 0.0054205 0.0000010 0.0054467 0.0323932 0.0164300 0.0688170 
MW883595_Megalocytivirus_pagrus1_ISKNV                   2.0385672 0.0163908 0.0053810 2.0421797 0.0000010 0.0307857 0.0163908 0.0457812 2.0421797 0.0307857 0.0428965 0.0080922 0.0457812 0.0191670 0.0000000 0.0364361 0.0192936 0.0568944 0.0192041 0.6768797 0.0568944 0.0192041 0.0164110 0.0192936 0.0324611 0.0080922 0.0594414 
ON740976_Megalocytivirus_pagrus1_RSIV                    2.0936058 0.0363917 0.0422479 2.0941107 0.0364361 0.0053292 0.0363917 0.0081259 2.0941107 0.0053292 0.0163941 0.0451771 0.0081259 0.0392793 0.0364361 0.0000000 0.0395295 0.0596933 0.0393540 0.6723632 0.0596933 0.0393540 0.0364383 0.0395295 0.0056041 0.0451771 0.0622263 
MW883597_Megalocytivirus_pagrus1_ISKNV                   2.0212753 0.0027172 0.0137470 2.0881602 0.0192936 0.0338363 0.0027172 0.0489950 2.0881602 0.0338363 0.0460897 0.0165385 0.0489950 0.0054467 0.0192936 0.0395295 0.0000000 0.0666761 0.0054575 0.6719094 0.0666761 0.0054575 0.0027205 0.0000010 0.0326144 0.0165385 0.0692298 
MG570131_Megalocytivirus_pagrus1_TRBIV                   2.0346616 0.0632452 0.0628956 2.1244369 0.0568944 0.0539286 0.0632452 0.0695995 2.1244369 0.0539286 0.0727029 0.0659223 0.0695995 0.0662743 0.0568944 0.0596933 0.0666761 0.0000000 0.0663966 0.6485635 0.0000010 0.0663966 0.0633303 0.0666761 0.0569204 0.0659223 0.0106706 
MW883594_Megalocytivirus_pagrus1_ISKNV                   2.0322942 0.0027040 0.0136821 2.0898937 0.0192041 0.0336835 0.0027040 0.0487801 2.0898937 0.0336835 0.0458857 0.0164609 0.0487801 0.0054205 0.0192041 0.0393540 0.0054575 0.0663966 0.0000000 0.6722324 0.0663966 0.0000010 0.0027073 0.0054575 0.0324588 0.0164609 0.0689429 
PQ335173_PQ335174_Threespine_stickleback_iridovirus_TSIV 2.1271167 0.6716460 0.6816669 2.0663464 0.6768797 0.6707467 0.6716460 0.6665978 2.0663464 0.6707467 0.6765616 0.6822108 0.6665978 0.6779583 0.6768797 0.6723632 0.6719094 0.6485635 0.6722324 0.0000000 0.6485635 0.6722324 0.6735505 0.6719094 0.6804302 0.6822108 0.6313778 
MG570132_Megalocytivirus_pagrus1_TRBIV                   2.0346616 0.0632452 0.0628956 2.1244369 0.0568944 0.0539286 0.0632452 0.0695995 2.1244369 0.0539286 0.0727029 0.0659223 0.0695995 0.0662743 0.0568944 0.0596933 0.0666761 0.0000010 0.0663966 0.6485635 0.0000000 0.0663966 0.0633303 0.0666761 0.0569204 0.0659223 0.0106706 
23043610005_Megalocytivirus_pagrus1_ISKNV                2.0322942 0.0027040 0.0136821 2.0898937 0.0192041 0.0336835 0.0027040 0.0487801 2.0898937 0.0336835 0.0458857 0.0164609 0.0487801 0.0054205 0.0192041 0.0393540 0.0054575 0.0663966 0.0000010 0.6722324 0.0663966 0.0000000 0.0027073 0.0054575 0.0324588 0.0164609 0.0689429 
OQ513807_Megalocytivirus_pagrus1_ISKNV                   2.0136697 0.0000010 0.0109123 2.0805779 0.0164110 0.0307873 0.0000010 0.0457848 2.0805779 0.0307873 0.0428996 0.0136758 0.0457848 0.0000010 0.0164110 0.0364383 0.0027205 0.0633303 0.0027073 0.6735505 0.0633303 0.0027073 0.0000000 0.0027205 0.0294173 0.0136758 0.0658819 
MW883596_Megalocytivirus_pagrus1_ISKNV                   2.0212753 0.0027172 0.0137470 2.0881602 0.0192936 0.0338363 0.0027172 0.0489950 2.0881602 0.0338363 0.0460897 0.0165385 0.0489950 0.0054467 0.0192936 0.0395295 0.0000010 0.0666761 0.0054575 0.6719094 0.0666761 0.0054575 0.0027205 0.0000000 0.0326144 0.0165385 0.0692298 
OQ475017_Megalocytivirus_pagrus1_RSIV                    2.1327299 0.0293781 0.0385641 2.2024702 0.0324611 0.0000010 0.0293781 0.0143352 2.2024702 0.0000010 0.0172550 0.0416412 0.0143352 0.0323932 0.0324611 0.0056041 0.0326144 0.0569204 0.0324588 0.6804302 0.0569204 0.0324588 0.0294173 0.0326144 0.0000000 0.0416412 0.0596024 
PP974677_Megalocytivirus_pagrus1_ISKNV                   2.0311480 0.0136590 0.0026906 2.0580258 0.0080922 0.0394736 0.0136590 0.0547527 2.0580258 0.0394736 0.0518424 0.0000010 0.0547527 0.0164300 0.0080922 0.0451771 0.0165385 0.0659223 0.0164609 0.6822108 0.0659223 0.0164609 0.0136758 0.0165385 0.0416412 0.0000000 0.0655486 
GQ273492_Megalocytivirus_pagrus1_TRBIV                   1.9995639 0.0657935 0.0654312 2.0835322 0.0594414 0.0564809 0.0657935 0.0721386 2.0835322 0.0564809 0.0752371 0.0655486 0.0721386 0.0688170 0.0594414 0.0622263 0.0692298 0.0106706 0.0689429 0.6313778 0.0106706 0.0689429 0.0658819 0.0692298 0.0596024 0.0655486 0.0000000 
