22
MW883598_Megalocytivirus_pagrus1_RSIV                    0.0000000 0.0311491 0.0311491 0.0000010 3.4232032 2.7914569 0.0149572 2.1557400 0.0150404 0.0472283 1.7172429 2.6444184 0.0000010 2.7921943 2.1731815 2.9599902 0.0149572 1.7172429 0.5666431 3.7474003 3.5003377 2.4909936 
MT986830_Megalocytivirus_pagrus1_ISKNV                   0.0311491 0.0000000 0.0000010 0.0311491 3.7456657 2.9035489 0.0471889 2.1775996 0.0474701 0.0136120 1.8534198 2.6670259 0.0431560 3.0590704 2.3727753 3.2375553 0.0757791 1.8534198 0.5595165 3.6036991 3.9413509 2.3627962 
MW883593_Megalocytivirus_pagrus1_ISKNV                   0.0311491 0.0000010 0.0000000 0.0311491 3.7456657 2.9035489 0.0471889 2.1775996 0.0474701 0.0136120 1.8534198 2.6670259 0.0431560 3.0590704 2.3727753 3.2375553 0.0757791 1.8534198 0.5595165 3.6036991 3.9413509 2.3627962 
MK098186_Megalocytivirus_pagrus1_RSIV                    0.0000010 0.0311491 0.0311491 0.0000000 3.4232032 2.7914569 0.0149572 2.1557400 0.0150404 0.0472283 1.7172429 2.6444184 0.0000010 2.7921943 2.1731815 2.9599902 0.0149572 1.7172429 0.5666431 3.7474003 3.5003377 2.4909936 
MN803438_Lymphocystivirus_micropogonias1_n/a             3.4232032 3.7456657 3.7456657 3.4232032 0.0000000 1.9398207 3.3808718 3.4967986 3.2962264 3.8081907 3.5287583 2.4930894 3.8237193 2.6740887 2.2892666 0.1329970 4.1290105 3.5287583 3.4922335 3.9948747 2.4272658 3.0676435 
MF599468_Decapodiridovirus_litopenaeus1_n/a              2.7914569 2.9035489 2.9035489 2.7914569 1.9398207 0.0000000 2.7557842 1.6501192 2.8312658 2.8483834 3.7411561 2.2258759 3.0376982 1.3649719 1.3756143 1.7972463 3.2730153 3.7411561 3.8612135 3.4916492 2.3049103 1.9786450 
MG570132_Megalocytivirus_pagrus1_TRBIV                   0.0149572 0.0471889 0.0471889 0.0149572 3.3808718 2.7557842 0.0000000 2.1557400 0.0303852 0.0635977 1.6924393 2.6102253 0.0149572 2.7563299 2.1453483 2.9225221 0.0000010 1.6924393 0.5556240 3.6997794 3.5754325 2.4909936 
HF920637_Iridovirus_armadillidium1_n/a                   2.1557400 2.1775996 2.1775996 2.1557400 3.4967986 1.6501192 2.1557400 0.0000000 2.1845228 2.1356674 3.6996448 2.0713345 2.1437835 1.3032361 1.0730879 2.9617078 2.3211219 3.6996448 2.5103459 3.5954116 2.8284514 0.5748784 
GQ273492_Megalocytivirus_pagrus1_TRBIV                   0.0150404 0.0474701 0.0474701 0.0150404 3.2962264 2.8312658 0.0303852 2.1845228 0.0000000 0.0639841 1.7329220 2.6817890 0.0150404 2.8322046 2.2014872 2.8511544 0.0303852 1.7329220 0.6017891 3.7936648 3.5539652 2.5255404 
MK689685_Megalocytivirus_pagrus1_ISKNV                   0.0472283 0.0136120 0.0136120 0.0472283 3.8081907 2.8483834 0.0635977 2.1356674 0.0639841 0.0000000 1.8457400 2.7021707 0.0581092 3.0010932 2.3504161 3.2867654 0.0918418 1.8457400 0.5878562 3.6662581 3.7759986 2.3400640 
OM037668_Megalocytivirus_lates1_SDDV                     1.7172429 1.8534198 1.8534198 1.7172429 3.5287583 3.7411561 1.6924393 3.6996448 1.7329220 1.8457400 0.0000000 3.6565999 1.9640230 3.7548244 2.9364531 3.4352403 2.1064104 0.0000010 1.1726291 3.2430270 3.6877898 3.3346223 
AY521625_Ranavirus_epinephelus1_n/a                      2.6444184 2.6670259 2.6670259 2.6444184 2.4930894 2.2258759 2.6102253 2.0713345 2.6817890 2.7021707 3.6565999 0.0000000 2.8379166 1.7252170 1.8901194 2.0496395 3.0498364 3.6565999 2.6097597 2.2347808 0.9207365 2.2794453 
OQ475017_Megalocytivirus_pagrus1_RSIV                    0.0000010 0.0431560 0.0431560 0.0000010 3.8237193 3.0376982 0.0149572 2.1437835 0.0150404 0.0581092 1.9640230 2.8379166 0.0000000 2.9918948 2.4530546 3.3534042 0.0283121 1.9640230 0.6229074 3.3727988 3.9667775 2.3271423 
HF920633_Chloriridovirus_simulium1_n/a                   2.7921943 3.0590704 3.0590704 2.7921943 2.6740887 1.3649719 2.7563299 1.3032361 2.8322046 3.0010932 3.7548244 1.7252170 2.9918948 0.0000000 0.5344345 2.4430462 3.2191105 3.7548244 3.0451347 3.0852233 2.1066209 1.4795057 
KF938901_Chloriridovirus_anopheles1_n/a                  2.1731815 2.3727753 2.3727753 2.1731815 2.2892666 1.3756143 2.1453483 1.0730879 2.2014872 2.3504161 2.9364531 1.8901194 2.4530546 0.5344345 0.0000000 2.1731003 2.6251409 2.9364531 2.4274067 3.2256967 2.2411345 1.1707362 
KX643370_Lymphocystivirus_sparus1_n/a                    2.9599902 3.2375553 3.2375553 2.9599902 0.1329970 1.7972463 2.9225221 2.9617078 2.8511544 3.2867654 3.4352403 2.0496395 3.3534042 2.4430462 2.1731003 0.0000000 3.6189294 3.4352403 3.2788341 4.1217713 2.7193054 2.7526538 
MG570131_Megalocytivirus_pagrus1_TRBIV                   0.0149572 0.0757791 0.0757791 0.0149572 4.1290105 3.2730153 0.0000010 2.3211219 0.0303852 0.0918418 2.1064104 3.0498364 0.0283121 3.2191105 2.6251409 3.6189294 0.0000000 2.1064104 0.6675650 3.6354541 4.4306224 2.5205731 
MN562489_Megalocytivirus_lates1_SDDV                     1.7172429 1.8534198 1.8534198 1.7172429 3.5287583 3.7411561 1.6924393 3.6996448 1.7329220 1.8457400 0.0000010 3.6565999 1.9640230 3.7548244 2.9364531 3.4352403 2.1064104 0.0000000 1.1726291 3.2430270 3.6877898 3.3346223 
PQ335173_PQ335174_Threespine_stickleback_iridovirus_TSIV 0.5666431 0.5595165 0.5595165 0.5666431 3.4922335 3.8612135 0.5556240 2.5103459 0.6017891 0.5878562 1.1726291 2.6097597 0.6229074 3.0451347 2.4274067 3.2788341 0.6675650 1.1726291 0.0000000 3.5695870 3.5792381 2.3935053 
LS484712_Daphniairidovirus_daphnia1_n/a                  3.7474003 3.6036991 3.6036991 3.7474003 3.9948747 3.4916492 3.6997794 3.5954116 3.7936648 3.6662581 3.2430270 2.2347808 3.3727988 3.0852233 3.2256967 4.1217713 3.6354541 3.2430270 3.5695870 0.0000000 3.1932103 3.6446479 
NC_005946_Ranavirus_rana1_n/a                            3.5003377 3.9413509 3.9413509 3.5003377 2.4272658 2.3049103 3.5754325 2.8284514 3.5539652 3.7759986 3.6877898 0.9207365 3.9667775 2.1066209 2.2411345 2.7193054 4.4306224 3.6877898 3.5792381 3.1932103 0.0000000 2.5254231 
AF303741_Iridovirus_chilo1_n/a                           2.4909936 2.3627962 2.3627962 2.4909936 3.0676435 1.9786450 2.4909936 0.5748784 2.5255404 2.3400640 3.3346223 2.2794453 2.3271423 1.4795057 1.1707362 2.7526538 2.5205731 3.3346223 2.3935053 3.6446479 2.5254231 0.0000000 
