22
MK637631_European_chub_iridovirus_ECIV                   0.0000000 1.7198827 1.8723424 1.8723424 1.7198827 6.0079901 3.5308862 1.6969477 3.7164086 1.7340269 1.8631468 0.9379417 3.8572979 1.9747837 4.4394674 3.4306145 5.2393145 2.0406872 0.9379417 1.7847843 4.4338512 3.8910017 
MW883598_Megalocytivirus_pagrus1_RSIV                    1.7198827 0.0000000 0.0313113 0.0313113 0.0000010 4.1018778 3.2704607 0.0149678 2.4285255 0.0150576 0.0475247 1.8508587 3.1241559 0.0000010 3.2252175 2.5209959 3.3940067 0.0149678 1.8508587 0.5924404 4.1768606 2.8956553 
MT986830_Megalocytivirus_pagrus1_ISKNV                   1.8723424 0.0313113 0.0000000 0.0000010 0.0313113 4.4130294 3.3249745 0.0474665 2.4521018 0.0477741 0.0136250 1.9995236 3.0810716 0.0434331 3.5087080 2.7614997 3.6793369 0.0765931 1.9995236 0.5845870 4.5806347 2.7307974 
MW883593_Megalocytivirus_pagrus1_ISKNV                   1.8723424 0.0313113 0.0000010 0.0000000 0.0313113 4.4130294 3.3249745 0.0474665 2.4521018 0.0477741 0.0136250 1.9995236 3.0810716 0.0434331 3.5087080 2.7614997 3.6793369 0.0765931 1.9995236 0.5845870 4.5806347 2.7307974 
MK098186_Megalocytivirus_pagrus1_RSIV                    1.7198827 0.0000010 0.0313113 0.0313113 0.0000000 4.1018778 3.2704607 0.0149678 2.4285255 0.0150576 0.0475247 1.8508587 3.1241559 0.0000010 3.2252175 2.5209959 3.3940067 0.0149678 1.8508587 0.5924404 4.1768606 2.8956553 
MN803438_Lymphocystivirus_micropogonias1_n/a             6.0079901 4.1018778 4.4130294 4.4130294 4.1018778 0.0000000 2.1304249 4.0565704 3.7792006 3.8917195 4.4713370 3.7894810 2.6926757 4.4879045 2.9951479 2.5028863 0.1344134 4.9757790 3.7894810 3.7074598 2.5830794 3.1859434 
MF599468_Decapodiridovirus_litopenaeus1_n/a              3.5308862 3.2704607 3.3249745 3.3249745 3.2704607 2.1304249 0.0000000 3.2322796 1.7794983 3.3118419 3.2713368 4.0835813 2.3972768 3.5345080 1.4892357 1.4922640 1.9490312 3.8852489 4.0835813 4.4108678 2.5049091 2.2014514 
MG570132_Megalocytivirus_pagrus1_TRBIV                   1.6969477 0.0149678 0.0474665 0.0474665 0.0149678 4.0565704 3.2322796 0.0000000 2.4285255 0.0304407 0.0640377 1.8270115 3.0873482 0.0149678 3.1877754 2.4900478 3.3560033 0.0000010 1.8270115 0.5804717 4.2538632 2.8956553 
HF920637_Iridovirus_armadillidium1_n/a                   3.7164086 2.4285255 2.4521018 2.4521018 2.4285255 3.7792006 1.7794983 2.4285255 0.0000000 2.4571008 2.4116894 4.3008434 2.2751106 2.4121250 1.4091039 1.1470181 3.1984208 2.6408224 4.3008434 2.7608977 3.1569857 0.5954653 
GQ273492_Megalocytivirus_pagrus1_TRBIV                   1.7340269 0.0150576 0.0477741 0.0477741 0.0150576 3.8917195 3.3118419 0.0304407 2.4571008 0.0000000 0.0644615 1.8655684 3.1633874 0.0150576 3.2655782 2.5515447 3.2347966 0.0304407 1.8655684 0.6292838 4.2294500 2.9318259 
MK689685_Megalocytivirus_pagrus1_ISKNV                   1.8631468 0.0475247 0.0136250 0.0136250 0.0475247 4.4713370 3.2713368 0.0640377 2.4116894 0.0644615 0.0000000 1.9921041 3.1162369 0.0585392 3.4521567 2.7372840 3.7239964 0.0929172 1.9921041 0.6144867 4.2961055 2.7066528 
OM037668_Megalocytivirus_lates1_SDDV                     0.9379417 1.8508587 1.9995236 1.9995236 1.8508587 3.7894810 4.0835813 1.8270115 4.3008434 1.8655684 1.9921041 0.0000000 3.9090215 2.1115373 3.9230439 3.2177843 3.6301293 2.2759449 0.0000010 1.2640047 4.0748746 3.7230849 
AY521625_Ranavirus_epinephelus1_n/a                      3.8572979 3.1241559 3.0810716 3.0810716 3.1241559 2.6926757 2.3972768 3.0873482 2.2751106 3.1633874 3.1162369 3.9090215 0.0000000 3.2887384 1.8239798 2.0205561 2.2129744 3.5924705 3.9090215 2.8963618 0.9733473 2.5266732 
OQ475017_Megalocytivirus_pagrus1_RSIV                    1.9747837 0.0000010 0.0434331 0.0434331 0.0000010 4.4879045 3.5345080 0.0149678 2.4121250 0.0150576 0.0585392 2.1115373 3.2887384 0.0000000 3.4410025 2.8452940 3.7856687 0.0284277 2.1115373 0.6520722 4.6037268 2.6861322 
HF920633_Chloriridovirus_simulium1_n/a                   4.4394674 3.2252175 3.5087080 3.5087080 3.2252175 2.9951479 1.4892357 3.1877754 1.4091039 3.2655782 3.4521567 3.9230439 1.8239798 3.4410025 0.0000000 0.5536351 2.6887528 3.7718014 3.9230439 3.3528979 2.3054989 1.6134500 
KF938901_Chloriridovirus_anopheles1_n/a                  3.4306145 2.5209959 2.7614997 2.7614997 2.5209959 2.5028863 1.4922640 2.4900478 1.1470181 2.5515447 2.7372840 3.2177843 2.0205561 2.8452940 0.5536351 0.0000000 2.3808161 3.0987486 3.2177843 2.7347702 2.4767471 1.2590148 
KX643370_Lymphocystivirus_sparus1_n/a                    5.2393145 3.3940067 3.6793369 3.6793369 3.3940067 0.1344134 1.9490312 3.3560033 3.1984208 3.2347966 3.7239964 3.6301293 2.2129744 3.7856687 2.6887528 2.3808161 0.0000000 4.1552475 3.6301293 3.4135715 2.8484492 2.8530650 
MG570131_Megalocytivirus_pagrus1_TRBIV                   2.0406872 0.0149678 0.0765931 0.0765931 0.0149678 4.9757790 3.8852489 0.0000010 2.6408224 0.0304407 0.0929172 2.2759449 3.5924705 0.0284277 3.7718014 3.0987486 4.1552475 0.0000000 2.2759449 0.7004165 5.2321124 2.9559803 
MN562489_Megalocytivirus_lates1_SDDV                     0.9379417 1.8508587 1.9995236 1.9995236 1.8508587 3.7894810 4.0835813 1.8270115 4.3008434 1.8655684 1.9921041 0.0000010 3.9090215 2.1115373 3.9230439 3.2177843 3.6301293 2.2759449 0.0000000 1.2640047 4.0748746 3.7230849 
PQ335173_PQ335174_Threespine_stickleback_iridovirus_TSIV 1.7847843 0.5924404 0.5845870 0.5845870 0.5924404 3.7074598 4.4108678 0.5804717 2.7608977 0.6292838 0.6144867 1.2640047 2.8963618 0.6520722 3.3528979 2.7347702 3.4135715 0.7004165 1.2640047 0.0000000 3.9793631 2.6070406 
NC_005946_Ranavirus_rana1_n/a                            4.4338512 4.1768606 4.5806347 4.5806347 4.1768606 2.5830794 2.5049091 4.2538632 3.1569857 4.2294500 4.2961055 4.0748746 0.9733473 4.6037268 2.3054989 2.4767471 2.8484492 5.2321124 4.0748746 3.9793631 0.0000000 2.7231914 
AF303741_Iridovirus_chilo1_n/a                           3.8910017 2.8956553 2.7307974 2.7307974 2.8956553 3.1859434 2.2014514 2.8956553 0.5954653 2.9318259 2.7066528 3.7230849 2.5266732 2.6861322 1.6134500 1.2590148 2.8530650 2.9559803 3.7230849 2.6070406 2.7231914 0.0000000 
