17
MW883602_Megalocytivirus_pagrus1_ISKNV 0.0000000 0.2886194 0.3387275 0.2841086 0.2605415 0.0000010 0.2886194 0.3387275 0.2841086 0.2605415 0.3122760 0.0449290 0.0000010 0.0449290 0.2845046 0.0694203 0.3122760 
MK689686_Megalocytivirus_pagrus1_RSIV  0.2886194 0.0000000 0.3270283 0.1134472 0.0442835 0.2886194 0.0000010 0.3270283 0.1134472 0.0442835 0.0216953 0.3204071 0.2902491 0.3204071 0.2337276 0.3563245 0.0216953 
MG570132_Megalocytivirus_pagrus1_TRBIV 0.3387275 0.3270283 0.0000000 0.2365812 0.2975078 0.3387275 0.3270283 0.0000010 0.2365812 0.2975078 0.3510856 0.3633056 0.3407806 0.3633056 0.1399031 0.4015528 0.3510856 
OL774653_Megalocytivirus_pagrus1_RSIV  0.2841086 0.1134472 0.2365812 0.0000000 0.0662440 0.2841086 0.1134472 0.2365812 0.0000010 0.0662440 0.1365302 0.3456466 0.2856797 0.3456466 0.1355209 0.3821870 0.1365302 
OQ475017_Megalocytivirus_pagrus1_RSIV  0.2605415 0.0442835 0.2975078 0.0662440 0.0000000 0.2605415 0.0442835 0.2975078 0.0662440 0.0000010 0.0667051 0.2911205 0.2619846 0.2911205 0.2071792 0.3254778 0.0667051 
OR536350_Megalocytivirus_pagrus1_ISKNV 0.0000010 0.2886194 0.3387275 0.2841086 0.2605415 0.0000000 0.2886194 0.3387275 0.2841086 0.2605415 0.3122760 0.0449290 0.0000010 0.0449290 0.2845046 0.0694203 0.3122760 
AP017456_Megalocytivirus_pagrus1_RSIV  0.2886194 0.0000010 0.3270283 0.1134472 0.0442835 0.2886194 0.0000000 0.3270283 0.1134472 0.0442835 0.0216953 0.3204071 0.2902491 0.3204071 0.2337276 0.3563245 0.0216953 
MG570131_Megalocytivirus_pagrus1_TRBIV 0.3387275 0.3270283 0.0000010 0.2365812 0.2975078 0.3387275 0.3270283 0.0000000 0.2365812 0.2975078 0.3510856 0.3633056 0.3407806 0.3633056 0.1399031 0.4015528 0.3510856 
OL774655_Megalocytivirus_pagrus1_RSIV  0.2841086 0.1134472 0.2365812 0.0000010 0.0662440 0.2841086 0.1134472 0.2365812 0.0000000 0.0662440 0.1365302 0.3456466 0.2856797 0.3456466 0.1355209 0.3821870 0.1365302 
OK042108_Megalocytivirus_pagrus1_RSIV  0.2605415 0.0442835 0.2975078 0.0662440 0.0000010 0.2605415 0.0442835 0.2975078 0.0662440 0.0000000 0.0667051 0.2911205 0.2619846 0.2911205 0.2071792 0.3254778 0.0667051 
AY894343_Megalocytivirus_pagrus1_RSIV  0.3122760 0.0216953 0.3510856 0.1365302 0.0667051 0.3122760 0.0216953 0.3510856 0.1365302 0.0667051 0.0000000 0.3444523 0.3140334 0.3444523 0.2570780 0.3808796 0.0000010 
MN432490_Megalocytivirus_pagrus1_ISKNV 0.0449290 0.3204071 0.3633056 0.3456466 0.2911205 0.0449290 0.3204071 0.3633056 0.3456466 0.2911205 0.3444523 0.0000000 0.0451574 0.0000010 0.3461733 0.0220707 0.3444523 
MW273353_Megalocytivirus_pagrus1_ISKNV 0.0000010 0.2902491 0.3407806 0.2856797 0.2619846 0.0000010 0.2902491 0.3407806 0.2856797 0.2619846 0.3140334 0.0451574 0.0000000 0.0451574 0.2860806 0.0697854 0.3140334 
MW883595_Megalocytivirus_pagrus1_ISKNV 0.0449290 0.3204071 0.3633056 0.3456466 0.2911205 0.0449290 0.3204071 0.3633056 0.3456466 0.2911205 0.3444523 0.0000010 0.0451574 0.0000000 0.3461733 0.0220707 0.3444523 
GQ273492_Megalocytivirus_pagrus1_TRBIV 0.2845046 0.2337276 0.1399031 0.1355209 0.2071792 0.2845046 0.2337276 0.1399031 0.1355209 0.2071792 0.2570780 0.3461733 0.2860806 0.3461733 0.0000000 0.3828093 0.2570780 
OP009387_Megalocytivirus_pagrus1_ISKNV 0.0694203 0.3563245 0.4015528 0.3821870 0.3254778 0.0694203 0.3563245 0.4015528 0.3821870 0.3254778 0.3808796 0.0220707 0.0697854 0.0220707 0.3828093 0.0000000 0.3808796 
KT804738_Megalocytivirus_pagrus1_RSIV  0.3122760 0.0216953 0.3510856 0.1365302 0.0667051 0.3122760 0.0216953 0.3510856 0.1365302 0.0667051 0.0000010 0.3444523 0.3140334 0.3444523 0.2570780 0.3808796 0.0000000 
