26
AF303741_AF303741.1_00035          0.0000000 3.6828510 4.0848089 3.6224196 3.6568852 3.5751791 2.0676144 0.7774013 3.6224196 1.9779552 3.4810264 2.6689116 3.2151944 3.6898628 3.6725734 3.6568852 3.6568852 3.6828510 3.6720989 3.6732912 3.8093725 3.6732912 3.6720989 3.6224196 4.5522184 3.6224196 
AF371960_AF371960.1_00015          3.6828510 0.0000000 3.5423750 0.1064443 0.0982443 0.1121359 3.6069819 3.7239670 0.1064443 3.7463148 3.5909867 4.0530169 3.3217794 0.1309036 0.1284349 0.1005662 0.1005662 0.0000010 0.0042267 2.6043978 3.6727762 2.6043978 0.0042267 0.1087779 3.8214341 0.1087779 
AY521625_AY521625.1_00130          4.0848089 3.5423750 0.0000000 3.4106601 3.3714320 3.3991615 4.6895396 4.0213968 3.4106601 3.9682966 2.1740225 4.2215505 3.2498620 3.3105654 3.3105654 3.3682863 3.3682863 3.5423750 3.5211541 3.4569689 2.3444970 3.4569689 3.5211541 3.4061083 1.4917850 3.4061083 
AY894343_MK689686.1_00014          3.6224196 0.1064443 3.4106601 0.0000000 0.0317488 0.0990751 3.6839295 3.7306537 0.0000010 3.8275994 3.6619456 4.2879906 3.3699859 0.1090796 0.1066771 0.0338821 0.0338821 0.1064443 0.1012363 2.6052550 3.7502512 2.6052550 0.1012363 0.0020707 3.9235068 0.0020707 
BD143114_MK689686.1_00014          3.6568852 0.0982443 3.3714320 0.0317488 0.0000000 0.0913970 3.6466169 3.6935995 0.0317488 3.7378707 3.6007148 4.2197762 3.4322141 0.1014047 0.0990248 0.0020754 0.0020754 0.0982443 0.0931253 2.6054550 3.6795728 2.6054550 0.0931253 0.0338812 3.8680544 0.0338812 
GQ273492_GQ273492.1_00015          3.5751791 0.1121359 3.3991615 0.0990751 0.0913970 0.0000000 3.5956343 3.6680579 0.0990751 3.7478533 3.6229685 4.1313964 3.3222963 0.0431882 0.0409767 0.0937096 0.0937096 0.1121359 0.1095585 2.5923378 3.7313189 2.5923378 0.1095585 0.1013948 3.8808046 0.1013948 
HF920633_HF920633.1_00127          2.0676144 3.6069819 4.6895396 3.6839295 3.6466169 3.5956343 0.0000000 2.0506592 3.6839295 0.7140443 3.5320424 3.0827833 3.0720292 3.5701940 3.5701940 3.6383882 3.6383882 3.6069819 3.6179835 4.1349665 3.6395419 4.1349665 3.6179835 3.6893694 5.1175474 3.6893694 
HF920637_HF920637.1_00159          0.7774013 3.7239670 4.0213968 3.7306537 3.6935995 3.6680579 2.0506592 0.0000000 3.7306537 1.9825874 3.7918418 2.7173289 3.1768788 3.7511156 3.7256837 3.6935995 3.6935995 3.7239670 3.7354466 3.7200096 4.0764873 3.7200096 3.7354466 3.7365691 4.4733635 3.7365691 
KC244182_MK689686.1_00014          3.6224196 0.1064443 3.4106601 0.0000010 0.0317488 0.0990751 3.6839295 3.7306537 0.0000000 3.8275994 3.6619456 4.2879906 3.3699859 0.1090796 0.1066771 0.0338821 0.0338821 0.1064443 0.1012363 2.6052550 3.7502512 2.6052550 0.1012363 0.0020707 3.9235068 0.0020707 
KF938901_KF938901.1_00005          1.9779552 3.7463148 3.9682966 3.8275994 3.7378707 3.7478533 0.7140443 1.9825874 3.8275994 0.0000000 3.0514817 2.9180095 2.8583234 3.7615551 3.7615551 3.7378707 3.7378707 3.7463148 3.7445231 3.7998748 3.2960523 3.7998748 3.7445231 3.8396174 4.5543221 3.8396174 
KX643370_Lymph_LDV3_KX643370_00120 3.4810264 3.5909867 2.1740225 3.6619456 3.6007148 3.6229685 3.5320424 3.7918418 3.6619456 3.0514817 0.0000000 4.0221175 2.9647459 3.5900564 3.5900564 3.5976199 3.5976199 3.5909867 3.5841659 3.2278516 0.2739904 3.2278516 3.5841659 3.6569530 2.5052185 3.6569530 
LS484712_LS484712.1_00187          2.6689116 4.0530169 4.2215505 4.2879906 4.2197762 4.1313964 3.0827833 2.7173289 4.2879906 2.9180095 4.0221175 0.0000000 3.7825433 4.1778352 4.1380907 4.2162861 4.2162861 4.0530169 4.0530169 4.1478281 3.9673210 4.1478281 4.0530169 4.2933736 4.7176188 4.2933736 
MF599468_MF599468.1_00011          3.2151944 3.3217794 3.2498620 3.3699859 3.4322141 3.3222963 3.0720292 3.1768788 3.3699859 2.8583234 2.9647459 3.7825433 0.0000000 3.4071496 3.4071496 3.4280871 3.4280871 3.3217794 3.3328391 2.7981140 3.0540467 2.7981140 3.3328391 3.3636137 3.4191654 3.3636137 
MG570131_MG570131.1_00016          3.6898628 0.1309036 3.3105654 0.1090796 0.1014047 0.0431882 3.5701940 3.7511156 0.1090796 3.7615551 3.5900564 4.1778352 3.4071496 0.0000000 0.0020944 0.1037043 0.1037043 0.1309036 0.1280968 2.6093010 3.6557459 2.6093010 0.1280968 0.1113850 3.9082412 0.1113850 
MG570132_MG570132.1_00016          3.6725734 0.1284349 3.3105654 0.1066771 0.0990248 0.0409767 3.5701940 3.7256837 0.1066771 3.7615551 3.5900564 4.1380907 3.4071496 0.0020944 0.0000000 0.1013204 0.1013204 0.1284349 0.1256418 2.6203681 3.6557459 2.6203681 0.1256418 0.1089790 3.9082412 0.1089790 
MK098185_MK689686.1_00014          3.6568852 0.1005662 3.3682863 0.0338821 0.0020754 0.0937096 3.6383882 3.6935995 0.0338821 3.7378707 3.5976199 4.2162861 3.4280871 0.1037043 0.1013204 0.0000000 0.0000010 0.1005662 0.0954311 2.6024605 3.6765194 2.6024605 0.0954311 0.0360165 3.8643517 0.0360165 
MK098186_MK689686.1_00014          3.6568852 0.1005662 3.3682863 0.0338821 0.0020754 0.0937096 3.6383882 3.6935995 0.0338821 3.7378707 3.5976199 4.2162861 3.4280871 0.1037043 0.1013204 0.0000010 0.0000000 0.1005662 0.0954311 2.6024605 3.6765194 2.6024605 0.0954311 0.0360165 3.8643517 0.0360165 
MK689685_AF371960.1_00015          3.6828510 0.0000010 3.5423750 0.1064443 0.0982443 0.1121359 3.6069819 3.7239670 0.1064443 3.7463148 3.5909867 4.0530169 3.3217794 0.1309036 0.1284349 0.1005662 0.1005662 0.0000000 0.0042267 2.6043978 3.6727762 2.6043978 0.0042267 0.1087779 3.8214341 0.1087779 
MN432490_AF371960.1_00015          3.6720989 0.0042267 3.5211541 0.1012363 0.0931253 0.1095585 3.6179835 3.7354466 0.1012363 3.7445231 3.5841659 4.0530169 3.3328391 0.1280968 0.1256418 0.0954311 0.0954311 0.0042267 0.0000000 2.5902242 3.6657289 2.5902242 0.0000010 0.1035549 3.7761281 0.1035549 
MN562489_OM037668.1_00050          3.6732912 2.6043978 3.4569689 2.6052550 2.6054550 2.5923378 4.1349665 3.7200096 2.6052550 3.7998748 3.2278516 4.1478281 2.7981140 2.6093010 2.6203681 2.6024605 2.6024605 2.6043978 2.5902242 0.0000000 3.2112088 0.0000010 2.5902242 2.6000595 3.9705313 2.6000595 
MN803438_MN803438.1_00113          3.8093725 3.6727762 2.3444970 3.7502512 3.6795728 3.7313189 3.6395419 4.0764873 3.7502512 3.2960523 0.2739904 3.9673210 3.0540467 3.6557459 3.6557459 3.6765194 3.6765194 3.6727762 3.6657289 3.2112088 0.0000000 3.2112088 3.6657289 3.7443508 2.7013041 3.7443508 
MT521409_OM037668.1_00050          3.6732912 2.6043978 3.4569689 2.6052550 2.6054550 2.5923378 4.1349665 3.7200096 2.6052550 3.7998748 3.2278516 4.1478281 2.7981140 2.6093010 2.6203681 2.6024605 2.6024605 2.6043978 2.5902242 0.0000010 3.2112088 0.0000000 2.5902242 2.6000595 3.9705313 2.6000595 
MT986830_AF371960.1_00015          3.6720989 0.0042267 3.5211541 0.1012363 0.0931253 0.1095585 3.6179835 3.7354466 0.1012363 3.7445231 3.5841659 4.0530169 3.3328391 0.1280968 0.1256418 0.0954311 0.0954311 0.0042267 0.0000010 2.5902242 3.6657289 2.5902242 0.0000000 0.1035549 3.7761281 0.1035549 
MW139932_MK689686.1_00014          3.6224196 0.1087779 3.4061083 0.0020707 0.0338812 0.1013948 3.6893694 3.7365691 0.0020707 3.8396174 3.6569530 4.2933736 3.3636137 0.1113850 0.1089790 0.0360165 0.0360165 0.1087779 0.1035549 2.6000595 3.7443508 2.6000595 0.1035549 0.0000000 3.9175858 0.0000010 
NC_005946_NC_005946.1_00057        4.5522184 3.8214341 1.4917850 3.9235068 3.8680544 3.8808046 5.1175474 4.4733635 3.9235068 4.5543221 2.5052185 4.7176188 3.4191654 3.9082412 3.9082412 3.8643517 3.8643517 3.8214341 3.7761281 3.9705313 2.7013041 3.9705313 3.7761281 3.9175858 0.0000000 3.9175858 
OL774653_MK689686.1_00014          3.6224196 0.1087779 3.4061083 0.0020707 0.0338812 0.1013948 3.6893694 3.7365691 0.0020707 3.8396174 3.6569530 4.2933736 3.3636137 0.1113850 0.1089790 0.0360165 0.0360165 0.1087779 0.1035549 2.6000595 3.7443508 2.6000595 0.1035549 0.0000010 3.9175858 0.0000000 
