16
MW883603_Megalocytivirus_pagrus1_ISKNV 0.0000000 0.3954274 0.0134358 0.4460120 0.3697660 0.0000010 0.3697660 0.5326108 0.3954274 0.0752033 0.0000010 0.0752033 0.4229700 0.0122129 0.4229700 0.5326108 
ON740976_Megalocytivirus_pagrus1_RSIV  0.3954274 0.0000000 0.4173544 0.5105752 0.1107187 0.3954274 0.1107187 0.4618224 0.0000010 0.4133995 0.3978417 0.4133995 0.0119856 0.4145159 0.0119856 0.4618224 
OQ513807_Megalocytivirus_pagrus1_ISKNV 0.0134358 0.4173544 0.0000000 0.4862655 0.3909210 0.0134358 0.3909210 0.5771524 0.4173544 0.0815212 0.0000010 0.0815212 0.4466506 0.0269988 0.4466506 0.5771524 
GQ273492_Megalocytivirus_pagrus1_TRBIV 0.4460120 0.5105752 0.4862655 0.0000000 0.4733875 0.4460120 0.4733875 0.2008898 0.5105752 0.4910703 0.4492480 0.4910703 0.5141715 0.4693286 0.5141715 0.2008898 
MK098185_Megalocytivirus_pagrus1_RSIV  0.3697660 0.1107187 0.3909210 0.4733875 0.0000000 0.3697660 0.0000010 0.4399419 0.1107187 0.4187857 0.3720318 0.4187857 0.1269712 0.3886780 0.1269712 0.4399419 
MW883593_Megalocytivirus_pagrus1_ISKNV 0.0000010 0.3954274 0.0134358 0.4460120 0.3697660 0.0000000 0.3697660 0.5326108 0.3954274 0.0752033 0.0000010 0.0752033 0.4229700 0.0122129 0.4229700 0.5326108 
BD143114_Megalocytivirus_pagrus1_RSIV  0.3697660 0.1107187 0.3909210 0.4733875 0.0000010 0.3697660 0.0000000 0.4399419 0.1107187 0.4187857 0.3720318 0.4187857 0.1269712 0.3886780 0.1269712 0.4399419 
MG570132_Megalocytivirus_pagrus1_TRBIV 0.5326108 0.4618224 0.5771524 0.2008898 0.4399419 0.5326108 0.4399419 0.0000000 0.4618224 0.5323411 0.5366784 0.5323411 0.4650744 0.5581945 0.4650744 0.0000010 
MW883598_Megalocytivirus_pagrus1_RSIV  0.3954274 0.0000010 0.4173544 0.5105752 0.1107187 0.3954274 0.1107187 0.4618224 0.0000000 0.4133995 0.3978417 0.4133995 0.0119856 0.4145159 0.0119856 0.4618224 
MW883595_Megalocytivirus_pagrus1_ISKNV 0.0752033 0.4133995 0.0815212 0.4910703 0.4187857 0.0752033 0.4187857 0.5323411 0.4133995 0.0000000 0.0755878 0.0000010 0.4419839 0.0886590 0.4419839 0.5323411 
OR670976_Megalocytivirus_pagrus1_ISKNV 0.0000010 0.3978417 0.0000010 0.4492480 0.3720318 0.0000010 0.3720318 0.5366784 0.3978417 0.0755878 0.0000000 0.0755878 0.4256464 0.0122728 0.4256464 0.5366784 
PP974677_Megalocytivirus_pagrus1_ISKNV 0.0752033 0.4133995 0.0815212 0.4910703 0.4187857 0.0752033 0.4187857 0.5323411 0.4133995 0.0000010 0.0755878 0.0000000 0.4419839 0.0886590 0.4419839 0.5323411 
ON075463_Megalocytivirus_pagrus1_RSIV  0.4229700 0.0119856 0.4466506 0.5141715 0.1269712 0.4229700 0.1269712 0.4650744 0.0119856 0.4419839 0.4256464 0.4419839 0.0000000 0.4430392 0.0000010 0.4650744 
MW273353_Megalocytivirus_pagrus1_ISKNV 0.0122129 0.4145159 0.0269988 0.4693286 0.3886780 0.0122129 0.3886780 0.5581945 0.4145159 0.0886590 0.0122728 0.0886590 0.4430392 0.0000000 0.4430392 0.5581945 
MT798582_Megalocytivirus_pagrus1_RSIV  0.4229700 0.0119856 0.4466506 0.5141715 0.1269712 0.4229700 0.1269712 0.4650744 0.0119856 0.4419839 0.4256464 0.4419839 0.0000010 0.4430392 0.0000000 0.4650744 
MG570131_Megalocytivirus_pagrus1_TRBIV 0.5326108 0.4618224 0.5771524 0.2008898 0.4399419 0.5326108 0.4399419 0.0000010 0.4618224 0.5323411 0.5366784 0.5323411 0.4650744 0.5581945 0.4650744 0.0000000 
