17
MCV_ML1_SDDV_MN562489_1_MCV_ML1_SDDV_MN562489.1_00107         0.0000000 0.0000010 1.2375763 1.2565385 1.3305356 1.2565385 1.2430635 1.3173294 1.3173294 1.3305356 1.3212706 1.3130954 1.2440379 1.2727574 1.2921546 1.2921546 2.0631842 
MCV_ML1_SDDV_MT521409_1_MCV_ML1_SDDV_MT521409.1_00108         0.0000010 0.0000000 1.2375763 1.2565385 1.3305356 1.2565385 1.2430635 1.3173294 1.3173294 1.3305356 1.3212706 1.3130954 1.2440379 1.2727574 1.2921546 1.2921546 2.0631842 
MCV_MP1_BCFI_MN432490_1_MCV_MP1_BCFI_MN432490.1_00001         1.2375763 1.2375763 0.0000000 0.0160895 0.0460646 0.0160895 0.0053299 0.0313518 0.0313518 0.0460646 0.0517122 0.0370766 0.0080060 0.0573778 0.0546823 0.0546823 2.2773596 
MCV_MP1_BCFI_MT926123_1_MCV_MP1_BCFI_MT926123.1_00001         1.2565385 1.2565385 0.0160895 0.0000000 0.0431708 0.0000010 0.0107101 0.0284917 0.0284917 0.0431708 0.0484619 0.0342125 0.0134039 0.0631294 0.0604249 0.0604249 2.2792272 
MCV_MP1_GSPI_KT804738_1_MCV_MP1_GSPI_KT804738.1_00001         1.3305356 1.3305356 0.0460646 0.0431708 0.0000000 0.0431708 0.0519349 0.0140563 0.0140563 0.0000010 0.0031227 0.0084064 0.0548912 0.0724517 0.0696027 0.0696027 2.2339401 
MCV_MP1_ISKNV_AF371960_1_MCV_MP1_ISKNV_AF371960.1_00001       1.2565385 1.2565385 0.0160895 0.0000010 0.0431708 0.0000000 0.0107101 0.0284917 0.0284917 0.0431708 0.0484619 0.0342125 0.0134039 0.0631294 0.0604249 0.0604249 2.2792272 
MCV_MP1_LBUSV_OP009387_1_MCV_MP1_LBUSV_OP009387.1_00001       1.2430635 1.2430635 0.0053299 0.0107101 0.0519349 0.0107101 0.0000000 0.0371329 0.0371329 0.0519349 0.0583162 0.0428740 0.0026642 0.0629752 0.0602774 0.0602774 2.2949965 
MCV_MP1_LYCI_AY779031_1_MCV_MP1_LYCI_AY779031.1_00001         1.3173294 1.3173294 0.0313518 0.0284917 0.0140563 0.0284917 0.0371329 0.0000000 0.0000010 0.0140563 0.0157362 0.0055697 0.0400412 0.0573805 0.0545497 0.0545497 2.2269434 
MCV_MP1_LYCI_MW139932_1_MCV_MP1_LYCI_MW139932.1_00001         1.3173294 1.3173294 0.0313518 0.0284917 0.0140563 0.0284917 0.0371329 0.0000010 0.0000000 0.0140563 0.0157362 0.0055697 0.0400412 0.0573805 0.0545497 0.0545497 2.2269434 
MCV_MP1_OSGI_AY894343_1_MCV_MP1_OSGI_AY894343.1_00001         1.3305356 1.3305356 0.0460646 0.0431708 0.0000010 0.0431708 0.0519349 0.0140563 0.0140563 0.0000000 0.0031227 0.0084064 0.0548912 0.0724517 0.0696027 0.0696027 2.2339401 
MCV_MP1_RBIV_AY532606_1_MCV_MP1_RBIV_AY532606.1_00001         1.3212706 1.3212706 0.0517122 0.0484619 0.0031227 0.0484619 0.0583162 0.0157362 0.0157362 0.0031227 0.0000000 0.0094076 0.0616449 0.0746157 0.0714285 0.0714285 2.2735872 
MCV_MP1_RSIV_ON740976_1_MCV_MP1_RSIV_ON740976.1_00001         1.3130954 1.3130954 0.0370766 0.0342125 0.0084064 0.0342125 0.0428740 0.0055697 0.0055697 0.0084064 0.0094076 0.0000000 0.0457917 0.0631623 0.0603332 0.0603332 2.2221931 
MCV_MP1_SKIV_MT986830_1_MCV_MP1_SKIV_MT986830.1_00001         1.2440379 1.2440379 0.0080060 0.0134039 0.0548912 0.0134039 0.0026642 0.0400412 0.0400412 0.0548912 0.0616449 0.0457917 0.0000000 0.0630202 0.0630965 0.0630965 2.2944785 
MCV_MP1_TRBIV_GQ273492_1_MCV_MP1_TRBIV_GQ273492.1_00001       1.2727574 1.2727574 0.0573778 0.0631294 0.0724517 0.0631294 0.0629752 0.0573805 0.0573805 0.0724517 0.0746157 0.0631623 0.0630202 0.0000000 0.0106074 0.0106074 2.2804610 
MCV_Unclassified_MG570131_1_MCV_Unclassified_MG570131.1_00001 1.2921546 1.2921546 0.0546823 0.0604249 0.0696027 0.0604249 0.0602774 0.0545497 0.0545497 0.0696027 0.0714285 0.0603332 0.0630965 0.0106074 0.0000000 0.0000010 2.2899114 
MCV_Unclassified_MG570132_1_MCV_Unclassified_MG570132.1_00001 1.2921546 1.2921546 0.0546823 0.0604249 0.0696027 0.0604249 0.0602774 0.0545497 0.0545497 0.0696027 0.0714285 0.0603332 0.0630965 0.0106074 0.0000010 0.0000000 2.2899114 
Rana_SGIV_AY521625_1_Rana_SGIV_AY521625.1_00004               2.0631842 2.0631842 2.2773596 2.2792272 2.2339401 2.2792272 2.2949965 2.2269434 2.2269434 2.2339401 2.2735872 2.2221931 2.2944785 2.2804610 2.2899114 2.2899114 0.0000000 
