20
MCV_ML1_SDDV_MN562489_1_MCV_ML1_SDDV_MN562489.1_00057         0.0000000 0.0000010 1.1634720 1.1731220 1.1587598 1.1327023 1.1327023 1.1731220 1.1652855 1.1513836 1.1513836 1.1587598 1.1453731 1.1466021 1.1466021 1.1513575 1.1322579 1.1168083 1.1168083 1.1634554 
MCV_ML1_SDDV_MT521409_1_MCV_ML1_SDDV_MT521409.1_00058         0.0000010 0.0000000 1.1634720 1.1731220 1.1587598 1.1327023 1.1327023 1.1731220 1.1652855 1.1513836 1.1513836 1.1587598 1.1453731 1.1466021 1.1466021 1.1513575 1.1322579 1.1168083 1.1168083 1.1634554 
MCV_MP1_BCFI_MN432490_1_MCV_MP1_BCFI_MN432490.1_00116         1.1634720 1.1634720 0.0000000 0.0046323 0.0525018 0.0000010 0.0000010 0.0046323 0.0526957 0.0476849 0.0476849 0.0525018 0.0473968 0.0545794 0.0545794 0.0000010 0.0568285 0.0618370 0.0618370 0.0235209 
MCV_MP1_BCFI_MT926123_1_MCV_MP1_BCFI_MT926123.1_00115         1.1731220 1.1731220 0.0046323 0.0000000 0.0573188 0.0000010 0.0000010 0.0000010 0.0575307 0.0524942 0.0524942 0.0573188 0.0425868 0.0545794 0.0545794 0.0000010 0.0616135 0.0666475 0.0666475 0.0282467 
MCV_MP1_GSPI_KT804738_1_MCV_MP1_GSPI_KT804738.1_00113         1.1587598 1.1587598 0.0525018 0.0573188 0.0000000 0.0510907 0.0510907 0.0553738 0.0089407 0.0044509 0.0044509 0.0000010 0.0134140 0.0000010 0.0000010 0.0545794 0.0410549 0.0504945 0.0504945 0.0272712 
MCV_MP1_ISKNV_AF371960_1_MCV_MP1_ISKNV_AF371960.1_00115       1.1327023 1.1327023 0.0000010 0.0000010 0.0510907 0.0000000 0.0000010 0.0000010 0.0512929 0.0459359 0.0459359 0.0510907 0.0459359 0.0510907 0.0510907 0.0000010 0.0559571 0.0560148 0.0560148 0.0201207 
MCV_MP1_ISKNV_MK689685_1_MCV_MP1_ISKNV_MK689685.1_00113       1.1327023 1.1327023 0.0000010 0.0000010 0.0510907 0.0000010 0.0000000 0.0000010 0.0512929 0.0459359 0.0459359 0.0510907 0.0459359 0.0510907 0.0510907 0.0000010 0.0559571 0.0560148 0.0560148 0.0201207 
MCV_MP1_LBUSV_OP009387_1_MCV_MP1_LBUSV_OP009387.1_00115       1.1731220 1.1731220 0.0046323 0.0000010 0.0553738 0.0000010 0.0000010 0.0000000 0.0555706 0.0507141 0.0507141 0.0553738 0.0411552 0.0545794 0.0545794 0.0000010 0.0595371 0.0643910 0.0643910 0.0273029 
MCV_MP1_LYCI_AY779031_1_MCV_MP1_LYCI_AY779031.1_00125         1.1652855 1.1652855 0.0526957 0.0575307 0.0089407 0.0512929 0.0512929 0.0555706 0.0000000 0.0044662 0.0044662 0.0089407 0.0134604 0.0095981 0.0095981 0.0547890 0.0411999 0.0506730 0.0506730 0.0273671 
MCV_MP1_LYCI_MW139932_1_MCV_MP1_LYCI_MW139932.1_00117         1.1513836 1.1513836 0.0476849 0.0524942 0.0044509 0.0459359 0.0459359 0.0507141 0.0044662 0.0000000 0.0000010 0.0044509 0.0089346 0.0047766 0.0047766 0.0495706 0.0364614 0.0458632 0.0458632 0.0227055 
MCV_MP1_LYCI_OL774653_1_MCV_MP1_LYCI_OL774653.1_00010         1.1513836 1.1513836 0.0476849 0.0524942 0.0044509 0.0459359 0.0459359 0.0507141 0.0044662 0.0000010 0.0000000 0.0044509 0.0089346 0.0047766 0.0047766 0.0495706 0.0364614 0.0458632 0.0458632 0.0227055 
MCV_MP1_OSGI_AY894343_1_MCV_MP1_OSGI_AY894343.1_00117         1.1587598 1.1587598 0.0525018 0.0573188 0.0000010 0.0510907 0.0510907 0.0553738 0.0089407 0.0044509 0.0044509 0.0000000 0.0134140 0.0000010 0.0000010 0.0545794 0.0410549 0.0504945 0.0504945 0.0272712 
MCV_MP1_RBIV_AY532606_1_MCV_MP1_RBIV_AY532606.1_00122         1.1453731 1.1453731 0.0473968 0.0425868 0.0134140 0.0459359 0.0459359 0.0411552 0.0134604 0.0089346 0.0089346 0.0134140 0.0000000 0.0095930 0.0095930 0.0442975 0.0362489 0.0455971 0.0455971 0.0319343 
MCV_MP1_RBIV_KC244182_1_MCV_MP1_RBIV_KC244182.1_00116         1.1466021 1.1466021 0.0545794 0.0545794 0.0000010 0.0510907 0.0510907 0.0545794 0.0095981 0.0047766 0.0047766 0.0000010 0.0095930 0.0000000 0.0000010 0.0545794 0.0391156 0.0492241 0.0492241 0.0293130 
MCV_MP1_RSIV_ON743042_1_MCV_MP1_RSIV_ON743042.1_00117         1.1466021 1.1466021 0.0545794 0.0545794 0.0000010 0.0510907 0.0510907 0.0545794 0.0095981 0.0047766 0.0047766 0.0000010 0.0095930 0.0000010 0.0000000 0.0545794 0.0391156 0.0492241 0.0492241 0.0293130 
MCV_MP1_SKIV_MT986830_1_MCV_MP1_SKIV_MT986830.1_00119         1.1513575 1.1513575 0.0000010 0.0000010 0.0545794 0.0000010 0.0000010 0.0000010 0.0547890 0.0495706 0.0495706 0.0545794 0.0442975 0.0545794 0.0545794 0.0000000 0.0539674 0.0591432 0.0591432 0.0244388 
MCV_MP1_TRBIV_GQ273492_1_MCV_MP1_TRBIV_GQ273492.1_00112       1.1322579 1.1322579 0.0568285 0.0616135 0.0410549 0.0559571 0.0559571 0.0595371 0.0411999 0.0364614 0.0364614 0.0410549 0.0362489 0.0391156 0.0391156 0.0539674 0.0000000 0.0269776 0.0269776 0.0410205 
MCV_Unclassified_MG570131_1_MCV_Unclassified_MG570131.1_00112 1.1168083 1.1168083 0.0618370 0.0666475 0.0504945 0.0560148 0.0560148 0.0643910 0.0506730 0.0458632 0.0458632 0.0504945 0.0455971 0.0492241 0.0492241 0.0591432 0.0269776 0.0000000 0.0000010 0.0457701 
MCV_Unclassified_MG570132_1_MCV_Unclassified_MG570132.1_00112 1.1168083 1.1168083 0.0618370 0.0666475 0.0504945 0.0560148 0.0560148 0.0643910 0.0506730 0.0458632 0.0458632 0.0504945 0.0455971 0.0492241 0.0492241 0.0591432 0.0269776 0.0000010 0.0000000 0.0457701 
MCV_Unclassified_OQ475017_1_MCV_Unclassified_OQ475017.1_00114 1.1634554 1.1634554 0.0235209 0.0282467 0.0272712 0.0201207 0.0201207 0.0273029 0.0273671 0.0227055 0.0227055 0.0272712 0.0319343 0.0293130 0.0293130 0.0244388 0.0410205 0.0457701 0.0457701 0.0000000 
