19
AF303741_AF303741.1_00129          0.0000000 3.0640400 3.1920965 3.0147109 3.0147109 3.0548777 1.8292145 0.6058764 1.7451884 3.1219047 2.9897749 3.0791771 3.0791771 3.0640400 3.0663072 3.0212205 3.0663072 3.3281438 3.0864527 
AF371960_AF371960.1_00096          3.0640400 0.0000000 2.9548574 0.0207927 0.0207927 0.0252168 3.1344824 2.9305737 3.2331872 2.5111121 2.4976410 0.0251481 0.0251481 0.0000010 1.4132962 2.6397310 1.4132962 2.7485014 1.4132962 
AY521625_AY521625.1_00100          3.1920965 2.9548574 0.0000000 2.9775352 2.9775352 2.9788831 2.9159025 2.9328642 2.9048485 1.8120626 2.4226565 2.9810735 2.9810735 2.9548574 3.4773720 1.8277963 3.4773720 0.5972755 3.4175028 
AY894343_MK689686.1_00093          3.0147109 0.0207927 2.9775352 0.0000000 0.0000010 0.0293901 3.1032017 2.9113800 3.1706646 2.4865574 2.4773868 0.0293107 0.0293107 0.0207927 1.4021896 2.6136558 1.4021896 2.7630136 1.4021896 
BD143114_MK689686.1_00093          3.0147109 0.0207927 2.9775352 0.0000010 0.0000000 0.0293901 3.1032017 2.9113800 3.1706646 2.4865574 2.4773868 0.0293107 0.0293107 0.0207927 1.4021896 2.6136558 1.4021896 2.7630136 1.4021896 
GQ273492_GQ273492.1_00092          3.0548777 0.0252168 2.9788831 0.0293901 0.0293901 0.0000000 3.1588311 2.9180823 3.2450222 2.5556797 2.4755011 0.0041378 0.0041378 0.0252168 1.4174293 2.6845311 1.4174293 2.7576749 1.4174293 
HF920633_HF920633.1_00085          1.8292145 3.1344824 2.9159025 3.1032017 3.1032017 3.1588311 0.0000000 1.7072384 0.6002569 2.6878191 2.9029436 3.2032775 3.2032775 3.1344824 2.7819696 2.8209086 2.7819696 2.9908040 2.8093902 
HF920637_HF920637.1_00221          0.6058764 2.9305737 2.9328642 2.9113800 2.9113800 2.9180823 1.7072384 0.0000000 1.6952377 2.7568086 2.6444360 2.9568494 2.9568494 2.9305737 2.7118781 2.7321386 2.7118781 3.1784761 2.7299278 
KF938901_KF938901.1_00125          1.7451884 3.2331872 2.9048485 3.1706646 3.1706646 3.2450222 0.6002569 1.6952377 0.0000000 2.9396798 2.9018900 3.2724375 3.2724375 3.2331872 3.1762969 3.0850294 3.1762969 3.0235003 3.2196598 
KX643370_Lymph_LDV3_KX643370_00055 3.1219047 2.5111121 1.8120626 2.4865574 2.4865574 2.5556797 2.6878191 2.7568086 2.9396798 0.0000000 2.2969300 2.5653729 2.5653729 2.5111121 2.6913150 0.1262673 2.6913150 1.8379537 2.6557870 
MF599468_MF599468.1_00154          2.9897749 2.4976410 2.4226565 2.4773868 2.4773868 2.4755011 2.9029436 2.6444360 2.9018900 2.2969300 0.0000000 2.4603723 2.4603723 2.4976410 2.5186747 2.3724934 2.5186747 2.4039597 2.4880626 
MG570131_MG570131.1_00092          3.0791771 0.0251481 2.9810735 0.0293107 0.0293107 0.0041378 3.2032775 2.9568494 3.2724375 2.5653729 2.4603723 0.0000000 0.0000010 0.0251481 1.4085665 2.6953849 1.4085665 2.7461677 1.4085665 
MG570132_MG570132.1_00092          3.0791771 0.0251481 2.9810735 0.0293107 0.0293107 0.0041378 3.2032775 2.9568494 3.2724375 2.5653729 2.4603723 0.0000010 0.0000000 0.0251481 1.4085665 2.6953849 1.4085665 2.7461677 1.4085665 
MK689685_AF371960.1_00096          3.0640400 0.0000010 2.9548574 0.0207927 0.0207927 0.0252168 3.1344824 2.9305737 3.2331872 2.5111121 2.4976410 0.0251481 0.0251481 0.0000000 1.4132962 2.6397310 1.4132962 2.7485014 1.4132962 
MN562489_OM037668.1_00080          3.0663072 1.4132962 3.4773720 1.4021896 1.4021896 1.4174293 2.7819696 2.7118781 3.1762969 2.6913150 2.5186747 1.4085665 1.4085665 1.4132962 0.0000000 2.7559560 0.0000010 3.2443821 0.0040527 
MN803438_MN803438.1_00071          3.0212205 2.6397310 1.8277963 2.6136558 2.6136558 2.6845311 2.8209086 2.7321386 3.0850294 0.1262673 2.3724934 2.6953849 2.6953849 2.6397310 2.7559560 0.0000000 2.7559560 1.8977040 2.7190952 
MT521409_OM037668.1_00080          3.0663072 1.4132962 3.4773720 1.4021896 1.4021896 1.4174293 2.7819696 2.7118781 3.1762969 2.6913150 2.5186747 1.4085665 1.4085665 1.4132962 0.0000010 2.7559560 0.0000000 3.2443821 0.0040527 
NC_005946_NC_005946.1_00014        3.3281438 2.7485014 0.5972755 2.7630136 2.7630136 2.7576749 2.9908040 3.1784761 3.0235003 1.8379537 2.4039597 2.7461677 2.7461677 2.7485014 3.2443821 1.8977040 3.2443821 0.0000000 3.1949006 
OM037668_OM037668.1_00080          3.0864527 1.4132962 3.4175028 1.4021896 1.4021896 1.4174293 2.8093902 2.7299278 3.2196598 2.6557870 2.4880626 1.4085665 1.4085665 1.4132962 0.0040527 2.7190952 0.0040527 3.1949006 0.0000000 
