21
MN432490_Megalocytivirus_pagrus1_ISKNV                   0.0000000 0.0030881 0.0580126 0.0375643 0.0030881 0.0218225 0.0375643 0.0649803 0.0343962 0.8105951 0.0000010 0.0503800 0.0218225 0.0061779 0.0092862 0.0092862 0.0255412 0.0061779 0.0061848 0.0249817 0.0061797 
MW883602_Megalocytivirus_pagrus1_ISKNV                   0.0030881 0.0000000 0.0612773 0.0407217 0.0000010 0.0249563 0.0407217 0.0682753 0.0375480 0.8061031 0.0030881 0.0535642 0.0249563 0.0030848 0.0061839 0.0061839 0.0287531 0.0030848 0.0030887 0.0281226 0.0030859 
MG570132_Megalocytivirus_pagrus1_TRBIV                   0.0580126 0.0612773 0.0000000 0.0636628 0.0612773 0.0475457 0.0636628 0.0062474 0.0604119 0.7970459 0.0580126 0.0379553 0.0475457 0.0645191 0.0678909 0.0678909 0.0508353 0.0645191 0.0645927 0.0476201 0.0645354 
MT798582_Megalocytivirus_pagrus1_RSIV                    0.0375643 0.0407217 0.0636628 0.0000000 0.0407217 0.0183482 0.0000010 0.0705878 0.0030329 0.8075029 0.0375643 0.0653848 0.0183482 0.0438645 0.0470961 0.0470961 0.0219115 0.0438645 0.0439132 0.0214415 0.0438759 
MW883606_Megalocytivirus_pagrus1_ISKNV                   0.0030881 0.0000010 0.0612773 0.0407217 0.0000000 0.0249563 0.0407217 0.0682753 0.0375480 0.8061031 0.0030881 0.0535642 0.0249563 0.0030848 0.0061839 0.0061839 0.0287531 0.0030848 0.0030887 0.0281226 0.0030859 
MK098186_Megalocytivirus_pagrus1_RSIV                    0.0218225 0.0249563 0.0475457 0.0183482 0.0249563 0.0000000 0.0183482 0.0543165 0.0152737 0.8034004 0.0218225 0.0464530 0.0000010 0.0280824 0.0312678 0.0312678 0.0031134 0.0280824 0.0281127 0.0030469 0.0280900 
KC244182_Megalocytivirus_pagrus1_RSIV                    0.0375643 0.0407217 0.0636628 0.0000010 0.0407217 0.0183482 0.0000000 0.0705878 0.0030329 0.8075029 0.0375643 0.0653848 0.0183482 0.0438645 0.0470961 0.0470961 0.0219115 0.0438645 0.0439132 0.0214415 0.0438759 
MG570131_Megalocytivirus_pagrus1_TRBIV                   0.0649803 0.0682753 0.0062474 0.0705878 0.0682753 0.0543165 0.0705878 0.0000000 0.0673041 0.8044807 0.0649803 0.0446360 0.0543165 0.0715445 0.0749577 0.0749577 0.0576480 0.0715445 0.0716267 0.0544025 0.0715624 
MW883598_Megalocytivirus_pagrus1_RSIV                    0.0343962 0.0375480 0.0604119 0.0030329 0.0375480 0.0152737 0.0030329 0.0673041 0.0000000 0.8119388 0.0343962 0.0622034 0.0152737 0.0406865 0.0439080 0.0439080 0.0187612 0.0406865 0.0407317 0.0183586 0.0406972 
PQ335173_PQ335174_Threespine_stickleback_iridovirus_TSIV 0.8105951 0.8061031 0.7970459 0.8075029 0.8061031 0.8034004 0.8075029 0.8044807 0.8119388 0.0000000 0.8105951 0.8259383 0.8034004 0.8119064 0.8136334 0.8136334 0.8113748 0.8119064 0.8081741 0.8050301 0.8061031 
MT986830_Megalocytivirus_pagrus1_ISKNV                   0.0000010 0.0030881 0.0580126 0.0375643 0.0030881 0.0218225 0.0375643 0.0649803 0.0343962 0.8105951 0.0000000 0.0503800 0.0218225 0.0061779 0.0092862 0.0092862 0.0255412 0.0061779 0.0061848 0.0249817 0.0061797 
GQ273492_Megalocytivirus_pagrus1_TRBIV                   0.0503800 0.0535642 0.0379553 0.0653848 0.0535642 0.0464530 0.0653848 0.0446360 0.0622034 0.8259383 0.0503800 0.0000000 0.0464530 0.0567287 0.0600059 0.0600059 0.0507365 0.0567287 0.0567920 0.0496336 0.0567430 
MK098185_Megalocytivirus_pagrus1_RSIV                    0.0218225 0.0249563 0.0475457 0.0183482 0.0249563 0.0000010 0.0183482 0.0543165 0.0152737 0.8034004 0.0218225 0.0464530 0.0000000 0.0280824 0.0312678 0.0312678 0.0031134 0.0280824 0.0281127 0.0030469 0.0280900 
OR670976_Megalocytivirus_pagrus1_ISKNV                   0.0061779 0.0030848 0.0645191 0.0438645 0.0030848 0.0280824 0.0438645 0.0715445 0.0406865 0.8119064 0.0061779 0.0567287 0.0280824 0.0000000 0.0092776 0.0092776 0.0319556 0.0000010 0.0061791 0.0312553 0.0061738 
23043610003_Megalocytivirus_pagrus1_ISKNV                0.0092862 0.0061839 0.0678909 0.0470961 0.0061839 0.0312678 0.0470961 0.0749577 0.0439080 0.8136334 0.0092862 0.0600059 0.0312678 0.0092776 0.0000000 0.0000010 0.0352255 0.0092776 0.0092880 0.0344528 0.0030883 
23043610005_Megalocytivirus_pagrus1_ISKNV                0.0092862 0.0061839 0.0678909 0.0470961 0.0061839 0.0312678 0.0470961 0.0749577 0.0439080 0.8136334 0.0092862 0.0600059 0.0312678 0.0092776 0.0000010 0.0000000 0.0352255 0.0092776 0.0092880 0.0344528 0.0030883 
OQ475017_Megalocytivirus_pagrus1_RSIV                    0.0255412 0.0287531 0.0508353 0.0219115 0.0287531 0.0031134 0.0219115 0.0576480 0.0187612 0.8113748 0.0255412 0.0507365 0.0031134 0.0319556 0.0352255 0.0352255 0.0000000 0.0319556 0.0319918 0.0062371 0.0319643 
OQ513807_Megalocytivirus_pagrus1_ISKNV                   0.0061779 0.0030848 0.0645191 0.0438645 0.0030848 0.0280824 0.0438645 0.0715445 0.0406865 0.8119064 0.0061779 0.0567287 0.0280824 0.0000010 0.0092776 0.0092776 0.0319556 0.0000000 0.0061791 0.0312553 0.0061738 
MK689685_Megalocytivirus_pagrus1_ISKNV                   0.0061848 0.0030887 0.0645927 0.0439132 0.0030887 0.0281127 0.0439132 0.0716267 0.0407317 0.8081741 0.0061848 0.0567920 0.0281127 0.0061791 0.0092880 0.0092880 0.0319918 0.0061791 0.0000000 0.0312900 0.0061809 
ON743042_Megalocytivirus_pagrus1_RSIV                    0.0249817 0.0281226 0.0476201 0.0214415 0.0281226 0.0030469 0.0214415 0.0544025 0.0183586 0.8050301 0.0249817 0.0496336 0.0030469 0.0312553 0.0344528 0.0344528 0.0062371 0.0312553 0.0312900 0.0000000 0.0312637 
MW883594_Megalocytivirus_pagrus1_ISKNV                   0.0061797 0.0030859 0.0645354 0.0438759 0.0030859 0.0280900 0.0438759 0.0715624 0.0406972 0.8061031 0.0061797 0.0567430 0.0280900 0.0061738 0.0030883 0.0030883 0.0319643 0.0061738 0.0061809 0.0312637 0.0000000 
