17
MW883603_Megalocytivirus_pagrus1_ISKNV 0.0000000 0.2453577 0.4105397 0.1204462 0.1204462 0.0000010 0.2453577 0.1009201 0.4105397 0.2048539 0.2049503 0.1009201 0.2049503 0.0330479 0.2305630 0.0330479 0.2043352 
MG570131_Megalocytivirus_pagrus1_TRBIV 0.2453577 0.0000000 0.4849584 0.2529158 0.2529158 0.2453577 0.0000010 0.2648340 0.4849584 0.3192756 0.3476788 0.2648340 0.3476788 0.2866679 0.1841655 0.2866679 0.3215805 
OL774653_Megalocytivirus_pagrus1_RSIV  0.4105397 0.4849584 0.0000000 0.5598364 0.5598364 0.4105397 0.4849584 0.5316677 0.0000010 0.6882750 0.6858921 0.5316677 0.6858921 0.3371827 0.0855265 0.3371827 0.6858921 
ON740976_Megalocytivirus_pagrus1_RSIV  0.1204462 0.2529158 0.5598364 0.0000000 0.0000010 0.1204462 0.2529158 0.2076156 0.5598364 0.0788696 0.1623458 0.2076156 0.1623458 0.1645313 0.2305630 0.1645313 0.1623458 
AP017456_Megalocytivirus_pagrus1_RSIV  0.1204462 0.2529158 0.5598364 0.0000010 0.0000000 0.1204462 0.2529158 0.2076156 0.5598364 0.0788696 0.1623458 0.2076156 0.1623458 0.1645313 0.2305630 0.1645313 0.1623458 
OR536350_Megalocytivirus_pagrus1_ISKNV 0.0000010 0.2453577 0.4105397 0.1204462 0.1204462 0.0000000 0.2453577 0.1009201 0.4105397 0.2048539 0.2049503 0.1009201 0.2049503 0.0330479 0.2305630 0.0330479 0.2043352 
MG570132_Megalocytivirus_pagrus1_TRBIV 0.2453577 0.0000010 0.4849584 0.2529158 0.2529158 0.2453577 0.0000000 0.2648340 0.4849584 0.3192756 0.3476788 0.2648340 0.3476788 0.2866679 0.1841655 0.2866679 0.3215805 
MW883595_Megalocytivirus_pagrus1_ISKNV 0.1009201 0.2648340 0.5316677 0.2076156 0.2076156 0.1009201 0.2648340 0.0000000 0.5316677 0.2450157 0.2960728 0.0000010 0.2960728 0.1373206 0.3068926 0.1373206 0.2443851 
OL774654_Megalocytivirus_pagrus1_RSIV  0.4105397 0.4849584 0.0000010 0.5598364 0.5598364 0.4105397 0.4849584 0.5316677 0.0000000 0.6882750 0.6858921 0.5316677 0.6858921 0.3371827 0.0855265 0.3371827 0.6858921 
OQ475017_Megalocytivirus_pagrus1_RSIV  0.2048539 0.3192756 0.6882750 0.0788696 0.0788696 0.2048539 0.3192756 0.2450157 0.6882750 0.0000000 0.0784135 0.2450157 0.0784135 0.2440262 0.3314393 0.2440262 0.0653089 
MK098185_Megalocytivirus_pagrus1_RSIV  0.2049503 0.3476788 0.6858921 0.1623458 0.1623458 0.2049503 0.3476788 0.2960728 0.6858921 0.0784135 0.0000000 0.2960728 0.0000010 0.2522160 0.3303099 0.2522160 0.0000010 
OP009387_Megalocytivirus_pagrus1_ISKNV 0.1009201 0.2648340 0.5316677 0.2076156 0.2076156 0.1009201 0.2648340 0.0000010 0.5316677 0.2450157 0.2960728 0.0000000 0.2960728 0.1373206 0.3068926 0.1373206 0.2443851 
MK098187_Megalocytivirus_pagrus1_RSIV  0.2049503 0.3476788 0.6858921 0.1623458 0.1623458 0.2049503 0.3476788 0.2960728 0.6858921 0.0784135 0.0000010 0.2960728 0.0000000 0.2522160 0.3303099 0.2522160 0.0000010 
OQ513807_Megalocytivirus_pagrus1_ISKNV 0.0330479 0.2866679 0.3371827 0.1645313 0.1645313 0.0330479 0.2866679 0.1373206 0.3371827 0.2440262 0.2522160 0.1373206 0.2522160 0.0000000 0.1789504 0.0000010 0.2433991 
GQ273492_Megalocytivirus_pagrus1_TRBIV 0.2305630 0.1841655 0.0855265 0.2305630 0.2305630 0.2305630 0.1841655 0.3068926 0.0855265 0.3314393 0.3303099 0.3068926 0.3303099 0.1789504 0.0000000 0.1789504 0.3303099 
MW883593_Megalocytivirus_pagrus1_ISKNV 0.0330479 0.2866679 0.3371827 0.1645313 0.1645313 0.0330479 0.2866679 0.1373206 0.3371827 0.2440262 0.2522160 0.1373206 0.2522160 0.0000010 0.1789504 0.0000000 0.2433991 
AB104413_Megalocytivirus_pagrus1_RSIV  0.2043352 0.3215805 0.6858921 0.1623458 0.1623458 0.2043352 0.3215805 0.2443851 0.6858921 0.0653089 0.0000010 0.2443851 0.0000010 0.2433991 0.3303099 0.2433991 0.0000000 
