28
ON212400_Megalocytivirus_pagrus1_ISKNV                   0.0000000 0.0000010 0.0302940 0.0321289 0.0339217 0.9932435 0.0069825 0.0008694 0.0069825 0.0312181 0.0008694 0.0008693 0.0312181 0.4111484 0.0321289 0.0321595 0.0008693 0.9932435 0.0078606 0.0293660 0.0321595 0.0321284 0.0311670 0.0293660 0.0302911 0.0017411 0.0302940 0.0266001 
23043610005_Megalocytivirus_pagrus1_ISKNV                0.0000010 0.0000000 0.0302940 0.0321289 0.0339217 0.9932435 0.0069825 0.0008694 0.0069825 0.0312181 0.0008694 0.0008693 0.0312181 0.4111484 0.0321289 0.0321595 0.0008693 0.9932435 0.0078606 0.0293660 0.0321595 0.0321284 0.0311670 0.0293660 0.0302911 0.0017411 0.0302940 0.0266001 
ON075463_Megalocytivirus_pagrus1_RSIV                    0.0302940 0.0302940 0.0000000 0.0087291 0.0330113 1.0034348 0.0257574 0.0312276 0.0257574 0.0078515 0.0312264 0.0312245 0.0078515 0.4118587 0.0087291 0.0087370 0.0312245 1.0034348 0.0266633 0.0008672 0.0087370 0.0302527 0.0257228 0.0008672 0.0017363 0.0321613 0.0000010 0.0034791 
OL774653_Megalocytivirus_pagrus1_RSIV                    0.0321289 0.0321289 0.0087291 0.0000000 0.0275201 1.0108632 0.0293827 0.0330663 0.0293827 0.0026046 0.0330651 0.0330631 0.0026046 0.4158573 0.0000010 0.0034780 0.0330631 1.0108632 0.0302931 0.0078465 0.0034780 0.0247896 0.0185182 0.0078465 0.0087282 0.0340038 0.0087291 0.0087284 
MG570132_Megalocytivirus_pagrus1_TRBIV                   0.0339217 0.0339217 0.0330113 0.0275201 0.0000000 1.0029425 0.0348373 0.0348615 0.0348373 0.0275354 0.0348602 0.0348583 0.0275354 0.4090972 0.0275201 0.0284671 0.0348583 1.0029425 0.0357537 0.0320789 0.0284671 0.0034784 0.0193969 0.0320789 0.0330081 0.0358014 0.0330113 0.0293002 
MN562489_Megalocytivirus_lates1_SDDV                     0.9932435 0.9932435 1.0034348 1.0108632 1.0029425 0.0000000 0.9985734 0.9963430 0.9985734 1.0125679 0.9968105 0.9975016 1.0125679 1.0269463 1.0108632 1.0181167 0.9975016 0.0000010 0.9968827 1.0047896 1.0181167 1.0009275 1.0076867 1.0047896 1.0057045 0.9967000 1.0034348 0.9996271 
MN432490_Megalocytivirus_pagrus1_ISKNV                   0.0069825 0.0069825 0.0257574 0.0293827 0.0348373 0.9985734 0.0000000 0.0078659 0.0000010 0.0284756 0.0078656 0.0078649 0.0284756 0.4073462 0.0293827 0.0294106 0.0078649 0.9985734 0.0008687 0.0248372 0.0294106 0.0330428 0.0312023 0.0248372 0.0257548 0.0087510 0.0257574 0.0239130 
MW273354_Megalocytivirus_pagrus1_ISKNV                   0.0008694 0.0008694 0.0312276 0.0330663 0.0348615 0.9963430 0.0078659 0.0000000 0.0078659 0.0321538 0.0017411 0.0017410 0.0321538 0.4130679 0.0330663 0.0330980 0.0017410 0.9963430 0.0087458 0.0302971 0.0330980 0.0330657 0.0321010 0.0302971 0.0312245 0.0026151 0.0312276 0.0275241 
MW883595_Megalocytivirus_pagrus1_ISKNV                   0.0069825 0.0069825 0.0257574 0.0293827 0.0348373 0.9985734 0.0000010 0.0078659 0.0000000 0.0284756 0.0078656 0.0078649 0.0284756 0.4073462 0.0293827 0.0294106 0.0078649 0.9985734 0.0008687 0.0248372 0.0294106 0.0330428 0.0312023 0.0248372 0.0257548 0.0087510 0.0257574 0.0239130 
MK098187_Megalocytivirus_pagrus1_RSIV                    0.0312181 0.0312181 0.0078515 0.0026046 0.0275354 1.0125679 0.0284756 0.0321538 0.0284756 0.0000000 0.0321525 0.0321507 0.0000010 0.4131323 0.0026046 0.0008680 0.0321507 1.0125679 0.0293849 0.0069705 0.0008680 0.0248033 0.0211967 0.0069705 0.0078507 0.0330896 0.0078515 0.0078509 
MW883606_Megalocytivirus_pagrus1_ISKNV                   0.0008694 0.0008694 0.0312264 0.0330651 0.0348602 0.9968105 0.0078656 0.0017411 0.0078656 0.0321525 0.0000000 0.0017409 0.0321525 0.4130652 0.0330651 0.0330967 0.0017409 0.9968105 0.0087455 0.0302960 0.0330967 0.0330644 0.0320998 0.0302960 0.0312233 0.0026150 0.0312264 0.0275231 
MW883600_Megalocytivirus_pagrus1_ISKNV                   0.0008693 0.0008693 0.0312245 0.0330631 0.0348583 0.9975016 0.0078649 0.0017410 0.0078649 0.0321507 0.0017409 0.0000000 0.0321507 0.4132610 0.0330631 0.0330948 0.0000010 0.9975016 0.0087447 0.0302941 0.0330948 0.0330625 0.0320979 0.0302941 0.0312215 0.0008693 0.0312245 0.0275213 
ON743042_Megalocytivirus_pagrus1_RSIV                    0.0312181 0.0312181 0.0078515 0.0026046 0.0275354 1.0125679 0.0284756 0.0321538 0.0284756 0.0000010 0.0321525 0.0321507 0.0000000 0.4131323 0.0026046 0.0008680 0.0321507 1.0125679 0.0293849 0.0069705 0.0008680 0.0248033 0.0211967 0.0069705 0.0078507 0.0330896 0.0078515 0.0078509 
PQ335173_PQ335174_Threespine_stickleback_iridovirus_TSIV 0.4111484 0.4111484 0.4118587 0.4158573 0.4090972 1.0269463 0.4073462 0.4130679 0.4073462 0.4131323 0.4130652 0.4132610 0.4131323 0.0000000 0.4158573 0.4146727 0.4132610 1.0269463 0.4084058 0.4116040 0.4146727 0.4101853 0.4169791 0.4116040 0.4135992 0.4142574 0.4118587 0.4096179 
OL774654_Megalocytivirus_pagrus1_RSIV                    0.0321289 0.0321289 0.0087291 0.0000010 0.0275201 1.0108632 0.0293827 0.0330663 0.0293827 0.0026046 0.0330651 0.0330631 0.0026046 0.4158573 0.0000000 0.0034780 0.0330631 1.0108632 0.0302931 0.0078465 0.0034780 0.0247896 0.0185182 0.0078465 0.0087282 0.0340038 0.0087291 0.0087284 
AB104413_Megalocytivirus_pagrus1_RSIV                    0.0321595 0.0321595 0.0087370 0.0034780 0.0284671 1.0181167 0.0294106 0.0330980 0.0294106 0.0008680 0.0330967 0.0330948 0.0008680 0.4146727 0.0034780 0.0000000 0.0330948 1.0181167 0.0303218 0.0078536 0.0000010 0.0257283 0.0221135 0.0078536 0.0087361 0.0340365 0.0087370 0.0087362 
MW883602_Megalocytivirus_pagrus1_ISKNV                   0.0008693 0.0008693 0.0312245 0.0330631 0.0348583 0.9975016 0.0078649 0.0017410 0.0078649 0.0321507 0.0017409 0.0000010 0.0321507 0.4132610 0.0330631 0.0330948 0.0000000 0.9975016 0.0087447 0.0302941 0.0330948 0.0330625 0.0320979 0.0302941 0.0312215 0.0008693 0.0312245 0.0275213 
MT521409_Megalocytivirus_lates1_SDDV                     0.9932435 0.9932435 1.0034348 1.0108632 1.0029425 0.0000010 0.9985734 0.9963430 0.9985734 1.0125679 0.9968105 0.9975016 1.0125679 1.0269463 1.0108632 1.0181167 0.9975016 0.0000000 0.9968827 1.0047896 1.0181167 1.0009275 1.0076867 1.0047896 1.0057045 0.9967000 1.0034348 0.9996271 
PP974677_Megalocytivirus_pagrus1_ISKNV                   0.0078606 0.0078606 0.0266633 0.0302931 0.0357537 0.9968827 0.0008687 0.0087458 0.0008687 0.0293849 0.0087455 0.0087447 0.0293849 0.4084058 0.0302931 0.0303218 0.0087447 0.9968827 0.0000000 0.0257422 0.0303218 0.0339580 0.0321149 0.0257422 0.0266607 0.0096326 0.0266633 0.0248147 
AP017456_Megalocytivirus_pagrus1_RSIV                    0.0293660 0.0293660 0.0008672 0.0078465 0.0320789 1.0047896 0.0248372 0.0302971 0.0248372 0.0069705 0.0302960 0.0302941 0.0069705 0.4116040 0.0078465 0.0078536 0.0302941 1.0047896 0.0257422 0.0000000 0.0078536 0.0293262 0.0248048 0.0000010 0.0008671 0.0312284 0.0008672 0.0026061 
BD143114_Megalocytivirus_pagrus1_RSIV                    0.0321595 0.0321595 0.0087370 0.0034780 0.0284671 1.0181167 0.0294106 0.0330980 0.0294106 0.0008680 0.0330967 0.0330948 0.0008680 0.4146727 0.0034780 0.0000010 0.0330948 1.0181167 0.0303218 0.0078536 0.0000000 0.0257283 0.0221135 0.0078536 0.0087361 0.0340365 0.0087370 0.0087362 
MG570131_Megalocytivirus_pagrus1_TRBIV                   0.0321284 0.0321284 0.0302527 0.0247896 0.0034784 1.0009275 0.0330428 0.0330657 0.0330428 0.0248033 0.0330644 0.0330625 0.0248033 0.4101853 0.0247896 0.0257283 0.0330625 1.0009275 0.0339580 0.0293262 0.0257283 0.0000000 0.0158171 0.0293262 0.0302497 0.0340030 0.0302527 0.0265647 
GQ273492_Megalocytivirus_pagrus1_TRBIV                   0.0311670 0.0311670 0.0257228 0.0185182 0.0193969 1.0076867 0.0312023 0.0321010 0.0312023 0.0211967 0.0320998 0.0320979 0.0211967 0.4169791 0.0185182 0.0221135 0.0320979 1.0076867 0.0321149 0.0248048 0.0221135 0.0158171 0.0000000 0.0248048 0.0257203 0.0330352 0.0257228 0.0229402 
KT804738_Megalocytivirus_pagrus1_RSIV                    0.0293660 0.0293660 0.0008672 0.0078465 0.0320789 1.0047896 0.0248372 0.0302971 0.0248372 0.0069705 0.0302960 0.0302941 0.0069705 0.4116040 0.0078465 0.0078536 0.0302941 1.0047896 0.0257422 0.0000010 0.0078536 0.0293262 0.0248048 0.0000000 0.0008671 0.0312284 0.0008672 0.0026061 
AY894343_Megalocytivirus_pagrus1_RSIV                    0.0302911 0.0302911 0.0017363 0.0087282 0.0330081 1.0057045 0.0257548 0.0312245 0.0257548 0.0078507 0.0312233 0.0312215 0.0078507 0.4135992 0.0087282 0.0087361 0.0312215 1.0057045 0.0266607 0.0008671 0.0087361 0.0302497 0.0257203 0.0008671 0.0000000 0.0321582 0.0017363 0.0034787 
OR536350_Megalocytivirus_pagrus1_ISKNV                   0.0017411 0.0017411 0.0321613 0.0340038 0.0358014 0.9967000 0.0087510 0.0026151 0.0087510 0.0330896 0.0026150 0.0008693 0.0330896 0.4142574 0.0340038 0.0340365 0.0008693 0.9967000 0.0096326 0.0312284 0.0340365 0.0340030 0.0330352 0.0312284 0.0321582 0.0000000 0.0321613 0.0284485 
MT798582_Megalocytivirus_pagrus1_RSIV                    0.0302940 0.0302940 0.0000010 0.0087291 0.0330113 1.0034348 0.0257574 0.0312276 0.0257574 0.0078515 0.0312264 0.0312245 0.0078515 0.4118587 0.0087291 0.0087370 0.0312245 1.0034348 0.0266633 0.0008672 0.0087370 0.0302527 0.0257228 0.0008672 0.0017363 0.0321613 0.0000000 0.0034791 
MW883598_Megalocytivirus_pagrus1_RSIV                    0.0266001 0.0266001 0.0034791 0.0087284 0.0293002 0.9996271 0.0239130 0.0275241 0.0239130 0.0078509 0.0275231 0.0275213 0.0078509 0.4096179 0.0087284 0.0087362 0.0275213 0.9996271 0.0248147 0.0026061 0.0087362 0.0265647 0.0229402 0.0026061 0.0034787 0.0284485 0.0034791 0.0000000 
