29
MK637631_European_chub_iridovirus_ECIV                   0.0000000 0.9916042 0.9916042 1.0070211 1.0077642 0.9849731 0.4450685 0.9941372 0.9906821 0.9941372 1.0094837 0.9952139 0.9959549 1.0094837 1.0391376 1.0077642 1.0151875 0.9959549 0.4450685 0.9924474 1.0033265 1.0151875 0.9829347 1.0019629 1.0033265 1.0038941 0.9951703 1.0070211 1.0016233 
ON212400_Megalocytivirus_pagrus1_ISKNV                   0.9916042 0.0000000 0.0000010 0.0303164 0.0321534 0.0339473 1.0175834 0.0069836 0.0008686 0.0069836 0.0312417 0.0008686 0.0008685 0.0312417 0.4162215 0.0321534 0.0321849 0.0008685 1.0175834 0.0078619 0.0293866 0.0321849 0.0321531 0.0311888 0.0293866 0.0303137 0.0017412 0.0303164 0.0266160 
23043610005_Megalocytivirus_pagrus1_ISKNV                0.9916042 0.0000010 0.0000000 0.0303164 0.0321534 0.0339473 1.0175834 0.0069836 0.0008686 0.0069836 0.0312417 0.0008686 0.0008685 0.0312417 0.4162215 0.0321534 0.0321849 0.0008685 1.0175834 0.0078619 0.0293866 0.0321849 0.0321531 0.0311888 0.0293866 0.0303137 0.0017412 0.0303164 0.0266160 
ON075463_Megalocytivirus_pagrus1_RSIV                    1.0070211 0.0303164 0.0303164 0.0000000 0.0087300 0.0330359 1.0283563 0.0257742 0.0312514 0.0257742 0.0078527 0.0312495 0.0312481 0.0078527 0.4169126 0.0087300 0.0087385 0.0312481 1.0283563 0.0266816 0.0008672 0.0087385 0.0302730 0.0257383 0.0008672 0.0017364 0.0321877 0.0000010 0.0034795 
OL774653_Megalocytivirus_pagrus1_RSIV                    1.0077642 0.0321534 0.0321534 0.0087300 0.0000000 0.0275367 1.0361173 0.0294033 0.0330932 0.0294033 0.0026046 0.0330912 0.0330899 0.0026046 0.4210092 0.0000010 0.0034781 0.0330899 1.0361173 0.0303147 0.0078474 0.0034781 0.0248028 0.0185267 0.0078474 0.0087291 0.0340324 0.0087300 0.0087294 
MG570132_Megalocytivirus_pagrus1_TRBIV                   0.9849731 0.0339473 0.0339473 0.0330359 0.0275367 0.0000000 1.0274358 0.0348649 0.0348896 0.0348649 0.0275528 0.0348875 0.0348862 0.0275528 0.4139390 0.0275367 0.0284861 0.0348862 1.0274358 0.0357824 0.0321015 0.0284861 0.0034786 0.0194060 0.0321015 0.0330329 0.0358314 0.0330359 0.0293179 
MN562489_Megalocytivirus_lates1_SDDV                     0.4450685 1.0175834 1.0175834 1.0283563 1.0361173 1.0274358 0.0000000 1.0233283 1.0207891 1.0233283 1.0378712 1.0213140 1.0220739 1.0378712 1.0526474 1.0361173 1.0437938 1.0220739 0.0000010 1.0216095 1.0297623 1.0437938 1.0253110 1.0324295 1.0297623 1.0307213 1.0212796 1.0283563 1.0243104 
MN432490_Megalocytivirus_pagrus1_ISKNV                   0.9941372 0.0069836 0.0069836 0.0257742 0.0294033 0.0348649 1.0233283 0.0000000 0.0078674 0.0000010 0.0284953 0.0078670 0.0078664 0.0284953 0.4122349 0.0294033 0.0294315 0.0078664 1.0233283 0.0008687 0.0248536 0.0294315 0.0330693 0.0312256 0.0248536 0.0257718 0.0087530 0.0257742 0.0239280 
MW273354_Megalocytivirus_pagrus1_ISKNV                   0.9906821 0.0008686 0.0008686 0.0312514 0.0330932 0.0348896 1.0207891 0.0078674 0.0000000 0.0078674 0.0321795 0.0017413 0.0017411 0.0321795 0.4181796 0.0330932 0.0331257 0.0017411 1.0207891 0.0087475 0.0303198 0.0331257 0.0330926 0.0321250 0.0303198 0.0312484 0.0026154 0.0312514 0.0275418 
MW883595_Megalocytivirus_pagrus1_ISKNV                   0.9941372 0.0069836 0.0069836 0.0257742 0.0294033 0.0348649 1.0233283 0.0000010 0.0078674 0.0000000 0.0284953 0.0078670 0.0078664 0.0284953 0.4122349 0.0294033 0.0294315 0.0078664 1.0233283 0.0008687 0.0248536 0.0294315 0.0330693 0.0312256 0.0248536 0.0257718 0.0087530 0.0257742 0.0239280 
MK098187_Megalocytivirus_pagrus1_RSIV                    1.0094837 0.0312417 0.0312417 0.0078527 0.0026046 0.0275528 1.0378712 0.0284953 0.0321795 0.0284953 0.0000000 0.0321776 0.0321763 0.0000010 0.4182881 0.0026046 0.0008680 0.0321763 1.0378712 0.0294056 0.0069714 0.0008680 0.0248172 0.0212071 0.0069714 0.0078519 0.0331168 0.0078527 0.0078522 
MW883606_Megalocytivirus_pagrus1_ISKNV                   0.9952139 0.0008686 0.0008686 0.0312495 0.0330912 0.0348875 1.0213140 0.0078670 0.0017413 0.0078670 0.0321776 0.0000000 0.0017410 0.0321776 0.4181668 0.0330912 0.0331237 0.0017410 1.0213140 0.0087471 0.0303180 0.0331237 0.0330907 0.0321231 0.0303180 0.0312476 0.0026153 0.0312495 0.0275403 
MW883600_Megalocytivirus_pagrus1_ISKNV                   0.9959549 0.0008685 0.0008685 0.0312481 0.0330899 0.0348862 1.0220739 0.0078664 0.0017411 0.0078664 0.0321763 0.0017410 0.0000000 0.0321763 0.4183938 0.0330899 0.0331223 0.0000010 1.0220739 0.0087464 0.0303167 0.0331223 0.0330894 0.0321218 0.0303167 0.0312463 0.0008684 0.0312481 0.0275390 
ON743042_Megalocytivirus_pagrus1_RSIV                    1.0094837 0.0312417 0.0312417 0.0078527 0.0026046 0.0275528 1.0378712 0.0284953 0.0321795 0.0284953 0.0000010 0.0321776 0.0321763 0.0000000 0.4182881 0.0026046 0.0008680 0.0321763 1.0378712 0.0294056 0.0069714 0.0008680 0.0248172 0.0212071 0.0069714 0.0078519 0.0331168 0.0078527 0.0078522 
PQ335173_PQ335174_Threespine_stickleback_iridovirus_TSIV 1.0391376 0.4162215 0.4162215 0.4169126 0.4210092 0.4139390 1.0526474 0.4122349 0.4181796 0.4122349 0.4182881 0.4181668 0.4183938 0.4182881 0.0000000 0.4210092 0.4199361 0.4183938 1.0526474 0.4133380 0.4166408 0.4199361 0.4150268 0.4220320 0.4166408 0.4186893 0.4194296 0.4169126 0.4146192 
OL774654_Megalocytivirus_pagrus1_RSIV                    1.0077642 0.0321534 0.0321534 0.0087300 0.0000010 0.0275367 1.0361173 0.0294033 0.0330932 0.0294033 0.0026046 0.0330912 0.0330899 0.0026046 0.4210092 0.0000000 0.0034781 0.0330899 1.0361173 0.0303147 0.0078474 0.0034781 0.0248028 0.0185267 0.0078474 0.0087291 0.0340324 0.0087300 0.0087294 
AB104413_Megalocytivirus_pagrus1_RSIV                    1.0151875 0.0321849 0.0321849 0.0087385 0.0034781 0.0284861 1.0437938 0.0294315 0.0331257 0.0294315 0.0008680 0.0331237 0.0331223 0.0008680 0.4199361 0.0034781 0.0000000 0.0331223 1.0437938 0.0303443 0.0078547 0.0000010 0.0257436 0.0221250 0.0078547 0.0087376 0.0340660 0.0087385 0.0087379 
MW883602_Megalocytivirus_pagrus1_ISKNV                   0.9959549 0.0008685 0.0008685 0.0312481 0.0330899 0.0348862 1.0220739 0.0078664 0.0017411 0.0078664 0.0321763 0.0017410 0.0000010 0.0321763 0.4183938 0.0330899 0.0331223 0.0000000 1.0220739 0.0087464 0.0303167 0.0331223 0.0330894 0.0321218 0.0303167 0.0312463 0.0008684 0.0312481 0.0275390 
MT521409_Megalocytivirus_lates1_SDDV                     0.4450685 1.0175834 1.0175834 1.0283563 1.0361173 1.0274358 0.0000010 1.0233283 1.0207891 1.0233283 1.0378712 1.0213140 1.0220739 1.0378712 1.0526474 1.0361173 1.0437938 1.0220739 0.0000000 1.0216095 1.0297623 1.0437938 1.0253110 1.0324295 1.0297623 1.0307213 1.0212796 1.0283563 1.0243104 
PP974677_Megalocytivirus_pagrus1_ISKNV                   0.9924474 0.0078619 0.0078619 0.0266816 0.0303147 0.0357824 1.0216095 0.0008687 0.0087475 0.0008687 0.0294056 0.0087471 0.0087464 0.0294056 0.4133380 0.0303147 0.0303443 0.0087464 1.0216095 0.0000000 0.0257581 0.0303443 0.0339856 0.0321392 0.0257581 0.0266791 0.0096346 0.0266816 0.0248308 
AP017456_Megalocytivirus_pagrus1_RSIV                    1.0033265 0.0293866 0.0293866 0.0008672 0.0078474 0.0321015 1.0297623 0.0248536 0.0303198 0.0248536 0.0069714 0.0303180 0.0303167 0.0069714 0.4166408 0.0078474 0.0078547 0.0303167 1.0297623 0.0257581 0.0000000 0.0078547 0.0293448 0.0248188 0.0000010 0.0008671 0.0312522 0.0008672 0.0026063 
BD143114_Megalocytivirus_pagrus1_RSIV                    1.0151875 0.0321849 0.0321849 0.0087385 0.0034781 0.0284861 1.0437938 0.0294315 0.0331257 0.0294315 0.0008680 0.0331237 0.0331223 0.0008680 0.4199361 0.0034781 0.0000010 0.0331223 1.0437938 0.0303443 0.0078547 0.0000000 0.0257436 0.0221250 0.0078547 0.0087376 0.0340660 0.0087385 0.0087379 
MG570131_Megalocytivirus_pagrus1_TRBIV                   0.9829347 0.0321531 0.0321531 0.0302730 0.0248028 0.0034786 1.0253110 0.0330693 0.0330926 0.0330693 0.0248172 0.0330907 0.0330894 0.0248172 0.4150268 0.0248028 0.0257436 0.0330894 1.0253110 0.0339856 0.0293448 0.0257436 0.0000000 0.0158231 0.0293448 0.0302703 0.0340319 0.0302730 0.0265789 
GQ273492_Megalocytivirus_pagrus1_TRBIV                   1.0019629 0.0311888 0.0311888 0.0257383 0.0185267 0.0194060 1.0324295 0.0312256 0.0321250 0.0312256 0.0212071 0.0321231 0.0321218 0.0212071 0.4220320 0.0185267 0.0221250 0.0321218 1.0324295 0.0321392 0.0248188 0.0221250 0.0158231 0.0000000 0.0248188 0.0257360 0.0330610 0.0257383 0.0229506 
KT804738_Megalocytivirus_pagrus1_RSIV                    1.0033265 0.0293866 0.0293866 0.0008672 0.0078474 0.0321015 1.0297623 0.0248536 0.0303198 0.0248536 0.0069714 0.0303180 0.0303167 0.0069714 0.4166408 0.0078474 0.0078547 0.0303167 1.0297623 0.0257581 0.0000010 0.0078547 0.0293448 0.0248188 0.0000000 0.0008671 0.0312522 0.0008672 0.0026063 
AY894343_Megalocytivirus_pagrus1_RSIV                    1.0038941 0.0303137 0.0303137 0.0017364 0.0087291 0.0330329 1.0307213 0.0257718 0.0312484 0.0257718 0.0078519 0.0312476 0.0312463 0.0078519 0.4186893 0.0087291 0.0087376 0.0312463 1.0307213 0.0266791 0.0008671 0.0087376 0.0302703 0.0257360 0.0008671 0.0000000 0.0321848 0.0017364 0.0034791 
OR536350_Megalocytivirus_pagrus1_ISKNV                   0.9951703 0.0017412 0.0017412 0.0321877 0.0340324 0.0358314 1.0212796 0.0087530 0.0026154 0.0087530 0.0331168 0.0026153 0.0008684 0.0331168 0.4194296 0.0340324 0.0340660 0.0008684 1.0212796 0.0096346 0.0312522 0.0340660 0.0340319 0.0330610 0.0312522 0.0321848 0.0000000 0.0321877 0.0284676 
MT798582_Megalocytivirus_pagrus1_RSIV                    1.0070211 0.0303164 0.0303164 0.0000010 0.0087300 0.0330359 1.0283563 0.0257742 0.0312514 0.0257742 0.0078527 0.0312495 0.0312481 0.0078527 0.4169126 0.0087300 0.0087385 0.0312481 1.0283563 0.0266816 0.0008672 0.0087385 0.0302730 0.0257383 0.0008672 0.0017364 0.0321877 0.0000000 0.0034795 
MW883598_Megalocytivirus_pagrus1_RSIV                    1.0016233 0.0266160 0.0266160 0.0034795 0.0087294 0.0293179 1.0243104 0.0239280 0.0275418 0.0239280 0.0078522 0.0275403 0.0275390 0.0078522 0.4146192 0.0087294 0.0087379 0.0275390 1.0243104 0.0248308 0.0026063 0.0087379 0.0265789 0.0229506 0.0026063 0.0034791 0.0284676 0.0034795 0.0000000 
