18
KC244182_Megalocytivirus_pagrus1_RSIV                    0.0000000 0.1051421 0.1500843 0.1500843 1.6689479 0.0365444 0.0000010 0.1051421 0.0365444 0.1519642 0.8073669 0.0179381 1.6689479 0.1519642 0.1036113 0.1032839 0.1032839 0.1036113 
MW883595_Megalocytivirus_pagrus1_ISKNV                   0.1051421 0.0000000 0.0371330 0.0371330 1.7002847 0.1182313 0.1051421 0.0000010 0.1182313 0.0375648 0.8570800 0.0848356 1.7002847 0.0375648 0.0881614 0.1125747 0.1125747 0.0881614 
MK689685_Megalocytivirus_pagrus1_ISKNV                   0.1500843 0.0371330 0.0000000 0.0000010 1.6794966 0.1406761 0.1500843 0.0371330 0.1406761 0.0000010 0.9081988 0.1282309 1.6794966 0.0000010 0.1113552 0.1377112 0.1377112 0.1113552 
OR670976_Megalocytivirus_pagrus1_ISKNV                   0.1500843 0.0371330 0.0000010 0.0000000 1.6794966 0.1406761 0.1500843 0.0371330 0.1406761 0.0000010 0.9081988 0.1282309 1.6794966 0.0000010 0.1113552 0.1377112 0.1377112 0.1113552 
MN562489_Megalocytivirus_lates1_SDDV                     1.6689479 1.7002847 1.6794966 1.6794966 0.0000000 1.6105700 1.6689479 1.7002847 1.6105700 1.6433504 2.0312098 1.6664567 0.0000010 1.6433504 1.6635085 1.7292027 1.7292027 1.6635085 
ON743042_Megalocytivirus_pagrus1_RSIV                    0.0365444 0.1182313 0.1406761 0.1406761 1.6105700 0.0000000 0.0365444 0.1182313 0.0000010 0.1442381 0.7955193 0.0551058 1.6105700 0.1442381 0.0901587 0.1037802 0.1037802 0.0901587 
AP017456_Megalocytivirus_pagrus1_RSIV                    0.0000010 0.1051421 0.1500843 0.1500843 1.6689479 0.0365444 0.0000000 0.1051421 0.0365444 0.1519642 0.8073669 0.0179381 1.6689479 0.1519642 0.1036113 0.1032839 0.1032839 0.1036113 
OP009387_Megalocytivirus_pagrus1_ISKNV                   0.1051421 0.0000010 0.0371330 0.0371330 1.7002847 0.1182313 0.1051421 0.0000000 0.1182313 0.0375648 0.8570800 0.0848356 1.7002847 0.0375648 0.0881614 0.1125747 0.1125747 0.0881614 
BD143114_Megalocytivirus_pagrus1_RSIV                    0.0365444 0.1182313 0.1406761 0.1406761 1.6105700 0.0000010 0.0365444 0.1182313 0.0000000 0.1442381 0.7955193 0.0551058 1.6105700 0.1442381 0.0901587 0.1037802 0.1037802 0.0901587 
MW883597_Megalocytivirus_pagrus1_ISKNV                   0.1519642 0.0375648 0.0000010 0.0000010 1.6433504 0.1442381 0.1519642 0.0375648 0.1442381 0.0000000 0.9081988 0.1298158 1.6433504 0.0000010 0.1127660 0.1395384 0.1395384 0.1127660 
PQ335173_PQ335174_Threespine_stickleback_iridovirus_TSIV 0.8073669 0.8570800 0.9081988 0.9081988 2.0312098 0.7955193 0.8073669 0.8570800 0.7955193 0.9081988 0.0000000 0.7990597 2.0312098 0.9081988 0.7745835 0.7986932 0.7986932 0.7745835 
MW883598_Megalocytivirus_pagrus1_RSIV                    0.0179381 0.0848356 0.1282309 0.1282309 1.6664567 0.0551058 0.0179381 0.0848356 0.0551058 0.1298158 0.7990597 0.0000000 1.6664567 0.1298158 0.1028733 0.1138697 0.1138697 0.1028733 
MT521409_Megalocytivirus_lates1_SDDV                     1.6689479 1.7002847 1.6794966 1.6794966 0.0000010 1.6105700 1.6689479 1.7002847 1.6105700 1.6433504 2.0312098 1.6664567 0.0000000 1.6433504 1.6635085 1.7292027 1.7292027 1.6635085 
MW883596_Megalocytivirus_pagrus1_ISKNV                   0.1519642 0.0375648 0.0000010 0.0000010 1.6433504 0.1442381 0.1519642 0.0375648 0.1442381 0.0000010 0.9081988 0.1298158 1.6433504 0.0000000 0.1127660 0.1395384 0.1395384 0.1127660 
OK042109_Megalocytivirus_pagrus1_RSIV                    0.1036113 0.0881614 0.1113552 0.1113552 1.6635085 0.0901587 0.1036113 0.0881614 0.0901587 0.1127660 0.7745835 0.1028733 1.6635085 0.1127660 0.0000000 0.0508587 0.0508587 0.0000010 
MG570132_Megalocytivirus_pagrus1_TRBIV                   0.1032839 0.1125747 0.1377112 0.1377112 1.7292027 0.1037802 0.1032839 0.1125747 0.1037802 0.1395384 0.7986932 0.1138697 1.7292027 0.1395384 0.0508587 0.0000000 0.0000010 0.0508587 
MG570131_Megalocytivirus_pagrus1_TRBIV                   0.1032839 0.1125747 0.1377112 0.1377112 1.7292027 0.1037802 0.1032839 0.1125747 0.1037802 0.1395384 0.7986932 0.1138697 1.7292027 0.1395384 0.0508587 0.0000010 0.0000000 0.0508587 
GQ273492_Megalocytivirus_pagrus1_TRBIV                   0.1036113 0.0881614 0.1113552 0.1113552 1.6635085 0.0901587 0.1036113 0.0881614 0.0901587 0.1127660 0.7745835 0.1028733 1.6635085 0.1127660 0.0000010 0.0508587 0.0508587 0.0000000 
