19
MK637631_European_chub_iridovirus_ECIV                   0.0000000 2.9439187 2.8480387 2.8171674 2.8171674 1.2976371 2.7368434 2.9439187 2.8480387 2.7368434 2.7987791 3.7312760 2.9439187 1.2976371 2.7987791 2.7374245 2.7025004 2.7025004 2.7374245 
KC244182_Megalocytivirus_pagrus1_RSIV                    2.9439187 0.0000000 0.1137297 0.1669856 0.1669856 2.1278162 0.0377101 0.0000010 0.1137297 0.0377101 0.1692451 0.9719934 0.0183596 2.1278162 0.1692451 0.1095342 0.1098021 0.1098021 0.1095342 
MW883595_Megalocytivirus_pagrus1_ISKNV                   2.8480387 0.1137297 0.0000000 0.0389632 0.0389632 2.1898669 0.1293855 0.1137297 0.0000010 0.1293855 0.0394388 1.0521056 0.0912069 2.1898669 0.0394388 0.0923848 0.1223508 0.1223508 0.0923848 
MK689685_Megalocytivirus_pagrus1_ISKNV                   2.8171674 0.1669856 0.0389632 0.0000000 0.0000010 2.1591677 0.1573937 0.1669856 0.0389632 0.1573937 0.0000010 1.1443699 0.1418446 2.1591677 0.0000010 0.1198940 0.1538112 0.1538112 0.1198940 
OR670976_Megalocytivirus_pagrus1_ISKNV                   2.8171674 0.1669856 0.0389632 0.0000010 0.0000000 2.1591677 0.1573937 0.1669856 0.0389632 0.1573937 0.0000010 1.1443699 0.1418446 2.1591677 0.0000010 0.1198940 0.1538112 0.1538112 0.1198940 
MN562489_Megalocytivirus_lates1_SDDV                     1.2976371 2.1278162 2.1898669 2.1591677 2.1591677 0.0000000 2.0674489 2.1278162 2.1898669 2.0674489 2.1200244 2.6355577 2.1315344 0.0000010 2.1200244 2.1031270 2.1513147 2.1513147 2.1031270 
ON743042_Megalocytivirus_pagrus1_RSIV                    2.7368434 0.0377101 0.1293855 0.1573937 0.1573937 2.0674489 0.0000000 0.0377101 0.1293855 0.0000010 0.1616536 0.9863764 0.0574026 2.0674489 0.1616536 0.0945144 0.1114732 0.1114732 0.0945144 
AP017456_Megalocytivirus_pagrus1_RSIV                    2.9439187 0.0000010 0.1137297 0.1669856 0.1669856 2.1278162 0.0377101 0.0000000 0.1137297 0.0377101 0.1692451 0.9719934 0.0183596 2.1278162 0.1692451 0.1095342 0.1098021 0.1098021 0.1095342 
OP009387_Megalocytivirus_pagrus1_ISKNV                   2.8480387 0.1137297 0.0000010 0.0389632 0.0389632 2.1898669 0.1293855 0.1137297 0.0000000 0.1293855 0.0394388 1.0521056 0.0912069 2.1898669 0.0394388 0.0923848 0.1223508 0.1223508 0.0923848 
BD143114_Megalocytivirus_pagrus1_RSIV                    2.7368434 0.0377101 0.1293855 0.1573937 0.1573937 2.0674489 0.0000010 0.0377101 0.1293855 0.0000000 0.1616536 0.9863764 0.0574026 2.0674489 0.1616536 0.0945144 0.1114732 0.1114732 0.0945144 
MW883597_Megalocytivirus_pagrus1_ISKNV                   2.7987791 0.1692451 0.0394388 0.0000010 0.0000010 2.1200244 0.1616536 0.1692451 0.0394388 0.1616536 0.0000000 1.1443699 0.1437338 2.1200244 0.0000010 0.1214984 0.1560191 0.1560191 0.1214984 
PQ335173_PQ335174_Threespine_stickleback_iridovirus_TSIV 3.7312760 0.9719934 1.0521056 1.1443699 1.1443699 2.6355577 0.9863764 0.9719934 1.0521056 0.9863764 1.1443699 0.0000000 0.9643368 2.6355577 1.1443699 0.9827667 0.9926811 0.9926811 0.9827667 
MW883598_Megalocytivirus_pagrus1_RSIV                    2.9439187 0.0183596 0.0912069 0.1418446 0.1418446 2.1315344 0.0574026 0.0183596 0.0912069 0.0574026 0.1437338 0.9643368 0.0000000 2.1315344 0.1437338 0.1084968 0.1214314 0.1214314 0.1084968 
MT521409_Megalocytivirus_lates1_SDDV                     1.2976371 2.1278162 2.1898669 2.1591677 2.1591677 0.0000010 2.0674489 2.1278162 2.1898669 2.0674489 2.1200244 2.6355577 2.1315344 0.0000000 2.1200244 2.1031270 2.1513147 2.1513147 2.1031270 
MW883596_Megalocytivirus_pagrus1_ISKNV                   2.7987791 0.1692451 0.0394388 0.0000010 0.0000010 2.1200244 0.1616536 0.1692451 0.0394388 0.1616536 0.0000010 1.1443699 0.1437338 2.1200244 0.0000000 0.1214984 0.1560191 0.1560191 0.1214984 
OK042109_Megalocytivirus_pagrus1_RSIV                    2.7374245 0.1095342 0.0923848 0.1198940 0.1198940 2.1031270 0.0945144 0.1095342 0.0923848 0.0945144 0.1214984 0.9827667 0.1084968 2.1031270 0.1214984 0.0000000 0.0539126 0.0539126 0.0000010 
MG570132_Megalocytivirus_pagrus1_TRBIV                   2.7025004 0.1098021 0.1223508 0.1538112 0.1538112 2.1513147 0.1114732 0.1098021 0.1223508 0.1114732 0.1560191 0.9926811 0.1214314 2.1513147 0.1560191 0.0539126 0.0000000 0.0000010 0.0539126 
MG570131_Megalocytivirus_pagrus1_TRBIV                   2.7025004 0.1098021 0.1223508 0.1538112 0.1538112 2.1513147 0.1114732 0.1098021 0.1223508 0.1114732 0.1560191 0.9926811 0.1214314 2.1513147 0.1560191 0.0539126 0.0000010 0.0000000 0.0539126 
GQ273492_Megalocytivirus_pagrus1_TRBIV                   2.7374245 0.1095342 0.0923848 0.1198940 0.1198940 2.1031270 0.0945144 0.1095342 0.0923848 0.0945144 0.1214984 0.9827667 0.1084968 2.1031270 0.1214984 0.0000010 0.0539126 0.0539126 0.0000000 
