28
Chlor_AMIV_KF938901_1_Chlor_AMIV_KF938901.1_00005             0.0000000 0.8525008 3.2964098 3.9593735 2.2777004 2.1615494 4.5379530 4.3108770 4.3789471 4.3789471 3.7200977 3.7216313 3.8690965 3.7216313 3.7200977 3.6896263 4.7196902 3.8650359 3.8650359 3.8690965 3.7597309 3.7597309 3.7759368 3.7916567 3.8349724 3.8116093 5.1928854 4.3123167 
Chlor_IIV22_HF920633_1_Chlor_IIV22_HF920633.1_00127           0.8525008 0.0000000 3.1890556 3.5995441 2.0577591 2.0198096 5.0576663 4.4086286 4.3607197 4.3607197 3.6381874 3.6285881 3.7313788 3.6285881 3.6381874 3.6299479 4.4645968 3.7272058 3.7272058 3.7313788 3.7344630 3.7344630 3.7498671 3.6504240 3.6922753 3.6721049 4.8357281 4.3461324 
Daphi_LS484712_1_Daphi_LS484712.1_00187                       3.2964098 3.1890556 0.0000000 3.8150845 3.1401413 2.9090160 4.5169132 4.1585688 4.3182622 4.3182622 4.2566599 4.2535936 4.2453440 4.2535936 4.2566599 3.7444524 8.2796030 4.2453440 4.2453440 4.2453440 4.1986109 4.1986109 4.1729763 4.2354694 4.2254405 4.2364199 4.2792362 4.3960144 
Decap_MF599468_1_Decap_MF599468.1_00011                       3.9593735 3.5995441 3.8150845 0.0000000 3.6548746 3.2873882 3.3631193 3.1841554 2.5464887 2.5464887 3.1694478 3.1603036 3.0804278 3.1603036 3.1694478 2.9553409 4.4319685 3.0804278 3.0804278 3.0804278 3.1048447 3.1048447 3.1076555 3.1388530 3.1673338 3.1692472 3.5535281 3.0946380 
Irido_IIV31_HF920637_1_Irido_IIV31_HF920637.1_00159           2.2777004 2.0577591 3.1401413 3.6548746 0.0000000 0.8800630 5.3545524 4.8903776 3.6367421 3.6367421 3.9327519 3.9212325 3.9492453 3.9212325 3.9327519 3.8485499 4.7037527 3.9549176 3.9549176 3.9492453 3.8934023 3.8934023 3.9017332 3.8288074 3.9600883 3.9364138 5.0505205 4.2534790 
Irido_IIV6_AF303741_1_Irido_IIV6_AF303741.1_00035             2.1615494 2.0198096 2.9090160 3.2873882 0.8800630 0.0000000 4.7941690 4.5300842 3.4019974 3.4019974 3.4679555 3.4765795 3.4783400 3.4765795 3.4679555 3.4001148 3.9856151 3.4864765 3.4864765 3.4783400 3.5041376 3.5041376 3.5111324 3.4232881 3.5270913 3.5130497 4.5230647 4.2468998 
Lymph_LCD4_MN803438_1_Lymph_LCD4_MN803438.1_00113             4.5379530 5.0576663 4.5169132 3.3631193 5.3545524 4.7941690 0.0000000 0.7207960 2.9459703 2.9459703 3.6259771 3.6368874 3.5447837 3.6368874 3.6259771 3.2938092 4.7176721 3.5447837 3.5447837 3.5447837 3.5126413 3.5126413 3.5168558 3.6130788 3.5175880 3.5236968 2.7213021 2.5700938 
Lymph_LDV1_L63545_1_Lymph_LDV1_L63545.1_00076                 4.3108770 4.4086286 4.1585688 3.1841554 4.8903776 4.5300842 0.7207960 0.0000000 2.8933592 2.8933592 3.1338568 3.1425680 3.0446830 3.1425680 3.1338568 2.9359927 3.7584476 3.0446830 3.0446830 3.0446830 2.9489959 2.9489959 2.9514060 3.1184655 3.0275661 3.0316051 2.6346424 2.4869570 
MCV_ML1_SDDV_MN562489_1_MCV_ML1_SDDV_MN562489.1_00087         4.3789471 4.3607197 4.3182622 2.5464887 3.6367421 3.4019974 2.9459703 2.8933592 0.0000000 0.0000010 2.3407540 2.3583754 2.3019747 2.3583754 2.3407540 2.3603523 2.5198554 2.2968021 2.2968021 2.3019747 2.3231182 2.3231182 2.3377804 2.3502518 2.3298437 2.3395200 3.8505087 3.4478817 
MCV_ML1_SDDV_MT521409_1_MCV_ML1_SDDV_MT521409.1_00088         4.3789471 4.3607197 4.3182622 2.5464887 3.6367421 3.4019974 2.9459703 2.8933592 0.0000010 0.0000000 2.3407540 2.3583754 2.3019747 2.3583754 2.3407540 2.3603523 2.5198554 2.2968021 2.2968021 2.3019747 2.3231182 2.3231182 2.3377804 2.3502518 2.3298437 2.3395200 3.8505087 3.4478817 
MCV_MP1_BCFI_MN432490_1_MCV_MP1_BCFI_MN432490.1_00015         3.7200977 3.6381874 4.2566599 3.1694478 3.9327519 3.4679555 3.6259771 3.1338568 2.3407540 2.3407540 0.0000000 0.0042125 0.1006842 0.0042125 0.0000010 0.1108593 0.0862525 0.1029911 0.1029911 0.1006842 0.0949303 0.0949303 0.0926386 0.1089748 0.1274017 0.1249640 3.5921122 3.5492599 
MCV_MP1_BCFI_MT926123_1_MCV_MP1_BCFI_MT926123.1_00015         3.7216313 3.6285881 4.2535936 3.1603036 3.9212325 3.4765795 3.6368874 3.1425680 2.3583754 2.3583754 0.0042125 0.0000000 0.1058473 0.0000010 0.0042125 0.1107864 0.0951148 0.1081688 0.1081688 0.1058473 0.1000213 0.1000213 0.0977142 0.1115302 0.1301799 0.1277289 3.6328010 3.5850775 
MCV_MP1_GSPI_KT804738_1_MCV_MP1_GSPI_KT804738.1_00015         3.8690965 3.7313788 4.2453440 3.0804278 3.9492453 3.4783400 3.5447837 3.0446830 2.3019747 2.3019747 0.1006842 0.1058473 0.0000000 0.1058473 0.1006842 0.1008280 0.0684430 0.0020642 0.0020642 0.0000010 0.0337530 0.0337530 0.0316287 0.0985105 0.1084877 0.1061015 3.6624235 3.4745256 
MCV_MP1_ISKNV_AF371960_1_MCV_MP1_ISKNV_AF371960.1_00015       3.7216313 3.6285881 4.2535936 3.1603036 3.9212325 3.4765795 3.6368874 3.1425680 2.3583754 2.3583754 0.0042125 0.0000010 0.1058473 0.0000000 0.0042125 0.1107864 0.0951148 0.1081688 0.1081688 0.1058473 0.1000213 0.1000213 0.0977142 0.1115302 0.1301799 0.1277289 3.6328010 3.5850775 
MCV_MP1_LBUSV_OP009387_1_MCV_MP1_LBUSV_OP009387.1_00015       3.7200977 3.6381874 4.2566599 3.1694478 3.9327519 3.4679555 3.6259771 3.1338568 2.3407540 2.3407540 0.0000010 0.0042125 0.1006842 0.0042125 0.0000000 0.1108593 0.0862525 0.1029911 0.1029911 0.1006842 0.0949303 0.0949303 0.0926386 0.1089748 0.1274017 0.1249640 3.5921122 3.5492599 
MCV_MP1_LYCI_AY779031_1_MCV_MP1_LYCI_AY779031.1_00015         3.6896263 3.6299479 3.7444524 2.9553409 3.8485499 3.4001148 3.2938092 2.9359927 2.3603523 2.3603523 0.1108593 0.1107864 0.1008280 0.1107864 0.1108593 0.0000000 0.0000010 0.1041660 0.1041660 0.1008280 0.0859966 0.0859966 0.0826960 0.0303270 0.0628719 0.0596369 3.3747042 3.1550247 
MCV_MP1_LYCI_AY779031_1_MCV_MP1_LYCI_AY779031.1_00016         4.7196902 4.4645968 8.2796030 4.4319685 4.7037527 3.9856151 4.7176721 3.7584476 2.5198554 2.5198554 0.0862525 0.0951148 0.0684430 0.0951148 0.0862525 0.0000010 0.0000000 0.0684430 0.0684430 0.0684430 0.0770432 0.0770432 0.0770432 0.0000010 0.0526364 0.0526364 4.8971602 5.1810794 
MCV_MP1_LYCI_MW139932_1_MCV_MP1_LYCI_MW139932.1_00015         3.8650359 3.7272058 4.2453440 3.0804278 3.9549176 3.4864765 3.5447837 3.0446830 2.2968021 2.2968021 0.1029911 0.1081688 0.0020642 0.1081688 0.1029911 0.1041660 0.0684430 0.0000000 0.0000010 0.0020642 0.0358792 0.0358792 0.0337529 0.1008182 0.1107815 0.1083917 3.6624235 3.4745256 
MCV_MP1_LYCI_OL774653_1_MCV_MP1_LYCI_OL774653.1_00032         3.8650359 3.7272058 4.2453440 3.0804278 3.9549176 3.4864765 3.5447837 3.0446830 2.2968021 2.2968021 0.1029911 0.1081688 0.0020642 0.1081688 0.1029911 0.1041660 0.0684430 0.0000010 0.0000000 0.0020642 0.0358792 0.0358792 0.0337529 0.1008182 0.1107815 0.1083917 3.6624235 3.4745256 
MCV_MP1_LYCI_OL774654_1_MCV_MP1_LYCI_OL774654.1_00015         3.8690965 3.7313788 4.2453440 3.0804278 3.9492453 3.4783400 3.5447837 3.0446830 2.3019747 2.3019747 0.1006842 0.1058473 0.0000010 0.1058473 0.1006842 0.1008280 0.0684430 0.0020642 0.0020642 0.0000000 0.0337530 0.0337530 0.0316287 0.0985105 0.1084877 0.1061015 3.6624235 3.4745256 
MCV_MP1_PI_MK098185_1_MCV_MP1_PI_MK098185.1_00015             3.7597309 3.7344630 4.1986109 3.1048447 3.8934023 3.5041376 3.5126413 2.9489959 2.3231182 2.3231182 0.0949303 0.1000213 0.0337530 0.1000213 0.0949303 0.0859966 0.0770432 0.0358792 0.0358792 0.0337530 0.0000000 0.0000010 0.0020688 0.0931881 0.1031550 0.1007870 3.6450849 3.4550204 
MCV_MP1_PI_MK098186_1_MCV_MP1_PI_MK098186.1_00015             3.7597309 3.7344630 4.1986109 3.1048447 3.8934023 3.5041376 3.5126413 2.9489959 2.3231182 2.3231182 0.0949303 0.1000213 0.0337530 0.1000213 0.0949303 0.0859966 0.0770432 0.0358792 0.0358792 0.0337530 0.0000010 0.0000000 0.0020688 0.0931881 0.1031550 0.1007870 3.6450849 3.4550204 
MCV_MP1_RSIV_BD143114_1_MCV_MP1_RSIV_BD143114.1_00060         3.7759368 3.7498671 4.1729763 3.1076555 3.9017332 3.5111324 3.5168558 2.9514060 2.3377804 2.3377804 0.0926386 0.0977142 0.0316287 0.0977142 0.0926386 0.0826960 0.0770432 0.0337529 0.0337529 0.0316287 0.0020688 0.0020688 0.0000000 0.0908901 0.1008700 0.0985058 3.6248702 3.4393436 
MCV_MP1_TRBIV_GQ273492_1_MCV_MP1_TRBIV_GQ273492.1_00015       3.7916567 3.6504240 4.2354694 3.1388530 3.8288074 3.4232881 3.6130788 3.1184655 2.3502518 2.3502518 0.1089748 0.1115302 0.0985105 0.1115302 0.1089748 0.0303270 0.0000010 0.1008182 0.1008182 0.0985105 0.0931881 0.0931881 0.0908901 0.0000000 0.0430117 0.0408106 3.5986500 3.4446419 
MCV_Unclassified_MG570131_1_MCV_Unclassified_MG570131.1_00016 3.8349724 3.6922753 4.2254405 3.1673338 3.9600883 3.5270913 3.5175880 3.0275661 2.3298437 2.3298437 0.1274017 0.1301799 0.1084877 0.1301799 0.1274017 0.0628719 0.0526364 0.1107815 0.1107815 0.1084877 0.1031550 0.1031550 0.1008700 0.0430117 0.0000000 0.0020877 3.6162720 3.4136286 
MCV_Unclassified_MG570132_1_MCV_Unclassified_MG570132.1_00016 3.8116093 3.6721049 4.2364199 3.1692472 3.9364138 3.5130497 3.5236968 3.0316051 2.3395200 2.3395200 0.1249640 0.1277289 0.1061015 0.1277289 0.1249640 0.0596369 0.0526364 0.1083917 0.1083917 0.1061015 0.1007870 0.1007870 0.0985058 0.0408106 0.0020877 0.0000000 3.6194070 3.4191242 
Rana_FV3_NC_005946_1_Rana_FV3_NC_005946.1_00057               5.1928854 4.8357281 4.2792362 3.5535281 5.0505205 4.5230647 2.7213021 2.6346424 3.8505087 3.8505087 3.5921122 3.6328010 3.6624235 3.6328010 3.5921122 3.3747042 4.8971602 3.6624235 3.6624235 3.6624235 3.6450849 3.6450849 3.6248702 3.5986500 3.6162720 3.6194070 0.0000000 1.5968902 
Rana_SGIV_AY521625_1_Rana_SGIV_AY521625.1_00130               4.3123167 4.3461324 4.3960144 3.0946380 4.2534790 4.2468998 2.5700938 2.4869570 3.4478817 3.4478817 3.5492599 3.5850775 3.4745256 3.5850775 3.5492599 3.1550247 5.1810794 3.4745256 3.4745256 3.4745256 3.4550204 3.4550204 3.4393436 3.4446419 3.4136286 3.4191242 1.5968902 0.0000000 
