14
AF371960_AF371960.1_00017 0.0000000 0.0397106 0.0243141 0.0520907 0.0397106 0.0664207 0.0596969 0.0243141 0.0030147 0.0030139 0.0000010 0.0030139 0.0273961 0.0279873 
AY894343_MK689686.1_00016 0.0397106 0.0000000 0.0178684 0.0635171 0.0000010 0.0686276 0.0619819 0.0178684 0.0428218 0.0366187 0.0397106 0.0366187 0.0208792 0.0213199 
BD143114_MK689686.1_00016 0.0243141 0.0178684 0.0000000 0.0450861 0.0178684 0.0527566 0.0462462 0.0000010 0.0273888 0.0212532 0.0243141 0.0212532 0.0029646 0.0030270 
GQ273492_ORF14R_refgen    0.0520907 0.0635171 0.0450861 0.0000000 0.0635171 0.0432858 0.0368602 0.0450861 0.0552277 0.0489759 0.0520907 0.0489759 0.0481673 0.0491946 
KC244182_MK689686.1_00016 0.0397106 0.0000010 0.0178684 0.0635171 0.0000000 0.0686276 0.0619819 0.0178684 0.0428218 0.0366187 0.0397106 0.0366187 0.0208792 0.0213199 
MG570131_MG570131.1_00018 0.0664207 0.0686276 0.0527566 0.0432858 0.0686276 0.0000000 0.0060838 0.0527566 0.0696782 0.0631913 0.0664207 0.0631913 0.0528134 0.0560082 
MG570132_MG570132.1_00018 0.0596969 0.0619819 0.0462462 0.0368602 0.0619819 0.0060838 0.0000000 0.0462462 0.0629247 0.0564959 0.0596969 0.0564959 0.0462954 0.0494598 
MK098185_MK689686.1_00016 0.0243141 0.0178684 0.0000010 0.0450861 0.0178684 0.0527566 0.0462462 0.0000000 0.0273888 0.0212532 0.0243141 0.0212532 0.0029646 0.0030270 
MK689685_AF371960.1_00017 0.0030147 0.0428218 0.0273888 0.0552277 0.0428218 0.0696782 0.0629247 0.0273888 0.0000000 0.0060356 0.0030147 0.0060356 0.0304797 0.0311383 
MN432490_AF371960.1_00017 0.0030139 0.0366187 0.0212532 0.0489759 0.0366187 0.0631913 0.0564959 0.0212532 0.0060356 0.0000000 0.0030139 0.0000010 0.0243272 0.0248517 
MT926123_AF371960.1_00017 0.0000010 0.0397106 0.0243141 0.0520907 0.0397106 0.0664207 0.0596969 0.0243141 0.0030147 0.0030139 0.0000000 0.0030139 0.0273961 0.0279873 
MT986830_AF371960.1_00017 0.0030139 0.0366187 0.0212532 0.0489759 0.0366187 0.0631913 0.0564959 0.0212532 0.0060356 0.0000010 0.0030139 0.0000000 0.0243272 0.0248517 
ON743042_MK689686.1_00016 0.0273961 0.0208792 0.0029646 0.0481673 0.0208792 0.0528134 0.0462954 0.0029646 0.0304797 0.0243272 0.0273961 0.0243272 0.0000000 0.0060632 
OQ475017_OQ475017.1_00017 0.0279873 0.0213199 0.0030270 0.0491946 0.0213199 0.0560082 0.0494598 0.0030270 0.0311383 0.0248517 0.0279873 0.0248517 0.0060632 0.0000000 
