11
MCV_ML1_SDDV_MN562489_1_MCV_ML1_SDDV_MN562489.1_00097         0.0000000 0.0000010 0.0050471 1.5339434 1.5339434 1.5418108 1.5418108 1.5418108 1.5418108 1.5366060 1.5366060 
MCV_ML1_SDDV_MT521409_1_MCV_ML1_SDDV_MT521409.1_00098         0.0000010 0.0000000 0.0050471 1.5339434 1.5339434 1.5418108 1.5418108 1.5418108 1.5418108 1.5366060 1.5366060 
MCV_ML1_SDDV_NC_027778_1_MCV_ML1_SDDV_NC_027778.1_00078       0.0050471 0.0050471 0.0000000 1.5339434 1.5339434 1.5418108 1.5418108 1.5418108 1.5418108 1.5366060 1.5366060 
MCV_MP1_BCFI_MN432490_1_MCV_MP1_BCFI_MN432490.1_00024         1.5339434 1.5339434 1.5339434 0.0000000 0.0000010 0.0510854 0.0511314 0.0511314 0.0510854 0.0450413 0.0450413 
MCV_MP1_BCFI_MT926123_1_MCV_MP1_BCFI_MT926123.1_00023         1.5339434 1.5339434 1.5339434 0.0000010 0.0000000 0.0510854 0.0511314 0.0511314 0.0510854 0.0450413 0.0450413 
MCV_MP1_GSPI_KT804738_1_MCV_MP1_GSPI_KT804738.1_00022         1.5418108 1.5418108 1.5418108 0.0510854 0.0510854 0.0000000 0.0110667 0.0110667 0.0000010 0.0165656 0.0165656 
MCV_MP1_LYCI_AY779031_1_MCV_MP1_LYCI_AY779031.1_00024         1.5418108 1.5418108 1.5418108 0.0511314 0.0511314 0.0110667 0.0000000 0.0000010 0.0110667 0.0165777 0.0165777 
MCV_MP1_LYCI_MW139932_1_MCV_MP1_LYCI_MW139932.1_00024         1.5418108 1.5418108 1.5418108 0.0511314 0.0511314 0.0110667 0.0000010 0.0000000 0.0110667 0.0165777 0.0165777 
MCV_MP1_OSGI_AY894343_1_MCV_MP1_OSGI_AY894343.1_00022         1.5418108 1.5418108 1.5418108 0.0510854 0.0510854 0.0000010 0.0110667 0.0110667 0.0000000 0.0165656 0.0165656 
MCV_MP1_TRBIV_GQ273492_1_MCV_MP1_TRBIV_GQ273492.1_00023       1.5366060 1.5366060 1.5366060 0.0450413 0.0450413 0.0165656 0.0165777 0.0165777 0.0165656 0.0000000 0.0000010 
MCV_Unclassified_MG570131_1_MCV_Unclassified_MG570131.1_00024 1.5366060 1.5366060 1.5366060 0.0450413 0.0450413 0.0165656 0.0165777 0.0165777 0.0165656 0.0000010 0.0000000 
