29
AF303741_AF303741.1_00011          0.0000000 2.5605378 2.3585213 2.5744404 2.5737382 2.5769297 1.3479796 0.5432919 2.5752136 1.3228218 2.5744404 2.0520244 3.1976248 1.6603042 2.5646726 2.5615469 2.5737382 2.5807516 2.5807516 2.5461292 2.5558117 2.4685280 2.0658895 2.4685280 2.5752136 2.5605378 2.5558117 2.2867817 2.4660350 
AF371960_AF371960.1_00021          2.5605378 0.0000000 2.0508407 0.0233334 0.0299378 0.0421734 2.5767754 2.6448681 0.0243994 2.4902091 0.0233334 1.8503218 3.9410183 2.1981328 0.0432059 0.0443864 0.0299378 0.0310408 0.0310408 0.0010463 0.0031463 0.9604789 1.7965186 0.9604789 0.0243994 0.0000010 0.0031463 2.1288896 0.9567303 
AY521625_AY521625.1_00110          2.3585213 2.0508407 0.0000000 2.0488036 2.0522095 2.0684500 2.1427538 2.3245205 2.0502460 2.0603933 2.0488036 1.4829991 3.6767182 1.6531181 2.0648507 2.0709504 2.0522095 2.0603999 2.0603999 2.0459490 2.0494917 1.8694045 1.4857774 1.8694045 2.0502460 2.0508407 2.0494917 0.4593524 1.8689443 
AY894343_MK689686.1_00021          2.5744404 0.0233334 2.0488036 0.0000000 0.0212007 0.0421536 2.5851948 2.6796607 0.0010428 2.4866692 0.0000010 1.8646471 3.9352890 2.1843387 0.0420622 0.0432385 0.0212007 0.0222848 0.0222848 0.0244220 0.0222623 0.9647734 1.8039589 0.9647734 0.0010428 0.0233334 0.0222623 2.1275460 0.9610299 
BD143114_MK689686.1_00021          2.5737382 0.0299378 2.0522095 0.0212007 0.0000000 0.0485540 2.5781540 2.6747415 0.0222657 2.4617965 0.0212007 1.8243988 3.8429224 2.2014473 0.0462087 0.0474124 0.0000010 0.0010440 0.0010440 0.0310429 0.0288549 0.9634969 1.7657535 0.9634969 0.0222657 0.0299378 0.0288549 2.1424533 0.9597439 
GQ273492_GQ273492.1_00022          2.5769297 0.0421734 2.0684500 0.0421536 0.0485540 0.0000000 2.5866475 2.6636458 0.0432426 2.4561662 0.0421536 1.8562746 3.9992683 2.1851427 0.0212070 0.0223183 0.0485540 0.0497071 0.0497071 0.0433051 0.0410732 0.9942697 1.8069899 0.9942697 0.0432426 0.0421734 0.0410732 2.1503114 0.9904697 
HF920633_HF920633.1_00001          1.3479796 2.5767754 2.1427538 2.5851948 2.5781540 2.5866475 0.0000000 1.1307133 2.5861024 0.4628899 2.5851948 1.8893390 3.1261279 1.5584168 2.5522482 2.5479321 2.5781540 2.5768547 2.5768547 2.5661500 2.5801331 2.2938102 1.8424236 2.2938102 2.5861024 2.5767754 2.5801331 2.0514476 2.2913859 
HF920637_HF920637.1_00001          0.5432919 2.6448681 2.3245205 2.6796607 2.6747415 2.6636458 1.1307133 0.0000000 2.6806178 1.2903892 2.6796607 2.0749710 3.3849209 1.6818329 2.6345266 2.6227924 2.6747415 2.6733702 2.6733702 2.6294699 2.6430816 2.5307223 2.0525243 2.5307223 2.6806178 2.6448681 2.6430816 2.3253459 2.5281292 
KC244182_MK689686.1_00021          2.5752136 0.0243994 2.0502460 0.0010428 0.0222657 0.0432426 2.5861024 2.6806178 0.0000000 2.4875506 0.0010428 1.8652857 3.9384924 2.1850773 0.0431492 0.0443280 0.0222657 0.0233512 0.0233512 0.0254894 0.0233276 0.9645013 1.8045712 0.9645013 0.0000010 0.0243994 0.0233276 2.1301807 0.9607543 
KF938901_KF938901.1_00054          1.3228218 2.4902091 2.0603933 2.4866692 2.4617965 2.4561662 0.4628899 1.2903892 2.4875506 0.0000000 2.4866692 1.8924781 2.9414565 1.5490319 2.4549611 2.4469941 2.4617965 2.4605435 2.4605435 2.4758405 2.4898120 2.1845079 1.8567769 2.1845079 2.4875506 2.4902091 2.4898120 2.0016568 2.1822028 
KT804738_MK689686.1_00021          2.5744404 0.0233334 2.0488036 0.0000010 0.0212007 0.0421536 2.5851948 2.6796607 0.0010428 2.4866692 0.0000000 1.8646471 3.9352890 2.1843387 0.0420622 0.0432385 0.0212007 0.0222848 0.0222848 0.0244220 0.0222623 0.9647734 1.8039589 0.9647734 0.0010428 0.0233334 0.0222623 2.1275460 0.9610299 
KX643370_Lymph_LDV3_KX643370_00117 2.0520244 1.8503218 1.4829991 1.8646471 1.8243988 1.8562746 1.8893390 2.0749710 1.8652857 1.8924781 1.8646471 0.0000000 3.2553841 1.4940777 1.8700119 1.8629578 1.8243988 1.8317828 1.8317828 1.8430229 1.8535076 1.8233742 0.1443411 1.8233742 1.8652857 1.8503218 1.8535076 1.5533910 1.8199088 
LS484712_LS484712.1_00200          3.1976248 3.9410183 3.6767182 3.9352890 3.8429224 3.9992683 3.1261279 3.3849209 3.9384924 2.9414565 3.9352890 3.2553841 0.0000000 3.3372123 3.9557993 3.9501521 3.8429224 3.8363595 3.8363595 3.9147399 3.9305274 3.7206718 3.3114882 3.7206718 3.9384924 3.9410183 3.9305274 3.5530484 3.7169429 
MF599468_MF599468.1_00112          1.6603042 2.1981328 1.6531181 2.1843387 2.2014473 2.1851427 1.5584168 1.6818329 2.1850773 1.5490319 2.1843387 1.4940777 3.3372123 0.0000000 2.1797141 2.1754586 2.2014473 2.2007012 2.2007012 2.1988668 2.1979704 1.8994855 1.4218230 1.8994855 2.1850773 2.1981328 2.1979704 1.5620053 1.8973997 
MG570131_MG570131.1_00023          2.5646726 0.0432059 2.0648507 0.0420622 0.0462087 0.0212070 2.5522482 2.6345266 0.0431492 2.4549611 0.0420622 1.8700119 3.9557993 2.1797141 0.0000000 0.0052443 0.0462087 0.0473562 0.0473562 0.0432392 0.0421063 0.9922731 1.8230002 0.9922731 0.0431492 0.0432059 0.0421063 2.1461394 0.9884805 
MG570132_MG570132.1_00023          2.5615469 0.0443864 2.0709504 0.0432385 0.0474124 0.0223183 2.5479321 2.6227924 0.0443280 2.4469941 0.0432385 1.8629578 3.9501521 2.1754586 0.0052443 0.0000000 0.0474124 0.0485636 0.0485636 0.0444206 0.0432839 0.9885665 1.8206776 0.9885665 0.0443280 0.0443864 0.0432839 2.1535367 0.9847832 
MK098185_MK689686.1_00021          2.5737382 0.0299378 2.0522095 0.0212007 0.0000010 0.0485540 2.5781540 2.6747415 0.0222657 2.4617965 0.0212007 1.8243988 3.8429224 2.2014473 0.0462087 0.0474124 0.0000000 0.0010440 0.0010440 0.0310429 0.0288549 0.9634969 1.7657535 0.9634969 0.0222657 0.0299378 0.0288549 2.1424533 0.9597439 
MK098186_MK689686.1_00021          2.5807516 0.0310408 2.0603999 0.0222848 0.0010440 0.0497071 2.5768547 2.6733702 0.0233512 2.4605435 0.0222848 1.8317828 3.8363595 2.2007012 0.0473562 0.0485636 0.0010440 0.0000000 0.0000010 0.0321484 0.0299562 0.9673049 1.7728808 0.9673049 0.0233512 0.0310408 0.0299562 2.1509811 0.9635424 
MK098187_MK689686.1_00021          2.5807516 0.0310408 2.0603999 0.0222848 0.0010440 0.0497071 2.5768547 2.6733702 0.0233512 2.4605435 0.0222848 1.8317828 3.8363595 2.2007012 0.0473562 0.0485636 0.0010440 0.0000010 0.0000000 0.0321484 0.0299562 0.9673049 1.7728808 0.9673049 0.0233512 0.0310408 0.0299562 2.1509811 0.9635424 
MK689685_AF371960.1_00021          2.5461292 0.0010463 2.0459490 0.0244220 0.0310429 0.0433051 2.5661500 2.6294699 0.0254894 2.4758405 0.0244220 1.8430229 3.9147399 2.1988668 0.0432392 0.0444206 0.0310429 0.0321484 0.0321484 0.0000000 0.0041997 0.9588733 1.7894886 0.9588733 0.0254894 0.0010463 0.0041997 2.1237589 0.9551271 
MN432490_AF371960.1_00021          2.5558117 0.0031463 2.0494917 0.0222623 0.0288549 0.0410732 2.5801331 2.6430816 0.0233276 2.4898120 0.0222623 1.8535076 3.9305274 2.1979704 0.0421063 0.0432839 0.0288549 0.0299562 0.0299562 0.0041997 0.0000000 0.9564592 1.7996813 0.9564592 0.0233276 0.0031463 0.0000010 2.1280418 0.9527211 
MN562489_OM037668.1_00041          2.4685280 0.9604789 1.8694045 0.9647734 0.9634969 0.9942697 2.2938102 2.5307223 0.9645013 2.1845079 0.9647734 1.8233742 3.7206718 1.8994855 0.9922731 0.9885665 0.9634969 0.9673049 0.9673049 0.9588733 0.9564592 0.0000000 1.8188055 0.0000010 0.9645013 0.9604789 0.9564592 1.9581459 0.0010358 
MN803438_MN803438.1_00128          2.0658895 1.7965186 1.4857774 1.8039589 1.7657535 1.8069899 1.8424236 2.0525243 1.8045712 1.8567769 1.8039589 0.1443411 3.3114882 1.4218230 1.8230002 1.8206776 1.7657535 1.7728808 1.7728808 1.7894886 1.7996813 1.8188055 0.0000000 1.8188055 1.8045712 1.7965186 1.7996813 1.5165765 1.8167232 
MT521409_OM037668.1_00041          2.4685280 0.9604789 1.8694045 0.9647734 0.9634969 0.9942697 2.2938102 2.5307223 0.9645013 2.1845079 0.9647734 1.8233742 3.7206718 1.8994855 0.9922731 0.9885665 0.9634969 0.9673049 0.9673049 0.9588733 0.9564592 0.0000010 1.8188055 0.0000000 0.9645013 0.9604789 0.9564592 1.9581459 0.0010358 
MT798582_MK689686.1_00021          2.5752136 0.0243994 2.0502460 0.0010428 0.0222657 0.0432426 2.5861024 2.6806178 0.0000010 2.4875506 0.0010428 1.8652857 3.9384924 2.1850773 0.0431492 0.0443280 0.0222657 0.0233512 0.0233512 0.0254894 0.0233276 0.9645013 1.8045712 0.9645013 0.0000000 0.0243994 0.0233276 2.1301807 0.9607543 
MT926123_AF371960.1_00021          2.5605378 0.0000010 2.0508407 0.0233334 0.0299378 0.0421734 2.5767754 2.6448681 0.0243994 2.4902091 0.0233334 1.8503218 3.9410183 2.1981328 0.0432059 0.0443864 0.0299378 0.0310408 0.0310408 0.0010463 0.0031463 0.9604789 1.7965186 0.9604789 0.0243994 0.0000000 0.0031463 2.1288896 0.9567303 
MT986830_AF371960.1_00021          2.5558117 0.0031463 2.0494917 0.0222623 0.0288549 0.0410732 2.5801331 2.6430816 0.0233276 2.4898120 0.0222623 1.8535076 3.9305274 2.1979704 0.0421063 0.0432839 0.0288549 0.0299562 0.0299562 0.0041997 0.0000010 0.9564592 1.7996813 0.9564592 0.0233276 0.0031463 0.0000000 2.1280418 0.9527211 
NC_005946_NC_005946.1_00060        2.2867817 2.1288896 0.4593524 2.1275460 2.1424533 2.1503114 2.0514476 2.3253459 2.1301807 2.0016568 2.1275460 1.5533910 3.5530484 1.5620053 2.1461394 2.1535367 2.1424533 2.1509811 2.1509811 2.1237589 2.1280418 1.9581459 1.5165765 1.9581459 2.1301807 2.1288896 2.1280418 0.0000000 1.9576527 
OM037668_OM037668.1_00041          2.4660350 0.9567303 1.8689443 0.9610299 0.9597439 0.9904697 2.2913859 2.5281292 0.9607543 2.1822028 0.9610299 1.8199088 3.7169429 1.8973997 0.9884805 0.9847832 0.9597439 0.9635424 0.9635424 0.9551271 0.9527211 0.0010358 1.8167232 0.0010358 0.9607543 0.9567303 0.9527211 1.9576527 0.0000000 
