23
MW273353_Megalocytivirus_pagrus1_ISKNV                   0.0000000 0.0021340 0.0021294 0.0960776 0.0021290 0.0021290 0.0000010 0.0960776 0.0021292 1.6445547 0.0021286 0.0963783 0.0261225 0.0042609 0.1391681 0.0963783 0.1391681 0.0938764 0.1235269 0.0986497 0.0261225 0.0988490 0.0021340 
OR670976_Megalocytivirus_pagrus1_ISKNV                   0.0021340 0.0000000 0.0042741 0.0987310 0.0042731 0.0042731 0.0021340 0.0987310 0.0042736 1.6513550 0.0042725 0.0990396 0.0284020 0.0064142 0.1395346 0.0990396 0.1395346 0.0965228 0.1238466 0.1013191 0.0284020 0.1015245 0.0000010 
MK689685_Megalocytivirus_pagrus1_ISKNV                   0.0021294 0.0042741 0.0000000 0.0985088 0.0042639 0.0042639 0.0021294 0.0985088 0.0042644 1.6445547 0.0042632 0.0988161 0.0283395 0.0064004 0.1417741 0.0988161 0.1417741 0.0963053 0.1260474 0.1010906 0.0283395 0.1012951 0.0042741 
OQ475017_Megalocytivirus_pagrus1_RSIV                    0.0960776 0.0987310 0.0985088 0.0000000 0.0984803 0.0984803 0.0960776 0.0000010 0.0984968 1.6232233 0.0984622 0.0234147 0.1015923 0.1008318 0.1152764 0.0234147 0.1152764 0.0212380 0.1050640 0.0127085 0.1015923 0.0255868 0.0987310 
OR356116_Megalocytivirus_pagrus1_ISKNV                   0.0021290 0.0042731 0.0042639 0.0984803 0.0000000 0.0000010 0.0021290 0.0984803 0.0042634 1.6358469 0.0042623 0.0940011 0.0283326 0.0063989 0.1388852 0.0940011 0.1388852 0.0915065 0.1232736 0.0962707 0.0283326 0.0964650 0.0042731 
OP896201_Megalocytivirus_pagrus1_ISKNV                   0.0021290 0.0042731 0.0042639 0.0984803 0.0000010 0.0000000 0.0021290 0.0984803 0.0042634 1.6358469 0.0042623 0.0940011 0.0283326 0.0063989 0.1388852 0.0940011 0.1388852 0.0915065 0.1232736 0.0962707 0.0283326 0.0964650 0.0042731 
MW883597_Megalocytivirus_pagrus1_ISKNV                   0.0000010 0.0021340 0.0021294 0.0960776 0.0021290 0.0021290 0.0000000 0.0960776 0.0021292 1.6445547 0.0021286 0.0963783 0.0261225 0.0042609 0.1391681 0.0963783 0.1391681 0.0938764 0.1235269 0.0986497 0.0261225 0.0988490 0.0021340 
MK098186_Megalocytivirus_pagrus1_RSIV                    0.0960776 0.0987310 0.0985088 0.0000010 0.0984803 0.0984803 0.0960776 0.0000000 0.0984968 1.6232233 0.0984622 0.0234147 0.1015923 0.1008318 0.1152764 0.0234147 0.1152764 0.0212380 0.1050640 0.0127085 0.1015923 0.0255868 0.0987310 
23043610005_Megalocytivirus_pagrus1_ISKNV                0.0021292 0.0042736 0.0042644 0.0984968 0.0042634 0.0042634 0.0021292 0.0984968 0.0000000 1.6507987 0.0042627 0.0988040 0.0283362 0.0063996 0.1417565 0.0988040 0.1417565 0.0962935 0.1260320 0.1010783 0.0283362 0.1012827 0.0042736 
PQ335173_PQ335174_Threespine_stickleback_iridovirus_TSIV 1.6445547 1.6513550 1.6445547 1.6232233 1.6358469 1.6358469 1.6445547 1.6232233 1.6507987 0.0000000 1.6545126 1.6355509 1.6601197 1.6425779 1.6548785 1.6355509 1.6548785 1.6246647 1.5815319 1.6146226 1.6601197 1.6397549 1.6513550 
MW883600_Megalocytivirus_pagrus1_ISKNV                   0.0021286 0.0042725 0.0042632 0.0984622 0.0042623 0.0042623 0.0021286 0.0984622 0.0042627 1.6545126 0.0000000 0.0987692 0.0283281 0.0063979 0.1416999 0.0987692 0.1416999 0.0962599 0.1259843 0.1010425 0.0283281 0.1012468 0.0042725 
KC244182_Megalocytivirus_pagrus1_RSIV                    0.0963783 0.0990396 0.0988161 0.0234147 0.0940011 0.0940011 0.0963783 0.0234147 0.0988040 1.6355509 0.0987692 0.0000000 0.0989139 0.1011449 0.1105786 0.0000010 0.1105786 0.0021033 0.0999615 0.0105620 0.0989139 0.0021018 0.0990396 
MN432490_Megalocytivirus_pagrus1_ISKNV                   0.0261225 0.0284020 0.0283395 0.1015923 0.0283326 0.0283326 0.0261225 0.1015923 0.0283362 1.6601197 0.0283281 0.0989139 0.0000000 0.0261019 0.1396148 0.0989139 0.1396148 0.0964003 0.1189184 0.1011909 0.0000010 0.1013958 0.0284020 
PP151097_Megalocytivirus_pagrus1_ISKNV                   0.0042609 0.0064142 0.0064004 0.1008318 0.0063989 0.0063989 0.0042609 0.1008318 0.0063996 1.6425779 0.0063979 0.1011449 0.0261019 0.0000000 0.1442060 0.1011449 0.1442060 0.0986287 0.1234211 0.1034197 0.0261019 0.1036289 0.0064142 
MG570132_Megalocytivirus_pagrus1_TRBIV                   0.1391681 0.1395346 0.1417741 0.1152764 0.1388852 0.1388852 0.1391681 0.1152764 0.1417565 1.6548785 0.1416999 0.1105786 0.1396148 0.1442060 0.0000000 0.1105786 0.0000010 0.1080302 0.0642026 0.1081368 0.1396148 0.1130934 0.1395346 
ON075463_Megalocytivirus_pagrus1_RSIV                    0.0963783 0.0990396 0.0988161 0.0234147 0.0940011 0.0940011 0.0963783 0.0234147 0.0988040 1.6355509 0.0987692 0.0000010 0.0989139 0.1011449 0.1105786 0.0000000 0.1105786 0.0021033 0.0999615 0.0105620 0.0989139 0.0021018 0.0990396 
MG570131_Megalocytivirus_pagrus1_TRBIV                   0.1391681 0.1395346 0.1417741 0.1152764 0.1388852 0.1388852 0.1391681 0.1152764 0.1417565 1.6548785 0.1416999 0.1105786 0.1396148 0.1442060 0.0000010 0.1105786 0.0000000 0.1080302 0.0642026 0.1081368 0.1396148 0.1130934 0.1395346 
MW883598_Megalocytivirus_pagrus1_RSIV                    0.0938764 0.0965228 0.0963053 0.0212380 0.0915065 0.0915065 0.0938764 0.0212380 0.0962935 1.6246647 0.0962599 0.0021033 0.0964003 0.0986287 0.1080302 0.0021033 0.1080302 0.0000000 0.0974698 0.0084305 0.0964003 0.0042135 0.0965228 
GQ273492_Megalocytivirus_pagrus1_TRBIV                   0.1235269 0.1238466 0.1260474 0.1050640 0.1232736 0.1232736 0.1235269 0.1050640 0.1260320 1.5815319 0.1259843 0.0999615 0.1189184 0.1234211 0.0642026 0.0999615 0.0642026 0.0974698 0.0000000 0.1002407 0.1189184 0.1024216 0.1238466 
ON740976_Megalocytivirus_pagrus1_RSIV                    0.0986497 0.1013191 0.1010906 0.0127085 0.0962707 0.0962707 0.0986497 0.0127085 0.1010783 1.6146226 0.1010425 0.0105620 0.1011909 0.1034197 0.1081368 0.0105620 0.1081368 0.0084305 0.1002407 0.0000000 0.1011909 0.0126956 0.1013191 
PP974677_Megalocytivirus_pagrus1_ISKNV                   0.0261225 0.0284020 0.0283395 0.1015923 0.0283326 0.0283326 0.0261225 0.1015923 0.0283362 1.6601197 0.0283281 0.0989139 0.0000010 0.0261019 0.1396148 0.0989139 0.1396148 0.0964003 0.1189184 0.1011909 0.0000000 0.1013958 0.0284020 
AP017456_Megalocytivirus_pagrus1_RSIV                    0.0988490 0.1015245 0.1012951 0.0255868 0.0964650 0.0964650 0.0988490 0.0255868 0.1012827 1.6397549 0.1012468 0.0021018 0.1013958 0.1036289 0.1130934 0.0021018 0.1130934 0.0042135 0.1024216 0.0126956 0.1013958 0.0000000 0.1015245 
OQ513807_Megalocytivirus_pagrus1_ISKNV                   0.0021340 0.0000010 0.0042741 0.0987310 0.0042731 0.0042731 0.0021340 0.0987310 0.0042736 1.6513550 0.0042725 0.0990396 0.0284020 0.0064142 0.1395346 0.0990396 0.1395346 0.0965228 0.1238466 0.1013191 0.0284020 0.1015245 0.0000000 
