33
MK637631_European_chub_iridovirus_ECIV                   0.0000000 1.4786374 3.2726410 1.5006620 1.4802949 4.3998905 1.4802949 1.4816627 1.4850382 1.4794902 1.4893364 1.4794902 3.6398604 3.7666377 1.4786374 1.4786374 1.4816627 1.5006620 4.2321732 3.2072374 4.8090687 1.4774370 1.5024888 4.3248833 0.8467751 1.4850382 1.4749148 0.8467751 1.4747332 1.4777033 0.8456896 1.6431482 3.2888066 
ON740976_Megalocytivirus_pagrus1_RSIV                    1.4786374 0.0000000 2.7757750 0.0571040 0.0411952 3.0162407 0.0411952 0.0212919 0.0110987 0.0391023 0.0060562 0.0391023 2.7563739 2.7056382 0.0010033 0.0010033 0.0212919 0.0571040 3.4481845 2.7214164 3.1940237 0.0422498 0.0485166 3.4626907 1.3693554 0.0110987 0.0233578 1.3693554 0.0020075 0.0020075 1.3720481 0.5539809 3.1786496 
KX643370_Lymphocystivirus_sparus1_n/a                    3.2726410 2.7757750 0.0000000 2.7743557 2.7800745 4.2116510 2.7800745 2.7562137 2.7612110 2.7769666 2.7946509 2.7769666 2.2470433 2.3428445 2.7757750 2.7757750 2.7562137 2.7743557 3.4127720 0.2005361 4.4493179 2.7880149 2.7546915 3.6911337 3.1477287 2.7612110 2.7610347 3.1477287 2.7732154 2.7768277 3.1477287 3.0626336 2.2398804 
MG570132_Megalocytivirus_pagrus1_TRBIV                   1.5006620 0.0571040 2.7743557 0.0000000 0.0559007 3.0590411 0.0559007 0.0463679 0.0538738 0.0516869 0.0615502 0.0516869 2.7858162 2.7331010 0.0559890 0.0559890 0.0463679 0.0000010 3.4845555 2.7135841 3.2948954 0.0558334 0.0401094 3.4923886 1.3857221 0.0538738 0.0474569 1.3857221 0.0549171 0.0549364 1.3884402 0.5683879 3.1839319 
OR536350_Megalocytivirus_pagrus1_ISKNV                   1.4802949 0.0411952 2.7800745 0.0559007 0.0000000 3.0445306 0.0000010 0.0430667 0.0359202 0.0080514 0.0455298 0.0080514 2.7878212 2.7316841 0.0401105 0.0401105 0.0430667 0.0559007 3.4252869 2.7383783 3.2442785 0.0010013 0.0516167 3.4447276 1.3722992 0.0359202 0.0431020 1.3722992 0.0390573 0.0390709 1.3749956 0.5443997 3.1632294 
KF938901_Chloriridovirus_anopheles1_n/a                  4.3998905 3.0162407 4.2116510 3.0590411 3.0445306 0.0000000 3.0445306 2.9823308 3.0022969 3.0481690 3.0121499 3.0481690 4.9174301 5.0341503 3.0159996 3.0159996 2.9823308 3.0590411 4.0629904 4.0308475 0.9691594 3.0377142 3.0532054 4.3084140 3.9367662 3.0022969 2.9802117 3.9367662 3.0127412 3.0125561 3.9456415 3.5770798 4.4005082 
MW883596_Megalocytivirus_pagrus1_ISKNV                   1.4802949 0.0411952 2.7800745 0.0559007 0.0000010 3.0445306 0.0000000 0.0430667 0.0359202 0.0080514 0.0455298 0.0080514 2.7878212 2.7316841 0.0401105 0.0401105 0.0430667 0.0559007 3.4252869 2.7383783 3.2442785 0.0010013 0.0516167 3.4447276 1.3722992 0.0359202 0.0431020 1.3722992 0.0390573 0.0390709 1.3749956 0.5443997 3.1632294 
OL774653_Megalocytivirus_pagrus1_RSIV                    1.4816627 0.0212919 2.7562137 0.0463679 0.0430667 2.9823308 0.0430667 0.0000000 0.0141252 0.0409806 0.0254669 0.0409806 2.7822311 2.7169846 0.0202504 0.0202504 0.0000010 0.0463679 3.4037818 2.6904190 3.1816414 0.0441183 0.0317129 3.4332678 1.3658369 0.0141252 0.0060237 1.3658369 0.0192258 0.0192324 1.3685264 0.5632591 3.1536407 
BD143114_Megalocytivirus_pagrus1_RSIV                    1.4850382 0.0110987 2.7612110 0.0538738 0.0359202 3.0022969 0.0359202 0.0141252 0.0000000 0.0359384 0.0152058 0.0359384 2.7751256 2.7158061 0.0100760 0.0100760 0.0141252 0.0538738 3.4322111 2.7093004 3.1882851 0.0369681 0.0464078 3.4614147 1.3627697 0.0000010 0.0161693 1.3627697 0.0090627 0.0090658 1.3654539 0.5551667 3.1818439 
MN432490_Megalocytivirus_pagrus1_ISKNV                   1.4794902 0.0391023 2.7769666 0.0516869 0.0080514 3.0481690 0.0080514 0.0409806 0.0359384 0.0000000 0.0434235 0.0000010 2.7748031 2.7334382 0.0380213 0.0380213 0.0409806 0.0516869 3.4393674 2.7265608 3.2478669 0.0090630 0.0474204 3.4538876 1.3673715 0.0359384 0.0410142 1.3673715 0.0369704 0.0369832 1.3700622 0.5463411 3.1520422 
KC244182_Megalocytivirus_pagrus1_RSIV                    1.4893364 0.0060562 2.7946509 0.0615502 0.0455298 3.0121499 0.0455298 0.0254669 0.0152058 0.0434235 0.0000000 0.0434235 2.7629522 2.7037661 0.0050400 0.0050400 0.0254669 0.0615502 3.4628430 2.7426356 3.1769766 0.0465920 0.0528969 3.4616056 1.3946647 0.0152058 0.0275492 1.3946647 0.0060508 0.0060507 1.3974028 0.5637195 3.1843818 
MW883595_Megalocytivirus_pagrus1_ISKNV                   1.4794902 0.0391023 2.7769666 0.0516869 0.0080514 3.0481690 0.0080514 0.0409806 0.0359384 0.0000010 0.0434235 0.0000000 2.7748031 2.7334382 0.0380213 0.0380213 0.0409806 0.0516869 3.4393674 2.7265608 3.2478669 0.0090630 0.0474204 3.4538876 1.3673715 0.0359384 0.0410142 1.3673715 0.0369704 0.0369832 1.3700622 0.5463411 3.1520422 
AY521625_Ranavirus_epinephelus1_n/a                      3.6398604 2.7563739 2.2470433 2.7858162 2.7878212 4.9174301 2.7878212 2.7822311 2.7751256 2.7748031 2.7629522 2.7748031 0.0000000 0.7976743 2.7563739 2.7563739 2.7822311 2.7858162 3.8794171 2.3212291 4.7517868 2.7863545 2.7995414 3.8295704 3.3466195 2.7751256 2.7731045 3.3466195 2.7537926 2.7566793 3.3535104 2.9533513 3.0066194 
NC_005946_Ranavirus_rana1_n/a                            3.7666377 2.7056382 2.3428445 2.7331010 2.7316841 5.0341503 2.7316841 2.7169846 2.7158061 2.7334382 2.7037661 2.7334382 0.7976743 0.0000000 2.7056382 2.7056382 2.7169846 2.7331010 3.7261068 2.3971073 4.9004136 2.7394678 2.7235829 3.8838720 3.3208807 2.7158061 2.7035807 3.3208807 2.7002486 2.7059397 3.3276097 2.8183027 3.0202445 
AY894343_Megalocytivirus_pagrus1_RSIV                    1.4786374 0.0010033 2.7757750 0.0559890 0.0401105 3.0159996 0.0401105 0.0202504 0.0100760 0.0380213 0.0050400 0.0380213 2.7563739 2.7056382 0.0000000 0.0000010 0.0202504 0.0559890 3.4481845 2.7214164 3.1959972 0.0411631 0.0474193 3.4626907 1.3693554 0.0100760 0.0223118 1.3693554 0.0010024 0.0010024 1.3720481 0.5539809 3.1786496 
KT804738_Megalocytivirus_pagrus1_RSIV                    1.4786374 0.0010033 2.7757750 0.0559890 0.0401105 3.0159996 0.0401105 0.0202504 0.0100760 0.0380213 0.0050400 0.0380213 2.7563739 2.7056382 0.0000010 0.0000000 0.0202504 0.0559890 3.4481845 2.7214164 3.1959972 0.0411631 0.0474193 3.4626907 1.3693554 0.0100760 0.0223118 1.3693554 0.0010024 0.0010024 1.3720481 0.5539809 3.1786496 
OL774654_Megalocytivirus_pagrus1_RSIV                    1.4816627 0.0212919 2.7562137 0.0463679 0.0430667 2.9823308 0.0430667 0.0000010 0.0141252 0.0409806 0.0254669 0.0409806 2.7822311 2.7169846 0.0202504 0.0202504 0.0000000 0.0463679 3.4037818 2.6904190 3.1816414 0.0441183 0.0317129 3.4332678 1.3658369 0.0141252 0.0060237 1.3658369 0.0192258 0.0192324 1.3685264 0.5632591 3.1536407 
MG570131_Megalocytivirus_pagrus1_TRBIV                   1.5006620 0.0571040 2.7743557 0.0000010 0.0559007 3.0590411 0.0559007 0.0463679 0.0538738 0.0516869 0.0615502 0.0516869 2.7858162 2.7331010 0.0559890 0.0559890 0.0463679 0.0000000 3.4845555 2.7135841 3.2948954 0.0558334 0.0401094 3.4923886 1.3857221 0.0538738 0.0474569 1.3857221 0.0549171 0.0549364 1.3884402 0.5683879 3.1839319 
AF303741_Iridovirus_chilo1_n/a                           4.2321732 3.4481845 3.4127720 3.4845555 3.4252869 4.0629904 3.4252869 3.4037818 3.4322111 3.4393674 3.4628430 3.4393674 3.8794171 3.7261068 3.4481845 3.4481845 3.4037818 3.4845555 0.0000000 3.2931152 4.3037335 3.4183886 3.4269135 0.8877194 4.1809174 3.4322111 3.4067423 4.1809174 3.4395672 3.4480501 4.1809174 3.6134093 3.2978295 
MN803438_Lymphocystivirus_micropogonias1_n/a             3.2072374 2.7214164 0.2005361 2.7135841 2.7383783 4.0308475 2.7383783 2.6904190 2.7093004 2.7265608 2.7426356 2.7265608 2.3212291 2.3971073 2.7214164 2.7214164 2.6904190 2.7135841 3.2931152 0.0000000 4.6063356 2.7461660 2.6894238 3.5788167 3.0159125 2.7093004 2.6950916 3.0159125 2.7189201 2.7224397 3.0159125 3.0417092 2.2178326 
HF920633_Chloriridovirus_simulium1_n/a                   4.8090687 3.1940237 4.4493179 3.2948954 3.2442785 0.9691594 3.2442785 3.1816414 3.1882851 3.2478669 3.1769766 3.2478669 4.7517868 4.9004136 3.1959972 3.1959972 3.1816414 3.2948954 4.3037335 4.6063356 0.0000000 3.2372048 3.2781600 4.4712285 4.4608650 3.1882851 3.1893467 4.4608650 3.1943251 3.1963197 4.4653343 3.7261699 4.4028995 
ON212400_Megalocytivirus_pagrus1_ISKNV                   1.4774370 0.0422498 2.7880149 0.0558334 0.0010013 3.0377142 0.0010013 0.0441183 0.0369681 0.0090630 0.0465920 0.0090630 2.7863545 2.7394678 0.0411631 0.0411631 0.0441183 0.0558334 3.4183886 2.7461660 3.2372048 0.0000000 0.0526803 3.4330202 1.3722992 0.0369681 0.0441544 1.3722992 0.0401087 0.0401226 1.3749956 0.5423068 3.1664789 
GQ273492_Megalocytivirus_pagrus1_TRBIV                   1.5024888 0.0485166 2.7546915 0.0401094 0.0516167 3.0532054 0.0516167 0.0317129 0.0464078 0.0474204 0.0528969 0.0474204 2.7995414 2.7235829 0.0474193 0.0474193 0.0317129 0.0401094 3.4269135 2.6894238 3.2781600 0.0526803 0.0000000 3.4968384 1.3912835 0.0464078 0.0317030 1.3912835 0.0463589 0.0463750 1.3940120 0.5639975 3.1916153 
HF920637_Iridovirus_armadillidium1_n/a                   4.3248833 3.4626907 3.6911337 3.4923886 3.4447276 4.3084140 3.4447276 3.4332678 3.4614147 3.4538876 3.4616056 3.4538876 3.8295704 3.8838720 3.4626907 3.4626907 3.4332678 3.4923886 0.8877194 3.5788167 4.4712285 3.4330202 3.4968384 0.0000000 4.1980746 3.4614147 3.4310140 4.1980746 3.4613154 3.4615887 4.1980746 3.6581513 3.3081544 
MT521409_Megalocytivirus_lates1_SDDV                     0.8467751 1.3693554 3.1477287 1.3857221 1.3722992 3.9367662 1.3722992 1.3658369 1.3627697 1.3673715 1.3946647 1.3673715 3.3466195 3.3208807 1.3693554 1.3693554 1.3658369 1.3857221 4.1809174 3.0159125 4.4608650 1.3722992 1.3912835 4.1980746 0.0000000 1.3627697 1.3669009 0.0000010 1.3687335 1.3694800 0.0010491 1.5057061 3.3711934 
MK098187_Megalocytivirus_pagrus1_RSIV                    1.4850382 0.0110987 2.7612110 0.0538738 0.0359202 3.0022969 0.0359202 0.0141252 0.0000010 0.0359384 0.0152058 0.0359384 2.7751256 2.7158061 0.0100760 0.0100760 0.0141252 0.0538738 3.4322111 2.7093004 3.1882851 0.0369681 0.0464078 3.4614147 1.3627697 0.0000000 0.0161693 1.3627697 0.0090627 0.0090658 1.3654539 0.5551667 3.1818439 
OQ475017_Megalocytivirus_pagrus1_RSIV                    1.4749148 0.0233578 2.7610347 0.0474569 0.0431020 2.9802117 0.0431020 0.0060237 0.0161693 0.0410142 0.0275492 0.0410142 2.7731045 2.7035807 0.0223118 0.0223118 0.0060237 0.0474569 3.4067423 2.6950916 3.1893467 0.0441544 0.0317030 3.4310140 1.3669009 0.0161693 0.0000000 1.3669009 0.0212842 0.0212915 1.3695919 0.5613692 3.1514164 
MN562489_Megalocytivirus_lates1_SDDV                     0.8467751 1.3693554 3.1477287 1.3857221 1.3722992 3.9367662 1.3722992 1.3658369 1.3627697 1.3673715 1.3946647 1.3673715 3.3466195 3.3208807 1.3693554 1.3693554 1.3658369 1.3857221 4.1809174 3.0159125 4.4608650 1.3722992 1.3912835 4.1980746 0.0000010 1.3627697 1.3669009 0.0000000 1.3687335 1.3694800 0.0010491 1.5057061 3.3711934 
OK042108_Megalocytivirus_pagrus1_RSIV                    1.4747332 0.0020075 2.7732154 0.0549171 0.0390573 3.0127412 0.0390573 0.0192258 0.0090627 0.0369704 0.0060508 0.0369704 2.7537926 2.7002486 0.0010024 0.0010024 0.0192258 0.0549171 3.4395672 2.7189201 3.1943251 0.0401087 0.0463589 3.4613154 1.3687335 0.0090627 0.0212842 1.3687335 0.0000000 0.0020057 1.3714247 0.5520557 3.1877602 
MW883598_Megalocytivirus_pagrus1_RSIV                    1.4777033 0.0020075 2.7768277 0.0549364 0.0390709 3.0125561 0.0390709 0.0192324 0.0090658 0.0369832 0.0060507 0.0369832 2.7566793 2.7059397 0.0010024 0.0010024 0.0192324 0.0549364 3.4480501 2.7224397 3.1963197 0.0401226 0.0463750 3.4615887 1.3694800 0.0090658 0.0212915 1.3694800 0.0020057 0.0000000 1.3721729 0.5540752 3.1786602 
OM037668_Megalocytivirus_lates1_SDDV                     0.8456896 1.3720481 3.1477287 1.3884402 1.3749956 3.9456415 1.3749956 1.3685264 1.3654539 1.3700622 1.3974028 1.3700622 3.3535104 3.3276097 1.3720481 1.3720481 1.3685264 1.3884402 4.1809174 3.0159125 4.4653343 1.3749956 1.3940120 4.1980746 0.0010491 1.3654539 1.3695919 0.0010491 1.3714247 1.3721729 0.0000000 1.5080117 3.3678986 
PQ335173_PQ335174_Threespine_stickleback_iridovirus_TSIV 1.6431482 0.5539809 3.0626336 0.5683879 0.5443997 3.5770798 0.5443997 0.5632591 0.5551667 0.5463411 0.5637195 0.5463411 2.9533513 2.8183027 0.5539809 0.5539809 0.5632591 0.5683879 3.6134093 3.0417092 3.7261699 0.5423068 0.5639975 3.6581513 1.5057061 0.5551667 0.5613692 1.5057061 0.5520557 0.5540752 1.5080117 0.0000000 3.2827349 
MF599468_Decapodiridovirus_litopenaeus1_n/a              3.2888066 3.1786496 2.2398804 3.1839319 3.1632294 4.4005082 3.1632294 3.1536407 3.1818439 3.1520422 3.1843818 3.1520422 3.0066194 3.0202445 3.1786496 3.1786496 3.1536407 3.1839319 3.2978295 2.2178326 4.4028995 3.1664789 3.1916153 3.3081544 3.3711934 3.1818439 3.1514164 3.3711934 3.1877602 3.1786602 3.3678986 3.2827349 0.0000000 
