32
ON740976_Megalocytivirus_pagrus1_RSIV                    0.0000000 2.7694726 0.0571014 0.0411936 3.0065037 0.0411936 0.0212915 0.0110986 0.0391009 0.0060562 0.0391009 2.7491936 2.6990967 0.0010033 0.0010033 0.0212915 0.0571014 3.4377862 2.7151622 3.1846781 0.0422482 0.0485145 3.4534012 1.3676090 0.0110986 0.0233573 1.3676090 0.0020075 0.0020075 1.3702907 0.5536397 3.1702930 
KX643370_Lymphocystivirus_sparus1_n/a                    2.7694726 0.0000000 2.7681836 2.7737807 4.1956265 2.7737807 2.7499769 2.7549222 2.7707281 2.7882595 2.7707281 2.2419882 2.3372692 2.7694726 2.7694726 2.7499769 2.7681836 3.4037146 0.2005002 4.4306234 2.7817256 2.7485502 3.6802475 3.1392209 2.7549222 2.7547980 3.1392209 2.7669309 2.7705173 3.1392209 3.0553430 2.2353968 
MG570132_Megalocytivirus_pagrus1_TRBIV                   0.0571014 2.7681836 0.0000000 0.0558985 3.0489364 0.0558985 0.0463663 0.0538716 0.0516851 0.0615471 0.0516851 2.7786631 2.7263134 0.0559866 0.0559866 0.0463663 0.0000010 3.4738618 2.7074162 3.2854809 0.0558313 0.0401080 3.4827087 1.3839451 0.0538716 0.0474552 1.3839451 0.0549148 0.0549340 1.3866521 0.5680290 3.1754018 
OR536350_Megalocytivirus_pagrus1_ISKNV                   0.0411936 2.7737807 0.0558985 0.0000000 3.0343968 0.0000010 0.0430654 0.0359190 0.0080513 0.0455279 0.0080513 2.7804738 2.7249798 0.0401090 0.0401090 0.0430654 0.0558985 3.4145027 2.7319981 3.2345853 0.0010013 0.0516148 3.4353778 1.3705327 0.0359190 0.0431006 1.3705327 0.0390560 0.0390695 1.3732180 0.5440603 3.1549603 
KF938901_Chloriridovirus_anopheles1_n/a                  3.0065037 4.1956265 3.0489364 3.0343968 0.0000000 3.0343968 2.9729335 2.9926733 3.0381679 3.0024281 3.0381679 4.8931291 5.0100832 3.0062666 3.0062666 2.9729335 3.0489364 4.0461416 4.0154410 0.9682086 3.0276418 3.0432906 4.2898882 3.9236333 2.9926733 2.9707531 3.9236333 3.0030387 3.0028505 3.9324340 3.5654287 4.3846920 
MW883596_Megalocytivirus_pagrus1_ISKNV                   0.0411936 2.7737807 0.0558985 0.0000010 3.0343968 0.0000000 0.0430654 0.0359190 0.0080513 0.0455279 0.0080513 2.7804738 2.7249798 0.0401090 0.0401090 0.0430654 0.0558985 3.4145027 2.7319981 3.2345853 0.0010013 0.0516148 3.4353778 1.3705327 0.0359190 0.0431006 1.3705327 0.0390560 0.0390695 1.3732180 0.5440603 3.1549603 
OL774653_Megalocytivirus_pagrus1_RSIV                    0.0212915 2.7499769 0.0463663 0.0430654 2.9729335 0.0430654 0.0000000 0.0141250 0.0409795 0.0254663 0.0409795 2.7749966 2.7104456 0.0202501 0.0202501 0.0000010 0.0463663 3.3935990 2.6842291 3.1724622 0.0441169 0.0317120 3.4241001 1.3640942 0.0141250 0.0060237 1.3640942 0.0192255 0.0192321 1.3667726 0.5629087 3.1453219 
BD143114_Megalocytivirus_pagrus1_RSIV                    0.0110986 2.7549222 0.0538716 0.0359190 2.9926733 0.0359190 0.0141250 0.0000000 0.0359373 0.0152056 0.0359373 2.7679118 2.7092601 0.0100760 0.0100760 0.0141250 0.0538716 3.4218348 2.7030996 3.1789923 0.0369669 0.0464060 3.4522402 1.3610446 0.0000010 0.0161691 1.3610446 0.0090627 0.0090657 1.3637178 0.5548191 3.1734367 
MN432490_Megalocytivirus_pagrus1_ISKNV                   0.0391009 2.7707281 0.0516851 0.0080513 3.0381679 0.0080513 0.0409795 0.0359373 0.0000000 0.0434217 0.0000010 2.7675107 2.7268428 0.0380201 0.0380201 0.0409795 0.0516851 3.4285198 2.7202994 3.2383374 0.0090630 0.0474188 3.4445945 1.3656163 0.0359373 0.0410129 1.3656163 0.0369692 0.0369820 1.3682959 0.5460022 3.1439027 
KC244182_Megalocytivirus_pagrus1_RSIV                    0.0060562 2.7882595 0.0615471 0.0455279 3.0024281 0.0455279 0.0254663 0.0152056 0.0434217 0.0000000 0.0434217 2.7557721 2.6972031 0.0050400 0.0050400 0.0254663 0.0615471 3.4525503 2.7362753 3.1677371 0.0465900 0.0528944 3.4524399 1.3928897 0.0152056 0.0275485 1.3928897 0.0060508 0.0060506 1.3956165 0.5633675 3.1759427 
MW883595_Megalocytivirus_pagrus1_ISKNV                   0.0391009 2.7707281 0.0516851 0.0080513 3.0381679 0.0080513 0.0409795 0.0359373 0.0000010 0.0434217 0.0000000 2.7675107 2.7268428 0.0380201 0.0380201 0.0409795 0.0516851 3.4285198 2.7202994 3.2383374 0.0090630 0.0474188 3.4445945 1.3656163 0.0359373 0.0410129 1.3656163 0.0369692 0.0369820 1.3682959 0.5460022 3.1439027 
AY521625_Ranavirus_epinephelus1_n/a                      2.7491936 2.2419882 2.7786631 2.7804738 4.8931291 2.7804738 2.7749966 2.7679118 2.7675107 2.7557721 2.7675107 0.0000000 0.7969880 2.7491936 2.7491936 2.7749966 2.7786631 3.8651807 2.3157883 4.7296696 2.7790175 2.7923783 3.8146949 3.3357027 2.7679118 2.7659167 3.3357027 2.7466329 2.7494983 3.3425341 2.9455587 2.9980941 
NC_005946_Ranavirus_rana1_n/a                            2.6990967 2.3372692 2.7263134 2.7249798 5.0100832 2.7249798 2.7104456 2.7092601 2.7268428 2.6972031 2.7268428 0.7969880 0.0000000 2.6990967 2.6990967 2.7104456 2.7263134 3.7157697 2.3913303 4.8779539 2.7327620 2.7168676 3.8711133 3.3105863 2.7092601 2.6969793 3.3105863 2.6937446 2.6993975 3.3172605 2.8111071 3.0124186 
AY894343_Megalocytivirus_pagrus1_RSIV                    0.0010033 2.7694726 0.0559866 0.0401090 3.0062666 0.0401090 0.0202501 0.0100760 0.0380201 0.0050400 0.0380201 2.7491936 2.6990967 0.0000000 0.0000010 0.0202501 0.0559866 3.4377862 2.7151622 3.1866386 0.0411616 0.0474174 3.4534012 1.3676090 0.0100760 0.0223114 1.3676090 0.0010024 0.0010024 1.3702907 0.5536397 3.1702930 
KT804738_Megalocytivirus_pagrus1_RSIV                    0.0010033 2.7694726 0.0559866 0.0401090 3.0062666 0.0401090 0.0202501 0.0100760 0.0380201 0.0050400 0.0380201 2.7491936 2.6990967 0.0000010 0.0000000 0.0202501 0.0559866 3.4377862 2.7151622 3.1866386 0.0411616 0.0474174 3.4534012 1.3676090 0.0100760 0.0223114 1.3676090 0.0010024 0.0010024 1.3702907 0.5536397 3.1702930 
OL774654_Megalocytivirus_pagrus1_RSIV                    0.0212915 2.7499769 0.0463663 0.0430654 2.9729335 0.0430654 0.0000010 0.0141250 0.0409795 0.0254663 0.0409795 2.7749966 2.7104456 0.0202501 0.0202501 0.0000000 0.0463663 3.3935990 2.6842291 3.1724622 0.0441169 0.0317120 3.4241001 1.3640942 0.0141250 0.0060237 1.3640942 0.0192255 0.0192321 1.3667726 0.5629087 3.1453219 
MG570131_Megalocytivirus_pagrus1_TRBIV                   0.0571014 2.7681836 0.0000010 0.0558985 3.0489364 0.0558985 0.0463663 0.0538716 0.0516851 0.0615471 0.0516851 2.7786631 2.7263134 0.0559866 0.0559866 0.0463663 0.0000000 3.4738618 2.7074162 3.2854809 0.0558313 0.0401080 3.4827087 1.3839451 0.0538716 0.0474552 1.3839451 0.0549148 0.0549340 1.3866521 0.5680290 3.1754018 
AF303741_Iridovirus_chilo1_n/a                           3.4377862 3.4037146 3.4738618 3.4145027 4.0461416 3.4145027 3.3935990 3.4218348 3.4285198 3.4525503 3.4285198 3.8651807 3.7157697 3.4377862 3.4377862 3.3935990 3.4738618 0.0000000 3.2839242 4.2856465 3.4076641 3.4165262 0.8869043 4.1652595 3.4218348 3.3965058 4.1652595 3.4291224 3.4376514 4.1652595 3.6032995 3.2887303 
MN803438_Lymphocystivirus_micropogonias1_n/a             2.7151622 0.2005002 2.7074162 2.7319981 4.0154410 2.7319981 2.6842291 2.7030996 2.7202994 2.7362753 2.7202994 2.3157883 2.3913303 2.7151622 2.7151622 2.6842291 2.7074162 3.2839242 0.0000000 4.5862887 2.7397880 2.6833210 3.5678337 3.0082874 2.7030996 2.6889006 3.0082874 2.7126836 2.7161775 3.0082874 3.0343374 2.2132215 
HF920633_Chloriridovirus_simulium1_n/a                   3.1846781 4.4306234 3.2854809 3.2345853 0.9682086 3.2345853 3.1724622 3.1789923 3.2383374 3.1677371 3.2383374 4.7296696 4.8779539 3.1866386 3.1866386 3.1724622 3.2854809 4.2856465 4.5862887 0.0000000 3.2275695 3.2686883 4.4521297 4.4448199 3.1789923 3.1800445 4.4448199 3.1849878 3.1869604 4.4492585 3.7147639 4.3855959 
ON212400_Megalocytivirus_pagrus1_ISKNV                   0.0422482 2.7817256 0.0558313 0.0010013 3.0276418 0.0010013 0.0441169 0.0369669 0.0090630 0.0465900 0.0090630 2.7790175 2.7327620 0.0411616 0.0411616 0.0441169 0.0558313 3.4076641 2.7397880 3.2275695 0.0000000 0.0526782 3.4235855 1.3705327 0.0369669 0.0441529 1.3705327 0.0401072 0.0401211 1.3732180 0.5419690 3.1581758 
GQ273492_Megalocytivirus_pagrus1_TRBIV                   0.0485145 2.7485502 0.0401080 0.0516148 3.0432906 0.0516148 0.0317120 0.0464060 0.0474188 0.0528944 0.0474188 2.7923783 2.7168676 0.0474174 0.0474174 0.0317120 0.0401080 3.4165262 2.6833210 3.2686883 0.0526782 0.0000000 3.4872750 1.3895009 0.0464060 0.0317021 1.3895009 0.0463571 0.0463733 1.3922181 0.5636463 3.1829318 
HF920637_Iridovirus_armadillidium1_n/a                   3.4534012 3.6802475 3.4827087 3.4353778 4.2898882 3.4353778 3.4241001 3.4522402 3.4445945 3.4524399 3.4445945 3.8146949 3.8711133 3.4534012 3.4534012 3.4241001 3.4827087 0.8869043 3.5678337 4.4521297 3.4235855 3.4872750 0.0000000 4.1824125 3.4522402 3.4219490 4.1824125 3.4520360 3.4523059 4.1824125 3.6480251 3.2985124 
MT521409_Megalocytivirus_lates1_SDDV                     1.3676090 3.1392209 1.3839451 1.3705327 3.9236333 1.3705327 1.3640942 1.3610446 1.3656163 1.3928897 1.3656163 3.3357027 3.3105863 1.3676090 1.3676090 1.3640942 1.3839451 4.1652595 3.0082874 4.4448199 1.3705327 1.3895009 4.1824125 0.0000000 1.3610446 1.3651708 0.0000010 1.3669901 1.3677330 0.0010491 1.5034895 3.3614793 
MK098187_Megalocytivirus_pagrus1_RSIV                    0.0110986 2.7549222 0.0538716 0.0359190 2.9926733 0.0359190 0.0141250 0.0000010 0.0359373 0.0152056 0.0359373 2.7679118 2.7092601 0.0100760 0.0100760 0.0141250 0.0538716 3.4218348 2.7030996 3.1789923 0.0369669 0.0464060 3.4522402 1.3610446 0.0000000 0.0161691 1.3610446 0.0090627 0.0090657 1.3637178 0.5548191 3.1734367 
OQ475017_Megalocytivirus_pagrus1_RSIV                    0.0233573 2.7547980 0.0474552 0.0431006 2.9707531 0.0431006 0.0060237 0.0161691 0.0410129 0.0275485 0.0410129 2.7659167 2.6969793 0.0223114 0.0223114 0.0060237 0.0474552 3.3965058 2.6889006 3.1800445 0.0441529 0.0317021 3.4219490 1.3651708 0.0161691 0.0000000 1.3651708 0.0212838 0.0212911 1.3678508 0.5610214 3.1431189 
MN562489_Megalocytivirus_lates1_SDDV                     1.3676090 3.1392209 1.3839451 1.3705327 3.9236333 1.3705327 1.3640942 1.3610446 1.3656163 1.3928897 1.3656163 3.3357027 3.3105863 1.3676090 1.3676090 1.3640942 1.3839451 4.1652595 3.0082874 4.4448199 1.3705327 1.3895009 4.1824125 0.0000010 1.3610446 1.3651708 0.0000000 1.3669901 1.3677330 0.0010491 1.5034895 3.3614793 
OK042108_Megalocytivirus_pagrus1_RSIV                    0.0020075 2.7669309 0.0549148 0.0390560 3.0030387 0.0390560 0.0192255 0.0090627 0.0369692 0.0060508 0.0369692 2.7466329 2.6937446 0.0010024 0.0010024 0.0192255 0.0549148 3.4291224 2.7126836 3.1849878 0.0401072 0.0463571 3.4520360 1.3669901 0.0090627 0.0212838 1.3669901 0.0000000 0.0020057 1.3696704 0.5517154 3.1794310 
MW883598_Megalocytivirus_pagrus1_RSIV                    0.0020075 2.7705173 0.0549340 0.0390695 3.0028505 0.0390695 0.0192321 0.0090657 0.0369820 0.0060506 0.0369820 2.7494983 2.6993975 0.0010024 0.0010024 0.0192321 0.0549340 3.4376514 2.7161775 3.1869604 0.0401211 0.0463733 3.4523059 1.3677330 0.0090657 0.0212911 1.3677330 0.0020057 0.0000000 1.3704149 0.5537339 3.1703045 
OM037668_Megalocytivirus_lates1_SDDV                     1.3702907 3.1392209 1.3866521 1.3732180 3.9324340 1.3732180 1.3667726 1.3637178 1.3682959 1.3956165 1.3682959 3.3425341 3.3172605 1.3702907 1.3702907 1.3667726 1.3866521 4.1652595 3.0082874 4.4492585 1.3732180 1.3922181 4.1824125 0.0010491 1.3637178 1.3678508 0.0010491 1.3696704 1.3704149 0.0000000 1.5057835 3.3582137 
PQ335173_PQ335174_Threespine_stickleback_iridovirus_TSIV 0.5536397 3.0553430 0.5680290 0.5440603 3.5654287 0.5440603 0.5629087 0.5548191 0.5460022 0.5633675 0.5460022 2.9455587 2.8111071 0.5536397 0.5536397 0.5629087 0.5680290 3.6032995 3.0343374 3.7147639 0.5419690 0.5636463 3.6480251 1.5034895 0.5548191 0.5610214 1.5034895 0.5517154 0.5537339 1.5057835 0.0000000 3.2745969 
MF599468_Decapodiridovirus_litopenaeus1_n/a              3.1702930 2.2353968 3.1754018 3.1549603 4.3846920 3.1549603 3.1453219 3.1734367 3.1439027 3.1759427 3.1439027 2.9980941 3.0124186 3.1702930 3.1702930 3.1453219 3.1754018 3.2887303 2.2132215 4.3855959 3.1581758 3.1829318 3.2985124 3.3614793 3.1734367 3.1431189 3.3614793 3.1794310 3.1703045 3.3582137 3.2745969 0.0000000 
