14
AF371960_AF371960.1_00095 0.0000000 0.0857565 0.0823726 0.0887659 0.0857565 0.0922135 0.0923190 0.0822833 0.0793444 0.0793444 0.0000010 2.2003149 2.2003149 0.0765047 
AY894343_MK689686.1_00092 0.0857565 0.0000000 0.0292359 0.0891903 0.0000010 0.0922163 0.0894382 0.0292065 0.0265186 0.0265186 0.0857565 2.1616880 2.1616880 0.0131767 
BD143114_MK689686.1_00092 0.0823726 0.0292359 0.0000000 0.0917837 0.0292359 0.0919291 0.0891580 0.0052071 0.0026004 0.0026004 0.0823726 2.0970400 2.0970400 0.0157517 
GQ273492_GQ273492.1_00091 0.0887659 0.0891903 0.0917837 0.0000000 0.0891903 0.0322376 0.0377125 0.0916859 0.0887913 0.0887913 0.0887659 2.1951007 2.1951007 0.0801283 
KC244182_MK689686.1_00092 0.0857565 0.0000010 0.0292359 0.0891903 0.0000000 0.0922163 0.0894382 0.0292065 0.0265186 0.0265186 0.0857565 2.1616880 2.1616880 0.0131767 
MG570131_MG570131.1_00091 0.0922135 0.0922163 0.0919291 0.0322376 0.0922163 0.0000000 0.0052563 0.0918311 0.0889322 0.0889322 0.0922135 2.1766566 2.1766566 0.0831045 
MG570132_MG570132.1_00091 0.0923190 0.0894382 0.0891580 0.0377125 0.0894382 0.0052563 0.0000000 0.0890640 0.0861673 0.0861673 0.0923190 2.1820867 2.1820867 0.0803484 
MK098185_MK689686.1_00092 0.0822833 0.0292065 0.0052071 0.0916859 0.0292065 0.0918311 0.0890640 0.0000000 0.0025979 0.0025979 0.0822833 2.0930819 2.0930819 0.0157361 
MK098186_MK689686.1_00092 0.0793444 0.0265186 0.0026004 0.0887913 0.0265186 0.0889322 0.0861673 0.0025979 0.0000000 0.0000010 0.0793444 2.1024622 2.1024622 0.0130973 
MK098187_MK689686.1_00092 0.0793444 0.0265186 0.0026004 0.0887913 0.0265186 0.0889322 0.0861673 0.0025979 0.0000010 0.0000000 0.0793444 2.1024622 2.1024622 0.0130973 
MK689685_AF371960.1_00095 0.0000010 0.0857565 0.0823726 0.0887659 0.0857565 0.0922135 0.0923190 0.0822833 0.0793444 0.0793444 0.0000000 2.2003149 2.2003149 0.0765047 
MN562489_OM037668.1_00081 2.2003149 2.1616880 2.0970400 2.1951007 2.1616880 2.1766566 2.1820867 2.0930819 2.1024622 2.1024622 2.2003149 0.0000000 0.0000010 2.1521929 
MT521409_OM037668.1_00081 2.2003149 2.1616880 2.0970400 2.1951007 2.1616880 2.1766566 2.1820867 2.0930819 2.1024622 2.1024622 2.2003149 0.0000010 0.0000000 2.1521929 
ON743042_MK689686.1_00092 0.0765047 0.0131767 0.0157517 0.0801283 0.0131767 0.0831045 0.0803484 0.0157361 0.0130973 0.0130973 0.0765047 2.1521929 2.1521929 0.0000000 
