12
MW273353_Megalocytivirus_pagrus1_ISKNV    0.0000000 0.0131712 0.0131712 0.0000010 0.0065661 0.1219730 0.1355504 0.0065456 0.1219730 0.1355504 0.1219730 0.1295281 
MT986830_Megalocytivirus_pagrus1_ISKNV    0.0131712 0.0000000 0.0000010 0.0131712 0.0198097 0.1131819 0.1208018 0.0197493 0.1131819 0.1208018 0.1131819 0.1206205 
PP974677_Megalocytivirus_pagrus1_ISKNV    0.0131712 0.0000010 0.0000000 0.0131712 0.0198097 0.1131819 0.1208018 0.0197493 0.1131819 0.1208018 0.1131819 0.1206205 
23043610003_Megalocytivirus_pagrus1_ISKNV 0.0000010 0.0131712 0.0131712 0.0000000 0.0065661 0.1219730 0.1355504 0.0065456 0.1219730 0.1355504 0.1219730 0.1295281 
OR536350_Megalocytivirus_pagrus1_ISKNV    0.0065661 0.0198097 0.0198097 0.0065661 0.0000000 0.1295268 0.1431248 0.0131279 0.1295268 0.1431248 0.1295268 0.1371284 
OL774653_Megalocytivirus_pagrus1_RSIV     0.1219730 0.1131819 0.1131819 0.1219730 0.1295268 0.0000000 0.0429856 0.1142886 0.0000010 0.0429856 0.0000010 0.0060636 
AY894343_Megalocytivirus_pagrus1_RSIV     0.1355504 0.1208018 0.1208018 0.1355504 0.1431248 0.0429856 0.0000000 0.1278268 0.0429856 0.0000010 0.0266177 0.0492518 
OR670976_Megalocytivirus_pagrus1_ISKNV    0.0065456 0.0197493 0.0197493 0.0065456 0.0131279 0.1142886 0.1278268 0.0000000 0.1142886 0.1278268 0.1142886 0.1217850 
OK042108_Megalocytivirus_pagrus1_RSIV     0.1219730 0.1131819 0.1131819 0.1219730 0.1295268 0.0000010 0.0429856 0.1142886 0.0000000 0.0429856 0.0000010 0.0060636 
KT781098_Megalocytivirus_pagrus1_ISKNV    0.1355504 0.1208018 0.1208018 0.1355504 0.1431248 0.0429856 0.0000010 0.1278268 0.0429856 0.0000000 0.0266177 0.0492518 
OQ475017_Megalocytivirus_pagrus1_RSIV     0.1219730 0.1131819 0.1131819 0.1219730 0.1295268 0.0000010 0.0266177 0.1142886 0.0000010 0.0266177 0.0000000 0.0066014 
MK098187_Megalocytivirus_pagrus1_RSIV     0.1295281 0.1206205 0.1206205 0.1295281 0.1371284 0.0060636 0.0492518 0.1217850 0.0060636 0.0492518 0.0066014 0.0000000 
