16
KT804738_Megalocytivirus_pagrus1_RSIV  0.0000000 0.1390553 5.0682888 0.0375463 0.1390553 0.0000010 0.0365045 5.0682888 0.1812167 0.0547240 0.1812167 0.0375463 0.0471431 0.0742951 0.0547240 0.1608870 
MW273354_Megalocytivirus_pagrus1_ISKNV 0.1390553 0.0000000 4.3888140 0.0734196 0.0000010 0.1390553 0.2077866 4.3888140 0.0181694 0.1613119 0.0181694 0.0734196 0.2162972 0.0867749 0.1613119 0.0000010 
MT521409_Megalocytivirus_lates1_SDDV   5.0682888 4.3888140 0.0000000 3.8707462 4.3888140 5.0682888 3.9867588 0.0000010 4.1250936 5.9464671 4.1250936 3.8707462 4.0462394 4.1398125 5.9464671 5.6098222 
MT986830_Megalocytivirus_pagrus1_ISKNV 0.0375463 0.0734196 3.8707462 0.0000000 0.0734196 0.0375463 0.0850535 3.8707462 0.1139292 0.1205033 0.1139292 0.0000010 0.1132894 0.0208180 0.1205033 0.0734196 
MT128667_Megalocytivirus_pagrus1_ISKNV 0.1390553 0.0000010 4.3888140 0.0734196 0.0000000 0.1390553 0.2077866 4.3888140 0.0181694 0.1613119 0.0181694 0.0734196 0.2162972 0.0867749 0.1613119 0.0000010 
OL774654_Megalocytivirus_pagrus1_RSIV  0.0000010 0.1390553 5.0682888 0.0375463 0.1390553 0.0000000 0.0365045 5.0682888 0.1812167 0.0547240 0.1812167 0.0375463 0.0471431 0.0742951 0.0547240 0.1608870 
OK042109_Megalocytivirus_pagrus1_RSIV  0.0365045 0.2077866 3.9867588 0.0850535 0.2077866 0.0365045 0.0000000 3.9867588 0.2494920 0.1203813 0.2494920 0.0850535 0.0415123 0.1361535 0.1203813 0.2077866 
OM037668_Megalocytivirus_lates1_SDDV   5.0682888 4.3888140 0.0000010 3.8707462 4.3888140 5.0682888 3.9867588 0.0000000 4.1250936 5.9464671 4.1250936 3.8707462 4.0462394 4.1398125 5.9464671 5.6098222 
OP896201_Megalocytivirus_pagrus1_ISKNV 0.1812167 0.0181694 4.1250936 0.1139292 0.0181694 0.1812167 0.2494920 4.1250936 0.0000000 0.2028462 0.0000010 0.1139292 0.2797353 0.1374652 0.2028462 0.0181694 
MK098187_Megalocytivirus_pagrus1_RSIV  0.0547240 0.1613119 5.9464671 0.1205033 0.1613119 0.0547240 0.1203813 5.9464671 0.2028462 0.0000000 0.2028462 0.1205033 0.1658435 0.1836745 0.0000010 0.1812537 
OR356116_Megalocytivirus_pagrus1_ISKNV 0.1812167 0.0181694 4.1250936 0.1139292 0.0181694 0.1812167 0.2494920 4.1250936 0.0000010 0.2028462 0.0000000 0.1139292 0.2797353 0.1374652 0.2028462 0.0181694 
OP009387_Megalocytivirus_pagrus1_ISKNV 0.0375463 0.0734196 3.8707462 0.0000010 0.0734196 0.0375463 0.0850535 3.8707462 0.1139292 0.1205033 0.1139292 0.0000000 0.1132894 0.0208180 0.1205033 0.0734196 
GQ273492_Megalocytivirus_pagrus1_TRBIV 0.0471431 0.2162972 4.0462394 0.1132894 0.2162972 0.0471431 0.0415123 4.0462394 0.2797353 0.1658435 0.2797353 0.1132894 0.0000000 0.0736234 0.1658435 0.2162972 
PP974677_Megalocytivirus_pagrus1_ISKNV 0.0742951 0.0867749 4.1398125 0.0208180 0.0867749 0.0742951 0.1361535 4.1398125 0.1374652 0.1836745 0.1374652 0.0208180 0.0736234 0.0000000 0.1836745 0.0867749 
MK098186_Megalocytivirus_pagrus1_RSIV  0.0547240 0.1613119 5.9464671 0.1205033 0.1613119 0.0547240 0.1203813 5.9464671 0.2028462 0.0000010 0.2028462 0.1205033 0.1658435 0.1836745 0.0000000 0.1812537 
MW273353_Megalocytivirus_pagrus1_ISKNV 0.1608870 0.0000010 5.6098222 0.0734196 0.0000010 0.1608870 0.2077866 5.6098222 0.0181694 0.1812537 0.0181694 0.0734196 0.2162972 0.0867749 0.1812537 0.0000000 
