17
MK637631_European_chub_iridovirus_ECIV 0.0000000 2.8926549 3.0841521 2.8018203 3.1181796 3.0841521 2.8926549 3.7635527 2.8018203 3.0923973 3.7679387 3.0923973 3.1181796 3.1518760 2.6802385 3.7679387 2.4857696 
KT804738_Megalocytivirus_pagrus1_RSIV  2.8926549 0.0000000 0.1271531 3.4014340 0.0365898 0.1271531 0.0000010 0.0355457 3.4014340 0.1659089 0.0522308 0.1659089 0.0365898 0.0446169 0.0705645 0.0522308 0.1457018 
MW273354_Megalocytivirus_pagrus1_ISKNV 3.0841521 0.1271531 0.0000000 2.3181864 0.0674883 0.0000010 0.1271531 0.1904887 2.3181864 0.0177749 0.1505793 0.0177749 0.0674883 0.1944848 0.0790533 0.1505793 0.0000010 
MT521409_Megalocytivirus_lates1_SDDV   2.8018203 3.4014340 2.3181864 0.0000000 2.5967954 2.3181864 3.4014340 2.6830463 0.0000010 2.1455659 3.8230753 2.1455659 2.5967954 2.6625330 2.6937303 3.8230753 3.1790785 
MT986830_Megalocytivirus_pagrus1_ISKNV 3.1181796 0.0365898 0.0674883 2.5967954 0.0000000 0.0674883 0.0365898 0.0816705 2.5967954 0.1014538 0.1135969 0.1014538 0.0000010 0.1053111 0.0203147 0.1135969 0.0674883 
MT128667_Megalocytivirus_pagrus1_ISKNV 3.0841521 0.1271531 0.0000010 2.3181864 0.0674883 0.0000000 0.1271531 0.1904887 2.3181864 0.0177749 0.1505793 0.0177749 0.0674883 0.1944848 0.0790533 0.1505793 0.0000010 
OL774654_Megalocytivirus_pagrus1_RSIV  2.8926549 0.0000010 0.1271531 3.4014340 0.0365898 0.1271531 0.0000000 0.0355457 3.4014340 0.1659089 0.0522308 0.1659089 0.0365898 0.0446169 0.0705645 0.0522308 0.1457018 
OK042109_Megalocytivirus_pagrus1_RSIV  3.7635527 0.0355457 0.1904887 2.6830463 0.0816705 0.1904887 0.0355457 0.0000000 2.6830463 0.2312496 0.1052926 0.2312496 0.0816705 0.0403416 0.1296707 0.1052926 0.1904887 
OM037668_Megalocytivirus_lates1_SDDV   2.8018203 3.4014340 2.3181864 0.0000010 2.5967954 2.3181864 3.4014340 2.6830463 0.0000000 2.1455659 3.8230753 2.1455659 2.5967954 2.6625330 2.6937303 3.8230753 3.1790785 
OP896201_Megalocytivirus_pagrus1_ISKNV 3.0923973 0.1659089 0.0177749 2.1455659 0.1014538 0.0177749 0.1659089 0.2312496 2.1455659 0.0000000 0.1894668 0.0000010 0.1014538 0.2478122 0.1172018 0.1894668 0.0177749 
MK098187_Megalocytivirus_pagrus1_RSIV  3.7679387 0.0522308 0.1505793 3.8230753 0.1135969 0.1505793 0.0522308 0.1052926 3.8230753 0.1894668 0.0000000 0.1894668 0.1135969 0.1447139 0.1730472 0.0000010 0.1674630 
OR356116_Megalocytivirus_pagrus1_ISKNV 3.0923973 0.1659089 0.0177749 2.1455659 0.1014538 0.0177749 0.1659089 0.2312496 2.1455659 0.0000010 0.1894668 0.0000000 0.1014538 0.2478122 0.1172018 0.1894668 0.0177749 
OP009387_Megalocytivirus_pagrus1_ISKNV 3.1181796 0.0365898 0.0674883 2.5967954 0.0000010 0.0674883 0.0365898 0.0816705 2.5967954 0.1014538 0.1135969 0.1014538 0.0000000 0.1053111 0.0203147 0.1135969 0.0674883 
GQ273492_Megalocytivirus_pagrus1_TRBIV 3.1518760 0.0446169 0.1944848 2.6625330 0.1053111 0.1944848 0.0446169 0.0403416 2.6625330 0.2478122 0.1447139 0.2478122 0.1053111 0.0000000 0.0699646 0.1447139 0.1944848 
PP974677_Megalocytivirus_pagrus1_ISKNV 2.6802385 0.0705645 0.0790533 2.6937303 0.0203147 0.0790533 0.0705645 0.1296707 2.6937303 0.1172018 0.1730472 0.1172018 0.0203147 0.0699646 0.0000000 0.1730472 0.0790533 
MK098186_Megalocytivirus_pagrus1_RSIV  3.7679387 0.0522308 0.1505793 3.8230753 0.1135969 0.1505793 0.0522308 0.1052926 3.8230753 0.1894668 0.0000010 0.1894668 0.1135969 0.1447139 0.1730472 0.0000000 0.1674630 
MW273353_Megalocytivirus_pagrus1_ISKNV 2.4857696 0.1457018 0.0000010 3.1790785 0.0674883 0.0000010 0.1457018 0.1904887 3.1790785 0.0177749 0.1674630 0.0177749 0.0674883 0.1944848 0.0790533 0.1674630 0.0000000 
