27
MW883595_Megalocytivirus_pagrus1_ISKNV    0.0000000 0.2062832 0.4217048 0.3905228 0.0179696 0.4441307 0.0240335 0.4441307 0.0179696 0.3905228 0.0240233 0.5838012 0.0000010 0.0239996 0.0240981 0.0240090 0.0239960 0.0239996 0.5838012 0.0240069 0.0239892 0.4006471 0.0300317 0.0240682 0.0239960 0.0300317 0.0240233 
MT986830_Megalocytivirus_pagrus1_ISKNV    0.2062832 0.0000000 0.2496017 0.1638752 0.1984444 0.2471097 0.2056519 0.2471097 0.1984444 0.1638752 0.2055763 0.5941497 0.2062832 0.2053588 0.2063995 0.2054068 0.2052943 0.2053588 0.5941497 0.2053644 0.2052054 0.1715228 0.2120286 0.2060709 0.2052943 0.2120286 0.2055763 
OQ475017_Megalocytivirus_pagrus1_RSIV     0.4217048 0.2496017 0.0000000 0.0767946 0.4314347 0.0000010 0.4402536 0.0000010 0.4314347 0.0767946 0.4430992 0.3849220 0.4217048 0.4226784 0.4314347 0.4396162 0.4394018 0.4226784 0.3849220 0.4394640 0.4390749 0.0699169 0.4468316 0.4416569 0.4394018 0.4468316 0.4430992 
MK689686_Megalocytivirus_pagrus1_RSIV     0.3905228 0.1638752 0.0767946 0.0000000 0.3995704 0.0803980 0.4078345 0.0803980 0.3995704 0.0000010 0.4077472 0.4788652 0.3905228 0.3913553 0.4098243 0.4072814 0.4070845 0.3913553 0.4788652 0.4071520 0.4068141 0.0059232 0.4141591 0.4090094 0.4070845 0.4141591 0.4077472 
MW883596_Megalocytivirus_pagrus1_ISKNV    0.0179696 0.1984444 0.4314347 0.3995704 0.0000000 0.4537694 0.0059573 0.4537694 0.0000010 0.3995704 0.0059547 0.5945582 0.0179696 0.0059488 0.0059728 0.0059513 0.0059480 0.0059488 0.5945582 0.0059508 0.0059464 0.4098129 0.0119107 0.0059656 0.0059480 0.0119107 0.0059547 
BD143114_Megalocytivirus_pagrus1_RSIV     0.4441307 0.2471097 0.0000010 0.0803980 0.4537694 0.0000000 0.4624526 0.0000010 0.4537694 0.0803980 0.4654606 0.4766788 0.4441307 0.4451523 0.4649348 0.4617931 0.4615806 0.4451523 0.4766788 0.4616338 0.4612309 0.0737262 0.4688131 0.4639401 0.4615806 0.4688131 0.4654606 
MT926123_Megalocytivirus_pagrus1_ISKNV    0.0240335 0.2056519 0.4402536 0.4078345 0.0059573 0.4624526 0.0000000 0.4624526 0.0059573 0.4078345 0.0119460 0.6038603 0.0240335 0.0119342 0.0119827 0.0119390 0.0119325 0.0119342 0.6038603 0.0119381 0.0119292 0.4181636 0.0179226 0.0119681 0.0119325 0.0179226 0.0119460 
OL774654_Megalocytivirus_pagrus1_RSIV     0.4441307 0.2471097 0.0000010 0.0803980 0.4537694 0.0000010 0.4624526 0.0000000 0.4537694 0.0803980 0.4654606 0.4766788 0.4441307 0.4451523 0.4649348 0.4617931 0.4615806 0.4451523 0.4766788 0.4616338 0.4612309 0.0737262 0.4688131 0.4639401 0.4615806 0.4688131 0.4654606 
ON212400_Megalocytivirus_pagrus1_ISKNV    0.0179696 0.1984444 0.4314347 0.3995704 0.0000010 0.4537694 0.0059573 0.4537694 0.0000000 0.3995704 0.0059547 0.5945582 0.0179696 0.0059488 0.0059728 0.0059513 0.0059480 0.0059488 0.5945582 0.0059508 0.0059464 0.4098129 0.0119107 0.0059656 0.0059480 0.0119107 0.0059547 
OK042109_Megalocytivirus_pagrus1_RSIV     0.3905228 0.1638752 0.0767946 0.0000010 0.3995704 0.0803980 0.4078345 0.0803980 0.3995704 0.0000000 0.4077472 0.4788652 0.3905228 0.3913553 0.4098243 0.4072814 0.4070845 0.3913553 0.4788652 0.4071520 0.4068141 0.0059232 0.4141591 0.4090094 0.4070845 0.4141591 0.4077472 
OR670976_Megalocytivirus_pagrus1_ISKNV    0.0240233 0.2055763 0.4430992 0.4077472 0.0059547 0.4654606 0.0119460 0.4654606 0.0059547 0.4077472 0.0000000 0.6087327 0.0240233 0.0119291 0.0119776 0.0119338 0.0119274 0.0119291 0.6087327 0.0119329 0.0119241 0.4180781 0.0179150 0.0119629 0.0119274 0.0179150 0.0000010 
MG570131_Megalocytivirus_pagrus1_TRBIV    0.5838012 0.5941497 0.3849220 0.4788652 0.5945582 0.4766788 0.6038603 0.4766788 0.5945582 0.4788652 0.6087327 0.0000000 0.5838012 0.5945582 0.6077955 0.6029305 0.6027255 0.5945582 0.0000010 0.6027068 0.6021162 0.4668414 0.5945582 0.5993734 0.6027255 0.5945582 0.6087327 
MN432490_Megalocytivirus_pagrus1_ISKNV    0.0000010 0.2062832 0.4217048 0.3905228 0.0179696 0.4441307 0.0240335 0.4441307 0.0179696 0.3905228 0.0240233 0.5838012 0.0000000 0.0239996 0.0240981 0.0240090 0.0239960 0.0239996 0.5838012 0.0240069 0.0239892 0.4006471 0.0300317 0.0240682 0.0239960 0.0300317 0.0240233 
MW883599_Megalocytivirus_pagrus1_ISKNV    0.0239996 0.2053588 0.4226784 0.3913553 0.0059488 0.4451523 0.0119342 0.4451523 0.0059488 0.3913553 0.0119291 0.5945582 0.0239996 0.0000000 0.0119657 0.0119221 0.0119156 0.0000010 0.5945582 0.0119212 0.0119123 0.4015143 0.0178974 0.0119511 0.0119156 0.0178974 0.0119291 
MW273353_Megalocytivirus_pagrus1_ISKNV    0.0240981 0.2063995 0.4314347 0.4098243 0.0059728 0.4649348 0.0119827 0.4649348 0.0059728 0.4098243 0.0119776 0.6077955 0.0240981 0.0119657 0.0000000 0.0119705 0.0119641 0.0119657 0.6077955 0.0119696 0.0119607 0.4202430 0.0179701 0.0119998 0.0119641 0.0179701 0.0119776 
MW273354_Megalocytivirus_pagrus1_ISKNV    0.0240090 0.2054068 0.4396162 0.4072814 0.0059513 0.4617931 0.0119390 0.4617931 0.0059513 0.4072814 0.0119338 0.6029305 0.0240090 0.0119221 0.0119705 0.0000000 0.0119204 0.0119221 0.6029305 0.0119259 0.0119171 0.4175905 0.0179044 0.0119559 0.0119204 0.0179044 0.0119338 
MT128666_Megalocytivirus_pagrus1_ISKNV    0.0239960 0.2052943 0.4394018 0.4070845 0.0059480 0.4615806 0.0119325 0.4615806 0.0059480 0.4070845 0.0119274 0.6027255 0.0239960 0.0119156 0.0119641 0.0119204 0.0000000 0.0119156 0.6027255 0.0119195 0.0119106 0.4173900 0.0178948 0.0119494 0.0000010 0.0178948 0.0119274 
MW883594_Megalocytivirus_pagrus1_ISKNV    0.0239996 0.2053588 0.4226784 0.3913553 0.0059488 0.4451523 0.0119342 0.4451523 0.0059488 0.3913553 0.0119291 0.5945582 0.0239996 0.0000010 0.0119657 0.0119221 0.0119156 0.0000000 0.5945582 0.0119212 0.0119123 0.4015143 0.0178974 0.0119511 0.0119156 0.0178974 0.0119291 
MG570132_Megalocytivirus_pagrus1_TRBIV    0.5838012 0.5941497 0.3849220 0.4788652 0.5945582 0.4766788 0.6038603 0.4766788 0.5945582 0.4788652 0.6087327 0.0000010 0.5838012 0.5945582 0.6077955 0.6029305 0.6027255 0.5945582 0.0000000 0.6027068 0.6021162 0.4668414 0.5945582 0.5993734 0.6027255 0.5945582 0.6087327 
MW883601_Megalocytivirus_pagrus1_ISKNV    0.0240069 0.2053644 0.4394640 0.4071520 0.0059508 0.4616338 0.0119381 0.4616338 0.0059508 0.4071520 0.0119329 0.6027068 0.0240069 0.0119212 0.0119696 0.0119259 0.0119195 0.0119212 0.6027068 0.0000000 0.0119162 0.4174555 0.0179030 0.0119550 0.0119195 0.0179030 0.0119329 
OR536350_Megalocytivirus_pagrus1_ISKNV    0.0239892 0.2052054 0.4390749 0.4068141 0.0059464 0.4612309 0.0119292 0.4612309 0.0059464 0.4068141 0.0119241 0.6021162 0.0239892 0.0119123 0.0119607 0.0119171 0.0119106 0.0119123 0.6021162 0.0119162 0.0000000 0.4171055 0.0059428 0.0119461 0.0119106 0.0059428 0.0119241 
ON743042_Megalocytivirus_pagrus1_RSIV     0.4006471 0.1715228 0.0699169 0.0059232 0.4098129 0.0737262 0.4181636 0.0737262 0.4098129 0.0059232 0.4180781 0.4668414 0.4006471 0.4015143 0.4202430 0.4175905 0.4173900 0.4015143 0.4668414 0.4174555 0.4171055 0.0000000 0.4245030 0.4193948 0.4173900 0.4245030 0.4180781 
23043610005_Megalocytivirus_pagrus1_ISKNV 0.0300317 0.2120286 0.4468316 0.4141591 0.0119107 0.4688131 0.0179226 0.4688131 0.0119107 0.4141591 0.0179150 0.5945582 0.0300317 0.0178974 0.0179701 0.0179044 0.0178948 0.0178974 0.5945582 0.0179030 0.0059428 0.4245030 0.0000000 0.0179481 0.0178948 0.0000010 0.0179150 
MW883600_Megalocytivirus_pagrus1_ISKNV    0.0240682 0.2060709 0.4416569 0.4090094 0.0059656 0.4639401 0.0119681 0.4639401 0.0059656 0.4090094 0.0119629 0.5993734 0.0240682 0.0119511 0.0119998 0.0119559 0.0119494 0.0119511 0.5993734 0.0119550 0.0119461 0.4193948 0.0179481 0.0000000 0.0119494 0.0179481 0.0119629 
MT128667_Megalocytivirus_pagrus1_ISKNV    0.0239960 0.2052943 0.4394018 0.4070845 0.0059480 0.4615806 0.0119325 0.4615806 0.0059480 0.4070845 0.0119274 0.6027255 0.0239960 0.0119156 0.0119641 0.0119204 0.0000010 0.0119156 0.6027255 0.0119195 0.0119106 0.4173900 0.0178948 0.0119494 0.0000000 0.0178948 0.0119274 
23043610003_Megalocytivirus_pagrus1_ISKNV 0.0300317 0.2120286 0.4468316 0.4141591 0.0119107 0.4688131 0.0179226 0.4688131 0.0119107 0.4141591 0.0179150 0.5945582 0.0300317 0.0178974 0.0179701 0.0179044 0.0178948 0.0178974 0.5945582 0.0179030 0.0059428 0.4245030 0.0000010 0.0179481 0.0178948 0.0000000 0.0179150 
OQ513807_Megalocytivirus_pagrus1_ISKNV    0.0240233 0.2055763 0.4430992 0.4077472 0.0059547 0.4654606 0.0119460 0.4654606 0.0059547 0.4077472 0.0000010 0.6087327 0.0240233 0.0119291 0.0119776 0.0119338 0.0119274 0.0119291 0.6087327 0.0119329 0.0119241 0.4180781 0.0179150 0.0119629 0.0119274 0.0179150 0.0000000 
