27
AF303741_AF303741.1_00006          0.0000000 3.0780241 2.6634151 3.1338992 3.1346491 3.0864827 1.9676218 0.6193993 3.1394387 2.0030170 3.1394387 2.3329481 3.7906603 1.9009793 3.1253420 3.1253420 3.1346491 3.0780241 3.0765947 2.8125181 2.3241148 2.8125181 3.0811988 3.0803089 2.6470071 3.0803089 3.1244509 
AF371960_AF371960.1_00064          3.0780241 0.0000000 2.2536625 0.0493487 0.0494322 0.0445031 3.2737084 3.0704818 0.0480715 3.0635522 0.0480715 2.1794157 3.8396692 2.7299458 0.0458100 0.0458100 0.0494322 0.0000010 0.0045613 1.2532487 2.2636083 1.2532487 0.0011364 0.0057039 2.2012028 0.0057039 0.0456382 
AY521625_AY521625.1_00053          2.6634151 2.2536625 0.0000000 2.2397889 2.2652435 2.2194340 2.7986160 2.6485762 2.2393884 2.7150859 2.2393884 1.3653782 3.9436243 2.1031578 2.2544196 2.2544196 2.2652435 2.2536625 2.2423829 2.1461336 1.3670177 2.1461336 2.2485661 2.2352001 0.6172392 2.2352001 2.2480437 
AY894343_MK689686.1_00062          3.1338992 0.0493487 2.2397889 0.0000000 0.0136690 0.0465130 3.1422877 3.0881561 0.0011259 2.9625459 0.0011259 2.1688668 3.8069876 2.7006375 0.0490056 0.0490056 0.0136690 0.0493487 0.0505291 1.2171878 2.2538057 1.2171878 0.0505731 0.0517256 2.1666489 0.0517256 0.0056489 
BD143114_MK689686.1_00062          3.1346491 0.0494322 2.2652435 0.0136690 0.0000000 0.0465909 3.1554745 3.1347430 0.0125037 2.9702200 0.0125037 2.1635120 3.8477528 2.7349178 0.0490880 0.0490880 0.0000010 0.0494322 0.0506146 1.2321852 2.2534914 1.2321852 0.0506587 0.0518132 2.1844906 0.0518132 0.0079328 
GQ273492_GQ273492.1_00063          3.0864827 0.0445031 2.2194340 0.0465130 0.0465909 0.0000000 3.2212649 3.0703125 0.0452546 2.9731314 0.0452546 2.1893950 3.8219798 2.7299074 0.0205758 0.0205758 0.0465909 0.0445031 0.0432056 1.2532615 2.2559642 1.2532615 0.0457188 0.0443916 2.1607565 0.0443916 0.0428513 
HF920633_HF920633.1_00118          1.9676218 3.2737084 2.7986160 3.1422877 3.1554745 3.2212649 0.0000000 1.9488797 3.1417486 0.4775767 3.1417486 2.5863953 3.1301569 2.1310025 3.2252101 3.2252101 3.1554745 3.2737084 3.2525378 2.9204616 2.5568496 2.9204616 3.2701588 3.2483114 2.7410309 3.2483114 3.1406536 
HF920637_HF920637.1_00217          0.6193993 3.0704818 2.6485762 3.0881561 3.1347430 3.0703125 1.9488797 0.0000000 3.0958996 1.9781150 3.0958996 2.2504406 3.5108233 1.9920447 3.0800404 3.0800404 3.1347430 3.0704818 3.0622807 3.0247014 2.2867564 3.0247014 3.0674193 3.0632164 2.6713401 3.0632164 3.0981564 
KC244182_MK689686.1_00062          3.1394387 0.0480715 2.2393884 0.0011259 0.0125037 0.0452546 3.1417486 3.0958996 0.0000000 2.9620455 0.0000010 2.1684705 3.8140469 2.7001869 0.0477382 0.0477382 0.0125037 0.0480715 0.0492494 1.2168122 2.2534037 1.2168122 0.0492921 0.0504429 2.1662529 0.0504429 0.0045097 
KF938901_KF938901.1_00092          2.0030170 3.0635522 2.7150859 2.9625459 2.9702200 2.9731314 0.4775767 1.9781150 2.9620455 0.0000000 2.9620455 2.4966195 3.1724750 2.0865399 3.0142698 3.0142698 2.9702200 3.0635522 3.0541528 2.7466688 2.4810366 2.7466688 3.0616215 3.0478524 2.6000325 3.0478524 2.9515451 
KT804738_MK689686.1_00062          3.1394387 0.0480715 2.2393884 0.0011259 0.0125037 0.0452546 3.1417486 3.0958996 0.0000010 2.9620455 0.0000000 2.1684705 3.8140469 2.7001869 0.0477382 0.0477382 0.0125037 0.0480715 0.0492494 1.2168122 2.2534037 1.2168122 0.0492921 0.0504429 2.1662529 0.0504429 0.0045097 
KX643370_Lymph_LDV3_KX643370_00094 2.3329481 2.1794157 1.3653782 2.1688668 2.1635120 2.1893950 2.5863953 2.2504406 2.1684705 2.4966195 2.1684705 0.0000000 3.8636998 2.0018305 2.2090670 2.2090670 2.1635120 2.1794157 2.1823888 1.9216248 0.1087111 1.9216248 2.1776534 2.1861944 1.4519748 2.1861944 2.1686649 
LS484712_LS484712.1_00203          3.7906603 3.8396692 3.9436243 3.8069876 3.8477528 3.8219798 3.1301569 3.5108233 3.8140469 3.1724750 3.8140469 3.8636998 0.0000000 3.4762736 3.8397367 3.8397367 3.8477528 3.8396692 3.8275321 4.2802510 3.9009800 4.2802510 3.8328128 3.8299485 4.2537599 3.8299485 3.7937762 
MF599468_MF599468.1_00149          1.9009793 2.7299458 2.1031578 2.7006375 2.7349178 2.7299074 2.1310025 1.9920447 2.7001869 2.0865399 2.7001869 2.0018305 3.4762736 0.0000000 2.7638569 2.7638569 2.7349178 2.7299458 2.7207728 2.5395900 1.9775616 2.5395900 2.7235542 2.7282010 2.1354370 2.7282010 2.7026899 
MG570131_MG570131.1_00063          3.1253420 0.0458100 2.2544196 0.0490056 0.0490880 0.0205758 3.2252101 3.0800404 0.0477382 3.0142698 0.0477382 2.2090670 3.8397367 2.7638569 0.0000000 0.0000010 0.0490880 0.0458100 0.0445053 1.2544456 2.2790888 1.2544456 0.0470303 0.0456950 2.1870929 0.0456950 0.0453226 
MG570132_MG570132.1_00063          3.1253420 0.0458100 2.2544196 0.0490056 0.0490880 0.0205758 3.2252101 3.0800404 0.0477382 3.0142698 0.0477382 2.2090670 3.8397367 2.7638569 0.0000010 0.0000000 0.0490880 0.0458100 0.0445053 1.2544456 2.2790888 1.2544456 0.0470303 0.0456950 2.1870929 0.0456950 0.0453226 
MK098185_MK689686.1_00062          3.1346491 0.0494322 2.2652435 0.0136690 0.0000010 0.0465909 3.1554745 3.1347430 0.0125037 2.9702200 0.0125037 2.1635120 3.8477528 2.7349178 0.0490880 0.0490880 0.0000000 0.0494322 0.0506146 1.2321852 2.2534914 1.2321852 0.0506587 0.0518132 2.1844906 0.0518132 0.0079328 
MK689685_AF371960.1_00064          3.0780241 0.0000010 2.2536625 0.0493487 0.0494322 0.0445031 3.2737084 3.0704818 0.0480715 3.0635522 0.0480715 2.1794157 3.8396692 2.7299458 0.0458100 0.0458100 0.0494322 0.0000000 0.0045613 1.2532487 2.2636083 1.2532487 0.0011364 0.0057039 2.2012028 0.0057039 0.0456382 
MN432490_AF371960.1_00064          3.0765947 0.0045613 2.2423829 0.0505291 0.0506146 0.0432056 3.2525378 3.0622807 0.0492494 3.0541528 0.0492494 2.1823888 3.8275321 2.7207728 0.0445053 0.0445053 0.0506146 0.0045613 0.0000000 1.2524947 2.2663496 1.2524947 0.0057071 0.0011347 2.2032584 0.0011347 0.0468137 
MN562489_OM037668.1_00009          2.8125181 1.2532487 2.1461336 1.2171878 1.2321852 1.2532615 2.9204616 3.0247014 1.2168122 2.7466688 1.2168122 1.9216248 4.2802510 2.5395900 1.2544456 1.2544456 1.2321852 1.2532487 1.2524947 0.0000000 1.9438361 0.0000010 1.2521866 1.2543978 2.1451039 1.2543978 1.2241740 
MN803438_MN803438.1_00049          2.3241148 2.2636083 1.3670177 2.2538057 2.2534914 2.2559642 2.5568496 2.2867564 2.2534037 2.4810366 2.2534037 0.1087111 3.9009800 1.9775616 2.2790888 2.2790888 2.2534914 2.2636083 2.2663496 1.9438361 0.0000000 1.9438361 2.2605296 2.2703224 1.4369229 2.2703224 2.2535702 
MT521409_OM037668.1_00009          2.8125181 1.2532487 2.1461336 1.2171878 1.2321852 1.2532615 2.9204616 3.0247014 1.2168122 2.7466688 1.2168122 1.9216248 4.2802510 2.5395900 1.2544456 1.2544456 1.2321852 1.2532487 1.2524947 0.0000010 1.9438361 0.0000000 1.2521866 1.2543978 2.1451039 1.2543978 1.2241740 
MT926123_AF371960.1_00064          3.0811988 0.0011364 2.2485661 0.0505731 0.0506587 0.0457188 3.2701588 3.0674193 0.0492921 3.0616215 0.0492921 2.1776534 3.8328128 2.7235542 0.0470303 0.0470303 0.0506587 0.0011364 0.0057071 1.2521866 2.2605296 1.2521866 0.0000000 0.0068512 2.1982456 0.0068512 0.0468540 
MT986830_AF371960.1_00064          3.0803089 0.0057039 2.2352001 0.0517256 0.0518132 0.0443916 3.2483114 3.0632164 0.0504429 3.0478524 0.0504429 2.1861944 3.8299485 2.7282010 0.0456950 0.0456950 0.0518132 0.0057039 0.0011347 1.2543978 2.2703224 1.2543978 0.0068512 0.0000000 2.1961956 0.0000010 0.0480038 
NC_005946_NC_005946.1_00011        2.6470071 2.2012028 0.6172392 2.1666489 2.1844906 2.1607565 2.7410309 2.6713401 2.1662529 2.6000325 2.1662529 1.4519748 4.2537599 2.1354370 2.1870929 2.1870929 2.1844906 2.2012028 2.2032584 2.1451039 1.4369229 2.1451039 2.1982456 2.1961956 0.0000000 2.1961956 2.1747062 
OP009387_AF371960.1_00064          3.0803089 0.0057039 2.2352001 0.0517256 0.0518132 0.0443916 3.2483114 3.0632164 0.0504429 3.0478524 0.0504429 2.1861944 3.8299485 2.7282010 0.0456950 0.0456950 0.0518132 0.0057039 0.0011347 1.2543978 2.2703224 1.2543978 0.0068512 0.0000010 2.1961956 0.0000000 0.0480038 
OQ475017_OQ475017.1_00062          3.1244509 0.0456382 2.2480437 0.0056489 0.0079328 0.0428513 3.1406536 3.0981564 0.0045097 2.9515451 0.0045097 2.1686649 3.7937762 2.7026899 0.0453226 0.0453226 0.0079328 0.0456382 0.0468137 1.2241740 2.2535702 1.2241740 0.0468540 0.0480038 2.1747062 0.0480038 0.0000000 
