16
KT804738_Megalocytivirus_pagrus1_RSIV                    0.0000000 0.0508993 0.0508993 0.0044313 0.0000010 1.0904057 0.0616383 0.0616383 0.0615628 0.4346643 1.0904057 0.0407750 0.0270990 0.0044313 0.0501268 0.0501268 
MT986830_Megalocytivirus_pagrus1_ISKNV                   0.0508993 0.0000000 0.0000010 0.0457589 0.0508993 1.0697148 0.0100839 0.0100839 0.0100718 0.4410711 1.0697148 0.0558457 0.0201234 0.0457589 0.0558909 0.0558909 
MW883606_Megalocytivirus_pagrus1_ISKNV                   0.0508993 0.0000010 0.0000000 0.0457589 0.0508993 1.0697148 0.0100839 0.0100839 0.0100718 0.4410711 1.0697148 0.0558457 0.0201234 0.0457589 0.0558909 0.0558909 
MK098185_Megalocytivirus_pagrus1_RSIV                    0.0044313 0.0457589 0.0457589 0.0000000 0.0044313 1.0824998 0.0564395 0.0564395 0.0563705 0.4286413 1.0824998 0.0362098 0.0225602 0.0000010 0.0455260 0.0455260 
ON740976_Megalocytivirus_pagrus1_RSIV                    0.0000010 0.0508993 0.0508993 0.0044313 0.0000000 1.0904057 0.0616383 0.0616383 0.0615628 0.4346643 1.0904057 0.0407750 0.0270990 0.0044313 0.0501268 0.0501268 
MN562489_Megalocytivirus_lates1_SDDV                     1.0904057 1.0697148 1.0697148 1.0824998 1.0904057 0.0000000 1.0793160 1.0793160 1.1022980 1.2267206 0.0000010 1.0659724 1.0939170 1.0824998 1.0535610 1.0535610 
MT128666_Megalocytivirus_pagrus1_ISKNV                   0.0616383 0.0100839 0.0100839 0.0564395 0.0616383 1.0793160 0.0000000 0.0000010 0.0100520 0.4592763 1.0793160 0.0666031 0.0304573 0.0564395 0.0666575 0.0666575 
MT128667_Megalocytivirus_pagrus1_ISKNV                   0.0616383 0.0100839 0.0100839 0.0564395 0.0616383 1.0793160 0.0000010 0.0000000 0.0100520 0.4592763 1.0793160 0.0666031 0.0304573 0.0564395 0.0666575 0.0666575 
MW883603_Megalocytivirus_pagrus1_ISKNV                   0.0615628 0.0100718 0.0100718 0.0563705 0.0615628 1.1022980 0.0100520 0.0100520 0.0000000 0.4585600 1.1022980 0.0665217 0.0304205 0.0563705 0.0665760 0.0665760 
PQ335173_PQ335174_Threespine_stickleback_iridovirus_TSIV 0.4346643 0.4410711 0.4410711 0.4286413 0.4346643 1.2267206 0.4592763 0.4592763 0.4585600 0.0000000 1.2267206 0.4177250 0.4297739 0.4286413 0.4211665 0.4211665 
MT521409_Megalocytivirus_lates1_SDDV                     1.0904057 1.0697148 1.0697148 1.0824998 1.0904057 0.0000010 1.0793160 1.0793160 1.1022980 1.2267206 0.0000000 1.0659724 1.0939170 1.0824998 1.0535610 1.0535610 
GQ273492_Megalocytivirus_pagrus1_TRBIV                   0.0407750 0.0558457 0.0558457 0.0362098 0.0407750 1.0659724 0.0666031 0.0666031 0.0665217 0.4177250 1.0659724 0.0000000 0.0408218 0.0362098 0.0268443 0.0268443 
OQ475017_Megalocytivirus_pagrus1_RSIV                    0.0270990 0.0201234 0.0201234 0.0225602 0.0270990 1.0939170 0.0304573 0.0304573 0.0304205 0.4297739 1.0939170 0.0408218 0.0000000 0.0225602 0.0455397 0.0455397 
OL774654_Megalocytivirus_pagrus1_RSIV                    0.0044313 0.0457589 0.0457589 0.0000010 0.0044313 1.0824998 0.0564395 0.0564395 0.0563705 0.4286413 1.0824998 0.0362098 0.0225602 0.0000000 0.0455260 0.0455260 
MG570132_Megalocytivirus_pagrus1_TRBIV                   0.0501268 0.0558909 0.0558909 0.0455260 0.0501268 1.0535610 0.0666575 0.0666575 0.0665760 0.4211665 1.0535610 0.0268443 0.0455397 0.0455260 0.0000000 0.0000010 
MG570131_Megalocytivirus_pagrus1_TRBIV                   0.0501268 0.0558909 0.0558909 0.0455260 0.0501268 1.0535610 0.0666575 0.0666575 0.0665760 0.4211665 1.0535610 0.0268443 0.0455397 0.0455260 0.0000010 0.0000000 
