17
MK637631_European_chub_iridovirus_ECIV                   0.0000000 1.1262748 1.0994876 1.0994876 1.1251982 1.1262748 0.3957214 1.1095194 1.1095194 1.1331539 1.3641624 0.3957214 1.1042237 1.1099571 1.1251982 1.0835631 1.0835631 
KT804738_Megalocytivirus_pagrus1_RSIV                    1.1262748 0.0000000 0.0508994 0.0508994 0.0044313 0.0000010 1.0904057 0.0616384 0.0616384 0.0615630 0.4346644 1.0904057 0.0407752 0.0270990 0.0044313 0.0501270 0.0501270 
MT986830_Megalocytivirus_pagrus1_ISKNV                   1.0994876 0.0508994 0.0000000 0.0000010 0.0457589 0.0508994 1.0697145 0.0100829 0.0100829 0.0100718 0.4410706 1.0697145 0.0558458 0.0201234 0.0457589 0.0558911 0.0558911 
MW883606_Megalocytivirus_pagrus1_ISKNV                   1.0994876 0.0508994 0.0000010 0.0000000 0.0457589 0.0508994 1.0697145 0.0100829 0.0100829 0.0100718 0.4410706 1.0697145 0.0558458 0.0201234 0.0457589 0.0558911 0.0558911 
MK098185_Megalocytivirus_pagrus1_RSIV                    1.1251982 0.0044313 0.0457589 0.0457589 0.0000000 0.0044313 1.0824998 0.0564396 0.0564396 0.0563706 0.4286414 1.0824998 0.0362099 0.0225603 0.0000010 0.0455262 0.0455262 
ON740976_Megalocytivirus_pagrus1_RSIV                    1.1262748 0.0000010 0.0508994 0.0508994 0.0044313 0.0000000 1.0904057 0.0616384 0.0616384 0.0615630 0.4346644 1.0904057 0.0407752 0.0270990 0.0044313 0.0501270 0.0501270 
MN562489_Megalocytivirus_lates1_SDDV                     0.3957214 1.0904057 1.0697145 1.0697145 1.0824998 1.0904057 0.0000000 1.0793160 1.0793160 1.1022980 1.2267206 0.0000010 1.0659724 1.0939171 1.0824998 1.0535610 1.0535610 
MT128666_Megalocytivirus_pagrus1_ISKNV                   1.1095194 0.0616384 0.0100829 0.0100829 0.0564396 0.0616384 1.0793160 0.0000000 0.0000010 0.0100520 0.4592757 1.0793160 0.0666033 0.0304574 0.0564396 0.0666577 0.0666577 
MT128667_Megalocytivirus_pagrus1_ISKNV                   1.1095194 0.0616384 0.0100829 0.0100829 0.0564396 0.0616384 1.0793160 0.0000010 0.0000000 0.0100520 0.4592757 1.0793160 0.0666033 0.0304574 0.0564396 0.0666577 0.0666577 
MW883603_Megalocytivirus_pagrus1_ISKNV                   1.1331539 0.0615630 0.0100718 0.0100718 0.0563706 0.0615630 1.1022980 0.0100520 0.0100520 0.0000000 0.4585594 1.1022980 0.0665219 0.0304206 0.0563706 0.0665762 0.0665762 
PQ335173_PQ335174_Threespine_stickleback_iridovirus_TSIV 1.3641624 0.4346644 0.4410706 0.4410706 0.4286414 0.4346644 1.2267206 0.4592757 0.4592757 0.4585594 0.0000000 1.2267206 0.4177245 0.4297740 0.4286414 0.4211665 0.4211665 
MT521409_Megalocytivirus_lates1_SDDV                     0.3957214 1.0904057 1.0697145 1.0697145 1.0824998 1.0904057 0.0000010 1.0793160 1.0793160 1.1022980 1.2267206 0.0000000 1.0659724 1.0939171 1.0824998 1.0535610 1.0535610 
GQ273492_Megalocytivirus_pagrus1_TRBIV                   1.1042237 0.0407752 0.0558458 0.0558458 0.0362099 0.0407752 1.0659724 0.0666033 0.0666033 0.0665219 0.4177245 1.0659724 0.0000000 0.0408219 0.0362099 0.0268444 0.0268444 
OQ475017_Megalocytivirus_pagrus1_RSIV                    1.1099571 0.0270990 0.0201234 0.0201234 0.0225603 0.0270990 1.0939171 0.0304574 0.0304574 0.0304206 0.4297740 1.0939171 0.0408219 0.0000000 0.0225603 0.0455398 0.0455398 
OL774654_Megalocytivirus_pagrus1_RSIV                    1.1251982 0.0044313 0.0457589 0.0457589 0.0000010 0.0044313 1.0824998 0.0564396 0.0564396 0.0563706 0.4286414 1.0824998 0.0362099 0.0225603 0.0000000 0.0455262 0.0455262 
MG570132_Megalocytivirus_pagrus1_TRBIV                   1.0835631 0.0501270 0.0558911 0.0558911 0.0455262 0.0501270 1.0535610 0.0666577 0.0666577 0.0665762 0.4211665 1.0535610 0.0268444 0.0455398 0.0455262 0.0000000 0.0000010 
MG570131_Megalocytivirus_pagrus1_TRBIV                   1.0835631 0.0501270 0.0558911 0.0558911 0.0455262 0.0501270 1.0535610 0.0666577 0.0666577 0.0665762 0.4211665 1.0535610 0.0268444 0.0455398 0.0455262 0.0000010 0.0000000 
