12
AF371960_AF371960.1_00049 0.0000000 0.0243133 0.0121001 0.0480813 0.0243133 0.0484574 0.0484574 0.0121001 0.0000010 1.1112208 1.1112208 0.0120481 
AY894343_ORF045_refgen    0.0243133 0.0000000 0.0120047 0.0609268 0.0000010 0.0614070 0.0614070 0.0120047 0.0243133 1.0876214 1.0876214 0.0244757 
BD143114_ORF045_refgen    0.0121001 0.0120047 0.0000000 0.0485118 0.0120047 0.0488947 0.0488947 0.0000010 0.0121001 1.1174790 1.1174790 0.0245388 
GQ273492_GQ273492.1_00048 0.0480813 0.0609268 0.0485118 0.0000000 0.0609268 0.0239801 0.0239801 0.0485118 0.0480813 1.1425758 1.1425758 0.0609255 
KC244182_ORF045_refgen    0.0243133 0.0000010 0.0120047 0.0609268 0.0000000 0.0614070 0.0614070 0.0120047 0.0243133 1.0876214 1.0876214 0.0244757 
MG570131_MG570131.1_00049 0.0484574 0.0614070 0.0488947 0.0239801 0.0614070 0.0000000 0.0000010 0.0488947 0.0484574 1.1581602 1.1581602 0.0614055 
MG570132_MG570132.1_00049 0.0484574 0.0614070 0.0488947 0.0239801 0.0614070 0.0000010 0.0000000 0.0488947 0.0484574 1.1581602 1.1581602 0.0614055 
MK098185_ORF045_refgen    0.0121001 0.0120047 0.0000010 0.0485118 0.0120047 0.0488947 0.0488947 0.0000000 0.0121001 1.1174790 1.1174790 0.0245388 
MK689685_AF371960.1_00049 0.0000010 0.0243133 0.0121001 0.0480813 0.0243133 0.0484574 0.0484574 0.0121001 0.0000000 1.1112208 1.1112208 0.0120481 
MN562489_OM037668.1_00106 1.1112208 1.0876214 1.1174790 1.1425758 1.0876214 1.1581602 1.1581602 1.1174790 1.1112208 0.0000000 0.0000010 1.1158132 
MT521409_OM037668.1_00106 1.1112208 1.0876214 1.1174790 1.1425758 1.0876214 1.1581602 1.1581602 1.1174790 1.1112208 0.0000010 0.0000000 1.1158132 
MT926123_AF371960.1_00049 0.0120481 0.0244757 0.0245388 0.0609255 0.0244757 0.0614055 0.0614055 0.0245388 0.0120481 1.1158132 1.1158132 0.0000000 
