19
OL774653_Megalocytivirus_pagrus1_RSIV   0.0000000 0.1944451 0.1802681 0.1944451 0.0576997 0.1802681 0.0789792 0.1708737 0.0832336 0.0000010 0.1056145 0.0832336 0.0576997 0.1708737 0.1338138 0.0244000 0.0790304 0.1847878 0.0878482 
MG570131_Megalocytivirus_pagrus1_TRBIV  0.1944451 0.0000000 0.2323430 0.0000010 0.2285922 0.2323430 0.2332513 0.2143674 0.2378286 0.1944451 0.2636039 0.2378286 0.2285922 0.2143674 0.1662404 0.1981740 0.2334421 0.2329818 0.2435344 
NC_003494_Megalocytivirus_pagrus1_ISKNV 0.1802681 0.2323430 0.0000000 0.2323430 0.1520949 0.0000010 0.1654596 0.0326062 0.1699683 0.1802681 0.1945941 0.1699683 0.1520949 0.0326062 0.2140564 0.1806852 0.1655843 0.0040459 0.1752536 
MG570132_Megalocytivirus_pagrus1_TRBIV  0.1944451 0.0000010 0.2323430 0.0000000 0.2285922 0.2323430 0.2332513 0.2143674 0.2378286 0.1944451 0.2636039 0.2378286 0.2285922 0.2143674 0.1662404 0.1981740 0.2334421 0.2329818 0.2435344 
BD143114_Megalocytivirus_pagrus1_RSIV   0.0576997 0.2285922 0.1520949 0.2285922 0.0000000 0.1520949 0.0369316 0.1514707 0.0410867 0.0576997 0.0625653 0.0410867 0.0000010 0.1514707 0.1974970 0.0661646 0.0369539 0.1566406 0.0454266 
MW883603_Megalocytivirus_pagrus1_ISKNV  0.1802681 0.2323430 0.0000010 0.2323430 0.1520949 0.0000000 0.1654596 0.0326062 0.1699683 0.1802681 0.1945941 0.1699683 0.1520949 0.0326062 0.2140564 0.1806852 0.1655843 0.0040459 0.1752536 
MW883598_Megalocytivirus_pagrus1_RSIV   0.0789792 0.2332513 0.1654596 0.2332513 0.0369316 0.1654596 0.0000000 0.1560081 0.0040520 0.0789792 0.0246800 0.0040520 0.0369316 0.1560081 0.1961025 0.0875836 0.0081088 0.1700239 0.0081447 
MT986830_Megalocytivirus_pagrus1_ISKNV  0.1708737 0.2143674 0.0326062 0.2143674 0.1514707 0.0326062 0.1560081 0.0000000 0.1604908 0.1708737 0.1848646 0.1604908 0.1514707 0.0000010 0.1961794 0.1712651 0.1561239 0.0367365 0.1657003 
KT804738_Megalocytivirus_pagrus1_RSIV   0.0832336 0.2378286 0.1699683 0.2378286 0.0410867 0.1699683 0.0040520 0.1604908 0.0000000 0.0832336 0.0205417 0.0000010 0.0410867 0.1604908 0.2006394 0.0918604 0.0040495 0.1745412 0.0040674 
OL774655_Megalocytivirus_pagrus1_RSIV   0.0000010 0.1944451 0.1802681 0.1944451 0.0576997 0.1802681 0.0789792 0.1708737 0.0832336 0.0000000 0.1056145 0.0832336 0.0576997 0.1708737 0.1338138 0.0244000 0.0790304 0.1847878 0.0878482 
KC244182_Megalocytivirus_pagrus1_RSIV   0.1056145 0.2636039 0.1945941 0.2636039 0.0625653 0.1945941 0.0246800 0.1848646 0.0205417 0.1056145 0.0000000 0.0205417 0.0625653 0.1848646 0.2257602 0.1144440 0.0246647 0.1992586 0.0247764 
MK689686_Megalocytivirus_pagrus1_RSIV   0.0832336 0.2378286 0.1699683 0.2378286 0.0410867 0.1699683 0.0040520 0.1604908 0.0000010 0.0832336 0.0205417 0.0000000 0.0410867 0.1604908 0.2006394 0.0918604 0.0040495 0.1745412 0.0040674 
MK098185_Megalocytivirus_pagrus1_RSIV   0.0576997 0.2285922 0.1520949 0.2285922 0.0000010 0.1520949 0.0369316 0.1514707 0.0410867 0.0576997 0.0625653 0.0410867 0.0000000 0.1514707 0.1974970 0.0661646 0.0369539 0.1566406 0.0454266 
MW883595_Megalocytivirus_pagrus1_ISKNV  0.1708737 0.2143674 0.0326062 0.2143674 0.1514707 0.0326062 0.1560081 0.0000010 0.1604908 0.1708737 0.1848646 0.1604908 0.1514707 0.0000000 0.1961794 0.1712651 0.1561239 0.0367365 0.1657003 
GQ273492_Megalocytivirus_pagrus1_TRBIV  0.1338138 0.1662404 0.2140564 0.1662404 0.1974970 0.2140564 0.1961025 0.1961794 0.2006394 0.1338138 0.2257602 0.2006394 0.1974970 0.1961794 0.0000000 0.1335188 0.1962558 0.2185847 0.2061068 
OQ475017_Megalocytivirus_pagrus1_RSIV   0.0244000 0.1981740 0.1806852 0.1981740 0.0661646 0.1806852 0.0875836 0.1712651 0.0918604 0.0244000 0.1144440 0.0918604 0.0661646 0.1712651 0.1335188 0.0000000 0.0876412 0.1852170 0.0965354 
OK042108_Megalocytivirus_pagrus1_RSIV   0.0790304 0.2334421 0.1655843 0.2334421 0.0369539 0.1655843 0.0081088 0.1561239 0.0040495 0.0790304 0.0246647 0.0040495 0.0369539 0.1561239 0.1962558 0.0876412 0.0000000 0.1701528 0.0081398 
ON212400_Megalocytivirus_pagrus1_ISKNV  0.1847878 0.2329818 0.0040459 0.2329818 0.1566406 0.0040459 0.1700239 0.0367365 0.1745412 0.1847878 0.1992586 0.1745412 0.1566406 0.0367365 0.2185847 0.1852170 0.1701528 0.0000000 0.1798577 
ON740976_Megalocytivirus_pagrus1_RSIV   0.0878482 0.2435344 0.1752536 0.2435344 0.0454266 0.1752536 0.0081447 0.1657003 0.0040674 0.0878482 0.0247764 0.0040674 0.0454266 0.1657003 0.2061068 0.0965354 0.0081398 0.1798577 0.0000000 
