16
MK098187_Megalocytivirus_pagrus1_RSIV                    0.0000000 0.0243898 0.0243898 0.0029925 1.9171615 0.0029925 0.0494429 0.0275932 0.0462791 0.5301761 1.9171615 0.0000010 0.0462940 0.0089959 0.0089959 0.0275932 
OR356116_Megalocytivirus_pagrus1_ISKNV                   0.0243898 0.0000000 0.0000010 0.0274887 1.8836957 0.0274887 0.0400115 0.0090737 0.0400600 0.5389654 1.8836957 0.0243898 0.0368873 0.0273613 0.0273613 0.0090737 
MW883597_Megalocytivirus_pagrus1_ISKNV                   0.0243898 0.0000010 0.0000000 0.0274887 1.8836957 0.0274887 0.0400115 0.0090737 0.0400600 0.5389654 1.8836957 0.0243898 0.0368873 0.0273613 0.0273613 0.0090737 
MK689686_Megalocytivirus_pagrus1_RSIV                    0.0029925 0.0274887 0.0274887 0.0000000 1.9311771 0.0000010 0.0526287 0.0307152 0.0494540 0.5253364 1.9311771 0.0029925 0.0494700 0.0120163 0.0120163 0.0307152 
MN562489_Megalocytivirus_lates1_SDDV                     1.9171615 1.8836957 1.8836957 1.9311771 0.0000000 1.9311771 1.8925463 1.8788957 1.8885340 2.0699721 0.0000010 1.9171615 1.8767021 1.9124915 1.9124915 1.8788957 
ON740976_Megalocytivirus_pagrus1_RSIV                    0.0029925 0.0274887 0.0274887 0.0000010 1.9311771 0.0000000 0.0526287 0.0307152 0.0494540 0.5253364 1.9311771 0.0029925 0.0494700 0.0120163 0.0120163 0.0307152 
GQ273492_Megalocytivirus_pagrus1_TRBIV                   0.0494429 0.0400115 0.0400115 0.0526287 1.8925463 0.0526287 0.0000000 0.0432133 0.0181772 0.5449350 1.8925463 0.0494429 0.0151105 0.0461307 0.0461307 0.0432133 
MN432490_Megalocytivirus_pagrus1_ISKNV                   0.0275932 0.0090737 0.0090737 0.0307152 1.8788957 0.0307152 0.0432133 0.0000000 0.0432657 0.5329977 1.8788957 0.0275932 0.0400764 0.0305717 0.0305717 0.0000010 
MG570131_Megalocytivirus_pagrus1_TRBIV                   0.0462791 0.0400600 0.0400600 0.0494540 1.8885340 0.0494540 0.0181772 0.0432657 0.0000000 0.5302314 1.8885340 0.0462791 0.0030037 0.0492175 0.0492175 0.0432657 
PQ335173_PQ335174_Threespine_stickleback_iridovirus_TSIV 0.5301761 0.5389654 0.5389654 0.5253364 2.0699721 0.5253364 0.5449350 0.5329977 0.5302314 0.0000000 2.0699721 0.5301761 0.5277757 0.5391947 0.5391947 0.5329977 
MT521409_Megalocytivirus_lates1_SDDV                     1.9171615 1.8836957 1.8836957 1.9311771 0.0000010 1.9311771 1.8925463 1.8788957 1.8885340 2.0699721 0.0000000 1.9171615 1.8767021 1.9124915 1.9124915 1.8788957 
MK098185_Megalocytivirus_pagrus1_RSIV                    0.0000010 0.0243898 0.0243898 0.0029925 1.9171615 0.0029925 0.0494429 0.0275932 0.0462791 0.5301761 1.9171615 0.0000000 0.0462940 0.0089959 0.0089959 0.0275932 
MG570132_Megalocytivirus_pagrus1_TRBIV                   0.0462940 0.0368873 0.0368873 0.0494700 1.8767021 0.0494700 0.0151105 0.0400764 0.0030037 0.5277757 1.8767021 0.0462940 0.0000000 0.0492333 0.0492333 0.0400764 
OL774654_Megalocytivirus_pagrus1_RSIV                    0.0089959 0.0273613 0.0273613 0.0120163 1.9124915 0.0120163 0.0461307 0.0305717 0.0492175 0.5391947 1.9124915 0.0089959 0.0492333 0.0000000 0.0000010 0.0305717 
OL774655_Megalocytivirus_pagrus1_RSIV                    0.0089959 0.0273613 0.0273613 0.0120163 1.9124915 0.0120163 0.0461307 0.0305717 0.0492175 0.5391947 1.9124915 0.0089959 0.0492333 0.0000010 0.0000000 0.0305717 
MW883595_Megalocytivirus_pagrus1_ISKNV                   0.0275932 0.0090737 0.0090737 0.0307152 1.8788957 0.0307152 0.0432133 0.0000010 0.0432657 0.5329977 1.8788957 0.0275932 0.0400764 0.0305717 0.0305717 0.0000000 
