25
MK689686_Megalocytivirus_pagrus1_RSIV                    0.0000000 0.0162968 0.0162968 0.0081223 0.0000010 0.0081223 2.4194664 0.3770995 2.9519149 2.6855477 3.5442671 0.0246209 3.0241558 2.7592114 1.2978568 2.5514472 1.2978568 0.0405545 0.0240934 0.0246209 0.0405545 0.0247317 2.9691542 2.9029308 2.0844038 
MT128666_Megalocytivirus_pagrus1_ISKNV                   0.0162968 0.0000000 0.0000010 0.0081166 0.0162968 0.0081166 2.3192929 0.3880259 2.8798884 2.6591196 3.5459029 0.0081410 3.0711381 2.7522252 1.2075033 2.3920336 1.2075033 0.0499078 0.0246125 0.0081410 0.0499078 0.0081788 2.9361461 2.9067572 2.0715699 
MT986830_Megalocytivirus_pagrus1_ISKNV                   0.0162968 0.0000010 0.0000000 0.0081166 0.0162968 0.0081166 2.3192929 0.3880259 2.8798884 2.6591196 3.5459029 0.0081410 3.0711381 2.7522252 1.2075033 2.3920336 1.2075033 0.0499078 0.0246125 0.0081410 0.0499078 0.0081788 2.9361461 2.9067572 2.0715699 
MW883595_Megalocytivirus_pagrus1_ISKNV                   0.0081223 0.0081166 0.0081166 0.0000000 0.0081223 0.0000010 2.3462549 0.3897284 2.9071408 2.6811593 3.5911760 0.0163511 3.0439130 2.7826217 1.2199295 2.4201235 1.2199295 0.0414601 0.0163569 0.0163511 0.0414601 0.0164257 2.9848469 2.9354155 2.1065300 
KC244182_Megalocytivirus_pagrus1_RSIV                    0.0000010 0.0162968 0.0162968 0.0081223 0.0000000 0.0081223 2.4194664 0.3770995 2.9519149 2.6855477 3.5442671 0.0246209 3.0241558 2.7592114 1.2978568 2.5514472 1.2978568 0.0405545 0.0240934 0.0246209 0.0405545 0.0247317 2.9691542 2.9029308 2.0844038 
MN432490_Megalocytivirus_pagrus1_ISKNV                   0.0081223 0.0081166 0.0081166 0.0000010 0.0081223 0.0000000 2.3462549 0.3897284 2.9071408 2.6811593 3.5911760 0.0163511 3.0439130 2.7826217 1.2199295 2.4201235 1.2199295 0.0414601 0.0163569 0.0163511 0.0414601 0.0164257 2.9848469 2.9354155 2.1065300 
MN803438_Lymphocystivirus_micropogonias1_n/a             2.4194664 2.3192929 2.3192929 2.3462549 2.4194664 2.3462549 0.0000000 2.4121316 2.5357911 1.8476633 2.4249604 2.3506192 3.0689088 2.7073320 2.6156180 0.1374213 2.6156180 2.3099155 2.3774552 2.3506192 2.3099155 2.3329321 3.8416790 2.4998687 1.8555345 
PQ335173_PQ335174_Threespine_stickleback_iridovirus_TSIV 0.3770995 0.3880259 0.3880259 0.3897284 0.3770995 0.3897284 2.4121316 0.0000000 2.7403307 2.2515780 2.9357201 0.3922276 2.5705550 2.3260792 1.0934949 2.5084631 1.0934949 0.3577554 0.3795696 0.3922276 0.3577554 0.4046241 3.0876348 2.7557869 1.9012691 
KF938901_Chloriridovirus_anopheles1_n/a                  2.9519149 2.8798884 2.8798884 2.9071408 2.9519149 2.9071408 2.5357911 2.7403307 0.0000000 2.8047014 0.6623473 2.8576203 1.9211951 1.8268541 2.7203519 2.6543692 2.7203519 2.8997967 2.9537431 2.8576203 2.8997967 2.8532632 4.0024860 0.2277713 2.6511942 
AY521625_Ranavirus_epinephelus1_n/a                      2.6855477 2.6591196 2.6591196 2.6811593 2.6855477 2.6811593 1.8476633 2.2515780 2.8047014 0.0000000 2.6767750 2.6728401 3.4306375 3.0706113 2.4441264 1.7865302 2.4441264 2.5822904 2.7238916 2.6728401 2.5822904 2.6583426 3.5476410 2.8099635 0.8229283 
LS484712_Daphniairidovirus_daphnia1_n/a                  3.5442671 3.5459029 3.5459029 3.5911760 3.5442671 3.5911760 2.4249604 2.9357201 0.6623473 2.6767750 0.0000000 3.5459029 1.5958187 1.5012974 2.3940398 2.6097769 2.3940398 3.4438186 3.5442671 3.5459029 3.4438186 3.5092839 4.1167409 0.5777417 2.7028940 
OR670976_Megalocytivirus_pagrus1_ISKNV                   0.0246209 0.0081410 0.0081410 0.0163511 0.0246209 0.0163511 2.3506192 0.3922276 2.8576203 2.6728401 3.5459029 0.0000000 3.0846412 2.8158147 1.2190454 2.4245549 1.2190454 0.0511644 0.0252606 0.0000010 0.0511644 0.0164747 2.9637427 2.8832292 2.0927546 
AF303741_Iridovirus_chilo1_n/a                           3.0241558 3.0711381 3.0711381 3.0439130 3.0241558 3.0439130 3.0689088 2.5705550 1.9211951 3.4306375 1.5958187 3.0846412 0.0000000 0.2181632 3.0895139 3.0830048 3.0895139 2.9627207 3.0181692 3.0846412 2.9627207 3.0990898 4.8035193 1.8260494 3.0335101 
HF920637_Iridovirus_armadillidium1_n/a                   2.7592114 2.7522252 2.7522252 2.7826217 2.7592114 2.7826217 2.7073320 2.3260792 1.8268541 3.0706113 1.5012974 2.8158147 0.2181632 0.0000000 2.8890535 2.7428015 2.8890535 2.7444230 2.7885291 2.8158147 2.7444230 2.7776426 4.9800492 1.7080452 2.7702547 
MT521409_Megalocytivirus_lates1_SDDV                     1.2978568 1.2075033 1.2075033 1.2199295 1.2978568 1.2199295 2.6156180 1.0934949 2.7203519 2.4441264 2.3940398 1.2190454 3.0895139 2.8890535 0.0000000 2.7861498 0.0000010 1.2521626 1.2800385 1.2190454 1.2521626 1.2358750 3.5860308 2.8727775 2.0181727 
KX643370_Lymphocystivirus_sparus1_n/a                    2.5514472 2.3920336 2.3920336 2.4201235 2.5514472 2.4201235 0.1374213 2.5084631 2.6543692 1.7865302 2.6097769 2.4245549 3.0830048 2.7428015 2.7861498 0.0000000 2.7861498 2.4303439 2.5266642 2.4245549 2.4303439 2.3733256 3.8529432 2.6541432 1.8022662 
MN562489_Megalocytivirus_lates1_SDDV                     1.2978568 1.2075033 1.2075033 1.2199295 1.2978568 1.2199295 2.6156180 1.0934949 2.7203519 2.4441264 2.3940398 1.2190454 3.0895139 2.8890535 0.0000010 2.7861498 0.0000000 1.2521626 1.2800385 1.2190454 1.2521626 1.2358750 3.5860308 2.8727775 2.0181727 
MG570131_Megalocytivirus_pagrus1_TRBIV                   0.0405545 0.0499078 0.0499078 0.0414601 0.0405545 0.0414601 2.3099155 0.3577554 2.8997967 2.5822904 3.4438186 0.0511644 2.9627207 2.7444230 1.2521626 2.4303439 1.2521626 0.0000000 0.0324108 0.0511644 0.0000010 0.0588988 2.9001530 2.8500052 2.0488209 
GQ273492_Megalocytivirus_pagrus1_TRBIV                   0.0240934 0.0246125 0.0246125 0.0163569 0.0240934 0.0163569 2.3774552 0.3795696 2.9537431 2.7238916 3.5442671 0.0252606 3.0181692 2.7885291 1.2800385 2.5266642 1.2800385 0.0324108 0.0000000 0.0252606 0.0324108 0.0332012 2.9462180 2.8751193 2.1050662 
OQ513807_Megalocytivirus_pagrus1_ISKNV                   0.0246209 0.0081410 0.0081410 0.0163511 0.0246209 0.0163511 2.3506192 0.3922276 2.8576203 2.6728401 3.5459029 0.0000010 3.0846412 2.8158147 1.2190454 2.4245549 1.2190454 0.0511644 0.0252606 0.0000000 0.0511644 0.0164747 2.9637427 2.8832292 2.0927546 
MG570132_Megalocytivirus_pagrus1_TRBIV                   0.0405545 0.0499078 0.0499078 0.0414601 0.0405545 0.0414601 2.3099155 0.3577554 2.8997967 2.5822904 3.4438186 0.0511644 2.9627207 2.7444230 1.2521626 2.4303439 1.2521626 0.0000010 0.0324108 0.0511644 0.0000000 0.0588988 2.9001530 2.8500052 2.0488209 
MK689685_Megalocytivirus_pagrus1_ISKNV                   0.0247317 0.0081788 0.0081788 0.0164257 0.0247317 0.0164257 2.3329321 0.4046241 2.8532632 2.6583426 3.5092839 0.0164747 3.0990898 2.7776426 1.2358750 2.3733256 1.2358750 0.0588988 0.0332012 0.0164747 0.0588988 0.0000000 2.9434312 2.8787842 2.0784641 
MF599468_Decapodiridovirus_litopenaeus1_n/a              2.9691542 2.9361461 2.9361461 2.9848469 2.9691542 2.9848469 3.8416790 3.0876348 4.0024860 3.5476410 4.1167409 2.9637427 4.8035193 4.9800492 3.5860308 3.8529432 3.5860308 2.9001530 2.9462180 2.9637427 2.9001530 2.9434312 0.0000000 3.6729871 3.9421904 
HF920633_Chloriridovirus_simulium1_n/a                   2.9029308 2.9067572 2.9067572 2.9354155 2.9029308 2.9354155 2.4998687 2.7557869 0.2277713 2.8099635 0.5777417 2.8832292 1.8260494 1.7080452 2.8727775 2.6541432 2.8727775 2.8500052 2.8751193 2.8832292 2.8500052 2.8787842 3.6729871 0.0000000 2.7779299 
NC_005946_Ranavirus_rana1_n/a                            2.0844038 2.0715699 2.0715699 2.1065300 2.0844038 2.1065300 1.8555345 1.9012691 2.6511942 0.8229283 2.7028940 2.0927546 3.0335101 2.7702547 2.0181727 1.8022662 2.0181727 2.0488209 2.1050662 2.0927546 2.0488209 2.0784641 3.9421904 2.7779299 0.0000000 
