14
AF371960_AF371960.1_00116 0.0000000 0.3804032 0.3933464 0.4673130 0.3804032 0.3133973 0.3133973 0.3933464 0.4593161 0.4593161 0.0000010 0.1759425 0.0424902 0.0424902 
AY894343_MK689686.1_00115 0.3804032 0.0000000 0.0828509 0.3760976 0.0000010 0.2996855 0.2996855 0.0828509 0.0820804 0.0820804 0.3804032 0.2919960 0.3739620 0.3739620 
BD143114_MK689686.1_00115 0.3933464 0.0828509 0.0000000 0.3872816 0.0828509 0.3086785 0.3086785 0.0000010 0.0401653 0.0401653 0.3933464 0.3004986 0.3862415 0.3862415 
GQ273492_GQ273492.1_00113 0.4673130 0.3760976 0.3872816 0.0000000 0.3760976 0.1252012 0.1252012 0.3872816 0.4449006 0.4449006 0.4673130 0.3666972 0.5309504 0.5309504 
KC244182_MK689686.1_00115 0.3804032 0.0000010 0.0828509 0.3760976 0.0000000 0.2996855 0.2996855 0.0828509 0.0820804 0.0820804 0.3804032 0.2919960 0.3739620 0.3739620 
MG570131_MG570131.1_00113 0.3133973 0.2996855 0.3086785 0.1252012 0.2996855 0.0000000 0.0000010 0.3086785 0.3704193 0.3704193 0.3133973 0.3286435 0.3810185 0.3810185 
MG570132_MG570132.1_00113 0.3133973 0.2996855 0.3086785 0.1252012 0.2996855 0.0000010 0.0000000 0.3086785 0.3704193 0.3704193 0.3133973 0.3286435 0.3810185 0.3810185 
MK098185_MK689686.1_00115 0.3933464 0.0828509 0.0000010 0.3872816 0.0828509 0.3086785 0.3086785 0.0000000 0.0401653 0.0401653 0.3933464 0.3004986 0.3862415 0.3862415 
MK098186_MK689686.1_00115 0.4593161 0.0820804 0.0401653 0.4449006 0.0820804 0.3704193 0.3704193 0.0401653 0.0000000 0.0000010 0.4593161 0.3607240 0.4499879 0.4499879 
MK098187_MK689686.1_00115 0.4593161 0.0820804 0.0401653 0.4449006 0.0820804 0.3704193 0.3704193 0.0401653 0.0000010 0.0000000 0.4593161 0.3607240 0.4499879 0.4499879 
MK689685_AF371960.1_00116 0.0000010 0.3804032 0.3933464 0.4673130 0.3804032 0.3133973 0.3133973 0.3933464 0.4593161 0.4593161 0.0000000 0.1759425 0.0424902 0.0424902 
MN432490_AF371960.1_00116 0.1759425 0.2919960 0.3004986 0.3666972 0.2919960 0.3286435 0.3286435 0.3004986 0.3607240 0.3607240 0.1759425 0.0000000 0.2256794 0.2256794 
MT926123_AF371960.1_00116 0.0424902 0.3739620 0.3862415 0.5309504 0.3739620 0.3810185 0.3810185 0.3862415 0.4499879 0.4499879 0.0424902 0.2256794 0.0000000 0.0000010 
MT986830_AF371960.1_00116 0.0424902 0.3739620 0.3862415 0.5309504 0.3739620 0.3810185 0.3810185 0.3862415 0.4499879 0.4499879 0.0424902 0.2256794 0.0000010 0.0000000 
