22
MW883598_Megalocytivirus_pagrus1_RSIV                    0.0000000 0.0125648 0.0168673 0.0125648 0.0000010 0.9407052 0.4217304 0.4217304 0.1108225 1.1275635 0.0041583 0.8799004 0.9199814 1.8123881 0.0041583 1.4124995 1.8812259 2.9566409 0.0126162 1.8344248 1.8516823 0.0167971 
OR536350_Megalocytivirus_pagrus1_ISKNV                   0.0125648 0.0000000 0.0041902 0.0000010 0.0125648 0.9299942 0.4066986 0.4066986 0.1168716 1.1078894 0.0167729 0.8647237 0.8985179 1.7867624 0.0167729 1.3967201 1.8825231 2.8881524 0.0169257 1.7917739 1.8528719 0.0041730 
OP896201_Megalocytivirus_pagrus1_ISKNV                   0.0168673 0.0041902 0.0000000 0.0041902 0.0168673 0.9282644 0.4132176 0.4132176 0.1224119 1.1057661 0.0211090 0.8731515 0.9070383 1.7981007 0.0211090 1.4024515 1.8777264 2.9245020 0.0213028 1.8031198 1.8481780 0.0084028 
MW883603_Megalocytivirus_pagrus1_ISKNV                   0.0125648 0.0000010 0.0041902 0.0000000 0.0125648 0.9299942 0.4066986 0.4066986 0.1168716 1.1078894 0.0167729 0.8647237 0.8985179 1.7867624 0.0167729 1.3967201 1.8825231 2.8881524 0.0169257 1.7917739 1.8528719 0.0041730 
OL774655_Megalocytivirus_pagrus1_RSIV                    0.0000010 0.0125648 0.0168673 0.0125648 0.0000000 0.9407052 0.4217304 0.4217304 0.1108225 1.1275635 0.0041583 0.8799004 0.9199814 1.8123881 0.0041583 1.4124995 1.8812259 2.9566409 0.0126162 1.8344248 1.8516823 0.0167971 
AY521625_Ranavirus_epinephelus1_n/a                      0.9407052 0.9299942 0.9282644 0.9299942 0.9407052 0.0000000 0.9458308 0.9458308 0.9936928 0.2952136 0.9437441 0.7651013 0.7780655 1.6838176 0.9437441 1.3690392 1.5913764 2.7062140 0.9602625 1.7704512 1.7230850 0.9336930 
MN562489_Megalocytivirus_lates1_SDDV                     0.4217304 0.4066986 0.4132176 0.4066986 0.4217304 0.9458308 0.0000000 0.0000010 0.4349739 1.0298353 0.4236512 0.8146935 0.8229614 1.5341901 0.4236512 1.2537303 1.8289373 2.8477442 0.4328193 1.5703001 1.7279439 0.4137243 
MT521409_Megalocytivirus_lates1_SDDV                     0.4217304 0.4066986 0.4132176 0.4066986 0.4217304 0.9458308 0.0000010 0.0000000 0.4349739 1.0298353 0.4236512 0.8146935 0.8229614 1.5341901 0.4236512 1.2537303 1.8289373 2.8477442 0.4328193 1.5703001 1.7279439 0.4137243 
PQ335173_PQ335174_Threespine_stickleback_iridovirus_TSIV 0.1108225 0.1168716 0.1224119 0.1168716 0.1108225 0.9936928 0.4349739 0.4349739 0.0000000 1.1295345 0.1154999 0.9130922 0.9425519 1.7968503 0.1154999 1.2809175 1.8799401 2.9545147 0.1260878 1.7518337 1.8606616 0.1218240 
NC_005946_Ranavirus_rana1_n/a                            1.1275635 1.1078894 1.1057661 1.1078894 1.1275635 0.2952136 1.0298353 1.0298353 1.1295345 0.0000000 1.1376223 0.9099311 0.8919298 1.5557933 1.1376223 1.4439756 1.7578187 2.6548900 1.1262682 1.6426491 1.8797365 1.1100021 
MG570131_Megalocytivirus_pagrus1_TRBIV                   0.0041583 0.0167729 0.0211090 0.0167729 0.0041583 0.9437441 0.4236512 0.4236512 0.1154999 1.1376223 0.0000000 0.8828522 0.9230030 1.8280115 0.0000010 1.4163170 1.8974108 2.9501574 0.0168414 1.8502446 1.8676589 0.0210209 
KX643370_Lymphocystivirus_sparus1_n/a                    0.8799004 0.8647237 0.8731515 0.8647237 0.8799004 0.7651013 0.8146935 0.8146935 0.9130922 0.9099311 0.8828522 0.0000000 0.0571689 1.5547445 0.8828522 1.0963181 1.8088988 3.0350633 0.8906481 1.5819158 1.6894464 0.8704013 
MN803438_Lymphocystivirus_micropogonias1_n/a             0.9199814 0.8985179 0.9070383 0.8985179 0.9199814 0.7780655 0.8229614 0.8229614 0.9425519 0.8919298 0.9230030 0.0571689 0.0000000 1.4603463 0.9230030 1.0875176 1.7126096 2.8575360 0.9310078 1.5118092 1.6026247 0.9043180 
HF920633_Chloriridovirus_simulium1_n/a                   1.8123881 1.7867624 1.7981007 1.7867624 1.8123881 1.6838176 1.5341901 1.5341901 1.7968503 1.5557933 1.8280115 1.5547445 1.4603463 0.0000000 1.8280115 1.1961649 1.1219211 2.3051427 1.8018536 0.1668298 1.1935962 1.8053295 
MG570132_Megalocytivirus_pagrus1_TRBIV                   0.0041583 0.0167729 0.0211090 0.0167729 0.0041583 0.9437441 0.4236512 0.4236512 0.1154999 1.1376223 0.0000010 0.8828522 0.9230030 1.8280115 0.0000000 1.4163170 1.8974108 2.9501574 0.0168414 1.8502446 1.8676589 0.0210209 
MF599468_Decapodiridovirus_litopenaeus1_n/a              1.4124995 1.3967201 1.4024515 1.3967201 1.4124995 1.3690392 1.2537303 1.2537303 1.2809175 1.4439756 1.4163170 1.0963181 1.0875176 1.1961649 1.4163170 0.0000000 1.3176529 2.9980736 1.4382828 1.1900327 1.2331962 1.3879573 
HF920637_Iridovirus_armadillidium1_n/a                   1.8812259 1.8825231 1.8777264 1.8825231 1.8812259 1.5913764 1.8289373 1.8289373 1.8799401 1.7578187 1.8974108 1.8088988 1.7126096 1.1219211 1.8974108 1.3176529 0.0000000 2.9138148 1.8404092 1.2054754 0.2218047 1.8924183 
LS484712_Daphniairidovirus_daphnia1_n/a                  2.9566409 2.8881524 2.9245020 2.8881524 2.9566409 2.7062140 2.8477442 2.8477442 2.9545147 2.6548900 2.9501574 3.0350633 2.8575360 2.3051427 2.9501574 2.9980736 2.9138148 0.0000000 2.9661872 2.2786680 2.8804681 2.9210954 
GQ273492_Megalocytivirus_pagrus1_TRBIV                   0.0126162 0.0169257 0.0213028 0.0169257 0.0126162 0.9602625 0.4328193 0.4328193 0.1260878 1.1262682 0.0168414 0.8906481 0.9310078 1.8018536 0.0168414 1.4382828 1.8404092 2.9661872 0.0000000 1.8237699 1.8114141 0.0212131 
KF938901_Chloriridovirus_anopheles1_n/a                  1.8344248 1.7917739 1.8031198 1.7917739 1.8344248 1.7704512 1.5703001 1.5703001 1.7518337 1.6426491 1.8502446 1.5819158 1.5118092 0.1668298 1.8502446 1.1900327 1.2054754 2.2786680 1.8237699 0.0000000 1.2518247 1.8103848 
AF303741_Iridovirus_chilo1_n/a                           1.8516823 1.8528719 1.8481780 1.8528719 1.8516823 1.7230850 1.7279439 1.7279439 1.8606616 1.8797365 1.8676589 1.6894464 1.6026247 1.1935962 1.8676589 1.2331962 0.2218047 2.8804681 1.8114141 1.2518247 0.0000000 1.8722802 
OP009387_Megalocytivirus_pagrus1_ISKNV                   0.0167971 0.0041730 0.0084028 0.0041730 0.0167971 0.9336930 0.4137243 0.4137243 0.1218240 1.1100021 0.0210209 0.8704013 0.9043180 1.8053295 0.0210209 1.3879573 1.8924183 2.9210954 0.0212131 1.8103848 1.8722802 0.0000000 
