22
MK637631_European_chub_iridovirus_ECIV                   0.0000000 0.4420602 0.4283713 0.4308994 0.4283713 0.4420602 0.9662321 0.1477474 0.1477474 0.4581656 1.0170125 0.4481785 0.8989350 0.9395734 1.6351465 0.4481785 1.3323013 1.8276209 0.4535212 1.6933834 1.7532807 0.4355454 
MW883598_Megalocytivirus_pagrus1_RSIV                    0.4420602 0.0000000 0.0125653 0.0168692 0.0125653 0.0000010 0.9493347 0.4237218 0.4237218 0.1109535 1.1392098 0.0041582 0.8878028 0.9286397 1.8397484 0.0041582 1.4292873 1.9114293 0.0126178 1.8618123 1.8811747 0.0167986 
OR536350_Megalocytivirus_pagrus1_ISKNV                   0.4283713 0.0125653 0.0000000 0.0041904 0.0000010 0.0125653 0.9384643 0.4085910 0.4085910 0.1170255 1.1191175 0.0167735 0.8725663 0.9068850 1.8132969 0.0167735 1.4130856 1.9126892 0.0169291 1.8178211 1.8823186 0.0041731 
OP896201_Megalocytivirus_pagrus1_ISKNV                   0.4308994 0.0168692 0.0041904 0.0000000 0.0041904 0.0168692 0.9366920 0.4151681 0.4151681 0.1225821 1.1169196 0.0211113 0.8810993 0.9155173 1.8248538 0.0211113 1.4190264 1.9076316 0.0213086 1.8293882 1.8773667 0.0084036 
MW883603_Megalocytivirus_pagrus1_ISKNV                   0.4283713 0.0125653 0.0000010 0.0041904 0.0000000 0.0125653 0.9384643 0.4085910 0.4085910 0.1170255 1.1191175 0.0167735 0.8725663 0.9068850 1.8132969 0.0167735 1.4130856 1.9126892 0.0169291 1.8178211 1.8823186 0.0041731 
OL774655_Megalocytivirus_pagrus1_RSIV                    0.4420602 0.0000010 0.0125653 0.0168692 0.0125653 0.0000000 0.9493347 0.4237218 0.4237218 0.1109535 1.1392098 0.0041582 0.8878028 0.9286397 1.8397484 0.0041582 1.4292873 1.9114293 0.0126178 1.8618123 1.8811747 0.0167986 
AY521625_Ranavirus_epinephelus1_n/a                      0.9662321 0.9493347 0.9384643 0.9366920 0.9384643 0.9493347 0.0000000 0.9544253 0.9544253 1.0028803 0.2963162 0.9524032 0.7712294 0.7844770 1.7077025 0.9524032 1.3856021 1.6138512 0.9692040 1.7962308 1.7489175 0.9421862 
MN562489_Megalocytivirus_lates1_SDDV                     0.1477474 0.4237218 0.4085910 0.4151681 0.4085910 0.4237218 0.9544253 0.0000000 0.0000010 0.4368925 1.0394020 0.4256710 0.8217838 0.8303571 1.5547256 0.4256710 1.2673370 1.8581074 0.4349360 1.5912573 1.7544417 0.4156537 
MT521409_Megalocytivirus_lates1_SDDV                     0.1477474 0.4237218 0.4085910 0.4151681 0.4085910 0.4237218 0.9544253 0.0000010 0.0000000 0.4368925 1.0394020 0.4256710 0.8217838 0.8303571 1.5547256 0.4256710 1.2673370 1.8581074 0.4349360 1.5912573 1.7544417 0.4156537 
PQ335173_PQ335174_Threespine_stickleback_iridovirus_TSIV 0.4581656 0.1109535 0.1170255 0.1225821 0.1170255 0.1109535 1.0028803 0.4368925 0.4368925 0.0000000 1.1409071 0.1156335 0.9214600 0.9515835 1.8238259 0.1156335 1.2953429 1.9102740 0.1262504 1.7772848 1.8904428 0.1219887 
NC_005946_Ranavirus_rana1_n/a                            1.0170125 1.1392098 1.1191175 1.1169196 1.1191175 1.1392098 0.2963162 1.0394020 1.0394020 1.1409071 0.0000000 1.1494314 0.9184843 0.8998598 1.5756641 1.1494314 1.4613974 1.7839225 1.1379639 1.6641637 1.9093727 1.1212670 
MG570131_Megalocytivirus_pagrus1_TRBIV                   0.4481785 0.0041582 0.0167735 0.0211113 0.0167735 0.0041582 0.9524032 0.4256710 0.4256710 0.1156335 1.1494314 0.0000000 0.8907841 0.9316925 1.8558380 0.0000010 1.4331592 1.9281295 0.0168434 1.8781131 1.8976385 0.0210226 
KX643370_Lymphocystivirus_sparus1_n/a                    0.8989350 0.8878028 0.8725663 0.8810993 0.8725663 0.8878028 0.7712294 0.8217838 0.8217838 0.9214600 0.9184843 0.8907841 0.0000000 0.0572587 1.5758370 0.8907841 1.1080890 1.8374259 0.8987095 1.6037855 1.7147050 0.8783228 
MN803438_Lymphocystivirus_micropogonias1_n/a             0.9395734 0.9286397 0.9068850 0.9155173 0.9068850 0.9286397 0.7844770 0.8303571 0.8303571 0.9515835 0.8998598 0.9316925 0.0572587 0.0000000 1.4786683 0.9316925 1.0991181 1.7383856 0.9398367 1.5312911 1.6255115 0.9127660 
HF920633_Chloriridovirus_simulium1_n/a                   1.6351465 1.8397484 1.8132969 1.8248538 1.8132969 1.8397484 1.7077025 1.5547256 1.5547256 1.8238259 1.5756641 1.8558380 1.5758370 1.4786683 0.0000000 1.8558380 1.2089150 1.1339146 1.8289364 0.1671172 1.2072134 1.8323995 
MG570132_Megalocytivirus_pagrus1_TRBIV                   0.4481785 0.0041582 0.0167735 0.0211113 0.0167735 0.0041582 0.9524032 0.4256710 0.4256710 0.1156335 1.1494314 0.0000010 0.8907841 0.9316925 1.8558380 0.0000000 1.4331592 1.9281295 0.0168434 1.8781131 1.8976385 0.0210226 
MF599468_Decapodiridovirus_litopenaeus1_n/a              1.3323013 1.4292873 1.4130856 1.4190264 1.4130856 1.4292873 1.3856021 1.2673370 1.2673370 1.2953429 1.4613974 1.4331592 1.1080890 1.0991181 1.2089150 1.4331592 0.0000000 1.3326087 1.4557118 1.2023615 1.2465197 1.4042061 
HF920637_Iridovirus_armadillidium1_n/a                   1.8276209 1.9114293 1.9126892 1.9076316 1.9126892 1.9114293 1.6138512 1.8581074 1.8581074 1.9102740 1.7839225 1.9281295 1.8374259 1.7383856 1.1339146 1.9281295 1.3326087 0.0000000 1.8695095 1.2189243 0.2225442 1.9228343 
GQ273492_Megalocytivirus_pagrus1_TRBIV                   0.4535212 0.0126178 0.0169291 0.0213086 0.0169291 0.0126178 0.9692040 0.4349360 0.4349360 0.1262504 1.1379639 0.0168434 0.8987095 0.9398367 1.8289364 0.0168434 1.4557118 1.8695095 0.0000000 1.8508719 1.8398711 0.0212182 
KF938901_Chloriridovirus_anopheles1_n/a                  1.6933834 1.8618123 1.8178211 1.8293882 1.8178211 1.8618123 1.7962308 1.5912573 1.5912573 1.7772848 1.6641637 1.8781131 1.6037855 1.5312911 0.1671172 1.8781131 1.2023615 1.2189243 1.8508719 0.0000000 1.2663036 1.8369700 
AF303741_Iridovirus_chilo1_n/a                           1.7532807 1.8811747 1.8823186 1.8773667 1.8823186 1.8811747 1.7489175 1.7544417 1.7544417 1.8904428 1.9093727 1.8976385 1.7147050 1.6255115 1.2072134 1.8976385 1.2465197 0.2225442 1.8398711 1.2663036 0.0000000 1.9023146 
OP009387_Megalocytivirus_pagrus1_ISKNV                   0.4355454 0.0167986 0.0041731 0.0084036 0.0041731 0.0167986 0.9421862 0.4156537 0.4156537 0.1219887 1.1212670 0.0210226 0.8783228 0.9127660 1.8323995 0.0210226 1.4042061 1.9228343 0.0212182 1.8369700 1.9023146 0.0000000 
