21
MW883598_Megalocytivirus_pagrus1_RSIV                    0.0000000 0.0125656 0.0168703 0.0125656 0.0000010 0.9536430 0.4247092 0.4247092 0.1110181 1.1450411 0.0041582 0.8917450 0.9329657 1.8536213 0.0041582 1.4377314 1.9267707 0.0126186 1.8757072 1.8961351 0.0167994 
OR536350_Megalocytivirus_pagrus1_ISKNV                   0.0125656 0.0000000 0.0041906 0.0000010 0.0125656 0.9426922 0.4095294 0.4095294 0.1171016 1.1247362 0.0167740 0.8764784 0.9110640 1.8267477 0.0167740 1.4213144 1.9280185 0.0169309 1.8310255 1.8972627 0.0041732 
OP896201_Megalocytivirus_pagrus1_ISKNV                   0.0168703 0.0041906 0.0000000 0.0041906 0.0168703 0.9408977 0.4161357 0.4161357 0.1226662 1.1224996 0.0211127 0.8850641 0.9197524 1.8384160 0.0211127 1.4273625 1.9228322 0.0213116 1.8427054 1.8921836 0.0084040 
MW883603_Megalocytivirus_pagrus1_ISKNV                   0.0125656 0.0000010 0.0041906 0.0000000 0.0125656 0.9426922 0.4095294 0.4095294 0.1171016 1.1247362 0.0167740 0.8764784 0.9110640 1.8267477 0.0167740 1.4213144 1.9280185 0.0169309 1.8310255 1.8972627 0.0041732 
OL774655_Megalocytivirus_pagrus1_RSIV                    0.0000010 0.0125656 0.0168703 0.0125656 0.0000000 0.9536430 0.4247092 0.4247092 0.1110181 1.1450411 0.0041582 0.8917450 0.9329657 1.8536213 0.0041582 1.4377314 1.9267707 0.0126186 1.8757072 1.8961351 0.0167994 
AY521625_Ranavirus_epinephelus1_n/a                      0.9536430 0.9426922 0.9408977 0.9426922 0.9536430 0.0000000 0.9587198 0.9587198 1.0074682 0.2968625 0.9567261 0.7742848 0.7876761 1.7197496 0.9567261 1.3939203 1.6251848 0.9736692 1.8092526 1.7619716 0.9464256 
MN562489_Megalocytivirus_lates1_SDDV                     0.4247092 0.4095294 0.4161357 0.4095294 0.4247092 0.9587198 0.0000000 0.0000010 0.4378428 1.0441821 0.4266725 0.8253266 0.8340551 1.5650852 0.4266725 1.2741568 1.8728864 0.4359856 1.6018318 1.7678519 0.4166103 
MT521409_Megalocytivirus_lates1_SDDV                     0.4247092 0.4095294 0.4161357 0.4095294 0.4247092 0.9587198 0.0000010 0.0000000 0.4378428 1.0441821 0.4266725 0.8253266 0.8340551 1.5650852 0.4266725 1.2741568 1.8728864 0.4359856 1.6018318 1.7678519 0.4166103 
PQ335173_PQ335174_Threespine_stickleback_iridovirus_TSIV 0.1110181 0.1171016 0.1226662 0.1171016 0.1110181 1.0074682 0.4378428 0.4378428 0.0000000 1.1465975 0.1156994 0.9256405 0.9561010 1.8375069 0.1156994 1.3025788 1.9256770 0.1263307 1.7901775 1.9055471 0.1220701 
NC_005946_Ranavirus_rana1_n/a                            1.1450411 1.1247362 1.1224996 1.1247362 1.1450411 0.2968625 1.0441821 1.0441821 1.1465975 0.0000000 1.1553460 0.9227564 0.9038170 1.5856724 1.1553460 1.4701559 1.7971266 1.1438190 1.6750193 1.9243892 1.1269040 
MG570131_Megalocytivirus_pagrus1_TRBIV                   0.0041582 0.0167740 0.0211127 0.0167740 0.0041582 0.9567261 0.4266725 0.4266725 0.1156994 1.1553460 0.0000000 0.8947407 0.9360338 1.8699502 0.0000010 1.4416314 1.9437346 0.0168445 1.8922546 1.9128477 0.0210248 
KX643370_Lymphocystivirus_sparus1_n/a                    0.8917450 0.8764784 0.8850641 0.8764784 0.8917450 0.7742848 0.8253266 0.8253266 0.9256405 0.9227564 0.8947407 0.0000000 0.0573033 1.5864520 0.8947407 1.1139831 1.8518453 0.9027311 1.6147881 1.7274579 0.8822736 
MN803438_Lymphocystivirus_micropogonias1_n/a             0.9329657 0.9110640 0.9197524 0.9110640 0.9329657 0.7876761 0.8340551 0.8340551 0.9561010 0.9038170 0.9360338 0.0573033 0.0000000 1.4878856 0.9360338 1.1049256 1.7514161 0.9442480 1.5410931 1.6370697 0.9169847 
HF920633_Chloriridovirus_simulium1_n/a                   1.8536213 1.8267477 1.8384160 1.8267477 1.8536213 1.7197496 1.5650852 1.5650852 1.8375069 1.5856724 1.8699502 1.5864520 1.4878856 0.0000000 1.8699502 1.2153049 1.1399319 1.8426673 0.1672593 1.2140496 1.8461280 
MG570132_Megalocytivirus_pagrus1_TRBIV                   0.0041582 0.0167740 0.0211127 0.0167740 0.0041582 0.9567261 0.4266725 0.4266725 0.1156994 1.1553460 0.0000010 0.8947407 0.9360338 1.8699502 0.0000000 1.4416314 1.9437346 0.0168445 1.8922546 1.9128477 0.0210248 
MF599468_Decapodiridovirus_litopenaeus1_n/a              1.4377314 1.4213144 1.4273625 1.4213144 1.4377314 1.3939203 1.2741568 1.2741568 1.3025788 1.4701559 1.4416314 1.1139831 1.1049256 1.2153049 1.4416314 0.0000000 1.3401218 1.4644851 1.2085289 1.2531959 1.4123765 
HF920637_Iridovirus_armadillidium1_n/a                   1.9267707 1.9280185 1.9228322 1.9280185 1.9267707 1.6251848 1.8728864 1.8728864 1.9256770 1.7971266 1.9437346 1.8518453 1.7514161 1.1399319 1.9437346 1.3401218 0.0000000 1.8842805 1.2256667 0.2229110 1.9382934 
GQ273492_Megalocytivirus_pagrus1_TRBIV                   0.0126186 0.0169309 0.0213116 0.0169309 0.0126186 0.9736692 0.4359856 0.4359856 0.1263307 1.1438190 0.0168445 0.9027311 0.9442480 1.8426673 0.0168445 1.4644851 1.8842805 0.0000000 1.8646196 1.8542973 0.0212210 
KF938901_Chloriridovirus_anopheles1_n/a                  1.8757072 1.8310255 1.8427054 1.8310255 1.8757072 1.8092526 1.6018318 1.6018318 1.7901775 1.6750193 1.8922546 1.6147881 1.5410931 0.1672593 1.8922546 1.2085289 1.2256667 1.8646196 0.0000000 1.2735673 1.8504527 
AF303741_Iridovirus_chilo1_n/a                           1.8961351 1.8972627 1.8921836 1.8972627 1.8961351 1.7619716 1.7678519 1.7678519 1.9055471 1.9243892 1.9128477 1.7274579 1.6370697 1.2140496 1.9128477 1.2531959 0.2229110 1.8542973 1.2735673 0.0000000 1.9175621 
OP009387_Megalocytivirus_pagrus1_ISKNV                   0.0167994 0.0041732 0.0084040 0.0041732 0.0167994 0.9464256 0.4166103 0.4166103 0.1220701 1.1269040 0.0210248 0.8822736 0.9169847 1.8461280 0.0210248 1.4123765 1.9382934 0.0212210 1.8504527 1.9175621 0.0000000 
