14
AF371960_ORF065L_refgen         0.0000000 0.0497047 0.0437490 0.0965466 0.0433448 0.0497047 0.0805985 0.0805985 0.0437490 0.0000010 0.0433448 0.0174284 0.0000010 0.0174284 
AY894343_RING-finger-containing 0.0497047 0.0000000 0.0057408 0.0957078 0.0056911 0.0000010 0.0925419 0.0925419 0.0057408 0.0499548 0.0056911 0.0535303 0.0497047 0.0535303 
BD143114_RING-finger-containing 0.0437490 0.0057408 0.0000000 0.0898311 0.0000010 0.0057408 0.0814552 0.0814552 0.0000010 0.0439703 0.0000010 0.0477457 0.0437490 0.0477457 
GQ273492_RING-finger-containing 0.0965466 0.0957078 0.0898311 0.0000000 0.0889912 0.0957078 0.0600650 0.0600650 0.0898311 0.0970468 0.0889912 0.0834897 0.0965466 0.0834897 
KC244182_RING-finger-containing 0.0433448 0.0056911 0.0000010 0.0889912 0.0000000 0.0056911 0.0814552 0.0814552 0.0000010 0.0435621 0.0000010 0.0473170 0.0433448 0.0473170 
KT804738_RING-finger-containing 0.0497047 0.0000010 0.0057408 0.0957078 0.0056911 0.0000000 0.0925419 0.0925419 0.0057408 0.0499548 0.0056911 0.0535303 0.0497047 0.0535303 
MG570131_MG570131.1_00065       0.0805985 0.0925419 0.0814552 0.0600650 0.0814552 0.0925419 0.0000000 0.0000010 0.0814552 0.0805985 0.0814552 0.0702693 0.0805985 0.0702693 
MG570132_MG570132.1_00065       0.0805985 0.0925419 0.0814552 0.0600650 0.0814552 0.0925419 0.0000010 0.0000000 0.0814552 0.0805985 0.0814552 0.0702693 0.0805985 0.0702693 
MK098185_RING-finger-containing 0.0437490 0.0057408 0.0000010 0.0898311 0.0000010 0.0057408 0.0814552 0.0814552 0.0000000 0.0439703 0.0000010 0.0477457 0.0437490 0.0477457 
MK689685_ORF065L_refgen         0.0000010 0.0499548 0.0439703 0.0970468 0.0435621 0.0499548 0.0805985 0.0805985 0.0439703 0.0000000 0.0435621 0.0175115 0.0000010 0.0175115 
MK689686_RING-finger-containing 0.0433448 0.0056911 0.0000010 0.0889912 0.0000010 0.0056911 0.0814552 0.0814552 0.0000010 0.0435621 0.0000000 0.0473170 0.0433448 0.0473170 
MN432490_ORF065L_refgen         0.0174284 0.0535303 0.0477457 0.0834897 0.0473170 0.0535303 0.0702693 0.0702693 0.0477457 0.0175115 0.0473170 0.0000000 0.0174284 0.0000010 
MT926123_ORF065L_refgen         0.0000010 0.0497047 0.0437490 0.0965466 0.0433448 0.0497047 0.0805985 0.0805985 0.0437490 0.0000010 0.0433448 0.0174284 0.0000000 0.0174284 
MT986830_ORF065L_refgen         0.0174284 0.0535303 0.0477457 0.0834897 0.0473170 0.0535303 0.0702693 0.0702693 0.0477457 0.0175115 0.0473170 0.0000010 0.0174284 0.0000000 
