12
MK689686_Megalocytivirus_pagrus1_RSIV   0.0000000 0.1159541 0.5106410 0.5106410 0.0000010 0.5516087 0.4747129 0.5516087 0.1159541 0.5381152 0.4747129 0.5381152 
BD143114_Megalocytivirus_pagrus1_RSIV   0.1159541 0.0000000 0.5716469 0.5716469 0.1159541 0.6050726 0.4980309 0.6050726 0.0000010 0.5911886 0.4980309 0.5911886 
MW883596_Megalocytivirus_pagrus1_ISKNV  0.5106410 0.5716469 0.0000000 0.0000010 0.5106410 0.0627347 0.6397968 0.0627347 0.5716469 0.0536356 0.6397968 0.0536356 
NC_003494_Megalocytivirus_pagrus1_ISKNV 0.5106410 0.5716469 0.0000010 0.0000000 0.5106410 0.0627347 0.6397968 0.0627347 0.5716469 0.0536356 0.6397968 0.0536356 
MT798582_Megalocytivirus_pagrus1_RSIV   0.0000010 0.1159541 0.5106410 0.5106410 0.0000000 0.5516087 0.4747129 0.5516087 0.1159541 0.5381152 0.4747129 0.5381152 
MT986830_Megalocytivirus_pagrus1_ISKNV  0.5516087 0.6050726 0.0627347 0.0627347 0.5516087 0.0000000 0.6225063 0.0000010 0.6050726 0.0087524 0.6225063 0.0087524 
MG570132_Megalocytivirus_pagrus1_TRBIV  0.4747129 0.4980309 0.6397968 0.6397968 0.4747129 0.6225063 0.0000000 0.6225063 0.4980309 0.6082622 0.0000010 0.6082622 
PP974677_Megalocytivirus_pagrus1_ISKNV  0.5516087 0.6050726 0.0627347 0.0627347 0.5516087 0.0000010 0.6225063 0.0000000 0.6050726 0.0087524 0.6225063 0.0087524 
OL774654_Megalocytivirus_pagrus1_RSIV   0.1159541 0.0000010 0.5716469 0.5716469 0.1159541 0.6050726 0.4980309 0.6050726 0.0000000 0.5911886 0.4980309 0.5911886 
MN432490_Megalocytivirus_pagrus1_ISKNV  0.5381152 0.5911886 0.0536356 0.0536356 0.5381152 0.0087524 0.6082622 0.0087524 0.5911886 0.0000000 0.6082622 0.0000010 
MG570131_Megalocytivirus_pagrus1_TRBIV  0.4747129 0.4980309 0.6397968 0.6397968 0.4747129 0.6225063 0.0000010 0.6225063 0.4980309 0.6082622 0.0000000 0.6082622 
MW883595_Megalocytivirus_pagrus1_ISKNV  0.5381152 0.5911886 0.0536356 0.0536356 0.5381152 0.0087524 0.6082622 0.0087524 0.5911886 0.0000010 0.6082622 0.0000000 
