14
AF371960_AF371960.1_00081 0.0000000 0.0483762 0.0815680 0.0938749 0.0483762 0.0820516 0.0820516 0.0815680 0.0000010 0.0405859 0.0405859 0.1321410 0.1321410 0.0816459 
AY894343_MK689686.1_00077 0.0483762 0.0000000 0.0651039 0.0937006 0.0000010 0.0825839 0.0825839 0.0651039 0.0483762 0.0825386 0.0825386 0.1706118 0.1706118 0.0318238 
BD143114_MK689686.1_00077 0.0815680 0.0651039 0.0000000 0.1346248 0.0651039 0.1170243 0.1170243 0.0000010 0.0815680 0.1169564 0.1169564 0.2139110 0.2139110 0.0317426 
GQ273492_GQ273492.1_00076 0.0938749 0.0937006 0.1346248 0.0000000 0.0937006 0.0545833 0.0545833 0.1346248 0.0938749 0.1178607 0.1178607 0.0169056 0.0169056 0.1328136 
KC244182_MK689686.1_00077 0.0483762 0.0000010 0.0651039 0.0937006 0.0000000 0.0825839 0.0825839 0.0651039 0.0483762 0.0825386 0.0825386 0.1706118 0.1706118 0.0318238 
MG570131_MG570131.1_00076 0.0820516 0.0825839 0.1170243 0.0545833 0.0825839 0.0000000 0.0000010 0.1170243 0.0820516 0.0846437 0.0846437 0.1295127 0.1295127 0.1108234 
MG570132_MG570132.1_00076 0.0820516 0.0825839 0.1170243 0.0545833 0.0825839 0.0000010 0.0000000 0.1170243 0.0820516 0.0846437 0.0846437 0.1295127 0.1295127 0.1108234 
MK098185_MK689686.1_00077 0.0815680 0.0651039 0.0000010 0.1346248 0.0651039 0.1170243 0.1170243 0.0000000 0.0815680 0.1169564 0.1169564 0.2139110 0.2139110 0.0317426 
MK689685_AF371960.1_00081 0.0000010 0.0483762 0.0815680 0.0938749 0.0483762 0.0820516 0.0820516 0.0815680 0.0000000 0.0405859 0.0405859 0.1321410 0.1321410 0.0816459 
MN432490_AF371960.1_00081 0.0405859 0.0825386 0.1169564 0.1178607 0.0825386 0.0846437 0.0846437 0.1169564 0.0405859 0.0000000 0.0000010 0.1575583 0.1575583 0.0968502 
MT986830_AF371960.1_00081 0.0405859 0.0825386 0.1169564 0.1178607 0.0825386 0.0846437 0.0846437 0.1169564 0.0405859 0.0000010 0.0000000 0.1575583 0.1575583 0.0968502 
MW139932_MK689686.1_00077 0.1321410 0.1706118 0.2139110 0.0169056 0.1706118 0.1295127 0.1295127 0.2139110 0.1321410 0.1575583 0.1575583 0.0000000 0.0000010 0.2110356 
OL774653_MK689686.1_00077 0.1321410 0.1706118 0.2139110 0.0169056 0.1706118 0.1295127 0.1295127 0.2139110 0.1321410 0.1575583 0.1575583 0.0000010 0.0000000 0.2110356 
OQ475017_OQ475017.1_00076 0.0816459 0.0318238 0.0317426 0.1328136 0.0318238 0.1108234 0.1108234 0.0317426 0.0816459 0.0968502 0.0968502 0.2110356 0.2110356 0.0000000 
