25
AF303741_AF303741.1_00176          0.0000000 3.3745023 3.1931387 3.4027470 3.4011952 3.3956733 1.8537013 3.8657076 0.9781022 3.4027470 1.7453651 3.0926978 2.6064474 2.5273846 3.3192863 3.3617237 3.4011952 3.3745023 3.3872960 3.4075479 3.1877813 3.4075479 3.3925755 3.2984845 3.3925755 
AF371960_AF371960.1_00113          3.3745023 0.0000000 2.9995098 0.0269352 0.0239132 0.0394598 3.0787507 3.9577963 3.6626293 0.0269352 3.1234727 3.0336683 3.7404075 3.4333221 0.0394685 0.0363242 0.0239132 0.0000010 0.0089155 1.4546154 3.0073734 1.4546154 0.0268218 3.0642732 0.0268218 
AY521625_AY521625.1_00142          3.1931387 2.9995098 0.0000000 2.9763355 2.9657580 3.0050727 2.4081616 3.9096701 3.2704207 2.9763355 2.6111437 2.3288385 3.1640799 2.8760231 2.9943520 2.9818348 2.9657580 2.9995098 3.0091236 2.9775325 2.4073344 2.9775325 3.0090182 1.0484373 3.0090182 
AY894343_MK689686.1_00112          3.4027470 0.0269352 2.9763355 0.0000000 0.0029392 0.0517720 3.0638722 3.8941905 3.7654458 0.0000010 3.1270934 3.0597934 3.7089479 3.4553713 0.0486170 0.0485927 0.0029392 0.0269352 0.0300845 1.4976803 2.9933807 1.4976803 0.0118018 3.0312890 0.0118018 
BD143114_MK689686.1_00112          3.4011952 0.0239132 2.9657580 0.0029392 0.0000000 0.0486677 3.0559584 3.8992414 3.7552200 0.0029392 3.1191411 3.0616853 3.7136002 3.4612349 0.0455233 0.0455007 0.0000010 0.0239132 0.0270429 1.4886627 2.9961593 1.4886627 0.0088407 3.0262106 0.0088407 
GQ273492_GQ273492.1_00110          3.3956733 0.0394598 3.0050727 0.0517720 0.0486677 0.0000000 3.1075647 3.9328782 3.7194883 0.0517720 3.1447189 3.0082701 3.6889824 3.4515065 0.0179365 0.0149029 0.0486677 0.0394598 0.0426686 1.4588658 3.0144130 1.4588658 0.0454214 3.1215560 0.0454214 
HF920633_HF920633.1_00122          1.8537013 3.0787507 2.4081616 3.0638722 3.0559584 3.1075647 0.0000000 3.1769359 2.0205178 3.0638722 0.6408524 3.4366762 2.3384054 3.0032016 3.0741349 3.0674545 3.0559584 3.0787507 3.0998095 3.0007601 3.5310368 3.0007601 3.0535562 2.6285953 3.0535562 
HF920637_HF920637.1_00015          3.8657076 3.9577963 3.9096701 3.8941905 3.8992414 3.9328782 3.1769359 0.0000000 4.2074689 3.8941905 3.8477516 4.1993570 3.6360275 4.5877324 3.9173529 3.9262808 3.8992414 3.9577963 3.9718905 3.6903908 4.4543064 3.6903908 3.8973736 3.7294635 3.8973736 
HF920637_HF920637.1_00153          0.9781022 3.6626293 3.2704207 3.7654458 3.7552200 3.7194883 2.0205178 4.2074689 0.0000000 3.7654458 2.1081104 3.3748795 2.9352270 2.7311769 3.6890720 3.6556604 3.7552200 3.6626293 3.6411844 3.4583280 3.4672001 3.4583280 3.7364046 3.2371202 3.7364046 
KC244182_MK689686.1_00112          3.4027470 0.0269352 2.9763355 0.0000010 0.0029392 0.0517720 3.0638722 3.8941905 3.7654458 0.0000000 3.1270934 3.0597934 3.7089479 3.4553713 0.0486170 0.0485927 0.0029392 0.0269352 0.0300845 1.4976803 2.9933807 1.4976803 0.0118018 3.0312890 0.0118018 
KF938901_KF938901.1_00114          1.7453651 3.1234727 2.6111437 3.1270934 3.1191411 3.1447189 0.6408524 3.8477516 2.1081104 3.1270934 0.0000000 3.1815279 2.5121818 3.1493864 3.1072255 3.1120145 3.1191411 3.1234727 3.1469566 2.9186142 3.2179400 2.9186142 3.1140125 2.8326174 3.1140125 
KX643370_Lymph_LDV3_KX643370_00107 3.0926978 3.0336683 2.3288385 3.0597934 3.0616853 3.0082701 3.4366762 4.1993570 3.3748795 3.0597934 3.1815279 0.0000000 3.5033281 2.6003992 2.9941242 3.0157649 3.0616853 3.0336683 3.0602320 3.0303623 0.2561906 3.0303623 3.0651166 2.5815066 3.0651166 
LS484712_LS484712.1_00130          2.6064474 3.7404075 3.1640799 3.7089479 3.7136002 3.6889824 2.3384054 3.6360275 2.9352270 3.7089479 2.5121818 3.5033281 0.0000000 3.4874941 3.6710751 3.6759079 3.7136002 3.7404075 3.7270573 3.3936106 3.6793394 3.3936106 3.7138456 3.5454174 3.7138456 
MF599468_MF599468.1_00075          2.5273846 3.4333221 2.8760231 3.4553713 3.4612349 3.4515065 3.0032016 4.5877324 2.7311769 3.4553713 3.1493864 2.6003992 3.4874941 0.0000000 3.4458823 3.4068831 3.4612349 3.4333221 3.4200279 3.5046161 2.8357170 3.5046161 3.4355829 2.6970217 3.4355829 
MG570131_MG570131.1_00110          3.3192863 0.0394685 2.9943520 0.0486170 0.0455233 0.0179365 3.0741349 3.9173529 3.6890720 0.0486170 3.1072255 2.9941242 3.6710751 3.4458823 0.0000000 0.0029546 0.0455233 0.0394685 0.0426780 1.4570322 2.9907081 1.4570322 0.0484069 3.0635402 0.0484069 
MG570132_MG570132.1_00110          3.3617237 0.0363242 2.9818348 0.0485927 0.0455007 0.0149029 3.0674545 3.9262808 3.6556604 0.0485927 3.1120145 3.0157649 3.6759079 3.4068831 0.0029546 0.0000000 0.0455007 0.0363242 0.0395117 1.4466414 3.0122041 1.4466414 0.0483828 3.0857301 0.0483828 
MK098185_MK689686.1_00112          3.4011952 0.0239132 2.9657580 0.0029392 0.0000010 0.0486677 3.0559584 3.8992414 3.7552200 0.0029392 3.1191411 3.0616853 3.7136002 3.4612349 0.0455233 0.0455007 0.0000000 0.0239132 0.0270429 1.4886627 2.9961593 1.4886627 0.0088407 3.0262106 0.0088407 
MK689685_AF371960.1_00113          3.3745023 0.0000010 2.9995098 0.0269352 0.0239132 0.0394598 3.0787507 3.9577963 3.6626293 0.0269352 3.1234727 3.0336683 3.7404075 3.4333221 0.0394685 0.0363242 0.0239132 0.0000000 0.0089155 1.4546154 3.0073734 1.4546154 0.0268218 3.0642732 0.0268218 
MN432490_AF371960.1_00113          3.3872960 0.0089155 3.0091236 0.0300845 0.0270429 0.0426686 3.0998095 3.9718905 3.6411844 0.0300845 3.1469566 3.0602320 3.7270573 3.4200279 0.0426780 0.0395117 0.0270429 0.0089155 0.0000000 1.4467825 3.0011450 1.4467825 0.0299570 3.1033705 0.0299570 
MN562489_OM037668.1_00077          3.4075479 1.4546154 2.9775325 1.4976803 1.4886627 1.4588658 3.0007601 3.6903908 3.4583280 1.4976803 2.9186142 3.0303623 3.3936106 3.5046161 1.4570322 1.4466414 1.4886627 1.4546154 1.4467825 0.0000000 3.0900730 0.0000010 1.4845694 3.0800332 1.4845694 
MN803438_MN803438.1_00109          3.1877813 3.0073734 2.4073344 2.9933807 2.9961593 3.0144130 3.5310368 4.4543064 3.4672001 2.9933807 3.2179400 0.2561906 3.6793394 2.8357170 2.9907081 3.0122041 2.9961593 3.0073734 3.0011450 3.0900730 0.0000000 3.0900730 2.9994366 2.7540720 2.9994366 
MT521409_OM037668.1_00077          3.4075479 1.4546154 2.9775325 1.4976803 1.4886627 1.4588658 3.0007601 3.6903908 3.4583280 1.4976803 2.9186142 3.0303623 3.3936106 3.5046161 1.4570322 1.4466414 1.4886627 1.4546154 1.4467825 0.0000010 3.0900730 0.0000000 1.4845694 3.0800332 1.4845694 
MW139932_MK689686.1_00112          3.3925755 0.0268218 3.0090182 0.0118018 0.0088407 0.0454214 3.0535562 3.8973736 3.7364046 0.0118018 3.1140125 3.0651166 3.7138456 3.4355829 0.0484069 0.0483828 0.0088407 0.0268218 0.0299570 1.4845694 2.9994366 1.4845694 0.0000000 3.0684036 0.0000010 
NC_005946_NC_005946.1_00092        3.2984845 3.0642732 1.0484373 3.0312890 3.0262106 3.1215560 2.6285953 3.7294635 3.2371202 3.0312890 2.8326174 2.5815066 3.5454174 2.6970217 3.0635402 3.0857301 3.0262106 3.0642732 3.1033705 3.0800332 2.7540720 3.0800332 3.0684036 0.0000000 3.0684036 
OL774653_MK689686.1_00112          3.3925755 0.0268218 3.0090182 0.0118018 0.0088407 0.0454214 3.0535562 3.8973736 3.7364046 0.0118018 3.1140125 3.0651166 3.7138456 3.4355829 0.0484069 0.0483828 0.0088407 0.0268218 0.0299570 1.4845694 2.9994366 1.4845694 0.0000010 3.0684036 0.0000000 
