18
OL774655_Megalocytivirus_pagrus1_RSIV                    0.0000000 0.0162444 0.0195190 0.0000010 0.0195190 0.3346699 0.0064511 0.0162444 0.0064511 0.0229005 0.8861775 0.0228253 0.8861775 0.0228435 0.0129790 0.0228435 0.0162367 0.0162504 
MT986830_Megalocytivirus_pagrus1_ISKNV                   0.0162444 0.0000000 0.0032128 0.0162444 0.0032128 0.3399430 0.0162595 0.0000010 0.0162595 0.0064620 0.8877869 0.0064413 0.8877869 0.0064463 0.0227405 0.0064463 0.0260099 0.0194640 
MW883603_Megalocytivirus_pagrus1_ISKNV                   0.0195190 0.0032128 0.0000000 0.0195190 0.0000010 0.3402089 0.0195370 0.0032128 0.0195370 0.0032262 0.8886083 0.0032157 0.8886083 0.0032182 0.0260227 0.0032182 0.0292989 0.0227374 
OL774654_Megalocytivirus_pagrus1_RSIV                    0.0000010 0.0162444 0.0195190 0.0000000 0.0195190 0.3346699 0.0064511 0.0162444 0.0064511 0.0229005 0.8861775 0.0228253 0.8861775 0.0228435 0.0129790 0.0228435 0.0162367 0.0162504 
23043610003_Megalocytivirus_pagrus1_ISKNV                0.0195190 0.0032128 0.0000010 0.0195190 0.0000000 0.3402089 0.0195370 0.0032128 0.0195370 0.0032262 0.8886083 0.0032157 0.8886083 0.0032182 0.0260227 0.0032182 0.0292989 0.0227374 
PQ335173_PQ335174_Threespine_stickleback_iridovirus_TSIV 0.3346699 0.3399430 0.3402089 0.3346699 0.3402089 0.0000000 0.3447280 0.3399430 0.3447280 0.3471459 0.8994411 0.3453807 0.8994411 0.3414063 0.3354059 0.3414063 0.3310084 0.3402283 
KT804738_Megalocytivirus_pagrus1_RSIV                    0.0064511 0.0162595 0.0195370 0.0064511 0.0195370 0.3447280 0.0000000 0.0162595 0.0000010 0.0229216 0.8891267 0.0228463 0.8891267 0.0228646 0.0195466 0.0228646 0.0228226 0.0162655 
OP009387_Megalocytivirus_pagrus1_ISKNV                   0.0162444 0.0000010 0.0032128 0.0162444 0.0032128 0.3399430 0.0162595 0.0000000 0.0162595 0.0064620 0.8877869 0.0064413 0.8877869 0.0064463 0.0227405 0.0064463 0.0260099 0.0194640 
MK689686_Megalocytivirus_pagrus1_RSIV                    0.0064511 0.0162595 0.0195370 0.0064511 0.0195370 0.3447280 0.0000010 0.0162595 0.0000000 0.0229216 0.8891267 0.0228463 0.8891267 0.0228646 0.0195466 0.0228646 0.0228226 0.0162655 
MW883601_Megalocytivirus_pagrus1_ISKNV                   0.0229005 0.0064620 0.0032262 0.0229005 0.0032262 0.3471459 0.0229216 0.0064620 0.0229216 0.0000000 0.9040957 0.0064669 0.9040957 0.0064720 0.0294405 0.0064720 0.0327382 0.0261317 
OM037668_Megalocytivirus_lates1_SDDV                     0.8861775 0.8877869 0.8886083 0.8861775 0.8886083 0.8994411 0.8891267 0.8877869 0.8891267 0.9040957 0.0000000 0.8974246 0.0000010 0.8913991 0.8648771 0.8913991 0.8710088 0.8674131 
MW883599_Megalocytivirus_pagrus1_ISKNV                   0.0228253 0.0064413 0.0032157 0.0228253 0.0032157 0.3453807 0.0228463 0.0064413 0.0228463 0.0064669 0.8974246 0.0000000 0.8974246 0.0064519 0.0293437 0.0064519 0.0326300 0.0260459 
MN562489_Megalocytivirus_lates1_SDDV                     0.8861775 0.8877869 0.8886083 0.8861775 0.8886083 0.8994411 0.8891267 0.8877869 0.8891267 0.9040957 0.0000010 0.8974246 0.0000000 0.8913991 0.8648771 0.8913991 0.8710088 0.8674131 
OR536350_Megalocytivirus_pagrus1_ISKNV                   0.0228435 0.0064463 0.0032182 0.0228435 0.0032182 0.3414063 0.0228646 0.0064463 0.0228646 0.0064720 0.8913991 0.0064519 0.8913991 0.0000000 0.0293674 0.0000010 0.0326564 0.0260661 
MG570132_Megalocytivirus_pagrus1_TRBIV                   0.0129790 0.0227405 0.0260227 0.0129790 0.0260227 0.3354059 0.0195466 0.0227405 0.0195466 0.0294405 0.8648771 0.0293437 0.8648771 0.0293674 0.0000000 0.0293674 0.0032145 0.0032172 
MW883600_Megalocytivirus_pagrus1_ISKNV                   0.0228435 0.0064463 0.0032182 0.0228435 0.0032182 0.3414063 0.0228646 0.0064463 0.0228646 0.0064720 0.8913991 0.0064519 0.8913991 0.0000010 0.0293674 0.0000000 0.0326564 0.0260661 
GQ273492_Megalocytivirus_pagrus1_TRBIV                   0.0162367 0.0260099 0.0292989 0.0162367 0.0292989 0.3310084 0.0228226 0.0260099 0.0228226 0.0327382 0.8710088 0.0326300 0.8710088 0.0326564 0.0032145 0.0326564 0.0000000 0.0064404 
MG570131_Megalocytivirus_pagrus1_TRBIV                   0.0162504 0.0194640 0.0227374 0.0162504 0.0227374 0.3402283 0.0162655 0.0194640 0.0162655 0.0261317 0.8674131 0.0260459 0.8674131 0.0260661 0.0032172 0.0260661 0.0064404 0.0000000 
