19
MK637631_European_chub_iridovirus_ECIV                   0.0000000 0.9499677 0.9541381 0.9460185 0.9499677 0.9460185 0.9575318 0.9536535 0.9541381 0.9536535 0.9644859 0.3309778 0.9555749 0.3309778 0.9434891 0.9422294 0.9434891 0.9489584 0.9455624 
OL774655_Megalocytivirus_pagrus1_RSIV                    0.9499677 0.0000000 0.0162615 0.0195399 0.0000010 0.0195399 0.3424408 0.0064531 0.0162615 0.0064531 0.0229401 0.9301405 0.0228529 0.9301405 0.0228771 0.0129884 0.0228771 0.0162489 0.0162636 
MT986830_Megalocytivirus_pagrus1_ISKNV                   0.9541381 0.0162615 0.0000000 0.0032134 0.0162615 0.0032134 0.3474596 0.0162788 0.0000010 0.0162788 0.0064664 0.9321100 0.0064426 0.9321100 0.0064491 0.0227631 0.0064491 0.0260371 0.0194820 
MW883603_Megalocytivirus_pagrus1_ISKNV                   0.9460185 0.0195399 0.0032134 0.0000000 0.0195399 0.0000010 0.3477530 0.0195605 0.0032134 0.0195605 0.0032284 0.9330362 0.0032165 0.9330362 0.0032198 0.0260505 0.0032198 0.0293302 0.0227587 
OL774654_Megalocytivirus_pagrus1_RSIV                    0.9499677 0.0000010 0.0162615 0.0195399 0.0000000 0.0195399 0.3424408 0.0064531 0.0162615 0.0064531 0.0229401 0.9301405 0.0228529 0.9301405 0.0228771 0.0129884 0.0228771 0.0162489 0.0162636 
23043610003_Megalocytivirus_pagrus1_ISKNV                0.9460185 0.0195399 0.0032134 0.0000010 0.0195399 0.0000000 0.3477530 0.0195605 0.0032134 0.0195605 0.0032284 0.9330362 0.0032165 0.9330362 0.0032198 0.0260505 0.0032198 0.0293302 0.0227587 
PQ335173_PQ335174_Threespine_stickleback_iridovirus_TSIV 0.9575318 0.3424408 0.3474596 0.3477530 0.3424408 0.3477530 0.0000000 0.3527967 0.3474596 0.3527967 0.3552545 0.9432038 0.3530496 0.9432038 0.3490924 0.3428021 0.3490924 0.3383614 0.3477392 
KT804738_Megalocytivirus_pagrus1_RSIV                    0.9536535 0.0064531 0.0162788 0.0195605 0.0064531 0.0195605 0.3527967 0.0000000 0.0162788 0.0000010 0.0229644 0.9336899 0.0228771 0.9336899 0.0229013 0.0195665 0.0229013 0.0228460 0.0162809 
OP009387_Megalocytivirus_pagrus1_ISKNV                   0.9541381 0.0162615 0.0000010 0.0032134 0.0162615 0.0032134 0.3474596 0.0162788 0.0000000 0.0162788 0.0064664 0.9321100 0.0064426 0.9321100 0.0064491 0.0227631 0.0064491 0.0260371 0.0194820 
MK689686_Megalocytivirus_pagrus1_RSIV                    0.9536535 0.0064531 0.0162788 0.0195605 0.0064531 0.0195605 0.3527967 0.0000010 0.0162788 0.0000000 0.0229644 0.9336899 0.0228771 0.9336899 0.0229013 0.0195665 0.0229013 0.0228460 0.0162809 
MW883601_Megalocytivirus_pagrus1_ISKNV                   0.9644859 0.0229401 0.0064664 0.0032284 0.0229401 0.0032284 0.3552545 0.0229644 0.0064664 0.0229644 0.0000000 0.9510416 0.0064728 0.9510416 0.0064794 0.0294917 0.0064794 0.0327950 0.0261745 
OM037668_Megalocytivirus_lates1_SDDV                     0.3309778 0.9301405 0.9321100 0.9330362 0.9301405 0.9330362 0.9432038 0.9336899 0.9321100 0.9336899 0.9510416 0.0000000 0.9423845 0.0000010 0.9361611 0.9072958 0.9361611 0.9138048 0.9104329 
MW883599_Megalocytivirus_pagrus1_ISKNV                   0.9555749 0.0228529 0.0064426 0.0032165 0.0228529 0.0032165 0.3530496 0.0228771 0.0064426 0.0228771 0.0064728 0.9423845 0.0000000 0.9423845 0.0064555 0.0293793 0.0064555 0.0326696 0.0260752 
MN562489_Megalocytivirus_lates1_SDDV                     0.3309778 0.9301405 0.9321100 0.9330362 0.9301405 0.9330362 0.9432038 0.9336899 0.9321100 0.9336899 0.9510416 0.0000010 0.9423845 0.0000000 0.9361611 0.9072958 0.9361611 0.9138048 0.9104329 
OR536350_Megalocytivirus_pagrus1_ISKNV                   0.9434891 0.0228771 0.0064491 0.0032198 0.0228771 0.0032198 0.3490924 0.0229013 0.0064491 0.0229013 0.0064794 0.9361611 0.0064555 0.9361611 0.0000000 0.0294106 0.0000010 0.0327046 0.0261028 
MG570132_Megalocytivirus_pagrus1_TRBIV                   0.9422294 0.0129884 0.0227631 0.0260505 0.0129884 0.0260505 0.3428021 0.0195665 0.0227631 0.0195665 0.0294917 0.9072958 0.0293793 0.9072958 0.0294106 0.0000000 0.0294106 0.0032150 0.0032178 
MW883600_Megalocytivirus_pagrus1_ISKNV                   0.9434891 0.0228771 0.0064491 0.0032198 0.0228771 0.0032198 0.3490924 0.0229013 0.0064491 0.0229013 0.0064794 0.9361611 0.0064555 0.9361611 0.0000010 0.0294106 0.0000000 0.0327046 0.0261028 
GQ273492_Megalocytivirus_pagrus1_TRBIV                   0.9489584 0.0162489 0.0260371 0.0293302 0.0162489 0.0293302 0.3383614 0.0228460 0.0260371 0.0228460 0.0327950 0.9138048 0.0326696 0.9138048 0.0327046 0.0032150 0.0327046 0.0000000 0.0064412 
MG570131_Megalocytivirus_pagrus1_TRBIV                   0.9455624 0.0162636 0.0194820 0.0227587 0.0162636 0.0227587 0.3477392 0.0162809 0.0194820 0.0162809 0.0261745 0.9104329 0.0260752 0.9104329 0.0261028 0.0032178 0.0261028 0.0064412 0.0000000 
