58
23043610003_Megalocytivirus_pagrus1_ISKNV 0.0000000 0.0000650 0.0746491 0.0007901 0.0754230 0.0781388 0.0746491 0.0932859 0.0752707 0.0017276 0.0751297 0.0969909 0.0965529 0.0743308 0.0750249 0.0750316 0.0019926 0.0761837 0.0149664 0.0010693 0.0011038 0.0750262 0.0011555 0.0099903 0.0759720 0.0009226 0.0008563 0.0009880 0.0008562 0.0151809 0.0011221 0.0011221 0.0738750 0.0009880 0.0015174 0.0010543 0.0009222 0.0012659 0.0009881 0.0007901 0.0761594 0.0751852 0.0717226 0.0759803 0.0759720 0.0750262 0.0012518 0.0768955 0.0766031 0.0099439 0.0007245 0.0739628 0.0021962 0.0007245 0.0013117 0.0021130 0.0062675 0.0104064 
23043610005_Megalocytivirus_pagrus1_ISKNV 0.0000650 0.0000000 0.0747348 0.0008560 0.0755091 0.0782321 0.0747348 0.0933768 0.0753569 0.0017942 0.0752157 0.0970830 0.0966448 0.0744165 0.0751107 0.0751175 0.0020593 0.0762702 0.0150362 0.0011362 0.0011730 0.0751122 0.0012236 0.0100609 0.0760580 0.0009886 0.0009223 0.0010539 0.0009221 0.0152508 0.0011883 0.0011883 0.0739609 0.0010539 0.0015836 0.0011203 0.0009882 0.0013326 0.0010541 0.0008560 0.0762457 0.0752713 0.0718088 0.0760663 0.0760580 0.0751122 0.0013178 0.0769820 0.0766917 0.0100122 0.0007904 0.0740489 0.0022674 0.0007904 0.0013810 0.0021793 0.0063349 0.0104765 
AB104413_Megalocytivirus_pagrus1_RSIV     0.0746491 0.0747348 0.0000000 0.0744520 0.0278573 0.0308749 0.0000010 0.0904935 0.0276727 0.0749664 0.0273968 0.0926105 0.0919460 0.0009294 0.0014620 0.0014621 0.0762438 0.0279191 0.0750434 0.0718100 0.0693841 0.0271116 0.0724723 0.0732732 0.0042734 0.0746741 0.0745650 0.0745509 0.0748127 0.0751347 0.0747733 0.0747733 0.0265659 0.0748630 0.0750960 0.0747350 0.0745770 0.0732657 0.0746286 0.0744520 0.0140955 0.0272662 0.0044266 0.0042737 0.0042734 0.0271116 0.0748521 0.0158774 0.0139698 0.0747362 0.0744005 0.0031917 0.0787196 0.0744005 0.0695854 0.0758626 0.0748469 0.0739876 
AF371960_Megalocytivirus_pagrus1_ISKNV    0.0007901 0.0008560 0.0744520 0.0000000 0.0751654 0.0777702 0.0744520 0.0928336 0.0750131 0.0010615 0.0748725 0.0963123 0.0958762 0.0741340 0.0748274 0.0748342 0.0015923 0.0759251 0.0145418 0.0004000 0.0004133 0.0747691 0.0004751 0.0096339 0.0757151 0.0005266 0.0004606 0.0003288 0.0007239 0.0147558 0.0004614 0.0004614 0.0736778 0.0004604 0.0011203 0.0003948 0.0005264 0.0005987 0.0003289 0.0000010 0.0759016 0.0749281 0.0714649 0.0757234 0.0757151 0.0747691 0.0005920 0.0766371 0.0764326 0.0095298 0.0003289 0.0737056 0.0014855 0.0003289 0.0008964 0.0014505 0.0057264 0.0099812 
AP017456_Megalocytivirus_pagrus1_RSIV     0.0754230 0.0755091 0.0278573 0.0751654 0.0000000 0.0035270 0.0278573 0.0935466 0.0016606 0.0757389 0.0005294 0.0954427 0.0949384 0.0273481 0.0278685 0.0278704 0.0770275 0.0009294 0.0747035 0.0711361 0.0693020 0.0011928 0.0738034 0.0728095 0.0265209 0.0754487 0.0753385 0.0751036 0.0756114 0.0749513 0.0754886 0.0754886 0.0029375 0.0755784 0.0758723 0.0754501 0.0754220 0.0742886 0.0753430 0.0751654 0.0132855 0.0013259 0.0262519 0.0265231 0.0265209 0.0011928 0.0755674 0.0118211 0.0139112 0.0744476 0.0750092 0.0265714 0.0791547 0.0750092 0.0695650 0.0765824 0.0752758 0.0738524 
AY894343_Megalocytivirus_pagrus1_RSIV     0.0781388 0.0782321 0.0308749 0.0777702 0.0035270 0.0000000 0.0308749 0.0948780 0.0041799 0.0784846 0.0029470 0.0958281 0.0952293 0.0303129 0.0308803 0.0308826 0.0798830 0.0036804 0.0771090 0.0734185 0.0734185 0.0038159 0.0782393 0.0759349 0.0294099 0.0781690 0.0780475 0.0777934 0.0782398 0.0772916 0.0782105 0.0782105 0.0056583 0.0783063 0.0785324 0.0781690 0.0781380 0.0768462 0.0780522 0.0777702 0.0170562 0.0039619 0.0291793 0.0294126 0.0294099 0.0038159 0.0782938 0.0154561 0.0178264 0.0774971 0.0776914 0.0284883 0.0824125 0.0776914 0.0738050 0.0793947 0.0780536 0.0770545 
BD143114_Megalocytivirus_pagrus1_RSIV     0.0746491 0.0747348 0.0000010 0.0744520 0.0278573 0.0308749 0.0000000 0.0904935 0.0276727 0.0749664 0.0273968 0.0926105 0.0919460 0.0009294 0.0014620 0.0014621 0.0762438 0.0279191 0.0750434 0.0718100 0.0693841 0.0271116 0.0724723 0.0732732 0.0042734 0.0746741 0.0745650 0.0745509 0.0748127 0.0751347 0.0747733 0.0747733 0.0265659 0.0748630 0.0750960 0.0747350 0.0745770 0.0732657 0.0746286 0.0744520 0.0140955 0.0272662 0.0044266 0.0042737 0.0042734 0.0271116 0.0748521 0.0158774 0.0139698 0.0747362 0.0744005 0.0031917 0.0787196 0.0744005 0.0695854 0.0758626 0.0748469 0.0739876 
GQ273492_Megalocytivirus_pagrus1_TRBIV    0.0932859 0.0933768 0.0904935 0.0928336 0.0935466 0.0948780 0.0904935 0.0000000 0.0933604 0.0933531 0.0931153 0.0436864 0.0435126 0.0899739 0.0907134 0.0907222 0.0945369 0.0944579 0.0920964 0.0888533 0.0871787 0.0928825 0.0917563 0.0886860 0.0888589 0.0930882 0.0928482 0.0930398 0.0936055 0.0922338 0.0932868 0.0932868 0.0925489 0.0932245 0.0934122 0.0932364 0.0928265 0.0920648 0.0931217 0.0928336 0.0918515 0.0929780 0.0834409 0.0888692 0.0888589 0.0928825 0.0934368 0.0923183 0.0915448 0.0921425 0.0926865 0.0851657 0.0971399 0.0926865 0.0873931 0.0939501 0.0924523 0.0914847 
KC244182_Megalocytivirus_pagrus1_RSIV     0.0752707 0.0753569 0.0276727 0.0750131 0.0016606 0.0041799 0.0276727 0.0933604 0.0000000 0.0755865 0.0011278 0.0953750 0.0948704 0.0271635 0.0276842 0.0276861 0.0768751 0.0017976 0.0746666 0.0709816 0.0695266 0.0005967 0.0740272 0.0728914 0.0264881 0.0752963 0.0751862 0.0751126 0.0754592 0.0749146 0.0753363 0.0753363 0.0032770 0.0754263 0.0757201 0.0752978 0.0752697 0.0741357 0.0751908 0.0750131 0.0135185 0.0007296 0.0262180 0.0264903 0.0264881 0.0005967 0.0754152 0.0114890 0.0141460 0.0742950 0.0748568 0.0259921 0.0784882 0.0748568 0.0697897 0.0764302 0.0751939 0.0737681 
KT781098_Megalocytivirus_pagrus1_ISKNV    0.0017276 0.0017942 0.0749664 0.0010615 0.0757389 0.0784846 0.0749664 0.0933531 0.0755865 0.0000000 0.0754448 0.0964932 0.0960536 0.0746474 0.0753431 0.0753499 0.0025442 0.0758856 0.0155688 0.0012119 0.0012514 0.0753410 0.0010264 0.0096352 0.0762328 0.0014614 0.0013944 0.0011279 0.0016604 0.0154839 0.0012633 0.0012633 0.0736375 0.0013939 0.0020616 0.0012614 0.0014608 0.0014092 0.0011281 0.0010615 0.0764215 0.0755004 0.0719774 0.0762411 0.0762328 0.0753410 0.0013271 0.0771594 0.0769674 0.0102906 0.0012614 0.0737879 0.0022847 0.0012614 0.0018100 0.0021947 0.0065839 0.0106917 
KT804738_Megalocytivirus_pagrus1_RSIV     0.0751297 0.0752157 0.0273968 0.0748725 0.0005294 0.0029470 0.0273968 0.0931153 0.0011278 0.0754448 0.0000000 0.0950075 0.0945047 0.0268896 0.0274088 0.0274107 0.0767314 0.0006632 0.0744106 0.0708454 0.0690053 0.0007942 0.0735029 0.0726680 0.0260643 0.0751551 0.0750453 0.0748107 0.0753178 0.0746582 0.0751951 0.0751951 0.0025338 0.0752850 0.0755784 0.0751567 0.0751287 0.0739942 0.0750499 0.0748725 0.0128577 0.0009270 0.0257868 0.0260665 0.0260643 0.0007942 0.0752740 0.0113963 0.0134745 0.0741552 0.0747163 0.0261108 0.0788353 0.0747163 0.0692679 0.0762875 0.0750531 0.0736260 
MG570131_Megalocytivirus_pagrus1_TRBIV    0.0969909 0.0970830 0.0926105 0.0963123 0.0954427 0.0958281 0.0926105 0.0436864 0.0953750 0.0964932 0.0950075 0.0000000 0.0016671 0.0920859 0.0928302 0.0928392 0.0978157 0.0963559 0.0967726 0.0919995 0.0899575 0.0947735 0.0948839 0.0926229 0.0917355 0.0967554 0.0965094 0.0965217 0.0971319 0.0969144 0.0967652 0.0967652 0.0946276 0.0967393 0.0970010 0.0967152 0.0964869 0.0949759 0.0966047 0.0963123 0.0942649 0.0947734 0.0864663 0.0917463 0.0917355 0.0947735 0.0967704 0.0940290 0.0938726 0.0960084 0.0963457 0.0885527 0.1003290 0.0963457 0.0903615 0.0972500 0.0963959 0.0958786 
MG570132_Megalocytivirus_pagrus1_TRBIV    0.0965529 0.0966448 0.0919460 0.0958762 0.0949384 0.0952293 0.0919460 0.0435126 0.0948704 0.0960536 0.0945047 0.0016671 0.0000000 0.0914238 0.0921655 0.0921744 0.0973748 0.0958483 0.0963346 0.0915702 0.0895716 0.0942713 0.0944903 0.0921830 0.0910749 0.0963178 0.0960727 0.0960850 0.0966936 0.0964758 0.0963278 0.0963278 0.0941254 0.0963020 0.0965628 0.0962778 0.0960503 0.0945387 0.0961678 0.0958762 0.0935941 0.0942711 0.0858121 0.0910855 0.0910749 0.0942713 0.0963331 0.0933586 0.0931861 0.0955725 0.0959094 0.0880082 0.1000333 0.0959094 0.0899745 0.0969812 0.0959597 0.0954323 
MK098185_Megalocytivirus_pagrus1_RSIV     0.0743308 0.0744165 0.0009294 0.0741340 0.0273481 0.0303129 0.0009294 0.0899739 0.0271635 0.0746474 0.0268896 0.0920859 0.0914238 0.0000000 0.0006621 0.0006622 0.0759232 0.0274085 0.0746790 0.0714903 0.0690575 0.0266053 0.0721470 0.0729020 0.0037269 0.0743555 0.0742468 0.0742328 0.0744944 0.0747701 0.0744549 0.0744549 0.0260609 0.0745447 0.0747773 0.0744166 0.0742586 0.0731748 0.0743105 0.0741340 0.0135032 0.0267593 0.0038003 0.0037271 0.0037269 0.0266053 0.0745339 0.0152767 0.0133612 0.0743728 0.0740825 0.0025038 0.0783746 0.0740825 0.0692585 0.0755421 0.0744839 0.0736175 
MK098186_Megalocytivirus_pagrus1_RSIV     0.0750249 0.0751107 0.0014620 0.0748274 0.0278685 0.0308803 0.0014620 0.0907134 0.0276842 0.0753431 0.0274088 0.0928302 0.0921655 0.0006621 0.0000000 0.0001323 0.0766234 0.0279302 0.0753755 0.0721872 0.0697692 0.0271244 0.0728562 0.0736129 0.0042637 0.0750502 0.0749407 0.0749265 0.0751887 0.0754668 0.0751492 0.0751492 0.0265787 0.0752389 0.0754724 0.0751109 0.0749529 0.0737816 0.0750043 0.0748274 0.0139936 0.0272786 0.0043477 0.0042640 0.0042637 0.0271244 0.0752279 0.0157719 0.0138675 0.0750676 0.0747761 0.0030484 0.0791273 0.0747761 0.0699709 0.0762400 0.0751778 0.0743275 
MK098187_Megalocytivirus_pagrus1_RSIV     0.0750316 0.0751175 0.0014621 0.0748342 0.0278704 0.0308826 0.0014621 0.0907222 0.0276861 0.0753499 0.0274107 0.0928392 0.0921744 0.0006622 0.0001323 0.0000000 0.0766304 0.0279321 0.0753823 0.0721937 0.0697756 0.0271263 0.0728629 0.0736196 0.0042640 0.0750570 0.0749475 0.0749332 0.0751955 0.0754736 0.0751560 0.0751560 0.0265806 0.0752457 0.0754792 0.0751177 0.0749596 0.0737022 0.0750111 0.0748342 0.0139945 0.0272805 0.0043480 0.0042643 0.0042640 0.0271263 0.0752347 0.0157729 0.0138684 0.0750743 0.0747828 0.0030486 0.0791350 0.0747828 0.0699773 0.0762469 0.0751846 0.0743343 
MK689685_Megalocytivirus_pagrus1_ISKNV    0.0019926 0.0020593 0.0762438 0.0015923 0.0770275 0.0798830 0.0762438 0.0945369 0.0768751 0.0025442 0.0767314 0.0978157 0.0973748 0.0759232 0.0766234 0.0766304 0.0000000 0.0777963 0.0158896 0.0018858 0.0019472 0.0766272 0.0019868 0.0109012 0.0775735 0.0017265 0.0016594 0.0017919 0.0021917 0.0161061 0.0019288 0.0019288 0.0754709 0.0019250 0.0023267 0.0018592 0.0017258 0.0020814 0.0017923 0.0015923 0.0777672 0.0767871 0.0718047 0.0775820 0.0775735 0.0766272 0.0020579 0.0785085 0.0783499 0.0108259 0.0015265 0.0755637 0.0030707 0.0015265 0.0021573 0.0029274 0.0071188 0.0113141 
MK689686_Megalocytivirus_pagrus1_RSIV     0.0761837 0.0762702 0.0279191 0.0759251 0.0009294 0.0036804 0.0279191 0.0944579 0.0017976 0.0758856 0.0006632 0.0963559 0.0958483 0.0274085 0.0279302 0.0279321 0.0777963 0.0000000 0.0754626 0.0718877 0.0700679 0.0013284 0.0745795 0.0726714 0.0265795 0.0762101 0.0760990 0.0758631 0.0763729 0.0753650 0.0762498 0.0762498 0.0019937 0.0763396 0.0766350 0.0762112 0.0761828 0.0750521 0.0761035 0.0759251 0.0133148 0.0014619 0.0263111 0.0265817 0.0265795 0.0013284 0.0763284 0.0118462 0.0139429 0.0752055 0.0757684 0.0272187 0.0799855 0.0757684 0.0703320 0.0773478 0.0761060 0.0747126 
MN432490_Megalocytivirus_pagrus1_ISKNV    0.0149664 0.0150362 0.0750434 0.0145418 0.0747035 0.0771090 0.0750434 0.0920964 0.0746666 0.0155688 0.0744106 0.0967726 0.0963346 0.0746790 0.0753755 0.0753823 0.0158896 0.0754626 0.0000000 0.0139064 0.0125606 0.0743071 0.0135891 0.0061380 0.0762556 0.0146908 0.0146163 0.0147505 0.0151691 0.0001972 0.0148417 0.0148417 0.0733351 0.0148877 0.0151764 0.0148247 0.0144736 0.0144976 0.0147533 0.0145418 0.0758965 0.0744183 0.0719998 0.0762640 0.0762556 0.0743071 0.0150263 0.0762578 0.0764256 0.0054670 0.0144785 0.0747558 0.0163789 0.0144785 0.0127813 0.0159461 0.0096761 0.0066454 
MT128666_Megalocytivirus_pagrus1_ISKNV    0.0010693 0.0011362 0.0718100 0.0004000 0.0711361 0.0734185 0.0718100 0.0888533 0.0709816 0.0012119 0.0708454 0.0919995 0.0915702 0.0714903 0.0721872 0.0721937 0.0018858 0.0718877 0.0139064 0.0000000 0.0000010 0.0707421 0.0006202 0.0098512 0.0730834 0.0008009 0.0007338 0.0004666 0.0010020 0.0141217 0.0006013 0.0006013 0.0696458 0.0006668 0.0013375 0.0006004 0.0007338 0.0007428 0.0004667 0.0004000 0.0721040 0.0709015 0.0686769 0.0730914 0.0730834 0.0707421 0.0007334 0.0726104 0.0723043 0.0098073 0.0006003 0.0715586 0.0015794 0.0006003 0.0011731 0.0015381 0.0058775 0.0102023 
MT128667_Megalocytivirus_pagrus1_ISKNV    0.0011038 0.0011730 0.0693841 0.0004133 0.0693020 0.0734185 0.0693841 0.0871787 0.0695266 0.0012514 0.0690053 0.0899575 0.0895716 0.0690575 0.0697692 0.0697756 0.0019472 0.0700679 0.0125606 0.0000010 0.0000000 0.0688997 0.0006202 0.0101869 0.0706891 0.0008276 0.0007583 0.0004822 0.0010344 0.0127093 0.0006213 0.0006213 0.0677746 0.0006891 0.0013807 0.0006204 0.0007583 0.0006971 0.0004822 0.0004133 0.0702942 0.0690631 0.0661447 0.0706970 0.0706891 0.0688997 0.0007579 0.0708130 0.0704528 0.0101305 0.0006204 0.0695120 0.0016349 0.0006204 0.0011731 0.0015878 0.0060700 0.0105477 
MT798582_Megalocytivirus_pagrus1_RSIV     0.0750262 0.0751122 0.0271116 0.0747691 0.0011928 0.0038159 0.0271116 0.0928825 0.0005967 0.0753410 0.0007942 0.0947735 0.0942713 0.0266053 0.0271244 0.0271263 0.0766272 0.0013284 0.0743071 0.0707421 0.0688997 0.0000000 0.0733970 0.0726443 0.0259327 0.0750515 0.0749418 0.0748683 0.0752143 0.0745546 0.0750915 0.0750915 0.0028019 0.0751815 0.0754747 0.0750532 0.0750252 0.0738901 0.0749464 0.0747691 0.0130053 0.0002647 0.0256524 0.0259348 0.0259327 0.0000010 0.0751705 0.0109835 0.0136213 0.0740519 0.0746129 0.0258249 0.0787232 0.0746129 0.0691622 0.0761836 0.0749497 0.0735205 
MT926123_Megalocytivirus_pagrus1_ISKNV    0.0011555 0.0012236 0.0724723 0.0004751 0.0738034 0.0782393 0.0724723 0.0917563 0.0740272 0.0010264 0.0735029 0.0948839 0.0944903 0.0721470 0.0728562 0.0728629 0.0019868 0.0745795 0.0135891 0.0006202 0.0006202 0.0733970 0.0000000 0.0101768 0.0737668 0.0008834 0.0008151 0.0005429 0.0010870 0.0137377 0.0006802 0.0006802 0.0722767 0.0008148 0.0014967 0.0007471 0.0008831 0.0007549 0.0005431 0.0004751 0.0745596 0.0735600 0.0693853 0.0737750 0.0737668 0.0733970 0.0008146 0.0753132 0.0750690 0.0097690 0.0006792 0.0720930 0.0017566 0.0006792 0.0012422 0.0017010 0.0061198 0.0105323 
MT986830_Megalocytivirus_pagrus1_ISKNV    0.0099903 0.0100609 0.0732732 0.0096339 0.0728095 0.0759349 0.0732732 0.0886860 0.0728914 0.0096352 0.0726680 0.0926229 0.0921830 0.0729020 0.0736129 0.0736196 0.0109012 0.0726714 0.0061380 0.0098512 0.0101869 0.0726443 0.0101768 0.0000000 0.0744216 0.0097814 0.0097077 0.0097032 0.0102690 0.0063469 0.0097892 0.0097892 0.0705907 0.0098454 0.0104180 0.0097088 0.0097053 0.0093891 0.0097050 0.0096339 0.0742375 0.0726727 0.0700427 0.0744300 0.0744216 0.0726443 0.0099130 0.0745641 0.0746027 0.0011564 0.0095677 0.0717559 0.0109046 0.0095677 0.0104883 0.0108395 0.0040363 0.0001389 
MW139932_Megalocytivirus_pagrus1_RSIV     0.0759720 0.0760580 0.0042734 0.0757151 0.0265209 0.0294099 0.0042734 0.0888589 0.0264881 0.0762328 0.0260643 0.0917355 0.0910749 0.0037269 0.0042637 0.0042640 0.0775735 0.0265795 0.0762556 0.0730834 0.0706891 0.0259327 0.0737668 0.0744216 0.0000000 0.0759980 0.0758878 0.0758143 0.0761600 0.0763471 0.0760376 0.0760376 0.0264357 0.0761269 0.0764203 0.0759993 0.0759003 0.0747664 0.0758923 0.0757151 0.0124509 0.0260855 0.0000672 0.0001322 0.0000010 0.0259327 0.0761158 0.0143592 0.0158553 0.0759462 0.0757230 0.0038601 0.0795450 0.0757230 0.0709529 0.0771285 0.0759642 0.0751339 
MW273353_Megalocytivirus_pagrus1_ISKNV    0.0009226 0.0009886 0.0746741 0.0005266 0.0754487 0.0781690 0.0746741 0.0930882 0.0752963 0.0014614 0.0751551 0.0967554 0.0963178 0.0743555 0.0750502 0.0750570 0.0017265 0.0762101 0.0146908 0.0008009 0.0008276 0.0750515 0.0008834 0.0097814 0.0759980 0.0000000 0.0005927 0.0007243 0.0011202 0.0149051 0.0008579 0.0008579 0.0738993 0.0008561 0.0012532 0.0007905 0.0006585 0.0009991 0.0007244 0.0005266 0.0761858 0.0752107 0.0715659 0.0760064 0.0759980 0.0750515 0.0009880 0.0769226 0.0767249 0.0096726 0.0004609 0.0739874 0.0019124 0.0004609 0.0010353 0.0018484 0.0059992 0.0101281 
MW273354_Megalocytivirus_pagrus1_ISKNV    0.0008563 0.0009223 0.0745650 0.0004606 0.0753385 0.0780475 0.0745650 0.0928482 0.0751862 0.0013944 0.0750453 0.0965094 0.0960727 0.0742468 0.0749407 0.0749475 0.0016594 0.0760990 0.0146163 0.0007338 0.0007583 0.0749418 0.0008151 0.0097077 0.0758878 0.0005927 0.0000000 0.0006582 0.0010539 0.0148304 0.0007915 0.0007915 0.0737908 0.0007899 0.0010544 0.0007243 0.0004606 0.0009321 0.0006583 0.0004606 0.0760749 0.0751009 0.0716378 0.0758961 0.0758878 0.0749418 0.0009217 0.0768109 0.0766106 0.0096012 0.0003949 0.0738784 0.0018407 0.0003949 0.0008275 0.0017816 0.0059299 0.0100546 
MW883593_Megalocytivirus_pagrus1_ISKNV    0.0009880 0.0010539 0.0745509 0.0003288 0.0751036 0.0777934 0.0745509 0.0930398 0.0751126 0.0011279 0.0748107 0.0965217 0.0960850 0.0742328 0.0749265 0.0749332 0.0017919 0.0758631 0.0147505 0.0004666 0.0004822 0.0748683 0.0005429 0.0097032 0.0758143 0.0007243 0.0006582 0.0000000 0.0009217 0.0149647 0.0005273 0.0005273 0.0736158 0.0006580 0.0013184 0.0005923 0.0007240 0.0006653 0.0003947 0.0003288 0.0758398 0.0750273 0.0714810 0.0758226 0.0758143 0.0748683 0.0006578 0.0767370 0.0763692 0.0095969 0.0005265 0.0738049 0.0015562 0.0005265 0.0011037 0.0015164 0.0057930 0.0099802 
MW883594_Megalocytivirus_pagrus1_ISKNV    0.0008562 0.0009221 0.0748127 0.0007239 0.0756114 0.0782398 0.0748127 0.0936055 0.0754592 0.0016604 0.0753178 0.0971319 0.0966936 0.0744944 0.0751887 0.0751955 0.0021917 0.0763729 0.0151691 0.0010020 0.0010344 0.0752143 0.0010870 0.0102690 0.0761600 0.0011202 0.0010539 0.0009217 0.0000000 0.0153837 0.0010556 0.0010556 0.0741221 0.0009217 0.0017152 0.0009880 0.0011198 0.0011987 0.0009218 0.0007239 0.0763481 0.0753734 0.0719110 0.0761683 0.0761600 0.0752143 0.0011853 0.0770847 0.0767968 0.0101447 0.0009220 0.0741510 0.0021244 0.0009220 0.0015188 0.0020461 0.0063325 0.0105425 
MW883595_Megalocytivirus_pagrus1_ISKNV    0.0151809 0.0152508 0.0751347 0.0147558 0.0749513 0.0772916 0.0751347 0.0922338 0.0749146 0.0154839 0.0746582 0.0969144 0.0964758 0.0747701 0.0754668 0.0754736 0.0161061 0.0753650 0.0001972 0.0141217 0.0127093 0.0745546 0.0137377 0.0063469 0.0763471 0.0149051 0.0148304 0.0149647 0.0153837 0.0000000 0.0150563 0.0150563 0.0732384 0.0151020 0.0153911 0.0150390 0.0146876 0.0147139 0.0149675 0.0147558 0.0761448 0.0746659 0.0720914 0.0763555 0.0763471 0.0745546 0.0152407 0.0765064 0.0766805 0.0056709 0.0146925 0.0748793 0.0166102 0.0146925 0.0129302 0.0161616 0.0098844 0.0065010 
MW883596_Megalocytivirus_pagrus1_ISKNV    0.0011221 0.0011883 0.0747733 0.0004614 0.0754886 0.0782105 0.0747733 0.0932868 0.0753363 0.0012633 0.0751951 0.0967652 0.0963278 0.0744549 0.0751492 0.0751560 0.0019288 0.0762498 0.0148417 0.0006013 0.0006213 0.0750915 0.0006802 0.0097892 0.0760376 0.0008579 0.0007915 0.0005273 0.0010556 0.0150563 0.0000000 0.0000010 0.0739994 0.0007913 0.0014534 0.0007256 0.0008575 0.0007336 0.0005274 0.0004614 0.0762253 0.0752507 0.0717872 0.0760459 0.0760376 0.0750915 0.0007911 0.0769617 0.0766715 0.0096801 0.0006595 0.0740280 0.0017016 0.0006595 0.0012445 0.0016519 0.0059382 0.0101360 
MW883597_Megalocytivirus_pagrus1_ISKNV    0.0011221 0.0011883 0.0747733 0.0004614 0.0754886 0.0782105 0.0747733 0.0932868 0.0753363 0.0012633 0.0751951 0.0967652 0.0963278 0.0744549 0.0751492 0.0751560 0.0019288 0.0762498 0.0148417 0.0006013 0.0006213 0.0750915 0.0006802 0.0097892 0.0760376 0.0008579 0.0007915 0.0005273 0.0010556 0.0150563 0.0000010 0.0000000 0.0739994 0.0007913 0.0014534 0.0007256 0.0008575 0.0007336 0.0005274 0.0004614 0.0762253 0.0752507 0.0717872 0.0760459 0.0760376 0.0750915 0.0007911 0.0769617 0.0766715 0.0096801 0.0006595 0.0740280 0.0017016 0.0006595 0.0012445 0.0016519 0.0059382 0.0101360 
MW883598_Megalocytivirus_pagrus1_RSIV     0.0738750 0.0739609 0.0265659 0.0736778 0.0029375 0.0056583 0.0265659 0.0925489 0.0032770 0.0736375 0.0025338 0.0946276 0.0941254 0.0260609 0.0265787 0.0265806 0.0754709 0.0019937 0.0733351 0.0696458 0.0677746 0.0028019 0.0722767 0.0705907 0.0264357 0.0738993 0.0737908 0.0736158 0.0741221 0.0732384 0.0739994 0.0739994 0.0000000 0.0740898 0.0743227 0.0739610 0.0738740 0.0727901 0.0738547 0.0736778 0.0138741 0.0029368 0.0261645 0.0264379 0.0264357 0.0028019 0.0740790 0.0122643 0.0135856 0.0730805 0.0734622 0.0263339 0.0776362 0.0734622 0.0679748 0.0750899 0.0739793 0.0725414 
MW883599_Megalocytivirus_pagrus1_ISKNV    0.0009880 0.0010539 0.0748630 0.0004604 0.0755784 0.0783063 0.0748630 0.0932245 0.0754263 0.0013939 0.0752850 0.0967393 0.0963020 0.0745447 0.0752389 0.0752457 0.0019250 0.0763396 0.0148877 0.0006668 0.0006891 0.0751815 0.0008148 0.0098454 0.0761269 0.0008561 0.0007899 0.0006580 0.0009217 0.0151020 0.0007913 0.0007913 0.0740898 0.0000000 0.0014505 0.0005923 0.0008558 0.0009318 0.0006581 0.0004604 0.0763148 0.0753406 0.0718793 0.0761352 0.0761269 0.0751815 0.0009214 0.0770511 0.0768568 0.0098702 0.0006582 0.0741236 0.0018401 0.0006582 0.0011727 0.0017810 0.0059282 0.0101913 
MW883600_Megalocytivirus_pagrus1_ISKNV    0.0015174 0.0015836 0.0750960 0.0011203 0.0758723 0.0785324 0.0750960 0.0934122 0.0757201 0.0020616 0.0755784 0.0970010 0.0965628 0.0747773 0.0754724 0.0754792 0.0023267 0.0766350 0.0151764 0.0013375 0.0013807 0.0754747 0.0014967 0.0104180 0.0764203 0.0012532 0.0010544 0.0013184 0.0017152 0.0153911 0.0014534 0.0014534 0.0743227 0.0014505 0.0000000 0.0013850 0.0009881 0.0016004 0.0013187 0.0011203 0.0766093 0.0756340 0.0721718 0.0764286 0.0764203 0.0754747 0.0015825 0.0773466 0.0771595 0.0102889 0.0010547 0.0744125 0.0025528 0.0010547 0.0011732 0.0024453 0.0066067 0.0107606 
MW883601_Megalocytivirus_pagrus1_ISKNV    0.0010543 0.0011203 0.0747350 0.0003948 0.0754501 0.0781690 0.0747350 0.0932364 0.0752978 0.0012614 0.0751567 0.0967152 0.0962778 0.0744166 0.0751109 0.0751177 0.0018592 0.0762112 0.0148247 0.0006004 0.0006204 0.0750532 0.0007471 0.0097088 0.0759993 0.0007905 0.0007243 0.0005923 0.0009880 0.0150390 0.0007256 0.0007256 0.0739610 0.0005923 0.0013850 0.0000000 0.0007902 0.0008655 0.0005925 0.0003948 0.0761868 0.0752123 0.0717487 0.0760076 0.0759993 0.0750532 0.0008559 0.0769232 0.0767257 0.0098062 0.0005926 0.0740803 0.0016279 0.0005926 0.0011041 0.0015833 0.0058634 0.0101258 
MW883602_Megalocytivirus_pagrus1_ISKNV    0.0009222 0.0009882 0.0745770 0.0005264 0.0754220 0.0781380 0.0745770 0.0928265 0.0752697 0.0014608 0.0751287 0.0964869 0.0960503 0.0742586 0.0749529 0.0749596 0.0017258 0.0761828 0.0144736 0.0007338 0.0007583 0.0750252 0.0008831 0.0097053 0.0759003 0.0006585 0.0004606 0.0007240 0.0011198 0.0146876 0.0008575 0.0008575 0.0738740 0.0008558 0.0009881 0.0007902 0.0000000 0.0009320 0.0007242 0.0005264 0.0761087 0.0751843 0.0716483 0.0759086 0.0759003 0.0750252 0.0009876 0.0768449 0.0766965 0.0095989 0.0004607 0.0738901 0.0019116 0.0004607 0.0008274 0.0018477 0.0059285 0.0100522 
MW883603_Megalocytivirus_pagrus1_ISKNV    0.0012659 0.0013326 0.0732657 0.0005987 0.0742886 0.0768462 0.0732657 0.0920648 0.0741357 0.0014092 0.0739942 0.0949759 0.0945387 0.0731748 0.0737816 0.0737022 0.0020814 0.0750521 0.0144976 0.0007428 0.0006971 0.0738901 0.0007549 0.0093891 0.0747664 0.0009991 0.0009321 0.0006653 0.0011987 0.0147139 0.0007336 0.0007336 0.0727901 0.0009318 0.0016004 0.0008655 0.0009320 0.0000000 0.0006654 0.0005987 0.0749513 0.0740503 0.0703809 0.0747746 0.0747664 0.0738901 0.0009316 0.0756914 0.0755435 0.0092919 0.0007989 0.0727379 0.0017903 0.0007989 0.0013264 0.0017335 0.0054505 0.0097427 
MW883606_Megalocytivirus_pagrus1_ISKNV    0.0009881 0.0010541 0.0746286 0.0003289 0.0753430 0.0780522 0.0746286 0.0931217 0.0751908 0.0011281 0.0750499 0.0966047 0.0961678 0.0743105 0.0750043 0.0750111 0.0017923 0.0761035 0.0147533 0.0004667 0.0004822 0.0749464 0.0005431 0.0097050 0.0758923 0.0007244 0.0006583 0.0003947 0.0009218 0.0149675 0.0005274 0.0005274 0.0738547 0.0006581 0.0013187 0.0005925 0.0007242 0.0006654 0.0000000 0.0003289 0.0760794 0.0751054 0.0716426 0.0759006 0.0758923 0.0749464 0.0006579 0.0768153 0.0766152 0.0095987 0.0005266 0.0738830 0.0015565 0.0005266 0.0011039 0.0015167 0.0057940 0.0100519 
NC_003494_Megalocytivirus_pagrus1_ISKNV   0.0007901 0.0008560 0.0744520 0.0000010 0.0751654 0.0777702 0.0744520 0.0928336 0.0750131 0.0010615 0.0748725 0.0963123 0.0958762 0.0741340 0.0748274 0.0748342 0.0015923 0.0759251 0.0145418 0.0004000 0.0004133 0.0747691 0.0004751 0.0096339 0.0757151 0.0005266 0.0004606 0.0003288 0.0007239 0.0147558 0.0004614 0.0004614 0.0736778 0.0004604 0.0011203 0.0003948 0.0005264 0.0005987 0.0003289 0.0000000 0.0759016 0.0749281 0.0714649 0.0757234 0.0757151 0.0747691 0.0005920 0.0766371 0.0764326 0.0095298 0.0003289 0.0737056 0.0014855 0.0003289 0.0008964 0.0014505 0.0057264 0.0099812 
OK042108_Megalocytivirus_pagrus1_RSIV     0.0761594 0.0762457 0.0140955 0.0759016 0.0132855 0.0170562 0.0140955 0.0918515 0.0135185 0.0764215 0.0128577 0.0942649 0.0935941 0.0135032 0.0139936 0.0139945 0.0777672 0.0133148 0.0758965 0.0721040 0.0702942 0.0130053 0.0745596 0.0742375 0.0124509 0.0761858 0.0760749 0.0758398 0.0763481 0.0761448 0.0762253 0.0762253 0.0138741 0.0763148 0.0766093 0.0761868 0.0761087 0.0749513 0.0760794 0.0759016 0.0000000 0.0131492 0.0119244 0.0124519 0.0124509 0.0130053 0.0763036 0.0032639 0.0050884 0.0756806 0.0759096 0.0135721 0.0800335 0.0759096 0.0705578 0.0773200 0.0761411 0.0749518 
OK042109_Megalocytivirus_pagrus1_RSIV     0.0751852 0.0752713 0.0272662 0.0749281 0.0013259 0.0039619 0.0272662 0.0929780 0.0007296 0.0755004 0.0009270 0.0947734 0.0942711 0.0267593 0.0272786 0.0272805 0.0767871 0.0014619 0.0744183 0.0709015 0.0690631 0.0002647 0.0735600 0.0726727 0.0260855 0.0752107 0.0751009 0.0750273 0.0753734 0.0746659 0.0752507 0.0752507 0.0029368 0.0753406 0.0756340 0.0752123 0.0751843 0.0740503 0.0751054 0.0749281 0.0131492 0.0000000 0.0258083 0.0260877 0.0260855 0.0002647 0.0753296 0.0111209 0.0137623 0.0741628 0.0747719 0.0259793 0.0788948 0.0747719 0.0693257 0.0763431 0.0750610 0.0736335 
OL774653_Megalocytivirus_pagrus1_RSIV     0.0717226 0.0718088 0.0044266 0.0714649 0.0262519 0.0291793 0.0044266 0.0834409 0.0262180 0.0719774 0.0257868 0.0864663 0.0858121 0.0038003 0.0043477 0.0043480 0.0718047 0.0263111 0.0719998 0.0686769 0.0661447 0.0256524 0.0693853 0.0700427 0.0000672 0.0715659 0.0716378 0.0714810 0.0719110 0.0720914 0.0717872 0.0717872 0.0261645 0.0718793 0.0721718 0.0717487 0.0716483 0.0703809 0.0716426 0.0714649 0.0119244 0.0258083 0.0000000 0.0000672 0.0000672 0.0256524 0.0718688 0.0138659 0.0153764 0.0716932 0.0714721 0.0040073 0.0749048 0.0714721 0.0665001 0.0727907 0.0717181 0.0707731 
OL774654_Megalocytivirus_pagrus1_RSIV     0.0759803 0.0760663 0.0042737 0.0757234 0.0265231 0.0294126 0.0042737 0.0888692 0.0264903 0.0762411 0.0260665 0.0917463 0.0910855 0.0037271 0.0042640 0.0042643 0.0775820 0.0265817 0.0762640 0.0730914 0.0706970 0.0259348 0.0737750 0.0744300 0.0001322 0.0760064 0.0758961 0.0758226 0.0761683 0.0763555 0.0760459 0.0760459 0.0264379 0.0761352 0.0764286 0.0760076 0.0759086 0.0747746 0.0759006 0.0757234 0.0124519 0.0260877 0.0000672 0.0000000 0.0001322 0.0259348 0.0761241 0.0143603 0.0158565 0.0759545 0.0757313 0.0038603 0.0795544 0.0757313 0.0709608 0.0771369 0.0759725 0.0751423 
OL774655_Megalocytivirus_pagrus1_RSIV     0.0759720 0.0760580 0.0042734 0.0757151 0.0265209 0.0294099 0.0042734 0.0888589 0.0264881 0.0762328 0.0260643 0.0917355 0.0910749 0.0037269 0.0042637 0.0042640 0.0775735 0.0265795 0.0762556 0.0730834 0.0706891 0.0259327 0.0737668 0.0744216 0.0000010 0.0759980 0.0758878 0.0758143 0.0761600 0.0763471 0.0760376 0.0760376 0.0264357 0.0761269 0.0764203 0.0759993 0.0759003 0.0747664 0.0758923 0.0757151 0.0124509 0.0260855 0.0000672 0.0001322 0.0000000 0.0259327 0.0761158 0.0143592 0.0158553 0.0759462 0.0757230 0.0038601 0.0795450 0.0757230 0.0709529 0.0771285 0.0759642 0.0751339 
ON075463_Megalocytivirus_pagrus1_RSIV     0.0750262 0.0751122 0.0271116 0.0747691 0.0011928 0.0038159 0.0271116 0.0928825 0.0005967 0.0753410 0.0007942 0.0947735 0.0942713 0.0266053 0.0271244 0.0271263 0.0766272 0.0013284 0.0743071 0.0707421 0.0688997 0.0000010 0.0733970 0.0726443 0.0259327 0.0750515 0.0749418 0.0748683 0.0752143 0.0745546 0.0750915 0.0750915 0.0028019 0.0751815 0.0754747 0.0750532 0.0750252 0.0738901 0.0749464 0.0747691 0.0130053 0.0002647 0.0256524 0.0259348 0.0259327 0.0000000 0.0751705 0.0109835 0.0136213 0.0740519 0.0746129 0.0258249 0.0787232 0.0746129 0.0691622 0.0761836 0.0749497 0.0735205 
ON212400_Megalocytivirus_pagrus1_ISKNV    0.0012518 0.0013178 0.0748521 0.0005920 0.0755674 0.0782938 0.0748521 0.0934368 0.0754152 0.0013271 0.0752740 0.0967704 0.0963331 0.0745339 0.0752279 0.0752347 0.0020579 0.0763284 0.0150263 0.0007334 0.0007579 0.0751705 0.0008146 0.0099130 0.0761158 0.0009880 0.0009217 0.0006578 0.0011853 0.0152407 0.0007911 0.0007911 0.0740790 0.0009214 0.0015825 0.0008559 0.0009876 0.0009316 0.0006579 0.0005920 0.0763036 0.0753296 0.0718688 0.0761241 0.0761158 0.0751705 0.0000000 0.0770397 0.0768452 0.0098681 0.0007899 0.0741917 0.0017687 0.0007899 0.0013800 0.0017807 0.0060610 0.0103282 
ON740976_Megalocytivirus_pagrus1_RSIV     0.0768955 0.0769820 0.0158774 0.0766371 0.0118211 0.0154561 0.0158774 0.0923183 0.0114890 0.0771594 0.0113963 0.0940290 0.0933586 0.0152767 0.0157719 0.0157729 0.0785085 0.0118462 0.0762578 0.0726104 0.0708130 0.0109835 0.0753132 0.0745641 0.0143592 0.0769226 0.0768109 0.0767370 0.0770847 0.0765064 0.0769617 0.0769617 0.0122643 0.0770511 0.0773466 0.0769232 0.0768449 0.0756914 0.0768153 0.0766371 0.0032639 0.0111209 0.0138659 0.0143603 0.0143592 0.0109835 0.0770397 0.0000000 0.0053007 0.0760003 0.0764808 0.0152951 0.0806308 0.0764808 0.0710770 0.0780588 0.0768297 0.0752780 
ON743042_Megalocytivirus_pagrus1_RSIV     0.0766031 0.0766917 0.0139698 0.0764326 0.0139112 0.0178264 0.0139698 0.0915448 0.0141460 0.0769674 0.0134745 0.0938726 0.0931861 0.0133612 0.0138675 0.0138684 0.0783499 0.0139429 0.0764256 0.0723043 0.0704528 0.0136213 0.0750690 0.0746027 0.0158553 0.0767249 0.0766106 0.0763692 0.0767968 0.0766805 0.0766715 0.0766715 0.0135856 0.0768568 0.0771595 0.0767257 0.0766965 0.0755435 0.0766152 0.0764326 0.0050884 0.0137623 0.0153764 0.0158565 0.0158553 0.0136213 0.0768452 0.0053007 0.0000000 0.0759956 0.0762042 0.0126263 0.0806271 0.0762042 0.0707233 0.0778007 0.0765466 0.0750940 
OP009387_Megalocytivirus_pagrus1_ISKNV    0.0099439 0.0100122 0.0747362 0.0095298 0.0744476 0.0774971 0.0747362 0.0921425 0.0742950 0.0102906 0.0741552 0.0960084 0.0955725 0.0743728 0.0750676 0.0750743 0.0108259 0.0752055 0.0054670 0.0098073 0.0101305 0.0740519 0.0097690 0.0011564 0.0759462 0.0096726 0.0096012 0.0095969 0.0101447 0.0056709 0.0096801 0.0096801 0.0730805 0.0098702 0.0102889 0.0098062 0.0095989 0.0092919 0.0095987 0.0095298 0.0756806 0.0741628 0.0716932 0.0759545 0.0759462 0.0740519 0.0098681 0.0760003 0.0759956 0.0000000 0.0094657 0.0741960 0.0108236 0.0094657 0.0104935 0.0107654 0.0046421 0.0015538 
OP896201_Megalocytivirus_pagrus1_ISKNV    0.0007245 0.0007904 0.0744005 0.0003289 0.0750092 0.0776914 0.0744005 0.0926865 0.0748568 0.0012614 0.0747163 0.0963457 0.0959094 0.0740825 0.0747761 0.0747828 0.0015265 0.0757684 0.0144785 0.0006003 0.0006204 0.0746129 0.0006792 0.0095677 0.0757230 0.0004609 0.0003949 0.0005265 0.0009220 0.0146925 0.0006595 0.0006595 0.0734622 0.0006582 0.0010547 0.0005926 0.0004607 0.0007989 0.0005266 0.0003289 0.0759096 0.0747719 0.0714721 0.0757313 0.0757230 0.0746129 0.0007899 0.0764808 0.0762042 0.0094657 0.0000000 0.0737132 0.0016989 0.0000010 0.0008278 0.0016495 0.0057959 0.0097676 
OQ475017_Megalocytivirus_pagrus1_RSIV     0.0739628 0.0740489 0.0031917 0.0737056 0.0265714 0.0284883 0.0031917 0.0851657 0.0259921 0.0737879 0.0261108 0.0885527 0.0880082 0.0025038 0.0030484 0.0030486 0.0755637 0.0272187 0.0747558 0.0715586 0.0695120 0.0258249 0.0720930 0.0717559 0.0038601 0.0739874 0.0738784 0.0738049 0.0741510 0.0748793 0.0740280 0.0740280 0.0263339 0.0741236 0.0744125 0.0740803 0.0738901 0.0727379 0.0738830 0.0737056 0.0135721 0.0259793 0.0040073 0.0038603 0.0038601 0.0258249 0.0741917 0.0152951 0.0126263 0.0741960 0.0737132 0.0000000 0.0773956 0.0737132 0.0697744 0.0751278 0.0740457 0.0738819 
OQ513807_Megalocytivirus_pagrus1_ISKNV    0.0021962 0.0022674 0.0787196 0.0014855 0.0791547 0.0824125 0.0787196 0.0971399 0.0784882 0.0022847 0.0788353 0.1003290 0.1000333 0.0783746 0.0791273 0.0791350 0.0030707 0.0799855 0.0163789 0.0015794 0.0016349 0.0787232 0.0017566 0.0109046 0.0795450 0.0019124 0.0018407 0.0015562 0.0021244 0.0166102 0.0017016 0.0017016 0.0776362 0.0018401 0.0025528 0.0016279 0.0019116 0.0017903 0.0015565 0.0014855 0.0800335 0.0788948 0.0749048 0.0795544 0.0795450 0.0787232 0.0017687 0.0806308 0.0806271 0.0108236 0.0016989 0.0773956 0.0000000 0.0016989 0.0023071 0.0000699 0.0067996 0.0112704 
OR356116_Megalocytivirus_pagrus1_ISKNV    0.0007245 0.0007904 0.0744005 0.0003289 0.0750092 0.0776914 0.0744005 0.0926865 0.0748568 0.0012614 0.0747163 0.0963457 0.0959094 0.0740825 0.0747761 0.0747828 0.0015265 0.0757684 0.0144785 0.0006003 0.0006204 0.0746129 0.0006792 0.0095677 0.0757230 0.0004609 0.0003949 0.0005265 0.0009220 0.0146925 0.0006595 0.0006595 0.0734622 0.0006582 0.0010547 0.0005926 0.0004607 0.0007989 0.0005266 0.0003289 0.0759096 0.0747719 0.0714721 0.0757313 0.0757230 0.0746129 0.0007899 0.0764808 0.0762042 0.0094657 0.0000010 0.0737132 0.0016989 0.0000000 0.0008278 0.0016495 0.0057959 0.0097676 
OR536350_Megalocytivirus_pagrus1_ISKNV    0.0013117 0.0013810 0.0695854 0.0008964 0.0695650 0.0738050 0.0695854 0.0873931 0.0697897 0.0018100 0.0692679 0.0903615 0.0899745 0.0692585 0.0699709 0.0699773 0.0021573 0.0703320 0.0127813 0.0011731 0.0011731 0.0691622 0.0012422 0.0104883 0.0709529 0.0010353 0.0008275 0.0011037 0.0015188 0.0129302 0.0012445 0.0012445 0.0679748 0.0011727 0.0011732 0.0011041 0.0008274 0.0013264 0.0011039 0.0008964 0.0705578 0.0693257 0.0665001 0.0709608 0.0709529 0.0691622 0.0013800 0.0710770 0.0707233 0.0104935 0.0008278 0.0697744 0.0023071 0.0008278 0.0000000 0.0022124 0.0065668 0.0108462 
OR670976_Megalocytivirus_pagrus1_ISKNV    0.0021130 0.0021793 0.0758626 0.0014505 0.0765824 0.0793947 0.0758626 0.0939501 0.0764302 0.0021947 0.0762875 0.0972500 0.0969812 0.0755421 0.0762400 0.0762469 0.0029274 0.0773478 0.0159461 0.0015381 0.0015878 0.0761836 0.0017010 0.0108395 0.0771285 0.0018484 0.0017816 0.0015164 0.0020461 0.0161616 0.0016519 0.0016519 0.0750899 0.0017810 0.0024453 0.0015833 0.0018477 0.0017335 0.0015167 0.0014505 0.0773200 0.0763431 0.0727907 0.0771369 0.0771285 0.0761836 0.0017807 0.0780588 0.0778007 0.0107654 0.0016495 0.0751278 0.0000699 0.0016495 0.0022124 0.0000000 0.0069428 0.0111796 
PP151097_Megalocytivirus_pagrus1_ISKNV    0.0062675 0.0063349 0.0748469 0.0057264 0.0752758 0.0780536 0.0748469 0.0924523 0.0751939 0.0065839 0.0750531 0.0963959 0.0959597 0.0744839 0.0751778 0.0751846 0.0071188 0.0761060 0.0096761 0.0058775 0.0060700 0.0749497 0.0061198 0.0040363 0.0759642 0.0059992 0.0059299 0.0057930 0.0063325 0.0098844 0.0059382 0.0059382 0.0739793 0.0059282 0.0066067 0.0058634 0.0059285 0.0054505 0.0057940 0.0057264 0.0761411 0.0750610 0.0717181 0.0759725 0.0759642 0.0749497 0.0060610 0.0768297 0.0765466 0.0046421 0.0057959 0.0740457 0.0067996 0.0057959 0.0065668 0.0069428 0.0000000 0.0044171 
PP974677_Megalocytivirus_pagrus1_ISKNV    0.0104064 0.0104765 0.0739876 0.0099812 0.0738524 0.0770545 0.0739876 0.0914847 0.0737681 0.0106917 0.0736260 0.0958786 0.0954323 0.0736175 0.0743275 0.0743343 0.0113141 0.0747126 0.0066454 0.0102023 0.0105477 0.0735205 0.0105323 0.0001389 0.0751339 0.0101281 0.0100546 0.0099802 0.0105425 0.0065010 0.0101360 0.0101360 0.0725414 0.0101913 0.0107606 0.0101258 0.0100522 0.0097427 0.0100519 0.0099812 0.0749518 0.0736335 0.0707731 0.0751423 0.0751339 0.0735205 0.0103282 0.0752780 0.0750940 0.0015538 0.0097676 0.0738819 0.0112704 0.0097676 0.0108462 0.0111796 0.0044171 0.0000000 
