39
MK637631_European_chub_iridovirus_ECIV                   0.0000000 1.8640282 4.1899487 1.8697676 1.8640282 0.8958353 1.8892998 1.8882868 1.8587062 1.8648127 1.8587062 4.3209580 1.8729434 4.4037303 1.8637867 1.8882868 1.8637867 1.8922774 6.2131783 4.4899249 4.1494062 0.8958353 1.8589572 4.5773737 1.9232359 1.8569808 1.8892998 1.8635116 2.0121318 1.8635116 1.8922774 1.8653845 1.8820599 1.8648127 1.8569808 1.8697676 1.8729434 5.3002720 4.0243621 
OP896201_Megalocytivirus_pagrus1_ISKNV                   1.8640282 0.0000000 3.4693588 0.0011698 0.0000010 1.8242690 0.0472345 0.0509836 0.0058696 0.0011701 0.0058696 3.4981574 0.0011704 3.0530560 0.0636702 0.0509836 0.0636702 0.0472823 4.1833722 3.7130918 3.3694727 1.8242690 0.0011693 3.7566558 0.1016802 0.0070484 0.0472345 0.0011712 0.7789692 0.0011712 0.0472823 0.0011701 0.0535900 0.0011701 0.0070484 0.0011698 0.0011704 3.5744141 3.4787420 
KX643370_Lymphocystivirus_sparus1_n/a                    4.1899487 3.4693588 0.0000000 3.4693588 3.4693588 4.1532727 3.4894387 3.4878781 3.4719251 3.4709697 3.4719251 2.6423627 3.4803137 2.5401048 3.5287299 3.4878781 3.5287299 3.4976157 2.6250713 2.4847182 0.1730950 4.1532727 3.4589085 2.3979082 3.6016687 3.4672885 3.4894387 3.4693588 3.8757959 3.4693588 3.4976157 3.4693588 3.4861022 3.4709697 3.4672885 3.4693588 3.4803137 2.5174958 1.8523537 
MW883596_Megalocytivirus_pagrus1_ISKNV                   1.8697676 0.0011698 3.4693588 0.0000000 0.0011698 1.8299652 0.0484776 0.0522319 0.0070480 0.0023429 0.0070480 3.4953538 0.0023434 3.0522281 0.0649379 0.0522319 0.0649379 0.0485266 4.1833722 3.7101211 3.3694727 1.8299652 0.0023414 3.7544176 0.1030524 0.0082284 0.0484776 0.0023450 0.7816457 0.0023450 0.0485266 0.0023429 0.0548441 0.0023429 0.0082284 0.0000010 0.0023434 3.5744141 3.4787420 
MW883603_Megalocytivirus_pagrus1_ISKNV                   1.8640282 0.0000010 3.4693588 0.0011698 0.0000000 1.8242690 0.0472345 0.0509836 0.0058696 0.0011701 0.0058696 3.4981574 0.0011704 3.0530560 0.0636702 0.0509836 0.0636702 0.0472823 4.1833722 3.7130918 3.3694727 1.8242690 0.0011693 3.7566558 0.1016802 0.0070484 0.0472345 0.0011712 0.7789692 0.0011712 0.0472823 0.0011701 0.0535900 0.0011701 0.0070484 0.0011698 0.0011704 3.5744141 3.4787420 
OM037668_Megalocytivirus_lates1_SDDV                     0.8958353 1.8242690 4.1532727 1.8299652 1.8242690 0.0000000 1.8495411 1.8507061 1.8201431 1.8250511 1.8201431 4.2302946 1.8331130 4.1113241 1.8343299 1.8507061 1.8343299 1.8513482 5.8377561 4.4814824 4.0011962 0.0000010 1.8192166 4.7879254 1.9248469 1.8192021 1.8495411 1.8323539 2.0663179 1.8323539 1.8513482 1.8246813 1.8373776 1.8250511 1.8192021 1.8299652 1.8331130 5.2909079 4.0576985 
OL774655_Megalocytivirus_pagrus1_RSIV                    1.8892998 0.0472345 3.4894387 0.0484776 0.0472345 1.8495411 0.0000000 0.0153984 0.0485245 0.0484896 0.0485245 3.4754093 0.0485049 3.1237765 0.0599863 0.0153984 0.0599863 0.0023478 4.2787955 3.7399164 3.4026934 1.8495411 0.0484583 3.8142554 0.0635554 0.0497724 0.0000010 0.0485327 0.7807934 0.0485327 0.0023478 0.0484896 0.0498958 0.0484896 0.0497724 0.0484776 0.0485049 3.6216953 3.4781397 
ON743042_Megalocytivirus_pagrus1_RSIV                    1.8882868 0.0509836 3.4878781 0.0522319 0.0509836 1.8507061 0.0153984 0.0000000 0.0522825 0.0522448 0.0522825 3.5077016 0.0522616 3.1178697 0.0625758 0.0000010 0.0625758 0.0141850 4.2592466 3.7075387 3.3759691 1.8507061 0.0522111 3.8063043 0.0464841 0.0535357 0.0153984 0.0522912 0.7852722 0.0522912 0.0141850 0.0522448 0.0524485 0.0522448 0.0535357 0.0522319 0.0522616 3.6651862 3.4914989 
MN432490_Megalocytivirus_pagrus1_ISKNV                   1.8587062 0.0058696 3.4719251 0.0070480 0.0058696 1.8201431 0.0485245 0.0522825 0.0000000 0.0070498 0.0000010 3.5052494 0.0070516 3.0516679 0.0635938 0.0522825 0.0635938 0.0485736 4.1643636 3.7152684 3.3709215 1.8201431 0.0070454 3.7608617 0.1017960 0.0011680 0.0485245 0.0070561 0.7715882 0.0070561 0.0485736 0.0046924 0.0535260 0.0070498 0.0011680 0.0070480 0.0070516 3.5780500 3.4808452 
OR536350_Megalocytivirus_pagrus1_ISKNV                   1.8648127 0.0011701 3.4709697 0.0023429 0.0011701 1.8250511 0.0484896 0.0522448 0.0070498 0.0000000 0.0070498 3.4996872 0.0023440 3.0543738 0.0649538 0.0522448 0.0649538 0.0485387 4.1854933 3.7147045 3.3710231 1.8250511 0.0023420 3.7583028 0.1030778 0.0082305 0.0484896 0.0023456 0.7776763 0.0023456 0.0485387 0.0023435 0.0548577 0.0000010 0.0082305 0.0023429 0.0023440 3.5761790 3.4802742 
OP009387_Megalocytivirus_pagrus1_ISKNV                   1.8587062 0.0058696 3.4719251 0.0070480 0.0058696 1.8201431 0.0485245 0.0522825 0.0000010 0.0070498 0.0000000 3.5052494 0.0070516 3.0516679 0.0635938 0.0522825 0.0635938 0.0485736 4.1643636 3.7152684 3.3709215 1.8201431 0.0070454 3.7608617 0.1017960 0.0011680 0.0485245 0.0070561 0.7715882 0.0070561 0.0485736 0.0046924 0.0535260 0.0070498 0.0011680 0.0070480 0.0070516 3.5780500 3.4808452 
AF303741_Iridovirus_chilo1_n/a                           4.3209580 3.4981574 2.6423627 3.4953538 3.4981574 4.2302946 3.4754093 3.5077016 3.5052494 3.4996872 3.5052494 0.0000000 3.5086146 0.7777258 3.5928148 3.5077016 3.5928148 3.4934989 3.3634830 1.3979729 2.5571527 4.2302946 3.4882469 1.4760213 3.5696727 3.5056516 3.4754093 3.4981574 3.7766347 3.4981574 3.4934989 3.5089887 3.5416024 3.4996872 3.5056516 3.4953538 3.5086146 3.1118447 2.0999358 
OR670976_Megalocytivirus_pagrus1_ISKNV                   1.8729434 0.0011704 3.4803137 0.0023434 0.0011704 1.8331130 0.0485049 0.0522616 0.0070516 0.0023440 0.0070516 3.5086146 0.0000000 3.0612994 0.0649760 0.0522616 0.0649760 0.0485540 4.1833722 3.7245434 3.3798187 1.8331130 0.0023426 3.7684381 0.1031209 0.0082326 0.0485049 0.0023461 0.7827037 0.0023461 0.0485540 0.0023440 0.0548755 0.0023440 0.0082326 0.0023434 0.0000010 3.5744141 3.4905871 
HF920637_Iridovirus_armadillidium1_n/a                   4.4037303 3.0530560 2.5401048 3.0522281 3.0530560 4.1113241 3.1237765 3.1178697 3.0516679 3.0543738 3.0516679 0.7777258 3.0612994 0.0000000 3.0850169 3.1178697 3.0850169 3.1086834 3.2787041 1.5798587 2.4269332 4.1113241 3.0609356 1.5934329 3.2519334 3.0489074 3.1237765 3.0530560 3.7877868 3.0530560 3.1086834 3.0625948 3.0613874 3.0543738 3.0489074 3.0522281 3.0612994 2.8265397 2.2004724 
MG570131_Megalocytivirus_pagrus1_TRBIV                   1.8637867 0.0636702 3.5287299 0.0649379 0.0636702 1.8343299 0.0599863 0.0625758 0.0635938 0.0649538 0.0635938 3.5928148 0.0649760 3.0850169 0.0000000 0.0625758 0.0000010 0.0625699 4.1811552 3.7158653 3.4284141 1.8343299 0.0649118 3.7853862 0.1145464 0.0648624 0.0599863 0.0650116 0.7814081 0.0650116 0.0625699 0.0649538 0.0226044 0.0649538 0.0648624 0.0649379 0.0649760 3.6967866 3.5166651 
AP017456_Megalocytivirus_pagrus1_RSIV                    1.8882868 0.0509836 3.4878781 0.0522319 0.0509836 1.8507061 0.0153984 0.0000010 0.0522825 0.0522448 0.0522825 3.5077016 0.0522616 3.1178697 0.0625758 0.0000000 0.0625758 0.0141850 4.2592466 3.7075387 3.3759691 1.8507061 0.0522111 3.8063043 0.0464841 0.0535357 0.0153984 0.0522912 0.7852722 0.0522912 0.0141850 0.0522448 0.0524485 0.0522448 0.0535357 0.0522319 0.0522616 3.6651862 3.4914989 
MG570132_Megalocytivirus_pagrus1_TRBIV                   1.8637867 0.0636702 3.5287299 0.0649379 0.0636702 1.8343299 0.0599863 0.0625758 0.0635938 0.0649538 0.0635938 3.5928148 0.0649760 3.0850169 0.0000010 0.0625758 0.0000000 0.0625699 4.1811552 3.7158653 3.4284141 1.8343299 0.0649118 3.7853862 0.1145464 0.0648624 0.0599863 0.0650116 0.7814081 0.0650116 0.0625699 0.0649538 0.0226044 0.0649538 0.0648624 0.0649379 0.0649760 3.6967866 3.5166651 
MK098185_Megalocytivirus_pagrus1_RSIV                    1.8922774 0.0472823 3.4976157 0.0485266 0.0472823 1.8513482 0.0023478 0.0141850 0.0485736 0.0485387 0.0485736 3.4934989 0.0485540 3.1086834 0.0625699 0.0141850 0.0625699 0.0000000 4.2809093 3.7311983 3.3998059 1.8513482 0.0485073 3.8125911 0.0621555 0.0498228 0.0023478 0.0485819 0.7817299 0.0485819 0.0000010 0.0485387 0.0524427 0.0485387 0.0498228 0.0485266 0.0485540 3.6180591 3.4852211 
NC_005946_Ranavirus_rana1_n/a                            6.2131783 4.1833722 2.6250713 4.1833722 4.1833722 5.8377561 4.2787955 4.2592466 4.1643636 4.1854933 4.1643636 3.3634830 4.1833722 3.2787041 4.1811552 4.2592466 4.1811552 4.2809093 0.0000000 3.1100954 2.6618104 5.8377561 4.1847155 3.3697069 4.3308274 4.1800899 4.2787955 4.1833722 4.4293258 4.1833722 4.2809093 4.1833722 4.1659880 4.1854933 4.1800899 4.1833722 4.1833722 1.1472199 3.3529900 
HF920633_Chloriridovirus_simulium1_n/a                   4.4899249 3.7130918 2.4847182 3.7101211 3.7130918 4.4814824 3.7399164 3.7075387 3.7152684 3.7147045 3.7152684 1.3979729 3.7245434 1.5798587 3.7158653 3.7075387 3.7158653 3.7311983 3.1100954 0.0000000 2.3667428 4.4814824 3.7092115 0.6110172 3.6710344 3.7147120 3.7399164 3.7130918 4.0602503 3.7130918 3.7311983 3.7130918 3.7452836 3.7147045 3.7147120 3.7101211 3.7245434 3.0860783 2.1516722 
MN803438_Lymphocystivirus_micropogonias1_n/a             4.1494062 3.3694727 0.1730950 3.3694727 3.3694727 4.0011962 3.4026934 3.3759691 3.3709215 3.3710231 3.3709215 2.5571527 3.3798187 2.4269332 3.4284141 3.3759691 3.4284141 3.3998059 2.6618104 2.3667428 0.0000000 4.0011962 3.3593673 2.3054409 3.4743814 3.3664373 3.4026934 3.3694727 3.9614228 3.3694727 3.3998059 3.3694727 3.3676926 3.3710231 3.3664373 3.3694727 3.3798187 2.4451257 1.8621001 
MT521409_Megalocytivirus_lates1_SDDV                     0.8958353 1.8242690 4.1532727 1.8299652 1.8242690 0.0000010 1.8495411 1.8507061 1.8201431 1.8250511 1.8201431 4.2302946 1.8331130 4.1113241 1.8343299 1.8507061 1.8343299 1.8513482 5.8377561 4.4814824 4.0011962 0.0000000 1.8192166 4.7879254 1.9248469 1.8192021 1.8495411 1.8323539 2.0663179 1.8323539 1.8513482 1.8246813 1.8373776 1.8250511 1.8192021 1.8299652 1.8331130 5.2909079 4.0576985 
ON212400_Megalocytivirus_pagrus1_ISKNV                   1.8589572 0.0011693 3.4589085 0.0023414 0.0011693 1.8192166 0.0484583 0.0522111 0.0070454 0.0023420 0.0070454 3.4882469 0.0023426 3.0609356 0.0649118 0.0522111 0.0649118 0.0485073 4.1847155 3.7092115 3.3593673 1.8192166 0.0000000 3.7577273 0.1030080 0.0082253 0.0484583 0.0023441 0.7811454 0.0023441 0.0485073 0.0023420 0.0548222 0.0023420 0.0082253 0.0023414 0.0023426 3.5734380 3.4779070 
KF938901_Chloriridovirus_anopheles1_n/a                  4.5773737 3.7566558 2.3979082 3.7544176 3.7566558 4.7879254 3.8142554 3.8063043 3.7608617 3.7583028 3.7608617 1.4760213 3.7684381 1.5934329 3.7853862 3.8063043 3.7853862 3.8125911 3.3697069 0.6110172 2.3054409 4.7879254 3.7577273 0.0000000 3.7613196 3.7591606 3.8142554 3.7566558 3.9396489 3.7566558 3.8125911 3.7566558 3.8078943 3.7583028 3.7591606 3.7544176 3.7684381 3.2717177 2.1505309 
AY894343_Megalocytivirus_pagrus1_RSIV                    1.9232359 0.1016802 3.6016687 0.1030524 0.1016802 1.9248469 0.0635554 0.0464841 0.1017960 0.1030778 0.1017960 3.5696727 0.1031209 3.2519334 0.1145464 0.0464841 0.1145464 0.0621555 4.3308274 3.6710344 3.4743814 1.9248469 0.1030080 3.7613196 0.0000000 0.1020844 0.0635554 0.1016802 0.8777976 0.1016802 0.0621555 0.1030778 0.1033797 0.1030778 0.1020844 0.1030524 0.1031209 3.7769069 3.7025240 
PP974677_Megalocytivirus_pagrus1_ISKNV                   1.8569808 0.0070484 3.4672885 0.0082284 0.0070484 1.8192021 0.0497724 0.0535357 0.0011680 0.0082305 0.0011680 3.5056516 0.0082326 3.0489074 0.0648624 0.0535357 0.0648624 0.0498228 4.1800899 3.7147120 3.3664373 1.8192021 0.0082253 3.7591606 0.1020844 0.0000000 0.0497724 0.0082378 0.7741773 0.0082378 0.0498228 0.0058696 0.0547807 0.0082305 0.0000010 0.0082284 0.0082326 3.5914401 3.4924233 
OL774653_Megalocytivirus_pagrus1_RSIV                    1.8892998 0.0472345 3.4894387 0.0484776 0.0472345 1.8495411 0.0000010 0.0153984 0.0485245 0.0484896 0.0485245 3.4754093 0.0485049 3.1237765 0.0599863 0.0153984 0.0599863 0.0023478 4.2787955 3.7399164 3.4026934 1.8495411 0.0484583 3.8142554 0.0635554 0.0497724 0.0000000 0.0485327 0.7807934 0.0485327 0.0023478 0.0484896 0.0498958 0.0484896 0.0497724 0.0484776 0.0485049 3.6216953 3.4781397 
MT128667_Megalocytivirus_pagrus1_ISKNV                   1.8635116 0.0011712 3.4693588 0.0023450 0.0011712 1.8323539 0.0485327 0.0522912 0.0070561 0.0023456 0.0070561 3.4981574 0.0023461 3.0530560 0.0650116 0.0522912 0.0650116 0.0485819 4.1833722 3.7130918 3.3694727 1.8323539 0.0023441 3.7566558 0.1016802 0.0082378 0.0485327 0.0000000 0.7804742 0.0000010 0.0485819 0.0023456 0.0549065 0.0023456 0.0082378 0.0023450 0.0023461 3.5744141 3.4787420 
PQ335173_PQ335174_Threespine_stickleback_iridovirus_TSIV 2.0121318 0.7789692 3.8757959 0.7816457 0.7789692 2.0663179 0.7807934 0.7852722 0.7715882 0.7776763 0.7715882 3.7766347 0.7827037 3.7877868 0.7814081 0.7852722 0.7814081 0.7817299 4.4293258 4.0602503 3.9614228 2.0663179 0.7811454 3.9396489 0.8777976 0.7741773 0.7807934 0.7804742 0.0000000 0.7804742 0.7817299 0.7776763 0.7811011 0.7776763 0.7741773 0.7816457 0.7827037 4.1539892 3.9283001 
MT128666_Megalocytivirus_pagrus1_ISKNV                   1.8635116 0.0011712 3.4693588 0.0023450 0.0011712 1.8323539 0.0485327 0.0522912 0.0070561 0.0023456 0.0070561 3.4981574 0.0023461 3.0530560 0.0650116 0.0522912 0.0650116 0.0485819 4.1833722 3.7130918 3.3694727 1.8323539 0.0023441 3.7566558 0.1016802 0.0082378 0.0485327 0.0000010 0.7804742 0.0000000 0.0485819 0.0023456 0.0549065 0.0023456 0.0082378 0.0023450 0.0023461 3.5744141 3.4787420 
AB104413_Megalocytivirus_pagrus1_RSIV                    1.8922774 0.0472823 3.4976157 0.0485266 0.0472823 1.8513482 0.0023478 0.0141850 0.0485736 0.0485387 0.0485736 3.4934989 0.0485540 3.1086834 0.0625699 0.0141850 0.0625699 0.0000010 4.2809093 3.7311983 3.3998059 1.8513482 0.0485073 3.8125911 0.0621555 0.0498228 0.0023478 0.0485819 0.7817299 0.0485819 0.0000000 0.0485387 0.0524427 0.0485387 0.0498228 0.0485266 0.0485540 3.6180591 3.4852211 
PP151097_Megalocytivirus_pagrus1_ISKNV                   1.8653845 0.0011701 3.4693588 0.0023429 0.0011701 1.8246813 0.0484896 0.0522448 0.0046924 0.0023435 0.0046924 3.5089887 0.0023440 3.0625948 0.0649538 0.0522448 0.0649538 0.0485387 4.1833722 3.7130918 3.3694727 1.8246813 0.0023420 3.7566558 0.1030778 0.0058696 0.0484896 0.0023456 0.7776763 0.0023456 0.0485387 0.0000000 0.0548577 0.0023435 0.0058696 0.0023429 0.0023440 3.5744141 3.4787420 
GQ273492_Megalocytivirus_pagrus1_TRBIV                   1.8820599 0.0535900 3.4861022 0.0548441 0.0535900 1.8373776 0.0498958 0.0524485 0.0535260 0.0548577 0.0535260 3.5416024 0.0548755 3.0613874 0.0226044 0.0524485 0.0226044 0.0524427 4.1659880 3.7452836 3.3676926 1.8373776 0.0548222 3.8078943 0.1033797 0.0547807 0.0498958 0.0549065 0.7811011 0.0549065 0.0524427 0.0548577 0.0000000 0.0548577 0.0547807 0.0548441 0.0548755 3.6450566 3.5210271 
MW883600_Megalocytivirus_pagrus1_ISKNV                   1.8648127 0.0011701 3.4709697 0.0023429 0.0011701 1.8250511 0.0484896 0.0522448 0.0070498 0.0000010 0.0070498 3.4996872 0.0023440 3.0543738 0.0649538 0.0522448 0.0649538 0.0485387 4.1854933 3.7147045 3.3710231 1.8250511 0.0023420 3.7583028 0.1030778 0.0082305 0.0484896 0.0023456 0.7776763 0.0023456 0.0485387 0.0023435 0.0548577 0.0000000 0.0082305 0.0023429 0.0023440 3.5761790 3.4802742 
MT986830_Megalocytivirus_pagrus1_ISKNV                   1.8569808 0.0070484 3.4672885 0.0082284 0.0070484 1.8192021 0.0497724 0.0535357 0.0011680 0.0082305 0.0011680 3.5056516 0.0082326 3.0489074 0.0648624 0.0535357 0.0648624 0.0498228 4.1800899 3.7147120 3.3664373 1.8192021 0.0082253 3.7591606 0.1020844 0.0000010 0.0497724 0.0082378 0.7741773 0.0082378 0.0498228 0.0058696 0.0547807 0.0082305 0.0000000 0.0082284 0.0082326 3.5914401 3.4924233 
MW883597_Megalocytivirus_pagrus1_ISKNV                   1.8697676 0.0011698 3.4693588 0.0000010 0.0011698 1.8299652 0.0484776 0.0522319 0.0070480 0.0023429 0.0070480 3.4953538 0.0023434 3.0522281 0.0649379 0.0522319 0.0649379 0.0485266 4.1833722 3.7101211 3.3694727 1.8299652 0.0023414 3.7544176 0.1030524 0.0082284 0.0484776 0.0023450 0.7816457 0.0023450 0.0485266 0.0023429 0.0548441 0.0023429 0.0082284 0.0000000 0.0023434 3.5744141 3.4787420 
OQ513807_Megalocytivirus_pagrus1_ISKNV                   1.8729434 0.0011704 3.4803137 0.0023434 0.0011704 1.8331130 0.0485049 0.0522616 0.0070516 0.0023440 0.0070516 3.5086146 0.0000010 3.0612994 0.0649760 0.0522616 0.0649760 0.0485540 4.1833722 3.7245434 3.3798187 1.8331130 0.0023426 3.7684381 0.1031209 0.0082326 0.0485049 0.0023461 0.7827037 0.0023461 0.0485540 0.0023440 0.0548755 0.0023440 0.0082326 0.0023434 0.0000000 3.5744141 3.4905871 
AY521625_Ranavirus_epinephelus1_n/a                      5.3002720 3.5744141 2.5174958 3.5744141 3.5744141 5.2909079 3.6216953 3.6651862 3.5780500 3.5761790 3.5780500 3.1118447 3.5744141 2.8265397 3.6967866 3.6651862 3.6967866 3.6180591 1.1472199 3.0860783 2.4451257 5.2909079 3.5734380 3.2717177 3.7769069 3.5914401 3.6216953 3.5744141 4.1539892 3.5744141 3.6180591 3.5744141 3.6450566 3.5761790 3.5914401 3.5744141 3.5744141 0.0000000 3.0196267 
MF599468_Decapodiridovirus_litopenaeus1_n/a              4.0243621 3.4787420 1.8523537 3.4787420 3.4787420 4.0576985 3.4781397 3.4914989 3.4808452 3.4802742 3.4808452 2.0999358 3.4905871 2.2004724 3.5166651 3.4914989 3.5166651 3.4852211 3.3529900 2.1516722 1.8621001 4.0576985 3.4779070 2.1505309 3.7025240 3.4924233 3.4781397 3.4787420 3.9283001 3.4787420 3.4852211 3.4787420 3.5210271 3.4802742 3.4924233 3.4787420 3.4905871 3.0196267 0.0000000 
