38
OP896201_Megalocytivirus_pagrus1_ISKNV                   0.0000000 3.5462874 0.0011696 0.0000010 1.8558543 0.0472674 0.0510212 0.0058700 0.0011699 0.0058700 3.5806940 0.0011702 3.1200997 0.0637259 0.0510212 0.0637259 0.0473164 4.2838009 3.8092167 3.4416540 1.8558543 0.0011691 3.8535400 0.1018951 0.0070490 0.0472674 0.0011710 0.7862847 0.0011710 0.0473164 0.0011699 0.0536332 0.0011699 0.0070490 0.0011696 0.0011702 3.6536339 3.5667910 
KX643370_Lymphocystivirus_sparus1_n/a                    3.5462874 0.0000000 3.5462874 3.5462874 4.2623099 3.5669568 3.5662826 3.5489131 3.5479063 3.5489131 2.6958082 3.5575100 2.5901874 3.6080179 3.5662826 3.6080179 3.5756835 2.6782360 2.5334021 0.1735790 4.2623099 3.5351283 2.4445085 3.6824080 3.5441890 3.5669568 3.5462874 3.9629514 3.5462874 3.5756835 3.5462874 3.5638684 3.5479063 3.5441890 3.5462874 3.5575100 2.5669379 1.8839830 
MW883596_Megalocytivirus_pagrus1_ISKNV                   0.0011696 3.5462874 0.0000000 0.0011696 1.8617053 0.0485125 0.0522716 0.0070488 0.0023430 0.0070488 3.5778537 0.0023436 3.1192249 0.0649964 0.0522716 0.0649964 0.0485627 4.2838009 3.8061974 3.4416540 1.8617053 0.0023415 3.8512563 0.1032728 0.0082294 0.0485125 0.0023451 0.7890060 0.0023451 0.0485627 0.0023430 0.0548897 0.0023430 0.0082294 0.0000010 0.0023436 3.6536339 3.5667910 
MW883603_Megalocytivirus_pagrus1_ISKNV                   0.0000010 3.5462874 0.0011696 0.0000000 1.8558543 0.0472674 0.0510212 0.0058700 0.0011699 0.0058700 3.5806940 0.0011702 3.1200997 0.0637259 0.0510212 0.0637259 0.0473164 4.2838009 3.8092167 3.4416540 1.8558543 0.0011691 3.8535400 0.1018951 0.0070490 0.0472674 0.0011710 0.7862847 0.0011710 0.0473164 0.0011699 0.0536332 0.0011699 0.0070490 0.0011696 0.0011702 3.6536339 3.5667910 
OM037668_Megalocytivirus_lates1_SDDV                     1.8558543 4.2623099 1.8617053 1.8558543 0.0000000 1.8818072 1.8832155 1.8516875 1.8566470 1.8516875 4.3351894 1.8649594 4.2181974 1.8663656 1.8832155 1.8663656 1.8837249 6.0011453 4.6037087 4.1004666 0.0000010 1.8506653 4.9286625 1.9595130 1.8507305 1.8818072 1.8641518 2.1048428 1.8641518 1.8837249 1.8562650 1.8694442 1.8566470 1.8507305 1.8617053 1.8649594 5.4273454 4.1628387 
OL774655_Megalocytivirus_pagrus1_RSIV                    0.0472674 3.5669568 0.0485125 0.0472674 1.8818072 0.0000000 0.0154013 0.0485609 0.0485239 0.0485609 3.5565338 0.0485404 3.1929726 0.0600356 0.0154013 0.0600356 0.0023488 4.3815513 3.8359755 3.4763606 1.8818072 0.0484926 3.9122062 0.0636531 0.0498102 0.0000010 0.0485688 0.7880815 0.0485688 0.0023488 0.0485239 0.0499335 0.0485239 0.0498102 0.0485125 0.0485404 3.7009855 3.5650283 
ON743042_Megalocytivirus_pagrus1_RSIV                    0.0510212 3.5662826 0.0522716 0.0510212 1.8832155 0.0154013 0.0000000 0.0523237 0.0522838 0.0523237 3.5909650 0.0523019 3.1867546 0.0626284 0.0000010 0.0626284 0.0141872 4.3598967 3.8025079 3.4487518 1.8832155 0.0522501 3.9044016 0.0465476 0.0535785 0.0154013 0.0523322 0.7925964 0.0523322 0.0141872 0.0522838 0.0524892 0.0522838 0.0535785 0.0522716 0.0523019 3.7454549 3.5790280 
MN432490_Megalocytivirus_pagrus1_ISKNV                   0.0058700 3.5489131 0.0070488 0.0058700 1.8516875 0.0485609 0.0523237 0.0000000 0.0070505 0.0000010 3.5886307 0.0070523 3.1187506 0.0636491 0.0523237 0.0636491 0.0486112 4.2634348 3.8116427 3.4431329 1.8516875 0.0070460 3.8580339 0.1020157 0.0011678 0.0485609 0.0070570 0.7787801 0.0070570 0.0486112 0.0046927 0.0535688 0.0070505 0.0011678 0.0070488 0.0070523 3.6569173 3.5689293 
OR536350_Megalocytivirus_pagrus1_ISKNV                   0.0011699 3.5479063 0.0023430 0.0011699 1.8566470 0.0485239 0.0522838 0.0070505 0.0000000 0.0070505 3.5822360 0.0023441 3.1214264 0.0650114 0.0522838 0.0650114 0.0485741 4.2859359 3.8108503 3.4432111 1.8566470 0.0023421 3.8552084 0.1032965 0.0082314 0.0485239 0.0023457 0.7849695 0.0023457 0.0485741 0.0023435 0.0549025 0.0000010 0.0082314 0.0023430 0.0023441 3.6554022 3.5683423 
OP009387_Megalocytivirus_pagrus1_ISKNV                   0.0058700 3.5489131 0.0070488 0.0058700 1.8516875 0.0485609 0.0523237 0.0000010 0.0070505 0.0000000 3.5886307 0.0070523 3.1187506 0.0636491 0.0523237 0.0636491 0.0486112 4.2634348 3.8116427 3.4431329 1.8516875 0.0070460 3.8580339 0.1020157 0.0011678 0.0485609 0.0070570 0.7787801 0.0070570 0.0486112 0.0046927 0.0535688 0.0070505 0.0011678 0.0070488 0.0070523 3.6569173 3.5689293 
AF303741_Iridovirus_chilo1_n/a                           3.5806940 2.6958082 3.5778537 3.5806940 4.3351894 3.5565338 3.5909650 3.5886307 3.5822360 3.5886307 0.0000000 3.5914449 0.7860948 3.6790420 3.5909650 3.6790420 3.5754229 3.4374752 1.4188181 2.6072368 4.3351894 3.5700720 1.4985985 3.6551898 3.5890426 3.5565338 3.5806940 3.8672280 3.5806940 3.5754229 3.5923856 3.6259222 3.5822360 3.5890426 3.5778537 3.5914449 3.1758428 2.1375798 
OR670976_Megalocytivirus_pagrus1_ISKNV                   0.0011702 3.5575100 0.0023436 0.0011702 1.8649594 0.0485404 0.0523019 0.0070523 0.0023441 0.0070523 3.5914449 0.0000000 3.1285938 0.0650353 0.0523019 0.0650353 0.0485906 4.2838009 3.8210377 3.4522521 1.8649594 0.0023427 3.8656969 0.1033430 0.0082335 0.0485404 0.0023463 0.7901054 0.0023463 0.0485906 0.0023441 0.0549218 0.0023441 0.0082335 0.0023436 0.0000010 3.6536339 3.5790143 
HF920637_Iridovirus_armadillidium1_n/a                   3.1200997 2.5901874 3.1192249 3.1200997 4.2181974 3.1929726 3.1867546 3.1187506 3.1214264 3.1187506 0.7860948 3.1285938 0.0000000 3.1536762 3.1867546 3.1536762 3.1770777 3.3514185 1.6048536 2.4742480 4.2181974 3.1283786 1.6186498 3.3244470 3.1159511 3.1929726 3.1200997 3.8830987 3.1200997 3.1770777 3.1302590 3.1289032 3.1214264 3.1159511 3.1192249 3.1285938 2.8870752 2.2413081 
MG570131_Megalocytivirus_pagrus1_TRBIV                   0.0637259 3.6080179 0.0649964 0.0637259 1.8663656 0.0600356 0.0626284 0.0636491 0.0650114 0.0636491 3.6790420 0.0650353 3.1536762 0.0000000 0.0626284 0.0000010 0.0626231 4.2818969 3.8124478 3.5028452 1.8663656 0.0649693 3.8812296 0.1147967 0.0649193 0.0600356 0.0650717 0.7887342 0.0650717 0.0626231 0.0650114 0.0226109 0.0650114 0.0649193 0.0649964 0.0650353 3.7811837 3.6058155 
AP017456_Megalocytivirus_pagrus1_RSIV                    0.0510212 3.5662826 0.0522716 0.0510212 1.8832155 0.0154013 0.0000010 0.0523237 0.0522838 0.0523237 3.5909650 0.0523019 3.1867546 0.0626284 0.0000000 0.0626284 0.0141872 4.3598967 3.8025079 3.4487518 1.8832155 0.0522501 3.9044016 0.0465476 0.0535785 0.0154013 0.0523322 0.7925964 0.0523322 0.0141872 0.0522838 0.0524892 0.0522838 0.0535785 0.0522716 0.0523019 3.7454549 3.5790280 
MG570132_Megalocytivirus_pagrus1_TRBIV                   0.0637259 3.6080179 0.0649964 0.0637259 1.8663656 0.0600356 0.0626284 0.0636491 0.0650114 0.0636491 3.6790420 0.0650353 3.1536762 0.0000010 0.0626284 0.0000000 0.0626231 4.2818969 3.8124478 3.5028452 1.8663656 0.0649693 3.8812296 0.1147967 0.0649193 0.0600356 0.0650717 0.7887342 0.0650717 0.0626231 0.0650114 0.0226109 0.0650114 0.0649193 0.0649964 0.0650353 3.7811837 3.6058155 
MK098185_Megalocytivirus_pagrus1_RSIV                    0.0473164 3.5756835 0.0485627 0.0473164 1.8837249 0.0023488 0.0141872 0.0486112 0.0485741 0.0486112 3.5754229 0.0485906 3.1770777 0.0626231 0.0141872 0.0626231 0.0000000 4.3837045 3.8269818 3.4733567 1.8837249 0.0485428 3.9104518 0.0622490 0.0498618 0.0023488 0.0486192 0.7890257 0.0486192 0.0000010 0.0485741 0.0524838 0.0485741 0.0498618 0.0485627 0.0485906 3.6972387 3.5723263 
NC_005946_Ranavirus_rana1_n/a                            4.2838009 2.6782360 4.2838009 4.2838009 6.0011453 4.3815513 4.3598967 4.2634348 4.2859359 4.2634348 3.4374752 4.2838009 3.3514185 4.2818969 4.3598967 4.2818969 4.3837045 0.0000000 3.1774385 2.7150889 6.0011453 4.2851921 3.4447732 4.4342756 4.2804112 4.3815513 4.2838009 4.5299156 4.2838009 4.3837045 4.2838009 4.2640522 4.2859359 4.2804112 4.2838009 4.2838009 1.1624042 3.4322087 
HF920633_Chloriridovirus_simulium1_n/a                   3.8092167 2.5334021 3.8061974 3.8092167 4.6037087 3.8359755 3.8025079 3.8116427 3.8108503 3.8116427 1.4188181 3.8210377 1.6048536 3.8124478 3.8025079 3.8124478 3.8269818 3.1774385 0.0000000 2.4121551 4.6037087 3.8052488 0.6161892 3.7640328 3.8110840 3.8359755 3.8092167 4.1656603 3.8092167 3.8269818 3.8092167 3.8426201 3.8108503 3.8110840 3.8061974 3.8210377 3.1527799 2.1902856 
MN803438_Lymphocystivirus_micropogonias1_n/a             3.4416540 0.1735790 3.4416540 3.4416540 4.1004666 3.4763606 3.4487518 3.4431329 3.4432111 3.4431329 2.6072368 3.4522521 2.4742480 3.5028452 3.4487518 3.5028452 3.4733567 2.7150889 2.4121551 0.0000000 4.1004666 3.4309002 2.3495555 3.5492570 3.4385711 3.4763606 3.4416540 4.0523958 3.4416540 3.4733567 3.4416540 3.4403835 3.4432111 3.4385711 3.4416540 3.4522521 2.4918677 1.8939022 
MT521409_Megalocytivirus_lates1_SDDV                     1.8558543 4.2623099 1.8617053 1.8558543 0.0000010 1.8818072 1.8832155 1.8516875 1.8566470 1.8516875 4.3351894 1.8649594 4.2181974 1.8663656 1.8832155 1.8663656 1.8837249 6.0011453 4.6037087 4.1004666 0.0000000 1.8506653 4.9286625 1.9595130 1.8507305 1.8818072 1.8641518 2.1048428 1.8641518 1.8837249 1.8562650 1.8694442 1.8566470 1.8507305 1.8617053 1.8649594 5.4273454 4.1628387 
ON212400_Megalocytivirus_pagrus1_ISKNV                   0.0011691 3.5351283 0.0023415 0.0011691 1.8506653 0.0484926 0.0522501 0.0070460 0.0023421 0.0070460 3.5700720 0.0023427 3.1283786 0.0649693 0.0522501 0.0649693 0.0485428 4.2851921 3.8052488 3.4309002 1.8506653 0.0000000 3.8546517 0.1032267 0.0082261 0.0484926 0.0023442 0.7884871 0.0023442 0.0485428 0.0023421 0.0548670 0.0023421 0.0082261 0.0023415 0.0023427 3.6526939 3.5659765 
KF938901_Chloriridovirus_anopheles1_n/a                  3.8535400 2.4445085 3.8512563 3.8535400 4.9286625 3.9122062 3.9044016 3.8580339 3.8552084 3.8580339 1.4985985 3.8656969 1.6186498 3.8812296 3.9044016 3.8812296 3.9104518 3.4447732 0.6161892 2.3495555 4.9286625 3.8546517 0.0000000 3.8575847 3.8563120 3.9122062 3.8535400 4.0382944 3.8535400 3.9104518 3.8535400 3.9055241 3.8552084 3.8563120 3.8512563 3.8656969 3.3430935 2.1888913 
AY894343_Megalocytivirus_pagrus1_RSIV                    0.1018951 3.6824080 0.1032728 0.1018951 1.9595130 0.0636531 0.0465476 0.1020157 0.1032965 0.1020157 3.6551898 0.1033430 3.3244470 0.1147967 0.0465476 0.1147967 0.0622490 4.4342756 3.7640328 3.5492570 1.9595130 0.1032267 3.8575847 0.0000000 0.1023098 0.0636531 0.1018951 0.8869094 0.1018951 0.0622490 0.1032965 0.1035991 0.1032965 0.1023098 0.1032728 0.1033430 3.8601692 3.7978932 
PP974677_Megalocytivirus_pagrus1_ISKNV                   0.0070490 3.5441890 0.0082294 0.0070490 1.8507305 0.0498102 0.0535785 0.0011678 0.0082314 0.0011678 3.5890426 0.0082335 3.1159511 0.0649193 0.0535785 0.0649193 0.0498618 4.2804112 3.8110840 3.4385711 1.8507305 0.0082261 3.8563120 0.1023098 0.0000000 0.0498102 0.0082389 0.7813944 0.0082389 0.0498618 0.0058700 0.0548251 0.0082314 0.0000010 0.0082294 0.0082335 3.6711432 3.5813408 
OL774653_Megalocytivirus_pagrus1_RSIV                    0.0472674 3.5669568 0.0485125 0.0472674 1.8818072 0.0000010 0.0154013 0.0485609 0.0485239 0.0485609 3.5565338 0.0485404 3.1929726 0.0600356 0.0154013 0.0600356 0.0023488 4.3815513 3.8359755 3.4763606 1.8818072 0.0484926 3.9122062 0.0636531 0.0498102 0.0000000 0.0485688 0.7880815 0.0485688 0.0023488 0.0485239 0.0499335 0.0485239 0.0498102 0.0485125 0.0485404 3.7009855 3.5650283 
MT128667_Megalocytivirus_pagrus1_ISKNV                   0.0011710 3.5462874 0.0023451 0.0011710 1.8641518 0.0485688 0.0523322 0.0070570 0.0023457 0.0070570 3.5806940 0.0023463 3.1200997 0.0650717 0.0523322 0.0650717 0.0486192 4.2838009 3.8092167 3.4416540 1.8641518 0.0023442 3.8535400 0.1018951 0.0082389 0.0485688 0.0000000 0.7878518 0.0000010 0.0486192 0.0023457 0.0549535 0.0023457 0.0082389 0.0023451 0.0023463 3.6536339 3.5667910 
PQ335173_PQ335174_Threespine_stickleback_iridovirus_TSIV 0.7862847 3.9629514 0.7890060 0.7862847 2.1048428 0.7880815 0.7925964 0.7787801 0.7849695 0.7787801 3.8672280 0.7901054 3.8830987 0.7887342 0.7925964 0.7887342 0.7890257 4.5299156 4.1656603 4.0523958 2.1048428 0.7884871 4.0382944 0.8869094 0.7813944 0.7880815 0.7878518 0.0000000 0.7878518 0.7890257 0.7849695 0.7884665 0.7849695 0.7813944 0.7890060 0.7901054 4.2458281 4.0304210 
MT128666_Megalocytivirus_pagrus1_ISKNV                   0.0011710 3.5462874 0.0023451 0.0011710 1.8641518 0.0485688 0.0523322 0.0070570 0.0023457 0.0070570 3.5806940 0.0023463 3.1200997 0.0650717 0.0523322 0.0650717 0.0486192 4.2838009 3.8092167 3.4416540 1.8641518 0.0023442 3.8535400 0.1018951 0.0082389 0.0485688 0.0000010 0.7878518 0.0000000 0.0486192 0.0023457 0.0549535 0.0023457 0.0082389 0.0023451 0.0023463 3.6536339 3.5667910 
AB104413_Megalocytivirus_pagrus1_RSIV                    0.0473164 3.5756835 0.0485627 0.0473164 1.8837249 0.0023488 0.0141872 0.0486112 0.0485741 0.0486112 3.5754229 0.0485906 3.1770777 0.0626231 0.0141872 0.0626231 0.0000010 4.3837045 3.8269818 3.4733567 1.8837249 0.0485428 3.9104518 0.0622490 0.0498618 0.0023488 0.0486192 0.7890257 0.0486192 0.0000000 0.0485741 0.0524838 0.0485741 0.0498618 0.0485627 0.0485906 3.6972387 3.5723263 
PP151097_Megalocytivirus_pagrus1_ISKNV                   0.0011699 3.5462874 0.0023430 0.0011699 1.8562650 0.0485239 0.0522838 0.0046927 0.0023435 0.0046927 3.5923856 0.0023441 3.1302590 0.0650114 0.0522838 0.0650114 0.0485741 4.2838009 3.8092167 3.4416540 1.8562650 0.0023421 3.8535400 0.1032965 0.0058700 0.0485239 0.0023457 0.7849695 0.0023457 0.0485741 0.0000000 0.0549025 0.0023435 0.0058700 0.0023430 0.0023441 3.6536339 3.5667910 
GQ273492_Megalocytivirus_pagrus1_TRBIV                   0.0536332 3.5638684 0.0548897 0.0536332 1.8694442 0.0499335 0.0524892 0.0535688 0.0549025 0.0535688 3.6259222 0.0549218 3.1289032 0.0226109 0.0524892 0.0226109 0.0524838 4.2640522 3.8426201 3.4403835 1.8694442 0.0548670 3.9055241 0.1035991 0.0548251 0.0499335 0.0549535 0.7884665 0.0549535 0.0524838 0.0549025 0.0000000 0.0549025 0.0548251 0.0548897 0.0549218 3.7255767 3.6103795 
MW883600_Megalocytivirus_pagrus1_ISKNV                   0.0011699 3.5479063 0.0023430 0.0011699 1.8566470 0.0485239 0.0522838 0.0070505 0.0000010 0.0070505 3.5822360 0.0023441 3.1214264 0.0650114 0.0522838 0.0650114 0.0485741 4.2859359 3.8108503 3.4432111 1.8566470 0.0023421 3.8552084 0.1032965 0.0082314 0.0485239 0.0023457 0.7849695 0.0023457 0.0485741 0.0023435 0.0549025 0.0000000 0.0082314 0.0023430 0.0023441 3.6554022 3.5683423 
MT986830_Megalocytivirus_pagrus1_ISKNV                   0.0070490 3.5441890 0.0082294 0.0070490 1.8507305 0.0498102 0.0535785 0.0011678 0.0082314 0.0011678 3.5890426 0.0082335 3.1159511 0.0649193 0.0535785 0.0649193 0.0498618 4.2804112 3.8110840 3.4385711 1.8507305 0.0082261 3.8563120 0.1023098 0.0000010 0.0498102 0.0082389 0.7813944 0.0082389 0.0498618 0.0058700 0.0548251 0.0082314 0.0000000 0.0082294 0.0082335 3.6711432 3.5813408 
MW883597_Megalocytivirus_pagrus1_ISKNV                   0.0011696 3.5462874 0.0000010 0.0011696 1.8617053 0.0485125 0.0522716 0.0070488 0.0023430 0.0070488 3.5778537 0.0023436 3.1192249 0.0649964 0.0522716 0.0649964 0.0485627 4.2838009 3.8061974 3.4416540 1.8617053 0.0023415 3.8512563 0.1032728 0.0082294 0.0485125 0.0023451 0.7890060 0.0023451 0.0485627 0.0023430 0.0548897 0.0023430 0.0082294 0.0000000 0.0023436 3.6536339 3.5667910 
OQ513807_Megalocytivirus_pagrus1_ISKNV                   0.0011702 3.5575100 0.0023436 0.0011702 1.8649594 0.0485404 0.0523019 0.0070523 0.0023441 0.0070523 3.5914449 0.0000010 3.1285938 0.0650353 0.0523019 0.0650353 0.0485906 4.2838009 3.8210377 3.4522521 1.8649594 0.0023427 3.8656969 0.1033430 0.0082335 0.0485404 0.0023463 0.7901054 0.0023463 0.0485906 0.0023441 0.0549218 0.0023441 0.0082335 0.0023436 0.0000000 3.6536339 3.5790143 
AY521625_Ranavirus_epinephelus1_n/a                      3.6536339 2.5669379 3.6536339 3.6536339 5.4273454 3.7009855 3.7454549 3.6569173 3.6554022 3.6569173 3.1758428 3.6536339 2.8870752 3.7811837 3.7454549 3.7811837 3.6972387 1.1624042 3.1527799 2.4918677 5.4273454 3.6526939 3.3430935 3.8601692 3.6711432 3.7009855 3.6536339 4.2458281 3.6536339 3.6972387 3.6536339 3.7255767 3.6554022 3.6711432 3.6536339 3.6536339 0.0000000 3.0838770 
MF599468_Decapodiridovirus_litopenaeus1_n/a              3.5667910 1.8839830 3.5667910 3.5667910 4.1628387 3.5650283 3.5790280 3.5689293 3.5683423 3.5689293 2.1375798 3.5790143 2.2413081 3.6058155 3.5790280 3.6058155 3.5723263 3.4322087 2.1902856 1.8939022 4.1628387 3.5659765 2.1888913 3.7978932 3.5813408 3.5650283 3.5667910 4.0304210 3.5667910 3.5723263 3.5667910 3.6103795 3.5683423 3.5813408 3.5667910 3.5790143 3.0838770 0.0000000 
