14
KT804738_Megalocytivirus_pagrus1_RSIV  0.0000000 0.6833317 0.1951887 0.6833317 0.8304319 0.0000010 0.7799562 0.1985386 0.1985386 0.2572200 0.2858534 0.8304319 0.3828385 0.2858534 
ON212400_Megalocytivirus_pagrus1_ISKNV 0.6833317 0.0000000 0.9917196 0.0000010 0.0974691 0.6833317 0.0000010 0.4067399 0.4067399 1.0800709 0.7082874 0.0974691 0.4759477 0.7082874 
OK042109_Megalocytivirus_pagrus1_RSIV  0.1951887 0.9917196 0.0000000 0.9917196 1.0994871 0.1951887 0.9917196 0.4212168 0.4212168 0.2226270 0.7953842 1.0994871 0.6248566 0.7953842 
MW883603_Megalocytivirus_pagrus1_ISKNV 0.6833317 0.0000010 0.9917196 0.0000000 0.0974691 0.6833317 0.0000010 0.4067399 0.4067399 1.0800709 0.7082874 0.0974691 0.4759477 0.7082874 
OR356116_Megalocytivirus_pagrus1_ISKNV 0.8304319 0.0974691 1.0994871 0.0974691 0.0000000 0.8304319 0.0974691 0.6068095 0.6068095 1.4589929 0.8347301 0.0000010 0.8856418 0.8347301 
KC244182_Megalocytivirus_pagrus1_RSIV  0.0000010 0.6833317 0.1951887 0.6833317 0.8304319 0.0000000 0.7799562 0.1985386 0.1985386 0.2572200 0.2858534 0.8304319 0.3828385 0.2858534 
MW273353_Megalocytivirus_pagrus1_ISKNV 0.7799562 0.0000010 0.9917196 0.0000010 0.0974691 0.7799562 0.0000000 0.4067399 0.4067399 1.0800709 0.7903600 0.0974691 0.4759477 0.7903600 
MN432490_Megalocytivirus_pagrus1_ISKNV 0.1985386 0.4067399 0.4212168 0.4067399 0.6068095 0.1985386 0.4067399 0.0000000 0.0000010 0.5538058 0.5557793 0.6068095 0.1123245 0.5557793 
PP151097_Megalocytivirus_pagrus1_ISKNV 0.1985386 0.4067399 0.4212168 0.4067399 0.6068095 0.1985386 0.4067399 0.0000010 0.0000000 0.5538058 0.5557793 0.6068095 0.1123245 0.5557793 
GQ273492_Megalocytivirus_pagrus1_TRBIV 0.2572200 1.0800709 0.2226270 1.0800709 1.4589929 0.2572200 1.0800709 0.5538058 0.5538058 0.0000000 0.8866816 1.4589929 0.3741796 0.8866816 
MK098187_Megalocytivirus_pagrus1_RSIV  0.2858534 0.7082874 0.7953842 0.7082874 0.8347301 0.2858534 0.7903600 0.5557793 0.5557793 0.8866816 0.0000000 0.8347301 0.7727310 0.0000010 
OP896201_Megalocytivirus_pagrus1_ISKNV 0.8304319 0.0974691 1.0994871 0.0974691 0.0000010 0.8304319 0.0974691 0.6068095 0.6068095 1.4589929 0.8347301 0.0000000 0.8856418 0.8347301 
PP974677_Megalocytivirus_pagrus1_ISKNV 0.3828385 0.4759477 0.6248566 0.4759477 0.8856418 0.3828385 0.4759477 0.1123245 0.1123245 0.3741796 0.7727310 0.8856418 0.0000000 0.7727310 
MK098186_Megalocytivirus_pagrus1_RSIV  0.2858534 0.7082874 0.7953842 0.7082874 0.8347301 0.2858534 0.7903600 0.5557793 0.5557793 0.8866816 0.0000010 0.8347301 0.7727310 0.0000000 
