22
MK637631_European_chub_iridovirus_ECIV                   0.0000000 0.8241874 0.8252848 0.8241874 0.2940932 0.8163123 1.9900888 0.2940932 0.8209567 0.8163123 3.9688183 0.8201251 3.4606775 0.8197464 0.8209567 1.7875386 4.5632447 2.0092918 3.4726308 0.8197464 1.9578936 0.8292759 
MT986830_Megalocytivirus_pagrus1_ISKNV                   0.8241874 0.0000000 0.2528708 0.0000010 0.8245957 0.0171700 2.1070042 0.8245957 0.0170955 0.0171700 3.7731339 0.0085098 3.6903306 0.0259536 0.0170955 2.0667425 3.7399649 2.0291305 3.4447916 0.0259536 2.0168572 0.0259199 
PQ335173_PQ335174_Threespine_stickleback_iridovirus_TSIV 0.8252848 0.2528708 0.0000000 0.2528708 0.7337700 0.2274233 2.1731295 0.7337700 0.2531626 0.2274233 3.4866603 0.2404010 3.1630395 0.2404510 0.2531626 1.9367767 3.7151716 2.1109790 3.4609346 0.2404510 2.0036396 0.2405408 
ON740976_Megalocytivirus_pagrus1_RSIV                    0.8241874 0.0000010 0.2528708 0.0000000 0.8245957 0.0171700 2.1070042 0.8245957 0.0170955 0.0171700 3.7731339 0.0085098 3.6903306 0.0259536 0.0170955 2.0667425 3.7399649 2.0291305 3.4447916 0.0259536 2.0168572 0.0259199 
OM037668_Megalocytivirus_lates1_SDDV                     0.2940932 0.8245957 0.7337700 0.8245957 0.0000000 0.8169274 1.9445671 0.0000010 0.8214486 0.8169274 3.6614018 0.8206400 3.3517778 0.8382421 0.8214486 1.5740972 4.6109513 2.1236069 3.3814421 0.8382421 1.7939767 0.8295478 
MW883599_Megalocytivirus_pagrus1_ISKNV                   0.8163123 0.0171700 0.2274233 0.0171700 0.8169274 0.0000000 2.0925649 0.8169274 0.0171817 0.0000010 3.6513779 0.0085519 3.6263913 0.0085607 0.0171817 2.0013030 3.6500224 1.9453865 3.5302630 0.0085607 1.9538385 0.0085485 
AY521625_Ranavirus_epinephelus1_n/a                      1.9900888 2.1070042 2.1731295 2.1070042 1.9445671 2.0925649 0.0000000 1.9445671 2.0808855 2.0925649 2.6817080 2.0844159 3.2841192 2.1476970 2.0808855 1.9673914 5.1159772 0.9214664 3.2464023 2.1476970 1.9617964 2.0986766 
MN562489_Megalocytivirus_lates1_SDDV                     0.2940932 0.8245957 0.7337700 0.8245957 0.0000010 0.8169274 1.9445671 0.0000000 0.8214486 0.8169274 3.6614018 0.8206400 3.3517778 0.8382421 0.8214486 1.5740972 4.6109513 2.1236069 3.3814421 0.8382421 1.7939767 0.8295478 
MG570131_Megalocytivirus_pagrus1_TRBIV                   0.8209567 0.0170955 0.2531626 0.0170955 0.8214486 0.0171817 2.0808855 0.8214486 0.0000000 0.0171817 3.6138736 0.0085145 3.5963925 0.0259719 0.0000010 2.0031799 3.7536866 1.9903745 3.3960669 0.0259719 1.9478357 0.0259382 
23043610005_Megalocytivirus_pagrus1_ISKNV                0.8163123 0.0171700 0.2274233 0.0171700 0.8169274 0.0000010 2.0925649 0.8169274 0.0171817 0.0000000 3.6513779 0.0085519 3.6263913 0.0085607 0.0171817 2.0013030 3.6500224 1.9453865 3.5302630 0.0085607 1.9538385 0.0085485 
HF920637_Iridovirus_armadillidium1_n/a                   3.9688183 3.7731339 3.4866603 3.7731339 3.6614018 3.6513779 2.6817080 3.6614018 3.6138736 3.6513779 0.0000000 3.6441150 0.6950182 3.6562088 3.6138736 2.5805319 3.8084482 3.5521789 1.7130801 3.6562088 2.7379304 3.6513779 
GQ273492_Megalocytivirus_pagrus1_TRBIV                   0.8201251 0.0085098 0.2404010 0.0085098 0.8206400 0.0085519 2.0844159 0.8206400 0.0085145 0.0085519 3.6441150 0.0000000 3.6188436 0.0172376 0.0085145 2.0123300 3.7708011 1.9935388 3.4101799 0.0172376 1.9644490 0.0172141 
AF303741_Iridovirus_chilo1_n/a                           3.4606775 3.6903306 3.1630395 3.6903306 3.3517778 3.6263913 3.2841192 3.3517778 3.5963925 3.6263913 0.6950182 3.6188436 0.0000000 3.6314145 3.5963925 3.2970010 2.9604970 3.8696092 1.6322660 3.6314145 3.4647939 3.6263913 
MW883595_Megalocytivirus_pagrus1_ISKNV                   0.8197464 0.0259536 0.2404510 0.0259536 0.8382421 0.0085607 2.1476970 0.8382421 0.0259719 0.0085607 3.6562088 0.0172376 3.6314145 0.0000000 0.0259719 2.0529605 3.6549134 1.9948305 3.5606598 0.0000010 1.9564644 0.0172311 
MG570132_Megalocytivirus_pagrus1_TRBIV                   0.8209567 0.0170955 0.2531626 0.0170955 0.8214486 0.0171817 2.0808855 0.8214486 0.0000010 0.0171817 3.6138736 0.0085145 3.5963925 0.0259719 0.0000000 2.0031799 3.7536866 1.9903745 3.3960669 0.0259719 1.9478357 0.0259382 
MN803438_Lymphocystivirus_micropogonias1_n/a             1.7875386 2.0667425 1.9367767 2.0667425 1.5740972 2.0013030 1.9673914 1.5740972 2.0031799 2.0013030 2.5805319 2.0123300 3.2970010 2.0529605 2.0031799 0.0000000 4.3328726 2.1677402 3.3993950 2.0529605 0.1931643 1.9846959 
LS484712_Daphniairidovirus_daphnia1_n/a                  4.5632447 3.7399649 3.7151716 3.7399649 4.6109513 3.6500224 5.1159772 4.6109513 3.7536866 3.6500224 3.8084482 3.7708011 2.9604970 3.6549134 3.7536866 4.3328726 0.0000000 4.3431969 3.3660529 3.6549134 4.1748251 3.6573514 
NC_005946_Ranavirus_rana1_n/a                            2.0092918 2.0291305 2.1109790 2.0291305 2.1236069 1.9453865 0.9214664 2.1236069 1.9903745 1.9453865 3.5521789 1.9935388 3.8696092 1.9948305 1.9903745 2.1677402 4.3431969 0.0000000 3.7826117 1.9948305 2.1363968 1.9511751 
HF920633_Chloriridovirus_simulium1_n/a                   3.4726308 3.4447916 3.4609346 3.4447916 3.3814421 3.5302630 3.2464023 3.3814421 3.3960669 3.5302630 1.7130801 3.4101799 1.6322660 3.5606598 3.3960669 3.3993950 3.3660529 3.7826117 0.0000000 3.5606598 3.6393429 3.5354858 
OP009387_Megalocytivirus_pagrus1_ISKNV                   0.8197464 0.0259536 0.2404510 0.0259536 0.8382421 0.0085607 2.1476970 0.8382421 0.0259719 0.0085607 3.6562088 0.0172376 3.6314145 0.0000010 0.0259719 2.0529605 3.6549134 1.9948305 3.5606598 0.0000000 1.9564644 0.0172311 
KX643370_Lymphocystivirus_sparus1_n/a                    1.9578936 2.0168572 2.0036396 2.0168572 1.7939767 1.9538385 1.9617964 1.7939767 1.9478357 1.9538385 2.7379304 1.9644490 3.4647939 1.9564644 1.9478357 0.1931643 4.1748251 2.1363968 3.6393429 1.9564644 0.0000000 1.9375686 
MW273354_Megalocytivirus_pagrus1_ISKNV                   0.8292759 0.0259199 0.2405408 0.0259199 0.8295478 0.0085485 2.0986766 0.8295478 0.0259382 0.0085485 3.6513779 0.0172141 3.6263913 0.0172311 0.0259382 1.9846959 3.6573514 1.9511751 3.5354858 0.0172311 1.9375686 0.0000000 
