21
MT986830_Megalocytivirus_pagrus1_ISKNV                   0.0000000 0.2527764 0.0000010 0.8240065 0.0171698 2.1037795 0.8240065 0.0170953 0.0171698 3.7648014 0.0085098 3.6821830 0.0259532 0.0170953 2.0637074 3.7311164 2.0261380 3.4372653 0.0259532 2.0139701 0.0259194 
PQ335173_PQ335174_Threespine_stickleback_iridovirus_TSIV 0.2527764 0.0000000 0.2527764 0.7332660 0.2273403 2.1697176 0.7332660 0.2530645 0.2273403 3.4795480 0.2403115 3.1567285 0.2403633 0.2530645 1.9340573 3.7064660 2.1077659 3.4533557 0.2403633 2.0007707 0.2404500 
ON740976_Megalocytivirus_pagrus1_RSIV                    0.0000010 0.2527764 0.0000000 0.8240065 0.0171698 2.1037795 0.8240065 0.0170953 0.0171698 3.7648014 0.0085098 3.6821830 0.0259532 0.0170953 2.0637074 3.7311164 2.0261380 3.4372653 0.0259532 2.0139701 0.0259194 
OM037668_Megalocytivirus_lates1_SDDV                     0.8240065 0.7332660 0.8240065 0.0000000 0.8163596 1.9417924 0.0000010 0.8208736 0.8163596 3.6532534 0.8200634 3.3447448 0.8376611 0.8208736 1.5721800 4.5989029 2.1202370 3.3741104 0.8376611 1.7915824 0.8289563 
MW883599_Megalocytivirus_pagrus1_ISKNV                   0.0171698 0.2273403 0.0171698 0.8163596 0.0000000 2.0893665 0.8163596 0.0171814 0.0000010 3.6435287 0.0085519 3.6184351 0.0085607 0.0171814 1.9984528 3.6415396 1.9425947 3.5223953 0.0085607 1.9511266 0.0085484 
AY521625_Ranavirus_epinephelus1_n/a                      2.1037795 2.1697176 2.1037795 1.9417924 2.0893665 0.0000000 1.9417924 2.0777264 2.0893665 2.6768145 2.0812329 3.2771854 2.1443501 2.0777264 1.9645679 5.1012244 0.9207558 3.2395152 2.1443501 1.9589343 2.0954691 
MN562489_Megalocytivirus_lates1_SDDV                     0.8240065 0.7332660 0.8240065 0.0000010 0.8163596 1.9417924 0.0000000 0.8208736 0.8163596 3.6532534 0.8200634 3.3447448 0.8376611 0.8208736 1.5721800 4.5989029 2.1202370 3.3741104 0.8376611 1.7915824 0.8289563 
MG570131_Megalocytivirus_pagrus1_TRBIV                   0.0170953 0.2530645 0.0170953 0.8208736 0.0171814 2.0777264 0.8208736 0.0000000 0.0171814 3.6061077 0.0085144 3.5885174 0.0259713 0.0000010 2.0003209 3.7447555 1.9874873 3.3886907 0.0259713 1.9451291 0.0259374 
23043610005_Megalocytivirus_pagrus1_ISKNV                0.0171698 0.2273403 0.0171698 0.8163596 0.0000010 2.0893665 0.8163596 0.0171814 0.0000000 3.6435287 0.0085519 3.6184351 0.0085607 0.0171814 1.9984528 3.6415396 1.9425947 3.5223953 0.0085607 1.9511266 0.0085484 
HF920637_Iridovirus_armadillidium1_n/a                   3.7648014 3.4795480 3.7648014 3.6532534 3.6435287 2.6768145 3.6532534 3.6061077 3.6435287 0.0000000 3.6362868 0.6945442 3.6483524 3.6061077 2.5761348 3.7997821 3.5447195 1.7108124 3.6483524 2.7331055 3.6435287 
GQ273492_Megalocytivirus_pagrus1_TRBIV                   0.0085098 0.2403115 0.0085098 0.8200634 0.0085519 2.0812329 0.8200634 0.0085144 0.0085519 3.6362868 0.0000000 3.6109099 0.0172374 0.0085144 2.0094491 3.7618198 1.9906286 3.4027655 0.0172374 1.9617079 0.0172138 
AF303741_Iridovirus_chilo1_n/a                           3.6821830 3.1567285 3.6821830 3.3447448 3.6184351 3.2771854 3.3447448 3.5885174 3.6184351 0.6945442 3.6109099 0.0000000 3.6234504 3.5885174 3.2902335 2.9548072 3.8610158 1.6302196 3.6234504 3.4574718 3.6184351 
MW883595_Megalocytivirus_pagrus1_ISKNV                   0.0259532 0.2403633 0.0259532 0.8376611 0.0085607 2.1443501 0.8376611 0.0259713 0.0085607 3.6483524 0.0172374 3.6234504 0.0000000 0.0259713 2.0499700 3.6464226 1.9919181 3.5527069 0.0000010 1.9537468 0.0172309 
MG570132_Megalocytivirus_pagrus1_TRBIV                   0.0170953 0.2530645 0.0170953 0.8208736 0.0171814 2.0777264 0.8208736 0.0000010 0.0171814 3.6061077 0.0085144 3.5885174 0.0259713 0.0000000 2.0003209 3.7447555 1.9874873 3.3886907 0.0259713 1.9451291 0.0259374 
MN803438_Lymphocystivirus_micropogonias1_n/a             2.0637074 1.9340573 2.0637074 1.5721800 1.9984528 1.9645679 1.5721800 2.0003209 1.9984528 2.5761348 2.0094491 3.2902335 2.0499700 2.0003209 0.0000000 4.3215943 2.1642925 3.3920737 2.0499700 0.1931388 1.9818738 
LS484712_Daphniairidovirus_daphnia1_n/a                  3.7311164 3.7064660 3.7311164 4.5989029 3.6415396 5.1012244 4.5989029 3.7447555 3.6415396 3.7997821 3.7618198 2.9548072 3.6464226 3.7447555 4.3215943 0.0000000 4.3321663 3.3589153 3.6464226 4.1641750 3.6488558 
NC_005946_Ranavirus_rana1_n/a                            2.0261380 2.1077659 2.0261380 2.1202370 1.9425947 0.9207558 2.1202370 1.9874873 1.9425947 3.5447195 1.9906286 3.8610158 1.9919181 1.9874873 2.1642925 4.3321663 0.0000000 3.7734480 1.9919181 2.1330301 1.9483747 
HF920633_Chloriridovirus_simulium1_n/a                   3.4372653 3.4533557 3.4372653 3.3741104 3.5223953 3.2395152 3.3741104 3.3886907 3.5223953 1.7108124 3.4027655 1.6302196 3.5527069 3.3886907 3.3920737 3.3589153 3.7734480 0.0000000 3.5527069 3.6310310 3.5276074 
OP009387_Megalocytivirus_pagrus1_ISKNV                   0.0259532 0.2403633 0.0259532 0.8376611 0.0085607 2.1443501 0.8376611 0.0259713 0.0085607 3.6483524 0.0172374 3.6234504 0.0000010 0.0259713 2.0499700 3.6464226 1.9919181 3.5527069 0.0000000 1.9537468 0.0172309 
KX643370_Lymphocystivirus_sparus1_n/a                    2.0139701 2.0007707 2.0139701 1.7915824 1.9511266 1.9589343 1.7915824 1.9451291 1.9511266 2.7331055 1.9617079 3.4574718 1.9537468 1.9451291 0.1931388 4.1641750 2.1330301 3.6310310 1.9537468 0.0000000 1.9348846 
MW273354_Megalocytivirus_pagrus1_ISKNV                   0.0259194 0.2404500 0.0259194 0.8289563 0.0085484 2.0954691 0.8289563 0.0259374 0.0085484 3.6435287 0.0172138 3.6184351 0.0172309 0.0259374 1.9818738 3.6488558 1.9483747 3.5276074 0.0172309 1.9348846 0.0000000 
