15
MK098187_Megalocytivirus_pagrus1_RSIV                    0.0000000 0.0403376 0.0403376 0.0000010 0.0403877 2.1783358 0.0121724 0.0121724 0.0573551 0.0573551 0.9309915 0.0333978 0.0333978 2.1783358 0.0510474 
MK689685_Megalocytivirus_pagrus1_ISKNV                   0.0403376 0.0000000 0.0000010 0.0403376 0.0132650 2.3593134 0.0404488 0.0404488 0.0627356 0.0627356 0.9406869 0.0065805 0.0065805 2.3593134 0.0630187 
MW883597_Megalocytivirus_pagrus1_ISKNV                   0.0403376 0.0000010 0.0000000 0.0403376 0.0132650 2.3593134 0.0404488 0.0404488 0.0627356 0.0627356 0.9406869 0.0065805 0.0065805 2.3593134 0.0630187 
MK098186_Megalocytivirus_pagrus1_RSIV                    0.0000010 0.0403376 0.0403376 0.0000000 0.0403877 2.1783358 0.0121724 0.0121724 0.0573551 0.0573551 0.9309915 0.0333978 0.0333978 2.1783358 0.0510474 
PP151097_Megalocytivirus_pagrus1_ISKNV                   0.0403877 0.0132650 0.0132650 0.0403877 0.0000000 2.3503516 0.0404992 0.0404992 0.0628053 0.0628053 0.9607615 0.0065903 0.0065903 2.3503516 0.0630889 
MN562489_Megalocytivirus_lates1_SDDV                     2.1783358 2.3593134 2.3593134 2.1783358 2.3503516 0.0000000 2.1951694 2.1951694 2.2385745 2.2385745 2.2273525 2.3412652 2.3412652 0.0000010 2.2768058 
MK689686_Megalocytivirus_pagrus1_RSIV                    0.0121724 0.0404488 0.0404488 0.0121724 0.0404992 2.1951694 0.0000000 0.0000010 0.0574972 0.0574972 0.9270317 0.0334913 0.0334913 2.1951694 0.0511767 
AP017456_Megalocytivirus_pagrus1_RSIV                    0.0121724 0.0404488 0.0404488 0.0121724 0.0404992 2.1951694 0.0000010 0.0000000 0.0574972 0.0574972 0.9270317 0.0334913 0.0334913 2.1951694 0.0511767 
MG570132_Megalocytivirus_pagrus1_TRBIV                   0.0573551 0.0627356 0.0627356 0.0573551 0.0628053 2.2385745 0.0574972 0.0574972 0.0000000 0.0000010 0.8952552 0.0553904 0.0553904 2.2385745 0.0187144 
MG570131_Megalocytivirus_pagrus1_TRBIV                   0.0573551 0.0627356 0.0627356 0.0573551 0.0628053 2.2385745 0.0574972 0.0574972 0.0000010 0.0000000 0.8952552 0.0553904 0.0553904 2.2385745 0.0187144 
PQ335173_PQ335174_Threespine_stickleback_iridovirus_TSIV 0.9309915 0.9406869 0.9406869 0.9309915 0.9607615 2.2273525 0.9270317 0.9270317 0.8952552 0.8952552 0.0000000 0.9422279 0.9422279 2.2273525 0.9325042 
PP974677_Megalocytivirus_pagrus1_ISKNV                   0.0333978 0.0065805 0.0065805 0.0333978 0.0065903 2.3412652 0.0334913 0.0334913 0.0553904 0.0553904 0.9422279 0.0000000 0.0000010 2.3412652 0.0556391 
MN432490_Megalocytivirus_pagrus1_ISKNV                   0.0333978 0.0065805 0.0065805 0.0333978 0.0065903 2.3412652 0.0334913 0.0334913 0.0553904 0.0553904 0.9422279 0.0000010 0.0000000 2.3412652 0.0556391 
MT521409_Megalocytivirus_lates1_SDDV                     2.1783358 2.3593134 2.3593134 2.1783358 2.3503516 0.0000010 2.1951694 2.1951694 2.2385745 2.2385745 2.2273525 2.3412652 2.3412652 0.0000000 2.2768058 
GQ273492_Megalocytivirus_pagrus1_TRBIV                   0.0510474 0.0630187 0.0630187 0.0510474 0.0630889 2.2768058 0.0511767 0.0511767 0.0187144 0.0187144 0.9325042 0.0556391 0.0556391 2.2768058 0.0000000 
