33
MW883602_Megalocytivirus_pagrus1_ISKNV                   0.0000000 0.0255066 0.0255066 0.0243788 0.0232414 0.0000010 0.0266582 1.7646027 0.8759218 2.0132545 0.8822256 0.8759218 0.0232414 2.5836097 0.0010901 0.0010901 0.3018208 0.0244667 0.0032771 1.7296959 1.7676149 2.6379101 1.7715123 0.0032771 2.7928197 0.0010901 0.0255630 0.0010902 0.0010901 0.0266582 0.0255630 0.0010902 2.3492656 
MW139932_Megalocytivirus_pagrus1_RSIV                    0.0255066 0.0000000 0.0000010 0.0087503 0.0076460 0.0255066 0.0010885 1.7526076 0.8675672 2.0042506 0.8690459 0.8675672 0.0076460 2.5931355 0.0243881 0.0243881 0.2991027 0.0209706 0.0221059 1.7332827 1.7550857 2.6372730 1.7599238 0.0221059 2.7906378 0.0266269 0.0220609 0.0266301 0.0266269 0.0010885 0.0220609 0.0266301 2.3575545 
MK098185_Megalocytivirus_pagrus1_RSIV                    0.0255066 0.0000010 0.0000000 0.0087503 0.0076460 0.0255066 0.0010885 1.7526076 0.8675672 2.0042506 0.8690459 0.8675672 0.0076460 2.5931355 0.0243881 0.0243881 0.2991027 0.0209706 0.0221059 1.7332827 1.7550857 2.6372730 1.7599238 0.0221059 2.7906378 0.0266269 0.0220609 0.0266301 0.0266269 0.0010885 0.0220609 0.0266301 2.3575545 
MW883598_Megalocytivirus_pagrus1_RSIV                    0.0243788 0.0087503 0.0087503 0.0000000 0.0010884 0.0243788 0.0098597 1.7638248 0.8776917 2.0177038 0.8767871 0.8776917 0.0010884 2.6093695 0.0232615 0.0232615 0.3038247 0.0210157 0.0209842 1.7367001 1.7588739 2.6488246 1.7753320 0.0209842 2.7971871 0.0254977 0.0221082 0.0255009 0.0254977 0.0098597 0.0221082 0.0255008 2.3621978 
OK042109_Megalocytivirus_pagrus1_RSIV                    0.0232414 0.0076460 0.0076460 0.0010884 0.0000000 0.0232414 0.0087533 1.7583327 0.8736701 2.0108957 0.8727570 0.8736701 0.0000010 2.5936620 0.0221260 0.0221260 0.3019307 0.0198846 0.0198548 1.7361560 1.7583114 2.6379711 1.7698068 0.0198548 2.7951767 0.0243584 0.0209765 0.0243614 0.0243584 0.0087533 0.0209765 0.0243614 2.3621978 
OP896201_Megalocytivirus_pagrus1_ISKNV                   0.0000010 0.0255066 0.0255066 0.0243788 0.0232414 0.0000000 0.0266582 1.7646027 0.8759218 2.0132545 0.8822256 0.8759218 0.0232414 2.5836097 0.0010901 0.0010901 0.3018208 0.0244667 0.0032771 1.7296959 1.7676149 2.6379101 1.7715123 0.0032771 2.7928197 0.0010901 0.0255630 0.0010902 0.0010901 0.0266582 0.0255630 0.0010902 2.3492656 
OL774653_Megalocytivirus_pagrus1_RSIV                    0.0266582 0.0010885 0.0010885 0.0098597 0.0087533 0.0266582 0.0000000 1.7555690 0.8712186 2.0087135 0.8727158 0.8712186 0.0087533 2.5993497 0.0255374 0.0255374 0.3010320 0.0221096 0.0232483 1.7371609 1.7589842 2.6434359 1.7628877 0.0232483 2.7973149 0.0277807 0.0232009 0.0277841 0.0277807 0.0000010 0.0232009 0.0277840 2.3575545 
MN803438_Lymphocystivirus_micropogonias1_n/a             1.7646027 1.7526076 1.7526076 1.7638248 1.7583327 1.7646027 1.7555690 0.0000000 1.6523977 1.8455067 1.7116375 1.6523977 1.7583327 2.7902412 1.7653738 1.7653738 1.7821452 1.7503403 1.7641346 1.4262803 1.4456807 2.7207889 0.1450087 1.7641346 2.9915350 1.7618651 1.7482013 1.7634730 1.7618651 1.7555690 1.7482013 1.7670823 2.4392816 
MT521409_Megalocytivirus_lates1_SDDV                     0.8759218 0.8675672 0.8675672 0.8776917 0.8736701 0.8759218 0.8712186 1.6523977 0.0000000 1.9992103 0.5181102 0.0000010 0.8736701 2.3513598 0.8764476 0.8764476 0.8456869 0.8772317 0.8753025 1.8445141 1.8117486 2.7212146 1.6675901 0.8753025 2.9611005 0.8783972 0.8739912 0.8749298 0.8783972 0.8712186 0.8739912 0.8774395 2.1768589 
MF599468_Decapodiridovirus_litopenaeus1_n/a              2.0132545 2.0042506 2.0042506 2.0177038 2.0108957 2.0132545 2.0087135 1.8455067 1.9992103 0.0000000 1.9902794 1.9992103 2.0108957 2.2801095 2.0134545 2.0134545 2.1194745 2.0109870 2.0110158 1.9037086 1.9013091 2.4148592 1.8318728 2.0110158 2.2942708 2.0150758 2.0152078 2.0066161 2.0150758 2.0087135 2.0152078 2.0159536 2.1577613 
MK637631_European_chub_iridovirus_ECIV                   0.8822256 0.8690459 0.8690459 0.8767871 0.8727570 0.8822256 0.8727158 1.7116375 0.5181102 1.9902794 0.0000000 0.5181102 0.8727570 2.6561726 0.8827544 0.8827544 0.9192307 0.8708238 0.8772903 1.7943601 1.8417314 2.7852320 1.7149308 0.8772903 3.0829894 0.8849860 0.8740454 0.8805471 0.8849860 0.8727158 0.8740454 0.8820421 2.3857539 
OM037668_Megalocytivirus_lates1_SDDV                     0.8759218 0.8675672 0.8675672 0.8776917 0.8736701 0.8759218 0.8712186 1.6523977 0.0000010 1.9992103 0.5181102 0.0000000 0.8736701 2.3513598 0.8764476 0.8764476 0.8456869 0.8772317 0.8753025 1.8445141 1.8117486 2.7212146 1.6675901 0.8753025 2.9611005 0.8783972 0.8739912 0.8749298 0.8783972 0.8712186 0.8739912 0.8774395 2.1768589 
AP017456_Megalocytivirus_pagrus1_RSIV                    0.0232414 0.0076460 0.0076460 0.0010884 0.0000010 0.0232414 0.0087533 1.7583327 0.8736701 2.0108957 0.8727570 0.8736701 0.0000000 2.5936620 0.0221260 0.0221260 0.3019307 0.0198846 0.0198548 1.7361560 1.7583114 2.6379711 1.7698068 0.0198548 2.7951767 0.0243584 0.0209765 0.0243614 0.0243584 0.0087533 0.0209765 0.0243614 2.3621978 
HF920633_Chloriridovirus_simulium1_n/a                   2.5836097 2.5931355 2.5931355 2.6093695 2.5936620 2.5836097 2.5993497 2.7902412 2.3513598 2.2801095 2.6561726 2.3513598 2.5936620 0.0000000 2.5769761 2.5769761 2.6571787 2.5883021 2.5741293 2.6526803 2.4951913 1.7483306 2.6917268 2.5741293 1.7977612 2.5865380 2.5882828 2.5764208 2.5865380 2.5993497 2.5882828 2.5863943 0.4927036 
MT986830_Megalocytivirus_pagrus1_ISKNV                   0.0010901 0.0243881 0.0243881 0.0232615 0.0221260 0.0010901 0.0255374 1.7653738 0.8764476 2.0134545 0.8827544 0.8764476 0.0221260 2.5769761 0.0000000 0.0000010 0.3011465 0.0233455 0.0021839 1.7334776 1.7715971 2.6312189 1.7722809 0.0021839 2.7852892 0.0021812 0.0244421 0.0021814 0.0021812 0.0255374 0.0244421 0.0021814 2.3502910 
PP974677_Megalocytivirus_pagrus1_ISKNV                   0.0010901 0.0243881 0.0243881 0.0232615 0.0221260 0.0010901 0.0255374 1.7653738 0.8764476 2.0134545 0.8827544 0.8764476 0.0221260 2.5769761 0.0000010 0.0000000 0.3011465 0.0233455 0.0021839 1.7334776 1.7715971 2.6312189 1.7722809 0.0021839 2.7852892 0.0021812 0.0244421 0.0021814 0.0021812 0.0255374 0.0244421 0.0021814 2.3502910 
PQ335173_PQ335174_Threespine_stickleback_iridovirus_TSIV 0.3018208 0.2991027 0.2991027 0.3038247 0.3019307 0.3018208 0.3010320 1.7821452 0.8456869 2.1194745 0.9192307 0.8456869 0.3019307 2.6571787 0.3011465 0.3011465 0.0000000 0.2918546 0.3001457 1.8356336 1.7976643 2.7656090 1.7428550 0.3001457 2.9601443 0.3034046 0.2915734 0.3002245 0.3034046 0.3010320 0.2915734 0.3017583 2.4447256 
GQ273492_Megalocytivirus_pagrus1_TRBIV                   0.0244667 0.0209706 0.0209706 0.0210157 0.0198846 0.0244667 0.0221096 1.7503403 0.8772317 2.0109870 0.8708238 0.8772317 0.0198846 2.5883021 0.0233455 0.0233455 0.2918546 0.0000000 0.0210599 1.7295430 1.7544639 2.6304254 1.7434080 0.0210599 2.7752651 0.0255897 0.0076617 0.0255929 0.0255897 0.0221096 0.0076617 0.0255928 2.3374012 
MN432490_Megalocytivirus_pagrus1_ISKNV                   0.0032771 0.0221059 0.0221059 0.0209842 0.0198548 0.0032771 0.0232483 1.7641346 0.8753025 2.0110158 0.8772903 0.8753025 0.0198548 2.5741293 0.0021839 0.0021839 0.3001457 0.0210599 0.0000000 1.7320497 1.7677445 2.6280898 1.7710332 0.0000010 2.7740856 0.0043713 0.0221547 0.0043718 0.0043713 0.0232483 0.0221547 0.0043718 2.3469207 
AY521625_Ranavirus_epinephelus1_n/a                      1.7296959 1.7332827 1.7332827 1.7367001 1.7361560 1.7296959 1.7371609 1.4262803 1.8445141 1.9037086 1.7943601 1.8445141 1.7361560 2.6526803 1.7334776 1.7334776 1.8356336 1.7295430 1.7320497 0.0000000 0.3643613 2.8056880 1.4748157 1.7320497 2.7945354 1.7250749 1.7340318 1.7252370 1.7250749 1.7371609 1.7340318 1.7321135 2.2594661 
NC_005946_Ranavirus_rana1_n/a                            1.7676149 1.7550857 1.7550857 1.7588739 1.7583114 1.7676149 1.7589842 1.4456807 1.8117486 1.9013091 1.8417314 1.8117486 1.7583114 2.4951913 1.7715971 1.7715971 1.7976643 1.7544639 1.7677445 0.3643613 0.0000000 2.8625949 1.5046653 1.7677445 2.8198215 1.7629368 1.7614972 1.7631038 1.7629368 1.7589842 1.7614972 1.7700422 2.1500636 
HF920637_Iridovirus_armadillidium1_n/a                   2.6379101 2.6372730 2.6372730 2.6488246 2.6379711 2.6379101 2.6434359 2.7207889 2.7212146 2.4148592 2.7852320 2.7212146 2.6379711 1.7483306 2.6312189 2.6312189 2.7656090 2.6304254 2.6280898 2.8056880 2.8625949 0.0000000 2.7267630 2.6280898 0.8381879 2.6379101 2.6405343 2.6342605 2.6379101 2.6434359 2.6405343 2.6431714 1.7932320 
KX643370_Lymphocystivirus_sparus1_n/a                    1.7715123 1.7599238 1.7599238 1.7753320 1.7698068 1.7715123 1.7628877 0.1450087 1.6675901 1.8318728 1.7149308 1.6675901 1.7698068 2.6917268 1.7722809 1.7722809 1.7428550 1.7434080 1.7710332 1.4748157 1.5046653 2.7267630 0.0000000 1.7710332 3.0247685 1.7687695 1.7470058 1.7703792 1.7687695 1.7628877 1.7470058 1.7739890 2.4233755 
MW883595_Megalocytivirus_pagrus1_ISKNV                   0.0032771 0.0221059 0.0221059 0.0209842 0.0198548 0.0032771 0.0232483 1.7641346 0.8753025 2.0110158 0.8772903 0.8753025 0.0198548 2.5741293 0.0021839 0.0021839 0.3001457 0.0210599 0.0000010 1.7320497 1.7677445 2.6280898 1.7710332 0.0000000 2.7740856 0.0043713 0.0221547 0.0043718 0.0043713 0.0232483 0.0221547 0.0043718 2.3469207 
AF303741_Iridovirus_chilo1_n/a                           2.7928197 2.7906378 2.7906378 2.7971871 2.7951767 2.7928197 2.7973149 2.9915350 2.9611005 2.2942708 3.0829894 2.9611005 2.7951767 1.7977612 2.7852892 2.7852892 2.9601443 2.7752651 2.7740856 2.7945354 2.8198215 0.8381879 3.0247685 2.7740856 0.0000000 2.7960334 2.7706815 2.7897785 2.7960334 2.7973149 2.7706815 2.8017502 1.8128766 
MT128667_Megalocytivirus_pagrus1_ISKNV                   0.0010901 0.0266269 0.0266269 0.0254977 0.0243584 0.0010901 0.0277807 1.7618651 0.8783972 2.0150758 0.8849860 0.8783972 0.0243584 2.5865380 0.0021812 0.0021812 0.3034046 0.0255897 0.0043713 1.7250749 1.7629368 2.6379101 1.7687695 0.0043713 2.7960334 0.0000000 0.0266858 0.0021814 0.0000010 0.0277807 0.0266858 0.0021814 2.3525703 
MG570132_Megalocytivirus_pagrus1_TRBIV                   0.0255630 0.0220609 0.0220609 0.0221082 0.0209765 0.0255630 0.0232009 1.7482013 0.8739912 2.0152078 0.8740454 0.8739912 0.0209765 2.5882828 0.0244421 0.0244421 0.2915734 0.0076617 0.0221547 1.7340318 1.7614972 2.6405343 1.7470058 0.0221547 2.7706815 0.0266858 0.0000000 0.0266890 0.0266858 0.0232009 0.0000010 0.0266890 2.3554219 
PP151097_Megalocytivirus_pagrus1_ISKNV                   0.0010902 0.0266301 0.0266301 0.0255009 0.0243614 0.0010902 0.0277841 1.7634730 0.8749298 2.0066161 0.8805471 0.8749298 0.0243614 2.5764208 0.0021814 0.0021814 0.3002245 0.0255929 0.0043718 1.7252370 1.7631038 2.6342605 1.7703792 0.0043718 2.7897785 0.0021814 0.0266890 0.0000000 0.0021814 0.0277841 0.0266890 0.0021816 2.3410290 
MT128666_Megalocytivirus_pagrus1_ISKNV                   0.0010901 0.0266269 0.0266269 0.0254977 0.0243584 0.0010901 0.0277807 1.7618651 0.8783972 2.0150758 0.8849860 0.8783972 0.0243584 2.5865380 0.0021812 0.0021812 0.3034046 0.0255897 0.0043713 1.7250749 1.7629368 2.6379101 1.7687695 0.0043713 2.7960334 0.0000010 0.0266858 0.0021814 0.0000000 0.0277807 0.0266858 0.0021814 2.3525703 
OL774654_Megalocytivirus_pagrus1_RSIV                    0.0266582 0.0010885 0.0010885 0.0098597 0.0087533 0.0266582 0.0000010 1.7555690 0.8712186 2.0087135 0.8727158 0.8712186 0.0087533 2.5993497 0.0255374 0.0255374 0.3010320 0.0221096 0.0232483 1.7371609 1.7589842 2.6434359 1.7628877 0.0232483 2.7973149 0.0277807 0.0232009 0.0277841 0.0277807 0.0000000 0.0232009 0.0277840 2.3575545 
MG570131_Megalocytivirus_pagrus1_TRBIV                   0.0255630 0.0220609 0.0220609 0.0221082 0.0209765 0.0255630 0.0232009 1.7482013 0.8739912 2.0152078 0.8740454 0.8739912 0.0209765 2.5882828 0.0244421 0.0244421 0.2915734 0.0076617 0.0221547 1.7340318 1.7614972 2.6405343 1.7470058 0.0221547 2.7706815 0.0266858 0.0000010 0.0266890 0.0266858 0.0232009 0.0000000 0.0266890 2.3554219 
MK689685_Megalocytivirus_pagrus1_ISKNV                   0.0010902 0.0266301 0.0266301 0.0255008 0.0243614 0.0010902 0.0277840 1.7670823 0.8774395 2.0159536 0.8820421 0.8774395 0.0243614 2.5863943 0.0021814 0.0021814 0.3017583 0.0255928 0.0043718 1.7321135 1.7700422 2.6431714 1.7739890 0.0043718 2.8017502 0.0021814 0.0266890 0.0021816 0.0021814 0.0277840 0.0266890 0.0000000 2.3492656 
KF938901_Chloriridovirus_anopheles1_n/a                  2.3492656 2.3575545 2.3575545 2.3621978 2.3621978 2.3492656 2.3575545 2.4392816 2.1768589 2.1577613 2.3857539 2.1768589 2.3621978 0.4927036 2.3502910 2.3502910 2.4447256 2.3374012 2.3469207 2.2594661 2.1500636 1.7932320 2.4233755 2.3469207 1.8128766 2.3525703 2.3554219 2.3410290 2.3525703 2.3575545 2.3554219 2.3492656 0.0000000 
