32
MW883602_Megalocytivirus_pagrus1_ISKNV                   0.0000000 0.0255305 0.0255305 0.0244018 0.0232607 0.0000010 0.0266850 1.8208847 0.8978578 2.0779261 0.8978578 0.0232607 2.6776943 0.0010901 0.0010901 0.3059131 0.0244937 0.0032776 1.7759021 1.8160406 2.7346423 1.8256977 0.0032776 2.8864353 0.0010901 0.0255901 0.0010902 0.0010901 0.0266850 0.0255901 0.0010902 2.4384005 
MW139932_Megalocytivirus_pagrus1_RSIV                    0.0255305 0.0000000 0.0000010 0.0087534 0.0076489 0.0255305 0.0010886 1.8075901 0.8889248 2.0700262 0.8889248 0.0076489 2.6886452 0.0244108 0.0244108 0.3030317 0.0209862 0.0221232 1.7794200 1.8032256 2.7334657 1.8138101 0.0221232 2.8825767 0.0266522 0.0220764 0.0266553 0.0266522 0.0010886 0.0220764 0.0266555 2.4480112 
MK098185_Megalocytivirus_pagrus1_RSIV                    0.0255305 0.0000010 0.0000000 0.0087534 0.0076489 0.0255305 0.0010886 1.8075901 0.8889248 2.0700262 0.8889248 0.0076489 2.6886452 0.0244108 0.0244108 0.3030317 0.0209862 0.0221232 1.7794200 1.8032256 2.7334657 1.8138101 0.0221232 2.8825767 0.0266522 0.0220764 0.0266553 0.0266522 0.0010886 0.0220764 0.0266555 2.4480112 
MW883598_Megalocytivirus_pagrus1_RSIV                    0.0244018 0.0087534 0.0087534 0.0000000 0.0010885 0.0244018 0.0098640 1.8194412 0.8993974 2.0833370 0.8993974 0.0010885 2.7054206 0.0232833 0.0232833 0.3078418 0.0210355 0.0210008 1.7828067 1.8074151 2.7433598 1.8302441 0.0210008 2.8889452 0.0255223 0.0221281 0.0255252 0.0255223 0.0098640 0.0221281 0.0255254 2.4523318 
OK042109_Megalocytivirus_pagrus1_RSIV                    0.0232607 0.0076489 0.0076489 0.0010885 0.0000000 0.0232607 0.0087562 1.8139397 0.8952083 2.0765978 0.8952083 0.0000010 2.6892209 0.0221443 0.0221443 0.3058879 0.0199011 0.0198684 1.7822417 1.8068295 2.7327814 1.8247099 0.0198684 2.8870675 0.0243792 0.0209930 0.0243820 0.0243792 0.0087562 0.0209930 0.0243822 2.4523318 
OP896201_Megalocytivirus_pagrus1_ISKNV                   0.0000010 0.0255305 0.0255305 0.0244018 0.0232607 0.0000000 0.0266850 1.8208847 0.8978578 2.0779261 0.8978578 0.0232607 2.6776943 0.0010901 0.0010901 0.3059131 0.0244937 0.0032776 1.7759021 1.8160406 2.7346423 1.8256977 0.0032776 2.8864353 0.0010901 0.0255901 0.0010902 0.0010901 0.0266850 0.0255901 0.0010902 2.4384005 
OL774653_Megalocytivirus_pagrus1_RSIV                    0.0266850 0.0010886 0.0010886 0.0098640 0.0087562 0.0266850 0.0000000 1.8105138 0.8927199 2.0744932 0.8927199 0.0087562 2.6948288 0.0255631 0.0255631 0.3049986 0.0221277 0.0232682 1.7832422 1.8070861 2.7396901 1.8167383 0.0232682 2.8891722 0.0278092 0.0232190 0.0278124 0.0278092 0.0000010 0.0232190 0.0278126 2.4480112 
MN803438_Lymphocystivirus_micropogonias1_n/a             1.8208847 1.8075901 1.8075901 1.8194412 1.8139397 1.8208847 1.8105138 0.0000000 1.7053709 1.9013110 1.7053709 1.8139397 2.9148301 1.8216674 1.8216674 1.8394042 1.8062809 1.8204406 1.4692017 1.4902467 2.8265443 0.1458077 1.8204406 3.1224862 1.8182268 1.8035150 1.8197166 1.8182268 1.8105138 1.8035150 1.8233836 2.5370103 
MT521409_Megalocytivirus_lates1_SDDV                     0.8978578 0.8889248 0.8889248 0.8993974 0.8952083 0.8978578 0.8927199 1.7053709 0.0000000 2.0627634 0.0000010 0.8952083 2.4321503 0.8983725 0.8983725 0.8660019 0.8990210 0.8972184 1.9047462 1.8663989 2.8224125 1.7199955 0.8972184 3.0745011 0.9003134 0.8958081 0.8968563 0.9003134 0.8927199 0.8958081 0.8993752 2.2533195 
MF599468_Decapodiridovirus_litopenaeus1_n/a              2.0779261 2.0700262 2.0700262 2.0833370 2.0765978 2.0779261 2.0744932 1.9013110 2.0627634 0.0000000 2.0627634 2.0765978 2.3537657 2.0781575 2.0781575 2.1878972 2.0769168 2.0757479 1.9665380 1.9634249 2.4999037 1.8851788 2.0757479 2.3719135 2.0796257 2.0817032 2.0708254 2.0796257 2.0744932 2.0817032 2.0807287 2.2375852 
OM037668_Megalocytivirus_lates1_SDDV                     0.8978578 0.8889248 0.8889248 0.8993974 0.8952083 0.8978578 0.8927199 1.7053709 0.0000010 2.0627634 0.0000000 0.8952083 2.4321503 0.8983725 0.8983725 0.8660019 0.8990210 0.8972184 1.9047462 1.8663989 2.8224125 1.7199955 0.8972184 3.0745011 0.9003134 0.8958081 0.8968563 0.9003134 0.8927199 0.8958081 0.8993752 2.2533195 
AP017456_Megalocytivirus_pagrus1_RSIV                    0.0232607 0.0076489 0.0076489 0.0010885 0.0000010 0.0232607 0.0087562 1.8139397 0.8952083 2.0765978 0.8952083 0.0000000 2.6892209 0.0221443 0.0221443 0.3058879 0.0199011 0.0198684 1.7822417 1.8068295 2.7327814 1.8247099 0.0198684 2.8870675 0.0243792 0.0209930 0.0243820 0.0243792 0.0087562 0.0209930 0.0243822 2.4523318 
HF920633_Chloriridovirus_simulium1_n/a                   2.6776943 2.6886452 2.6886452 2.7054206 2.6892209 2.6776943 2.6948288 2.9148301 2.4321503 2.3537657 2.4321503 2.6892209 0.0000000 2.6712554 2.6712554 2.7555453 2.6836196 2.6684203 2.7514438 2.5881649 1.8043842 2.7969743 2.6684203 1.8557485 2.6805277 2.6825296 2.6707944 2.6805277 2.6948288 2.6825296 2.6804173 0.5013558 
MT986830_Megalocytivirus_pagrus1_ISKNV                   0.0010901 0.0244108 0.0244108 0.0232833 0.0221443 0.0010901 0.0255631 1.8216674 0.8983725 2.0781575 0.8983725 0.0221443 2.6712554 0.0000000 0.0000010 0.3052156 0.0233711 0.0021842 1.7795731 1.8205075 2.7281484 1.8264797 0.0021842 2.8796307 0.0021812 0.0244678 0.0021814 0.0021812 0.0255631 0.0244678 0.0021815 2.4395690 
PP974677_Megalocytivirus_pagrus1_ISKNV                   0.0010901 0.0244108 0.0244108 0.0232833 0.0221443 0.0010901 0.0255631 1.8216674 0.8983725 2.0781575 0.8983725 0.0221443 2.6712554 0.0000010 0.0000000 0.3052156 0.0233711 0.0021842 1.7795731 1.8205075 2.7281484 1.8264797 0.0021842 2.8796307 0.0021812 0.0244678 0.0021814 0.0021812 0.0255631 0.0244678 0.0021815 2.4395690 
PQ335173_PQ335174_Threespine_stickleback_iridovirus_TSIV 0.3059131 0.3030317 0.3030317 0.3078418 0.3058879 0.3059131 0.3049986 1.8394042 0.8660019 2.1878972 0.8660019 0.3058879 2.7555453 0.3052156 0.3052156 0.0000000 0.2956655 0.3041795 1.8834039 1.8418166 2.8704688 1.7969428 0.3041795 3.0667447 0.3075252 0.2953655 0.3042905 0.3075252 0.3049986 0.2953655 0.3058479 2.5389365 
GQ273492_Megalocytivirus_pagrus1_TRBIV                   0.0244937 0.0209862 0.0209862 0.0210355 0.0199011 0.0244937 0.0221277 1.8062809 0.8990210 2.0769168 0.8990210 0.0199011 2.6836196 0.0233711 0.0233711 0.2956655 0.0000000 0.0210799 1.7762056 1.8031760 2.7262815 1.7966947 0.0210799 2.8685869 0.0256183 0.0076649 0.0256213 0.0256183 0.0221277 0.0076649 0.0256215 2.4256562 
MN432490_Megalocytivirus_pagrus1_ISKNV                   0.0032776 0.0221232 0.0221232 0.0210008 0.0198684 0.0032776 0.0232682 1.8204406 0.8972184 2.0757479 0.8972184 0.0198684 2.6684203 0.0021842 0.0021842 0.3041795 0.0210799 0.0000000 1.7782329 1.8165519 2.7247131 1.8252479 0.0000010 2.8672637 0.0043720 0.0221747 0.0043725 0.0043720 0.0232682 0.0221747 0.0043725 2.4362327 
AY521625_Ranavirus_epinephelus1_n/a                      1.7759021 1.7794200 1.7794200 1.7828067 1.7822417 1.7759021 1.7832422 1.4692017 1.9047462 1.9665380 1.9047462 1.7822417 2.7514438 1.7795731 1.7795731 1.8834039 1.7762056 1.7782329 0.0000000 0.3696744 2.9293641 1.5206563 1.7782329 2.9087766 1.7709676 1.7807771 1.7715615 1.7709676 1.7832422 1.7807771 1.7782991 2.3428807 
NC_005946_Ranavirus_rana1_n/a                            1.8160406 1.8032256 1.8032256 1.8074151 1.8068295 1.8160406 1.8070861 1.4902467 1.8663989 1.9634249 1.8663989 1.8068295 2.5881649 1.8205075 1.8205075 1.8418166 1.8031760 1.8165519 0.3696744 0.0000000 2.9876429 1.5514915 1.8165519 2.9259384 1.8110245 1.8104213 1.8116299 1.8110245 1.8070861 1.8104213 1.8184706 2.2292155 
HF920637_Iridovirus_armadillidium1_n/a                   2.7346423 2.7334657 2.7334657 2.7433598 2.7327814 2.7346423 2.7396901 2.8265443 2.8224125 2.4999037 2.8224125 2.7327814 1.8043842 2.7281484 2.7281484 2.8704688 2.7262815 2.7247131 2.9293641 2.9876429 0.0000000 2.8292958 2.7247131 0.8595545 2.7346423 2.7375808 2.7311118 2.7346423 2.7396901 2.7375808 2.7405687 1.8534994 
KX643370_Lymphocystivirus_sparus1_n/a                    1.8256977 1.8138101 1.8138101 1.8302441 1.8247099 1.8256977 1.8167383 0.1458077 1.7199955 1.8851788 1.7199955 1.8247099 2.7969743 1.8264797 1.8264797 1.7969428 1.7966947 1.8252479 1.5206563 1.5514915 2.8292958 0.0000000 1.8252479 3.1540834 1.8230356 1.8002098 1.8245270 1.8230356 1.8167383 1.8002098 1.8281973 2.5158075 
MW883595_Megalocytivirus_pagrus1_ISKNV                   0.0032776 0.0221232 0.0221232 0.0210008 0.0198684 0.0032776 0.0232682 1.8204406 0.8972184 2.0757479 0.8972184 0.0198684 2.6684203 0.0021842 0.0021842 0.3041795 0.0210799 0.0000010 1.7782329 1.8165519 2.7247131 1.8252479 0.0000000 2.8672637 0.0043720 0.0221747 0.0043725 0.0043720 0.0232682 0.0221747 0.0043725 2.4362327 
AF303741_Iridovirus_chilo1_n/a                           2.8864353 2.8825767 2.8825767 2.8889452 2.8870675 2.8864353 2.8891722 3.1224862 3.0745011 2.3719135 3.0745011 2.8870675 1.8557485 2.8796307 2.8796307 3.0667447 2.8685869 2.8672637 2.9087766 2.9259384 0.8595545 3.1540834 2.8672637 0.0000000 2.8894934 2.8658206 2.8834775 2.8894934 2.8891722 2.8658206 2.8953812 1.8781923 
MT128667_Megalocytivirus_pagrus1_ISKNV                   0.0010901 0.0266522 0.0266522 0.0255223 0.0243792 0.0010901 0.0278092 1.8182268 0.9003134 2.0796257 0.9003134 0.0243792 2.6805277 0.0021812 0.0021812 0.3075252 0.0256183 0.0043720 1.7709676 1.8110245 2.7346423 1.8230356 0.0043720 2.8894934 0.0000000 0.0267144 0.0021814 0.0000010 0.0278092 0.0267144 0.0021814 2.4416360 
MG570132_Megalocytivirus_pagrus1_TRBIV                   0.0255901 0.0220764 0.0220764 0.0221281 0.0209930 0.0255901 0.0232190 1.8035150 0.8958081 2.0817032 0.8958081 0.0209930 2.6825296 0.0244678 0.0244678 0.2953655 0.0076649 0.0221747 1.7807771 1.8104213 2.7375808 1.8002098 0.0221747 2.8658206 0.0267144 0.0000000 0.0267175 0.0267144 0.0232190 0.0000010 0.0267177 2.4448124 
PP151097_Megalocytivirus_pagrus1_ISKNV                   0.0010902 0.0266553 0.0266553 0.0255252 0.0243820 0.0010902 0.0278124 1.8197166 0.8968563 2.0708254 0.8968563 0.0243820 2.6707944 0.0021814 0.0021814 0.3042905 0.0256213 0.0043725 1.7715615 1.8116299 2.7311118 1.8245270 0.0043725 2.8834775 0.0021814 0.0267175 0.0000000 0.0021814 0.0278124 0.0267175 0.0021817 2.4304093 
MT128666_Megalocytivirus_pagrus1_ISKNV                   0.0010901 0.0266522 0.0266522 0.0255223 0.0243792 0.0010901 0.0278092 1.8182268 0.9003134 2.0796257 0.9003134 0.0243792 2.6805277 0.0021812 0.0021812 0.3075252 0.0256183 0.0043720 1.7709676 1.8110245 2.7346423 1.8230356 0.0043720 2.8894934 0.0000010 0.0267144 0.0021814 0.0000000 0.0278092 0.0267144 0.0021814 2.4416360 
OL774654_Megalocytivirus_pagrus1_RSIV                    0.0266850 0.0010886 0.0010886 0.0098640 0.0087562 0.0266850 0.0000010 1.8105138 0.8927199 2.0744932 0.8927199 0.0087562 2.6948288 0.0255631 0.0255631 0.3049986 0.0221277 0.0232682 1.7832422 1.8070861 2.7396901 1.8167383 0.0232682 2.8891722 0.0278092 0.0232190 0.0278124 0.0278092 0.0000000 0.0232190 0.0278126 2.4480112 
MG570131_Megalocytivirus_pagrus1_TRBIV                   0.0255901 0.0220764 0.0220764 0.0221281 0.0209930 0.0255901 0.0232190 1.8035150 0.8958081 2.0817032 0.8958081 0.0209930 2.6825296 0.0244678 0.0244678 0.2953655 0.0076649 0.0221747 1.7807771 1.8104213 2.7375808 1.8002098 0.0221747 2.8658206 0.0267144 0.0000010 0.0267175 0.0267144 0.0232190 0.0000000 0.0267177 2.4448124 
MK689685_Megalocytivirus_pagrus1_ISKNV                   0.0010902 0.0266555 0.0266555 0.0255254 0.0243822 0.0010902 0.0278126 1.8233836 0.8993752 2.0807287 0.8993752 0.0243822 2.6804173 0.0021815 0.0021815 0.3058479 0.0256215 0.0043725 1.7782991 1.8184706 2.7405687 1.8281973 0.0043725 2.8953812 0.0021814 0.0267177 0.0021817 0.0021814 0.0278126 0.0267177 0.0000000 2.4384005 
KF938901_Chloriridovirus_anopheles1_n/a                  2.4384005 2.4480112 2.4480112 2.4523318 2.4523318 2.4384005 2.4480112 2.5370103 2.2533195 2.2375852 2.2533195 2.4523318 0.5013558 2.4395690 2.4395690 2.5389365 2.4256562 2.4362327 2.3428807 2.2292155 1.8534994 2.5158075 2.4362327 1.8781923 2.4416360 2.4448124 2.4304093 2.4416360 2.4480112 2.4448124 2.4384005 0.0000000 
