14
AF371960_AF371960.1_00061 0.0000000 0.0384954 0.0463575 0.0588443 0.0384954 0.0471414 0.0471414 0.0463575 0.0000010 0.0000010 1.2040555 1.2040555 0.0588443 0.0000010 
AY894343_MK689686.1_00059 0.0384954 0.0000000 0.0187514 0.0460665 0.0000010 0.0503683 0.0503683 0.0187514 0.0384954 0.0383406 1.1950576 1.1950576 0.0460665 0.0383406 
BD143114_MK689686.1_00059 0.0463575 0.0187514 0.0000000 0.0539876 0.0187514 0.0583747 0.0583747 0.0000010 0.0463575 0.0463575 1.1775439 1.1775439 0.0539876 0.0463575 
GQ273492_GQ273492.1_00060 0.0588443 0.0460665 0.0539876 0.0000000 0.0460665 0.0225686 0.0225686 0.0539876 0.0588443 0.0588443 1.2375842 1.2375842 0.0000010 0.0588443 
KC244182_MK689686.1_00059 0.0384954 0.0000010 0.0187514 0.0460665 0.0000000 0.0503683 0.0503683 0.0187514 0.0384954 0.0383406 1.1950576 1.1950576 0.0460665 0.0383406 
MG570131_MG570131.1_00060 0.0471414 0.0503683 0.0583747 0.0225686 0.0503683 0.0000000 0.0000010 0.0583747 0.0471414 0.0471414 1.2149435 1.2149435 0.0225686 0.0471414 
MG570132_MG570132.1_00060 0.0471414 0.0503683 0.0583747 0.0225686 0.0503683 0.0000010 0.0000000 0.0583747 0.0471414 0.0471414 1.2149435 1.2149435 0.0225686 0.0471414 
MK098185_MK689686.1_00059 0.0463575 0.0187514 0.0000010 0.0539876 0.0187514 0.0583747 0.0583747 0.0000000 0.0463575 0.0463575 1.1775439 1.1775439 0.0539876 0.0463575 
MK689685_AF371960.1_00061 0.0000010 0.0384954 0.0463575 0.0588443 0.0384954 0.0471414 0.0471414 0.0463575 0.0000000 0.0000010 1.2040555 1.2040555 0.0588443 0.0000010 
MN432490_AF371960.1_00061 0.0000010 0.0383406 0.0463575 0.0588443 0.0383406 0.0471414 0.0471414 0.0463575 0.0000010 0.0000000 1.2040555 1.2040555 0.0588443 0.0000010 
MN562489_OM037668.1_00096 1.2040555 1.1950576 1.1775439 1.2375842 1.1950576 1.2149435 1.2149435 1.1775439 1.2040555 1.2040555 0.0000000 0.0000010 1.2375842 1.2040555 
MT521409_OM037668.1_00096 1.2040555 1.1950576 1.1775439 1.2375842 1.1950576 1.2149435 1.2149435 1.1775439 1.2040555 1.2040555 0.0000010 0.0000000 1.2375842 1.2040555 
OK042109_MK689686.1_00059 0.0588443 0.0460665 0.0539876 0.0000010 0.0460665 0.0225686 0.0225686 0.0539876 0.0588443 0.0588443 1.2375842 1.2375842 0.0000000 0.0588443 
OP009387_AF371960.1_00061 0.0000010 0.0383406 0.0463575 0.0588443 0.0383406 0.0471414 0.0471414 0.0463575 0.0000010 0.0000010 1.2040555 1.2040555 0.0588443 0.0000000 
