22
AF371960_Megalocytivirus_pagrus1_ISKNV 0.0000000 0.1769935 0.0088952 0.1969593 0.1769935 0.0000010 0.0089068 0.0364984 0.2073384 0.0089039 0.1887292 0.1969593 0.0088952 0.0458826 0.0364984 0.2155309 0.0089372 0.0089039 0.0458826 0.2146553 0.2052779 0.0089022 
MW883598_Megalocytivirus_pagrus1_RSIV  0.1769935 0.0000000 0.1869503 0.0544431 0.0000010 0.1769935 0.1873686 0.1744859 0.0637055 0.1872240 0.0089611 0.0544431 0.1869503 0.1796356 0.1744859 0.1312257 0.1770115 0.1872240 0.1796356 0.1307503 0.1215153 0.1871473 
MW883602_Megalocytivirus_pagrus1_ISKNV 0.0088952 0.1869503 0.0000000 0.2069024 0.1869503 0.0088952 0.0178440 0.0456964 0.2172942 0.0178379 0.1987888 0.2069024 0.0000010 0.0551474 0.0456964 0.2253720 0.0179056 0.0178379 0.0551474 0.2244486 0.2151150 0.0178342 
BD143114_Megalocytivirus_pagrus1_RSIV  0.1969593 0.0544431 0.2069024 0.0000000 0.0544431 0.1969593 0.2073848 0.1941809 0.0089287 0.2072138 0.0641038 0.0000010 0.2069024 0.1998696 0.1941809 0.1123839 0.1969984 0.2072138 0.1998696 0.1320031 0.1027229 0.2071250 
MT798582_Megalocytivirus_pagrus1_RSIV  0.1769935 0.0000010 0.1869503 0.0544431 0.0000000 0.1769935 0.1873686 0.1744859 0.0637055 0.1872240 0.0089611 0.0544431 0.1869503 0.1796356 0.1744859 0.1312257 0.1770115 0.1872240 0.1796356 0.1307503 0.1215153 0.1871473 
MW883601_Megalocytivirus_pagrus1_ISKNV 0.0000010 0.1769935 0.0088952 0.1969593 0.1769935 0.0000000 0.0089068 0.0364984 0.2073384 0.0089039 0.1887292 0.1969593 0.0088952 0.0458826 0.0364984 0.2155309 0.0089372 0.0089039 0.0458826 0.2146553 0.2052779 0.0089022 
MT926123_Megalocytivirus_pagrus1_ISKNV 0.0089068 0.1873686 0.0178440 0.2073848 0.1873686 0.0089068 0.0000000 0.0457643 0.2178141 0.0178620 0.1992501 0.2073848 0.0178440 0.0552319 0.0457643 0.2259144 0.0179299 0.0178620 0.0552319 0.2249851 0.2156212 0.0178582 
OP009387_Megalocytivirus_pagrus1_ISKNV 0.0364984 0.1744859 0.0456964 0.1941809 0.1744859 0.0364984 0.0457643 0.0000000 0.2044145 0.0457459 0.1860331 0.1941809 0.0456964 0.0089389 0.0000010 0.2125286 0.0459307 0.0457459 0.0089389 0.2116782 0.2024150 0.0457347 
MK098187_Megalocytivirus_pagrus1_RSIV  0.2073384 0.0637055 0.2172942 0.0089287 0.0637055 0.2073384 0.2178141 0.2044145 0.0000000 0.2176269 0.0734824 0.0089287 0.2172942 0.2103969 0.2044145 0.1220973 0.2073901 0.2176269 0.2103969 0.1418403 0.1123861 0.2175310 
MT128666_Megalocytivirus_pagrus1_ISKNV 0.0089039 0.1872240 0.0178379 0.2072138 0.1872240 0.0089039 0.0178620 0.0457459 0.2176269 0.0000000 0.1990880 0.2072138 0.0178379 0.0552086 0.0457459 0.2257171 0.0179237 0.0000010 0.0552086 0.2247902 0.2154395 0.0178521 
OK042109_Megalocytivirus_pagrus1_RSIV  0.1887292 0.0089611 0.1987888 0.0641038 0.0089611 0.1887292 0.1992501 0.1860331 0.0734824 0.1990880 0.0000000 0.0641038 0.1987888 0.1915607 0.1860331 0.1317071 0.1887594 0.1990880 0.1915607 0.1312281 0.1219533 0.1990032 
OQ475017_Megalocytivirus_pagrus1_RSIV  0.1969593 0.0544431 0.2069024 0.0000010 0.0544431 0.1969593 0.2073848 0.1941809 0.0089287 0.2072138 0.0641038 0.0000000 0.2069024 0.1998696 0.1941809 0.1123839 0.1969984 0.2072138 0.1998696 0.1320031 0.1027229 0.2071250 
MW273354_Megalocytivirus_pagrus1_ISKNV 0.0088952 0.1869503 0.0000010 0.2069024 0.1869503 0.0088952 0.0178440 0.0456964 0.2172942 0.0178379 0.1987888 0.2069024 0.0000000 0.0551474 0.0456964 0.2253720 0.0179056 0.0178379 0.0551474 0.2244486 0.2151150 0.0178342 
PP974677_Megalocytivirus_pagrus1_ISKNV 0.0458826 0.1796356 0.0551474 0.1998696 0.1796356 0.0458826 0.0552319 0.0089389 0.2103969 0.0552086 0.1915607 0.1998696 0.0551474 0.0000000 0.0089389 0.2186663 0.0554358 0.0552086 0.0000010 0.2177628 0.2082712 0.0551945 
MW883595_Megalocytivirus_pagrus1_ISKNV 0.0364984 0.1744859 0.0456964 0.1941809 0.1744859 0.0364984 0.0457643 0.0000010 0.2044145 0.0457459 0.1860331 0.1941809 0.0456964 0.0089389 0.0000000 0.2125286 0.0459307 0.0457459 0.0089389 0.2116782 0.2024150 0.0457347 
MG570131_Megalocytivirus_pagrus1_TRBIV 0.2155309 0.1312257 0.2253720 0.1123839 0.1312257 0.2155309 0.2259144 0.2125286 0.1220973 0.2257171 0.1317071 0.1123839 0.2253720 0.2186663 0.2125286 0.0000000 0.2269442 0.2257171 0.2186663 0.0731310 0.0089469 0.2169312 
OR536350_Megalocytivirus_pagrus1_ISKNV 0.0089372 0.1770115 0.0179056 0.1969984 0.1770115 0.0089372 0.0179299 0.0459307 0.2073901 0.0179237 0.1887594 0.1969984 0.0179056 0.0554358 0.0459307 0.2269442 0.0000000 0.0179237 0.0554358 0.2260048 0.2165948 0.0179199 
MT128667_Megalocytivirus_pagrus1_ISKNV 0.0089039 0.1872240 0.0178379 0.2072138 0.1872240 0.0089039 0.0178620 0.0457459 0.2176269 0.0000010 0.1990880 0.2072138 0.0178379 0.0552086 0.0457459 0.2257171 0.0179237 0.0000000 0.0552086 0.2247902 0.2154395 0.0178521 
MT986830_Megalocytivirus_pagrus1_ISKNV 0.0458826 0.1796356 0.0551474 0.1998696 0.1796356 0.0458826 0.0552319 0.0089389 0.2103969 0.0552086 0.1915607 0.1998696 0.0551474 0.0000010 0.0089389 0.2186663 0.0554358 0.0552086 0.0000000 0.2177628 0.2082712 0.0551945 
GQ273492_Megalocytivirus_pagrus1_TRBIV 0.2146553 0.1307503 0.2244486 0.1320031 0.1307503 0.2146553 0.2249851 0.2116782 0.1418403 0.2247902 0.1312281 0.1320031 0.2244486 0.2177628 0.2116782 0.0731310 0.2260048 0.2247902 0.2177628 0.0000000 0.0638002 0.2160414 
MG570132_Megalocytivirus_pagrus1_TRBIV 0.2052779 0.1215153 0.2151150 0.1027229 0.1215153 0.2052779 0.2156212 0.2024150 0.1123861 0.2154395 0.1219533 0.1027229 0.2151150 0.2082712 0.2024150 0.0089469 0.2165948 0.2154395 0.2082712 0.0638002 0.0000000 0.2065995 
MW883593_Megalocytivirus_pagrus1_ISKNV 0.0089022 0.1871473 0.0178342 0.2071250 0.1871473 0.0089022 0.0178582 0.0457347 0.2175310 0.0178521 0.1990032 0.2071250 0.0178342 0.0551945 0.0457347 0.2169312 0.0179199 0.0178521 0.0551945 0.2160414 0.2065995 0.0000000 
