14
AF371960_AF371960.1_00098 0.0000000 0.1719621 0.1815500 0.2704326 0.1719621 0.2609240 0.2609240 0.1815500 0.0000010 0.0476362 1.7250463 1.7250463 0.0476362 0.0573568 
AY894343_MK689686.1_00095 0.1719621 0.0000000 0.0471644 0.2123914 0.0000010 0.2011278 0.2011278 0.0471644 0.1719621 0.1411644 1.7157339 1.7157339 0.1411644 0.1517707 
BD143114_MK689686.1_00095 0.1815500 0.0471644 0.0000000 0.2089463 0.0471644 0.1978418 0.1978418 0.0000010 0.1815500 0.1508113 1.7427844 1.7427844 0.1508113 0.1614178 
GQ273492_GQ273492.1_00094 0.2704326 0.2123914 0.2089463 0.0000000 0.2123914 0.0380650 0.0380650 0.2089463 0.2704326 0.2378823 1.5880259 1.5880259 0.2378823 0.2390946 
KC244182_MK689686.1_00095 0.1719621 0.0000010 0.0471644 0.2123914 0.0000000 0.2011278 0.2011278 0.0471644 0.1719621 0.1411644 1.7157339 1.7157339 0.1411644 0.1517707 
MG570131_MG570131.1_00094 0.2609240 0.2011278 0.1978418 0.0380650 0.2011278 0.0000000 0.0000010 0.1978418 0.2609240 0.2283259 1.6265724 1.6265724 0.2283259 0.2294968 
MG570132_MG570132.1_00094 0.2609240 0.2011278 0.1978418 0.0380650 0.2011278 0.0000010 0.0000000 0.1978418 0.2609240 0.2283259 1.6265724 1.6265724 0.2283259 0.2294968 
MK098185_MK689686.1_00095 0.1815500 0.0471644 0.0000010 0.2089463 0.0471644 0.1978418 0.1978418 0.0000000 0.1815500 0.1508113 1.7427844 1.7427844 0.1508113 0.1614178 
MK689685_AF371960.1_00098 0.0000010 0.1719621 0.1815500 0.2704326 0.1719621 0.2609240 0.2609240 0.1815500 0.0000000 0.0476362 1.7250463 1.7250463 0.0476362 0.0573568 
MN432490_AF371960.1_00098 0.0476362 0.1411644 0.1508113 0.2378823 0.1411644 0.2283259 0.2283259 0.1508113 0.0476362 0.0000000 1.7660713 1.7660713 0.0000010 0.0094530 
MN562489_SDDV_ORF050      1.7250463 1.7157339 1.7427844 1.5880259 1.7157339 1.6265724 1.6265724 1.7427844 1.7250463 1.7660713 0.0000000 0.0000010 1.7660713 1.7710314 
MT521409_SDDV_ORF050      1.7250463 1.7157339 1.7427844 1.5880259 1.7157339 1.6265724 1.6265724 1.7427844 1.7250463 1.7660713 0.0000010 0.0000000 1.7660713 1.7710314 
MT986830_AF371960.1_00098 0.0476362 0.1411644 0.1508113 0.2378823 0.1411644 0.2283259 0.2283259 0.1508113 0.0476362 0.0000010 1.7660713 1.7660713 0.0000000 0.0094530 
OP009387_AF371960.1_00098 0.0573568 0.1517707 0.1614178 0.2390946 0.1517707 0.2294968 0.2294968 0.1614178 0.0573568 0.0094530 1.7710314 1.7710314 0.0094530 0.0000000 
