24
MK637631_European_chub_iridovirus_ECIV                   0.0000000 1.2160624 1.1995051 1.2041231 1.2160624 1.2041231 0.6603380 1.2048455 1.2100954 1.1995051 1.2177489 1.2204249 1.2667263 1.2204249 1.2100954 0.6603380 1.2045010 1.2159824 1.2109705 1.2120702 1.2099622 1.2177489 1.2099622 1.2048455 
MW883594_Megalocytivirus_pagrus1_ISKNV                   1.2160624 0.0000000 0.0261366 0.0238061 0.0000010 0.0238061 1.2264948 0.0272985 0.0033404 0.0261366 0.0011097 0.0011096 0.3557649 0.0011096 0.0033404 1.2264948 0.0251257 0.0011098 0.0249764 0.0011097 0.0262802 0.0011097 0.0262802 0.0272985 
MK098185_Megalocytivirus_pagrus1_RSIV                    1.1995051 0.0261366 0.0000000 0.0077993 0.0261366 0.0077993 1.2164899 0.0011090 0.0226260 0.0000010 0.0249826 0.0272881 0.3479325 0.0272881 0.0226260 1.2164899 0.0214499 0.0272927 0.0089264 0.0272892 0.0225899 0.0249826 0.0225899 0.0011090 
MK689686_Megalocytivirus_pagrus1_RSIV                    1.2041231 0.0238061 0.0077993 0.0000000 0.0238061 0.0000010 1.2270848 0.0089218 0.0203140 0.0077993 0.0226564 0.0249536 0.3505698 0.0249536 0.0203140 1.2270848 0.0203323 0.0249578 0.0011094 0.0249546 0.0214725 0.0226564 0.0214725 0.0089218 
MW883596_Megalocytivirus_pagrus1_ISKNV                   1.2160624 0.0000010 0.0261366 0.0238061 0.0000000 0.0238061 1.2264948 0.0272985 0.0033404 0.0261366 0.0011097 0.0011096 0.3557649 0.0011096 0.0033404 1.2264948 0.0251257 0.0011098 0.0249764 0.0011097 0.0262802 0.0011097 0.0262802 0.0272985 
ON743042_Megalocytivirus_pagrus1_RSIV                    1.2041231 0.0238061 0.0077993 0.0000010 0.0238061 0.0000000 1.2270848 0.0089218 0.0203140 0.0077993 0.0226564 0.0249536 0.3505698 0.0249536 0.0203140 1.2270848 0.0203323 0.0249578 0.0011094 0.0249546 0.0214725 0.0226564 0.0214725 0.0089218 
MN562489_Megalocytivirus_lates1_SDDV                     0.6603380 1.2264948 1.2164899 1.2270848 1.2264948 1.2270848 0.0000000 1.2218950 1.2267401 1.2164899 1.2281924 1.2300240 1.1756393 1.2300240 1.2267401 0.0000010 1.2364130 1.2275946 1.2340528 1.2236389 1.2322570 1.2281924 1.2322570 1.2218950 
OL774654_Megalocytivirus_pagrus1_RSIV                    1.2048455 0.0272985 0.0011090 0.0089218 0.0272985 0.0089218 1.2218950 0.0000000 0.0237795 0.0011090 0.0261427 0.0284518 0.3500117 0.0284518 0.0237795 1.2218950 0.0226000 0.0284566 0.0100516 0.0284529 0.0237416 0.0261427 0.0237416 0.0000010 
MW883595_Megalocytivirus_pagrus1_ISKNV                   1.2100954 0.0033404 0.0226260 0.0203140 0.0033404 0.0203140 1.2267401 0.0237795 0.0000000 0.0226260 0.0022247 0.0044564 0.3523400 0.0044564 0.0000010 1.2267401 0.0216021 0.0044572 0.0214740 0.0044566 0.0227501 0.0022247 0.0227501 0.0237795 
AB104413_Megalocytivirus_pagrus1_RSIV                    1.1995051 0.0261366 0.0000010 0.0077993 0.0261366 0.0077993 1.2164899 0.0011090 0.0226260 0.0000000 0.0249826 0.0272881 0.3479325 0.0272881 0.0226260 1.2164899 0.0214499 0.0272927 0.0089264 0.0272892 0.0225899 0.0249826 0.0225899 0.0011090 
PP974677_Megalocytivirus_pagrus1_ISKNV                   1.2177489 0.0011097 0.0249826 0.0226564 0.0011097 0.0226564 1.2281924 0.0261427 0.0022247 0.0249826 0.0000000 0.0022206 0.3543308 0.0022206 0.0022247 1.2281924 0.0239667 0.0022210 0.0238242 0.0022207 0.0251199 0.0000010 0.0251199 0.0261427 
MT128667_Megalocytivirus_pagrus1_ISKNV                   1.2204249 0.0011096 0.0272881 0.0249536 0.0011096 0.0249536 1.2300240 0.0284518 0.0044564 0.0272881 0.0022206 0.0000000 0.3575680 0.0000010 0.0044564 1.2300240 0.0262825 0.0022209 0.0261263 0.0022205 0.0274380 0.0022206 0.0274380 0.0284518 
PQ335173_PQ335174_Threespine_stickleback_iridovirus_TSIV 1.2667263 0.3557649 0.3479325 0.3505698 0.3557649 0.3505698 1.1756393 0.3500117 0.3523400 0.3479325 0.3543308 0.3575680 0.0000000 0.3575680 0.3523400 1.1756393 0.3408222 0.3557117 0.3529399 0.3538963 0.3386728 0.3543308 0.3386728 0.3500117 
MT128666_Megalocytivirus_pagrus1_ISKNV                   1.2204249 0.0011096 0.0272881 0.0249536 0.0011096 0.0249536 1.2300240 0.0284518 0.0044564 0.0272881 0.0022206 0.0000010 0.3575680 0.0000000 0.0044564 1.2300240 0.0262825 0.0022209 0.0261263 0.0022205 0.0274380 0.0022206 0.0274380 0.0284518 
MN432490_Megalocytivirus_pagrus1_ISKNV                   1.2100954 0.0033404 0.0226260 0.0203140 0.0033404 0.0203140 1.2267401 0.0237795 0.0000010 0.0226260 0.0022247 0.0044564 0.3523400 0.0044564 0.0000000 1.2267401 0.0216021 0.0044572 0.0214740 0.0044566 0.0227501 0.0022247 0.0227501 0.0237795 
MT521409_Megalocytivirus_lates1_SDDV                     0.6603380 1.2264948 1.2164899 1.2270848 1.2264948 1.2270848 0.0000010 1.2218950 1.2267401 1.2164899 1.2281924 1.2300240 1.1756393 1.2300240 1.2267401 0.0000000 1.2364130 1.2275946 1.2340528 1.2236389 1.2322570 1.2281924 1.2322570 1.2218950 
GQ273492_Megalocytivirus_pagrus1_TRBIV                   1.2045010 0.0251257 0.0214499 0.0203323 0.0251257 0.0203323 1.2364130 0.0226000 0.0216021 0.0214499 0.0239667 0.0262825 0.3408222 0.0262825 0.0216021 1.2364130 0.0000000 0.0262869 0.0214934 0.0262835 0.0078058 0.0239667 0.0078058 0.0226000 
MK689685_Megalocytivirus_pagrus1_ISKNV                   1.2159824 0.0011098 0.0272927 0.0249578 0.0011098 0.0249578 1.2275946 0.0284566 0.0044572 0.0272927 0.0022210 0.0022209 0.3557117 0.0022209 0.0044572 1.2275946 0.0262869 0.0000000 0.0261307 0.0022209 0.0274426 0.0022210 0.0274426 0.0284566 
MW883598_Megalocytivirus_pagrus1_RSIV                    1.2109705 0.0249764 0.0089264 0.0011094 0.0249764 0.0011094 1.2340528 0.0100516 0.0214740 0.0089264 0.0238242 0.0261263 0.3529399 0.0261263 0.0214740 1.2340528 0.0214934 0.0261307 0.0000000 0.0261273 0.0226358 0.0238242 0.0226358 0.0100516 
PP151097_Megalocytivirus_pagrus1_ISKNV                   1.2120702 0.0011097 0.0272892 0.0249546 0.0011097 0.0249546 1.2236389 0.0284529 0.0044566 0.0272892 0.0022207 0.0022205 0.3538963 0.0022205 0.0044566 1.2236389 0.0262835 0.0022209 0.0261273 0.0000000 0.0274391 0.0022207 0.0274391 0.0284529 
MG570132_Megalocytivirus_pagrus1_TRBIV                   1.2099622 0.0262802 0.0225899 0.0214725 0.0262802 0.0214725 1.2322570 0.0237416 0.0227501 0.0225899 0.0251199 0.0274380 0.3386728 0.0274380 0.0227501 1.2322570 0.0078058 0.0274426 0.0226358 0.0274391 0.0000000 0.0251199 0.0000010 0.0237416 
OP009387_Megalocytivirus_pagrus1_ISKNV                   1.2177489 0.0011097 0.0249826 0.0226564 0.0011097 0.0226564 1.2281924 0.0261427 0.0022247 0.0249826 0.0000010 0.0022206 0.3543308 0.0022206 0.0022247 1.2281924 0.0239667 0.0022210 0.0238242 0.0022207 0.0251199 0.0000000 0.0251199 0.0261427 
MG570131_Megalocytivirus_pagrus1_TRBIV                   1.2099622 0.0262802 0.0225899 0.0214725 0.0262802 0.0214725 1.2322570 0.0237416 0.0227501 0.0225899 0.0251199 0.0274380 0.3386728 0.0274380 0.0227501 1.2322570 0.0078058 0.0274426 0.0226358 0.0274391 0.0000010 0.0251199 0.0000000 0.0237416 
OL774653_Megalocytivirus_pagrus1_RSIV                    1.2048455 0.0272985 0.0011090 0.0089218 0.0272985 0.0089218 1.2218950 0.0000010 0.0237795 0.0011090 0.0261427 0.0284518 0.3500117 0.0284518 0.0237795 1.2218950 0.0226000 0.0284566 0.0100516 0.0284529 0.0237416 0.0261427 0.0237416 0.0000000 
