20
AF303741_AF303741.1_00026          0.0000000 2.2065645 2.0395745 2.2627573 2.2627573 2.2096806 1.3126522 0.2207577 1.4318530 1.9294950 2.7779102 1.3206242 2.2806420 2.2806420 2.2065645 2.1282411 1.8348937 2.1282411 2.1087467 2.2288472 
AF371960_AF371960.1_00121          2.2065645 0.0000000 0.9787474 0.0124257 0.0124257 0.0167691 1.9032973 2.2083065 1.9819823 0.9245705 2.9489364 1.5503472 0.0165808 0.0165808 0.0000010 0.4251480 0.9606807 0.4251480 1.1342335 0.0041296 
AY521625_AY521625.1_00115          2.0395745 0.9787474 0.0000000 1.0043055 1.0043055 1.0261507 1.7710265 2.0465494 1.9156232 0.8403846 2.7831689 1.4586626 1.0068485 1.0068485 0.9787474 1.0482874 0.8342773 1.0482874 0.4655847 0.9802185 
AY894343_MK689686.1_00120          2.2627573 0.0124257 1.0043055 0.0000000 0.0000010 0.0125047 1.9376887 2.2647348 2.0292577 0.9398456 3.0094285 1.5654361 0.0041133 0.0041133 0.0124257 0.4322787 0.9826826 0.4322787 1.1464191 0.0166174 
BD143114_MK689686.1_00120          2.2627573 0.0124257 1.0043055 0.0000010 0.0000000 0.0125047 1.9376887 2.2647348 2.0292577 0.9398456 3.0094285 1.5654361 0.0041133 0.0041133 0.0124257 0.4322787 0.9826826 0.4322787 1.1464191 0.0166174 
GQ273492_GQ273492.1_00118          2.2096806 0.0167691 1.0261507 0.0125047 0.0125047 0.0000000 1.9197536 2.2114320 2.0106609 0.9486717 3.0260910 1.5977674 0.0166858 0.0166858 0.0167691 0.4442034 0.9918269 0.4442034 1.1455716 0.0210245 
HF920633_HF920633.1_00138          1.3126522 1.9032973 1.7710265 1.9376887 1.9376887 1.9197536 0.0000000 1.3604797 0.1708398 1.6088336 2.2720139 1.3119045 1.9529053 1.9529053 1.9032973 1.6603835 1.5231126 1.6603835 1.6592419 1.9222944 
HF920637_HF920637.1_00108          0.2207577 2.2083065 2.0465494 2.2647348 2.2647348 2.2114320 1.3604797 0.0000000 1.3950389 2.1117042 2.8322618 1.4816093 2.2827004 2.2827004 2.2083065 2.1882580 2.0180835 2.1882580 2.0445726 2.2215477 
KF938901_KF938901.1_00074          1.4318530 1.9819823 1.9156232 2.0292577 2.0292577 2.0106609 0.1708398 1.3950389 0.0000000 1.6894905 2.2506799 1.3615289 2.0450991 2.0450991 1.9819823 1.7075201 1.6013502 1.7075201 1.7783318 2.0016588 
KX643370_Lymph_LDV3_KX643370_00056 1.9294950 0.9245705 0.8403846 0.9398456 0.9398456 0.9486717 1.6088336 2.1117042 1.6894905 0.0000000 3.1583412 1.1770301 0.9423100 0.9423100 0.9245705 0.8380310 0.0552999 0.8380310 0.9271592 0.9323290 
LS484712_LS484712.1_00202          2.7779102 2.9489364 2.7831689 3.0094285 3.0094285 3.0260910 2.2720139 2.8322618 2.2506799 3.1583412 0.0000000 2.9021239 3.0028782 3.0028782 2.9489364 2.8550435 2.9898052 2.8550435 2.6492114 2.9816668 
MF599468_MF599468.1_00122          1.3206242 1.5503472 1.4586626 1.5654361 1.5654361 1.5977674 1.3119045 1.4816093 1.3615289 1.1770301 2.9021239 0.0000000 1.5687356 1.5687356 1.5503472 1.4538330 1.1657185 1.4538330 1.5291413 1.5429702 
MG570131_MG570131.1_00118          2.2806420 0.0165808 1.0068485 0.0041133 0.0041133 0.0166858 1.9529053 2.2827004 2.0450991 0.9423100 3.0028782 1.5687356 0.0000000 0.0000010 0.0165808 0.4339036 0.9851988 0.4339036 1.1561697 0.0207879 
MG570132_MG570132.1_00118          2.2806420 0.0165808 1.0068485 0.0041133 0.0041133 0.0166858 1.9529053 2.2827004 2.0450991 0.9423100 3.0028782 1.5687356 0.0000010 0.0000000 0.0165808 0.4339036 0.9851988 0.4339036 1.1561697 0.0207879 
MK689685_AF371960.1_00121          2.2065645 0.0000010 0.9787474 0.0124257 0.0124257 0.0167691 1.9032973 2.2083065 1.9819823 0.9245705 2.9489364 1.5503472 0.0165808 0.0165808 0.0000000 0.4251480 0.9606807 0.4251480 1.1342335 0.0041296 
MN562489_OM037668.1_00078          2.1282411 0.4251480 1.0482874 0.4322787 0.4322787 0.4442034 1.6603835 2.1882580 1.7075201 0.8380310 2.8550435 1.4538330 0.4339036 0.4339036 0.4251480 0.0000000 0.8401006 0.0000010 1.1060183 0.4324529 
MN803438_MN803438.1_00070          1.8348937 0.9606807 0.8342773 0.9826826 0.9826826 0.9918269 1.5231126 2.0180835 1.6013502 0.0552999 2.9898052 1.1657185 0.9851988 0.9851988 0.9606807 0.8401006 0.0000000 0.8401006 0.9247370 0.9685521 
MT521409_OM037668.1_00078          2.1282411 0.4251480 1.0482874 0.4322787 0.4322787 0.4442034 1.6603835 2.1882580 1.7075201 0.8380310 2.8550435 1.4538330 0.4339036 0.4339036 0.4251480 0.0000010 0.8401006 0.0000000 1.1060183 0.4324529 
NC_005946_NC_005946.1_00016        2.1087467 1.1342335 0.4655847 1.1464191 1.1464191 1.1455716 1.6592419 2.0445726 1.7783318 0.9271592 2.6492114 1.5291413 1.1561697 1.1561697 1.1342335 1.1060183 0.9247370 1.1060183 0.0000000 1.1369710 
OP009387_AF371960.1_00121          2.2288472 0.0041296 0.9802185 0.0166174 0.0166174 0.0210245 1.9222944 2.2215477 2.0016588 0.9323290 2.9816668 1.5429702 0.0207879 0.0207879 0.0041296 0.4324529 0.9685521 0.4324529 1.1369710 0.0000000 
