17
MT128666_Megalocytivirus_pagrus1_ISKNV 0.0000000 0.0359908 0.0736491 0.0861906 0.0000010 0.0861906 0.0359908 0.0736620 0.0118737 0.0988266 3.0747015 3.2141367 0.0736491 0.0118737 0.0863156 0.0119198 0.0863156 
MN432490_Megalocytivirus_pagrus1_ISKNV 0.0359908 0.0000000 0.0861998 0.0733184 0.0359908 0.0733184 0.0000010 0.0609231 0.0481664 0.0858170 2.9815323 3.1205121 0.0861998 0.0481664 0.0989541 0.0483641 0.0989541 
GQ273492_Megalocytivirus_pagrus1_TRBIV 0.0736491 0.0861998 0.0000000 0.0864798 0.0736491 0.0864798 0.0861998 0.0739116 0.0862395 0.0991550 2.9233993 3.0420877 0.0000010 0.0862395 0.0118790 0.0866175 0.0118790 
MK098187_Megalocytivirus_pagrus1_RSIV  0.0861906 0.0733184 0.0864798 0.0000000 0.0861906 0.0000010 0.0733184 0.0119608 0.0988631 0.0119490 3.0222194 3.1768713 0.0864798 0.0988631 0.0992794 0.0993040 0.0992794 
MW883597_Megalocytivirus_pagrus1_ISKNV 0.0000010 0.0359908 0.0736491 0.0861906 0.0000000 0.0861906 0.0359908 0.0736620 0.0118737 0.0988266 3.0747015 3.2141367 0.0736491 0.0118737 0.0863156 0.0119198 0.0863156 
MK689686_Megalocytivirus_pagrus1_RSIV  0.0861906 0.0733184 0.0864798 0.0000010 0.0861906 0.0000000 0.0733184 0.0119608 0.0988631 0.0119490 3.0222194 3.1768713 0.0864798 0.0988631 0.0992794 0.0993040 0.0992794 
PP974677_Megalocytivirus_pagrus1_ISKNV 0.0359908 0.0000010 0.0861998 0.0733184 0.0359908 0.0733184 0.0000000 0.0609231 0.0481664 0.0858170 2.9815323 3.1205121 0.0861998 0.0481664 0.0989541 0.0483641 0.0989541 
MW883598_Megalocytivirus_pagrus1_RSIV  0.0736620 0.0609231 0.0739116 0.0119608 0.0736620 0.0119608 0.0609231 0.0000000 0.0862567 0.0240038 3.0884532 3.2424298 0.0739116 0.0862567 0.0866229 0.0866349 0.0866229 
OQ513807_Megalocytivirus_pagrus1_ISKNV 0.0118737 0.0481664 0.0862395 0.0988631 0.0118737 0.0988631 0.0481664 0.0862567 0.0000000 0.1115774 3.0138548 3.1501309 0.0862395 0.0000010 0.0990018 0.0239314 0.0990018 
ON740976_Megalocytivirus_pagrus1_RSIV  0.0988266 0.0858170 0.0991550 0.0119490 0.0988266 0.0119490 0.0858170 0.0240038 0.1115774 0.0000000 2.9564644 3.1071022 0.0991550 0.1115774 0.1120434 0.1120835 0.1120434 
KT804738_Megalocytivirus_pagrus1_RSIV  3.0747015 2.9815323 2.9233993 3.0222194 3.0747015 3.0222194 2.9815323 3.0884532 3.0138548 2.9564644 0.0000000 0.0000010 2.9233993 3.0138548 2.9028477 3.0926299 2.9028477 
AY894343_Megalocytivirus_pagrus1_RSIV  3.2141367 3.1205121 3.0420877 3.1768713 3.2141367 3.1768713 3.1205121 3.2424298 3.1501309 3.1071022 0.0000010 0.0000000 3.0420877 3.1501309 3.0215290 3.2318531 3.0215290 
OK042109_Megalocytivirus_pagrus1_RSIV  0.0736491 0.0861998 0.0000010 0.0864798 0.0736491 0.0864798 0.0861998 0.0739116 0.0862395 0.0991550 2.9233993 3.0420877 0.0000000 0.0862395 0.0118790 0.0866175 0.0118790 
OR670976_Megalocytivirus_pagrus1_ISKNV 0.0118737 0.0481664 0.0862395 0.0988631 0.0118737 0.0988631 0.0481664 0.0862567 0.0000010 0.1115774 3.0138548 3.1501309 0.0862395 0.0000000 0.0990018 0.0239314 0.0990018 
MG570132_Megalocytivirus_pagrus1_TRBIV 0.0863156 0.0989541 0.0118790 0.0992794 0.0863156 0.0992794 0.0989541 0.0866229 0.0990018 0.1120434 2.9028477 3.0215290 0.0118790 0.0990018 0.0000000 0.0994438 0.0000010 
MW883606_Megalocytivirus_pagrus1_ISKNV 0.0119198 0.0483641 0.0866175 0.0993040 0.0119198 0.0993040 0.0483641 0.0866349 0.0239314 0.1120835 3.0926299 3.2318531 0.0866175 0.0239314 0.0994438 0.0000000 0.0994438 
MG570131_Megalocytivirus_pagrus1_TRBIV 0.0863156 0.0989541 0.0118790 0.0992794 0.0863156 0.0992794 0.0989541 0.0866229 0.0990018 0.1120434 2.9028477 3.0215290 0.0118790 0.0990018 0.0000010 0.0994438 0.0000000 
