11
MW883596_Megalocytivirus_pagrus1_ISKNV  0.0000000 0.1339560 0.0822755 0.1095649 0.1095649 0.0000010 0.1339560 0.0613092 0.0199048 0.0637097 0.0199048 
MK098186_Megalocytivirus_pagrus1_RSIV   0.1339560 0.0000000 0.1121658 0.0196659 0.0196659 0.1339560 0.0000010 0.1097212 0.1087308 0.1141373 0.1087308 
MG570131_Megalocytivirus_pagrus1_TRBIV  0.0822755 0.1121658 0.0000000 0.0880946 0.0880946 0.0822755 0.1121658 0.0198331 0.0601021 0.0629681 0.0601021 
ON740976_Megalocytivirus_pagrus1_RSIV   0.1095649 0.0196659 0.0880946 0.0000000 0.0000010 0.1095649 0.0196659 0.0861509 0.0853809 0.0896244 0.0853809 
MK689686_Megalocytivirus_pagrus1_RSIV   0.1095649 0.0196659 0.0880946 0.0000010 0.0000000 0.1095649 0.0196659 0.0861509 0.0853809 0.0896244 0.0853809 
NC_003494_Megalocytivirus_pagrus1_ISKNV 0.0000010 0.1339560 0.0822755 0.1095649 0.1095649 0.0000000 0.1339560 0.0613092 0.0199048 0.0637097 0.0199048 
MK098187_Megalocytivirus_pagrus1_RSIV   0.1339560 0.0000010 0.1121658 0.0196659 0.0196659 0.1339560 0.0000000 0.1097212 0.1087308 0.1141373 0.1087308 
MG570132_Megalocytivirus_pagrus1_TRBIV  0.0613092 0.1097212 0.0198331 0.0861509 0.0861509 0.0613092 0.1097212 0.0000000 0.0397972 0.0417143 0.0397972 
MN432490_Megalocytivirus_pagrus1_ISKNV  0.0199048 0.1087308 0.0601021 0.0853809 0.0853809 0.0199048 0.1087308 0.0397972 0.0000000 0.0413471 0.0000010 
GQ273492_Megalocytivirus_pagrus1_TRBIV  0.0637097 0.1141373 0.0629681 0.0896244 0.0896244 0.0637097 0.1141373 0.0417143 0.0413471 0.0000000 0.0413471 
MW883595_Megalocytivirus_pagrus1_ISKNV  0.0199048 0.1087308 0.0601021 0.0853809 0.0853809 0.0199048 0.1087308 0.0397972 0.0000010 0.0413471 0.0000000 
