30
MK637631_European_chub_iridovirus_ECIV                   0.0000000 1.0375890 1.0409462 1.0403480 2.3327293 1.0367894 2.8313481 0.4809493 1.0375890 0.4809493 1.0414162 1.0409462 2.1294629 2.7605124 2.2208428 1.0414162 1.0340402 1.0294095 1.0394873 1.1080158 1.0394873 1.0367894 1.0340402 2.2369510 3.0258762 1.0370548 2.9522109 2.8106683 2.6591803 1.0370548 
MW883603_Megalocytivirus_pagrus1_ISKNV                   1.0375890 0.0000000 0.0219899 0.0199740 2.1531536 0.0019731 2.5210221 1.0475841 0.0000010 1.0475841 0.0019717 0.0219899 1.9123560 2.4629480 2.2184928 0.0019717 0.0159792 0.0220438 0.0260401 0.3112128 0.0260401 0.0019731 0.0159792 1.8676746 2.6869636 0.0019762 2.7249891 2.5779269 2.2890401 0.0019762 
AY894343_Megalocytivirus_pagrus1_RSIV                    1.0409462 0.0219899 0.0000000 0.0019729 2.1798890 0.0240182 2.5202056 1.0466326 0.0219899 1.0466326 0.0240009 0.0000010 1.9093771 2.5079352 2.2254387 0.0240009 0.0220345 0.0220120 0.0039500 0.3160749 0.0039500 0.0240182 0.0220345 1.8987714 2.6769410 0.0240554 2.7469210 2.5897758 2.3165041 0.0240554 
MW883598_Megalocytivirus_pagrus1_RSIV                    1.0403480 0.0199740 0.0019729 0.0000000 2.1798890 0.0219991 2.5132626 1.0516762 0.0199740 1.0516762 0.0219833 0.0019729 1.9070602 2.5079352 2.2254387 0.0219833 0.0200154 0.0199940 0.0059305 0.3188626 0.0059305 0.0219991 0.0200154 1.8964968 2.6769410 0.0220323 2.7469210 2.5824794 2.3165041 0.0220323 
KF938901_Chloriridovirus_anopheles1_n/a                  2.3327293 2.1531536 2.1798890 2.1798890 0.0000000 2.1512662 2.5005418 2.2764671 2.1531536 2.2764671 2.1592118 2.1798890 2.4185838 1.7684847 0.3618408 2.1592118 2.1638493 2.1602884 2.1799463 2.1852611 2.1799463 2.1512662 2.1638493 2.6339349 2.4563405 2.1508136 1.7008877 2.6072285 1.6743785 2.1508136 
MW883599_Megalocytivirus_pagrus1_ISKNV                   1.0367894 0.0019731 0.0240182 0.0219991 2.1512662 0.0000000 2.4989117 1.0399461 0.0019731 1.0399461 0.0039481 0.0240182 1.8971243 2.4607687 2.2165932 0.0039481 0.0179984 0.0240783 0.0280774 0.3118446 0.0280774 0.0000010 0.0179984 1.8528870 2.6908603 0.0039571 2.7226865 2.5550566 2.3057065 0.0039571 
MN803438_Lymphocystivirus_micropogonias1_n/a             2.8313481 2.5210221 2.5202056 2.5132626 2.5005418 2.4989117 0.0000000 2.7278490 2.5210221 2.7278490 2.5278517 2.5202056 2.1414640 2.5506878 2.4842605 2.5278517 2.5225919 2.5126491 2.5192826 2.6738184 2.5192826 2.4989117 2.5225919 2.2122037 2.9627523 2.5361785 3.0777552 0.1573761 2.5683046 2.5361785 
OM037668_Megalocytivirus_lates1_SDDV                     0.4809493 1.0475841 1.0466326 1.0516762 2.2764671 1.0399461 2.7278490 0.0000000 1.0475841 0.0000010 1.0514102 1.0466326 2.2100596 2.7486861 2.2991456 1.0514102 1.0328877 1.0403753 1.0451822 1.0729285 1.0451822 1.0399461 1.0328877 2.2122514 2.9525507 1.0539624 2.9679940 2.7756971 2.7030751 1.0539624 
ON212400_Megalocytivirus_pagrus1_ISKNV                   1.0375890 0.0000010 0.0219899 0.0199740 2.1531536 0.0019731 2.5210221 1.0475841 0.0000000 1.0475841 0.0019717 0.0219899 1.9123560 2.4629480 2.2184928 0.0019717 0.0159792 0.0220438 0.0260401 0.3112128 0.0260401 0.0019731 0.0159792 1.8676746 2.6869636 0.0019762 2.7249891 2.5779269 2.2890401 0.0019762 
MN562489_Megalocytivirus_lates1_SDDV                     0.4809493 1.0475841 1.0466326 1.0516762 2.2764671 1.0399461 2.7278490 0.0000010 1.0475841 0.0000000 1.0514102 1.0466326 2.2100596 2.7486861 2.2991456 1.0514102 1.0328877 1.0403753 1.0451822 1.0729285 1.0451822 1.0399461 1.0328877 2.2122514 2.9525507 1.0539624 2.9679940 2.7756971 2.7030751 1.0539624 
MT986830_Megalocytivirus_pagrus1_ISKNV                   1.0414162 0.0019717 0.0240009 0.0219833 2.1592118 0.0039481 2.5278517 1.0514102 0.0019717 1.0514102 0.0000000 0.0240009 1.9179688 2.4659679 2.2126307 0.0000010 0.0179855 0.0240609 0.0280570 0.3137909 0.0280570 0.0039481 0.0179855 1.8731973 2.6944211 0.0039544 2.7283121 2.5848767 2.2917584 0.0039544 
OL774653_Megalocytivirus_pagrus1_RSIV                    1.0409462 0.0219899 0.0000010 0.0019729 2.1798890 0.0240182 2.5202056 1.0466326 0.0219899 1.0466326 0.0240009 0.0000000 1.9093771 2.5079352 2.2254387 0.0240009 0.0220345 0.0220120 0.0039500 0.3160749 0.0039500 0.0240182 0.0220345 1.8987714 2.6769410 0.0240554 2.7469210 2.5897758 2.3165041 0.0240554 
NC_005946_Ranavirus_rana1_n/a                            2.1294629 1.9123560 1.9093771 1.9070602 2.4185838 1.8971243 2.1414640 2.2100596 1.9123560 2.2100596 1.9179688 1.9093771 0.0000000 2.7619341 2.7513229 1.9179688 1.9314506 1.9310760 1.9091970 2.0211253 1.9091970 1.8971243 1.9314506 0.6187156 2.8601956 1.9123260 3.1321916 2.1064330 2.5642040 1.9123260 
HF920637_Iridovirus_armadillidium1_n/a                   2.7605124 2.4629480 2.5079352 2.5079352 1.7684847 2.4607687 2.5506878 2.7486861 2.4629480 2.7486861 2.4659679 2.5079352 2.7619341 0.0000000 1.7552640 2.4659679 2.4672256 2.4931881 2.5090075 2.5963345 2.5090075 2.4607687 2.4672256 2.8548709 2.1270480 2.4604242 2.1671086 2.6751010 0.4382919 2.4604242 
HF920633_Chloriridovirus_simulium1_n/a                   2.2208428 2.2184928 2.2254387 2.2254387 0.3618408 2.2165932 2.4842605 2.2991456 2.2184928 2.2991456 2.2126307 2.2254387 2.7513229 1.7552640 0.0000000 2.2126307 2.2279592 2.2429343 2.2254957 2.1533403 2.2254957 2.2165932 2.2279592 2.9075484 2.4933836 2.2161756 1.6619414 2.5337343 1.7617534 2.2161756 
PP974677_Megalocytivirus_pagrus1_ISKNV                   1.0414162 0.0019717 0.0240009 0.0219833 2.1592118 0.0039481 2.5278517 1.0514102 0.0019717 1.0514102 0.0000010 0.0240009 1.9179688 2.4659679 2.2126307 0.0000000 0.0179855 0.0240609 0.0280570 0.3137909 0.0280570 0.0039481 0.0179855 1.8731973 2.6944211 0.0039544 2.7283121 2.5848767 2.2917584 0.0039544 
MG570131_Megalocytivirus_pagrus1_TRBIV                   1.0340402 0.0159792 0.0220345 0.0200154 2.1638493 0.0179984 2.5225919 1.0328877 0.0159792 1.0328877 0.0179855 0.0220345 1.9314506 2.4672256 2.2279592 0.0179855 0.0000000 0.0160167 0.0260940 0.3113875 0.0260940 0.0179984 0.0000010 1.8726030 2.7328227 0.0180266 2.7353126 2.5771581 2.2921329 0.0180266 
GQ273492_Megalocytivirus_pagrus1_TRBIV                   1.0294095 0.0220438 0.0220120 0.0199940 2.1602884 0.0240783 2.5126491 1.0403753 0.0220438 1.0403753 0.0240609 0.0220120 1.9310760 2.4931881 2.2429343 0.0240609 0.0160167 0.0000000 0.0260664 0.3116039 0.0260664 0.0240783 0.0160167 1.8945062 2.7020337 0.0241147 2.7799576 2.5669351 2.3117809 0.0241147 
MK098185_Megalocytivirus_pagrus1_RSIV                    1.0394873 0.0260401 0.0039500 0.0059305 2.1799463 0.0280774 2.5192826 1.0451822 0.0260401 1.0451822 0.0280570 0.0039500 1.9091970 2.5090075 2.2254957 0.0280570 0.0260940 0.0260664 0.0000000 0.3155698 0.0000010 0.0280774 0.0260940 1.8985382 2.6838329 0.0281208 2.7756423 2.5888220 2.3044011 0.0281208 
PQ335173_PQ335174_Threespine_stickleback_iridovirus_TSIV 1.1080158 0.3112128 0.3160749 0.3188626 2.1852611 0.3118446 2.6738184 1.0729285 0.3112128 1.0729285 0.3137909 0.3160749 2.0211253 2.5963345 2.1533403 0.3137909 0.3113875 0.3116039 0.3155698 0.0000000 0.3155698 0.3118446 0.3113875 1.9646976 2.8209347 0.3145307 2.7861477 2.7144278 2.4618728 0.3145307 
MK098186_Megalocytivirus_pagrus1_RSIV                    1.0394873 0.0260401 0.0039500 0.0059305 2.1799463 0.0280774 2.5192826 1.0451822 0.0260401 1.0451822 0.0280570 0.0039500 1.9091970 2.5090075 2.2254957 0.0280570 0.0260940 0.0260664 0.0000010 0.3155698 0.0000000 0.0280774 0.0260940 1.8985382 2.6838329 0.0281208 2.7756423 2.5888220 2.3044011 0.0281208 
MW883601_Megalocytivirus_pagrus1_ISKNV                   1.0367894 0.0019731 0.0240182 0.0219991 2.1512662 0.0000010 2.4989117 1.0399461 0.0019731 1.0399461 0.0039481 0.0240182 1.8971243 2.4607687 2.2165932 0.0039481 0.0179984 0.0240783 0.0280774 0.3118446 0.0280774 0.0000000 0.0179984 1.8528870 2.6908603 0.0039571 2.7226865 2.5550566 2.3057065 0.0039571 
MG570132_Megalocytivirus_pagrus1_TRBIV                   1.0340402 0.0159792 0.0220345 0.0200154 2.1638493 0.0179984 2.5225919 1.0328877 0.0159792 1.0328877 0.0179855 0.0220345 1.9314506 2.4672256 2.2279592 0.0179855 0.0000010 0.0160167 0.0260940 0.3113875 0.0260940 0.0179984 0.0000000 1.8726030 2.7328227 0.0180266 2.7353126 2.5771581 2.2921329 0.0180266 
AY521625_Ranavirus_epinephelus1_n/a                      2.2369510 1.8676746 1.8987714 1.8964968 2.6339349 1.8528870 2.2122037 2.2122514 1.8676746 2.2122514 1.8731973 1.8987714 0.6187156 2.8548709 2.9075484 1.8731973 1.8726030 1.8945062 1.8985382 1.9646976 1.8985382 1.8528870 1.8726030 0.0000000 3.0270576 1.8671413 3.3516957 2.2550639 2.6690149 1.8671413 
MF599468_Decapodiridovirus_litopenaeus1_n/a              3.0258762 2.6869636 2.6769410 2.6769410 2.4563405 2.6908603 2.9627523 2.9525507 2.6869636 2.9525507 2.6944211 2.6769410 2.8601956 2.1270480 2.4933836 2.6944211 2.7328227 2.7020337 2.6838329 2.8209347 2.6838329 2.6908603 2.7328227 3.0270576 0.0000000 2.6870710 2.7360222 3.1023494 2.1651110 2.6870710 
MT128666_Megalocytivirus_pagrus1_ISKNV                   1.0370548 0.0019762 0.0240554 0.0220323 2.1508136 0.0039571 2.5361785 1.0539624 0.0019762 1.0539624 0.0039544 0.0240554 1.9123260 2.4604242 2.2161756 0.0039544 0.0180266 0.0241147 0.0281208 0.3145307 0.0281208 0.0039571 0.0180266 1.8671413 2.6870710 0.0000000 2.7224327 2.5935496 2.2866313 0.0000010 
LS484712_Daphniairidovirus_daphnia1_n/a                  2.9522109 2.7249891 2.7469210 2.7469210 1.7008877 2.7226865 3.0777552 2.9679940 2.7249891 2.9679940 2.7283121 2.7469210 3.1321916 2.1671086 1.6619414 2.7283121 2.7353126 2.7799576 2.7756423 2.7861477 2.7756423 2.7226865 2.7353126 3.3516957 2.7360222 2.7224327 0.0000000 3.1313159 1.8980030 2.7224327 
KX643370_Lymphocystivirus_sparus1_n/a                    2.8106683 2.5779269 2.5897758 2.5824794 2.6072285 2.5550566 0.1573761 2.7756971 2.5779269 2.7756971 2.5848767 2.5897758 2.1064330 2.6751010 2.5337343 2.5848767 2.5771581 2.5669351 2.5888220 2.7144278 2.5888220 2.5550566 2.5771581 2.2550639 3.1023494 2.5935496 3.1313159 0.0000000 2.6747312 2.5935496 
AF303741_Iridovirus_chilo1_n/a                           2.6591803 2.2890401 2.3165041 2.3165041 1.6743785 2.3057065 2.5683046 2.7030751 2.2890401 2.7030751 2.2917584 2.3165041 2.5642040 0.4382919 1.7617534 2.2917584 2.2921329 2.3117809 2.3044011 2.4618728 2.3044011 2.3057065 2.2921329 2.6690149 2.1651110 2.2866313 1.8980030 2.6747312 0.0000000 2.2866313 
MT128667_Megalocytivirus_pagrus1_ISKNV                   1.0370548 0.0019762 0.0240554 0.0220323 2.1508136 0.0039571 2.5361785 1.0539624 0.0019762 1.0539624 0.0039544 0.0240554 1.9123260 2.4604242 2.2161756 0.0039544 0.0180266 0.0241147 0.0281208 0.3145307 0.0281208 0.0039571 0.0180266 1.8671413 2.6870710 0.0000010 2.7224327 2.5935496 2.2866313 0.0000000 
