29
MW883603_Megalocytivirus_pagrus1_ISKNV                   0.0000000 0.0219866 0.0199720 2.1370142 0.0019730 2.5046712 1.0418147 0.0000010 1.0418147 0.0019717 0.0219866 1.8982065 2.4470929 2.2013563 0.0019717 0.0159768 0.0220410 0.0260358 0.3105591 0.0260358 0.0019730 0.0159768 1.8540044 2.6635430 0.0019762 2.7016060 2.5627512 2.2699643 0.0019762 
AY894343_Megalocytivirus_pagrus1_RSIV                    0.0219866 0.0000000 0.0019729 2.1633246 0.0240141 2.5039736 1.0409529 0.0219866 1.0409529 0.0239972 0.0000010 1.8954408 2.4916356 2.2079594 0.0239972 0.0220317 0.0220089 0.0039499 0.3154118 0.0039499 0.0240141 0.0220317 1.8849862 2.6547136 0.0240512 2.7239822 2.5744413 2.2975909 0.0240512 
MW883598_Megalocytivirus_pagrus1_RSIV                    0.0199720 0.0019729 0.0000000 2.1633246 0.0219955 2.4970133 1.0459390 0.0199720 1.0459390 0.0219801 0.0019729 1.8931537 2.4916356 2.2079594 0.0219801 0.0200120 0.0199923 0.0059303 0.3181918 0.0059303 0.0219955 0.0200120 1.8827413 2.6547136 0.0220295 2.7239822 2.5671084 2.2975909 0.0220295 
KF938901_Chloriridovirus_anopheles1_n/a                  2.1370142 2.1633246 2.1633246 0.0000000 2.1350963 2.4887217 2.2621664 2.1370142 2.2621664 2.1428061 2.1633246 2.4047141 1.7555948 0.3609999 2.1428061 2.1479539 2.1446497 2.1633758 2.1697406 2.1633758 2.1350963 2.1479539 2.6190282 2.4388784 2.1346506 1.6883459 2.5967625 1.6631294 2.1346506 
MW883599_Megalocytivirus_pagrus1_ISKNV                   0.0019730 0.0240141 0.0219955 2.1350963 0.0000000 2.4829254 1.0342405 0.0019730 1.0342405 0.0039480 0.0240141 1.8831850 2.4448655 2.1994271 0.0039480 0.0179954 0.0240737 0.0280723 0.3111829 0.0280723 0.0000010 0.0179954 1.8394137 2.6674349 0.0039569 2.6992581 2.5402333 2.2864161 0.0039569 
MN803438_Lymphocystivirus_micropogonias1_n/a             2.5046712 2.5039736 2.4970133 2.4887217 2.4829254 0.0000000 2.7122558 2.5046712 2.7122558 2.5111132 2.5039736 2.1264120 2.5375207 2.4693071 2.5111132 2.5067473 2.4969512 2.5030259 2.6559935 2.5030259 2.4829254 2.5067473 2.1958925 2.9473245 2.5195402 3.0559489 0.1571961 2.5524354 2.5195402 
OM037668_Megalocytivirus_lates1_SDDV                     1.0418147 1.0409529 1.0459390 2.2621664 1.0342405 2.7122558 0.0000000 1.0418147 0.0000010 1.0455929 1.0409529 2.1940747 2.7335126 2.2846022 1.0455929 1.0272731 1.0347182 1.0394946 1.0668738 1.0394946 1.0342405 1.0272731 2.1955956 2.9272876 1.0481435 2.9416811 2.7633409 2.6820862 1.0481435 
ON212400_Megalocytivirus_pagrus1_ISKNV                   0.0000010 0.0219866 0.0199720 2.1370142 0.0019730 2.5046712 1.0418147 0.0000000 1.0418147 0.0019717 0.0219866 1.8982065 2.4470929 2.2013563 0.0019717 0.0159768 0.0220410 0.0260358 0.3105591 0.0260358 0.0019730 0.0159768 1.8540044 2.6635430 0.0019762 2.7016060 2.5627512 2.2699643 0.0019762 
MN562489_Megalocytivirus_lates1_SDDV                     1.0418147 1.0409529 1.0459390 2.2621664 1.0342405 2.7122558 0.0000010 1.0418147 0.0000000 1.0455929 1.0409529 2.1940747 2.7335126 2.2846022 1.0455929 1.0272731 1.0347182 1.0394946 1.0668738 1.0394946 1.0342405 1.0272731 2.1955956 2.9272876 1.0481435 2.9416811 2.7633409 2.6820862 1.0481435 
MT986830_Megalocytivirus_pagrus1_ISKNV                   0.0019717 0.0239972 0.0219801 2.1428061 0.0039480 2.5111132 1.0455929 0.0019717 1.0455929 0.0000000 0.0239972 1.9036179 2.4501339 2.1957941 0.0000010 0.0179828 0.0240567 0.0280524 0.3131324 0.0280524 0.0039480 0.0179828 1.8593373 2.6709924 0.0039543 2.7049358 2.5692969 2.2726885 0.0039543 
OL774653_Megalocytivirus_pagrus1_RSIV                    0.0219866 0.0000010 0.0019729 2.1633246 0.0240141 2.5039736 1.0409529 0.0219866 1.0409529 0.0239972 0.0000000 1.8954408 2.4916356 2.2079594 0.0239972 0.0220317 0.0220089 0.0039499 0.3154118 0.0039499 0.0240141 0.0220317 1.8849862 2.6547136 0.0240512 2.7239822 2.5744413 2.2975909 0.0240512 
NC_005946_Ranavirus_rana1_n/a                            1.8982065 1.8954408 1.8931537 2.4047141 1.8831850 2.1264120 2.1940747 1.8982065 2.1940747 1.9036179 1.8954408 0.0000000 2.7418480 2.7360693 1.9036179 1.9172782 1.9169358 1.8952553 2.0044642 1.8952553 1.8831850 1.9172782 0.6163916 2.8459504 1.8981724 3.1067925 2.0908772 2.5472174 1.8981724 
HF920637_Iridovirus_armadillidium1_n/a                   2.4470929 2.4916356 2.4916356 1.7555948 2.4448655 2.5375207 2.7335126 2.4470929 2.7335126 2.4501339 2.4916356 2.7418480 0.0000000 1.7420751 2.4501339 2.4510622 2.4768237 2.4927060 2.5764443 2.4927060 2.4448655 2.4510622 2.8297316 2.1113038 2.4445368 2.1533655 2.6604499 0.4369265 2.4445368 
HF920633_Chloriridovirus_simulium1_n/a                   2.2013563 2.2079594 2.2079594 0.3609999 2.1994271 2.4693071 2.2846022 2.2013563 2.2846022 2.1957941 2.2079594 2.7360693 1.7420751 0.0000000 2.1957941 2.2110132 2.2263358 2.2080094 2.1368008 2.2080094 2.1994271 2.2110132 2.8909620 2.4756026 2.1990183 1.6499973 2.5194528 1.7488813 2.1990183 
PP974677_Megalocytivirus_pagrus1_ISKNV                   0.0019717 0.0239972 0.0219801 2.1428061 0.0039480 2.5111132 1.0455929 0.0019717 1.0455929 0.0000010 0.0239972 1.9036179 2.4501339 2.1957941 0.0000000 0.0179828 0.0240567 0.0280524 0.3131324 0.0280524 0.0039480 0.0179828 1.8593373 2.6709924 0.0039543 2.7049358 2.5692969 2.2726885 0.0039543 
MG570131_Megalocytivirus_pagrus1_TRBIV                   0.0159768 0.0220317 0.0200120 2.1479539 0.0179954 2.5067473 1.0272731 0.0159768 1.0272731 0.0179828 0.0220317 1.9172782 2.4510622 2.2110132 0.0179828 0.0000000 0.0160140 0.0260892 0.3107283 0.0260892 0.0179954 0.0000010 1.8587315 2.7091971 0.0180235 2.7122127 2.5619795 2.2727681 0.0180235 
GQ273492_Megalocytivirus_pagrus1_TRBIV                   0.0220410 0.0220089 0.0199923 2.1446497 0.0240737 2.4969512 1.0347182 0.0220410 1.0347182 0.0240567 0.0220089 1.9169358 2.4768237 2.2263358 0.0240567 0.0160140 0.0000000 0.0260625 0.3109456 0.0260625 0.0240737 0.0160140 1.8804413 2.6786431 0.0241110 2.7563964 2.5519047 2.2921509 0.0241110 
MK098185_Megalocytivirus_pagrus1_RSIV                    0.0260358 0.0039499 0.0059303 2.1633758 0.0280723 2.5030259 1.0394946 0.0260358 1.0394946 0.0280524 0.0039499 1.8952553 2.4927060 2.2080094 0.0280524 0.0260892 0.0260625 0.0000000 0.3149116 0.0000010 0.0280723 0.0260892 1.8847426 2.6616165 0.0281154 2.7515224 2.5734610 2.2859033 0.0281154 
PQ335173_PQ335174_Threespine_stickleback_iridovirus_TSIV 0.3105591 0.3154118 0.3181918 2.1697406 0.3111829 2.6559935 1.0668738 0.3105591 1.0668738 0.3131324 0.3154118 2.0044642 2.5764443 2.1368008 0.3131324 0.3107283 0.3109456 0.3149116 0.0000000 0.3149116 0.3111829 0.3107283 1.9497115 2.7964121 0.3138653 2.7614708 2.6974436 2.4403863 0.3138653 
MK098186_Megalocytivirus_pagrus1_RSIV                    0.0260358 0.0039499 0.0059303 2.1633758 0.0280723 2.5030259 1.0394946 0.0260358 1.0394946 0.0280524 0.0039499 1.8952553 2.4927060 2.2080094 0.0280524 0.0260892 0.0260625 0.0000010 0.3149116 0.0000000 0.0280723 0.0260892 1.8847426 2.6616165 0.0281154 2.7515224 2.5734610 2.2859033 0.0281154 
MW883601_Megalocytivirus_pagrus1_ISKNV                   0.0019730 0.0240141 0.0219955 2.1350963 0.0000010 2.4829254 1.0342405 0.0019730 1.0342405 0.0039480 0.0240141 1.8831850 2.4448655 2.1994271 0.0039480 0.0179954 0.0240737 0.0280723 0.3111829 0.0280723 0.0000000 0.0179954 1.8394137 2.6674349 0.0039569 2.6992581 2.5402333 2.2864161 0.0039569 
MG570132_Megalocytivirus_pagrus1_TRBIV                   0.0159768 0.0220317 0.0200120 2.1479539 0.0179954 2.5067473 1.0272731 0.0159768 1.0272731 0.0179828 0.0220317 1.9172782 2.4510622 2.2110132 0.0179828 0.0000010 0.0160140 0.0260892 0.3107283 0.0260892 0.0179954 0.0000000 1.8587315 2.7091971 0.0180235 2.7122127 2.5619795 2.2727681 0.0180235 
AY521625_Ranavirus_epinephelus1_n/a                      1.8540044 1.8849862 1.8827413 2.6190282 1.8394137 2.1958925 2.1955956 1.8540044 2.1955956 1.8593373 1.8849862 0.6163916 2.8297316 2.8909620 1.8593373 1.8587315 1.8804413 1.8847426 1.9497115 1.8847426 1.8394137 1.8587315 0.0000000 3.0091187 1.8534552 3.3226544 2.2398342 2.6477845 1.8534552 
MF599468_Decapodiridovirus_litopenaeus1_n/a              2.6635430 2.6547136 2.6547136 2.4388784 2.6674349 2.9473245 2.9272876 2.6635430 2.9272876 2.6709924 2.6547136 2.8459504 2.1113038 2.4756026 2.6709924 2.7091971 2.6786431 2.6616165 2.7964121 2.6616165 2.6674349 2.7091971 3.0091187 0.0000000 2.6636435 2.7174548 3.0860271 2.1497012 2.6636435 
MT128666_Megalocytivirus_pagrus1_ISKNV                   0.0019762 0.0240512 0.0220295 2.1346506 0.0039569 2.5195402 1.0481435 0.0019762 1.0481435 0.0039543 0.0240512 1.8981724 2.4445368 2.1990183 0.0039543 0.0180235 0.0241110 0.0281154 0.3138653 0.0281154 0.0039569 0.0180235 1.8534552 2.6636435 0.0000000 2.6990246 2.5780921 2.2675332 0.0000010 
LS484712_Daphniairidovirus_daphnia1_n/a                  2.7016060 2.7239822 2.7239822 1.6883459 2.6992581 3.0559489 2.9416811 2.7016060 2.9416811 2.7049358 2.7239822 3.1067925 2.1533655 1.6499973 2.7049358 2.7122127 2.7563964 2.7515224 2.7614708 2.7515224 2.6992581 2.7122127 3.3226544 2.7174548 2.6990246 0.0000000 3.1090901 1.8843172 2.6990246 
KX643370_Lymphocystivirus_sparus1_n/a                    2.5627512 2.5744413 2.5671084 2.5967625 2.5402333 0.1571961 2.7633409 2.5627512 2.7633409 2.5692969 2.5744413 2.0908772 2.6604499 2.5194528 2.5692969 2.5619795 2.5519047 2.5734610 2.6974436 2.5734610 2.5402333 2.5619795 2.2398342 3.0860271 2.5780921 3.1090901 0.0000000 2.6563119 2.5780921 
AF303741_Iridovirus_chilo1_n/a                           2.2699643 2.2975909 2.2975909 1.6631294 2.2864161 2.5524354 2.6820862 2.2699643 2.6820862 2.2726885 2.2975909 2.5472174 0.4369265 1.7488813 2.2726885 2.2727681 2.2921509 2.2859033 2.4403863 2.2859033 2.2864161 2.2727681 2.6477845 2.1497012 2.2675332 1.8843172 2.6563119 0.0000000 2.2675332 
MT128667_Megalocytivirus_pagrus1_ISKNV                   0.0019762 0.0240512 0.0220295 2.1346506 0.0039569 2.5195402 1.0481435 0.0019762 1.0481435 0.0039543 0.0240512 1.8981724 2.4445368 2.1990183 0.0039543 0.0180235 0.0241110 0.0281154 0.3138653 0.0281154 0.0039569 0.0180235 1.8534552 2.6636435 0.0000010 2.6990246 2.5780921 2.2675332 0.0000000 
