9
MT128667_Megalocytivirus_pagrus1_ISKNV    0.0000000 0.4284799 0.0000010 0.4284799 0.4871502 0.3727475 0.3727475 0.4050316 0.4871502 
OL774654_Megalocytivirus_pagrus1_RSIV     0.4284799 0.0000000 0.4284799 0.0000010 0.2439546 0.0569186 0.0569186 0.2476321 0.2439546 
23043610005_Megalocytivirus_pagrus1_ISKNV 0.0000010 0.4284799 0.0000000 0.4284799 0.4871502 0.3727475 0.3727475 0.4050316 0.4871502 
ON075463_Megalocytivirus_pagrus1_RSIV     0.4284799 0.0000010 0.4284799 0.0000000 0.2439546 0.0569186 0.0569186 0.2476321 0.2439546 
MG570132_Megalocytivirus_pagrus1_TRBIV    0.4871502 0.2439546 0.4871502 0.2439546 0.0000000 0.3035122 0.3035122 0.1976730 0.0000010 
MK098187_Megalocytivirus_pagrus1_RSIV     0.3727475 0.0569186 0.3727475 0.0569186 0.3035122 0.0000000 0.0000010 0.3079606 0.3035122 
OL774655_Megalocytivirus_pagrus1_RSIV     0.3727475 0.0569186 0.3727475 0.0569186 0.3035122 0.0000010 0.0000000 0.3079606 0.3035122 
GQ273492_Megalocytivirus_pagrus1_TRBIV    0.4050316 0.2476321 0.4050316 0.2476321 0.1976730 0.3079606 0.3079606 0.0000000 0.1976730 
MG570131_Megalocytivirus_pagrus1_TRBIV    0.4871502 0.2439546 0.4871502 0.2439546 0.0000010 0.3035122 0.3035122 0.1976730 0.0000000 
