18
BD143114_Megalocytivirus_pagrus1_RSIV  0.0000000 0.0885925 0.0297923 0.0944215 0.0885925 0.0025994 0.0025994 0.0992513 0.0297923 0.0917134 0.0000010 0.0159040 0.0959501 0.0979891 0.0950735 0.0052087 0.0944215 0.0917134 
MW273354_Megalocytivirus_pagrus1_ISKNV 0.0885925 0.0000000 0.0933168 0.0027591 0.0000010 0.0854095 0.0854095 0.0990463 0.0933168 0.0026337 0.0885925 0.0826271 0.1024450 0.1024004 0.0052874 0.0885608 0.0027591 0.0026337 
AY894343_Megalocytivirus_pagrus1_RSIV  0.0297923 0.0933168 0.0000000 0.0993434 0.0933168 0.0270309 0.0270309 0.0963166 0.0000010 0.0964921 0.0297923 0.0133037 0.0968212 0.0988682 0.0999218 0.0297848 0.0993434 0.0964921 
MW883597_Megalocytivirus_pagrus1_ISKNV 0.0944215 0.0027591 0.0993434 0.0000000 0.0027591 0.0911666 0.0911666 0.1053676 0.0993434 0.0055180 0.0944215 0.0883429 0.1088313 0.1087816 0.0055759 0.0943865 0.0000010 0.0055180 
MT986830_Megalocytivirus_pagrus1_ISKNV 0.0885925 0.0000010 0.0933168 0.0027591 0.0000000 0.0854095 0.0854095 0.0990463 0.0933168 0.0026337 0.0885925 0.0826271 0.1024450 0.1024004 0.0052874 0.0885608 0.0027591 0.0026337 
MK098186_Megalocytivirus_pagrus1_RSIV  0.0025994 0.0854095 0.0270309 0.0911666 0.0854095 0.0000000 0.0000010 0.0960958 0.0270309 0.0885258 0.0025994 0.0132271 0.0928147 0.0948802 0.0918736 0.0025989 0.0911666 0.0885258 
OL774653_Megalocytivirus_pagrus1_RSIV  0.0025994 0.0854095 0.0270309 0.0911666 0.0854095 0.0000010 0.0000000 0.0960958 0.0270309 0.0885258 0.0025994 0.0132271 0.0928147 0.0948802 0.0918736 0.0025989 0.0911666 0.0885258 
GQ273492_Megalocytivirus_pagrus1_TRBIV 0.0992513 0.0990463 0.0963166 0.1053676 0.0990463 0.0960958 0.0960958 0.0000000 0.0963166 0.0956739 0.0992513 0.0858815 0.0391874 0.0334527 0.1058571 0.0992152 0.1053676 0.0956739 
KC244182_Megalocytivirus_pagrus1_RSIV  0.0297923 0.0933168 0.0000010 0.0993434 0.0933168 0.0270309 0.0270309 0.0963166 0.0000000 0.0964921 0.0297923 0.0133037 0.0968212 0.0988682 0.0999218 0.0297848 0.0993434 0.0964921 
OQ513807_Megalocytivirus_pagrus1_ISKNV 0.0917134 0.0026337 0.0964921 0.0055180 0.0026337 0.0885258 0.0885258 0.0956739 0.0964921 0.0000000 0.0917134 0.0857516 0.1057106 0.0990279 0.0079428 0.0916804 0.0055180 0.0000010 
AB104413_Megalocytivirus_pagrus1_RSIV  0.0000010 0.0885925 0.0297923 0.0944215 0.0885925 0.0025994 0.0025994 0.0992513 0.0297923 0.0917134 0.0000000 0.0159040 0.0959501 0.0979891 0.0950735 0.0052087 0.0944215 0.0917134 
ON743042_Megalocytivirus_pagrus1_RSIV  0.0159040 0.0826271 0.0133037 0.0883429 0.0826271 0.0132271 0.0132271 0.0858815 0.0133037 0.0857516 0.0159040 0.0000000 0.0863587 0.0884707 0.0891007 0.0159004 0.0883429 0.0857516 
MG570132_Megalocytivirus_pagrus1_TRBIV 0.0959501 0.1024450 0.0968212 0.1088313 0.1024450 0.0928147 0.0928147 0.0391874 0.0968212 0.1057106 0.0959501 0.0863587 0.0000000 0.0052707 0.1092603 0.0959157 0.1088313 0.1057106 
MG570131_Megalocytivirus_pagrus1_TRBIV 0.0979891 0.1024004 0.0988682 0.1087816 0.1024004 0.0948802 0.0948802 0.0334527 0.0988682 0.0990279 0.0979891 0.0884707 0.0052707 0.0000000 0.1092112 0.0979541 0.1087816 0.0990279 
MW883603_Megalocytivirus_pagrus1_ISKNV 0.0950735 0.0052874 0.0999218 0.0055759 0.0052874 0.0918736 0.0918736 0.1058571 0.0999218 0.0079428 0.0950735 0.0891007 0.1092603 0.1092112 0.0000000 0.0950388 0.0055759 0.0079428 
MK098185_Megalocytivirus_pagrus1_RSIV  0.0052087 0.0885608 0.0297848 0.0943865 0.0885608 0.0025989 0.0025989 0.0992152 0.0297848 0.0916804 0.0052087 0.0159004 0.0959157 0.0979541 0.0950388 0.0000000 0.0943865 0.0916804 
MW883596_Megalocytivirus_pagrus1_ISKNV 0.0944215 0.0027591 0.0993434 0.0000010 0.0027591 0.0911666 0.0911666 0.1053676 0.0993434 0.0055180 0.0944215 0.0883429 0.1088313 0.1087816 0.0055759 0.0943865 0.0000000 0.0055180 
OR670976_Megalocytivirus_pagrus1_ISKNV 0.0917134 0.0026337 0.0964921 0.0055180 0.0026337 0.0885258 0.0885258 0.0956739 0.0964921 0.0000010 0.0917134 0.0857516 0.1057106 0.0990279 0.0079428 0.0916804 0.0055180 0.0000000 
