12
OQ475017_Megalocytivirus_pagrus1_RSIV   0.0000000 0.0693570 0.0449221 0.0449221 0.0000010 0.0504132 0.0404428 0.0494134 0.0404428 0.0504132 0.0495074 0.0494134 
GQ273492_Megalocytivirus_pagrus1_TRBIV  0.0693570 0.0000000 0.0835848 0.0835848 0.0693570 0.0269608 0.0789708 0.0882234 0.0789708 0.0269608 0.0883971 0.0882234 
MW273354_Megalocytivirus_pagrus1_ISKNV  0.0449221 0.0835848 0.0000000 0.0000010 0.0449221 0.0550535 0.0133019 0.0044088 0.0133019 0.0550535 0.0044170 0.0044088 
PP151097_Megalocytivirus_pagrus1_ISKNV  0.0449221 0.0835848 0.0000010 0.0000000 0.0449221 0.0550535 0.0133019 0.0044088 0.0133019 0.0550535 0.0044170 0.0044088 
MW883598_Megalocytivirus_pagrus1_RSIV   0.0000010 0.0693570 0.0449221 0.0449221 0.0000000 0.0504132 0.0404428 0.0494134 0.0404428 0.0504132 0.0495074 0.0494134 
MG570132_Megalocytivirus_pagrus1_TRBIV  0.0504132 0.0269608 0.0550535 0.0550535 0.0504132 0.0000000 0.0504860 0.0596357 0.0504860 0.0000010 0.0597517 0.0596357 
MW883595_Megalocytivirus_pagrus1_ISKNV  0.0404428 0.0789708 0.0133019 0.0133019 0.0404428 0.0504860 0.0000000 0.0177346 0.0000010 0.0504860 0.0177679 0.0177346 
NC_003494_Megalocytivirus_pagrus1_ISKNV 0.0494134 0.0882234 0.0044088 0.0044088 0.0494134 0.0596357 0.0177346 0.0000000 0.0177346 0.0596357 0.0088336 0.0000010 
MN432490_Megalocytivirus_pagrus1_ISKNV  0.0404428 0.0789708 0.0133019 0.0133019 0.0404428 0.0504860 0.0000010 0.0177346 0.0000000 0.0504860 0.0177679 0.0177346 
MG570131_Megalocytivirus_pagrus1_TRBIV  0.0504132 0.0269608 0.0550535 0.0550535 0.0504132 0.0000010 0.0504860 0.0596357 0.0504860 0.0000000 0.0597517 0.0596357 
MW883600_Megalocytivirus_pagrus1_ISKNV  0.0495074 0.0883971 0.0044170 0.0044170 0.0495074 0.0597517 0.0177679 0.0088336 0.0177679 0.0597517 0.0000000 0.0088336 
AF371960_Megalocytivirus_pagrus1_ISKNV  0.0494134 0.0882234 0.0044088 0.0044088 0.0494134 0.0596357 0.0177346 0.0000010 0.0177346 0.0596357 0.0088336 0.0000000 
