11
23043610003_Megalocytivirus_pagrus1_ISKNV 0.0000000 0.0658466 0.0434508 0.0545259 0.0000010 0.0434508 0.0655199 0.0545259 0.0435645 0.0435645 0.0658466 
MW883595_Megalocytivirus_pagrus1_ISKNV    0.0658466 0.0000000 0.0432868 0.0543206 0.0658466 0.0432868 0.0652746 0.0543206 0.0884203 0.0884203 0.0000010 
OL774655_Megalocytivirus_pagrus1_RSIV     0.0434508 0.0432868 0.0000000 0.0106990 0.0434508 0.0000010 0.0214275 0.0106990 0.0656245 0.0656245 0.0432868 
KT804738_Megalocytivirus_pagrus1_RSIV     0.0545259 0.0543206 0.0106990 0.0000000 0.0545259 0.0106990 0.0106866 0.0000010 0.0768636 0.0768636 0.0543206 
MW883597_Megalocytivirus_pagrus1_ISKNV    0.0000010 0.0658466 0.0434508 0.0545259 0.0000000 0.0434508 0.0655199 0.0545259 0.0435645 0.0435645 0.0658466 
OL774653_Megalocytivirus_pagrus1_RSIV     0.0434508 0.0432868 0.0000010 0.0106990 0.0434508 0.0000000 0.0214275 0.0106990 0.0656245 0.0656245 0.0432868 
ON740976_Megalocytivirus_pagrus1_RSIV     0.0655199 0.0652746 0.0214275 0.0106866 0.0655199 0.0214275 0.0000000 0.0106866 0.0879611 0.0879611 0.0652746 
MW883598_Megalocytivirus_pagrus1_RSIV     0.0545259 0.0543206 0.0106990 0.0000010 0.0545259 0.0106990 0.0106866 0.0000000 0.0768636 0.0768636 0.0543206 
MG570131_Megalocytivirus_pagrus1_TRBIV    0.0435645 0.0884203 0.0656245 0.0768636 0.0435645 0.0656245 0.0879611 0.0768636 0.0000000 0.0000010 0.0884203 
MG570132_Megalocytivirus_pagrus1_TRBIV    0.0435645 0.0884203 0.0656245 0.0768636 0.0435645 0.0656245 0.0879611 0.0768636 0.0000010 0.0000000 0.0884203 
MN432490_Megalocytivirus_pagrus1_ISKNV    0.0658466 0.0000010 0.0432868 0.0543206 0.0658466 0.0432868 0.0652746 0.0543206 0.0884203 0.0884203 0.0000000 
