36
KT781098_Megalocytivirus_pagrus1_ISKNV    0.0000000 0.0016540 0.0879893 0.0880926 0.0875436 0.0872015 0.0000010 0.0016549 0.0016547 0.0901536 0.0352940 0.0016568 0.0880487 0.0000010 0.0901536 0.0016547 0.0000010 0.0861092 0.0875436 0.0008263 0.0870359 0.0016540 0.0880926 0.1088951 0.0911156 0.0870359 0.0016551 0.0008262 0.0016549 0.1146359 0.1151473 0.0008254 0.0016561 0.0016578 0.0907439 0.0016547 
OR356116_Megalocytivirus_pagrus1_ISKNV    0.0016540 0.0000000 0.0900916 0.0901975 0.0896549 0.0893054 0.0016540 0.0000010 0.0033165 0.0922804 0.0371434 0.0033208 0.0901523 0.0016549 0.0922804 0.0033165 0.0016549 0.0882092 0.0896549 0.0024871 0.0891364 0.0000010 0.0901975 0.1111771 0.0932442 0.0891364 0.0016542 0.0024868 0.0000010 0.1169393 0.1175724 0.0024843 0.0016553 0.0033228 0.0928689 0.0033165 
ON743042_Megalocytivirus_pagrus1_RSIV     0.0879893 0.0900916 0.0000000 0.0015705 0.0015690 0.0031594 0.0879893 0.0900916 0.0901219 0.0220796 0.1059680 0.0892163 0.0015699 0.0879893 0.0220796 0.0901219 0.0879893 0.0015689 0.0015690 0.0868101 0.0007838 0.0900916 0.0015705 0.1198174 0.0228984 0.0007838 0.0901789 0.0891792 0.0900916 0.1315494 0.1167119 0.0890640 0.0902574 0.0892793 0.0056445 0.0901193 
OL774653_Megalocytivirus_pagrus1_RSIV     0.0880926 0.0901975 0.0015705 0.0000000 0.0015705 0.0031625 0.0880926 0.0901975 0.0902279 0.0204218 0.1060984 0.0893214 0.0015714 0.0880926 0.0204218 0.0902279 0.0880926 0.0015704 0.0015705 0.0869118 0.0007845 0.0901975 0.0000010 0.1199656 0.0212396 0.0007845 0.0902850 0.0892842 0.0901975 0.1317124 0.1189885 0.0891686 0.0903637 0.0893845 0.0056501 0.0902253 
ON740976_Megalocytivirus_pagrus1_RSIV     0.0875436 0.0896549 0.0015690 0.0015705 0.0000000 0.0015777 0.0875436 0.0896549 0.0896853 0.0220797 0.1055846 0.0887750 0.0015699 0.0875436 0.0220797 0.0896853 0.0875436 0.0015690 0.0000010 0.0863591 0.0007838 0.0896549 0.0015705 0.1198001 0.0228985 0.0007838 0.0897421 0.0887379 0.0896549 0.1315274 0.1188193 0.0886227 0.0898205 0.0888379 0.0040290 0.0896827 
OK042109_Megalocytivirus_pagrus1_RSIV     0.0872015 0.0893054 0.0031594 0.0031625 0.0015777 0.0000000 0.0872015 0.0893054 0.0872186 0.0238687 0.1051645 0.0884279 0.0031614 0.0872015 0.0238687 0.0872186 0.0872015 0.0031594 0.0015777 0.0860227 0.0023691 0.0893054 0.0031625 0.1170015 0.0246925 0.0023691 0.0893920 0.0883911 0.0893054 0.1286312 0.1159397 0.0882768 0.0894698 0.0884903 0.0056800 0.0893331 
MT128667_Megalocytivirus_pagrus1_ISKNV    0.0000010 0.0016540 0.0879893 0.0880926 0.0875436 0.0872015 0.0000000 0.0016549 0.0016547 0.0901536 0.0352940 0.0016568 0.0880487 0.0000010 0.0901536 0.0016547 0.0000010 0.0861092 0.0875436 0.0008263 0.0870359 0.0016540 0.0880926 0.1088951 0.0911156 0.0870359 0.0016551 0.0008262 0.0016549 0.1146359 0.1151473 0.0008254 0.0016561 0.0016578 0.0907439 0.0016547 
23043610003_Megalocytivirus_pagrus1_ISKNV 0.0016549 0.0000010 0.0900916 0.0901975 0.0896549 0.0893054 0.0016549 0.0000000 0.0033185 0.0922804 0.0371675 0.0033208 0.0901523 0.0016549 0.0922804 0.0033185 0.0016549 0.0882092 0.0896549 0.0024885 0.0891364 0.0000010 0.0901975 0.1111771 0.0932442 0.0891364 0.0016552 0.0024882 0.0000010 0.1169393 0.1175724 0.0024857 0.0016563 0.0033228 0.0928689 0.0033185 
OR670976_Megalocytivirus_pagrus1_ISKNV    0.0016547 0.0033165 0.0901219 0.0902279 0.0896853 0.0872186 0.0016547 0.0033185 0.0000000 0.0923114 0.0371584 0.0033222 0.0901827 0.0016556 0.0923114 0.0000010 0.0016556 0.0882393 0.0896853 0.0024881 0.0891666 0.0033165 0.0902279 0.1089204 0.0932753 0.0891666 0.0033187 0.0024878 0.0033185 0.1146635 0.1151765 0.0024853 0.0033209 0.0033242 0.0928999 0.0033179 
BD143114_Megalocytivirus_pagrus1_RSIV     0.0901536 0.0922804 0.0220796 0.0204218 0.0220797 0.0238687 0.0901536 0.0922804 0.0923114 0.0000000 0.1098388 0.0913995 0.0220936 0.0901536 0.0000010 0.0923114 0.0901536 0.0204441 0.0220797 0.0889570 0.0212609 0.0922804 0.0204218 0.1231069 0.0007809 0.0212609 0.0923711 0.0913608 0.0922804 0.1339797 0.1129080 0.0912413 0.0924525 0.0914646 0.0173527 0.0923086 
MT986830_Megalocytivirus_pagrus1_ISKNV    0.0352940 0.0371434 0.1059680 0.1060984 0.1055846 0.1051645 0.0352940 0.0371675 0.0371584 0.1098388 0.0000000 0.0363859 0.1060408 0.0353168 0.1098388 0.0371584 0.0353168 0.1039955 0.1055846 0.0362749 0.1049618 0.0371434 0.1060984 0.1357142 0.1108493 0.1049618 0.0371730 0.0362682 0.0371675 0.1428941 0.1379364 0.0362274 0.0372004 0.0354313 0.1090330 0.0362385 
MW883599_Megalocytivirus_pagrus1_ISKNV    0.0016568 0.0033208 0.0892163 0.0893214 0.0887750 0.0884279 0.0016568 0.0033208 0.0033222 0.0913995 0.0363859 0.0000000 0.0892767 0.0016568 0.0913995 0.0033222 0.0016568 0.0873310 0.0887750 0.0024914 0.0882599 0.0033208 0.0893214 0.1082783 0.0923645 0.0882599 0.0033231 0.0024911 0.0033208 0.1139874 0.1164116 0.0024885 0.0033252 0.0000010 0.0919900 0.0033222 
KT804738_Megalocytivirus_pagrus1_RSIV     0.0880487 0.0901523 0.0015699 0.0015714 0.0015699 0.0031614 0.0880487 0.0901523 0.0901827 0.0220936 0.1060408 0.0892767 0.0000000 0.0880487 0.0220936 0.0901827 0.0880487 0.0015699 0.0015699 0.0868687 0.0007843 0.0901523 0.0015714 0.1198980 0.0229128 0.0007843 0.0902397 0.0892395 0.0901523 0.1316359 0.1189194 0.0891241 0.0903183 0.0893397 0.0056480 0.0901801 
MW883596_Megalocytivirus_pagrus1_ISKNV    0.0000010 0.0016549 0.0879893 0.0880926 0.0875436 0.0872015 0.0000010 0.0016549 0.0016556 0.0901536 0.0353168 0.0016568 0.0880487 0.0000000 0.0901536 0.0016556 0.0000010 0.0861092 0.0875436 0.0008269 0.0870359 0.0016549 0.0880926 0.1088951 0.0911156 0.0870359 0.0016561 0.0008268 0.0016549 0.1146359 0.1151473 0.0008259 0.0016571 0.0016578 0.0907439 0.0016556 
MK098187_Megalocytivirus_pagrus1_RSIV     0.0901536 0.0922804 0.0220796 0.0204218 0.0220797 0.0238687 0.0901536 0.0922804 0.0923114 0.0000010 0.1098388 0.0913995 0.0220936 0.0901536 0.0000000 0.0923114 0.0901536 0.0204441 0.0220797 0.0889570 0.0212609 0.0922804 0.0204218 0.1231069 0.0007809 0.0212609 0.0923711 0.0913608 0.0922804 0.1339797 0.1129080 0.0912413 0.0924525 0.0914646 0.0173527 0.0923086 
OQ513807_Megalocytivirus_pagrus1_ISKNV    0.0016547 0.0033165 0.0901219 0.0902279 0.0896853 0.0872186 0.0016547 0.0033185 0.0000010 0.0923114 0.0371584 0.0033222 0.0901827 0.0016556 0.0923114 0.0000000 0.0016556 0.0882393 0.0896853 0.0024881 0.0891666 0.0033165 0.0902279 0.1089204 0.0932753 0.0891666 0.0033187 0.0024878 0.0033185 0.1146635 0.1151765 0.0024853 0.0033209 0.0033242 0.0928999 0.0033179 
MW883600_Megalocytivirus_pagrus1_ISKNV    0.0000010 0.0016549 0.0879893 0.0880926 0.0875436 0.0872015 0.0000010 0.0016549 0.0016556 0.0901536 0.0353168 0.0016568 0.0880487 0.0000010 0.0901536 0.0016556 0.0000000 0.0861092 0.0875436 0.0008269 0.0870359 0.0016549 0.0880926 0.1088951 0.0911156 0.0870359 0.0016561 0.0008268 0.0016549 0.1146359 0.1151473 0.0008259 0.0016571 0.0016578 0.0907439 0.0016556 
MW883598_Megalocytivirus_pagrus1_RSIV     0.0861092 0.0882092 0.0015689 0.0015704 0.0015690 0.0031594 0.0861092 0.0882092 0.0882393 0.0204441 0.1039955 0.0873310 0.0015699 0.0861092 0.0204441 0.0882393 0.0861092 0.0000000 0.0015690 0.0849344 0.0007838 0.0882092 0.0015704 0.1178191 0.0212629 0.0007838 0.0882944 0.0872949 0.0882092 0.1295363 0.1167760 0.0871822 0.0883711 0.0873927 0.0056444 0.0882367 
KC244182_Megalocytivirus_pagrus1_RSIV     0.0875436 0.0896549 0.0015690 0.0015705 0.0000010 0.0015777 0.0875436 0.0896549 0.0896853 0.0220797 0.1055846 0.0887750 0.0015699 0.0875436 0.0220797 0.0896853 0.0875436 0.0015690 0.0000000 0.0863591 0.0007838 0.0896549 0.0015705 0.1198001 0.0228985 0.0007838 0.0897421 0.0887379 0.0896549 0.1315274 0.1188193 0.0886227 0.0898205 0.0888379 0.0040290 0.0896827 
MW883593_Megalocytivirus_pagrus1_ISKNV    0.0008263 0.0024871 0.0868101 0.0869118 0.0863591 0.0860227 0.0008263 0.0024885 0.0024881 0.0889570 0.0362749 0.0024914 0.0868687 0.0008269 0.0889570 0.0024881 0.0008269 0.0849344 0.0863591 0.0000000 0.0858593 0.0024871 0.0869118 0.1081256 0.0899163 0.0858593 0.0024887 0.0016583 0.0024885 0.1138386 0.1137343 0.0016567 0.0024903 0.0024928 0.0895474 0.0024881 
AP017456_Megalocytivirus_pagrus1_RSIV     0.0870359 0.0891364 0.0007838 0.0007845 0.0007838 0.0023691 0.0870359 0.0891364 0.0891666 0.0212609 0.1049618 0.0882599 0.0007843 0.0870359 0.0212609 0.0891666 0.0870359 0.0007838 0.0007838 0.0858593 0.0000000 0.0891364 0.0007845 0.1187924 0.0220796 0.0000010 0.0892226 0.0882233 0.0891364 0.1305111 0.1177799 0.0881094 0.0893002 0.0883222 0.0048372 0.0891640 
OR536350_Megalocytivirus_pagrus1_ISKNV    0.0016540 0.0000010 0.0900916 0.0901975 0.0896549 0.0893054 0.0016540 0.0000010 0.0033165 0.0922804 0.0371434 0.0033208 0.0901523 0.0016549 0.0922804 0.0033165 0.0016549 0.0882092 0.0896549 0.0024871 0.0891364 0.0000000 0.0901975 0.1111771 0.0932442 0.0891364 0.0016542 0.0024868 0.0000010 0.1169393 0.1175724 0.0024843 0.0016553 0.0033228 0.0928689 0.0033165 
MW139932_Megalocytivirus_pagrus1_RSIV     0.0880926 0.0901975 0.0015705 0.0000010 0.0015705 0.0031625 0.0880926 0.0901975 0.0902279 0.0204218 0.1060984 0.0893214 0.0015714 0.0880926 0.0204218 0.0902279 0.0880926 0.0015704 0.0015705 0.0869118 0.0007845 0.0901975 0.0000000 0.1199656 0.0212396 0.0007845 0.0902850 0.0892842 0.0901975 0.1317124 0.1189885 0.0891686 0.0903637 0.0893845 0.0056501 0.0902253 
MG570131_Megalocytivirus_pagrus1_TRBIV    0.1088951 0.1111771 0.1198174 0.1199656 0.1198001 0.1170015 0.1088951 0.1111771 0.1089204 0.1231069 0.1357142 0.1082783 0.1198980 0.1088951 0.1231069 0.1089204 0.1088951 0.1178191 0.1198001 0.1081256 0.1187924 0.1111771 0.1199656 0.0000000 0.1241447 0.1187924 0.1112968 0.1102218 0.1111771 0.0042226 0.0673322 0.1100662 0.1114031 0.1083592 0.1196678 0.1112077 
MK098186_Megalocytivirus_pagrus1_RSIV     0.0911156 0.0932442 0.0228984 0.0212396 0.0228985 0.0246925 0.0911156 0.0932442 0.0932753 0.0007809 0.1108493 0.0923645 0.0229128 0.0911156 0.0007809 0.0932753 0.0911156 0.0212629 0.0228985 0.0899163 0.0220796 0.0932442 0.0212396 0.1241447 0.0000000 0.0220796 0.0933360 0.0923253 0.0932442 0.1350322 0.1139642 0.0922044 0.0934184 0.0924303 0.0181801 0.0932725 
OK042108_Megalocytivirus_pagrus1_RSIV     0.0870359 0.0891364 0.0007838 0.0007845 0.0007838 0.0023691 0.0870359 0.0891364 0.0891666 0.0212609 0.1049618 0.0882599 0.0007843 0.0870359 0.0212609 0.0891666 0.0870359 0.0007838 0.0007838 0.0858593 0.0000010 0.0891364 0.0007845 0.1187924 0.0220796 0.0000000 0.0892226 0.0882233 0.0891364 0.1305111 0.1177799 0.0881094 0.0893002 0.0883222 0.0048372 0.0891640 
MW273354_Megalocytivirus_pagrus1_ISKNV    0.0016551 0.0016542 0.0901789 0.0902850 0.0897421 0.0893920 0.0016551 0.0016552 0.0033187 0.0923711 0.0371730 0.0033231 0.0902397 0.0016561 0.0923711 0.0033187 0.0016561 0.0882944 0.0897421 0.0024887 0.0892226 0.0016542 0.0902850 0.1112968 0.0933360 0.0892226 0.0000000 0.0024884 0.0016552 0.1170670 0.1177078 0.0024859 0.0016564 0.0033251 0.0929601 0.0033187 
MK689685_Megalocytivirus_pagrus1_ISKNV    0.0008262 0.0024868 0.0891792 0.0892842 0.0887379 0.0883911 0.0008262 0.0024882 0.0024878 0.0913608 0.0362682 0.0024911 0.0892395 0.0008268 0.0913608 0.0024878 0.0008268 0.0872949 0.0887379 0.0016583 0.0882233 0.0024868 0.0892842 0.1102218 0.0923253 0.0882233 0.0024884 0.0000000 0.0024882 0.1159847 0.1151473 0.0016565 0.0024900 0.0024925 0.0919510 0.0024878 
23043610005_Megalocytivirus_pagrus1_ISKNV 0.0016549 0.0000010 0.0900916 0.0901975 0.0896549 0.0893054 0.0016549 0.0000010 0.0033185 0.0922804 0.0371675 0.0033208 0.0901523 0.0016549 0.0922804 0.0033185 0.0016549 0.0882092 0.0896549 0.0024885 0.0891364 0.0000010 0.0901975 0.1111771 0.0932442 0.0891364 0.0016552 0.0024882 0.0000000 0.1169393 0.1175724 0.0024857 0.0016563 0.0033228 0.0928689 0.0033185 
MG570132_Megalocytivirus_pagrus1_TRBIV    0.1146359 0.1169393 0.1315494 0.1317124 0.1315274 0.1286312 0.1146359 0.1169393 0.1146635 0.1339797 0.1428941 0.1139874 0.1316359 0.1146359 0.1339797 0.1146635 0.1146359 0.1295363 0.1315274 0.1138386 0.1305111 0.1169393 0.1317124 0.0042226 0.1350322 0.1305111 0.1170670 0.1159847 0.1169393 0.0000000 0.0701153 0.1158191 0.1171802 0.1140731 0.1303146 0.1169698 
GQ273492_Megalocytivirus_pagrus1_TRBIV    0.1151473 0.1175724 0.1167119 0.1189885 0.1188193 0.1159397 0.1151473 0.1175724 0.1151765 0.1129080 0.1379364 0.1164116 0.1189194 0.1151473 0.1129080 0.1151765 0.1151473 0.1167760 0.1188193 0.1137343 0.1177799 0.1175724 0.1189885 0.0673322 0.1139642 0.1177799 0.1177078 0.1151473 0.1175724 0.0701153 0.0000000 0.1163931 0.1178277 0.1164116 0.1167393 0.1163049 
MW883594_Megalocytivirus_pagrus1_ISKNV    0.0008254 0.0024843 0.0890640 0.0891686 0.0886227 0.0882768 0.0008254 0.0024857 0.0024853 0.0912413 0.0362274 0.0024885 0.0891241 0.0008259 0.0912413 0.0024853 0.0008259 0.0871822 0.0886227 0.0016567 0.0881094 0.0024843 0.0891686 0.1100662 0.0922044 0.0881094 0.0024859 0.0016565 0.0024857 0.1158191 0.1163931 0.0000000 0.0024875 0.0024900 0.0918308 0.0024853 
MW883602_Megalocytivirus_pagrus1_ISKNV    0.0016561 0.0016553 0.0902574 0.0903637 0.0898205 0.0894698 0.0016561 0.0016563 0.0033209 0.0924525 0.0372004 0.0033252 0.0903183 0.0016571 0.0924525 0.0033209 0.0016571 0.0883711 0.0898205 0.0024903 0.0893002 0.0016553 0.0903637 0.1114031 0.0934184 0.0893002 0.0016564 0.0024900 0.0016563 0.1171802 0.1178277 0.0024875 0.0000000 0.0033272 0.0930421 0.0033209 
MW883601_Megalocytivirus_pagrus1_ISKNV    0.0016578 0.0033228 0.0892793 0.0893845 0.0888379 0.0884903 0.0016578 0.0033228 0.0033242 0.0914646 0.0354313 0.0000010 0.0893397 0.0016578 0.0914646 0.0033242 0.0016578 0.0873927 0.0888379 0.0024928 0.0883222 0.0033228 0.0893845 0.1083592 0.0924303 0.0883222 0.0033251 0.0024925 0.0033228 0.1140731 0.1164116 0.0024900 0.0033272 0.0000000 0.0920554 0.0033242 
OQ475017_Megalocytivirus_pagrus1_RSIV     0.0907439 0.0928689 0.0056445 0.0056501 0.0040290 0.0056800 0.0907439 0.0928689 0.0928999 0.0173527 0.1090330 0.0919900 0.0056480 0.0907439 0.0173527 0.0928999 0.0907439 0.0056444 0.0040290 0.0895474 0.0048372 0.0928689 0.0056501 0.1196678 0.0181801 0.0048372 0.0929601 0.0919510 0.0928689 0.1303146 0.1167393 0.0918308 0.0930421 0.0920554 0.0000000 0.0928971 
ON212400_Megalocytivirus_pagrus1_ISKNV    0.0016547 0.0033165 0.0901193 0.0902253 0.0896827 0.0893331 0.0016547 0.0033185 0.0033179 0.0923086 0.0362385 0.0033222 0.0901801 0.0016556 0.0923086 0.0033179 0.0016556 0.0882367 0.0896827 0.0024881 0.0891640 0.0033165 0.0902253 0.1112077 0.0932725 0.0891640 0.0033187 0.0024878 0.0033185 0.1169698 0.1163049 0.0024853 0.0033209 0.0033242 0.0928971 0.0000000 
