30
Chlor_AMIV_KF938901_1_Chlor_AMIV_KF938901.1_00023             0.0000000 0.2196080 1.4497381 1.4166482 1.1004869 1.0666392 1.7377429 1.7155782 1.6785066 1.6785066 1.7982445 1.8088622 1.7877764 1.8088622 1.7982445 1.8152952 1.7855786 1.7855786 1.7877764 1.7855786 1.7855786 1.7895210 1.7877764 1.8032838 1.7796030 1.7796030 1.7828028 1.7855786 1.8496968 1.7353747 
Chlor_IIV22_HF920633_1_Chlor_IIV22_HF920633.1_00175           0.2196080 0.0000000 1.8906355 2.0376917 1.5158262 1.4480713 2.3784179 2.3764767 2.5885416 2.5885416 2.7370552 2.7133039 2.6966436 2.7133039 2.7233205 2.7171699 2.6940487 2.6940487 2.6966436 2.6912290 2.6912290 2.7760922 2.7866307 2.6947696 2.6729038 2.6729038 2.6894468 2.7053028 2.7313478 2.5649161 
Daphi_LS484712_1_Daphi_LS484712.1_00194                       1.4497381 1.8906355 0.0000000 2.4739376 2.2227837 2.1441985 2.9607334 2.8400961 2.7081742 2.7081742 2.6239661 2.5827095 2.6166033 2.5827095 2.6105336 2.6468604 2.6059121 2.6059121 2.6166033 2.6179619 2.6179619 2.6873838 2.6853144 2.6033408 2.5942510 2.5942510 2.6175727 2.6212411 2.8452027 2.9685617 
Decap_MF599468_1_Decap_MF599468.1_00071                       1.4166482 2.0376917 2.4739376 0.0000000 1.9354326 1.8623401 1.5504086 1.5098515 1.7084761 1.7084761 1.7644803 1.7494172 1.7785556 1.7494172 1.7558928 1.7851572 1.7770150 1.7770150 1.7785556 1.7653193 1.7653193 1.8238940 1.8226552 1.7714032 1.7523665 1.7523665 1.7640846 1.7839065 1.6980686 1.5071610 
Irido_IIV31_HF920637_1_Irido_IIV31_HF920637.1_00213           1.1004869 1.5158262 2.2227837 1.9354326 0.0000000 0.5594759 2.3507280 2.3070768 2.3695877 2.3695877 2.5608144 2.5700940 2.5495816 2.5700940 2.5533405 2.6097505 2.5865461 2.5865461 2.5495816 2.5606056 2.5606056 2.6497080 2.6450528 2.5653009 2.5386831 2.5386831 2.5588848 2.5935360 2.3724599 2.2815556 
Irido_IIV6_AF303741_1_Irido_IIV6_AF303741.1_00189             1.0666392 1.4480713 2.1441985 1.8623401 0.5594759 0.0000000 2.1778004 2.1286344 2.3722524 2.3722524 2.5914875 2.5832470 2.5749059 2.5832470 2.5839324 2.6415216 2.6141233 2.6141233 2.5749059 2.5863711 2.5863711 2.6689976 2.6629507 2.6026577 2.5819087 2.5819087 2.5853583 2.6241458 2.3715208 2.3317697 
Lymph_LCD4_MN803438_1_Lymph_LCD4_MN803438.1_00013             1.7377429 2.3784179 2.9607334 1.5504086 2.3507280 2.1778004 0.0000000 0.3255009 1.3397136 1.3397136 1.4175201 1.4082954 1.4268136 1.4082954 1.4103714 1.4330436 1.4301540 1.4301540 1.4268136 1.4239260 1.4239260 1.4710438 1.4702086 1.4291764 1.4164470 1.4164470 1.4280370 1.4383210 1.1583786 1.0367430 
Lymph_LDV1_L63545_1_Lymph_LDV1_L63545.1_00013                 1.7155782 2.3764767 2.8400961 1.5098515 2.3070768 2.1286344 0.3255009 0.0000000 1.3466736 1.3466736 1.3636806 1.3574728 1.3606106 1.3574728 1.3567519 1.3746269 1.3647608 1.3647608 1.3606106 1.3582519 1.3582519 1.3912041 1.3878029 1.3801552 1.3696124 1.3696124 1.3622163 1.3725906 1.1467932 1.0530036 
MCV_ML1_SDDV_MN562489_1_MCV_ML1_SDDV_MN562489.1_00008         1.6785066 2.5885416 2.7081742 1.7084761 2.3695877 2.3722524 1.3397136 1.3466736 0.0000000 0.0000010 0.6725655 0.6714389 0.6810583 0.6714389 0.6717850 0.7034025 0.6925046 0.6925046 0.6810583 0.6871105 0.6871105 0.7155989 0.7101872 0.6894619 0.6720070 0.6720070 0.6894539 0.6963838 1.4466395 1.3701007 
MCV_ML1_SDDV_MT521409_1_MCV_ML1_SDDV_MT521409.1_00008         1.6785066 2.5885416 2.7081742 1.7084761 2.3695877 2.3722524 1.3397136 1.3466736 0.0000010 0.0000000 0.6725655 0.6714389 0.6810583 0.6714389 0.6717850 0.7034025 0.6925046 0.6925046 0.6810583 0.6871105 0.6871105 0.7155989 0.7101872 0.6894619 0.6720070 0.6720070 0.6894539 0.6963838 1.4466395 1.3701007 
MCV_MP1_BCFI_MN432490_1_MCV_MP1_BCFI_MN432490.1_00037         1.7982445 2.7370552 2.6239661 1.7644803 2.5608144 2.5914875 1.4175201 1.3636806 0.6725655 0.6725655 0.0000000 0.0106574 0.0264103 0.0106574 0.0009502 0.0214892 0.0264139 0.0264139 0.0264103 0.0272488 0.0272488 0.0433812 0.0391804 0.0295662 0.0275294 0.0275294 0.0282547 0.0274373 1.5818103 1.4782085 
MCV_MP1_BCFI_MT926123_1_MCV_MP1_BCFI_MT926123.1_00037         1.8088622 2.7133039 2.5827095 1.7494172 2.5700940 2.5832470 1.4082954 1.3574728 0.6714389 0.6714389 0.0106574 0.0000000 0.0283179 0.0000010 0.0096684 0.0183454 0.0272084 0.0272084 0.0283179 0.0291456 0.0291456 0.0439304 0.0397569 0.0303486 0.0283215 0.0283215 0.0301519 0.0282273 1.5880835 1.4624420 
MCV_MP1_GSPI_KT804738_1_MCV_MP1_GSPI_KT804738.1_00034         1.7877764 2.6966436 2.6166033 1.7785556 2.5495816 2.5749059 1.4268136 1.3606106 0.6810583 0.6810583 0.0264103 0.0283179 0.0000000 0.0283179 0.0253776 0.0282454 0.0133111 0.0133111 0.0000010 0.0075541 0.0075541 0.0155546 0.0115945 0.0253916 0.0243688 0.0243688 0.0085081 0.0142850 1.6028268 1.4819180 
MCV_MP1_ISKNV_AF371960_1_MCV_MP1_ISKNV_AF371960.1_00036       1.8088622 2.7133039 2.5827095 1.7494172 2.5700940 2.5832470 1.4082954 1.3574728 0.6714389 0.6714389 0.0106574 0.0000010 0.0283179 0.0000000 0.0096684 0.0183454 0.0272084 0.0272084 0.0283179 0.0291456 0.0291456 0.0439304 0.0397569 0.0303486 0.0283215 0.0283215 0.0301519 0.0282273 1.5880835 1.4624420 
MCV_MP1_LBUSV_OP009387_1_MCV_MP1_LBUSV_OP009387.1_00035       1.7982445 2.7233205 2.6105336 1.7558928 2.5533405 2.5839324 1.4103714 1.3567519 0.6717850 0.6717850 0.0009502 0.0096684 0.0253776 0.0096684 0.0000000 0.0204691 0.0253817 0.0253817 0.0253776 0.0262192 0.0262192 0.0422825 0.0380954 0.0285197 0.0264898 0.0264898 0.0272218 0.0264012 1.5740859 1.4708914 
MCV_MP1_LYCI_AY779031_1_MCV_MP1_LYCI_AY779031.1_00039         1.8152952 2.7171699 2.6468604 1.7851572 2.6097505 2.6415216 1.4330436 1.3746269 0.7034025 0.7034025 0.0214892 0.0183454 0.0282454 0.0183454 0.0204691 0.0000000 0.0233008 0.0233008 0.0282454 0.0252373 0.0252373 0.0441538 0.0399702 0.0364284 0.0343750 0.0343750 0.0262384 0.0243122 1.6033434 1.4965326 
MCV_MP1_LYCI_MW139932_1_MCV_MP1_LYCI_MW139932.1_00038         1.7855786 2.6940487 2.6059121 1.7770150 2.5865461 2.6141233 1.4301540 1.3647608 0.6925046 0.6925046 0.0264139 0.0272084 0.0133111 0.0272084 0.0253817 0.0233008 0.0000000 0.0000010 0.0133111 0.0075667 0.0075667 0.0285017 0.0244150 0.0183439 0.0192908 0.0192908 0.0085224 0.0009409 1.6009640 1.4824037 
MCV_MP1_LYCI_OL774653_1_MCV_MP1_LYCI_OL774653.1_00056         1.7855786 2.6940487 2.6059121 1.7770150 2.5865461 2.6141233 1.4301540 1.3647608 0.6925046 0.6925046 0.0264139 0.0272084 0.0133111 0.0272084 0.0253817 0.0233008 0.0000010 0.0000000 0.0133111 0.0075667 0.0075667 0.0285017 0.0244150 0.0183439 0.0192908 0.0192908 0.0085224 0.0009409 1.6009640 1.4824037 
MCV_MP1_OSGI_AY894343_1_MCV_MP1_OSGI_AY894343.1_00034         1.7877764 2.6966436 2.6166033 1.7785556 2.5495816 2.5749059 1.4268136 1.3606106 0.6810583 0.6810583 0.0264103 0.0283179 0.0000010 0.0283179 0.0253776 0.0282454 0.0133111 0.0133111 0.0000000 0.0075541 0.0075541 0.0155546 0.0115945 0.0253916 0.0243688 0.0243688 0.0085081 0.0142850 1.6028268 1.4819180 
MCV_MP1_PI_MK098185_1_MCV_MP1_PI_MK098185.1_00038             1.7855786 2.6912290 2.6179619 1.7653193 2.5606056 2.5863711 1.4239260 1.3582519 0.6871105 0.6871105 0.0272488 0.0291456 0.0075541 0.0291456 0.0262192 0.0252373 0.0075667 0.0075667 0.0075541 0.0000000 0.0000010 0.0224622 0.0184400 0.0252375 0.0252143 0.0252143 0.0009390 0.0085262 1.6057738 1.4839714 
MCV_MP1_PI_MK098186_1_MCV_MP1_PI_MK098186.1_00035             1.7855786 2.6912290 2.6179619 1.7653193 2.5606056 2.5863711 1.4239260 1.3582519 0.6871105 0.6871105 0.0272488 0.0291456 0.0075541 0.0291456 0.0262192 0.0252373 0.0075667 0.0075667 0.0075541 0.0000010 0.0000000 0.0224622 0.0184400 0.0252375 0.0252143 0.0252143 0.0009390 0.0085262 1.6057738 1.4839714 
MCV_MP1_RBIV_AY532606_1_MCV_MP1_RBIV_AY532606.1_00035         1.7895210 2.7760922 2.6873838 1.8238940 2.6497080 2.6689976 1.4710438 1.3912041 0.7155989 0.7155989 0.0433812 0.0439304 0.0155546 0.0439304 0.0422825 0.0441538 0.0285017 0.0285017 0.0155546 0.0224622 0.0224622 0.0000000 0.0037673 0.0423085 0.0412253 0.0412253 0.0234632 0.0295311 1.6222841 1.4988495 
MCV_MP1_RBIV_KC244182_1_MCV_MP1_RBIV_KC244182.1_00034         1.7877764 2.7866307 2.6853144 1.8226552 2.6450528 2.6629507 1.4702086 1.3878029 0.7101872 0.7101872 0.0391804 0.0397569 0.0115945 0.0397569 0.0380954 0.0399702 0.0244150 0.0244150 0.0115945 0.0184400 0.0184400 0.0037673 0.0000000 0.0381183 0.0370474 0.0370474 0.0194305 0.0254311 1.6279679 1.5035384 
MCV_MP1_TRBIV_GQ273492_1_MCV_MP1_TRBIV_GQ273492.1_00035       1.8032838 2.6947696 2.6033408 1.7714032 2.5653009 2.6026577 1.4291764 1.3801552 0.6894619 0.6894619 0.0295662 0.0303486 0.0253916 0.0303486 0.0285197 0.0364284 0.0183439 0.0183439 0.0253916 0.0252375 0.0252375 0.0423085 0.0381183 0.0000000 0.0125016 0.0125016 0.0262386 0.0193412 1.6051411 1.4946140 
MCV_Unclassified_MG570131_1_MCV_Unclassified_MG570131.1_00036 1.7796030 2.6729038 2.5942510 1.7523665 2.5386831 2.5819087 1.4164470 1.3696124 0.6720070 0.6720070 0.0275294 0.0283215 0.0243688 0.0283215 0.0264898 0.0343750 0.0192908 0.0192908 0.0243688 0.0252143 0.0252143 0.0412253 0.0370474 0.0125016 0.0000000 0.0000010 0.0262144 0.0202888 1.5811279 1.4707056 
MCV_Unclassified_MG570132_1_MCV_Unclassified_MG570132.1_00036 1.7796030 2.6729038 2.5942510 1.7523665 2.5386831 2.5819087 1.4164470 1.3696124 0.6720070 0.6720070 0.0275294 0.0283215 0.0243688 0.0283215 0.0264898 0.0343750 0.0192908 0.0192908 0.0243688 0.0252143 0.0252143 0.0412253 0.0370474 0.0125016 0.0000010 0.0000000 0.0262144 0.0202888 1.5811279 1.4707056 
MCV_Unclassified_OQ475017_1_MCV_Unclassified_OQ475017.1_00035 1.7828028 2.6894468 2.6175727 1.7640846 2.5588848 2.5853583 1.4280370 1.3622163 0.6894539 0.6894539 0.0282547 0.0301519 0.0085081 0.0301519 0.0272218 0.0262384 0.0085224 0.0085224 0.0085081 0.0009390 0.0009390 0.0234632 0.0194305 0.0262386 0.0262144 0.0262144 0.0000000 0.0094845 1.6102278 1.4881722 
MCV_Unlassified_OL310752_1_MCV_Unlassified_OL310752.1_00083   1.7855786 2.7053028 2.6212411 1.7839065 2.5935360 2.6241458 1.4383210 1.3725906 0.6963838 0.6963838 0.0274373 0.0282273 0.0142850 0.0282273 0.0264012 0.0243122 0.0009409 0.0009409 0.0142850 0.0085262 0.0085262 0.0295311 0.0254311 0.0193412 0.0202888 0.0202888 0.0094845 0.0000000 1.6098518 1.4907497 
Rana_FV3_NC_005946_1_Rana_FV3_NC_005946.1_00061               1.8496968 2.7313478 2.8452027 1.6980686 2.3724599 2.3715208 1.1583786 1.1467932 1.4466395 1.4466395 1.5818103 1.5880835 1.6028268 1.5880835 1.5740859 1.6033434 1.6009640 1.6009640 1.6028268 1.6057738 1.6057738 1.6222841 1.6279679 1.6051411 1.5811279 1.5811279 1.6102278 1.6098518 0.0000000 0.5270501 
Rana_SGIV_AY521625_1_Rana_SGIV_AY521625.1_00065               1.7353747 2.5649161 2.9685617 1.5071610 2.2815556 2.3317697 1.0367430 1.0530036 1.3701007 1.3701007 1.4782085 1.4624420 1.4819180 1.4624420 1.4708914 1.4965326 1.4824037 1.4824037 1.4819180 1.4839714 1.4839714 1.4988495 1.5035384 1.4946140 1.4707056 1.4707056 1.4881722 1.4907497 0.5270501 0.0000000 
