63
23043610003_Megalocytivirus_pagrus1_ISKNV                0.0000000 0.0000550 0.0596296 0.0004982 0.0522839 0.0528501 0.0596296 0.0630259 0.0535227 0.0016642 0.0522832 0.0660291 0.0659465 0.0518745 0.0523572 0.0522917 1.9235293 0.0008313 0.0522194 0.0092180 1.9628309 0.0007756 0.0007756 1.9629194 0.0494362 0.0007756 0.0149254 0.0526090 0.0005538 0.0006647 0.0005537 0.0003320 0.0092793 0.0006092 0.0006092 0.0509125 0.0008867 0.0009978 0.0009982 0.0006646 0.0006645 0.0006091 0.0004982 0.0522560 0.0530293 0.0520685 0.0526775 0.0526090 1.9622900 0.0521813 0.0009418 0.0528764 0.0527588 0.0089729 0.0004429 0.0513588 0.0011844 0.0003875 0.0008312 0.0012195 0.0057642 0.0064341 0.8157828 
23043610005_Megalocytivirus_pagrus1_ISKNV                0.0000550 0.0000000 0.0596962 0.0005536 0.0523484 0.0529205 0.0596962 0.0630930 0.0535875 0.0017198 0.0523480 0.0660964 0.0660138 0.0519390 0.0524218 0.0523563 1.9237845 0.0008868 0.0522839 0.0092792 1.9630741 0.0008310 0.0008310 1.9631626 0.0495047 0.0008310 0.0149836 0.0526736 0.0006092 0.0007202 0.0006091 0.0003873 0.0093405 0.0006646 0.0006646 0.0509768 0.0009421 0.0010533 0.0010537 0.0007200 0.0007200 0.0006645 0.0005536 0.0523206 0.0530940 0.0521348 0.0527422 0.0526736 1.9625331 0.0522458 0.0009972 0.0529410 0.0528248 0.0090340 0.0004983 0.0514235 0.0011844 0.0004429 0.0008867 0.0012750 0.0058246 0.0064946 0.8159266 
AB104413_Megalocytivirus_pagrus1_RSIV                    0.0596296 0.0596962 0.0000000 0.0590328 0.0219327 0.0250835 0.0000010 0.0653696 0.0230282 0.0580043 0.0217446 0.0701541 0.0704133 0.0065549 0.0070176 0.0069603 1.9688869 0.0594665 0.0218735 0.0567531 1.9851243 0.0593873 0.0593873 1.9852140 0.0218259 0.0593842 0.0553000 0.0134860 0.0591154 0.0594032 0.0589606 0.0592754 0.0568245 0.0591797 0.0591797 0.0215280 0.0596256 0.0595378 0.0596348 0.0593955 0.0592437 0.0591717 0.0590328 0.0170298 0.0243490 0.0140265 0.0135449 0.0135487 1.9845814 0.0218770 0.0595746 0.0175147 0.0149751 0.0576312 0.0592678 0.0108369 0.0628592 0.0591956 0.0596821 0.0595849 0.0581534 0.0579811 0.8438448 
AF371960_Megalocytivirus_pagrus1_ISKNV                   0.0004982 0.0005536 0.0590328 0.0000000 0.0517394 0.0523359 0.0590328 0.0624825 0.0529697 0.0012683 0.0517362 0.0651863 0.0651047 0.0513317 0.0518113 0.0517462 1.9221062 0.0004407 0.0516753 0.0088619 1.9518786 0.0003855 0.0003855 1.9519658 0.0490216 0.0003855 0.0144365 0.0520620 0.0001644 0.0003856 0.0001644 0.0003857 0.0089227 0.0002193 0.0002193 0.0503762 0.0006064 0.0006062 0.0006064 0.0003855 0.0002752 0.0002192 0.0000010 0.0517113 0.0524795 0.0515101 0.0521302 0.0520620 1.9513423 0.0516373 0.0005507 0.0523277 0.0522708 0.0086182 0.0002754 0.0508173 0.0008052 0.0002193 0.0006615 0.0008265 0.0054316 0.0060971 0.8129025 
AP017456_Megalocytivirus_pagrus1_RSIV                    0.0522839 0.0523484 0.0219327 0.0517394 0.0000000 0.0025903 0.0219327 0.0574710 0.0015349 0.0503502 0.0002181 0.0620038 0.0624447 0.0151078 0.0155724 0.0155153 1.9413874 0.0521573 0.0000542 0.0487489 1.9569809 0.0520813 0.0520813 1.9570681 0.0004683 0.0520787 0.0456708 0.0143687 0.0518178 0.0520953 0.0516699 0.0519714 0.0488178 0.0518810 0.0518810 0.0019171 0.0523093 0.0522261 0.0523168 0.0520882 0.0519427 0.0518734 0.0517394 0.0082754 0.0039167 0.0138557 0.0143127 0.0142637 1.9564456 0.0004906 0.0522639 0.0077786 0.0069963 0.0495953 0.0519646 0.0146615 0.0543870 0.0518951 0.0523651 0.0524111 0.0502646 0.0500321 0.8309545 
AY894343_Megalocytivirus_pagrus1_RSIV                    0.0528501 0.0529205 0.0250835 0.0523359 0.0025903 0.0000000 0.0250835 0.0563115 0.0038796 0.0508916 0.0024223 0.0614612 0.0612674 0.0174672 0.0179183 0.0179183 1.9237010 0.0527784 0.0025300 0.0520082 1.8665886 0.0527002 0.0527002 1.8666744 0.0028326 0.0527771 0.0446101 0.0182675 0.0524926 0.0526432 0.0524062 0.0525854 0.0520790 0.0525614 0.0525614 0.0044219 0.0529440 0.0528650 0.0529492 0.0526341 0.0526288 0.0525531 0.0523359 0.0115544 0.0065253 0.0178221 0.0182056 0.0181532 1.8660373 0.0028326 0.0528316 0.0109443 0.0101339 0.0528077 0.0524993 0.0182625 0.0552514 0.0524235 0.0529361 0.0529914 0.0535473 0.0532080 0.7824082 
BD143114_Megalocytivirus_pagrus1_RSIV                    0.0596296 0.0596962 0.0000010 0.0590328 0.0219327 0.0250835 0.0000000 0.0653696 0.0230282 0.0580043 0.0217446 0.0701541 0.0704133 0.0065549 0.0070176 0.0069603 1.9688869 0.0594665 0.0218735 0.0567531 1.9851243 0.0593873 0.0593873 1.9852140 0.0218259 0.0593842 0.0553000 0.0134860 0.0591154 0.0594032 0.0589606 0.0592754 0.0568245 0.0591797 0.0591797 0.0215280 0.0596256 0.0595378 0.0596348 0.0593955 0.0592437 0.0591717 0.0590328 0.0170298 0.0243490 0.0140265 0.0135449 0.0135487 1.9845814 0.0218770 0.0595746 0.0175147 0.0149751 0.0576312 0.0592678 0.0108369 0.0628592 0.0591956 0.0596821 0.0595849 0.0581534 0.0579811 0.8438448 
GQ273492_Megalocytivirus_pagrus1_TRBIV                   0.0630259 0.0630930 0.0653696 0.0624825 0.0574710 0.0563115 0.0653696 0.0000000 0.0587845 0.0622637 0.0574312 0.0314064 0.0313722 0.0571870 0.0575407 0.0574739 1.9428746 0.0628403 0.0574053 0.0577646 1.9831663 0.0628422 0.0628422 1.9833221 0.0532036 0.0628390 0.0625712 0.0537769 0.0625670 0.0625455 0.0624092 0.0626320 0.0578361 0.0626316 0.0626316 0.0564032 0.0630802 0.0629149 0.0630868 0.0627708 0.0626966 0.0626235 0.0624825 0.0547757 0.0530567 0.0521825 0.0537151 0.0537769 1.9826213 0.0573492 0.0629576 0.0551430 0.0569040 0.0586434 0.0627216 0.0550988 0.0655447 0.0626483 0.0632157 0.0630060 0.0585509 0.0586406 0.8224071 
KC244182_Megalocytivirus_pagrus1_RSIV                    0.0535227 0.0535875 0.0230282 0.0529697 0.0015349 0.0038796 0.0230282 0.0587845 0.0000000 0.0515733 0.0014322 0.0633311 0.0637737 0.0161418 0.0166094 0.0165520 1.9485758 0.0533900 0.0014800 0.0500887 1.9651011 0.0533135 0.0533135 1.9651890 0.0011180 0.0533108 0.0468681 0.0153988 0.0530488 0.0533279 0.0528998 0.0532034 0.0501579 0.0531121 0.0531121 0.0029194 0.0535431 0.0534593 0.0535509 0.0533206 0.0531742 0.0531044 0.0529697 0.0093803 0.0044890 0.0149130 0.0153426 0.0152938 1.9645640 0.0010408 0.0534968 0.0087687 0.0082271 0.0509399 0.0531964 0.0155825 0.0543449 0.0531265 0.0535991 0.0536451 0.0515489 0.0513161 0.8346633 
KT781098_Megalocytivirus_pagrus1_ISKNV                   0.0016642 0.0017198 0.0580043 0.0012683 0.0503502 0.0508916 0.0580043 0.0622637 0.0515733 0.0000000 0.0503405 0.0650251 0.0649436 0.0503373 0.0508151 0.0507503 1.9215788 0.0016009 0.0502863 0.0101492 1.9509729 0.0015451 0.0015451 1.9510600 0.0475490 0.0014345 0.0156655 0.0508026 0.0013239 0.0015456 0.0013236 0.0015459 0.0102103 0.0013793 0.0013793 0.0489923 0.0017676 0.0017671 0.0017678 0.0015452 0.0014342 0.0013789 0.0012683 0.0504532 0.0510856 0.0502185 0.0508703 0.0508026 1.9504367 0.0502482 0.0017106 0.0510671 0.0509849 0.0097821 0.0014351 0.0498208 0.0017371 0.0013796 0.0018230 0.0019878 0.0066995 0.0073683 0.8137208 
KT804738_Megalocytivirus_pagrus1_RSIV                    0.0522832 0.0523480 0.0217446 0.0517362 0.0002181 0.0024223 0.0217446 0.0574312 0.0014322 0.0503405 0.0000000 0.0618700 0.0623129 0.0148943 0.0153609 0.0153035 1.9370319 0.0521560 0.0001635 0.0485884 1.9556273 0.0520796 0.0520796 1.9557149 0.0004119 0.0520770 0.0459021 0.0141520 0.0518149 0.0520937 0.0516663 0.0519692 0.0486576 0.0518784 0.0518784 0.0019266 0.0523087 0.0522252 0.0523162 0.0520866 0.0519404 0.0518707 0.0517362 0.0082032 0.0036564 0.0137451 0.0140958 0.0141045 1.9554766 0.0004931 0.0522631 0.0077040 0.0069167 0.0494386 0.0519624 0.0144460 0.0543973 0.0518926 0.0523648 0.0524110 0.0501943 0.0499508 0.8293631 
MG570131_Megalocytivirus_pagrus1_TRBIV                   0.0660291 0.0660964 0.0701541 0.0651863 0.0620038 0.0614612 0.0701541 0.0314064 0.0633311 0.0650251 0.0618700 0.0000000 0.0016550 0.0618760 0.0622256 0.0621584 1.9314861 0.0654262 0.0619378 0.0611014 1.9671821 0.0655464 0.0655464 1.9672702 0.0579355 0.0655430 0.0658557 0.0599068 0.0652713 0.0654044 0.0651485 0.0654911 0.0611733 0.0653356 0.0653356 0.0610177 0.0656296 0.0655537 0.0656402 0.0654755 0.0654007 0.0653274 0.0651863 0.0604196 0.0592431 0.0581530 0.0598447 0.0599068 1.9666440 0.0618818 0.0656088 0.0605250 0.0614442 0.0619851 0.0654261 0.0606055 0.0684362 0.0653527 0.0659205 0.0657105 0.0622952 0.0623145 0.8225137 
MG570132_Megalocytivirus_pagrus1_TRBIV                   0.0659465 0.0660138 0.0704133 0.0651047 0.0624447 0.0612674 0.0704133 0.0313722 0.0637737 0.0649436 0.0623129 0.0016550 0.0000000 0.0621297 0.0624795 0.0624123 1.9277254 0.0653444 0.0623786 0.0606636 1.9639994 0.0654646 0.0654646 1.9640873 0.0577481 0.0654612 0.0658375 0.0602126 0.0651897 0.0653227 0.0650669 0.0654093 0.0607353 0.0652539 0.0652539 0.0614579 0.0655477 0.0654718 0.0655583 0.0653936 0.0653190 0.0652457 0.0651047 0.0607257 0.0596812 0.0584667 0.0601505 0.0602126 1.9634619 0.0623227 0.0655269 0.0608314 0.0617573 0.0615459 0.0653443 0.0607764 0.0683421 0.0652709 0.0658384 0.0656286 0.0618557 0.0618749 0.8215356 
MK098185_Megalocytivirus_pagrus1_RSIV                    0.0518745 0.0519390 0.0065549 0.0513317 0.0151078 0.0174672 0.0065549 0.0571870 0.0161418 0.0503373 0.0148943 0.0618760 0.0621297 0.0000000 0.0005458 0.0004912 1.9423218 0.0517496 0.0150508 0.0484651 1.9589131 0.0516736 0.0516736 1.9590005 0.0145101 0.0516710 0.0475985 0.0068032 0.0514101 0.0516876 0.0512622 0.0515636 0.0485341 0.0514733 0.0514733 0.0147153 0.0519015 0.0518184 0.0519089 0.0516804 0.0515350 0.0514657 0.0513317 0.0101858 0.0174011 0.0071227 0.0068593 0.0068612 1.9583774 0.0150532 0.0518563 0.0108732 0.0082041 0.0493118 0.0515568 0.0042635 0.0540675 0.0514873 0.0519574 0.0518650 0.0498263 0.0496544 0.8300884 
MK098186_Megalocytivirus_pagrus1_RSIV                    0.0523572 0.0524218 0.0070176 0.0518113 0.0155724 0.0179183 0.0070176 0.0575407 0.0166094 0.0508151 0.0153609 0.0622256 0.0624795 0.0005458 0.0000000 0.0000543 1.9427790 0.0522300 0.0155153 0.0489036 1.9598241 0.0521538 0.0521538 1.9599116 0.0149466 0.0521512 0.0481390 0.0072543 0.0518899 0.0521679 0.0517417 0.0520437 0.0489726 0.0519531 0.0519531 0.0151796 0.0523822 0.0522990 0.0523898 0.0521607 0.0520150 0.0519455 0.0518113 0.0106417 0.0178714 0.0075878 0.0073105 0.0073125 1.9592882 0.0155179 0.0523368 0.0113306 0.0086656 0.0497517 0.0520369 0.0047121 0.0546124 0.0519673 0.0524382 0.0523455 0.0502663 0.0500944 0.8304895 
MK098187_Megalocytivirus_pagrus1_RSIV                    0.0522917 0.0523563 0.0069603 0.0517462 0.0155153 0.0179183 0.0069603 0.0574739 0.0165520 0.0507503 0.0153035 0.0621584 0.0624123 0.0004912 0.0000543 0.0000000 1.9427790 0.0521648 0.0154582 0.0489036 1.9598241 0.0520887 0.0520887 1.9599116 0.0149466 0.0520861 0.0480748 0.0071985 0.0518248 0.0521027 0.0516766 0.0519786 0.0489726 0.0518880 0.0518880 0.0151225 0.0523170 0.0522338 0.0523246 0.0520956 0.0519499 0.0518804 0.0517462 0.0105854 0.0178136 0.0075303 0.0072547 0.0072567 1.9592882 0.0154607 0.0522716 0.0112742 0.0086085 0.0497517 0.0519718 0.0046564 0.0545385 0.0519022 0.0523730 0.0522803 0.0502663 0.0500944 0.8304093 
MK637631_European_chub_iridovirus_ECIV                   1.9235293 1.9237845 1.9688869 1.9221062 1.9413874 1.9237010 1.9688869 1.9428746 1.9485758 1.9215788 1.9370319 1.9314861 1.9277254 1.9423218 1.9427790 1.9427790 0.0000000 1.9222202 1.9416939 1.9242476 0.8362241 1.9217076 1.9217076 0.8362491 1.9421511 1.9215139 1.9289086 1.9419137 1.9220608 1.9212552 1.9217718 1.9226890 1.9238688 1.9226255 1.9226255 1.9431562 1.9235494 1.9231159 1.9238765 1.9229899 1.9228971 1.9225230 1.9221062 1.9385361 1.9431741 1.9270419 1.9420074 1.9415091 0.8358310 1.9421511 1.9209319 1.9386268 1.9140064 1.9250431 1.9224306 1.9418480 1.9641164 1.9224340 1.9225036 1.9225267 1.9264669 1.9248485 2.0360057 
MK689685_Megalocytivirus_pagrus1_ISKNV                   0.0008313 0.0008868 0.0594665 0.0004407 0.0521573 0.0527784 0.0594665 0.0628403 0.0533900 0.0016009 0.0521560 0.0654262 0.0653444 0.0517496 0.0522300 0.0521648 1.9222202 0.0000000 0.0520930 0.0091702 1.9528266 0.0007167 0.0007167 1.9529139 0.0493823 0.0007167 0.0147942 0.0524807 0.0004960 0.0007169 0.0004959 0.0007170 0.0092311 0.0005512 0.0005512 0.0507922 0.0009381 0.0009378 0.0009382 0.0007167 0.0006062 0.0005510 0.0004407 0.0521294 0.0528990 0.0518723 0.0525489 0.0524807 1.9522901 0.0520551 0.0008820 0.0527468 0.0526983 0.0089263 0.0006065 0.0512358 0.0011783 0.0005513 0.0009934 0.0011584 0.0057344 0.0064009 0.8128879 
MK689686_Megalocytivirus_pagrus1_RSIV                    0.0522194 0.0522839 0.0218735 0.0516753 0.0000542 0.0025300 0.0218735 0.0574053 0.0014800 0.0502863 0.0001635 0.0619378 0.0623786 0.0150508 0.0155153 0.0154582 1.9416939 0.0520930 0.0000000 0.0486809 1.9572693 0.0520171 0.0520171 1.9573565 0.0004097 0.0520145 0.0456077 0.0143118 0.0517537 0.0520311 0.0516058 0.0519072 0.0487497 0.0518168 0.0518168 0.0018623 0.0522450 0.0521619 0.0522525 0.0520240 0.0518785 0.0518092 0.0516753 0.0082194 0.0038614 0.0137971 0.0142558 0.0142067 1.9567339 0.0004361 0.0521997 0.0077226 0.0069395 0.0495271 0.0519004 0.0146043 0.0543143 0.0518309 0.0523009 0.0523469 0.0501964 0.0499639 0.8308866 
MN432490_Megalocytivirus_pagrus1_ISKNV                   0.0092180 0.0092792 0.0567531 0.0088619 0.0487489 0.0520082 0.0567531 0.0577646 0.0500887 0.0101492 0.0485884 0.0611014 0.0606636 0.0484651 0.0489036 0.0489036 1.9242476 0.0091702 0.0486809 0.0000000 1.8758374 0.0091702 0.0091702 1.8759229 0.0486191 0.0091699 0.0087355 0.0492930 0.0089252 0.0090491 0.0088615 0.0091128 0.0000585 0.0089865 0.0089865 0.0475150 0.0092967 0.0094178 0.0092970 0.0090471 0.0090461 0.0089844 0.0088619 0.0489650 0.0492998 0.0481432 0.0493650 0.0492930 1.8752903 0.0486191 0.0092276 0.0493252 0.0491483 0.0009434 0.0089272 0.0477222 0.0093742 0.0088653 0.0093576 0.0095354 0.0039287 0.0033902 0.7644367 
MN562489_Megalocytivirus_lates1_SDDV                     1.9628309 1.9630741 1.9851243 1.9518786 1.9569809 1.8665886 1.9851243 1.9831663 1.9651011 1.9509729 1.9556273 1.9671821 1.9639994 1.9589131 1.9598241 1.9598241 0.8362241 1.9528266 1.9572693 1.8758374 0.0000000 1.9530175 1.9530175 0.0000582 1.8789400 1.9521579 1.9574771 1.9567350 1.9523061 1.9528671 1.9521060 1.9534724 1.8758055 1.9528359 1.9528359 1.9596543 1.9528911 1.9544412 1.9530045 1.9538531 1.9530440 1.9525755 1.9518786 1.9564930 1.9599747 1.9391927 1.9576440 1.9567350 0.0002345 1.9576651 1.9520004 1.9572729 1.9358112 1.8763277 1.9525472 1.9580049 2.0083796 1.9524164 1.9530469 1.9531241 1.8752464 1.8743190 2.0511061 
MT128666_Megalocytivirus_pagrus1_ISKNV                   0.0007756 0.0008310 0.0593873 0.0003855 0.0520813 0.0527002 0.0593873 0.0628422 0.0533135 0.0015451 0.0520796 0.0655464 0.0654646 0.0516736 0.0521538 0.0520887 1.9217076 0.0007167 0.0520171 0.0091702 1.9530175 0.0000000 0.0000010 1.9531048 0.0493837 0.0006613 0.0147322 0.0524046 0.0004407 0.0006615 0.0004406 0.0006616 0.0092312 0.0004959 0.0004959 0.0507166 0.0008826 0.0008824 0.0008827 0.0006614 0.0004406 0.0004957 0.0003855 0.0520534 0.0528227 0.0518613 0.0524728 0.0524046 1.9524809 0.0519791 0.0008266 0.0526706 0.0526206 0.0089263 0.0005512 0.0511598 0.0011158 0.0004960 0.0009379 0.0011029 0.0057344 0.0064009 0.8134846 
MT128667_Megalocytivirus_pagrus1_ISKNV                   0.0007756 0.0008310 0.0593873 0.0003855 0.0520813 0.0527002 0.0593873 0.0628422 0.0533135 0.0015451 0.0520796 0.0655464 0.0654646 0.0516736 0.0521538 0.0520887 1.9217076 0.0007167 0.0520171 0.0091702 1.9530175 0.0000010 0.0000000 1.9531048 0.0493837 0.0006613 0.0147322 0.0524046 0.0004407 0.0006615 0.0004406 0.0006616 0.0092312 0.0004959 0.0004959 0.0507166 0.0008826 0.0008824 0.0008827 0.0006614 0.0004406 0.0004957 0.0003855 0.0520534 0.0528227 0.0518613 0.0524728 0.0524046 1.9524809 0.0519791 0.0008266 0.0526706 0.0526206 0.0089263 0.0005512 0.0511598 0.0011158 0.0004960 0.0009379 0.0011029 0.0057344 0.0064009 0.8134846 
MT521409_Megalocytivirus_lates1_SDDV                     1.9629194 1.9631626 1.9852140 1.9519658 1.9570681 1.8666744 1.9852140 1.9833221 1.9651890 1.9510600 1.9557149 1.9672702 1.9640873 1.9590005 1.9599116 1.9599116 0.8362491 1.9529139 1.9573565 1.8759229 0.0000582 1.9531048 1.9531048 0.0000000 1.8790256 1.9522451 1.9575647 1.9568223 1.9523934 1.9529544 1.9521932 1.9535598 1.8758911 1.9529232 1.9529232 1.9597418 1.9529784 1.9545286 1.9530918 1.9539405 1.9531313 1.9526627 1.9519658 1.9565803 1.9600623 1.9392812 1.9577314 1.9568223 0.0002931 1.9577524 1.9520876 1.9573603 1.9358989 1.8764134 1.9526345 1.9580926 2.0084834 1.9525036 1.9531342 1.9532114 1.8753319 1.8744045 2.0511641 
MT798582_Megalocytivirus_pagrus1_RSIV                    0.0494362 0.0495047 0.0218259 0.0490216 0.0004683 0.0028326 0.0218259 0.0532036 0.0011180 0.0475490 0.0004119 0.0579355 0.0577481 0.0145101 0.0149466 0.0149466 1.9421511 0.0493823 0.0004097 0.0486191 1.8789400 0.0493837 0.0493837 1.8790256 0.0000000 0.0493811 0.0415546 0.0152808 0.0491042 0.0492504 0.0490209 0.0491938 0.0486880 0.0491715 0.0491715 0.0018828 0.0495423 0.0495370 0.0495469 0.0492419 0.0492369 0.0491635 0.0490216 0.0089008 0.0035536 0.0147555 0.0152205 0.0151681 1.8783928 0.0000010 0.0494348 0.0083063 0.0075954 0.0494653 0.0491107 0.0152661 0.0513211 0.0490371 0.0495351 0.0495893 0.0501346 0.0499020 0.7755987 
MT926123_Megalocytivirus_pagrus1_ISKNV                   0.0007756 0.0008310 0.0593842 0.0003855 0.0520787 0.0527771 0.0593842 0.0628390 0.0533108 0.0014345 0.0520770 0.0655430 0.0654612 0.0516710 0.0521512 0.0520861 1.9215139 0.0007167 0.0520145 0.0091699 1.9521579 0.0006613 0.0006613 1.9522451 0.0493811 0.0000000 0.0147316 0.0524019 0.0004407 0.0006615 0.0004406 0.0006616 0.0092308 0.0004959 0.0004959 0.0507141 0.0008826 0.0008823 0.0008827 0.0006613 0.0005509 0.0004957 0.0003855 0.0520507 0.0528200 0.0517871 0.0524701 0.0524019 1.9516215 0.0519765 0.0008266 0.0526679 0.0526179 0.0086811 0.0005512 0.0511572 0.0011158 0.0004960 0.0009378 0.0011028 0.0057342 0.0064006 0.8130187 
MT986830_Megalocytivirus_pagrus1_ISKNV                   0.0149254 0.0149836 0.0553000 0.0144365 0.0456708 0.0446101 0.0553000 0.0625712 0.0468681 0.0156655 0.0459021 0.0658557 0.0658375 0.0475985 0.0481390 0.0480748 1.9289086 0.0147942 0.0456077 0.0087355 1.9574771 0.0147322 0.0147322 1.9575647 0.0415546 0.0147316 0.0000000 0.0480942 0.0144982 0.0147365 0.0144955 0.0147388 0.0087963 0.0145574 0.0145574 0.0449927 0.0149181 0.0149705 0.0148573 0.0147335 0.0146129 0.0145536 0.0144365 0.0464635 0.0465785 0.0469921 0.0481613 0.0480942 1.9569399 0.0455691 0.0148437 0.0468160 0.0458456 0.0083708 0.0146207 0.0471204 0.0164386 0.0145612 0.0150328 0.0151400 0.0076768 0.0070105 0.8171026 
MW139932_Megalocytivirus_pagrus1_RSIV                    0.0526090 0.0526736 0.0134860 0.0520620 0.0143687 0.0182675 0.0134860 0.0537769 0.0153988 0.0508026 0.0141520 0.0599068 0.0602126 0.0068032 0.0072543 0.0071985 1.9419137 0.0524807 0.0143118 0.0492930 1.9567350 0.0524046 0.0524046 1.9568223 0.0152808 0.0524019 0.0480942 0.0000000 0.0521407 0.0524187 0.0519924 0.0522946 0.0493620 0.0522039 0.0522039 0.0144342 0.0526330 0.0525497 0.0526407 0.0524115 0.0522657 0.0521963 0.0520620 0.0064511 0.0171193 0.0001117 0.0001629 0.0000543 1.9561994 0.0143141 0.0525874 0.0065686 0.0105068 0.0501414 0.0522877 0.0067283 0.0547244 0.0522181 0.0526890 0.0527350 0.0505816 0.0504099 0.8296791 
MW273353_Megalocytivirus_pagrus1_ISKNV                   0.0005538 0.0006092 0.0591154 0.0001644 0.0518178 0.0524926 0.0591154 0.0625670 0.0530488 0.0013239 0.0518149 0.0652713 0.0651897 0.0514101 0.0518899 0.0518248 1.9220608 0.0004960 0.0517537 0.0089252 1.9523061 0.0004407 0.0004407 1.9523934 0.0491042 0.0004407 0.0144982 0.0521407 0.0000000 0.0004408 0.0002193 0.0004409 0.0089861 0.0002754 0.0002754 0.0504541 0.0006617 0.0006615 0.0006618 0.0004407 0.0003304 0.0002753 0.0001644 0.0517897 0.0525584 0.0515906 0.0522088 0.0521407 1.9517696 0.0517157 0.0006059 0.0524064 0.0523511 0.0086815 0.0003306 0.0508957 0.0008675 0.0002754 0.0007169 0.0008819 0.0054931 0.0061590 0.8126145 
MW273354_Megalocytivirus_pagrus1_ISKNV                   0.0006647 0.0007202 0.0594032 0.0003856 0.0520953 0.0526432 0.0594032 0.0625455 0.0533279 0.0015456 0.0520937 0.0654044 0.0653227 0.0516876 0.0521679 0.0521027 1.9212552 0.0007169 0.0520311 0.0090491 1.9528671 0.0006615 0.0006615 1.9529544 0.0492504 0.0006615 0.0147365 0.0524187 0.0004408 0.0000000 0.0004407 0.0006617 0.0091100 0.0004960 0.0004960 0.0507304 0.0008829 0.0007720 0.0008830 0.0004407 0.0005511 0.0004959 0.0003856 0.0520674 0.0528369 0.0518678 0.0524869 0.0524187 1.9523305 0.0519932 0.0008269 0.0526848 0.0526350 0.0088053 0.0004409 0.0511737 0.0011162 0.0003857 0.0007169 0.0011032 0.0056146 0.0062809 0.8131978 
MW883593_Megalocytivirus_pagrus1_ISKNV                   0.0005537 0.0006091 0.0589606 0.0001644 0.0516699 0.0524062 0.0589606 0.0624092 0.0528998 0.0013236 0.0516663 0.0651485 0.0650669 0.0512622 0.0517417 0.0516766 1.9217718 0.0004959 0.0516058 0.0088615 1.9521060 0.0004406 0.0004406 1.9521932 0.0490209 0.0004406 0.0144955 0.0519924 0.0002193 0.0004407 0.0000000 0.0004408 0.0089224 0.0002753 0.0002753 0.0503071 0.0006616 0.0006614 0.0006616 0.0004406 0.0003303 0.0002752 0.0001644 0.0516417 0.0524097 0.0514387 0.0520605 0.0519924 1.9515697 0.0515678 0.0006058 0.0522580 0.0521997 0.0086179 0.0003305 0.0507476 0.0008673 0.0002754 0.0007167 0.0008818 0.0054314 0.0060968 0.8126967 
MW883594_Megalocytivirus_pagrus1_ISKNV                   0.0003320 0.0003873 0.0592754 0.0003857 0.0519714 0.0525854 0.0592754 0.0626320 0.0532034 0.0015459 0.0519692 0.0654911 0.0654093 0.0515636 0.0520437 0.0519786 1.9226890 0.0007170 0.0519072 0.0091128 1.9534724 0.0006616 0.0006616 1.9535598 0.0491938 0.0006616 0.0147388 0.0522946 0.0004409 0.0006617 0.0004408 0.0000000 0.0091737 0.0004961 0.0004961 0.0506068 0.0007722 0.0008828 0.0008831 0.0006617 0.0005512 0.0004960 0.0003857 0.0519434 0.0527126 0.0517405 0.0523627 0.0522946 1.9529357 0.0518692 0.0008270 0.0525605 0.0524372 0.0088689 0.0005515 0.0510494 0.0010541 0.0004962 0.0009383 0.0011034 0.0056765 0.0063431 0.8129600 
MW883595_Megalocytivirus_pagrus1_ISKNV                   0.0092793 0.0093405 0.0568245 0.0089227 0.0488178 0.0520790 0.0568245 0.0578361 0.0501579 0.0102103 0.0486576 0.0611733 0.0607353 0.0485341 0.0489726 0.0489726 1.9238688 0.0092311 0.0487497 0.0000585 1.8758055 0.0092312 0.0092312 1.8758911 0.0486880 0.0092308 0.0087963 0.0493620 0.0089861 0.0091100 0.0089224 0.0091737 0.0000000 0.0090474 0.0090474 0.0475836 0.0093576 0.0094788 0.0093580 0.0091080 0.0091070 0.0090453 0.0089227 0.0490340 0.0493689 0.0482141 0.0494341 0.0493620 1.8752584 0.0486880 0.0092885 0.0493943 0.0492188 0.0010024 0.0089881 0.0477912 0.0094433 0.0089262 0.0094186 0.0095963 0.0039884 0.0034499 0.7644711 
MW883596_Megalocytivirus_pagrus1_ISKNV                   0.0006092 0.0006646 0.0591797 0.0002193 0.0518810 0.0525614 0.0591797 0.0626316 0.0531121 0.0013793 0.0518784 0.0653356 0.0652539 0.0514733 0.0519531 0.0518880 1.9226255 0.0005512 0.0518168 0.0089865 1.9528359 0.0004959 0.0004959 1.9529232 0.0491715 0.0004959 0.0145574 0.0522039 0.0002754 0.0004960 0.0002753 0.0004961 0.0090474 0.0000000 0.0000010 0.0505172 0.0007169 0.0007167 0.0007170 0.0004959 0.0003855 0.0003304 0.0002193 0.0518529 0.0526216 0.0516555 0.0522720 0.0522039 1.9522994 0.0517788 0.0006611 0.0524697 0.0523450 0.0087427 0.0003858 0.0509591 0.0009296 0.0003306 0.0007722 0.0009372 0.0055535 0.0062195 0.8132325 
MW883597_Megalocytivirus_pagrus1_ISKNV                   0.0006092 0.0006646 0.0591797 0.0002193 0.0518810 0.0525614 0.0591797 0.0626316 0.0531121 0.0013793 0.0518784 0.0653356 0.0652539 0.0514733 0.0519531 0.0518880 1.9226255 0.0005512 0.0518168 0.0089865 1.9528359 0.0004959 0.0004959 1.9529232 0.0491715 0.0004959 0.0145574 0.0522039 0.0002754 0.0004960 0.0002753 0.0004961 0.0090474 0.0000010 0.0000000 0.0505172 0.0007169 0.0007167 0.0007170 0.0004959 0.0003855 0.0003304 0.0002193 0.0518529 0.0526216 0.0516555 0.0522720 0.0522039 1.9522994 0.0517788 0.0006611 0.0524697 0.0523450 0.0087427 0.0003858 0.0509591 0.0009296 0.0003306 0.0007722 0.0009372 0.0055535 0.0062195 0.8132325 
MW883598_Megalocytivirus_pagrus1_RSIV                    0.0509125 0.0509768 0.0215280 0.0503762 0.0019171 0.0044219 0.0215280 0.0564032 0.0029194 0.0489923 0.0019266 0.0610177 0.0614579 0.0147153 0.0151796 0.0151225 1.9431562 0.0507922 0.0018623 0.0475150 1.9596543 0.0507166 0.0507166 1.9597418 0.0018828 0.0507141 0.0449927 0.0144342 0.0504541 0.0507304 0.0503071 0.0506068 0.0475836 0.0505172 0.0505172 0.0000000 0.0509432 0.0508608 0.0509505 0.0507233 0.0505786 0.0505096 0.0503762 0.0087865 0.0052087 0.0134936 0.0143781 0.0143291 1.9591185 0.0018626 0.0508989 0.0084030 0.0075734 0.0483585 0.0506002 0.0143813 0.0529820 0.0505310 0.0509991 0.0510452 0.0490273 0.0487945 0.8314600 
MW883599_Megalocytivirus_pagrus1_ISKNV                   0.0008867 0.0009421 0.0596256 0.0006064 0.0523093 0.0529440 0.0596256 0.0630802 0.0535431 0.0017676 0.0523087 0.0656296 0.0655477 0.0519015 0.0523822 0.0523170 1.9235494 0.0009381 0.0522450 0.0092967 1.9528911 0.0008826 0.0008826 1.9529784 0.0495423 0.0008826 0.0149181 0.0526330 0.0006617 0.0008829 0.0006616 0.0007722 0.0093576 0.0007169 0.0007169 0.0509432 0.0000000 0.0011040 0.0005511 0.0008827 0.0007720 0.0007168 0.0006064 0.0522815 0.0530517 0.0520954 0.0527013 0.0526330 1.9523546 0.0522070 0.0010481 0.0528994 0.0528540 0.0090526 0.0007725 0.0513879 0.0012404 0.0007172 0.0011597 0.0013248 0.0058576 0.0065246 0.8136353 
MW883600_Megalocytivirus_pagrus1_ISKNV                   0.0009978 0.0010533 0.0595378 0.0006062 0.0522261 0.0528650 0.0595378 0.0629149 0.0534593 0.0017671 0.0522252 0.0655537 0.0654718 0.0518184 0.0522990 0.0522338 1.9231159 0.0009378 0.0521619 0.0094178 1.9544412 0.0008824 0.0008824 1.9545286 0.0495370 0.0008823 0.0149705 0.0525497 0.0006615 0.0007720 0.0006614 0.0008828 0.0094788 0.0007167 0.0007167 0.0508608 0.0011040 0.0000000 0.0011041 0.0006613 0.0007718 0.0007165 0.0006062 0.0521983 0.0529681 0.0520101 0.0526180 0.0525497 1.9539044 0.0521240 0.0010478 0.0528159 0.0527688 0.0091737 0.0007722 0.0513049 0.0013649 0.0007169 0.0008273 0.0013244 0.0059774 0.0066447 0.8133346 
MW883601_Megalocytivirus_pagrus1_ISKNV                   0.0009982 0.0010537 0.0596348 0.0006064 0.0523168 0.0529492 0.0596348 0.0630868 0.0535509 0.0017678 0.0523162 0.0656402 0.0655583 0.0519089 0.0523898 0.0523246 1.9238765 0.0009382 0.0522525 0.0092970 1.9530045 0.0008827 0.0008827 1.9530918 0.0495469 0.0008827 0.0148573 0.0526407 0.0006618 0.0008830 0.0006616 0.0008831 0.0093580 0.0007170 0.0007170 0.0509505 0.0005511 0.0011041 0.0000000 0.0008828 0.0007721 0.0007168 0.0006064 0.0522890 0.0530594 0.0521031 0.0527090 0.0526407 1.9524678 0.0522146 0.0010482 0.0529070 0.0528618 0.0090530 0.0007725 0.0513953 0.0013030 0.0007172 0.0011598 0.0013249 0.0058578 0.0065249 0.8140182 
MW883602_Megalocytivirus_pagrus1_ISKNV                   0.0006646 0.0007200 0.0593955 0.0003855 0.0520882 0.0526341 0.0593955 0.0627708 0.0533206 0.0015452 0.0520866 0.0654755 0.0653936 0.0516804 0.0521607 0.0520956 1.9229899 0.0007167 0.0520240 0.0090471 1.9538531 0.0006614 0.0006614 1.9539405 0.0492419 0.0006613 0.0147335 0.0524115 0.0004407 0.0004407 0.0004406 0.0006617 0.0091080 0.0004959 0.0004959 0.0507233 0.0008827 0.0006613 0.0008828 0.0000000 0.0005509 0.0004958 0.0003855 0.0520602 0.0528297 0.0518683 0.0524797 0.0524115 1.9533163 0.0519860 0.0008267 0.0526776 0.0526277 0.0088033 0.0004408 0.0511665 0.0011159 0.0003857 0.0007167 0.0011029 0.0056134 0.0062795 0.8134723 
MW883603_Megalocytivirus_pagrus1_ISKNV                   0.0006645 0.0007200 0.0592437 0.0002752 0.0519427 0.0526288 0.0592437 0.0626966 0.0531742 0.0014342 0.0519404 0.0654007 0.0653190 0.0515350 0.0520150 0.0519499 1.9228971 0.0006062 0.0518785 0.0090461 1.9530440 0.0004406 0.0004406 1.9531313 0.0492369 0.0005509 0.0146129 0.0522657 0.0003304 0.0005511 0.0003303 0.0005512 0.0091070 0.0003855 0.0003855 0.0505786 0.0007720 0.0007718 0.0007721 0.0005509 0.0000000 0.0003854 0.0002752 0.0519147 0.0526836 0.0517189 0.0523339 0.0522657 1.9525074 0.0518406 0.0007161 0.0525316 0.0524788 0.0088024 0.0004408 0.0510209 0.0009915 0.0003856 0.0008272 0.0009922 0.0056128 0.0062788 0.8132811 
MW883606_Megalocytivirus_pagrus1_ISKNV                   0.0006091 0.0006645 0.0591717 0.0002192 0.0518734 0.0525531 0.0591717 0.0626235 0.0531044 0.0013789 0.0518707 0.0653274 0.0652457 0.0514657 0.0519455 0.0518804 1.9225230 0.0005510 0.0518092 0.0089844 1.9525755 0.0004957 0.0004957 1.9526627 0.0491635 0.0004957 0.0145536 0.0521963 0.0002753 0.0004959 0.0002752 0.0004960 0.0090453 0.0003304 0.0003304 0.0505096 0.0007168 0.0007165 0.0007168 0.0004958 0.0003854 0.0000000 0.0002192 0.0518453 0.0526140 0.0516477 0.0522644 0.0521963 1.9520390 0.0517712 0.0006610 0.0524620 0.0524078 0.0087407 0.0003856 0.0509515 0.0009293 0.0003305 0.0007719 0.0009369 0.0055522 0.0062180 0.8127300 
NC_003494_Megalocytivirus_pagrus1_ISKNV                  0.0004982 0.0005536 0.0590328 0.0000010 0.0517394 0.0523359 0.0590328 0.0624825 0.0529697 0.0012683 0.0517362 0.0651863 0.0651047 0.0513317 0.0518113 0.0517462 1.9221062 0.0004407 0.0516753 0.0088619 1.9518786 0.0003855 0.0003855 1.9519658 0.0490216 0.0003855 0.0144365 0.0520620 0.0001644 0.0003856 0.0001644 0.0003857 0.0089227 0.0002193 0.0002193 0.0503762 0.0006064 0.0006062 0.0006064 0.0003855 0.0002752 0.0002192 0.0000000 0.0517113 0.0524795 0.0515101 0.0521302 0.0520620 1.9513423 0.0516373 0.0005507 0.0523277 0.0522708 0.0086182 0.0002754 0.0508173 0.0008052 0.0002193 0.0006615 0.0008265 0.0054316 0.0060971 0.8129025 
OK042108_Megalocytivirus_pagrus1_RSIV                    0.0522560 0.0523206 0.0170298 0.0517113 0.0082754 0.0115544 0.0170298 0.0547757 0.0093803 0.0504532 0.0082032 0.0604196 0.0607257 0.0101858 0.0106417 0.0105854 1.9385361 0.0521294 0.0082194 0.0489650 1.9564930 0.0520534 0.0520534 1.9565803 0.0089008 0.0520507 0.0464635 0.0064511 0.0517897 0.0520674 0.0516417 0.0519434 0.0490340 0.0518529 0.0518529 0.0087865 0.0522815 0.0521983 0.0522890 0.0520602 0.0519147 0.0518453 0.0517113 0.0000000 0.0113323 0.0066447 0.0063960 0.0065088 1.9559576 0.0083335 0.0522361 0.0008742 0.0044988 0.0498125 0.0519366 0.0098996 0.0545830 0.0518670 0.0523374 0.0523834 0.0502851 0.0501133 0.8296291 
OK042109_Megalocytivirus_pagrus1_RSIV                    0.0530293 0.0530940 0.0243490 0.0524795 0.0039167 0.0065253 0.0243490 0.0530567 0.0044890 0.0510856 0.0036564 0.0592431 0.0596812 0.0174011 0.0178714 0.0178136 1.9431741 0.0528990 0.0038614 0.0492998 1.9599747 0.0528227 0.0528227 1.9600623 0.0035536 0.0528200 0.0465785 0.0171193 0.0525584 0.0528369 0.0524097 0.0527126 0.0493689 0.0526216 0.0526216 0.0052087 0.0530517 0.0529681 0.0530594 0.0528297 0.0526836 0.0526140 0.0524795 0.0113323 0.0000000 0.0167960 0.0170629 0.0170732 1.9594383 0.0034181 0.0530058 0.0110571 0.0100879 0.0501490 0.0527057 0.0170199 0.0550794 0.0526359 0.0531076 0.0530205 0.0508297 0.0505869 0.8305344 
OL774653_Megalocytivirus_pagrus1_RSIV                    0.0520685 0.0521348 0.0140265 0.0515101 0.0138557 0.0178221 0.0140265 0.0521825 0.0149130 0.0502185 0.0137451 0.0581530 0.0584667 0.0071227 0.0075878 0.0075303 1.9270419 0.0518723 0.0137971 0.0481432 1.9391927 0.0518613 0.0518613 1.9392812 0.0147555 0.0517871 0.0469921 0.0001117 0.0515906 0.0518678 0.0514387 0.0517405 0.0482141 0.0516555 0.0516555 0.0134936 0.0520954 0.0520101 0.0521031 0.0518683 0.0517189 0.0516477 0.0515101 0.0066447 0.0167960 0.0000000 0.0000559 0.0001117 1.9386453 0.0137995 0.0520490 0.0067633 0.0108274 0.0490137 0.0517414 0.0066956 0.0541031 0.0516700 0.0521529 0.0521338 0.0491898 0.0492890 0.8213219 
OL774654_Megalocytivirus_pagrus1_RSIV                    0.0526775 0.0527422 0.0135449 0.0521302 0.0143127 0.0182056 0.0135449 0.0537151 0.0153426 0.0508703 0.0140958 0.0598447 0.0601505 0.0068593 0.0073105 0.0072547 1.9420074 0.0525489 0.0142558 0.0493650 1.9576440 0.0524728 0.0524728 1.9577314 0.0152205 0.0524701 0.0481613 0.0001629 0.0522088 0.0524869 0.0520605 0.0523627 0.0494341 0.0522720 0.0522720 0.0143781 0.0527013 0.0526180 0.0527090 0.0524797 0.0523339 0.0522644 0.0521302 0.0063960 0.0170629 0.0000559 0.0000000 0.0002172 1.9571084 0.0142581 0.0526557 0.0065135 0.0104501 0.0502137 0.0523559 0.0067847 0.0548018 0.0522862 0.0527573 0.0528033 0.0506539 0.0504822 0.8298018 
OL774655_Megalocytivirus_pagrus1_RSIV                    0.0526090 0.0526736 0.0135487 0.0520620 0.0142637 0.0181532 0.0135487 0.0537769 0.0152938 0.0508026 0.0141045 0.0599068 0.0602126 0.0068612 0.0073125 0.0072567 1.9415091 0.0524807 0.0142067 0.0492930 1.9567350 0.0524046 0.0524046 1.9568223 0.0151681 0.0524019 0.0480942 0.0000543 0.0521407 0.0524187 0.0519924 0.0522946 0.0493620 0.0522039 0.0522039 0.0143291 0.0526330 0.0525497 0.0526407 0.0524115 0.0522657 0.0521963 0.0520620 0.0065088 0.0170732 0.0001117 0.0002172 0.0000000 1.9561994 0.0142090 0.0525874 0.0066264 0.0105678 0.0501414 0.0522877 0.0067266 0.0547244 0.0522181 0.0526890 0.0527350 0.0505769 0.0504099 0.8295186 
OM037668_Megalocytivirus_lates1_SDDV                     1.9622900 1.9625331 1.9845814 1.9513423 1.9564456 1.8660373 1.9845814 1.9826213 1.9645640 1.9504367 1.9554766 1.9666440 1.9634619 1.9583774 1.9592882 1.9592882 0.8358310 1.9522901 1.9567339 1.8752903 0.0002345 1.9524809 1.9524809 0.0002931 1.8783928 1.9516215 1.9569399 1.9561994 1.9517696 1.9523305 1.9515697 1.9529357 1.8752584 1.9522994 1.9522994 1.9591185 1.9523546 1.9539044 1.9524678 1.9533163 1.9525074 1.9520390 1.9513423 1.9559576 1.9594383 1.9386453 1.9571084 1.9561994 0.0000000 1.9571297 1.9514640 1.9567371 1.9352693 1.8757806 1.9520108 1.9574670 2.0074468 1.9518799 1.9525104 1.9525875 1.8746995 1.8737723 2.0507780 
ON075463_Megalocytivirus_pagrus1_RSIV                    0.0521813 0.0522458 0.0218770 0.0516373 0.0004906 0.0028326 0.0218770 0.0573492 0.0010408 0.0502482 0.0004931 0.0618818 0.0623227 0.0150532 0.0155179 0.0154607 1.9421511 0.0520551 0.0004361 0.0486191 1.9576651 0.0519791 0.0519791 1.9577524 0.0000010 0.0519765 0.0455691 0.0143141 0.0517157 0.0519932 0.0515678 0.0518692 0.0486880 0.0517788 0.0517788 0.0018626 0.0522070 0.0521240 0.0522146 0.0519860 0.0518406 0.0517712 0.0516373 0.0083335 0.0034181 0.0137995 0.0142581 0.0142090 1.9571297 0.0000000 0.0521618 0.0077244 0.0071687 0.0494653 0.0518624 0.0144919 0.0542718 0.0517929 0.0522629 0.0523090 0.0501346 0.0499020 0.8312436 
ON212400_Megalocytivirus_pagrus1_ISKNV                   0.0009418 0.0009972 0.0595746 0.0005507 0.0522639 0.0528316 0.0595746 0.0629576 0.0534968 0.0017106 0.0522631 0.0656088 0.0655269 0.0518563 0.0523368 0.0522716 1.9209319 0.0008820 0.0521997 0.0092276 1.9520004 0.0008266 0.0008266 1.9520876 0.0494348 0.0008266 0.0148437 0.0525874 0.0006059 0.0008269 0.0006058 0.0008270 0.0092885 0.0006611 0.0006611 0.0508989 0.0010481 0.0010478 0.0010482 0.0008267 0.0007161 0.0006610 0.0005507 0.0522361 0.0530058 0.0520490 0.0526557 0.0525874 1.9514640 0.0521618 0.0000000 0.0528535 0.0528072 0.0089837 0.0007166 0.0513430 0.0012397 0.0006613 0.0011033 0.0012683 0.0057923 0.0064586 0.8123222 
ON740976_Megalocytivirus_pagrus1_RSIV                    0.0528764 0.0529410 0.0175147 0.0523277 0.0077786 0.0109443 0.0175147 0.0551430 0.0087687 0.0510671 0.0077040 0.0605250 0.0608314 0.0108732 0.0113306 0.0112742 1.9386268 0.0527468 0.0077226 0.0493252 1.9572729 0.0526706 0.0526706 1.9573603 0.0083063 0.0526679 0.0468160 0.0065686 0.0524064 0.0526848 0.0522580 0.0525605 0.0493943 0.0524697 0.0524697 0.0084030 0.0528994 0.0528159 0.0529070 0.0526776 0.0525316 0.0524620 0.0523277 0.0008742 0.0110571 0.0067633 0.0065135 0.0066264 1.9567371 0.0077244 0.0528535 0.0000000 0.0044998 0.0501739 0.0525537 0.0104763 0.0551241 0.0524839 0.0529553 0.0530013 0.0506567 0.0504749 0.8288937 
ON743042_Megalocytivirus_pagrus1_RSIV                    0.0527588 0.0528248 0.0149751 0.0522708 0.0069963 0.0101339 0.0149751 0.0569040 0.0082271 0.0509849 0.0069167 0.0614442 0.0617573 0.0082041 0.0086656 0.0086085 1.9140064 0.0526983 0.0069395 0.0491483 1.9358112 0.0526206 0.0526206 1.9358989 0.0075954 0.0526179 0.0458456 0.0105068 0.0523511 0.0526350 0.0521997 0.0524372 0.0492188 0.0523450 0.0523450 0.0075734 0.0528540 0.0527688 0.0528618 0.0526277 0.0524788 0.0524078 0.0522708 0.0044988 0.0100879 0.0108274 0.0104501 0.0105678 1.9352693 0.0071687 0.0528072 0.0044998 0.0000000 0.0498742 0.0523358 0.0080690 0.0550524 0.0522647 0.0529110 0.0528895 0.0503636 0.0500759 0.8281591 
OP009387_Megalocytivirus_pagrus1_ISKNV                   0.0089729 0.0090340 0.0576312 0.0086182 0.0495953 0.0528077 0.0576312 0.0586434 0.0509399 0.0097821 0.0494386 0.0619851 0.0615459 0.0493118 0.0497517 0.0497517 1.9250431 0.0089263 0.0495271 0.0009434 1.8763277 0.0089263 0.0089263 1.8764134 0.0494653 0.0086811 0.0083708 0.0501414 0.0086815 0.0088053 0.0086179 0.0088689 0.0010024 0.0087427 0.0087427 0.0483585 0.0090526 0.0091737 0.0090530 0.0088033 0.0088024 0.0087407 0.0086182 0.0498125 0.0501490 0.0490137 0.0502137 0.0501414 1.8757806 0.0494653 0.0089837 0.0501739 0.0498742 0.0000000 0.0086834 0.0485702 0.0091672 0.0086216 0.0091135 0.0092913 0.0035701 0.0030321 0.7657053 
OP896201_Megalocytivirus_pagrus1_ISKNV                   0.0004429 0.0004983 0.0592678 0.0002754 0.0519646 0.0524993 0.0592678 0.0627216 0.0531964 0.0014351 0.0519624 0.0654261 0.0653443 0.0515568 0.0520369 0.0519718 1.9224306 0.0006065 0.0519004 0.0089272 1.9525472 0.0005512 0.0005512 1.9526345 0.0491107 0.0005512 0.0146207 0.0522877 0.0003306 0.0004409 0.0003305 0.0005515 0.0089881 0.0003858 0.0003858 0.0506002 0.0007725 0.0007722 0.0007725 0.0004408 0.0004408 0.0003856 0.0002754 0.0519366 0.0527057 0.0517414 0.0523559 0.0522877 1.9520108 0.0518624 0.0007166 0.0525537 0.0523358 0.0086834 0.0000000 0.0510427 0.0009921 0.0000548 0.0006065 0.0009928 0.0054944 0.0060348 0.8134645 
OQ475017_Megalocytivirus_pagrus1_RSIV                    0.0513588 0.0514235 0.0108369 0.0508173 0.0146615 0.0182625 0.0108369 0.0550988 0.0155825 0.0498208 0.0144460 0.0606055 0.0607764 0.0042635 0.0047121 0.0046564 1.9418480 0.0512358 0.0146043 0.0477222 1.9580049 0.0511598 0.0511598 1.9580926 0.0152661 0.0511572 0.0471204 0.0067283 0.0508957 0.0511737 0.0507476 0.0510494 0.0477912 0.0509591 0.0509591 0.0143813 0.0513879 0.0513049 0.0513953 0.0511665 0.0510209 0.0509515 0.0508173 0.0098996 0.0170199 0.0066956 0.0067847 0.0067266 1.9574670 0.0144919 0.0513430 0.0104763 0.0080690 0.0485702 0.0510427 0.0000000 0.0530957 0.0509730 0.0514441 0.0514904 0.0491575 0.0489848 0.8298314 
OQ513807_Megalocytivirus_pagrus1_ISKNV                   0.0011844 0.0011844 0.0628592 0.0008052 0.0543870 0.0552514 0.0628592 0.0655447 0.0543449 0.0017371 0.0543973 0.0684362 0.0683421 0.0540675 0.0546124 0.0545385 1.9641164 0.0011783 0.0543143 0.0093742 2.0083796 0.0011158 0.0011158 2.0084834 0.0513211 0.0011158 0.0164386 0.0547244 0.0008675 0.0011162 0.0008673 0.0010541 0.0094433 0.0009296 0.0009296 0.0529820 0.0012404 0.0013649 0.0013030 0.0011159 0.0009915 0.0009293 0.0008052 0.0545830 0.0550794 0.0541031 0.0548018 0.0547244 2.0074468 0.0542718 0.0012397 0.0551241 0.0550524 0.0091672 0.0009921 0.0530957 0.0000000 0.0009299 0.0014275 0.0000616 0.0062406 0.0069984 0.8448203 
OR356116_Megalocytivirus_pagrus1_ISKNV                   0.0003875 0.0004429 0.0591956 0.0002193 0.0518951 0.0524235 0.0591956 0.0626483 0.0531265 0.0013796 0.0518926 0.0653527 0.0652709 0.0514873 0.0519673 0.0519022 1.9224340 0.0005513 0.0518309 0.0088653 1.9524164 0.0004960 0.0004960 1.9525036 0.0490371 0.0004960 0.0145612 0.0522181 0.0002754 0.0003857 0.0002754 0.0004962 0.0089262 0.0003306 0.0003306 0.0505310 0.0007172 0.0007169 0.0007172 0.0003857 0.0003856 0.0003305 0.0002193 0.0518670 0.0526359 0.0516700 0.0522862 0.0522181 1.9518799 0.0517929 0.0006613 0.0524839 0.0522647 0.0086216 0.0000548 0.0509730 0.0009299 0.0000000 0.0005513 0.0009375 0.0054337 0.0059740 0.8132484 
