62
23043610003_Megalocytivirus_pagrus1_ISKNV                0.0000000 0.0000544 0.0596284 0.0004981 0.0521837 0.0527952 0.0596284 0.0628910 0.0534400 0.0016636 0.0521833 0.0659061 0.0658122 0.0517556 0.0522370 0.0521725 0.0008310 0.0521199 0.0092125 2.1035372 0.0007753 0.0007753 2.1036155 0.0493449 0.0007753 0.0149133 0.0524883 0.0005536 0.0006645 0.0005535 0.0003319 0.0092736 0.0006090 0.0006090 0.0508169 0.0008864 0.0009975 0.0009979 0.0006644 0.0006643 0.0006089 0.0004981 0.0521387 0.0529348 0.0519365 0.0525562 0.0524883 2.1031186 0.0520869 0.0009414 0.0527653 0.0526073 0.0089675 0.0004428 0.0512275 0.0011841 0.0003874 0.0008309 0.0012191 0.0057620 0.0064314 0.8842883 
23043610005_Megalocytivirus_pagrus1_ISKNV                0.0000544 0.0000000 0.0596944 0.0005535 0.0522476 0.0528649 0.0596944 0.0629572 0.0535041 0.0017191 0.0522474 0.0659726 0.0658786 0.0518195 0.0523010 0.0522364 0.0008865 0.0521837 0.0092736 2.1037265 0.0008308 0.0008308 2.1038049 0.0494127 0.0008307 0.0149714 0.0525522 0.0006090 0.0007199 0.0006089 0.0003872 0.0093347 0.0006644 0.0006644 0.0508806 0.0009418 0.0010530 0.0010534 0.0007198 0.0007197 0.0006643 0.0005535 0.0522025 0.0529988 0.0520021 0.0526202 0.0525522 2.1033079 0.0521507 0.0009969 0.0528292 0.0526725 0.0090286 0.0004982 0.0512914 0.0011841 0.0004428 0.0008864 0.0012746 0.0058223 0.0064918 0.8844696 
AB104413_Megalocytivirus_pagrus1_RSIV                    0.0596284 0.0596944 0.0000000 0.0590224 0.0219233 0.0250820 0.0000010 0.0654458 0.0230213 0.0579973 0.0217355 0.0702686 0.0705313 0.0065512 0.0070136 0.0069564 0.0594590 0.0218642 0.0567611 2.1280288 0.0593774 0.0593774 2.1281090 0.0218177 0.0593744 0.0553175 0.0134811 0.0591052 0.0593957 0.0589492 0.0592698 0.0568320 0.0591712 0.0591712 0.0215197 0.0596206 0.0595313 0.0596288 0.0593865 0.0592326 0.0591600 0.0590224 0.0170235 0.0243427 0.0140216 0.0135400 0.0135438 2.1276126 0.0218679 0.0595615 0.0175085 0.0149700 0.0576365 0.0592617 0.0108316 0.0628714 0.0591891 0.0596758 0.0595718 0.0581412 0.0579724 0.9146622 
AF371960_Megalocytivirus_pagrus1_ISKNV                   0.0004981 0.0005535 0.0590224 0.0000000 0.0516347 0.0522759 0.0590224 0.0623411 0.0528817 0.0012678 0.0516317 0.0650573 0.0649646 0.0512087 0.0516869 0.0516227 0.0004406 0.0515713 0.0088567 2.0923382 0.0003854 0.0003854 2.0924154 0.0489267 0.0003854 0.0144248 0.0519371 0.0001651 0.0003855 0.0001651 0.0003856 0.0089175 0.0002202 0.0002202 0.0502764 0.0006062 0.0006060 0.0006062 0.0003854 0.0002752 0.0002201 0.0000010 0.0515898 0.0523801 0.0513742 0.0520046 0.0519371 2.0919202 0.0515383 0.0005505 0.0522122 0.0521156 0.0086133 0.0002753 0.0506821 0.0008050 0.0002202 0.0006613 0.0008263 0.0054297 0.0060947 0.8812788 
AP017456_Megalocytivirus_pagrus1_RSIV                    0.0521837 0.0522476 0.0219233 0.0516347 0.0000000 0.0025893 0.0219233 0.0573818 0.0015343 0.0502546 0.0002190 0.0619079 0.0623458 0.0150928 0.0155587 0.0155017 0.0520531 0.0000536 0.0486721 2.0976056 0.0519756 0.0519756 2.0976829 0.0004680 0.0519730 0.0456154 0.0143552 0.0517129 0.0519913 0.0515648 0.0518695 0.0487402 0.0517772 0.0517772 0.0019163 0.0522062 0.0521223 0.0522129 0.0519830 0.0518366 0.0517672 0.0516347 0.0082710 0.0039155 0.0138433 0.0142993 0.0142505 2.0971896 0.0004905 0.0521551 0.0077747 0.0069933 0.0495133 0.0518622 0.0146471 0.0542683 0.0517927 0.0522610 0.0523025 0.0501694 0.0499416 0.9018431 
AY894343_Megalocytivirus_pagrus1_RSIV                    0.0527952 0.0528649 0.0250820 0.0522759 0.0025893 0.0000000 0.0250820 0.0562439 0.0038775 0.0508388 0.0024213 0.0613693 0.0611699 0.0174490 0.0179023 0.0179023 0.0527184 0.0025289 0.0519730 2.0045602 0.0526386 0.0526386 2.0046357 0.0028314 0.0527164 0.0445775 0.0182486 0.0524322 0.0525839 0.0523451 0.0525283 0.0520431 0.0525024 0.0525024 0.0044196 0.0528854 0.0528070 0.0528897 0.0525738 0.0525673 0.0524914 0.0522759 0.0115459 0.0065216 0.0178045 0.0181869 0.0181348 2.0041064 0.0028314 0.0527677 0.0109366 0.0101269 0.0527687 0.0524411 0.0182427 0.0551875 0.0523652 0.0528767 0.0529281 0.0534916 0.0531650 0.8482893 
BD143114_Megalocytivirus_pagrus1_RSIV                    0.0596284 0.0596944 0.0000010 0.0590224 0.0219233 0.0250820 0.0000000 0.0654458 0.0230213 0.0579973 0.0217355 0.0702686 0.0705313 0.0065512 0.0070136 0.0069564 0.0594590 0.0218642 0.0567611 2.1280288 0.0593774 0.0593774 2.1281090 0.0218177 0.0593744 0.0553175 0.0134811 0.0591052 0.0593957 0.0589492 0.0592698 0.0568320 0.0591712 0.0591712 0.0215197 0.0596206 0.0595313 0.0596288 0.0593865 0.0592326 0.0591600 0.0590224 0.0170235 0.0243427 0.0140216 0.0135400 0.0135438 2.1276126 0.0218679 0.0595615 0.0175085 0.0149700 0.0576365 0.0592617 0.0108316 0.0628714 0.0591891 0.0596758 0.0595718 0.0581412 0.0579724 0.9146622 
GQ273492_Megalocytivirus_pagrus1_TRBIV                   0.0628910 0.0629572 0.0654458 0.0623411 0.0573818 0.0562439 0.0654458 0.0000000 0.0587132 0.0621237 0.0573438 0.0313481 0.0313130 0.0571047 0.0574581 0.0573923 0.0626991 0.0573168 0.0576456 2.1256938 0.0627003 0.0627003 2.1257959 0.0531032 0.0626970 0.0624576 0.0536975 0.0624255 0.0624002 0.0622669 0.0624890 0.0577162 0.0624919 0.0624919 0.0563213 0.0629411 0.0627739 0.0629466 0.0626279 0.0625538 0.0624803 0.0623411 0.0546742 0.0529757 0.0521063 0.0536371 0.0536975 2.1252785 0.0572622 0.0628110 0.0550393 0.0567980 0.0585181 0.0625842 0.0550214 0.0654288 0.0625107 0.0630772 0.0628672 0.0584113 0.0585023 0.8927823 
KC244182_Megalocytivirus_pagrus1_RSIV                    0.0534400 0.0535041 0.0230213 0.0528817 0.0015343 0.0038775 0.0230213 0.0587132 0.0000000 0.0514936 0.0014316 0.0632558 0.0636957 0.0161257 0.0165949 0.0165376 0.0533030 0.0014794 0.0500242 2.1056084 0.0532248 0.0532248 2.1056863 0.0011173 0.0532222 0.0468269 0.0153842 0.0529606 0.0532410 0.0528113 0.0531185 0.0500928 0.0530252 0.0530252 0.0029178 0.0534574 0.0533727 0.0534644 0.0532325 0.0530849 0.0530150 0.0528817 0.0093747 0.0044873 0.0148995 0.0153281 0.0152795 2.1051930 0.0010404 0.0534050 0.0087637 0.0082227 0.0508706 0.0531111 0.0155672 0.0542319 0.0530411 0.0535123 0.0535536 0.0514671 0.0512392 0.9057998 
KT781098_Megalocytivirus_pagrus1_ISKNV                   0.0016636 0.0017191 0.0579973 0.0012678 0.0502546 0.0508388 0.0579973 0.0621237 0.0514936 0.0000000 0.0502452 0.0648941 0.0648016 0.0502211 0.0506975 0.0506336 0.0016003 0.0501914 0.0101426 2.0913752 0.0015445 0.0015445 2.0914523 0.0474633 0.0014339 0.0156520 0.0506866 0.0013234 0.0015450 0.0013231 0.0015453 0.0102036 0.0013787 0.0013787 0.0489012 0.0017669 0.0017664 0.0017670 0.0015446 0.0014337 0.0013784 0.0012678 0.0503406 0.0509949 0.0500924 0.0507538 0.0506866 2.0909569 0.0501580 0.0017100 0.0509603 0.0508398 0.0097759 0.0014345 0.0496928 0.0017366 0.0013791 0.0018222 0.0019870 0.0066967 0.0073649 0.8822375 
KT804738_Megalocytivirus_pagrus1_RSIV                    0.0521833 0.0522474 0.0217355 0.0516317 0.0002190 0.0024213 0.0217355 0.0573438 0.0014316 0.0502452 0.0000000 0.0617720 0.0622119 0.0148798 0.0153476 0.0152904 0.0520521 0.0001642 0.0485128 2.0957932 0.0519742 0.0519742 2.0958708 0.0004116 0.0519717 0.0458458 0.0141390 0.0517103 0.0519900 0.0515615 0.0518676 0.0485813 0.0517749 0.0517749 0.0019257 0.0522059 0.0521217 0.0522126 0.0519816 0.0518346 0.0517648 0.0516317 0.0081988 0.0036553 0.0137330 0.0140828 0.0140917 2.0957548 0.0004929 0.0521545 0.0077002 0.0069138 0.0493578 0.0518603 0.0144321 0.0542789 0.0517905 0.0522610 0.0523027 0.0501000 0.0498612 0.9001468 
MG570131_Megalocytivirus_pagrus1_TRBIV                   0.0659061 0.0659726 0.0702686 0.0650573 0.0619079 0.0613693 0.0702686 0.0313481 0.0632558 0.0648941 0.0617720 0.0000000 0.0016544 0.0617997 0.0621479 0.0620817 0.0653005 0.0618426 0.0609965 2.1082142 0.0654170 0.0654170 2.1082921 0.0578067 0.0654136 0.0657388 0.0598040 0.0651423 0.0652738 0.0650121 0.0653629 0.0610675 0.0652084 0.0652084 0.0609256 0.0655033 0.0654264 0.0655127 0.0653450 0.0652703 0.0651966 0.0650573 0.0603067 0.0591514 0.0580567 0.0597437 0.0598040 2.1077999 0.0617885 0.0654774 0.0604094 0.0613201 0.0618740 0.0653014 0.0605161 0.0683416 0.0652278 0.0657949 0.0655844 0.0621505 0.0621713 0.8924196 
MG570132_Megalocytivirus_pagrus1_TRBIV                   0.0658122 0.0658786 0.0705313 0.0649646 0.0623458 0.0611699 0.0705313 0.0313130 0.0636957 0.0648016 0.0622119 0.0016544 0.0000000 0.0620551 0.0624034 0.0623372 0.0652076 0.0622806 0.0605475 2.1052796 0.0653240 0.0653240 2.1053574 0.0576148 0.0653206 0.0657109 0.0601090 0.0650495 0.0651809 0.0649194 0.0652699 0.0606183 0.0651156 0.0651156 0.0613628 0.0654101 0.0653334 0.0654196 0.0652521 0.0651775 0.0651038 0.0649646 0.0606118 0.0595866 0.0583695 0.0600486 0.0601090 2.1048651 0.0622264 0.0653843 0.0607148 0.0616322 0.0614233 0.0652085 0.0606845 0.0682338 0.0651349 0.0657015 0.0654912 0.0616998 0.0617204 0.8912101 
MK098185_Megalocytivirus_pagrus1_RSIV                    0.0517556 0.0518195 0.0065512 0.0512087 0.0150928 0.0174490 0.0065512 0.0571047 0.0161257 0.0502211 0.0148798 0.0617997 0.0620551 0.0000000 0.0005457 0.0004911 0.0516269 0.0150359 0.0483628 2.1010742 0.0515495 0.0515495 2.1011519 0.0144963 0.0515470 0.0475130 0.0068004 0.0512868 0.0515651 0.0511389 0.0514433 0.0484310 0.0513511 0.0513511 0.0147013 0.0517799 0.0516962 0.0517865 0.0515568 0.0514106 0.0513412 0.0512087 0.0101793 0.0173830 0.0071196 0.0068564 0.0068583 2.1006580 0.0150384 0.0517291 0.0108658 0.0082000 0.0492039 0.0514360 0.0042623 0.0539339 0.0513665 0.0518348 0.0517376 0.0497033 0.0495345 0.9006184 
MK098186_Megalocytivirus_pagrus1_RSIV                    0.0522370 0.0523010 0.0070136 0.0516869 0.0155587 0.0179023 0.0070136 0.0574581 0.0165949 0.0506975 0.0153476 0.0621479 0.0624034 0.0005457 0.0000000 0.0000536 0.0521060 0.0155018 0.0488007 2.1017047 0.0520283 0.0520283 2.1017823 0.0149342 0.0520258 0.0480529 0.0072510 0.0517652 0.0520441 0.0516168 0.0519221 0.0488690 0.0518296 0.0518296 0.0151668 0.0522593 0.0521753 0.0522661 0.0520357 0.0518891 0.0518196 0.0516869 0.0106361 0.0178551 0.0075843 0.0073072 0.0073092 2.1012887 0.0155043 0.0522081 0.0113241 0.0086622 0.0496432 0.0519148 0.0047106 0.0544773 0.0518451 0.0523143 0.0522167 0.0501426 0.0499739 0.9010389 
MK098187_Megalocytivirus_pagrus1_RSIV                    0.0521725 0.0522364 0.0069564 0.0516227 0.0155017 0.0179023 0.0069564 0.0573923 0.0165376 0.0506336 0.0152904 0.0620817 0.0623372 0.0004911 0.0000536 0.0000000 0.0520418 0.0154448 0.0488007 2.1017047 0.0519641 0.0519641 2.1017823 0.0149342 0.0519616 0.0479895 0.0071953 0.0517010 0.0519799 0.0515527 0.0518579 0.0488690 0.0517654 0.0517654 0.0151099 0.0521951 0.0521111 0.0522018 0.0519715 0.0518249 0.0517554 0.0516227 0.0105799 0.0177975 0.0075269 0.0072514 0.0072534 2.1012887 0.0154474 0.0521439 0.0112677 0.0086051 0.0496432 0.0518506 0.0046550 0.0544046 0.0517810 0.0522500 0.0521525 0.0501426 0.0499739 0.9009842 
MK689685_Megalocytivirus_pagrus1_ISKNV                   0.0008310 0.0008865 0.0594590 0.0004406 0.0520531 0.0527184 0.0594590 0.0626991 0.0533030 0.0016003 0.0520521 0.0653005 0.0652076 0.0516269 0.0521060 0.0520418 0.0000000 0.0519896 0.0091647 2.0933832 0.0007164 0.0007164 2.0934604 0.0492869 0.0007164 0.0147821 0.0523561 0.0004958 0.0007166 0.0004957 0.0007168 0.0092256 0.0005510 0.0005510 0.0506928 0.0009378 0.0009375 0.0009379 0.0007165 0.0006060 0.0005508 0.0004406 0.0520083 0.0528003 0.0517370 0.0524238 0.0523561 2.0929653 0.0519567 0.0008817 0.0526318 0.0525432 0.0089211 0.0006063 0.0511009 0.0011780 0.0005511 0.0009930 0.0011580 0.0057323 0.0063982 0.8813831 
MK689686_Megalocytivirus_pagrus1_RSIV                    0.0521199 0.0521837 0.0218642 0.0515713 0.0000536 0.0025289 0.0218642 0.0573168 0.0014794 0.0501914 0.0001642 0.0618426 0.0622806 0.0150359 0.0155018 0.0154448 0.0519896 0.0000000 0.0486047 2.0978276 0.0519121 0.0519121 2.0979049 0.0004095 0.0519095 0.0455528 0.0142984 0.0516494 0.0519278 0.0515014 0.0518060 0.0486729 0.0517137 0.0517137 0.0018615 0.0521426 0.0520588 0.0521493 0.0519195 0.0517731 0.0517037 0.0515713 0.0082150 0.0038602 0.0137849 0.0142425 0.0141936 2.0974116 0.0004360 0.0520916 0.0077188 0.0069365 0.0494458 0.0517987 0.0145900 0.0541965 0.0517292 0.0521975 0.0522390 0.0501019 0.0498741 0.9017551 
MN432490_Megalocytivirus_pagrus1_ISKNV                   0.0092125 0.0092736 0.0567611 0.0088567 0.0486721 0.0519730 0.0567611 0.0576456 0.0500242 0.0101426 0.0485128 0.0609965 0.0605475 0.0483628 0.0488007 0.0488007 0.0091647 0.0486047 0.0000000 2.0143480 0.0091647 0.0091647 2.0144233 0.0485447 0.0091644 0.0087310 0.0492029 0.0089199 0.0090437 0.0088564 0.0091074 0.0000588 0.0089812 0.0089812 0.0474415 0.0092910 0.0094121 0.0092913 0.0090417 0.0090408 0.0089791 0.0088567 0.0488654 0.0492235 0.0480469 0.0492744 0.0492029 2.0139006 0.0485447 0.0092220 0.0492288 0.0490120 0.0009428 0.0089219 0.0476151 0.0093683 0.0088601 0.0093519 0.0095295 0.0039275 0.0033893 0.8285910 
MN562489_Megalocytivirus_lates1_SDDV                     2.1035372 2.1037265 2.1280288 2.0923382 2.0976056 2.0045602 2.1280288 2.1256938 2.1056084 2.0913752 2.0957932 2.1082142 2.1052796 2.1010742 2.1017047 2.1017047 2.0933832 2.0978276 2.0143480 0.0000000 2.0935787 2.0935787 0.0000586 2.0165756 2.0925323 2.0988176 2.0994198 2.0929026 2.0935719 2.0927696 2.0942810 2.0142866 2.0935708 2.0935708 2.1000987 2.0932945 2.0951085 2.0932612 2.0945913 2.0935329 2.0931092 2.0923382 2.0971294 2.0997378 2.0814795 2.1000834 2.0994198 0.0002344 2.0980208 2.0924420 2.0981434 2.0754357 2.0144771 2.0931666 2.0998306 2.1504035 2.0929677 2.0937234 2.0936896 2.0137774 2.0129857 2.1928645 
MT128666_Megalocytivirus_pagrus1_ISKNV                   0.0007753 0.0008308 0.0593774 0.0003854 0.0519756 0.0526386 0.0593774 0.0627003 0.0532248 0.0015445 0.0519742 0.0654170 0.0653240 0.0515495 0.0520283 0.0519641 0.0007164 0.0519121 0.0091647 2.0935787 0.0000000 0.0000010 2.0936560 0.0492877 0.0006611 0.0147201 0.0522785 0.0004406 0.0006613 0.0004405 0.0006614 0.0092256 0.0004957 0.0004957 0.0506158 0.0008823 0.0008821 0.0008824 0.0006611 0.0004405 0.0004956 0.0003854 0.0519307 0.0527224 0.0517241 0.0523461 0.0522785 2.0931608 0.0518792 0.0008264 0.0525540 0.0524639 0.0089211 0.0005510 0.0510234 0.0011156 0.0004958 0.0009375 0.0011025 0.0057323 0.0063982 0.8819692 
MT128667_Megalocytivirus_pagrus1_ISKNV                   0.0007753 0.0008308 0.0593774 0.0003854 0.0519756 0.0526386 0.0593774 0.0627003 0.0532248 0.0015445 0.0519742 0.0654170 0.0653240 0.0515495 0.0520283 0.0519641 0.0007164 0.0519121 0.0091647 2.0935787 0.0000010 0.0000000 2.0936560 0.0492877 0.0006611 0.0147201 0.0522785 0.0004406 0.0006613 0.0004405 0.0006614 0.0092256 0.0004957 0.0004957 0.0506158 0.0008823 0.0008821 0.0008824 0.0006611 0.0004405 0.0004956 0.0003854 0.0519307 0.0527224 0.0517241 0.0523461 0.0522785 2.0931608 0.0518792 0.0008264 0.0525540 0.0524639 0.0089211 0.0005510 0.0510234 0.0011156 0.0004958 0.0009375 0.0011025 0.0057323 0.0063982 0.8819692 
MT521409_Megalocytivirus_lates1_SDDV                     2.1036155 2.1038049 2.1281090 2.0924154 2.0976829 2.0046357 2.1281090 2.1257959 2.1056863 2.0914523 2.0958708 2.1082921 2.1053574 2.1011519 2.1017823 2.1017823 2.0934604 2.0979049 2.0144233 0.0000586 2.0936560 2.0936560 0.0000000 2.0166509 2.0926095 2.0988952 2.0994974 2.0929798 2.0936492 2.0928468 2.0943583 2.0143619 2.0936481 2.0936481 2.1001762 2.0933718 2.0951859 2.0933385 2.0946686 2.0936102 2.0931865 2.0924154 2.0972067 2.0998154 2.0815580 2.1001610 2.0994974 0.0002930 2.0980982 2.0925192 2.0982208 2.0755129 2.0145524 2.0932438 2.0999085 2.1504960 2.0930449 2.0938007 2.0937668 2.0138526 2.0130609 2.1928853 
MT798582_Megalocytivirus_pagrus1_RSIV                    0.0493449 0.0494127 0.0218177 0.0489267 0.0004680 0.0028314 0.0218177 0.0531032 0.0011173 0.0474633 0.0004116 0.0578067 0.0576148 0.0144963 0.0149342 0.0149342 0.0492869 0.0004095 0.0485447 2.0165756 0.0492877 0.0492877 2.0166509 0.0000000 0.0492852 0.0414921 0.0152658 0.0490090 0.0491559 0.0489253 0.0491013 0.0486129 0.0490774 0.0490774 0.0018826 0.0494478 0.0494427 0.0494516 0.0491465 0.0491406 0.0490671 0.0489267 0.0088958 0.0035527 0.0147418 0.0152057 0.0151535 2.0161294 0.0000010 0.0493360 0.0083020 0.0075919 0.0493858 0.0490174 0.0152507 0.0512130 0.0489439 0.0494400 0.0494907 0.0500420 0.0498142 0.8414473 
MT926123_Megalocytivirus_pagrus1_ISKNV                   0.0007753 0.0008307 0.0593744 0.0003854 0.0519730 0.0527164 0.0593744 0.0626970 0.0532222 0.0014339 0.0519717 0.0654136 0.0653206 0.0515470 0.0520258 0.0519616 0.0007164 0.0519095 0.0091644 2.0925323 0.0006611 0.0006611 2.0926095 0.0492852 0.0000000 0.0147196 0.0522759 0.0004406 0.0006613 0.0004405 0.0006614 0.0092252 0.0004957 0.0004957 0.0506134 0.0008823 0.0008820 0.0008824 0.0006611 0.0005507 0.0004956 0.0003854 0.0519282 0.0527198 0.0516497 0.0523435 0.0522759 2.0921144 0.0518766 0.0008263 0.0525514 0.0524613 0.0086761 0.0005510 0.0510209 0.0011155 0.0004958 0.0009375 0.0011025 0.0057321 0.0063980 0.8814452 
MT986830_Megalocytivirus_pagrus1_ISKNV                   0.0149133 0.0149714 0.0553175 0.0144248 0.0456154 0.0445775 0.0553175 0.0624576 0.0468269 0.0156520 0.0458458 0.0657388 0.0657109 0.0475130 0.0480529 0.0479895 0.0147821 0.0455528 0.0087310 2.0988176 0.0147201 0.0147201 2.0988952 0.0414921 0.0147196 0.0000000 0.0480127 0.0144864 0.0147245 0.0144836 0.0147268 0.0087917 0.0145456 0.0145456 0.0449384 0.0149059 0.0149582 0.0148451 0.0147214 0.0146009 0.0145417 0.0144248 0.0463852 0.0465224 0.0469047 0.0480792 0.0480127 2.0984004 0.0455181 0.0148314 0.0467435 0.0457423 0.0083666 0.0146089 0.0470267 0.0164243 0.0145494 0.0150204 0.0151273 0.0076732 0.0070075 0.8862928 
MW139932_Megalocytivirus_pagrus1_RSIV                    0.0524883 0.0525522 0.0134811 0.0519371 0.0143552 0.0182486 0.0134811 0.0536975 0.0153842 0.0506866 0.0141390 0.0598040 0.0601090 0.0068004 0.0072510 0.0071953 0.0523561 0.0142984 0.0492029 2.0994198 0.0522785 0.0522785 2.0994974 0.0152658 0.0522759 0.0480127 0.0000000 0.0520154 0.0522943 0.0518671 0.0521723 0.0492712 0.0520798 0.0520798 0.0144206 0.0525095 0.0524255 0.0525163 0.0522859 0.0521393 0.0520698 0.0519371 0.0064487 0.0171018 0.0001122 0.0001635 0.0000536 2.0990031 0.0143008 0.0524581 0.0065661 0.0104998 0.0500458 0.0521650 0.0067255 0.0546020 0.0520954 0.0525644 0.0526058 0.0504679 0.0502994 0.8999846 
MW273353_Megalocytivirus_pagrus1_ISKNV                   0.0005536 0.0006090 0.0591052 0.0001651 0.0517129 0.0524322 0.0591052 0.0624255 0.0529606 0.0013234 0.0517103 0.0651423 0.0650495 0.0512868 0.0517652 0.0517010 0.0004958 0.0516494 0.0089199 2.0929026 0.0004406 0.0004406 2.0929798 0.0490090 0.0004406 0.0144864 0.0520154 0.0000000 0.0004407 0.0002202 0.0004408 0.0089807 0.0002753 0.0002753 0.0503540 0.0006615 0.0006613 0.0006615 0.0004406 0.0003303 0.0002752 0.0001651 0.0516680 0.0524587 0.0514544 0.0520830 0.0520154 2.0924845 0.0516164 0.0006058 0.0522907 0.0521955 0.0086764 0.0003305 0.0507602 0.0008673 0.0002754 0.0007166 0.0008816 0.0054912 0.0061565 0.8809553 
MW273354_Megalocytivirus_pagrus1_ISKNV                   0.0006645 0.0007199 0.0593957 0.0003855 0.0519913 0.0525839 0.0593957 0.0624002 0.0532410 0.0015450 0.0519900 0.0652738 0.0651809 0.0515651 0.0520441 0.0519799 0.0007166 0.0519278 0.0090437 2.0935719 0.0006613 0.0006613 2.0936492 0.0491559 0.0006613 0.0147245 0.0522943 0.0004407 0.0000000 0.0004406 0.0006615 0.0091046 0.0004959 0.0004959 0.0506312 0.0008826 0.0007718 0.0008827 0.0004406 0.0005509 0.0004957 0.0003855 0.0519465 0.0527384 0.0517324 0.0523620 0.0522943 2.0931540 0.0518949 0.0008266 0.0525699 0.0524801 0.0088001 0.0004408 0.0510390 0.0011159 0.0003856 0.0007166 0.0011028 0.0056126 0.0062783 0.8815583 
MW883593_Megalocytivirus_pagrus1_ISKNV                   0.0005535 0.0006089 0.0589492 0.0001651 0.0515648 0.0523451 0.0589492 0.0622669 0.0528113 0.0013231 0.0515615 0.0650121 0.0649194 0.0511389 0.0516168 0.0515527 0.0004957 0.0515014 0.0088564 2.0927696 0.0004405 0.0004405 2.0928468 0.0489253 0.0004405 0.0144836 0.0518671 0.0002202 0.0004406 0.0000000 0.0004407 0.0089172 0.0002752 0.0002752 0.0502069 0.0006614 0.0006612 0.0006614 0.0004405 0.0003302 0.0002752 0.0001651 0.0515199 0.0523099 0.0513025 0.0519346 0.0518671 2.0923516 0.0514684 0.0006056 0.0521421 0.0520441 0.0086130 0.0003304 0.0506122 0.0008671 0.0002753 0.0007165 0.0008815 0.0054295 0.0060944 0.8810778 
MW883594_Megalocytivirus_pagrus1_ISKNV                   0.0003319 0.0003872 0.0592698 0.0003856 0.0518695 0.0525283 0.0592698 0.0624890 0.0531185 0.0015453 0.0518676 0.0653629 0.0652699 0.0514433 0.0519221 0.0518579 0.0007168 0.0518060 0.0091074 2.0942810 0.0006614 0.0006614 2.0943583 0.0491013 0.0006614 0.0147268 0.0521723 0.0004408 0.0006615 0.0004407 0.0000000 0.0091682 0.0004959 0.0004959 0.0505096 0.0007719 0.0008825 0.0008828 0.0006615 0.0005510 0.0004958 0.0003856 0.0518246 0.0526162 0.0516073 0.0522399 0.0521723 2.0938631 0.0517730 0.0008267 0.0524478 0.0522846 0.0088636 0.0005513 0.0509168 0.0010538 0.0004961 0.0009380 0.0011030 0.0056744 0.0063405 0.8813359 
MW883595_Megalocytivirus_pagrus1_ISKNV                   0.0092736 0.0093347 0.0568320 0.0089175 0.0487402 0.0520431 0.0568320 0.0577162 0.0500928 0.0102036 0.0485813 0.0610675 0.0606183 0.0484310 0.0488690 0.0488690 0.0092256 0.0486729 0.0000588 2.0142866 0.0092256 0.0092256 2.0143619 0.0486129 0.0092252 0.0087917 0.0492712 0.0089807 0.0091046 0.0089172 0.0091682 0.0000000 0.0090420 0.0090420 0.0475095 0.0093519 0.0094730 0.0093522 0.0091025 0.0091016 0.0090399 0.0089175 0.0489336 0.0492919 0.0481170 0.0493427 0.0492712 2.0138391 0.0486129 0.0092829 0.0492971 0.0490816 0.0010018 0.0089828 0.0476833 0.0094373 0.0089209 0.0094128 0.0095903 0.0039873 0.0034489 0.8286063 
MW883596_Megalocytivirus_pagrus1_ISKNV                   0.0006090 0.0006644 0.0591712 0.0002202 0.0517772 0.0525024 0.0591712 0.0624919 0.0530252 0.0013787 0.0517749 0.0652084 0.0651156 0.0513511 0.0518296 0.0517654 0.0005510 0.0517137 0.0089812 2.0935708 0.0004957 0.0004957 2.0936481 0.0490774 0.0004957 0.0145456 0.0520798 0.0002753 0.0004959 0.0002752 0.0004959 0.0090420 0.0000000 0.0000010 0.0504182 0.0007167 0.0007165 0.0007167 0.0004957 0.0003854 0.0003303 0.0002202 0.0517323 0.0525232 0.0515205 0.0521474 0.0520798 2.0931528 0.0516808 0.0006609 0.0523551 0.0521905 0.0087377 0.0003856 0.0508247 0.0009294 0.0003305 0.0007719 0.0009369 0.0055515 0.0062170 0.8816146 
MW883597_Megalocytivirus_pagrus1_ISKNV                   0.0006090 0.0006644 0.0591712 0.0002202 0.0517772 0.0525024 0.0591712 0.0624919 0.0530252 0.0013787 0.0517749 0.0652084 0.0651156 0.0513511 0.0518296 0.0517654 0.0005510 0.0517137 0.0089812 2.0935708 0.0004957 0.0004957 2.0936481 0.0490774 0.0004957 0.0145456 0.0520798 0.0002753 0.0004959 0.0002752 0.0004959 0.0090420 0.0000010 0.0000000 0.0504182 0.0007167 0.0007165 0.0007167 0.0004957 0.0003854 0.0003303 0.0002202 0.0517323 0.0525232 0.0515205 0.0521474 0.0520798 2.0931528 0.0516808 0.0006609 0.0523551 0.0521905 0.0087377 0.0003856 0.0508247 0.0009294 0.0003305 0.0007719 0.0009369 0.0055515 0.0062170 0.8816146 
MW883598_Megalocytivirus_pagrus1_RSIV                    0.0508169 0.0508806 0.0215197 0.0502764 0.0019163 0.0044196 0.0215197 0.0563213 0.0029178 0.0489012 0.0019257 0.0609256 0.0613628 0.0147013 0.0151668 0.0151099 0.0506928 0.0018615 0.0474415 2.1000987 0.0506158 0.0506158 2.1001762 0.0018826 0.0506134 0.0449384 0.0144206 0.0503540 0.0506312 0.0502069 0.0505096 0.0475095 0.0504182 0.0504182 0.0000000 0.0508449 0.0507618 0.0508514 0.0506229 0.0504774 0.0504084 0.0502764 0.0087815 0.0052066 0.0134821 0.0143647 0.0143158 2.0996831 0.0018618 0.0507951 0.0083985 0.0075697 0.0482801 0.0505025 0.0143675 0.0528762 0.0504333 0.0508998 0.0509416 0.0489362 0.0487080 0.9023894 
MW883599_Megalocytivirus_pagrus1_ISKNV                   0.0008864 0.0009418 0.0596206 0.0006062 0.0522062 0.0528854 0.0596206 0.0629411 0.0534574 0.0017669 0.0522059 0.0655033 0.0654101 0.0517799 0.0522593 0.0521951 0.0009378 0.0521426 0.0092910 2.0932945 0.0008823 0.0008823 2.0933718 0.0494478 0.0008823 0.0149059 0.0525095 0.0006615 0.0008826 0.0006614 0.0007719 0.0093519 0.0007167 0.0007167 0.0508449 0.0000000 0.0011036 0.0005510 0.0008824 0.0007718 0.0007165 0.0006062 0.0521614 0.0529543 0.0519607 0.0525772 0.0525095 2.0928766 0.0521097 0.0010477 0.0527854 0.0526997 0.0090472 0.0007722 0.0512539 0.0012401 0.0007169 0.0011592 0.0013243 0.0058553 0.0065218 0.8820873 
MW883600_Megalocytivirus_pagrus1_ISKNV                   0.0009975 0.0010530 0.0595313 0.0006060 0.0521223 0.0528070 0.0595313 0.0627739 0.0533727 0.0017664 0.0521217 0.0654264 0.0653334 0.0516962 0.0521753 0.0521111 0.0009375 0.0520588 0.0094121 2.0951085 0.0008821 0.0008821 2.0951859 0.0494427 0.0008820 0.0149582 0.0524255 0.0006613 0.0007718 0.0006612 0.0008825 0.0094730 0.0007165 0.0007165 0.0507618 0.0011036 0.0000000 0.0011037 0.0006611 0.0007715 0.0007163 0.0006060 0.0520775 0.0528699 0.0518747 0.0524931 0.0524255 2.0946909 0.0520259 0.0010474 0.0527012 0.0526139 0.0091682 0.0007720 0.0511702 0.0013645 0.0007167 0.0008270 0.0013239 0.0059751 0.0066418 0.8815915 
MW883601_Megalocytivirus_pagrus1_ISKNV                   0.0009979 0.0010534 0.0596288 0.0006062 0.0522129 0.0528897 0.0596288 0.0629466 0.0534644 0.0017670 0.0522126 0.0655127 0.0654196 0.0517865 0.0522661 0.0522018 0.0009379 0.0521493 0.0092913 2.0932612 0.0008824 0.0008824 2.0933385 0.0494516 0.0008824 0.0148451 0.0525163 0.0006615 0.0008827 0.0006614 0.0008828 0.0093522 0.0007167 0.0007167 0.0508514 0.0005510 0.0011037 0.0000000 0.0008825 0.0007718 0.0007166 0.0006062 0.0521681 0.0529611 0.0519675 0.0525840 0.0525163 2.0928431 0.0521164 0.0010478 0.0527922 0.0527067 0.0090475 0.0007723 0.0512605 0.0013026 0.0007170 0.0011593 0.0013244 0.0058555 0.0065221 0.8824183 
MW883602_Megalocytivirus_pagrus1_ISKNV                   0.0006644 0.0007198 0.0593865 0.0003854 0.0519830 0.0525738 0.0593865 0.0626279 0.0532325 0.0015446 0.0519816 0.0653450 0.0652521 0.0515568 0.0520357 0.0519715 0.0007165 0.0519195 0.0090417 2.0945913 0.0006611 0.0006611 2.0946686 0.0491465 0.0006611 0.0147214 0.0522859 0.0004406 0.0004406 0.0004405 0.0006615 0.0091025 0.0004957 0.0004957 0.0506229 0.0008824 0.0006611 0.0008825 0.0000000 0.0005508 0.0004956 0.0003854 0.0519381 0.0527299 0.0517316 0.0523535 0.0522859 2.0941733 0.0518865 0.0008264 0.0525615 0.0524715 0.0087981 0.0004407 0.0510306 0.0011156 0.0003855 0.0007164 0.0011026 0.0056113 0.0062769 0.8817655 
MW883603_Megalocytivirus_pagrus1_ISKNV                   0.0006643 0.0007197 0.0592326 0.0002752 0.0518366 0.0525673 0.0592326 0.0625538 0.0530849 0.0014337 0.0518346 0.0652703 0.0651775 0.0514106 0.0518891 0.0518249 0.0006060 0.0517731 0.0090408 2.0935329 0.0004405 0.0004405 2.0936102 0.0491406 0.0005507 0.0146009 0.0521393 0.0003303 0.0005509 0.0003302 0.0005510 0.0091016 0.0003854 0.0003854 0.0504774 0.0007718 0.0007715 0.0007718 0.0005508 0.0000000 0.0003853 0.0002752 0.0517917 0.0525828 0.0515814 0.0522069 0.0521393 2.0931150 0.0517402 0.0007159 0.0524146 0.0523219 0.0087972 0.0004407 0.0508843 0.0009912 0.0003855 0.0008269 0.0009919 0.0056107 0.0062763 0.8816538 
MW883606_Megalocytivirus_pagrus1_ISKNV                   0.0006089 0.0006643 0.0591600 0.0002201 0.0517672 0.0524914 0.0591600 0.0624803 0.0530150 0.0013784 0.0517648 0.0651966 0.0651038 0.0513412 0.0518196 0.0517554 0.0005508 0.0517037 0.0089791 2.0931092 0.0004956 0.0004956 2.0931865 0.0490671 0.0004956 0.0145417 0.0520698 0.0002752 0.0004957 0.0002752 0.0004958 0.0090399 0.0003303 0.0003303 0.0504084 0.0007165 0.0007163 0.0007166 0.0004956 0.0003853 0.0000000 0.0002201 0.0517223 0.0525131 0.0515102 0.0521373 0.0520698 2.0926913 0.0516708 0.0006608 0.0523450 0.0522509 0.0087356 0.0003855 0.0508148 0.0009291 0.0003304 0.0007717 0.0009366 0.0055502 0.0062155 0.8810745 
NC_003494_Megalocytivirus_pagrus1_ISKNV                  0.0004981 0.0005535 0.0590224 0.0000010 0.0516347 0.0522759 0.0590224 0.0623411 0.0528817 0.0012678 0.0516317 0.0650573 0.0649646 0.0512087 0.0516869 0.0516227 0.0004406 0.0515713 0.0088567 2.0923382 0.0003854 0.0003854 2.0924154 0.0489267 0.0003854 0.0144248 0.0519371 0.0001651 0.0003855 0.0001651 0.0003856 0.0089175 0.0002202 0.0002202 0.0502764 0.0006062 0.0006060 0.0006062 0.0003854 0.0002752 0.0002201 0.0000000 0.0515898 0.0523801 0.0513742 0.0520046 0.0519371 2.0919202 0.0515383 0.0005505 0.0522122 0.0521156 0.0086133 0.0002753 0.0506821 0.0008050 0.0002202 0.0006613 0.0008263 0.0054297 0.0060947 0.8812788 
OK042108_Megalocytivirus_pagrus1_RSIV                    0.0521387 0.0522025 0.0170235 0.0515898 0.0082710 0.0115459 0.0170235 0.0546742 0.0093747 0.0503406 0.0081988 0.0603067 0.0606118 0.0101793 0.0106361 0.0105799 0.0520083 0.0082150 0.0488654 2.0971294 0.0519307 0.0519307 2.0972067 0.0088958 0.0519282 0.0463852 0.0064487 0.0516680 0.0519465 0.0515199 0.0518246 0.0489336 0.0517323 0.0517323 0.0087815 0.0521614 0.0520775 0.0521681 0.0519381 0.0517917 0.0517223 0.0515898 0.0000000 0.0113244 0.0066422 0.0063936 0.0065063 2.0967130 0.0083290 0.0521103 0.0008739 0.0044976 0.0497071 0.0518173 0.0098934 0.0544527 0.0517478 0.0522162 0.0522577 0.0501675 0.0499989 0.9001449 
OK042109_Megalocytivirus_pagrus1_RSIV                    0.0529348 0.0529988 0.0243427 0.0523801 0.0039155 0.0065216 0.0243427 0.0529757 0.0044873 0.0509949 0.0036553 0.0591514 0.0595866 0.0173830 0.0178551 0.0177975 0.0528003 0.0038602 0.0492235 2.0997378 0.0527224 0.0527224 2.0998154 0.0035527 0.0527198 0.0465224 0.0171018 0.0524587 0.0527384 0.0523099 0.0526162 0.0492919 0.0525232 0.0525232 0.0052066 0.0529543 0.0528699 0.0529611 0.0527299 0.0525828 0.0525131 0.0523801 0.0113244 0.0000000 0.0167793 0.0170455 0.0170560 2.0993215 0.0034162 0.0529023 0.0110497 0.0100815 0.0500676 0.0526088 0.0170022 0.0549687 0.0525390 0.0530091 0.0529181 0.0507350 0.0504970 0.9015638 
OL774653_Megalocytivirus_pagrus1_RSIV                    0.0519365 0.0520021 0.0140216 0.0513742 0.0138433 0.0178045 0.0140216 0.0521063 0.0148995 0.0500924 0.0137330 0.0580567 0.0583695 0.0071196 0.0075843 0.0075269 0.0517370 0.0137849 0.0480469 2.0814795 0.0517241 0.0517241 2.0815580 0.0147418 0.0516497 0.0469047 0.0001122 0.0514544 0.0517324 0.0513025 0.0516073 0.0481170 0.0515205 0.0515205 0.0134821 0.0519607 0.0518747 0.0519675 0.0517316 0.0515814 0.0515102 0.0513742 0.0066422 0.0167793 0.0000000 0.0000551 0.0001122 2.0810486 0.0137873 0.0519084 0.0067606 0.0108199 0.0489114 0.0516077 0.0066929 0.0539680 0.0515363 0.0520170 0.0519945 0.0490678 0.0491717 0.8910396 
OL774654_Megalocytivirus_pagrus1_RSIV                    0.0525562 0.0526202 0.0135400 0.0520046 0.0142993 0.0181869 0.0135400 0.0536371 0.0153281 0.0507538 0.0140828 0.0597437 0.0600486 0.0068564 0.0073072 0.0072514 0.0524238 0.0142425 0.0492744 2.1000834 0.0523461 0.0523461 2.1001610 0.0152057 0.0523435 0.0480792 0.0001635 0.0520830 0.0523620 0.0519346 0.0522399 0.0493427 0.0521474 0.0521474 0.0143647 0.0525772 0.0524931 0.0525840 0.0523535 0.0522069 0.0521373 0.0520046 0.0063936 0.0170455 0.0000551 0.0000000 0.0002181 2.0996669 0.0142449 0.0525257 0.0065110 0.0104432 0.0501175 0.0522326 0.0067818 0.0546787 0.0521630 0.0526321 0.0526735 0.0505395 0.0503710 0.9000908 
OL774655_Megalocytivirus_pagrus1_RSIV                    0.0524883 0.0525522 0.0135438 0.0519371 0.0142505 0.0181348 0.0135438 0.0536975 0.0152795 0.0506866 0.0140917 0.0598040 0.0601090 0.0068583 0.0073092 0.0072534 0.0523561 0.0141936 0.0492029 2.0994198 0.0522785 0.0522785 2.0994974 0.0151535 0.0522759 0.0480127 0.0000536 0.0520154 0.0522943 0.0518671 0.0521723 0.0492712 0.0520798 0.0520798 0.0143158 0.0525095 0.0524255 0.0525163 0.0522859 0.0521393 0.0520698 0.0519371 0.0065063 0.0170560 0.0001122 0.0002181 0.0000000 2.0990031 0.0141960 0.0524581 0.0066238 0.0105607 0.0500458 0.0521650 0.0067239 0.0546020 0.0520954 0.0525644 0.0526058 0.0504618 0.0502994 0.8997490 
OM037668_Megalocytivirus_lates1_SDDV                     2.1031186 2.1033079 2.1276126 2.0919202 2.0971896 2.0041064 2.1276126 2.1252785 2.1051930 2.0909569 2.0957548 2.1077999 2.1048651 2.1006580 2.1012887 2.1012887 2.0929653 2.0974116 2.0139006 0.0002344 2.0931608 2.0931608 0.0002930 2.0161294 2.0921144 2.0984004 2.0990031 2.0924845 2.0931540 2.0923516 2.0938631 2.0138391 2.0931528 2.0931528 2.0996831 2.0928766 2.0946909 2.0928431 2.0941733 2.0931150 2.0926913 2.0919202 2.0967130 2.0993215 2.0810486 2.0996669 2.0990031 0.0000000 2.0976048 2.0920239 2.0977268 2.0750089 2.0140296 2.0927486 2.0994125 2.1494183 2.0925497 2.0933053 2.0932716 2.0133302 2.0125383 2.1923960 
ON075463_Megalocytivirus_pagrus1_RSIV                    0.0520869 0.0521507 0.0218679 0.0515383 0.0004905 0.0028314 0.0218679 0.0572622 0.0010404 0.0501580 0.0004929 0.0617885 0.0622264 0.0150384 0.0155043 0.0154474 0.0519567 0.0004360 0.0485447 2.0980208 0.0518792 0.0518792 2.0980982 0.0000010 0.0518766 0.0455181 0.0143008 0.0516164 0.0518949 0.0514684 0.0517730 0.0486129 0.0516808 0.0516808 0.0018618 0.0521097 0.0520259 0.0521164 0.0518865 0.0517402 0.0516708 0.0515383 0.0083290 0.0034162 0.0137873 0.0142449 0.0141960 2.0976048 0.0000000 0.0520587 0.0077205 0.0071654 0.0493858 0.0517658 0.0144779 0.0541601 0.0516962 0.0521646 0.0522061 0.0500420 0.0498142 0.9021692 
ON212400_Megalocytivirus_pagrus1_ISKNV                   0.0009414 0.0009969 0.0595615 0.0005505 0.0521551 0.0527677 0.0595615 0.0628110 0.0534050 0.0017100 0.0521545 0.0654774 0.0653843 0.0517291 0.0522081 0.0521439 0.0008817 0.0520916 0.0092220 2.0924420 0.0008264 0.0008264 2.0925192 0.0493360 0.0008263 0.0148314 0.0524581 0.0006058 0.0008266 0.0006056 0.0008267 0.0092829 0.0006609 0.0006609 0.0507951 0.0010477 0.0010474 0.0010478 0.0008264 0.0007159 0.0006608 0.0005505 0.0521103 0.0529023 0.0519084 0.0525257 0.0524581 2.0920239 0.0520587 0.0000000 0.0527337 0.0526471 0.0089784 0.0007163 0.0512035 0.0012393 0.0006611 0.0011029 0.0012678 0.0057902 0.0064560 0.8806794 
ON740976_Megalocytivirus_pagrus1_RSIV                    0.0527653 0.0528292 0.0175085 0.0522122 0.0077747 0.0109366 0.0175085 0.0550393 0.0087637 0.0509603 0.0077002 0.0604094 0.0607148 0.0108658 0.0113241 0.0112677 0.0526318 0.0077188 0.0492288 2.0981434 0.0525540 0.0525540 2.0982208 0.0083020 0.0525514 0.0467435 0.0065661 0.0522907 0.0525699 0.0521421 0.0524478 0.0492971 0.0523551 0.0523551 0.0083985 0.0527854 0.0527012 0.0527922 0.0525615 0.0524146 0.0523450 0.0522122 0.0008739 0.0110497 0.0067606 0.0065110 0.0066238 2.0977268 0.0077205 0.0527337 0.0000000 0.0044985 0.0500717 0.0524405 0.0104693 0.0550011 0.0523708 0.0528403 0.0528816 0.0505425 0.0503636 0.8993120 
ON743042_Megalocytivirus_pagrus1_RSIV                    0.0526073 0.0526725 0.0149700 0.0521156 0.0069933 0.0101269 0.0149700 0.0567980 0.0082227 0.0508398 0.0069138 0.0613201 0.0616322 0.0082000 0.0086622 0.0086051 0.0525432 0.0069365 0.0490120 2.0754357 0.0524639 0.0524639 2.0755129 0.0075919 0.0524613 0.0457423 0.0104998 0.0521955 0.0524801 0.0520441 0.0522846 0.0490816 0.0521905 0.0521905 0.0075697 0.0526997 0.0526139 0.0527067 0.0524715 0.0523219 0.0522509 0.0521156 0.0044976 0.0100815 0.0108199 0.0104432 0.0105607 2.0750089 0.0071654 0.0526471 0.0044985 0.0000000 0.0497329 0.0521800 0.0080650 0.0548830 0.0521091 0.0527557 0.0527297 0.0502115 0.0499239 0.8987414 
OP009387_Megalocytivirus_pagrus1_ISKNV                   0.0089675 0.0090286 0.0576365 0.0086133 0.0495133 0.0527687 0.0576365 0.0585181 0.0508706 0.0097759 0.0493578 0.0618740 0.0614233 0.0492039 0.0496432 0.0496432 0.0089211 0.0494458 0.0009428 2.0144771 0.0089211 0.0089211 2.0145524 0.0493858 0.0086761 0.0083666 0.0500458 0.0086764 0.0088001 0.0086130 0.0088636 0.0010018 0.0087377 0.0087377 0.0482801 0.0090472 0.0091682 0.0090475 0.0087981 0.0087972 0.0087356 0.0086133 0.0497071 0.0500676 0.0489114 0.0501175 0.0500458 2.0140296 0.0493858 0.0089784 0.0500717 0.0497329 0.0000000 0.0086784 0.0484573 0.0091615 0.0086166 0.0091081 0.0092856 0.0035691 0.0030313 0.8300409 
OP896201_Megalocytivirus_pagrus1_ISKNV                   0.0004428 0.0004982 0.0592617 0.0002753 0.0518622 0.0524411 0.0592617 0.0625842 0.0531111 0.0014345 0.0518603 0.0653014 0.0652085 0.0514360 0.0519148 0.0518506 0.0006063 0.0517987 0.0089219 2.0931666 0.0005510 0.0005510 2.0932438 0.0490174 0.0005510 0.0146089 0.0521650 0.0003305 0.0004408 0.0003304 0.0005513 0.0089828 0.0003856 0.0003856 0.0505025 0.0007722 0.0007720 0.0007723 0.0004407 0.0004407 0.0003855 0.0002753 0.0518173 0.0526088 0.0516077 0.0522326 0.0521650 2.0927486 0.0517658 0.0007163 0.0524405 0.0521800 0.0086784 0.0000000 0.0509096 0.0009918 0.0000541 0.0006063 0.0009924 0.0054924 0.0060325 0.8818388 
OQ475017_Megalocytivirus_pagrus1_RSIV                    0.0512275 0.0512914 0.0108316 0.0506821 0.0146471 0.0182427 0.0108316 0.0550214 0.0155672 0.0496928 0.0144321 0.0605161 0.0606845 0.0042623 0.0047106 0.0046550 0.0511009 0.0145900 0.0476151 2.0998306 0.0510234 0.0510234 2.0999085 0.0152507 0.0510209 0.0470267 0.0067255 0.0507602 0.0510390 0.0506122 0.0509168 0.0476833 0.0508247 0.0508247 0.0143675 0.0512539 0.0511702 0.0512605 0.0510306 0.0508843 0.0508148 0.0506821 0.0098934 0.0170022 0.0066929 0.0067818 0.0067239 2.0994125 0.0144779 0.0512035 0.0104693 0.0080650 0.0484573 0.0509096 0.0000000 0.0529609 0.0508400 0.0513091 0.0513509 0.0490296 0.0488600 0.9003744 
OQ513807_Megalocytivirus_pagrus1_ISKNV                   0.0011841 0.0011841 0.0628714 0.0008050 0.0542683 0.0551875 0.0628714 0.0654288 0.0542319 0.0017366 0.0542789 0.0683416 0.0682338 0.0539339 0.0544773 0.0544046 0.0011780 0.0541965 0.0093683 2.1504035 0.0011156 0.0011156 2.1504960 0.0512130 0.0011155 0.0164243 0.0546020 0.0008673 0.0011159 0.0008671 0.0010538 0.0094373 0.0009294 0.0009294 0.0528762 0.0012401 0.0013645 0.0013026 0.0011156 0.0009912 0.0009291 0.0008050 0.0544527 0.0549687 0.0539680 0.0546787 0.0546020 2.1494183 0.0541601 0.0012393 0.0550011 0.0548830 0.0091615 0.0009918 0.0529609 0.0000000 0.0009297 0.0014271 0.0000610 0.0062380 0.0069952 0.9165817 
OR356116_Megalocytivirus_pagrus1_ISKNV                   0.0003874 0.0004428 0.0591891 0.0002202 0.0517927 0.0523652 0.0591891 0.0625107 0.0530411 0.0013791 0.0517905 0.0652278 0.0651349 0.0513665 0.0518451 0.0517810 0.0005511 0.0517292 0.0088601 2.0929677 0.0004958 0.0004958 2.0930449 0.0489439 0.0004958 0.0145494 0.0520954 0.0002754 0.0003856 0.0002753 0.0004961 0.0089209 0.0003305 0.0003305 0.0504333 0.0007169 0.0007167 0.0007170 0.0003855 0.0003855 0.0003304 0.0002202 0.0517478 0.0525390 0.0515363 0.0521630 0.0520954 2.0925497 0.0516962 0.0006611 0.0523708 0.0521091 0.0086166 0.0000541 0.0508400 0.0009297 0.0000000 0.0005511 0.0009372 0.0054318 0.0059717 0.8815893 
OR536350_Megalocytivirus_pagrus1_ISKNV                   0.0008309 0.0008864 0.0596758 0.0006613 0.0522610 0.0528767 0.0596758 0.0630772 0.0535123 0.0018222 0.0522610 0.0657949 0.0657015 0.0518348 0.0523143 0.0522500 0.0009930 0.0521975 0.0093519 2.0937234 0.0009375 0.0009375 2.0938007 0.0494400 0.0009375 0.0150204 0.0525644 0.0007166 0.0007166 0.0007165 0.0009380 0.0094128 0.0007719 0.0007719 0.0508998 0.0011592 0.0008270 0.0011593 0.0007164 0.0008269 0.0007717 0.0006613 0.0522162 0.0530091 0.0520170 0.0526321 0.0525644 2.0933053 0.0521646 0.0011029 0.0528403 0.0527557 0.0091081 0.0006063 0.0513091 0.0014271 0.0005511 0.0000000 0.0013795 0.0059155 0.0065821 0.8822959 
