63
23043610003_Megalocytivirus_pagrus1_ISKNV                0.0000000 0.0000573 0.0572722 0.0005192 0.0498127 0.0502251 0.0572722 0.0612366 0.0511701 0.0016766 0.0498674 0.0637134 0.0635587 0.0491369 0.0496343 0.0495660 1.9389756 0.0008084 0.0497453 0.0092035 1.9789441 0.0008083 0.0008083 1.9790360 0.0467076 0.0006926 0.0135041 0.0499713 0.0005193 0.0006349 0.0005769 0.0003459 0.0092677 0.0006349 0.0006349 0.0487659 0.0009241 0.0010400 0.0009824 0.0006926 0.0006925 0.0005770 0.0005192 0.0495337 0.0505876 0.0493233 0.0500428 0.0499713 1.9783968 0.0497734 0.0009237 0.0501780 0.0498751 0.0088819 0.0004616 0.0486601 0.0012409 0.0004038 0.0008083 0.0012132 0.0060325 0.0067347 0.7806342 
23043610005_Megalocytivirus_pagrus1_ISKNV                0.0000573 0.0000000 0.0573418 0.0005769 0.0498801 0.0502988 0.0573418 0.0613070 0.0512378 0.0017345 0.0499351 0.0637839 0.0636292 0.0492043 0.0497018 0.0496335 1.9392348 0.0008662 0.0498127 0.0092676 1.9791909 0.0008661 0.0008661 1.9792828 0.0467793 0.0007504 0.0135647 0.0500388 0.0005771 0.0006926 0.0006347 0.0004036 0.0093317 0.0006926 0.0006926 0.0488332 0.0009819 0.0010978 0.0010402 0.0007503 0.0007503 0.0006347 0.0005769 0.0496011 0.0506552 0.0493926 0.0501103 0.0500388 1.9786436 0.0498407 0.0009815 0.0502455 0.0499440 0.0089459 0.0005193 0.0487277 0.0012409 0.0004615 0.0008661 0.0012710 0.0060958 0.0067981 0.7807801 
AB104413_Megalocytivirus_pagrus1_RSIV                    0.0572722 0.0573418 0.0000000 0.0566619 0.0207998 0.0240536 0.0000010 0.0634830 0.0220041 0.0555174 0.0206601 0.0677410 0.0679418 0.0067939 0.0072771 0.0072173 1.9844659 0.0570383 0.0207381 0.0538916 2.0011455 0.0570320 0.0570320 2.0012387 0.0206620 0.0568863 0.0545750 0.0141130 0.0566786 0.0569720 0.0565864 0.0569141 0.0539663 0.0568150 0.0568150 0.0207103 0.0572803 0.0571889 0.0572132 0.0570406 0.0568822 0.0567364 0.0566619 0.0177670 0.0233171 0.0146994 0.0141748 0.0141790 2.0005964 0.0208041 0.0571588 0.0182756 0.0151751 0.0545838 0.0569068 0.0113391 0.0603127 0.0568315 0.0572634 0.0573086 0.0555425 0.0553603 0.8085308 
AF371960_Megalocytivirus_pagrus1_ISKNV                   0.0005192 0.0005769 0.0566619 0.0000000 0.0492578 0.0497018 0.0566619 0.0606688 0.0506056 0.0012639 0.0493095 0.0628456 0.0626923 0.0485855 0.0490796 0.0490117 1.9375118 0.0004017 0.0491909 0.0088302 1.9677488 0.0004016 0.0004016 1.9678394 0.0462895 0.0002868 0.0130028 0.0494149 0.0001142 0.0003443 0.0001712 0.0004018 0.0088939 0.0002284 0.0002284 0.0482174 0.0006318 0.0006315 0.0005742 0.0004016 0.0002867 0.0001712 0.0000010 0.0489802 0.0500270 0.0487553 0.0494858 0.0494149 1.9672062 0.0492186 0.0005163 0.0496201 0.0493812 0.0085108 0.0002869 0.0481097 0.0008433 0.0002285 0.0006317 0.0008037 0.0056824 0.0063796 0.7778923 
AP017456_Megalocytivirus_pagrus1_RSIV                    0.0498127 0.0498801 0.0207998 0.0492578 0.0000000 0.0026491 0.0207998 0.0552520 0.0015424 0.0477418 0.0001704 0.0592617 0.0596545 0.0136519 0.0141319 0.0140726 1.9567724 0.0496199 0.0000565 0.0457598 1.9722125 0.0496141 0.0496141 1.9723030 0.0004280 0.0494738 0.0452860 0.0129443 0.0492723 0.0495552 0.0491853 0.0494986 0.0458317 0.0494051 0.0494051 0.0017096 0.0498513 0.0497649 0.0497854 0.0496213 0.0494697 0.0493293 0.0492578 0.0066860 0.0039682 0.0123668 0.0128861 0.0128346 1.9716710 0.0004542 0.0497379 0.0061697 0.0057477 0.0464252 0.0494921 0.0132406 0.0516692 0.0494197 0.0498366 0.0500256 0.0475185 0.0472734 0.7950853 
AY894343_Megalocytivirus_pagrus1_RSIV                    0.0502251 0.0502988 0.0240536 0.0497018 0.0026491 0.0000000 0.0240536 0.0538897 0.0040650 0.0481174 0.0025371 0.0584935 0.0582171 0.0160337 0.0165013 0.0165013 1.9389275 0.0500844 0.0025858 0.0491795 1.8807928 0.0500829 0.0500829 1.8808820 0.0029663 0.0500126 0.0441876 0.0169346 0.0497921 0.0499428 0.0497755 0.0499617 0.0492537 0.0499375 0.0499375 0.0043717 0.0503375 0.0502549 0.0502623 0.0500137 0.0500082 0.0498545 0.0497018 0.0100018 0.0067756 0.0164224 0.0168699 0.0168147 1.8802346 0.0029663 0.0501475 0.0093645 0.0089573 0.0497910 0.0498724 0.0169231 0.0523454 0.0497932 0.0502492 0.0504613 0.0509721 0.0506137 0.7427475 
BD143114_Megalocytivirus_pagrus1_RSIV                    0.0572722 0.0573418 0.0000010 0.0566619 0.0207998 0.0240536 0.0000000 0.0634830 0.0220041 0.0555174 0.0206601 0.0677410 0.0679418 0.0067939 0.0072771 0.0072173 1.9844659 0.0570383 0.0207381 0.0538916 2.0011455 0.0570320 0.0570320 2.0012387 0.0206620 0.0568863 0.0545750 0.0141130 0.0566786 0.0569720 0.0565864 0.0569141 0.0539663 0.0568150 0.0568150 0.0207103 0.0572803 0.0571889 0.0572132 0.0570406 0.0568822 0.0567364 0.0566619 0.0177670 0.0233171 0.0146994 0.0141748 0.0141790 2.0005964 0.0208041 0.0571588 0.0182756 0.0151751 0.0545838 0.0569068 0.0113391 0.0603127 0.0568315 0.0572634 0.0573086 0.0555425 0.0553603 0.8085308 
GQ273492_Megalocytivirus_pagrus1_TRBIV                   0.0612366 0.0613070 0.0634830 0.0606688 0.0552520 0.0538897 0.0634830 0.0000000 0.0566918 0.0603680 0.0552679 0.0307187 0.0306193 0.0548807 0.0552442 0.0551744 1.9584813 0.0609656 0.0551832 0.0552539 1.9994635 0.0610453 0.0610453 1.9996248 0.0506834 0.0608971 0.0607676 0.0513925 0.0606866 0.0606577 0.0605918 0.0608250 0.0553288 0.0608246 0.0608246 0.0545301 0.0612945 0.0611216 0.0612234 0.0609711 0.0608930 0.0607447 0.0606688 0.0523685 0.0506420 0.0496456 0.0513279 0.0513925 1.9989123 0.0551944 0.0610964 0.0527511 0.0544497 0.0559477 0.0609187 0.0527596 0.0635896 0.0608419 0.0613586 0.0612871 0.0563891 0.0564831 0.7855072 
KC244182_Megalocytivirus_pagrus1_RSIV                    0.0511701 0.0512378 0.0220041 0.0506056 0.0015424 0.0040650 0.0220041 0.0566918 0.0000000 0.0490808 0.0014929 0.0607132 0.0611076 0.0147836 0.0152669 0.0152072 1.9640947 0.0509701 0.0014852 0.0472263 1.9804659 0.0509642 0.0509642 1.9805571 0.0011688 0.0508230 0.0466099 0.0140717 0.0506205 0.0509051 0.0505326 0.0508483 0.0472987 0.0507539 0.0507539 0.0028099 0.0512032 0.0511160 0.0511371 0.0509716 0.0508189 0.0506776 0.0506056 0.0078859 0.0046246 0.0135248 0.0140132 0.0139620 1.9799226 0.0010847 0.0510884 0.0072500 0.0070826 0.0478960 0.0508417 0.0142552 0.0517018 0.0507688 0.0511881 0.0513780 0.0489292 0.0486839 0.7988210 
KT781098_Megalocytivirus_pagrus1_ISKNV                   0.0016766 0.0017345 0.0555174 0.0012639 0.0477418 0.0481174 0.0555174 0.0603680 0.0490808 0.0000000 0.0477859 0.0626061 0.0624530 0.0474815 0.0479736 0.0479059 1.9369861 0.0015527 0.0476752 0.0101142 1.9668317 0.0015524 0.0015524 1.9669222 0.0446800 0.0014370 0.0142198 0.0480342 0.0012643 0.0014950 0.0013215 0.0015532 0.0101782 0.0013795 0.0013795 0.0467052 0.0017843 0.0017837 0.0017265 0.0015525 0.0014368 0.0013215 0.0012639 0.0476015 0.0485055 0.0473385 0.0481048 0.0480342 1.9662892 0.0477025 0.0016672 0.0482384 0.0479710 0.0097935 0.0014377 0.0470031 0.0017544 0.0013799 0.0017841 0.0019560 0.0069472 0.0076481 0.7785613 
KT804738_Megalocytivirus_pagrus1_RSIV                    0.0498674 0.0499351 0.0206601 0.0493095 0.0001704 0.0025371 0.0206601 0.0552679 0.0014929 0.0477859 0.0000000 0.0591780 0.0595726 0.0134827 0.0139648 0.0139052 1.9524123 0.0496734 0.0001136 0.0456481 1.9708921 0.0496676 0.0496676 1.9709830 0.0004304 0.0495265 0.0455934 0.0127717 0.0493240 0.0496084 0.0492366 0.0495515 0.0457203 0.0494575 0.0494575 0.0017758 0.0499060 0.0498191 0.0498397 0.0496748 0.0495225 0.0493813 0.0493095 0.0066616 0.0037550 0.0123060 0.0127132 0.0127219 1.9707409 0.0005137 0.0497920 0.0061427 0.0057181 0.0463166 0.0495450 0.0130695 0.0517414 0.0494722 0.0498912 0.0500811 0.0475017 0.0472457 0.7932813 
MG570131_Megalocytivirus_pagrus1_TRBIV                   0.0637134 0.0637839 0.0677410 0.0628456 0.0592617 0.0584935 0.0677410 0.0307187 0.0607132 0.0626061 0.0591780 0.0000000 0.0016674 0.0590601 0.0594190 0.0593487 1.9472404 0.0631737 0.0591927 0.0582262 1.9834911 0.0632218 0.0632218 1.9835826 0.0548656 0.0630738 0.0633845 0.0570847 0.0628638 0.0629961 0.0628074 0.0631633 0.0583015 0.0630012 0.0630012 0.0584814 0.0633086 0.0632294 0.0632416 0.0631481 0.0630697 0.0629216 0.0628456 0.0575503 0.0563810 0.0551567 0.0570197 0.0570847 1.9829468 0.0592044 0.0632172 0.0576587 0.0583160 0.0589235 0.0630956 0.0577969 0.0658860 0.0630189 0.0635349 0.0634634 0.0596243 0.0596442 0.7854392 
MG570132_Megalocytivirus_pagrus1_TRBIV                   0.0635587 0.0636292 0.0679418 0.0626923 0.0596545 0.0582171 0.0679418 0.0306193 0.0611076 0.0624530 0.0595726 0.0016674 0.0000000 0.0592570 0.0596161 0.0595458 1.9433994 0.0630201 0.0595854 0.0576954 1.9802557 0.0630682 0.0630682 1.9803470 0.0545982 0.0629203 0.0632970 0.0573367 0.0627105 0.0628427 0.0626542 0.0630098 0.0577705 0.0628478 0.0628478 0.0588738 0.0631549 0.0630757 0.0630879 0.0629946 0.0629162 0.0627682 0.0626923 0.0578026 0.0567710 0.0554155 0.0572717 0.0573367 1.9797119 0.0595971 0.0630636 0.0579111 0.0585741 0.0583914 0.0629421 0.0579071 0.0657098 0.0628655 0.0633810 0.0633096 0.0590912 0.0591109 0.7843215 
MK098185_Megalocytivirus_pagrus1_RSIV                    0.0491369 0.0492043 0.0067939 0.0485855 0.0136519 0.0160337 0.0067939 0.0548807 0.0147836 0.0474815 0.0134827 0.0590601 0.0592570 0.0000000 0.0004546 0.0003978 1.9573821 0.0489473 0.0135927 0.0452003 1.9744152 0.0489415 0.0489415 1.9745060 0.0129807 0.0488013 0.0464414 0.0070369 0.0485998 0.0488825 0.0485130 0.0488259 0.0452722 0.0487327 0.0487327 0.0135562 0.0491783 0.0490921 0.0491123 0.0489486 0.0487972 0.0486569 0.0485855 0.0105116 0.0160298 0.0073780 0.0070955 0.0070976 1.9738733 0.0136548 0.0490654 0.0112303 0.0080215 0.0458654 0.0488195 0.0043873 0.0510513 0.0487471 0.0491638 0.0492086 0.0467973 0.0466158 0.7947624 
MK098186_Megalocytivirus_pagrus1_RSIV                    0.0496343 0.0497018 0.0072771 0.0490796 0.0141319 0.0165013 0.0072771 0.0552442 0.0152669 0.0479736 0.0139648 0.0594190 0.0596161 0.0004546 0.0000000 0.0000565 1.9578400 0.0494421 0.0140726 0.0456514 1.9753381 0.0494363 0.0494363 1.9754289 0.0134324 0.0492958 0.0470022 0.0075072 0.0490940 0.0493773 0.0490070 0.0493206 0.0457234 0.0492271 0.0492271 0.0140367 0.0496737 0.0495873 0.0496077 0.0494435 0.0492918 0.0491512 0.0490796 0.0109866 0.0165159 0.0078634 0.0075658 0.0075681 1.9747961 0.0141348 0.0495603 0.0117069 0.0085017 0.0463176 0.0493142 0.0048549 0.0516151 0.0492416 0.0496591 0.0497039 0.0472505 0.0470690 0.7952536 
MK098187_Megalocytivirus_pagrus1_RSIV                    0.0495660 0.0496335 0.0072173 0.0490117 0.0140726 0.0165013 0.0072173 0.0551744 0.0152072 0.0479059 0.0139052 0.0593487 0.0595458 0.0003978 0.0000565 0.0000000 1.9578400 0.0493741 0.0140133 0.0456514 1.9753381 0.0493683 0.0493683 1.9754289 0.0134324 0.0492279 0.0469349 0.0074490 0.0490261 0.0493093 0.0489391 0.0492527 0.0457234 0.0491592 0.0491592 0.0139773 0.0496057 0.0495192 0.0495397 0.0493755 0.0492238 0.0490833 0.0490117 0.0109278 0.0164559 0.0078034 0.0075076 0.0075098 1.9747961 0.0140755 0.0494923 0.0116479 0.0084421 0.0463176 0.0492462 0.0047968 0.0515377 0.0491737 0.0495910 0.0496358 0.0472505 0.0470690 0.7951734 
MK637631_European_chub_iridovirus_ECIV                   1.9389756 1.9392348 1.9844659 1.9375118 1.9567724 1.9389275 1.9844659 1.9584813 1.9640947 1.9369861 1.9524123 1.9472404 1.9433994 1.9573821 1.9578400 1.9578400 0.0000000 1.9376336 1.9570836 1.9396847 0.8474886 1.9371049 1.9371049 0.8475141 1.9575504 1.9369123 1.9444192 1.9569720 1.9374719 1.9366487 1.9371715 1.9381095 1.9393006 1.9380378 1.9380378 1.9585730 1.9389881 1.9385393 1.9393330 1.9384139 1.9383154 1.9379368 1.9375118 1.9538885 1.9582586 1.9421182 1.9570683 1.9565688 0.8470877 1.9575504 1.9363196 1.9539869 1.9291455 1.9404865 1.9378427 1.9568818 1.9816770 1.9378471 1.9379147 1.9379513 1.9419107 1.9402892 2.0469878 
MK689685_Megalocytivirus_pagrus1_ISKNV                   0.0008084 0.0008662 0.0570383 0.0004017 0.0496199 0.0500844 0.0570383 0.0609656 0.0509701 0.0015527 0.0496734 0.0631737 0.0630201 0.0489473 0.0494421 0.0493741 1.9376336 0.0000000 0.0495529 0.0090881 1.9687180 0.0006891 0.0006891 1.9688087 0.0465883 0.0005741 0.0133123 0.0497775 0.0004018 0.0006318 0.0004591 0.0006895 0.0091519 0.0005167 0.0005167 0.0485784 0.0009198 0.0009195 0.0008622 0.0006892 0.0005740 0.0004591 0.0004017 0.0493422 0.0503906 0.0490575 0.0498486 0.0497775 1.9681752 0.0495807 0.0008039 0.0499831 0.0497517 0.0087684 0.0005744 0.0484722 0.0011689 0.0005169 0.0009197 0.0010918 0.0059359 0.0066340 0.7778781 
MK689686_Megalocytivirus_pagrus1_RSIV                    0.0497453 0.0498127 0.0207381 0.0491909 0.0000565 0.0025858 0.0207381 0.0551832 0.0014852 0.0476752 0.0001136 0.0591927 0.0595854 0.0135927 0.0140726 0.0140133 1.9570836 0.0495529 0.0000000 0.0456888 1.9725051 0.0495471 0.0495471 1.9725957 0.0003669 0.0494068 0.0452198 0.0128851 0.0492053 0.0494882 0.0491184 0.0494316 0.0457607 0.0493382 0.0493382 0.0016525 0.0497842 0.0496978 0.0497183 0.0495543 0.0494027 0.0492623 0.0491909 0.0066280 0.0039105 0.0123060 0.0128269 0.0127755 1.9719636 0.0003974 0.0496709 0.0061117 0.0056887 0.0463540 0.0494251 0.0131812 0.0515930 0.0493527 0.0497695 0.0499585 0.0474471 0.0472021 0.7950154 
MN432490_Megalocytivirus_pagrus1_ISKNV                   0.0092035 0.0092676 0.0538916 0.0088302 0.0457598 0.0491795 0.0538916 0.0552539 0.0472263 0.0101142 0.0456481 0.0582262 0.0576954 0.0452003 0.0456514 0.0456514 1.9396847 0.0090881 0.0456888 0.0000000 1.8907837 0.0091532 0.0091532 1.8908727 0.0456963 0.0090246 0.0067088 0.0461343 0.0088331 0.0089614 0.0088299 0.0090932 0.0000611 0.0089609 0.0089609 0.0448749 0.0092859 0.0094127 0.0092210 0.0090243 0.0090232 0.0088946 0.0088302 0.0457215 0.0463309 0.0448283 0.0462094 0.0461343 1.8902298 0.0456963 0.0091494 0.0460941 0.0457044 0.0008007 0.0088988 0.0444866 0.0093639 0.0088340 0.0092845 0.0094717 0.0036699 0.0031073 0.7258582 
MN562489_Megalocytivirus_lates1_SDDV                     1.9789441 1.9791909 2.0011455 1.9677488 1.9722125 1.8807928 2.0011455 1.9994635 1.9804659 1.9668317 1.9708921 1.9834911 1.9802557 1.9744152 1.9753381 1.9753381 0.8474886 1.9687180 1.9725051 1.8907837 0.0000000 1.9689063 1.9689063 0.0000588 1.8932284 1.9680330 1.9734381 1.9722349 1.9681893 1.9687536 1.9679809 1.9693725 1.8907530 1.9687197 1.9687197 1.9749298 1.9687806 1.9703523 1.9689105 1.9697573 1.9689306 1.9684582 1.9677488 1.9717139 1.9749198 1.9546685 1.9731547 1.9722349 0.0002368 1.9729082 1.9678681 1.9725117 1.9508540 1.8912798 1.9684260 1.9735445 2.0266700 1.9682951 1.9689336 1.9690170 1.8901712 1.8892348 2.0629501 
MT128666_Megalocytivirus_pagrus1_ISKNV                   0.0008083 0.0008661 0.0570320 0.0004016 0.0496141 0.0500829 0.0570320 0.0610453 0.0509642 0.0015524 0.0496676 0.0632218 0.0630682 0.0489415 0.0494363 0.0493683 1.9371049 0.0006891 0.0495471 0.0091532 1.9689063 0.0000000 0.0000010 1.9689970 0.0466673 0.0005740 0.0133100 0.0497717 0.0004017 0.0006316 0.0004590 0.0006893 0.0092170 0.0005166 0.0005166 0.0485726 0.0009197 0.0009194 0.0008621 0.0006890 0.0004590 0.0004590 0.0004016 0.0493364 0.0503847 0.0491214 0.0498428 0.0497717 1.9683635 0.0495749 0.0008037 0.0499772 0.0497457 0.0088334 0.0005743 0.0484664 0.0011687 0.0005168 0.0009195 0.0010916 0.0059997 0.0066980 0.7784772 
MT128667_Megalocytivirus_pagrus1_ISKNV                   0.0008083 0.0008661 0.0570320 0.0004016 0.0496141 0.0500829 0.0570320 0.0610453 0.0509642 0.0015524 0.0496676 0.0632218 0.0630682 0.0489415 0.0494363 0.0493683 1.9371049 0.0006891 0.0495471 0.0091532 1.9689063 0.0000010 0.0000000 1.9689970 0.0466673 0.0005740 0.0133100 0.0497717 0.0004017 0.0006316 0.0004590 0.0006893 0.0092170 0.0005166 0.0005166 0.0485726 0.0009197 0.0009194 0.0008621 0.0006890 0.0004590 0.0004590 0.0004016 0.0493364 0.0503847 0.0491214 0.0498428 0.0497717 1.9683635 0.0495749 0.0008037 0.0499772 0.0497457 0.0088334 0.0005743 0.0484664 0.0011687 0.0005168 0.0009195 0.0010916 0.0059997 0.0066980 0.7784772 
MT521409_Megalocytivirus_lates1_SDDV                     1.9790360 1.9792828 2.0012387 1.9678394 1.9723030 1.8808820 2.0012387 1.9996248 1.9805571 1.9669222 1.9709830 1.9835826 1.9803470 1.9745060 1.9754289 1.9754289 0.8475141 1.9688087 1.9725957 1.8908727 0.0000588 1.9689970 1.9689970 0.0000000 1.8933173 1.9681236 1.9735291 1.9723256 1.9682799 1.9688443 1.9680715 1.9694632 1.8908420 1.9688104 1.9688104 1.9750206 1.9688712 1.9704431 1.9690012 1.9698480 1.9690213 1.9685489 1.9678394 1.9718044 1.9750107 1.9547604 1.9732454 1.9723256 0.0002961 1.9729988 1.9679587 1.9726024 1.9509449 1.8913688 1.9685166 1.9736356 2.0267781 1.9683857 1.9690243 1.9691077 1.8902600 1.8893236 2.0630105 
MT798582_Megalocytivirus_pagrus1_RSIV                    0.0467076 0.0467793 0.0206620 0.0462895 0.0004280 0.0029663 0.0206620 0.0506834 0.0011688 0.0446800 0.0004304 0.0548656 0.0545982 0.0129807 0.0134324 0.0134324 1.9575504 0.0465883 0.0003669 0.0456963 1.8932284 0.0466673 0.0466673 1.8933173 0.0000000 0.0465184 0.0409822 0.0138459 0.0463041 0.0464503 0.0462887 0.0464681 0.0457682 0.0464456 0.0464456 0.0017193 0.0468327 0.0468271 0.0467594 0.0465193 0.0465142 0.0463652 0.0462895 0.0072750 0.0036546 0.0132499 0.0137831 0.0137280 1.8926754 0.0000010 0.0466499 0.0066554 0.0063363 0.0463616 0.0463820 0.0138245 0.0482804 0.0463053 0.0467477 0.0469538 0.0474549 0.0472098 0.7365363 
MT926123_Megalocytivirus_pagrus1_ISKNV                   0.0006926 0.0007504 0.0568863 0.0002868 0.0494738 0.0500126 0.0568863 0.0608971 0.0508230 0.0014370 0.0495265 0.0630738 0.0629203 0.0488013 0.0492958 0.0492279 1.9369123 0.0005741 0.0494068 0.0090246 1.9680330 0.0005740 0.0005740 1.9681236 0.0465184 0.0000000 0.0131879 0.0496312 0.0002869 0.0005167 0.0003442 0.0005743 0.0090884 0.0004017 0.0004017 0.0484327 0.0008045 0.0008042 0.0007469 0.0005741 0.0004590 0.0003442 0.0002868 0.0491961 0.0502438 0.0489027 0.0497022 0.0496312 1.9674903 0.0494346 0.0006888 0.0498366 0.0496021 0.0087049 0.0004593 0.0483259 0.0010385 0.0004018 0.0008044 0.0009764 0.0058731 0.0065711 0.7778623 
MT986830_Megalocytivirus_pagrus1_ISKNV                   0.0135041 0.0135647 0.0545750 0.0130028 0.0452860 0.0441876 0.0545750 0.0607676 0.0466099 0.0142198 0.0455934 0.0633845 0.0632970 0.0464414 0.0470022 0.0469349 1.9444192 0.0133123 0.0452198 0.0067088 1.9734381 0.0133100 0.0133100 1.9735291 0.0409822 0.0131879 0.0000000 0.0470269 0.0130067 0.0132522 0.0130641 0.0133165 0.0067720 0.0131283 0.0131283 0.0446678 0.0135028 0.0135577 0.0133774 0.0133114 0.0131861 0.0130640 0.0130028 0.0452525 0.0462390 0.0458327 0.0470971 0.0470269 1.9728946 0.0452464 0.0133660 0.0456190 0.0450883 0.0062662 0.0131939 0.0460061 0.0149030 0.0131321 0.0135601 0.0136739 0.0058707 0.0051784 0.7823769 
MW139932_Megalocytivirus_pagrus1_RSIV                    0.0499713 0.0500388 0.0141130 0.0494149 0.0129443 0.0169346 0.0141130 0.0513925 0.0140717 0.0480342 0.0127717 0.0570847 0.0573367 0.0070369 0.0075072 0.0074490 1.9569720 0.0497775 0.0128851 0.0461343 1.9722349 0.0497717 0.0497717 1.9723256 0.0138459 0.0496312 0.0470269 0.0000000 0.0494294 0.0497127 0.0493422 0.0496561 0.0462064 0.0495624 0.0495624 0.0133236 0.0500093 0.0499227 0.0499433 0.0497789 0.0496271 0.0494865 0.0494149 0.0066680 0.0157974 0.0001165 0.0001696 0.0000565 1.9716932 0.0129470 0.0498957 0.0067909 0.0104848 0.0468012 0.0496496 0.0070188 0.0518150 0.0495770 0.0499946 0.0501838 0.0476571 0.0474758 0.7943471 
MW273353_Megalocytivirus_pagrus1_ISKNV                   0.0005193 0.0005771 0.0566786 0.0001142 0.0492723 0.0497921 0.0566786 0.0606866 0.0506205 0.0012643 0.0493240 0.0628638 0.0627105 0.0485998 0.0490940 0.0490261 1.9374719 0.0004018 0.0492053 0.0088331 1.9681893 0.0004017 0.0004017 1.9682799 0.0463041 0.0002869 0.0130067 0.0494294 0.0000000 0.0003444 0.0001713 0.0004019 0.0088968 0.0002285 0.0002285 0.0482316 0.0006319 0.0006317 0.0005744 0.0004017 0.0002868 0.0001713 0.0001142 0.0489945 0.0500417 0.0487701 0.0495003 0.0494294 1.9676465 0.0492330 0.0005164 0.0496347 0.0493960 0.0085135 0.0002870 0.0481239 0.0008436 0.0002286 0.0006319 0.0008039 0.0056842 0.0063817 0.7776478 
MW273354_Megalocytivirus_pagrus1_ISKNV                   0.0006349 0.0006926 0.0569720 0.0003443 0.0495552 0.0499428 0.0569720 0.0606577 0.0509051 0.0014950 0.0496084 0.0629961 0.0628427 0.0488825 0.0493773 0.0493093 1.9366487 0.0006318 0.0494882 0.0089614 1.9687536 0.0006316 0.0006316 1.9688443 0.0464503 0.0005167 0.0132522 0.0497127 0.0003444 0.0000000 0.0004017 0.0006319 0.0090251 0.0004593 0.0004593 0.0485137 0.0008623 0.0007468 0.0008047 0.0004016 0.0005166 0.0004017 0.0003443 0.0492775 0.0503257 0.0490531 0.0497838 0.0497127 1.9682108 0.0495160 0.0007464 0.0499183 0.0496854 0.0086417 0.0004019 0.0484072 0.0011039 0.0003444 0.0007469 0.0010342 0.0058105 0.0065084 0.7781569 
MW883593_Megalocytivirus_pagrus1_ISKNV                   0.0005769 0.0006347 0.0565864 0.0001712 0.0491853 0.0497755 0.0565864 0.0605918 0.0505326 0.0013215 0.0492366 0.0628074 0.0626542 0.0485130 0.0490070 0.0489391 1.9371715 0.0004591 0.0491184 0.0088299 1.9679809 0.0004590 0.0004590 1.9680715 0.0462887 0.0003442 0.0130641 0.0493422 0.0001713 0.0004017 0.0000000 0.0004592 0.0088936 0.0002868 0.0002868 0.0481451 0.0006893 0.0006891 0.0006317 0.0004590 0.0003441 0.0002284 0.0001712 0.0489076 0.0499542 0.0486808 0.0494132 0.0493422 1.9674383 0.0491461 0.0005737 0.0495474 0.0493070 0.0085105 0.0003443 0.0480371 0.0009083 0.0002869 0.0006892 0.0008612 0.0056821 0.0063793 0.7776862 
MW883594_Megalocytivirus_pagrus1_ISKNV                   0.0003459 0.0004036 0.0569141 0.0004018 0.0494986 0.0499617 0.0569141 0.0608250 0.0508483 0.0015532 0.0495515 0.0631633 0.0630098 0.0488259 0.0493206 0.0492527 1.9381095 0.0006895 0.0494316 0.0090932 1.9693725 0.0006893 0.0006893 1.9694632 0.0464681 0.0005743 0.0133165 0.0496561 0.0004019 0.0006319 0.0004592 0.0000000 0.0091570 0.0005169 0.0005169 0.0484572 0.0008046 0.0009198 0.0008625 0.0006894 0.0005742 0.0004593 0.0004018 0.0492209 0.0502690 0.0489949 0.0497271 0.0496561 1.9688295 0.0494594 0.0008042 0.0498616 0.0495535 0.0087733 0.0005746 0.0483505 0.0011040 0.0005170 0.0009200 0.0010921 0.0059392 0.0066377 0.7779411 
MW883595_Megalocytivirus_pagrus1_ISKNV                   0.0092677 0.0093317 0.0539663 0.0088939 0.0458317 0.0492537 0.0539663 0.0553288 0.0472987 0.0101782 0.0457203 0.0583015 0.0577705 0.0452722 0.0457234 0.0457234 1.9393006 0.0091519 0.0457607 0.0000611 1.8907530 0.0092170 0.0092170 1.8908420 0.0457682 0.0090884 0.0067720 0.0462064 0.0088968 0.0090251 0.0088936 0.0091570 0.0000000 0.0090246 0.0090246 0.0449467 0.0093497 0.0094765 0.0092848 0.0090880 0.0090869 0.0089583 0.0088939 0.0457935 0.0464031 0.0449023 0.0462815 0.0462064 1.8901991 0.0457682 0.0092131 0.0461662 0.0457780 0.0008623 0.0089626 0.0445587 0.0094367 0.0088977 0.0093483 0.0095355 0.0037324 0.0031697 0.7258936 
MW883596_Megalocytivirus_pagrus1_ISKNV                   0.0006349 0.0006926 0.0568150 0.0002284 0.0494051 0.0499375 0.0568150 0.0608246 0.0507539 0.0013795 0.0494575 0.0630012 0.0628478 0.0487327 0.0492271 0.0491592 1.9380378 0.0005167 0.0493382 0.0089609 1.9687197 0.0005166 0.0005166 1.9688104 0.0464456 0.0004017 0.0131283 0.0495624 0.0002285 0.0004593 0.0002868 0.0005169 0.0090246 0.0000000 0.0000010 0.0483643 0.0007470 0.0007467 0.0006894 0.0005166 0.0004016 0.0002868 0.0002284 0.0491275 0.0501750 0.0489067 0.0496334 0.0495624 1.9681769 0.0493659 0.0006313 0.0497678 0.0494584 0.0086412 0.0004019 0.0482572 0.0009736 0.0003444 0.0007469 0.0009190 0.0058102 0.0065080 0.7782234 
MW883597_Megalocytivirus_pagrus1_ISKNV                   0.0006349 0.0006926 0.0568150 0.0002284 0.0494051 0.0499375 0.0568150 0.0608246 0.0507539 0.0013795 0.0494575 0.0630012 0.0628478 0.0487327 0.0492271 0.0491592 1.9380378 0.0005167 0.0493382 0.0089609 1.9687197 0.0005166 0.0005166 1.9688104 0.0464456 0.0004017 0.0131283 0.0495624 0.0002285 0.0004593 0.0002868 0.0005169 0.0090246 0.0000010 0.0000000 0.0483643 0.0007470 0.0007467 0.0006894 0.0005166 0.0004016 0.0002868 0.0002284 0.0491275 0.0501750 0.0489067 0.0496334 0.0495624 1.9681769 0.0493659 0.0006313 0.0497678 0.0494584 0.0086412 0.0004019 0.0482572 0.0009736 0.0003444 0.0007469 0.0009190 0.0058102 0.0065080 0.7782234 
MW883598_Megalocytivirus_pagrus1_RSIV                    0.0487659 0.0488332 0.0207103 0.0482174 0.0017096 0.0043717 0.0207103 0.0545301 0.0028099 0.0467052 0.0017758 0.0584814 0.0588738 0.0135562 0.0140367 0.0139773 1.9585730 0.0485784 0.0016525 0.0448749 1.9749298 0.0485726 0.0485726 1.9750206 0.0017193 0.0484327 0.0446678 0.0133236 0.0482316 0.0485137 0.0481451 0.0484572 0.0449467 0.0483643 0.0483643 0.0000000 0.0488088 0.0487229 0.0487429 0.0485796 0.0484287 0.0482886 0.0482174 0.0075153 0.0051365 0.0123102 0.0132653 0.0132139 1.9743879 0.0017100 0.0486963 0.0071157 0.0064102 0.0455390 0.0484508 0.0132624 0.0506309 0.0483786 0.0487944 0.0489830 0.0466311 0.0463858 0.7957048 
MW883599_Megalocytivirus_pagrus1_ISKNV                   0.0009241 0.0009819 0.0572803 0.0006318 0.0498513 0.0503375 0.0572803 0.0612945 0.0512032 0.0017843 0.0499060 0.0633086 0.0631549 0.0491783 0.0496737 0.0496057 1.9389881 0.0009198 0.0497842 0.0092859 1.9687806 0.0009197 0.0009197 1.9688712 0.0468327 0.0008045 0.0135028 0.0500093 0.0006319 0.0008623 0.0006893 0.0008046 0.0093497 0.0007470 0.0007470 0.0488088 0.0000000 0.0011504 0.0005167 0.0009197 0.0008044 0.0006893 0.0006318 0.0495735 0.0506231 0.0493651 0.0500805 0.0500093 1.9682377 0.0498121 0.0010345 0.0502151 0.0499884 0.0089657 0.0008049 0.0487037 0.0012992 0.0007473 0.0011507 0.0013228 0.0061290 0.0068280 0.7786255 
MW883600_Megalocytivirus_pagrus1_ISKNV                   0.0010400 0.0010978 0.0571889 0.0006315 0.0497649 0.0502549 0.0571889 0.0611216 0.0511160 0.0017837 0.0498191 0.0632294 0.0630757 0.0490921 0.0495873 0.0495192 1.9385393 0.0009195 0.0496978 0.0094127 1.9703523 0.0009194 0.0009194 1.9704431 0.0468271 0.0008042 0.0135577 0.0499227 0.0006317 0.0007468 0.0006891 0.0009198 0.0094765 0.0007467 0.0007467 0.0487229 0.0011504 0.0000000 0.0010927 0.0006890 0.0008041 0.0006891 0.0006315 0.0494872 0.0505361 0.0492764 0.0499939 0.0499227 1.9698092 0.0497257 0.0010342 0.0501284 0.0499000 0.0090925 0.0008046 0.0486174 0.0014296 0.0007470 0.0008044 0.0013224 0.0062544 0.0069537 0.7783230 
MW883601_Megalocytivirus_pagrus1_ISKNV                   0.0009824 0.0010402 0.0572132 0.0005742 0.0497854 0.0502623 0.0572132 0.0612234 0.0511371 0.0017265 0.0498397 0.0632416 0.0630879 0.0491123 0.0496077 0.0495397 1.9393330 0.0008622 0.0497183 0.0092210 1.9689105 0.0008621 0.0008621 1.9690012 0.0467594 0.0007469 0.0133774 0.0499433 0.0005744 0.0008047 0.0006317 0.0008625 0.0092848 0.0006894 0.0006894 0.0487429 0.0005167 0.0010927 0.0000000 0.0008621 0.0007468 0.0006318 0.0005742 0.0495075 0.0505570 0.0492972 0.0500145 0.0499433 1.9683676 0.0497462 0.0009769 0.0501491 0.0499210 0.0089010 0.0007473 0.0486374 0.0012995 0.0006897 0.0010930 0.0012651 0.0060653 0.0067641 0.7787922 
MW883602_Megalocytivirus_pagrus1_ISKNV                   0.0006926 0.0007503 0.0570406 0.0004016 0.0496213 0.0500137 0.0570406 0.0609711 0.0509716 0.0015525 0.0496748 0.0631481 0.0629946 0.0489486 0.0494435 0.0493755 1.9384139 0.0006892 0.0495543 0.0090243 1.9697573 0.0006890 0.0006890 1.9698480 0.0465193 0.0005741 0.0133114 0.0497789 0.0004017 0.0004016 0.0004590 0.0006894 0.0090880 0.0005166 0.0005166 0.0485796 0.0009197 0.0006890 0.0008621 0.0000000 0.0005740 0.0004591 0.0004016 0.0493436 0.0503921 0.0491288 0.0498500 0.0497789 1.9692143 0.0495821 0.0008038 0.0499845 0.0497531 0.0087046 0.0004593 0.0484735 0.0011688 0.0004018 0.0006891 0.0010916 0.0058729 0.0065708 0.7784638 
MW883603_Megalocytivirus_pagrus1_ISKNV                   0.0006925 0.0007503 0.0568822 0.0002867 0.0494697 0.0500082 0.0568822 0.0608930 0.0508189 0.0014368 0.0495225 0.0630697 0.0629162 0.0487972 0.0492918 0.0492238 1.9383154 0.0005740 0.0494027 0.0090232 1.9689306 0.0004590 0.0004590 1.9690213 0.0465142 0.0004590 0.0131861 0.0496271 0.0002868 0.0005166 0.0003441 0.0005742 0.0090869 0.0004016 0.0004016 0.0484287 0.0008044 0.0008041 0.0007468 0.0005740 0.0000000 0.0003441 0.0002867 0.0491920 0.0502398 0.0489731 0.0496981 0.0496271 1.9683878 0.0494305 0.0006886 0.0498325 0.0495980 0.0087035 0.0004592 0.0483218 0.0010383 0.0004018 0.0008043 0.0009763 0.0058722 0.0065700 0.7782749 
MW883606_Megalocytivirus_pagrus1_ISKNV                   0.0005770 0.0006347 0.0567364 0.0001712 0.0493293 0.0498545 0.0567364 0.0607447 0.0506776 0.0013215 0.0493813 0.0629216 0.0627682 0.0486569 0.0491512 0.0490833 1.9379368 0.0004591 0.0492623 0.0088946 1.9684582 0.0004590 0.0004590 1.9685489 0.0463652 0.0003442 0.0130640 0.0494865 0.0001713 0.0004017 0.0002284 0.0004593 0.0089583 0.0002868 0.0002868 0.0482886 0.0006893 0.0006891 0.0006318 0.0004591 0.0003441 0.0000000 0.0001712 0.0490516 0.0500988 0.0488288 0.0495575 0.0494865 1.9679155 0.0492901 0.0005737 0.0496918 0.0494543 0.0085751 0.0003443 0.0481812 0.0009083 0.0002869 0.0006892 0.0008612 0.0057457 0.0064431 0.7777865 
NC_003494_Megalocytivirus_pagrus1_ISKNV                  0.0005192 0.0005769 0.0566619 0.0000010 0.0492578 0.0497018 0.0566619 0.0606688 0.0506056 0.0012639 0.0493095 0.0628456 0.0626923 0.0485855 0.0490796 0.0490117 1.9375118 0.0004017 0.0491909 0.0088302 1.9677488 0.0004016 0.0004016 1.9678394 0.0462895 0.0002868 0.0130028 0.0494149 0.0001142 0.0003443 0.0001712 0.0004018 0.0088939 0.0002284 0.0002284 0.0482174 0.0006318 0.0006315 0.0005742 0.0004016 0.0002867 0.0001712 0.0000000 0.0489802 0.0500270 0.0487553 0.0494858 0.0494149 1.9672062 0.0492186 0.0005163 0.0496201 0.0493812 0.0085108 0.0002869 0.0481097 0.0008433 0.0002285 0.0006317 0.0008037 0.0056824 0.0063796 0.7778923 
OK042108_Megalocytivirus_pagrus1_RSIV                    0.0495337 0.0496011 0.0177670 0.0489802 0.0066860 0.0100018 0.0177670 0.0523685 0.0078859 0.0476015 0.0066616 0.0575503 0.0578026 0.0105116 0.0109866 0.0109278 1.9538885 0.0493422 0.0066280 0.0457215 1.9717139 0.0493364 0.0493364 1.9718044 0.0072750 0.0491961 0.0452525 0.0066680 0.0489945 0.0492775 0.0489076 0.0492209 0.0457935 0.0491275 0.0491275 0.0075153 0.0495735 0.0494872 0.0495075 0.0493436 0.0491920 0.0490516 0.0489802 0.0000000 0.0098498 0.0068769 0.0066106 0.0067283 1.9711723 0.0068043 0.0494603 0.0009106 0.0042778 0.0463874 0.0492144 0.0102736 0.0515900 0.0491420 0.0495589 0.0497479 0.0472753 0.0470939 0.7941364 
OK042109_Megalocytivirus_pagrus1_RSIV                    0.0505876 0.0506552 0.0233171 0.0500270 0.0039682 0.0067756 0.0233171 0.0506420 0.0046246 0.0485055 0.0037550 0.0563810 0.0567710 0.0160298 0.0165159 0.0164559 1.9582586 0.0503906 0.0039105 0.0463309 1.9749198 0.0503847 0.0503847 1.9750107 0.0036546 0.0502438 0.0462390 0.0157974 0.0500417 0.0503257 0.0499542 0.0502690 0.0464031 0.0501750 0.0501750 0.0051365 0.0506231 0.0505361 0.0505570 0.0503921 0.0502398 0.0500988 0.0500270 0.0098498 0.0000000 0.0154197 0.0157387 0.0157491 1.9743774 0.0035061 0.0505088 0.0095632 0.0089556 0.0469986 0.0502624 0.0156867 0.0523914 0.0501897 0.0506081 0.0506589 0.0481049 0.0478496 0.7944611 
OL774653_Megalocytivirus_pagrus1_RSIV                    0.0493233 0.0493926 0.0146994 0.0487553 0.0123668 0.0164224 0.0146994 0.0496456 0.0135248 0.0473385 0.0123060 0.0551567 0.0554155 0.0073780 0.0078634 0.0078034 1.9421182 0.0490575 0.0123060 0.0448283 1.9546685 0.0491214 0.0491214 1.9547604 0.0132499 0.0489027 0.0458327 0.0001165 0.0487701 0.0490531 0.0486808 0.0489949 0.0449023 0.0489067 0.0489067 0.0123102 0.0493651 0.0492764 0.0492972 0.0491288 0.0489731 0.0488288 0.0487553 0.0068769 0.0154197 0.0000000 0.0000582 0.0001165 1.9541145 0.0123695 0.0492488 0.0070010 0.0108188 0.0455127 0.0489960 0.0069930 0.0510592 0.0489216 0.0493501 0.0494751 0.0461010 0.0462050 0.7847440 
OL774654_Megalocytivirus_pagrus1_RSIV                    0.0500428 0.0501103 0.0141748 0.0494858 0.0128861 0.0168699 0.0141748 0.0513279 0.0140132 0.0481048 0.0127132 0.0570197 0.0572717 0.0070955 0.0075658 0.0075076 1.9570683 0.0498486 0.0128269 0.0462094 1.9731547 0.0498428 0.0498428 1.9732454 0.0137831 0.0497022 0.0470971 0.0001696 0.0495003 0.0497838 0.0494132 0.0497271 0.0462815 0.0496334 0.0496334 0.0132653 0.0500805 0.0499939 0.0500145 0.0498500 0.0496981 0.0495575 0.0494858 0.0066106 0.0157387 0.0000582 0.0000000 0.0002262 1.9726128 0.0128888 0.0499668 0.0067334 0.0104256 0.0468764 0.0497206 0.0070777 0.0518960 0.0496481 0.0500657 0.0502550 0.0477326 0.0475513 0.7944687 
OL774655_Megalocytivirus_pagrus1_RSIV                    0.0499713 0.0500388 0.0141790 0.0494149 0.0128346 0.0168147 0.0141790 0.0513925 0.0139620 0.0480342 0.0127219 0.0570847 0.0573367 0.0070976 0.0075681 0.0075098 1.9565688 0.0497775 0.0127755 0.0461343 1.9722349 0.0497717 0.0497717 1.9723256 0.0137280 0.0496312 0.0470269 0.0000565 0.0494294 0.0497127 0.0493422 0.0496561 0.0462064 0.0495624 0.0495624 0.0132139 0.0500093 0.0499227 0.0499433 0.0497789 0.0496271 0.0494865 0.0494149 0.0067283 0.0157491 0.0001165 0.0002262 0.0000000 1.9716932 0.0128373 0.0498957 0.0068514 0.0105485 0.0468012 0.0496496 0.0070168 0.0518150 0.0495770 0.0499946 0.0501838 0.0476521 0.0474758 0.7941781 
OM037668_Megalocytivirus_lates1_SDDV                     1.9783968 1.9786436 2.0005964 1.9672062 1.9716710 1.8802346 2.0005964 1.9989123 1.9799226 1.9662892 1.9707409 1.9829468 1.9797119 1.9738733 1.9747961 1.9747961 0.8470877 1.9681752 1.9719636 1.8902298 0.0002368 1.9683635 1.9683635 0.0002961 1.8926754 1.9674903 1.9728946 1.9716932 1.9676465 1.9682108 1.9674383 1.9688295 1.8901991 1.9681769 1.9681769 1.9743879 1.9682377 1.9698092 1.9683676 1.9692143 1.9683878 1.9679155 1.9672062 1.9711723 1.9743774 1.9541145 1.9726128 1.9716932 0.0000000 1.9723667 1.9673255 1.9719698 1.9503050 1.8907258 1.9678833 1.9730004 2.0257226 1.9677524 1.9683907 1.9684741 1.8896174 1.8886812 2.0626148 
ON075463_Megalocytivirus_pagrus1_RSIV                    0.0497734 0.0498407 0.0208041 0.0492186 0.0004542 0.0029663 0.0208041 0.0551944 0.0010847 0.0477025 0.0005137 0.0592044 0.0595971 0.0136548 0.0141348 0.0140755 1.9575504 0.0495807 0.0003974 0.0456963 1.9729082 0.0495749 0.0495749 1.9729988 0.0000010 0.0494346 0.0452464 0.0129470 0.0492330 0.0495160 0.0491461 0.0494594 0.0457682 0.0493659 0.0493659 0.0017100 0.0498121 0.0497257 0.0497462 0.0495821 0.0494305 0.0492901 0.0492186 0.0068043 0.0035061 0.0123695 0.0128888 0.0128373 1.9723667 0.0000000 0.0496988 0.0061715 0.0059857 0.0463616 0.0494529 0.0131242 0.0516251 0.0493805 0.0497974 0.0499864 0.0474549 0.0472098 0.7953796 
ON212400_Megalocytivirus_pagrus1_ISKNV                   0.0009237 0.0009815 0.0571588 0.0005163 0.0497379 0.0501475 0.0571588 0.0610964 0.0510884 0.0016672 0.0497920 0.0632172 0.0630636 0.0490654 0.0495603 0.0494923 1.9363196 0.0008039 0.0496709 0.0091494 1.9678681 0.0008037 0.0008037 1.9679587 0.0466499 0.0006888 0.0133660 0.0498957 0.0005164 0.0007464 0.0005737 0.0008042 0.0092131 0.0006313 0.0006313 0.0486963 0.0010345 0.0010342 0.0009769 0.0008038 0.0006886 0.0005737 0.0005163 0.0494603 0.0505088 0.0492488 0.0499668 0.0498957 1.9673255 0.0496988 0.0000000 0.0501013 0.0498723 0.0088297 0.0006891 0.0485907 0.0012333 0.0006315 0.0010344 0.0012064 0.0059972 0.0066952 0.7774069 
ON740976_Megalocytivirus_pagrus1_RSIV                    0.0501780 0.0502455 0.0182756 0.0496201 0.0061697 0.0093645 0.0182756 0.0527511 0.0072500 0.0482384 0.0061427 0.0576587 0.0579111 0.0112303 0.0117069 0.0116479 1.9539869 0.0499831 0.0061117 0.0460941 1.9725117 0.0499772 0.0499772 1.9726024 0.0066554 0.0498366 0.0456190 0.0067909 0.0496347 0.0499183 0.0495474 0.0498616 0.0461662 0.0497678 0.0497678 0.0071157 0.0502151 0.0501284 0.0501491 0.0499845 0.0498325 0.0496918 0.0496201 0.0009106 0.0095632 0.0070010 0.0067334 0.0068514 1.9719698 0.0061715 0.0501013 0.0000000 0.0042788 0.0467610 0.0498551 0.0108769 0.0521537 0.0497825 0.0502003 0.0503896 0.0476598 0.0474685 0.7933764 
ON743042_Megalocytivirus_pagrus1_RSIV                    0.0498751 0.0499440 0.0151751 0.0493812 0.0057477 0.0089573 0.0151751 0.0544497 0.0070826 0.0479710 0.0057181 0.0583160 0.0585741 0.0080215 0.0085017 0.0084421 1.9291455 0.0497517 0.0056887 0.0457044 1.9508540 0.0497457 0.0497457 1.9509449 0.0063363 0.0496021 0.0450883 0.0104848 0.0493960 0.0496854 0.0493070 0.0495535 0.0457780 0.0494584 0.0494584 0.0064102 0.0499884 0.0499000 0.0499210 0.0497531 0.0495980 0.0494543 0.0493812 0.0042778 0.0089556 0.0108188 0.0104256 0.0105485 1.9503050 0.0059857 0.0498723 0.0042788 0.0000000 0.0462388 0.0494490 0.0079398 0.0518676 0.0493750 0.0499733 0.0500952 0.0471532 0.0468519 0.7915769 
OP009387_Megalocytivirus_pagrus1_ISKNV                   0.0088819 0.0089459 0.0545838 0.0085108 0.0464252 0.0497910 0.0545838 0.0559477 0.0478960 0.0097935 0.0463166 0.0589235 0.0583914 0.0458654 0.0463176 0.0463176 1.9404865 0.0087684 0.0463540 0.0008007 1.8912798 0.0088334 0.0088334 1.8913688 0.0463616 0.0087049 0.0062662 0.0468012 0.0085135 0.0086417 0.0085105 0.0087733 0.0008623 0.0086412 0.0086412 0.0455390 0.0089657 0.0090925 0.0089010 0.0087046 0.0087035 0.0085751 0.0085108 0.0463874 0.0469986 0.0455127 0.0468764 0.0468012 1.8907258 0.0463616 0.0088297 0.0467610 0.0462388 0.0000000 0.0085792 0.0451529 0.0090723 0.0085144 0.0089644 0.0091516 0.0032326 0.0026707 0.7269991 
OP896201_Megalocytivirus_pagrus1_ISKNV                   0.0004616 0.0005193 0.0569068 0.0002869 0.0494921 0.0498724 0.0569068 0.0609187 0.0508417 0.0014377 0.0495450 0.0630956 0.0629421 0.0488195 0.0493142 0.0492462 1.9378427 0.0005744 0.0494251 0.0088988 1.9684260 0.0005743 0.0005743 1.9685166 0.0463820 0.0004593 0.0131939 0.0496496 0.0002870 0.0004019 0.0003443 0.0005746 0.0089626 0.0004019 0.0004019 0.0484508 0.0008049 0.0008046 0.0007473 0.0004593 0.0004592 0.0003443 0.0002869 0.0492144 0.0502624 0.0489960 0.0497206 0.0496496 1.9678833 0.0494529 0.0006891 0.0498551 0.0494490 0.0085792 0.0000000 0.0483441 0.0010391 0.0000571 0.0005743 0.0009769 0.0057485 0.0063142 0.7784573 
OQ475017_Megalocytivirus_pagrus1_RSIV                    0.0486601 0.0487277 0.0113391 0.0481097 0.0132406 0.0169231 0.0113391 0.0527596 0.0142552 0.0470031 0.0130695 0.0577969 0.0579071 0.0043873 0.0048549 0.0047968 1.9568818 0.0484722 0.0131812 0.0444866 1.9735445 0.0484664 0.0484664 1.9736356 0.0138245 0.0483259 0.0460061 0.0070188 0.0481239 0.0484072 0.0480371 0.0483505 0.0445587 0.0482572 0.0482572 0.0132624 0.0487037 0.0486174 0.0486374 0.0484735 0.0483218 0.0481812 0.0481097 0.0102736 0.0156867 0.0069930 0.0070777 0.0070168 1.9730004 0.0131242 0.0485907 0.0108769 0.0079398 0.0451529 0.0483441 0.0000000 0.0500995 0.0482715 0.0486892 0.0488787 0.0461614 0.0459790 0.7943709 
OQ513807_Megalocytivirus_pagrus1_ISKNV                   0.0012409 0.0012409 0.0603127 0.0008433 0.0516692 0.0523454 0.0603127 0.0635896 0.0517018 0.0017544 0.0517414 0.0658860 0.0657098 0.0510513 0.0516151 0.0515377 1.9816770 0.0011689 0.0515930 0.0093639 2.0266700 0.0011687 0.0011687 2.0267781 0.0482804 0.0010385 0.0149030 0.0518150 0.0008436 0.0011039 0.0009083 0.0011040 0.0094367 0.0009736 0.0009736 0.0506309 0.0012992 0.0014296 0.0012995 0.0011688 0.0010383 0.0009083 0.0008433 0.0515900 0.0523914 0.0510592 0.0518960 0.0518150 2.0257226 0.0516251 0.0012333 0.0521537 0.0518676 0.0090723 0.0010391 0.0500995 0.0000000 0.0009739 0.0014299 0.0000010 0.0065703 0.0073695 0.8050961 
OR356116_Megalocytivirus_pagrus1_ISKNV                   0.0004038 0.0004615 0.0568315 0.0002285 0.0494197 0.0497932 0.0568315 0.0608419 0.0507688 0.0013799 0.0494722 0.0630189 0.0628655 0.0487471 0.0492416 0.0491737 1.9378471 0.0005169 0.0493527 0.0088340 1.9682951 0.0005168 0.0005168 1.9683857 0.0463053 0.0004018 0.0131321 0.0495770 0.0002286 0.0003444 0.0002869 0.0005170 0.0088977 0.0003444 0.0003444 0.0483786 0.0007473 0.0007470 0.0006897 0.0004018 0.0004018 0.0002869 0.0002285 0.0491420 0.0501897 0.0489216 0.0496481 0.0495770 1.9677524 0.0493805 0.0006315 0.0497825 0.0493750 0.0085144 0.0000571 0.0482715 0.0009739 0.0000000 0.0005168 0.0009192 0.0056848 0.0062504 0.7782407 
