63
23043610003_Megalocytivirus_pagrus1_ISKNV                0.0000000 0.0000564 0.0585547 0.0005112 0.0512860 0.0518362 0.0585547 0.0623934 0.0526305 0.0016506 0.0513474 0.0655627 0.0654082 0.0505678 0.0510649 0.0509974 1.9494267 0.0008530 0.0512195 0.0094276 1.9897085 0.0007958 0.0007958 1.9898001 0.0483300 0.0006819 0.0153529 0.0513225 0.0005113 0.0006251 0.0005680 0.0003406 0.0094907 0.0006251 0.0006251 0.0501113 0.0009098 0.0010239 0.0009672 0.0006819 0.0006818 0.0006249 0.0005112 0.0508905 0.0520534 0.0507216 0.0513931 0.0513225 1.9891557 0.0512479 0.0009094 0.0515279 0.0513772 0.0091112 0.0004545 0.0500319 0.0012192 0.0003976 0.0007959 0.0011944 0.0059304 0.0066204 0.8015433 
23043610005_Megalocytivirus_pagrus1_ISKNV                0.0000564 0.0000000 0.0586233 0.0005680 0.0513525 0.0519088 0.0586233 0.0624627 0.0526974 0.0017077 0.0514142 0.0656324 0.0654779 0.0506343 0.0511315 0.0510640 1.9496882 0.0009099 0.0512860 0.0094906 1.9899574 0.0008527 0.0008527 1.9900491 0.0484007 0.0007388 0.0154129 0.0513891 0.0005682 0.0006819 0.0006249 0.0003973 0.0095537 0.0006819 0.0006819 0.0501777 0.0009667 0.0010808 0.0010241 0.0007387 0.0007387 0.0006818 0.0005680 0.0509570 0.0521201 0.0507899 0.0514597 0.0513891 1.9894047 0.0513144 0.0009663 0.0515945 0.0514451 0.0091742 0.0005113 0.0500986 0.0012192 0.0004544 0.0008528 0.0012514 0.0059926 0.0066827 0.8016900 
AB104413_Megalocytivirus_pagrus1_RSIV                    0.0585547 0.0586233 0.0000000 0.0579453 0.0208966 0.0241046 0.0000010 0.0645383 0.0220822 0.0568156 0.0207597 0.0694886 0.0696868 0.0067429 0.0072192 0.0071604 1.9951447 0.0583926 0.0208359 0.0555627 2.0120025 0.0583108 0.0583108 2.0120954 0.0207695 0.0581670 0.0541000 0.0138813 0.0579621 0.0582520 0.0578707 0.0581951 0.0556365 0.0580967 0.0580967 0.0206825 0.0585567 0.0584661 0.0584904 0.0583195 0.0581628 0.0580885 0.0579453 0.0174733 0.0233747 0.0144504 0.0139420 0.0139460 2.0114479 0.0209008 0.0584357 0.0179732 0.0153623 0.0562463 0.0581877 0.0111529 0.0617212 0.0581133 0.0585396 0.0585835 0.0569363 0.0567577 0.8289835 
AF371960_Megalocytivirus_pagrus1_ISKNV                   0.0005112 0.0005680 0.0579453 0.0000000 0.0507302 0.0513110 0.0579453 0.0618319 0.0520653 0.0012445 0.0507886 0.0646949 0.0645419 0.0500157 0.0505094 0.0504424 1.9479620 0.0004521 0.0506642 0.0090592 1.9784491 0.0003954 0.0003954 1.9785394 0.0479085 0.0002824 0.0148464 0.0507659 0.0001124 0.0003390 0.0001686 0.0003956 0.0091218 0.0002249 0.0002249 0.0495627 0.0006221 0.0006219 0.0005654 0.0003955 0.0002823 0.0002248 0.0000010 0.0503367 0.0514921 0.0501533 0.0508360 0.0507659 1.9779011 0.0506922 0.0005084 0.0509699 0.0508816 0.0087448 0.0002825 0.0494811 0.0008287 0.0002250 0.0006220 0.0007913 0.0055869 0.0062721 0.7987119 
AP017456_Megalocytivirus_pagrus1_RSIV                    0.0512860 0.0513525 0.0208966 0.0507302 0.0000000 0.0026040 0.0208966 0.0564760 0.0015187 0.0492327 0.0001678 0.0613002 0.0616881 0.0139141 0.0143892 0.0143308 1.9673249 0.0511609 0.0000556 0.0476273 1.9829232 0.0510825 0.0510825 1.9830135 0.0004211 0.0509438 0.0444869 0.0131577 0.0507449 0.0510246 0.0506585 0.0509690 0.0476984 0.0508760 0.0508760 0.0017964 0.0513175 0.0512318 0.0512524 0.0510898 0.0509397 0.0508682 0.0507302 0.0069885 0.0039067 0.0125955 0.0131004 0.0130498 1.9823764 0.0004473 0.0512044 0.0064797 0.0056569 0.0482851 0.0509624 0.0134509 0.0533063 0.0508908 0.0513026 0.0514888 0.0491201 0.0488797 0.8156869 
AY894343_Megalocytivirus_pagrus1_RSIV                    0.0518362 0.0519088 0.0241046 0.0513110 0.0026040 0.0000000 0.0241046 0.0552446 0.0039950 0.0497473 0.0024936 0.0607279 0.0604537 0.0162836 0.0167463 0.0167463 1.9493564 0.0517680 0.0025418 0.0510460 1.8909702 0.0516872 0.0516872 1.8910591 0.0029157 0.0516180 0.0433462 0.0171043 0.0514006 0.0515492 0.0513836 0.0515684 0.0511192 0.0515439 0.0515439 0.0044232 0.0519391 0.0518575 0.0518649 0.0516191 0.0516135 0.0515353 0.0513110 0.0102831 0.0066582 0.0166068 0.0170407 0.0169865 1.8904066 0.0029157 0.0517506 0.0096561 0.0087984 0.0516503 0.0514799 0.0170938 0.0541529 0.0514016 0.0518517 0.0520606 0.0525630 0.0522119 0.7645179 
BD143114_Megalocytivirus_pagrus1_RSIV                    0.0585547 0.0586233 0.0000010 0.0579453 0.0208966 0.0241046 0.0000000 0.0645383 0.0220822 0.0568156 0.0207597 0.0694886 0.0696868 0.0067429 0.0072192 0.0071604 1.9951447 0.0583926 0.0208359 0.0555627 2.0120025 0.0583108 0.0583108 2.0120954 0.0207695 0.0581670 0.0541000 0.0138813 0.0579621 0.0582520 0.0578707 0.0581951 0.0556365 0.0580967 0.0580967 0.0206825 0.0585567 0.0584661 0.0584904 0.0583195 0.0581628 0.0580885 0.0579453 0.0174733 0.0233747 0.0144504 0.0139420 0.0139460 2.0114479 0.0209008 0.0584357 0.0179732 0.0153623 0.0562463 0.0581877 0.0111529 0.0617212 0.0581133 0.0585396 0.0585835 0.0569363 0.0567577 0.8289835 
GQ273492_Megalocytivirus_pagrus1_TRBIV                   0.0623934 0.0624627 0.0645383 0.0618319 0.0564760 0.0552446 0.0645383 0.0000000 0.0578997 0.0615351 0.0564981 0.0314717 0.0313733 0.0561018 0.0564665 0.0563977 1.9690639 0.0622017 0.0564082 0.0569535 2.0103882 0.0622037 0.0622037 2.0105488 0.0520548 0.0620575 0.0619239 0.0525883 0.0618498 0.0618208 0.0617559 0.0619862 0.0570274 0.0619859 0.0619859 0.0556199 0.0624501 0.0622791 0.0623799 0.0621304 0.0620532 0.0619776 0.0618319 0.0535492 0.0519254 0.0509019 0.0525247 0.0525883 2.0098313 0.0564194 0.0622536 0.0539273 0.0557117 0.0576386 0.0620791 0.0539436 0.0648753 0.0620034 0.0625132 0.0624426 0.0576930 0.0577860 0.8066307 
KC244182_Megalocytivirus_pagrus1_RSIV                    0.0526305 0.0526974 0.0220822 0.0520653 0.0015187 0.0039950 0.0220822 0.0578997 0.0000000 0.0505592 0.0014699 0.0627405 0.0631299 0.0150298 0.0155083 0.0154495 1.9746898 0.0524987 0.0014624 0.0490808 1.9912302 0.0524197 0.0524197 1.9913212 0.0011495 0.0522802 0.0457849 0.0142690 0.0520804 0.0523617 0.0519931 0.0523060 0.0491523 0.0522121 0.0522121 0.0028806 0.0526566 0.0525700 0.0525914 0.0524273 0.0522761 0.0522041 0.0520653 0.0081723 0.0045523 0.0137365 0.0142114 0.0141610 1.9906816 0.0010680 0.0525421 0.0075457 0.0069695 0.0497428 0.0522992 0.0144509 0.0533392 0.0522271 0.0526414 0.0528284 0.0505166 0.0502759 0.8194469 
KT781098_Megalocytivirus_pagrus1_ISKNV                   0.0016506 0.0017077 0.0568156 0.0012445 0.0492327 0.0497473 0.0568156 0.0615351 0.0505592 0.0000000 0.0492836 0.0644576 0.0643048 0.0489251 0.0494169 0.0493501 1.9474263 0.0015857 0.0491669 0.0103225 1.9775229 0.0015285 0.0015285 1.9776131 0.0463193 0.0014149 0.0160525 0.0494024 0.0012448 0.0014720 0.0013012 0.0015292 0.0103854 0.0013583 0.0013583 0.0480695 0.0017568 0.0017562 0.0016999 0.0015286 0.0014147 0.0013579 0.0012445 0.0489752 0.0499892 0.0487545 0.0494722 0.0494024 1.9769750 0.0491945 0.0016416 0.0496055 0.0494890 0.0100069 0.0014156 0.0483883 0.0017239 0.0013587 0.0017566 0.0019259 0.0068300 0.0075187 0.7993839 
KT804738_Megalocytivirus_pagrus1_RSIV                    0.0513474 0.0514142 0.0207597 0.0507886 0.0001678 0.0024936 0.0207597 0.0564981 0.0014699 0.0492836 0.0000000 0.0612272 0.0616168 0.0137486 0.0142258 0.0141671 1.9629279 0.0512214 0.0001118 0.0475266 1.9815901 0.0511426 0.0511426 1.9816808 0.0004233 0.0510032 0.0447847 0.0129888 0.0508033 0.0510844 0.0507165 0.0510286 0.0475980 0.0509351 0.0509351 0.0018621 0.0513788 0.0512926 0.0513134 0.0511499 0.0509991 0.0509272 0.0507886 0.0069659 0.0036966 0.0125368 0.0129312 0.0129398 1.9814367 0.0005058 0.0512651 0.0064546 0.0056273 0.0481876 0.0510219 0.0132834 0.0533867 0.0509499 0.0513638 0.0515509 0.0491124 0.0488609 0.8139609 
MG570131_Megalocytivirus_pagrus1_TRBIV                   0.0655627 0.0656324 0.0694886 0.0646949 0.0613002 0.0607279 0.0694886 0.0314717 0.0627405 0.0644576 0.0612272 0.0000000 0.0016416 0.0609485 0.0613096 0.0612402 1.9577432 0.0649429 0.0612321 0.0604793 1.9943252 0.0650673 0.0650673 1.9944165 0.0570964 0.0649209 0.0653885 0.0589209 0.0647135 0.0648441 0.0646566 0.0650099 0.0605537 0.0648492 0.0648492 0.0604512 0.0651536 0.0650751 0.0650875 0.0649945 0.0649167 0.0648409 0.0646949 0.0593805 0.0584485 0.0570718 0.0588569 0.0589209 1.9937754 0.0612439 0.0650626 0.0594887 0.0604093 0.0611690 0.0649430 0.0596343 0.0679525 0.0648671 0.0653775 0.0653067 0.0616424 0.0616626 0.8066279 
MG570132_Megalocytivirus_pagrus1_TRBIV                   0.0654082 0.0654779 0.0696868 0.0645419 0.0616881 0.0604537 0.0696868 0.0313733 0.0631299 0.0643048 0.0616168 0.0016416 0.0000000 0.0611430 0.0615042 0.0614348 1.9538854 0.0647896 0.0616199 0.0599531 1.9910726 0.0649139 0.0649139 1.9911637 0.0568310 0.0647676 0.0653004 0.0591695 0.0645604 0.0646909 0.0645035 0.0648565 0.0600274 0.0646960 0.0646960 0.0608386 0.0650002 0.0649217 0.0649340 0.0648412 0.0647635 0.0646877 0.0645419 0.0596293 0.0588337 0.0573270 0.0591055 0.0591695 1.9905234 0.0616317 0.0649092 0.0597377 0.0606639 0.0606414 0.0647898 0.0597430 0.0677767 0.0647139 0.0652239 0.0651531 0.0611142 0.0611342 0.8055006 
MK098185_Megalocytivirus_pagrus1_RSIV                    0.0505678 0.0506343 0.0067429 0.0500157 0.0139141 0.0162836 0.0067429 0.0561018 0.0150298 0.0489251 0.0137486 0.0609485 0.0611430 0.0000000 0.0005599 0.0005039 1.9679248 0.0504459 0.0138558 0.0470203 1.9851494 0.0503676 0.0503676 1.9852399 0.0132734 0.0502290 0.0461769 0.0069852 0.0500302 0.0503096 0.0499440 0.0502540 0.0470913 0.0501613 0.0501613 0.0137002 0.0506023 0.0505167 0.0505371 0.0503748 0.0502249 0.0501535 0.0500157 0.0104048 0.0162581 0.0073192 0.0070429 0.0070449 1.9846021 0.0139170 0.0504896 0.0111119 0.0083704 0.0476778 0.0502475 0.0043767 0.0526404 0.0501759 0.0505876 0.0506312 0.0483534 0.0481755 0.8151019 
MK098186_Megalocytivirus_pagrus1_RSIV                    0.0510649 0.0511315 0.0072192 0.0505094 0.0143892 0.0167463 0.0072192 0.0564665 0.0155083 0.0494169 0.0142258 0.0613096 0.0615042 0.0005599 0.0000000 0.0000557 1.9683898 0.0509406 0.0143308 0.0474721 1.9860799 0.0508621 0.0508621 1.9861705 0.0137203 0.0507232 0.0467329 0.0074490 0.0505241 0.0508041 0.0504376 0.0507484 0.0475432 0.0506554 0.0506554 0.0141756 0.0510974 0.0510115 0.0510322 0.0508693 0.0507191 0.0506476 0.0505094 0.0108738 0.0167394 0.0077978 0.0075068 0.0075089 1.9855325 0.0143922 0.0509842 0.0115824 0.0088451 0.0481308 0.0507418 0.0048376 0.0532032 0.0506701 0.0510825 0.0511261 0.0488069 0.0486290 0.8155100 
MK098187_Megalocytivirus_pagrus1_RSIV                    0.0509974 0.0510640 0.0071604 0.0504424 0.0143308 0.0167463 0.0071604 0.0563977 0.0154495 0.0493501 0.0141671 0.0612402 0.0614348 0.0005039 0.0000557 0.0000000 1.9683898 0.0508734 0.0142724 0.0474721 1.9860799 0.0507950 0.0507950 1.9861705 0.0137203 0.0506562 0.0466668 0.0073917 0.0504570 0.0507370 0.0503706 0.0506813 0.0475432 0.0505883 0.0505883 0.0141171 0.0510302 0.0509444 0.0509650 0.0508022 0.0506521 0.0505805 0.0504424 0.0108159 0.0166803 0.0077387 0.0074495 0.0074516 1.9855325 0.0143337 0.0509171 0.0115244 0.0087864 0.0481308 0.0506747 0.0047804 0.0531269 0.0506030 0.0510153 0.0510589 0.0488069 0.0486290 0.8154295 
MK637631_European_chub_iridovirus_ECIV                   1.9494267 1.9496882 1.9951447 1.9479620 1.9673249 1.9493564 1.9951447 1.9690639 1.9746898 1.9474263 1.9629279 1.9577432 1.9538854 1.9679248 1.9683898 1.9683898 0.0000000 1.9480817 1.9676390 1.9501464 0.8507500 1.9475539 1.9475539 0.8507756 1.9681086 1.9473575 1.9549069 1.9675090 1.9479187 1.9470925 1.9476193 1.9485623 1.9497589 1.9484909 1.9484909 1.9691350 1.9494432 1.9489947 1.9497842 1.9488666 1.9487707 1.9483890 1.9479620 1.9644083 1.9688089 1.9525703 1.9676056 1.9671001 0.8503469 1.9681086 1.9467611 1.9645132 1.9395320 1.9509580 1.9482939 1.9674342 1.9924195 1.9482980 1.9483652 1.9483977 1.9523983 1.9507572 2.0580539 
MK689685_Megalocytivirus_pagrus1_ISKNV                   0.0008530 0.0009099 0.0583926 0.0004521 0.0511609 0.0517680 0.0583926 0.0622017 0.0524987 0.0015857 0.0512214 0.0649429 0.0647896 0.0504459 0.0509406 0.0508734 1.9480817 0.0000000 0.0510947 0.0093770 1.9794229 0.0007352 0.0007352 1.9795133 0.0482805 0.0006220 0.0152155 0.0511971 0.0004522 0.0006787 0.0005087 0.0007356 0.0094398 0.0005654 0.0005654 0.0499917 0.0009625 0.0009622 0.0009057 0.0007353 0.0006219 0.0005652 0.0004521 0.0507672 0.0519245 0.0505265 0.0512673 0.0511971 1.9788747 0.0511229 0.0008483 0.0514014 0.0513220 0.0090623 0.0006223 0.0499121 0.0012127 0.0005656 0.0009623 0.0011318 0.0058987 0.0065850 0.7986980 
MK689686_Megalocytivirus_pagrus1_RSIV                    0.0512195 0.0512860 0.0208359 0.0506642 0.0000556 0.0025418 0.0208359 0.0564082 0.0014624 0.0491669 0.0001118 0.0612321 0.0616199 0.0138558 0.0143308 0.0142724 1.9676390 0.0510947 0.0000000 0.0475572 1.9832185 0.0510163 0.0510163 1.9833088 0.0003609 0.0508777 0.0444221 0.0130995 0.0506788 0.0509584 0.0505924 0.0509029 0.0476282 0.0508099 0.0508099 0.0017402 0.0512513 0.0511656 0.0511862 0.0510236 0.0508736 0.0508021 0.0506642 0.0069312 0.0038499 0.0125356 0.0130422 0.0129915 1.9826716 0.0003914 0.0511382 0.0064224 0.0055988 0.0482148 0.0508962 0.0133923 0.0532311 0.0508246 0.0512364 0.0514226 0.0490498 0.0488094 0.8156174 
MN432490_Megalocytivirus_pagrus1_ISKNV                   0.0094276 0.0094906 0.0555627 0.0090592 0.0476273 0.0510460 0.0555627 0.0569535 0.0490808 0.0103225 0.0475266 0.0604793 0.0599531 0.0470203 0.0474721 0.0474721 1.9501464 0.0093770 0.0475572 0.0000000 1.9010502 0.0093770 0.0093770 1.9011389 0.0475649 0.0092505 0.0089292 0.0478714 0.0090620 0.0091883 0.0090588 0.0093180 0.0000601 0.0091877 0.0091877 0.0466049 0.0095076 0.0096323 0.0094438 0.0092501 0.0092490 0.0091854 0.0090592 0.0474623 0.0481945 0.0466349 0.0479457 0.0478714 1.9004908 0.0475649 0.0093732 0.0478317 0.0476131 0.0007875 0.0091267 0.0462487 0.0096152 0.0090629 0.0095062 0.0096904 0.0039789 0.0034250 0.7480587 
MN562489_Megalocytivirus_lates1_SDDV                     1.9897085 1.9899574 2.0120025 1.9784491 1.9829232 1.8909702 2.0120025 2.0103882 1.9912302 1.9775229 1.9815901 1.9943252 1.9910726 1.9851494 1.9860799 1.9860799 0.8507500 1.9794229 1.9832185 1.9010502 0.0000000 1.9796142 1.9796142 0.0000588 1.9034876 1.9787354 1.9841718 1.9829409 1.9788897 1.9794619 1.9786822 1.9800826 1.9010188 1.9794261 1.9794261 1.9856593 1.9794867 1.9810713 1.9796092 1.9804687 1.9796393 1.9791626 1.9784491 1.9824235 1.9856447 1.9652633 1.9838694 1.9829409 0.0002368 1.9836241 1.9785697 1.9832255 1.9614589 1.9015498 1.9791310 1.9842682 2.0377236 1.9789989 1.9796407 1.9797242 1.9004436 1.8994972 2.0743349 
MT128666_Megalocytivirus_pagrus1_ISKNV                   0.0007958 0.0008527 0.0583108 0.0003954 0.0510825 0.0516872 0.0583108 0.0622037 0.0524197 0.0015285 0.0511426 0.0650673 0.0649139 0.0503676 0.0508621 0.0507950 1.9475539 0.0007352 0.0510163 0.0093770 1.9796142 0.0000000 0.0000010 1.9797046 0.0482819 0.0005652 0.0151513 0.0511185 0.0003955 0.0006219 0.0004520 0.0006788 0.0094398 0.0005087 0.0005087 0.0499137 0.0009055 0.0009052 0.0008488 0.0006785 0.0004520 0.0005085 0.0003954 0.0506888 0.0518457 0.0505151 0.0511888 0.0511185 1.9790660 0.0510445 0.0007914 0.0513229 0.0512418 0.0090623 0.0005655 0.0498337 0.0011484 0.0005088 0.0009054 0.0010748 0.0058987 0.0065850 0.7993019 
MT128667_Megalocytivirus_pagrus1_ISKNV                   0.0007958 0.0008527 0.0583108 0.0003954 0.0510825 0.0516872 0.0583108 0.0622037 0.0524197 0.0015285 0.0511426 0.0650673 0.0649139 0.0503676 0.0508621 0.0507950 1.9475539 0.0007352 0.0510163 0.0093770 1.9796142 0.0000010 0.0000000 1.9797046 0.0482819 0.0005652 0.0151513 0.0511185 0.0003955 0.0006219 0.0004520 0.0006788 0.0094398 0.0005087 0.0005087 0.0499137 0.0009055 0.0009052 0.0008488 0.0006785 0.0004520 0.0005085 0.0003954 0.0506888 0.0518457 0.0505151 0.0511888 0.0511185 1.9790660 0.0510445 0.0007914 0.0513229 0.0512418 0.0090623 0.0005655 0.0498337 0.0011484 0.0005088 0.0009054 0.0010748 0.0058987 0.0065850 0.7993019 
MT521409_Megalocytivirus_lates1_SDDV                     1.9898001 1.9900491 2.0120954 1.9785394 1.9830135 1.8910591 2.0120954 2.0105488 1.9913212 1.9776131 1.9816808 1.9944165 1.9911637 1.9852399 1.9861705 1.9861705 0.8507756 1.9795133 1.9833088 1.9011389 0.0000588 1.9797046 1.9797046 0.0000000 1.9035762 1.9788257 1.9842625 1.9830312 1.9789801 1.9795523 1.9787725 1.9801730 1.9011075 1.9795165 1.9795165 1.9857499 1.9795771 1.9811618 1.9796996 1.9805592 1.9797297 1.9792529 1.9785394 1.9825138 1.9857353 1.9653549 1.9839598 1.9830312 0.0002961 1.9837145 1.9786600 1.9833160 1.9615495 1.9016385 1.9792214 1.9843591 2.0378314 1.9790893 1.9797311 1.9798146 1.9005322 1.8995857 2.0743949 
MT798582_Megalocytivirus_pagrus1_RSIV                    0.0483300 0.0484007 0.0207695 0.0479085 0.0004211 0.0029157 0.0207695 0.0520548 0.0011495 0.0463193 0.0004233 0.0570964 0.0568310 0.0132734 0.0137203 0.0137203 1.9681086 0.0482805 0.0003609 0.0475649 1.9034876 0.0482819 0.0482819 1.9035762 0.0000000 0.0481349 0.0402202 0.0140619 0.0479234 0.0480677 0.0479077 0.0480858 0.0476359 0.0480630 0.0480630 0.0018126 0.0484456 0.0484400 0.0483733 0.0481357 0.0481305 0.0480548 0.0479085 0.0075918 0.0035937 0.0134828 0.0140001 0.0139460 1.9029291 0.0000010 0.0482642 0.0069819 0.0062283 0.0482226 0.0480004 0.0140418 0.0501041 0.0479245 0.0483614 0.0485645 0.0490576 0.0488172 0.7579945 
MT926123_Megalocytivirus_pagrus1_ISKNV                   0.0006819 0.0007388 0.0581670 0.0002824 0.0509438 0.0516180 0.0581670 0.0620575 0.0522802 0.0014149 0.0510032 0.0649209 0.0647676 0.0502290 0.0507232 0.0506562 1.9473575 0.0006220 0.0508777 0.0092505 1.9787354 0.0005652 0.0005652 1.9788257 0.0481349 0.0000000 0.0150302 0.0509797 0.0002825 0.0005087 0.0003389 0.0005655 0.0093132 0.0003955 0.0003955 0.0497755 0.0007921 0.0007919 0.0007355 0.0005652 0.0004520 0.0003954 0.0002824 0.0505502 0.0517065 0.0502990 0.0510499 0.0509797 1.9781873 0.0509058 0.0006782 0.0511839 0.0511000 0.0089359 0.0004523 0.0496949 0.0010205 0.0003957 0.0007920 0.0009614 0.0057743 0.0064602 0.7986822 
MT986830_Megalocytivirus_pagrus1_ISKNV                   0.0153529 0.0154129 0.0541000 0.0148464 0.0444869 0.0433462 0.0541000 0.0619239 0.0457849 0.0160525 0.0447847 0.0653885 0.0653004 0.0461769 0.0467329 0.0466668 1.9549069 0.0152155 0.0444221 0.0089292 1.9841718 0.0151513 0.0151513 1.9842625 0.0402202 0.0150302 0.0000000 0.0466853 0.0148508 0.0150943 0.0149072 0.0151584 0.0089918 0.0149712 0.0149712 0.0440194 0.0153435 0.0153972 0.0152188 0.0151528 0.0150282 0.0149670 0.0148464 0.0449423 0.0454198 0.0455042 0.0467543 0.0466853 1.9836229 0.0444482 0.0152062 0.0453030 0.0442723 0.0084903 0.0150368 0.0456794 0.0169678 0.0149754 0.0153998 0.0155117 0.0078995 0.0072134 0.8029969 
MW139932_Megalocytivirus_pagrus1_RSIV                    0.0513225 0.0513891 0.0138813 0.0507659 0.0131577 0.0171043 0.0138813 0.0525883 0.0142690 0.0494024 0.0129888 0.0589209 0.0591695 0.0069852 0.0074490 0.0073917 1.9675090 0.0511971 0.0130995 0.0478714 1.9829409 0.0511185 0.0511185 1.9830312 0.0140619 0.0509797 0.0466853 0.0000000 0.0507806 0.0510606 0.0506941 0.0510050 0.0479426 0.0509119 0.0509119 0.0134120 0.0513539 0.0512680 0.0512888 0.0511259 0.0509756 0.0509040 0.0507659 0.0065650 0.0159694 0.0001147 0.0001670 0.0000557 1.9823938 0.0131605 0.0512406 0.0066859 0.0107390 0.0485304 0.0509983 0.0069092 0.0533165 0.0509266 0.0513390 0.0515254 0.0491299 0.0489522 0.8146817 
MW273353_Megalocytivirus_pagrus1_ISKNV                   0.0005113 0.0005682 0.0579621 0.0001124 0.0507449 0.0514006 0.0579621 0.0618498 0.0520804 0.0012448 0.0508033 0.0647135 0.0645604 0.0500302 0.0505241 0.0504570 1.9479187 0.0004522 0.0506788 0.0090620 1.9788897 0.0003955 0.0003955 1.9789801 0.0479234 0.0002825 0.0148508 0.0507806 0.0000000 0.0003391 0.0001687 0.0003957 0.0091247 0.0002250 0.0002250 0.0495770 0.0006222 0.0006220 0.0005656 0.0003956 0.0002824 0.0002249 0.0001124 0.0503513 0.0515070 0.0501683 0.0508507 0.0507806 1.9783415 0.0507069 0.0005085 0.0509847 0.0508966 0.0087476 0.0002826 0.0494955 0.0008290 0.0002251 0.0006222 0.0007916 0.0055886 0.0062741 0.7984678 
MW273354_Megalocytivirus_pagrus1_ISKNV                   0.0006251 0.0006819 0.0582520 0.0003390 0.0510246 0.0515492 0.0582520 0.0618208 0.0523617 0.0014720 0.0510844 0.0648441 0.0646909 0.0503096 0.0508041 0.0507370 1.9470925 0.0006787 0.0509584 0.0091883 1.9794619 0.0006219 0.0006219 1.9795523 0.0480677 0.0005087 0.0150943 0.0510606 0.0003391 0.0000000 0.0003955 0.0006222 0.0092510 0.0004522 0.0004522 0.0498558 0.0008490 0.0007353 0.0007923 0.0003955 0.0005087 0.0004521 0.0003390 0.0506309 0.0517877 0.0504477 0.0511308 0.0510606 1.9789136 0.0509866 0.0007350 0.0512649 0.0511826 0.0088737 0.0003957 0.0497756 0.0010848 0.0003391 0.0007354 0.0010183 0.0057128 0.0063986 0.7989814 
MW883593_Megalocytivirus_pagrus1_ISKNV                   0.0005680 0.0006249 0.0578707 0.0001686 0.0506585 0.0513836 0.0578707 0.0617559 0.0519931 0.0013012 0.0507165 0.0646566 0.0645035 0.0499440 0.0504376 0.0503706 1.9476193 0.0005087 0.0505924 0.0090588 1.9786822 0.0004520 0.0004520 1.9787725 0.0479077 0.0003389 0.0149072 0.0506941 0.0001687 0.0003955 0.0000000 0.0004522 0.0091215 0.0002824 0.0002824 0.0494912 0.0006787 0.0006785 0.0006220 0.0004520 0.0003388 0.0002823 0.0001686 0.0502650 0.0514201 0.0500797 0.0507642 0.0506941 1.9781341 0.0506205 0.0005649 0.0508980 0.0508082 0.0087445 0.0003391 0.0494093 0.0008926 0.0002825 0.0006786 0.0008480 0.0055866 0.0062718 0.7985040 
MW883594_Megalocytivirus_pagrus1_ISKNV                   0.0003406 0.0003973 0.0581951 0.0003956 0.0509690 0.0515684 0.0581951 0.0619862 0.0523060 0.0015292 0.0510286 0.0650099 0.0648565 0.0502540 0.0507484 0.0506813 1.9485623 0.0007356 0.0509029 0.0093180 1.9800826 0.0006788 0.0006788 1.9801730 0.0480858 0.0005655 0.0151584 0.0510050 0.0003957 0.0006222 0.0004522 0.0000000 0.0093808 0.0005089 0.0005089 0.0498003 0.0007922 0.0009057 0.0008492 0.0006788 0.0005654 0.0005088 0.0003956 0.0505753 0.0517320 0.0503906 0.0510752 0.0510050 1.9795342 0.0509310 0.0007918 0.0512092 0.0510526 0.0090032 0.0005658 0.0497198 0.0010848 0.0005091 0.0009058 0.0010753 0.0058392 0.0065257 0.7987656 
MW883595_Megalocytivirus_pagrus1_ISKNV                   0.0094907 0.0095537 0.0556365 0.0091218 0.0476984 0.0511192 0.0556365 0.0570274 0.0491523 0.0103854 0.0475980 0.0605537 0.0600274 0.0470913 0.0475432 0.0475432 1.9497589 0.0094398 0.0476282 0.0000601 1.9010188 0.0094398 0.0094398 1.9011075 0.0476359 0.0093132 0.0089918 0.0479426 0.0091247 0.0092510 0.0091215 0.0093808 0.0000000 0.0092505 0.0092505 0.0466758 0.0095704 0.0096951 0.0095066 0.0093129 0.0093118 0.0092481 0.0091218 0.0475334 0.0482658 0.0467080 0.0480169 0.0479426 1.9004594 0.0476359 0.0094359 0.0479029 0.0476858 0.0008481 0.0091895 0.0463199 0.0096866 0.0091256 0.0095690 0.0097532 0.0040404 0.0034864 0.7480937 
MW883596_Megalocytivirus_pagrus1_ISKNV                   0.0006251 0.0006819 0.0580967 0.0002249 0.0508760 0.0515439 0.0580967 0.0619859 0.0522121 0.0013583 0.0509351 0.0648492 0.0646960 0.0501613 0.0506554 0.0505883 1.9484909 0.0005654 0.0508099 0.0091877 1.9794261 0.0005087 0.0005087 1.9795165 0.0480630 0.0003955 0.0149712 0.0509119 0.0002250 0.0004522 0.0002824 0.0005089 0.0092505 0.0000000 0.0000010 0.0497079 0.0007355 0.0007353 0.0006788 0.0005087 0.0003955 0.0003389 0.0002249 0.0504825 0.0516385 0.0503031 0.0509820 0.0509119 1.9788779 0.0508380 0.0006217 0.0511160 0.0509580 0.0088732 0.0003957 0.0496270 0.0009567 0.0003391 0.0007354 0.0009049 0.0057125 0.0063983 0.7990459 
MW883597_Megalocytivirus_pagrus1_ISKNV                   0.0006251 0.0006819 0.0580967 0.0002249 0.0508760 0.0515439 0.0580967 0.0619859 0.0522121 0.0013583 0.0509351 0.0648492 0.0646960 0.0501613 0.0506554 0.0505883 1.9484909 0.0005654 0.0508099 0.0091877 1.9794261 0.0005087 0.0005087 1.9795165 0.0480630 0.0003955 0.0149712 0.0509119 0.0002250 0.0004522 0.0002824 0.0005089 0.0092505 0.0000010 0.0000000 0.0497079 0.0007355 0.0007353 0.0006788 0.0005087 0.0003955 0.0003389 0.0002249 0.0504825 0.0516385 0.0503031 0.0509820 0.0509119 1.9788779 0.0508380 0.0006217 0.0511160 0.0509580 0.0088732 0.0003957 0.0496270 0.0009567 0.0003391 0.0007354 0.0009049 0.0057125 0.0063983 0.7990459 
MW883598_Megalocytivirus_pagrus1_RSIV                    0.0501113 0.0501777 0.0206825 0.0495627 0.0017964 0.0044232 0.0206825 0.0556199 0.0028806 0.0480695 0.0018621 0.0604512 0.0608386 0.0137002 0.0141756 0.0141171 1.9691350 0.0499917 0.0017402 0.0466049 1.9856593 0.0499137 0.0499137 1.9857499 0.0018126 0.0497755 0.0440194 0.0134120 0.0495770 0.0498558 0.0494912 0.0498003 0.0466758 0.0497079 0.0497079 0.0000000 0.0501476 0.0500624 0.0500825 0.0499208 0.0497714 0.0497002 0.0495627 0.0076898 0.0051720 0.0124172 0.0133546 0.0133040 1.9851120 0.0017968 0.0500355 0.0072963 0.0064268 0.0472610 0.0497938 0.0133523 0.0521235 0.0497224 0.0501330 0.0503188 0.0480955 0.0478548 0.8164363 
MW883599_Megalocytivirus_pagrus1_ISKNV                   0.0009098 0.0009667 0.0585567 0.0006221 0.0513175 0.0519391 0.0585567 0.0624501 0.0526566 0.0017568 0.0513788 0.0651536 0.0650002 0.0506023 0.0510974 0.0510302 1.9494432 0.0009625 0.0512513 0.0095076 1.9794867 0.0009055 0.0009055 1.9795771 0.0484456 0.0007921 0.0153435 0.0513539 0.0006222 0.0008490 0.0006787 0.0007922 0.0095704 0.0007355 0.0007355 0.0501476 0.0000000 0.0011327 0.0005087 0.0009056 0.0007920 0.0007353 0.0006221 0.0509237 0.0520819 0.0507563 0.0514242 0.0513539 1.9789385 0.0512795 0.0010186 0.0515585 0.0514823 0.0091926 0.0007925 0.0500687 0.0012767 0.0007358 0.0011329 0.0013025 0.0060257 0.0067126 0.7994523 
MW883600_Megalocytivirus_pagrus1_ISKNV                   0.0010239 0.0010808 0.0584661 0.0006219 0.0512318 0.0518575 0.0584661 0.0622791 0.0525700 0.0017562 0.0512926 0.0650751 0.0649217 0.0505167 0.0510115 0.0509444 1.9489947 0.0009622 0.0511656 0.0096323 1.9810713 0.0009052 0.0009052 1.9811618 0.0484400 0.0007919 0.0153972 0.0512680 0.0006220 0.0007353 0.0006785 0.0009057 0.0096951 0.0007353 0.0007353 0.0500624 0.0011327 0.0000000 0.0010759 0.0006784 0.0007918 0.0007351 0.0006219 0.0508380 0.0519956 0.0506684 0.0513383 0.0512680 1.9805227 0.0511938 0.0010183 0.0514725 0.0513945 0.0093173 0.0007922 0.0499831 0.0014048 0.0007355 0.0007920 0.0013020 0.0061490 0.0068362 0.7991465 
MW883601_Megalocytivirus_pagrus1_ISKNV                   0.0009672 0.0010241 0.0584904 0.0005654 0.0512524 0.0518649 0.0584904 0.0623799 0.0525914 0.0016999 0.0513134 0.0650875 0.0649340 0.0505371 0.0510322 0.0509650 1.9497842 0.0009057 0.0511862 0.0094438 1.9796092 0.0008488 0.0008488 1.9796996 0.0483733 0.0007355 0.0152188 0.0512888 0.0005656 0.0007923 0.0006220 0.0008492 0.0095066 0.0006788 0.0006788 0.0500825 0.0005087 0.0010759 0.0000000 0.0008489 0.0007353 0.0006787 0.0005654 0.0508586 0.0520167 0.0506894 0.0513591 0.0512888 1.9790608 0.0512144 0.0009619 0.0514933 0.0514157 0.0091289 0.0007358 0.0500033 0.0012770 0.0006791 0.0010762 0.0012457 0.0059631 0.0066498 0.7996218 
MW883602_Megalocytivirus_pagrus1_ISKNV                   0.0006819 0.0007387 0.0583195 0.0003955 0.0510898 0.0516191 0.0583195 0.0621304 0.0524273 0.0015286 0.0511499 0.0649945 0.0648412 0.0503748 0.0508693 0.0508022 1.9488666 0.0007353 0.0510236 0.0092501 1.9804687 0.0006785 0.0006785 1.9805592 0.0481357 0.0005652 0.0151528 0.0511259 0.0003956 0.0003955 0.0004520 0.0006788 0.0093129 0.0005087 0.0005087 0.0499208 0.0009056 0.0006784 0.0008489 0.0000000 0.0005652 0.0005086 0.0003955 0.0506961 0.0518531 0.0505225 0.0511961 0.0511259 1.9799203 0.0510518 0.0007915 0.0513302 0.0512493 0.0089356 0.0004522 0.0498408 0.0011485 0.0003956 0.0006785 0.0010749 0.0057741 0.0064600 0.7992863 
MW883603_Megalocytivirus_pagrus1_ISKNV                   0.0006818 0.0007387 0.0581628 0.0002823 0.0509397 0.0516135 0.0581628 0.0620532 0.0522761 0.0014147 0.0509991 0.0649167 0.0647635 0.0502249 0.0507191 0.0506521 1.9487707 0.0006219 0.0508736 0.0092490 1.9796393 0.0004520 0.0004520 1.9797297 0.0481305 0.0004520 0.0150282 0.0509756 0.0002824 0.0005087 0.0003388 0.0005654 0.0093118 0.0003955 0.0003955 0.0497714 0.0007920 0.0007918 0.0007353 0.0005652 0.0000000 0.0003954 0.0002823 0.0505461 0.0517024 0.0503684 0.0510458 0.0509756 1.9790911 0.0509017 0.0006781 0.0511798 0.0510958 0.0089345 0.0004522 0.0496908 0.0010204 0.0003956 0.0007919 0.0009613 0.0057734 0.0064592 0.7990967 
MW883606_Megalocytivirus_pagrus1_ISKNV                   0.0006249 0.0006818 0.0580885 0.0002248 0.0508682 0.0515353 0.0580885 0.0619776 0.0522041 0.0013579 0.0509272 0.0648409 0.0646877 0.0501535 0.0506476 0.0505805 1.9483890 0.0005652 0.0508021 0.0091854 1.9791626 0.0005085 0.0005085 1.9792529 0.0480548 0.0003954 0.0149670 0.0509040 0.0002249 0.0004521 0.0002823 0.0005088 0.0092481 0.0003389 0.0003389 0.0497002 0.0007353 0.0007351 0.0006787 0.0005086 0.0003954 0.0000000 0.0002248 0.0504746 0.0516306 0.0502950 0.0509742 0.0509040 1.9786144 0.0508302 0.0006215 0.0511082 0.0510227 0.0088709 0.0003956 0.0496192 0.0009564 0.0003390 0.0007352 0.0009046 0.0057110 0.0063966 0.7985362 
NC_003494_Megalocytivirus_pagrus1_ISKNV                  0.0005112 0.0005680 0.0579453 0.0000010 0.0507302 0.0513110 0.0579453 0.0618319 0.0520653 0.0012445 0.0507886 0.0646949 0.0645419 0.0500157 0.0505094 0.0504424 1.9479620 0.0004521 0.0506642 0.0090592 1.9784491 0.0003954 0.0003954 1.9785394 0.0479085 0.0002824 0.0148464 0.0507659 0.0001124 0.0003390 0.0001686 0.0003956 0.0091218 0.0002249 0.0002249 0.0495627 0.0006221 0.0006219 0.0005654 0.0003955 0.0002823 0.0002248 0.0000000 0.0503367 0.0514921 0.0501533 0.0508360 0.0507659 1.9779011 0.0506922 0.0005084 0.0509699 0.0508816 0.0087448 0.0002825 0.0494811 0.0008287 0.0002250 0.0006220 0.0007913 0.0055869 0.0062721 0.7987119 
OK042108_Megalocytivirus_pagrus1_RSIV                    0.0508905 0.0509570 0.0174733 0.0503367 0.0069885 0.0102831 0.0174733 0.0535492 0.0081723 0.0489752 0.0069659 0.0593805 0.0596293 0.0104048 0.0108738 0.0108159 1.9644083 0.0507672 0.0069312 0.0474623 1.9824235 0.0506888 0.0506888 1.9825138 0.0075918 0.0505502 0.0449423 0.0065650 0.0503513 0.0506309 0.0502650 0.0505753 0.0475334 0.0504825 0.0504825 0.0076898 0.0509237 0.0508380 0.0508586 0.0506961 0.0505461 0.0504746 0.0503367 0.0000000 0.0101085 0.0067674 0.0065085 0.0066243 1.9818766 0.0071051 0.0508108 0.0008968 0.0046205 0.0481204 0.0505687 0.0101114 0.0530936 0.0504971 0.0509089 0.0510951 0.0487527 0.0485748 0.8144757 
OK042109_Megalocytivirus_pagrus1_RSIV                    0.0520534 0.0521201 0.0233747 0.0514921 0.0039067 0.0066582 0.0233747 0.0519254 0.0045523 0.0499892 0.0036966 0.0584485 0.0588337 0.0162581 0.0167394 0.0166803 1.9688089 0.0519245 0.0038499 0.0481945 1.9856447 0.0518457 0.0518457 1.9857353 0.0035937 0.0517065 0.0454198 0.0159694 0.0515070 0.0517877 0.0514201 0.0517320 0.0482658 0.0516385 0.0516385 0.0051720 0.0520819 0.0519956 0.0520167 0.0518531 0.0517024 0.0516306 0.0514921 0.0101085 0.0000000 0.0156028 0.0159115 0.0159218 1.9850968 0.0034518 0.0519679 0.0098263 0.0088118 0.0488546 0.0517253 0.0158612 0.0540211 0.0516534 0.0520668 0.0521163 0.0497017 0.0494510 0.8150691 
OL774653_Megalocytivirus_pagrus1_RSIV                    0.0507216 0.0507899 0.0144504 0.0501533 0.0125955 0.0166068 0.0144504 0.0509019 0.0137365 0.0487545 0.0125368 0.0570718 0.0573270 0.0073192 0.0077978 0.0077387 1.9525703 0.0505265 0.0125356 0.0466349 1.9652633 0.0505151 0.0505151 1.9653549 0.0134828 0.0502990 0.0455042 0.0001147 0.0501683 0.0504477 0.0500797 0.0503906 0.0467080 0.0503031 0.0503031 0.0124172 0.0507563 0.0506684 0.0506894 0.0505225 0.0503684 0.0502950 0.0501533 0.0067674 0.0156028 0.0000000 0.0000573 0.0001147 1.9647037 0.0125982 0.0506404 0.0068894 0.0110759 0.0473112 0.0503916 0.0068807 0.0526202 0.0503181 0.0507412 0.0508641 0.0476406 0.0477440 0.8055392 
OL774654_Megalocytivirus_pagrus1_RSIV                    0.0513931 0.0514597 0.0139420 0.0508360 0.0131004 0.0170407 0.0139420 0.0525247 0.0142114 0.0494722 0.0129312 0.0588569 0.0591055 0.0070429 0.0075068 0.0074495 1.9676056 0.0512673 0.0130422 0.0479457 1.9838694 0.0511888 0.0511888 1.9839598 0.0140001 0.0510499 0.0467543 0.0001670 0.0508507 0.0511308 0.0507642 0.0510752 0.0480169 0.0509820 0.0509820 0.0133546 0.0514242 0.0513383 0.0513591 0.0511961 0.0510458 0.0509742 0.0508360 0.0065085 0.0159115 0.0000573 0.0000000 0.0002228 1.9833222 0.0131031 0.0513108 0.0066292 0.0106807 0.0486049 0.0510685 0.0069671 0.0533964 0.0509968 0.0514093 0.0515957 0.0492044 0.0490267 0.8148048 
OL774655_Megalocytivirus_pagrus1_RSIV                    0.0513225 0.0513891 0.0139460 0.0507659 0.0130498 0.0169865 0.0139460 0.0525883 0.0141610 0.0494024 0.0129398 0.0589209 0.0591695 0.0070449 0.0075089 0.0074516 1.9671001 0.0511971 0.0129915 0.0478714 1.9829409 0.0511185 0.0511185 1.9830312 0.0139460 0.0509797 0.0466853 0.0000557 0.0507806 0.0510606 0.0506941 0.0510050 0.0479426 0.0509119 0.0509119 0.0133040 0.0513539 0.0512680 0.0512888 0.0511259 0.0509756 0.0509040 0.0507659 0.0066243 0.0159218 0.0001147 0.0002228 0.0000000 1.9823938 0.0130525 0.0512406 0.0067453 0.0108019 0.0485304 0.0509983 0.0069073 0.0533165 0.0509266 0.0513390 0.0515254 0.0491249 0.0489522 0.8145143 
OM037668_Megalocytivirus_lates1_SDDV                     1.9891557 1.9894047 2.0114479 1.9779011 1.9823764 1.8904066 2.0114479 2.0098313 1.9906816 1.9769750 1.9814367 1.9937754 1.9905234 1.9846021 1.9855325 1.9855325 0.8503469 1.9788747 1.9826716 1.9004908 0.0002368 1.9790660 1.9790660 0.0002961 1.9029291 1.9781873 1.9836229 1.9823938 1.9783415 1.9789136 1.9781341 1.9795342 1.9004594 1.9788779 1.9788779 1.9851120 1.9789385 1.9805227 1.9790608 1.9799203 1.9790911 1.9786144 1.9779011 1.9818766 1.9850968 1.9647037 1.9833222 1.9823938 0.0000000 1.9830771 1.9780217 1.9826782 1.9609044 1.9009903 1.9785829 1.9837188 2.0367683 1.9784508 1.9790924 1.9791759 1.8998844 1.8989381 2.0739973 
ON075463_Megalocytivirus_pagrus1_RSIV                    0.0512479 0.0513144 0.0209008 0.0506922 0.0004473 0.0029157 0.0209008 0.0564194 0.0010680 0.0491945 0.0005058 0.0612439 0.0616317 0.0139170 0.0143922 0.0143337 1.9681086 0.0511229 0.0003914 0.0475649 1.9836241 0.0510445 0.0510445 1.9837145 0.0000010 0.0509058 0.0444482 0.0131605 0.0507069 0.0509866 0.0506205 0.0509310 0.0476359 0.0508380 0.0508380 0.0017968 0.0512795 0.0511938 0.0512144 0.0510518 0.0509017 0.0508302 0.0506922 0.0071051 0.0034518 0.0125982 0.0131031 0.0130525 1.9830771 0.0000000 0.0511664 0.0064815 0.0058910 0.0482226 0.0509244 0.0133362 0.0532636 0.0508527 0.0512647 0.0514508 0.0490576 0.0488172 0.8159831 
ON212400_Megalocytivirus_pagrus1_ISKNV                   0.0009094 0.0009663 0.0584357 0.0005084 0.0512044 0.0517506 0.0584357 0.0622536 0.0525421 0.0016416 0.0512651 0.0650626 0.0649092 0.0504896 0.0509842 0.0509171 1.9467611 0.0008483 0.0511382 0.0093732 1.9785697 0.0007914 0.0007914 1.9786600 0.0482642 0.0006782 0.0152062 0.0512406 0.0005085 0.0007350 0.0005649 0.0007918 0.0094359 0.0006217 0.0006217 0.0500355 0.0010186 0.0010183 0.0009619 0.0007915 0.0006781 0.0006215 0.0005084 0.0508108 0.0519679 0.0506404 0.0513108 0.0512406 1.9780217 0.0511664 0.0000000 0.0514450 0.0513665 0.0090586 0.0006785 0.0499561 0.0012120 0.0006218 0.0010185 0.0011878 0.0058963 0.0065823 0.7982238 
ON740976_Megalocytivirus_pagrus1_RSIV                    0.0515279 0.0515945 0.0179732 0.0509699 0.0064797 0.0096561 0.0179732 0.0539273 0.0075457 0.0496055 0.0064546 0.0594887 0.0597377 0.0111119 0.0115824 0.0115244 1.9645132 0.0514014 0.0064224 0.0478317 1.9832255 0.0513229 0.0513229 1.9833160 0.0069819 0.0511839 0.0453030 0.0066859 0.0509847 0.0512649 0.0508980 0.0512092 0.0479029 0.0511160 0.0511160 0.0072963 0.0515585 0.0514725 0.0514933 0.0513302 0.0511798 0.0511082 0.0509699 0.0008968 0.0098263 0.0068894 0.0066292 0.0067453 1.9826782 0.0064815 0.0514450 0.0000000 0.0046215 0.0484907 0.0512026 0.0107048 0.0536507 0.0511308 0.0515435 0.0517300 0.0491336 0.0489456 0.8137182 
ON743042_Megalocytivirus_pagrus1_RSIV                    0.0513772 0.0514451 0.0153623 0.0508816 0.0056569 0.0087984 0.0153623 0.0557117 0.0069695 0.0494890 0.0056273 0.0604093 0.0606639 0.0083704 0.0088451 0.0087864 1.9395320 0.0513220 0.0055988 0.0476131 1.9614589 0.0512418 0.0512418 1.9615495 0.0062283 0.0511000 0.0442723 0.0107390 0.0508966 0.0511826 0.0508082 0.0510526 0.0476858 0.0509580 0.0509580 0.0064268 0.0514823 0.0513945 0.0514157 0.0512493 0.0510958 0.0510227 0.0508816 0.0046205 0.0088118 0.0110759 0.0106807 0.0108019 1.9609044 0.0058910 0.0513665 0.0046215 0.0000000 0.0481414 0.0509485 0.0082321 0.0535401 0.0508753 0.0514670 0.0515869 0.0487955 0.0484983 0.8125271 
OP009387_Megalocytivirus_pagrus1_ISKNV                   0.0091112 0.0091742 0.0562463 0.0087448 0.0482851 0.0516503 0.0562463 0.0576386 0.0497428 0.0100069 0.0481876 0.0611690 0.0606414 0.0476778 0.0481308 0.0481308 1.9509580 0.0090623 0.0482148 0.0007875 1.9015498 0.0090623 0.0090623 1.9016385 0.0482226 0.0089359 0.0084903 0.0485304 0.0087476 0.0088737 0.0087445 0.0090032 0.0008481 0.0088732 0.0088732 0.0472610 0.0091926 0.0093173 0.0091289 0.0089356 0.0089345 0.0088709 0.0087448 0.0481204 0.0488546 0.0473112 0.0486049 0.0485304 1.9009903 0.0482226 0.0090586 0.0484907 0.0481414 0.0000000 0.0088122 0.0469072 0.0093289 0.0087485 0.0091913 0.0093754 0.0035483 0.0029951 0.7492076 
OP896201_Megalocytivirus_pagrus1_ISKNV                   0.0004545 0.0005113 0.0581877 0.0002825 0.0509624 0.0514799 0.0581877 0.0620791 0.0522992 0.0014156 0.0510219 0.0649430 0.0647898 0.0502475 0.0507418 0.0506747 1.9482939 0.0006223 0.0508962 0.0091267 1.9791310 0.0005655 0.0005655 1.9792214 0.0480004 0.0004523 0.0150368 0.0509983 0.0002826 0.0003957 0.0003391 0.0005658 0.0091895 0.0003957 0.0003957 0.0497938 0.0007925 0.0007922 0.0007358 0.0004522 0.0004522 0.0003956 0.0002825 0.0505687 0.0517253 0.0503916 0.0510685 0.0509983 1.9785829 0.0509244 0.0006785 0.0512026 0.0509485 0.0088122 0.0000000 0.0497132 0.0010211 0.0000562 0.0005655 0.0009619 0.0056518 0.0062079 0.7992809 
OQ475017_Megalocytivirus_pagrus1_RSIV                    0.0500319 0.0500986 0.0111529 0.0494811 0.0134509 0.0170938 0.0111529 0.0539436 0.0144509 0.0483883 0.0132834 0.0596343 0.0597430 0.0043767 0.0048376 0.0047804 1.9674342 0.0499121 0.0133923 0.0462487 1.9842682 0.0498337 0.0498337 1.9843591 0.0140418 0.0496949 0.0456794 0.0069092 0.0494955 0.0497756 0.0494093 0.0497198 0.0463199 0.0496270 0.0496270 0.0133523 0.0500687 0.0499831 0.0500033 0.0498408 0.0496908 0.0496192 0.0494811 0.0101114 0.0158612 0.0068807 0.0069671 0.0069073 1.9837188 0.0133362 0.0499561 0.0107048 0.0082321 0.0469072 0.0497132 0.0000000 0.0516303 0.0496416 0.0500541 0.0502407 0.0476582 0.0474794 0.8147655 
OQ513807_Megalocytivirus_pagrus1_ISKNV                   0.0012192 0.0012192 0.0617212 0.0008287 0.0533063 0.0541529 0.0617212 0.0648753 0.0533392 0.0017239 0.0533867 0.0679525 0.0677767 0.0526404 0.0532032 0.0531269 1.9924195 0.0012127 0.0532311 0.0096152 2.0377236 0.0011484 0.0011484 2.0378314 0.0501041 0.0010205 0.0169678 0.0533165 0.0008290 0.0010848 0.0008926 0.0010848 0.0096866 0.0009567 0.0009567 0.0521235 0.0012767 0.0014048 0.0012770 0.0011485 0.0010204 0.0009564 0.0008287 0.0530936 0.0540211 0.0526202 0.0533964 0.0533165 2.0367683 0.0532636 0.0012120 0.0536507 0.0535401 0.0093289 0.0010211 0.0516303 0.0000000 0.0009571 0.0014051 0.0000010 0.0064443 0.0072278 0.8283898 
OR356116_Megalocytivirus_pagrus1_ISKNV                   0.0003976 0.0004544 0.0581133 0.0002250 0.0508908 0.0514016 0.0581133 0.0620034 0.0522271 0.0013587 0.0509499 0.0648671 0.0647139 0.0501759 0.0506701 0.0506030 1.9482980 0.0005656 0.0508246 0.0090629 1.9789989 0.0005088 0.0005088 1.9790893 0.0479245 0.0003957 0.0149754 0.0509266 0.0002251 0.0003391 0.0002825 0.0005091 0.0091256 0.0003391 0.0003391 0.0497224 0.0007358 0.0007355 0.0006791 0.0003956 0.0003956 0.0003390 0.0002250 0.0504971 0.0516534 0.0503181 0.0509968 0.0509266 1.9784508 0.0508527 0.0006218 0.0511308 0.0508753 0.0087485 0.0000562 0.0496416 0.0009571 0.0000000 0.0005089 0.0009051 0.0055892 0.0061452 0.7990623 
