62
23043610003       0.0000000 0.0000544 0.0596336 0.0004981 0.0521871 0.0527989 0.0596336 0.0628961 0.0534436 0.0016636 0.0521867 0.0659116 0.0658176 0.0517590 0.0522404 0.0521759 0.0008310 0.0521233 0.0092126 2.1048369 0.0007753 0.0007753 2.1049152 0.0493479 0.0007753 0.0149136 0.0524916 0.0005536 0.0006645 0.0005535 0.0003319 0.0092738 0.0006090 0.0006090 0.0508201 0.0008864 0.0009975 0.0009979 0.0006644 0.0006643 0.0006089 0.0004981 0.0521420 0.0529383 0.0519398 0.0525596 0.0524916 2.1044178 0.0520902 0.0009415 0.0527687 0.0526106 0.0089677 0.0004428 0.0512307 0.0011841 0.0003874 0.0008309 0.0012191 0.0057620 0.0064314 0.8848039 
23043610005       0.0000544 0.0000000 0.0596996 0.0005535 0.0522509 0.0528686 0.0596996 0.0629623 0.0535078 0.0017191 0.0522508 0.0659780 0.0658840 0.0518228 0.0523044 0.0522398 0.0008865 0.0521871 0.0092737 2.1050264 0.0008308 0.0008308 2.1051048 0.0494158 0.0008307 0.0149717 0.0525556 0.0006090 0.0007199 0.0006089 0.0003872 0.0093349 0.0006644 0.0006644 0.0508838 0.0009418 0.0010530 0.0010534 0.0007198 0.0007197 0.0006643 0.0005535 0.0522059 0.0530024 0.0520053 0.0526236 0.0525556 2.1046074 0.0521541 0.0009969 0.0528327 0.0526758 0.0090287 0.0004982 0.0512947 0.0011841 0.0004428 0.0008864 0.0012746 0.0058224 0.0064919 0.8849853 
AB104413          0.0596336 0.0596996 0.0000000 0.0590274 0.0219243 0.0250833 0.0000010 0.0654522 0.0230223 0.0580022 0.0217364 0.0702758 0.0705385 0.0065513 0.0070138 0.0069566 0.0594641 0.0218652 0.0567659 2.1293401 0.0593825 0.0593825 2.1294203 0.0218187 0.0593794 0.0553221 0.0134816 0.0591102 0.0594008 0.0589541 0.0592749 0.0568367 0.0591763 0.0591763 0.0215206 0.0596257 0.0595364 0.0596339 0.0593916 0.0592377 0.0591651 0.0590274 0.0170241 0.0243439 0.0140221 0.0135404 0.0135443 2.1289234 0.0218689 0.0595665 0.0175091 0.0149705 0.0576413 0.0592667 0.0108319 0.0628771 0.0591941 0.0596809 0.0595769 0.0581460 0.0579772 0.9151968 
AF371960          0.0004981 0.0005535 0.0590274 0.0000000 0.0516380 0.0522795 0.0590274 0.0623460 0.0528853 0.0012678 0.0516350 0.0650625 0.0649698 0.0512119 0.0516901 0.0516260 0.0004406 0.0515745 0.0088568 2.0936306 0.0003854 0.0003854 2.0937077 0.0489296 0.0003854 0.0144251 0.0519404 0.0001651 0.0003855 0.0001651 0.0003856 0.0089176 0.0002202 0.0002202 0.0502795 0.0006062 0.0006060 0.0006062 0.0003854 0.0002752 0.0002201 0.0000010 0.0515930 0.0523835 0.0513774 0.0520079 0.0519404 2.0932121 0.0515415 0.0005505 0.0522155 0.0521188 0.0086134 0.0002753 0.0506852 0.0008050 0.0002202 0.0006613 0.0008263 0.0054297 0.0060947 0.8817928 
AP017456          0.0521871 0.0522509 0.0219243 0.0516380 0.0000000 0.0025893 0.0219243 0.0573862 0.0015343 0.0502578 0.0002190 0.0619128 0.0623508 0.0150930 0.0155590 0.0155020 0.0520564 0.0000536 0.0486751 2.0989005 0.0519789 0.0519789 2.0989778 0.0004680 0.0519764 0.0456181 0.0143555 0.0517162 0.0519947 0.0515681 0.0518728 0.0487432 0.0517805 0.0517805 0.0019163 0.0522096 0.0521257 0.0522163 0.0519863 0.0518399 0.0517705 0.0516380 0.0082711 0.0039156 0.0138436 0.0142996 0.0142507 2.0984839 0.0004905 0.0521584 0.0077748 0.0069933 0.0495164 0.0518656 0.0146474 0.0542719 0.0517960 0.0522644 0.0523059 0.0501724 0.0499447 0.9023720 
AY894343          0.0527989 0.0528686 0.0250833 0.0522795 0.0025893 0.0000000 0.0250833 0.0562483 0.0038776 0.0508423 0.0024213 0.0613743 0.0611748 0.0174495 0.0179028 0.0179028 0.0527221 0.0025289 0.0519767 2.0057935 0.0526423 0.0526423 2.0058690 0.0028315 0.0527201 0.0445803 0.0182492 0.0524359 0.0525876 0.0523487 0.0525320 0.0520469 0.0525061 0.0525061 0.0044196 0.0528891 0.0528107 0.0528935 0.0525775 0.0525710 0.0524951 0.0522795 0.0115462 0.0065217 0.0178050 0.0181875 0.0181353 2.0053392 0.0028315 0.0527714 0.0109368 0.0101271 0.0527725 0.0524448 0.0182432 0.0551915 0.0523688 0.0528805 0.0529318 0.0534954 0.0531688 0.8487819 
BD143114          0.0596336 0.0596996 0.0000010 0.0590274 0.0219243 0.0250833 0.0000000 0.0654522 0.0230223 0.0580022 0.0217364 0.0702758 0.0705385 0.0065513 0.0070138 0.0069566 0.0594641 0.0218652 0.0567659 2.1293401 0.0593825 0.0593825 2.1294203 0.0218187 0.0593794 0.0553221 0.0134816 0.0591102 0.0594008 0.0589541 0.0592749 0.0568367 0.0591763 0.0591763 0.0215206 0.0596257 0.0595364 0.0596339 0.0593916 0.0592377 0.0591651 0.0590274 0.0170241 0.0243439 0.0140221 0.0135404 0.0135443 2.1289234 0.0218689 0.0595665 0.0175091 0.0149705 0.0576413 0.0592667 0.0108319 0.0628771 0.0591941 0.0596809 0.0595769 0.0581460 0.0579772 0.9151968 
GQ273492          0.0628961 0.0629623 0.0654522 0.0623460 0.0573862 0.0562483 0.0654522 0.0000000 0.0587179 0.0621286 0.0573482 0.0313494 0.0313142 0.0571090 0.0574626 0.0573967 0.0627041 0.0573211 0.0576498 2.1270110 0.0627053 0.0627053 2.1271131 0.0531068 0.0627020 0.0624626 0.0537013 0.0624304 0.0624051 0.0622718 0.0624940 0.0577204 0.0624968 0.0624968 0.0563255 0.0629461 0.0627789 0.0629516 0.0626328 0.0625588 0.0624852 0.0623460 0.0546781 0.0529795 0.0521100 0.0536410 0.0537013 2.1265953 0.0572666 0.0628160 0.0550433 0.0568022 0.0585224 0.0625891 0.0550255 0.0654343 0.0625156 0.0630823 0.0628722 0.0584155 0.0585065 0.8933060 
KC244182          0.0534436 0.0535078 0.0230223 0.0528853 0.0015343 0.0038776 0.0230223 0.0587179 0.0000000 0.0514970 0.0014316 0.0632611 0.0637011 0.0161261 0.0165953 0.0165380 0.0533066 0.0014794 0.0500274 2.1069087 0.0532284 0.0532284 2.1069866 0.0011173 0.0532258 0.0468299 0.0153846 0.0529642 0.0532446 0.0528148 0.0531221 0.0500960 0.0530288 0.0530288 0.0029178 0.0534610 0.0533763 0.0534680 0.0532361 0.0530885 0.0530186 0.0528853 0.0093749 0.0044873 0.0148998 0.0153285 0.0152798 2.1064928 0.0010404 0.0534086 0.0087638 0.0082228 0.0508739 0.0531147 0.0155675 0.0542355 0.0530447 0.0535159 0.0535572 0.0514704 0.0512425 0.9063312 
KT781098          0.0016636 0.0017191 0.0580022 0.0012678 0.0502578 0.0508423 0.0580022 0.0621286 0.0514970 0.0000000 0.0502483 0.0648993 0.0648068 0.0502242 0.0507007 0.0506368 0.0016003 0.0501945 0.0101428 2.0926666 0.0015445 0.0015445 2.0927437 0.0474661 0.0014339 0.0156524 0.0506897 0.0013234 0.0015450 0.0013231 0.0015453 0.0102038 0.0013787 0.0013787 0.0489042 0.0017669 0.0017664 0.0017670 0.0015446 0.0014337 0.0013784 0.0012678 0.0503437 0.0509982 0.0500954 0.0507569 0.0506897 2.0922479 0.0501611 0.0017100 0.0509635 0.0508428 0.0097761 0.0014345 0.0496959 0.0017366 0.0013791 0.0018222 0.0019870 0.0066968 0.0073649 0.8827523 
KT804738          0.0521867 0.0522508 0.0217364 0.0516350 0.0002190 0.0024213 0.0217364 0.0573482 0.0014316 0.0502483 0.0000000 0.0617769 0.0622168 0.0148800 0.0153479 0.0152907 0.0520554 0.0001642 0.0485158 2.0970867 0.0519775 0.0519775 2.0971643 0.0004116 0.0519750 0.0458486 0.0141392 0.0517136 0.0519934 0.0515648 0.0518709 0.0485843 0.0517782 0.0517782 0.0019257 0.0522093 0.0521250 0.0522160 0.0519850 0.0518379 0.0517681 0.0516350 0.0081989 0.0036554 0.0137332 0.0140831 0.0140919 2.0970481 0.0004929 0.0521579 0.0077002 0.0069138 0.0493609 0.0518636 0.0144323 0.0542825 0.0517938 0.0522644 0.0523060 0.0501030 0.0498643 0.9006746 
MG570131          0.0659116 0.0659780 0.0702758 0.0650625 0.0619128 0.0613743 0.0702758 0.0313494 0.0632611 0.0648993 0.0617769 0.0000000 0.0016544 0.0618047 0.0621529 0.0620867 0.0653059 0.0618476 0.0610013 2.1095196 0.0654223 0.0654223 2.1095976 0.0578109 0.0654189 0.0657442 0.0598087 0.0651476 0.0652791 0.0650173 0.0653682 0.0610722 0.0652137 0.0652137 0.0609304 0.0655086 0.0654318 0.0655181 0.0653504 0.0652756 0.0652019 0.0650625 0.0603113 0.0591559 0.0580611 0.0597483 0.0598087 2.1091048 0.0617934 0.0654827 0.0604141 0.0613249 0.0618789 0.0653068 0.0605209 0.0683476 0.0652331 0.0658004 0.0655898 0.0621553 0.0621761 0.8929423 
MG570132          0.0658176 0.0658840 0.0705385 0.0649698 0.0623508 0.0611748 0.0705385 0.0313142 0.0637011 0.0648068 0.0622168 0.0016544 0.0000000 0.0620601 0.0624085 0.0623423 0.0652129 0.0622856 0.0605520 2.1065835 0.0653293 0.0653293 2.1066613 0.0576189 0.0653258 0.0657163 0.0601137 0.0650547 0.0651862 0.0649246 0.0652752 0.0606229 0.0651208 0.0651208 0.0613677 0.0654154 0.0653386 0.0654249 0.0652573 0.0651827 0.0651090 0.0649698 0.0606165 0.0595912 0.0583739 0.0600533 0.0601137 2.1061686 0.0622314 0.0653896 0.0607195 0.0616371 0.0614280 0.0652138 0.0606893 0.0682397 0.0651402 0.0657069 0.0654965 0.0617044 0.0617250 0.8917316 
MK098185          0.0517590 0.0518228 0.0065513 0.0512119 0.0150930 0.0174495 0.0065513 0.0571090 0.0161261 0.0502242 0.0148800 0.0618047 0.0620601 0.0000000 0.0005457 0.0004911 0.0516302 0.0150362 0.0483657 2.1023711 0.0515528 0.0515528 2.1024488 0.0144966 0.0515502 0.0475159 0.0068004 0.0512900 0.0515684 0.0511421 0.0514465 0.0484339 0.0513544 0.0513544 0.0147015 0.0517832 0.0516995 0.0517899 0.0515601 0.0514138 0.0513444 0.0512119 0.0101795 0.0173834 0.0071197 0.0068565 0.0068584 2.1019545 0.0150387 0.0517324 0.0108659 0.0082001 0.0492069 0.0514393 0.0042623 0.0539374 0.0513698 0.0518381 0.0517409 0.0497063 0.0495375 0.9011459 
MK098186          0.0522404 0.0523044 0.0070138 0.0516901 0.0155590 0.0179028 0.0070138 0.0574626 0.0165953 0.0507007 0.0153479 0.0621529 0.0624085 0.0005457 0.0000000 0.0000536 0.0521093 0.0155021 0.0488037 2.1030022 0.0520317 0.0520317 2.1030799 0.0149345 0.0520291 0.0480559 0.0072511 0.0517685 0.0520475 0.0516201 0.0519254 0.0488720 0.0518329 0.0518329 0.0151671 0.0522627 0.0521787 0.0522695 0.0520391 0.0518924 0.0518229 0.0516901 0.0106362 0.0178555 0.0075844 0.0073072 0.0073093 2.1025858 0.0155046 0.0522114 0.0113242 0.0086623 0.0496462 0.0519181 0.0047107 0.0544809 0.0518485 0.0523176 0.0522200 0.0501456 0.0499769 0.9015666 
MK098187          0.0521759 0.0522398 0.0069566 0.0516260 0.0155020 0.0179028 0.0069566 0.0573967 0.0165380 0.0506368 0.0152907 0.0620867 0.0623423 0.0004911 0.0000536 0.0000000 0.0520451 0.0154451 0.0488037 2.1030022 0.0519675 0.0519675 2.1030799 0.0149345 0.0519649 0.0479924 0.0071954 0.0517043 0.0519832 0.0515560 0.0518612 0.0488720 0.0517688 0.0517688 0.0151102 0.0521985 0.0521145 0.0522052 0.0519749 0.0518282 0.0517587 0.0516260 0.0105800 0.0177979 0.0075269 0.0072515 0.0072535 2.1025858 0.0154477 0.0521472 0.0112679 0.0086052 0.0496462 0.0518539 0.0046550 0.0544082 0.0517843 0.0522534 0.0521558 0.0501456 0.0499769 0.9015120 
MK689685          0.0008310 0.0008865 0.0594641 0.0004406 0.0520564 0.0527221 0.0594641 0.0627041 0.0533066 0.0016003 0.0520554 0.0653059 0.0652129 0.0516302 0.0521093 0.0520451 0.0000000 0.0519929 0.0091649 2.0946763 0.0007164 0.0007164 2.0947535 0.0492899 0.0007164 0.0147824 0.0523595 0.0004958 0.0007167 0.0004957 0.0007168 0.0092257 0.0005510 0.0005510 0.0506960 0.0009378 0.0009375 0.0009379 0.0007165 0.0006060 0.0005508 0.0004406 0.0520115 0.0528038 0.0517402 0.0524271 0.0523595 2.0942580 0.0519600 0.0008817 0.0526352 0.0525464 0.0089212 0.0006063 0.0511041 0.0011780 0.0005511 0.0009930 0.0011580 0.0057324 0.0063983 0.8818973 
MK689686          0.0521233 0.0521871 0.0218652 0.0515745 0.0000536 0.0025289 0.0218652 0.0573211 0.0014794 0.0501945 0.0001642 0.0618476 0.0622856 0.0150362 0.0155021 0.0154451 0.0519929 0.0000000 0.0486077 2.0991227 0.0519154 0.0519154 2.0992000 0.0004095 0.0519129 0.0455556 0.0142987 0.0516527 0.0519311 0.0515047 0.0518093 0.0486758 0.0517170 0.0517170 0.0018615 0.0521460 0.0520621 0.0521527 0.0519228 0.0517764 0.0517070 0.0515745 0.0082151 0.0038603 0.0137852 0.0142428 0.0141939 2.0987063 0.0004360 0.0520949 0.0077189 0.0069365 0.0494489 0.0518020 0.0145903 0.0542001 0.0517325 0.0522008 0.0522423 0.0501049 0.0498772 0.9022839 
MN432490          0.0092126 0.0092737 0.0567659 0.0088568 0.0486751 0.0519767 0.0567659 0.0576498 0.0500274 0.0101428 0.0485158 0.0610013 0.0605520 0.0483657 0.0488037 0.0488037 0.0091649 0.0486077 0.0000000 2.0155893 0.0091649 0.0091649 2.0156646 0.0485477 0.0091645 0.0087311 0.0492059 0.0089201 0.0090439 0.0088565 0.0091075 0.0000588 0.0089814 0.0089814 0.0474444 0.0092911 0.0094122 0.0092915 0.0090418 0.0090409 0.0089792 0.0088568 0.0488683 0.0492266 0.0480497 0.0492774 0.0492059 2.0151413 0.0485477 0.0092221 0.0492318 0.0490148 0.0009428 0.0089221 0.0476179 0.0093684 0.0088602 0.0093521 0.0095296 0.0039275 0.0033893 0.8290709 
MN562489          2.1048369 2.1050264 2.1293401 2.0936306 2.0989005 2.0057935 2.1293401 2.1270110 2.1069087 2.0926666 2.0970867 2.1095196 2.1065835 2.1023711 2.1030022 2.1030022 2.0946763 2.0991227 2.0155893 0.0000000 2.0948719 2.0948719 0.0000586 2.0178173 2.0938249 2.1001141 2.1007150 2.0941951 2.0948652 2.0940622 2.0955746 2.0155278 2.0948638 2.0948638 2.1013955 2.0945875 2.0964029 2.0945537 2.0958849 2.0948261 2.0944021 2.0936306 2.0984238 2.1010339 2.0827624 2.1013793 2.1007150 0.0002344 2.0993161 2.0937342 2.0994384 2.0767175 2.0157183 2.0944594 2.1011265 2.1517338 2.0942604 2.0950164 2.0949827 2.0150191 2.0142266 2.1942319 
MT128666          0.0007753 0.0008308 0.0593825 0.0003854 0.0519789 0.0526423 0.0593825 0.0627053 0.0532284 0.0015445 0.0519775 0.0654223 0.0653293 0.0515528 0.0520317 0.0519675 0.0007164 0.0519154 0.0091649 2.0948719 0.0000000 0.0000010 2.0949492 0.0492907 0.0006611 0.0147204 0.0522818 0.0004406 0.0006613 0.0004405 0.0006614 0.0092257 0.0004957 0.0004957 0.0506190 0.0008823 0.0008821 0.0008824 0.0006611 0.0004405 0.0004956 0.0003854 0.0519340 0.0527259 0.0517273 0.0523494 0.0522818 2.0944536 0.0518825 0.0008264 0.0525573 0.0524671 0.0089212 0.0005510 0.0510266 0.0011156 0.0004958 0.0009375 0.0011025 0.0057323 0.0063983 0.8824837 
MT128667          0.0007753 0.0008308 0.0593825 0.0003854 0.0519789 0.0526423 0.0593825 0.0627053 0.0532284 0.0015445 0.0519775 0.0654223 0.0653293 0.0515528 0.0520317 0.0519675 0.0007164 0.0519154 0.0091649 2.0948719 0.0000010 0.0000000 2.0949492 0.0492907 0.0006611 0.0147204 0.0522818 0.0004406 0.0006613 0.0004405 0.0006614 0.0092257 0.0004957 0.0004957 0.0506190 0.0008823 0.0008821 0.0008824 0.0006611 0.0004405 0.0004956 0.0003854 0.0519340 0.0527259 0.0517273 0.0523494 0.0522818 2.0944536 0.0518825 0.0008264 0.0525573 0.0524671 0.0089212 0.0005510 0.0510266 0.0011156 0.0004958 0.0009375 0.0011025 0.0057323 0.0063983 0.8824837 
MT521409          2.1049152 2.1051048 2.1294203 2.0937077 2.0989778 2.0058690 2.1294203 2.1271131 2.1069866 2.0927437 2.0971643 2.1095976 2.1066613 2.1024488 2.1030799 2.1030799 2.0947535 2.0992000 2.0156646 0.0000586 2.0949492 2.0949492 0.0000000 2.0178926 2.0939020 2.1001917 2.1007926 2.0942724 2.0949425 2.0941394 2.0956520 2.0156031 2.0949411 2.0949411 2.1014730 2.0946648 2.0964803 2.0946310 2.0959623 2.0949033 2.0944793 2.0937077 2.0985012 2.1011115 2.0828410 2.1014569 2.1007926 0.0002930 2.0993934 2.0938115 2.0995158 2.0767947 2.0157937 2.0945367 2.1012044 2.1518263 2.0943376 2.0950937 2.0950600 2.0150943 2.0143017 2.1942527 
MT798582          0.0493479 0.0494158 0.0218187 0.0489296 0.0004680 0.0028315 0.0218187 0.0531068 0.0011173 0.0474661 0.0004116 0.0578109 0.0576189 0.0144966 0.0149345 0.0149345 0.0492899 0.0004095 0.0485477 2.0178173 0.0492907 0.0492907 2.0178926 0.0000000 0.0492881 0.0414942 0.0152661 0.0490119 0.0491588 0.0489282 0.0491042 0.0486159 0.0490804 0.0490804 0.0018826 0.0494508 0.0494457 0.0494546 0.0491494 0.0491435 0.0490701 0.0489296 0.0088960 0.0035527 0.0147421 0.0152060 0.0151538 2.0173706 0.0000010 0.0493389 0.0083021 0.0075920 0.0493889 0.0490203 0.0152510 0.0512162 0.0489468 0.0494430 0.0494936 0.0500451 0.0498172 0.8419368 
MT926123          0.0007753 0.0008307 0.0593794 0.0003854 0.0519764 0.0527201 0.0593794 0.0627020 0.0532258 0.0014339 0.0519750 0.0654189 0.0653258 0.0515502 0.0520291 0.0519649 0.0007164 0.0519129 0.0091645 2.0938249 0.0006611 0.0006611 2.0939020 0.0492881 0.0000000 0.0147199 0.0522792 0.0004406 0.0006613 0.0004405 0.0006614 0.0092254 0.0004957 0.0004957 0.0506165 0.0008823 0.0008820 0.0008824 0.0006611 0.0005507 0.0004956 0.0003854 0.0519315 0.0527233 0.0516528 0.0523468 0.0522792 2.0934065 0.0518799 0.0008263 0.0525547 0.0524645 0.0086762 0.0005510 0.0510241 0.0011155 0.0004958 0.0009375 0.0011025 0.0057321 0.0063981 0.8819594 
MT986830          0.0149136 0.0149717 0.0553221 0.0144251 0.0456181 0.0445803 0.0553221 0.0624626 0.0468299 0.0156524 0.0458486 0.0657442 0.0657163 0.0475159 0.0480559 0.0479924 0.0147824 0.0455556 0.0087311 2.1001141 0.0147204 0.0147204 2.1001917 0.0414942 0.0147199 0.0000000 0.0480156 0.0144867 0.0147248 0.0144839 0.0147271 0.0087918 0.0145460 0.0145460 0.0449411 0.0149062 0.0149586 0.0148454 0.0147217 0.0146012 0.0145420 0.0144251 0.0463880 0.0465253 0.0469075 0.0480822 0.0480156 2.0996964 0.0455209 0.0148317 0.0467464 0.0457449 0.0083667 0.0146092 0.0470295 0.0164248 0.0145497 0.0150208 0.0151276 0.0076733 0.0070075 0.8868111 
MW139932          0.0524916 0.0525556 0.0134816 0.0519404 0.0143555 0.0182492 0.0134816 0.0537013 0.0153846 0.0506897 0.0141392 0.0598087 0.0601137 0.0068004 0.0072511 0.0071954 0.0523595 0.0142987 0.0492059 2.1007150 0.0522818 0.0522818 2.1007926 0.0152661 0.0522792 0.0480156 0.0000000 0.0520187 0.0522976 0.0518704 0.0521757 0.0492742 0.0520831 0.0520831 0.0144209 0.0525129 0.0524288 0.0525197 0.0522892 0.0521426 0.0520730 0.0519404 0.0064487 0.0171022 0.0001122 0.0001635 0.0000536 2.1002978 0.0143011 0.0524614 0.0065661 0.0104999 0.0500489 0.0521684 0.0067256 0.0546056 0.0520987 0.0525677 0.0526091 0.0504709 0.0503024 0.9005112 
MW273353          0.0005536 0.0006090 0.0591102 0.0001651 0.0517162 0.0524359 0.0591102 0.0624304 0.0529642 0.0013234 0.0517136 0.0651476 0.0650547 0.0512900 0.0517685 0.0517043 0.0004958 0.0516527 0.0089201 2.0941951 0.0004406 0.0004406 2.0942724 0.0490119 0.0004406 0.0144867 0.0520187 0.0000000 0.0004407 0.0002202 0.0004408 0.0089809 0.0002753 0.0002753 0.0503571 0.0006615 0.0006613 0.0006615 0.0004406 0.0003303 0.0002752 0.0001651 0.0516712 0.0524622 0.0514576 0.0520863 0.0520187 2.0937766 0.0516197 0.0006058 0.0522940 0.0521987 0.0086766 0.0003305 0.0507634 0.0008673 0.0002754 0.0007167 0.0008816 0.0054912 0.0061565 0.8814691 
MW273354          0.0006645 0.0007199 0.0594008 0.0003855 0.0519947 0.0525876 0.0594008 0.0624051 0.0532446 0.0015450 0.0519934 0.0652791 0.0651862 0.0515684 0.0520475 0.0519832 0.0007167 0.0519311 0.0090439 2.0948652 0.0006613 0.0006613 2.0949425 0.0491588 0.0006613 0.0147248 0.0522976 0.0004407 0.0000000 0.0004406 0.0006615 0.0091047 0.0004959 0.0004959 0.0506344 0.0008826 0.0007718 0.0008827 0.0004406 0.0005509 0.0004957 0.0003855 0.0519498 0.0527419 0.0517356 0.0523653 0.0522976 2.0944469 0.0518982 0.0008266 0.0525733 0.0524834 0.0088003 0.0004408 0.0510421 0.0011159 0.0003856 0.0007166 0.0011028 0.0056126 0.0062784 0.8820725 
MW883593          0.0005535 0.0006089 0.0589541 0.0001651 0.0515681 0.0523487 0.0589541 0.0622718 0.0528148 0.0013231 0.0515648 0.0650173 0.0649246 0.0511421 0.0516201 0.0515560 0.0004957 0.0515047 0.0088565 2.0940622 0.0004405 0.0004405 2.0941394 0.0489282 0.0004405 0.0144839 0.0518704 0.0002202 0.0004406 0.0000000 0.0004407 0.0089173 0.0002752 0.0002752 0.0502100 0.0006614 0.0006612 0.0006614 0.0004405 0.0003302 0.0002752 0.0001651 0.0515231 0.0523133 0.0513056 0.0519378 0.0518704 2.0936438 0.0514716 0.0006056 0.0521454 0.0520473 0.0086131 0.0003304 0.0506153 0.0008671 0.0002753 0.0007165 0.0008815 0.0054295 0.0060945 0.8815917 
MW883594          0.0003319 0.0003872 0.0592749 0.0003856 0.0518728 0.0525320 0.0592749 0.0624940 0.0531221 0.0015453 0.0518709 0.0653682 0.0652752 0.0514465 0.0519254 0.0518612 0.0007168 0.0518093 0.0091075 2.0955746 0.0006614 0.0006614 2.0956520 0.0491042 0.0006614 0.0147271 0.0521757 0.0004408 0.0006615 0.0004407 0.0000000 0.0091684 0.0004959 0.0004959 0.0505128 0.0007719 0.0008825 0.0008828 0.0006615 0.0005510 0.0004958 0.0003856 0.0518279 0.0526196 0.0516105 0.0522433 0.0521757 2.0951563 0.0517764 0.0008267 0.0524512 0.0522878 0.0088638 0.0005513 0.0509200 0.0010538 0.0004961 0.0009380 0.0011030 0.0056745 0.0063405 0.8818500 
MW883595          0.0092738 0.0093349 0.0568367 0.0089176 0.0487432 0.0520469 0.0568367 0.0577204 0.0500960 0.0102038 0.0485843 0.0610722 0.0606229 0.0484339 0.0488720 0.0488720 0.0092257 0.0486758 0.0000588 2.0155278 0.0092257 0.0092257 2.0156031 0.0486159 0.0092254 0.0087918 0.0492742 0.0089809 0.0091047 0.0089173 0.0091684 0.0000000 0.0090422 0.0090422 0.0475123 0.0093520 0.0094731 0.0093524 0.0091027 0.0091017 0.0090400 0.0089176 0.0489365 0.0492950 0.0481198 0.0493458 0.0492742 2.0150799 0.0486159 0.0092830 0.0493001 0.0490845 0.0010018 0.0089829 0.0476861 0.0094374 0.0089210 0.0094130 0.0095905 0.0039873 0.0034489 0.8290862 
MW883596          0.0006090 0.0006644 0.0591763 0.0002202 0.0517805 0.0525061 0.0591763 0.0624968 0.0530288 0.0013787 0.0517782 0.0652137 0.0651208 0.0513544 0.0518329 0.0517688 0.0005510 0.0517170 0.0089814 2.0948638 0.0004957 0.0004957 2.0949411 0.0490804 0.0004957 0.0145460 0.0520831 0.0002753 0.0004959 0.0002752 0.0004959 0.0090422 0.0000000 0.0000010 0.0504214 0.0007167 0.0007165 0.0007168 0.0004957 0.0003854 0.0003303 0.0002202 0.0517355 0.0525267 0.0515236 0.0521507 0.0520831 2.0944454 0.0516841 0.0006609 0.0523584 0.0521937 0.0087378 0.0003856 0.0508279 0.0009294 0.0003305 0.0007719 0.0009369 0.0055516 0.0062170 0.8821288 
MW883597          0.0006090 0.0006644 0.0591763 0.0002202 0.0517805 0.0525061 0.0591763 0.0624968 0.0530288 0.0013787 0.0517782 0.0652137 0.0651208 0.0513544 0.0518329 0.0517688 0.0005510 0.0517170 0.0089814 2.0948638 0.0004957 0.0004957 2.0949411 0.0490804 0.0004957 0.0145460 0.0520831 0.0002753 0.0004959 0.0002752 0.0004959 0.0090422 0.0000010 0.0000000 0.0504214 0.0007167 0.0007165 0.0007168 0.0004957 0.0003854 0.0003303 0.0002202 0.0517355 0.0525267 0.0515236 0.0521507 0.0520831 2.0944454 0.0516841 0.0006609 0.0523584 0.0521937 0.0087378 0.0003856 0.0508279 0.0009294 0.0003305 0.0007719 0.0009369 0.0055516 0.0062170 0.8821288 
MW883598          0.0508201 0.0508838 0.0215206 0.0502795 0.0019163 0.0044196 0.0215206 0.0563255 0.0029178 0.0489042 0.0019257 0.0609304 0.0613677 0.0147015 0.0151671 0.0151102 0.0506960 0.0018615 0.0474444 2.1013955 0.0506190 0.0506190 2.1014730 0.0018826 0.0506165 0.0449411 0.0144209 0.0503571 0.0506344 0.0502100 0.0505128 0.0475123 0.0504214 0.0504214 0.0000000 0.0508481 0.0507650 0.0508546 0.0506261 0.0504806 0.0504115 0.0502795 0.0087816 0.0052067 0.0134823 0.0143650 0.0143161 2.1009794 0.0018618 0.0507983 0.0083986 0.0075698 0.0482831 0.0505057 0.0143678 0.0528797 0.0504365 0.0509031 0.0509448 0.0489392 0.0487110 0.9029187 
MW883599          0.0008864 0.0009418 0.0596257 0.0006062 0.0522096 0.0528891 0.0596257 0.0629461 0.0534610 0.0017669 0.0522093 0.0655086 0.0654154 0.0517832 0.0522627 0.0521985 0.0009378 0.0521460 0.0092911 2.0945875 0.0008823 0.0008823 2.0946648 0.0494508 0.0008823 0.0149062 0.0525129 0.0006615 0.0008826 0.0006614 0.0007719 0.0093520 0.0007167 0.0007167 0.0508481 0.0000000 0.0011036 0.0005510 0.0008824 0.0007718 0.0007165 0.0006062 0.0521647 0.0529578 0.0519639 0.0525806 0.0525129 2.0941692 0.0521131 0.0010477 0.0527888 0.0527030 0.0090473 0.0007722 0.0512571 0.0012401 0.0007169 0.0011592 0.0013243 0.0058554 0.0065219 0.8826019 
MW883600          0.0009975 0.0010530 0.0595364 0.0006060 0.0521257 0.0528107 0.0595364 0.0627789 0.0533763 0.0017664 0.0521250 0.0654318 0.0653386 0.0516995 0.0521787 0.0521145 0.0009375 0.0520621 0.0094122 2.0964029 0.0008821 0.0008821 2.0964803 0.0494457 0.0008820 0.0149586 0.0524288 0.0006613 0.0007718 0.0006612 0.0008825 0.0094731 0.0007165 0.0007165 0.0507650 0.0011036 0.0000000 0.0011037 0.0006611 0.0007715 0.0007163 0.0006060 0.0520808 0.0528734 0.0518779 0.0524965 0.0524288 2.0959848 0.0520293 0.0010474 0.0527046 0.0526172 0.0091683 0.0007720 0.0511734 0.0013645 0.0007167 0.0008270 0.0013239 0.0059752 0.0066419 0.8821054 
MW883601          0.0009979 0.0010534 0.0596339 0.0006062 0.0522163 0.0528935 0.0596339 0.0629516 0.0534680 0.0017670 0.0522160 0.0655181 0.0654249 0.0517899 0.0522695 0.0522052 0.0009379 0.0521527 0.0092915 2.0945537 0.0008824 0.0008824 2.0946310 0.0494546 0.0008824 0.0148454 0.0525197 0.0006615 0.0008827 0.0006614 0.0008828 0.0093524 0.0007168 0.0007168 0.0508546 0.0005510 0.0011037 0.0000000 0.0008825 0.0007718 0.0007166 0.0006062 0.0521714 0.0529646 0.0519707 0.0525874 0.0525197 2.0941352 0.0521198 0.0010478 0.0527957 0.0527100 0.0090476 0.0007723 0.0512637 0.0013026 0.0007170 0.0011593 0.0013244 0.0058556 0.0065221 0.8829328 
MW883602          0.0006644 0.0007198 0.0593916 0.0003854 0.0519863 0.0525775 0.0593916 0.0626328 0.0532361 0.0015446 0.0519850 0.0653504 0.0652573 0.0515601 0.0520391 0.0519749 0.0007165 0.0519228 0.0090418 2.0958849 0.0006611 0.0006611 2.0959623 0.0491494 0.0006611 0.0147217 0.0522892 0.0004406 0.0004406 0.0004405 0.0006615 0.0091027 0.0004957 0.0004957 0.0506261 0.0008824 0.0006611 0.0008825 0.0000000 0.0005508 0.0004956 0.0003854 0.0519414 0.0527334 0.0517348 0.0523569 0.0522892 2.0954665 0.0518899 0.0008264 0.0525648 0.0524748 0.0087983 0.0004407 0.0510338 0.0011156 0.0003855 0.0007164 0.0011026 0.0056114 0.0062770 0.8822795 
MW883603          0.0006643 0.0007197 0.0592377 0.0002752 0.0518399 0.0525710 0.0592377 0.0625588 0.0530885 0.0014337 0.0518379 0.0652756 0.0651827 0.0514138 0.0518924 0.0518282 0.0006060 0.0517764 0.0090409 2.0948261 0.0004405 0.0004405 2.0949033 0.0491435 0.0005507 0.0146012 0.0521426 0.0003303 0.0005509 0.0003302 0.0005510 0.0091017 0.0003854 0.0003854 0.0504806 0.0007718 0.0007715 0.0007718 0.0005508 0.0000000 0.0003853 0.0002752 0.0517950 0.0525863 0.0515846 0.0522102 0.0521426 2.0944077 0.0517435 0.0007159 0.0524180 0.0523251 0.0087973 0.0004407 0.0508874 0.0009912 0.0003855 0.0008269 0.0009919 0.0056108 0.0062763 0.8821680 
MW883606          0.0006089 0.0006643 0.0591651 0.0002201 0.0517705 0.0524951 0.0591651 0.0624852 0.0530186 0.0013784 0.0517681 0.0652019 0.0651090 0.0513444 0.0518229 0.0517587 0.0005508 0.0517070 0.0089792 2.0944021 0.0004956 0.0004956 2.0944793 0.0490701 0.0004956 0.0145420 0.0520730 0.0002752 0.0004957 0.0002752 0.0004958 0.0090400 0.0003303 0.0003303 0.0504115 0.0007165 0.0007163 0.0007166 0.0004956 0.0003853 0.0000000 0.0002201 0.0517255 0.0525166 0.0515134 0.0521406 0.0520730 2.0939837 0.0516740 0.0006608 0.0523483 0.0522541 0.0087357 0.0003855 0.0508179 0.0009291 0.0003304 0.0007717 0.0009366 0.0055502 0.0062156 0.8815884 
NC_003494         0.0004981 0.0005535 0.0590274 0.0000010 0.0516380 0.0522795 0.0590274 0.0623460 0.0528853 0.0012678 0.0516350 0.0650625 0.0649698 0.0512119 0.0516901 0.0516260 0.0004406 0.0515745 0.0088568 2.0936306 0.0003854 0.0003854 2.0937077 0.0489296 0.0003854 0.0144251 0.0519404 0.0001651 0.0003855 0.0001651 0.0003856 0.0089176 0.0002202 0.0002202 0.0502795 0.0006062 0.0006060 0.0006062 0.0003854 0.0002752 0.0002201 0.0000000 0.0515930 0.0523835 0.0513774 0.0520079 0.0519404 2.0932121 0.0515415 0.0005505 0.0522155 0.0521188 0.0086134 0.0002753 0.0506852 0.0008050 0.0002202 0.0006613 0.0008263 0.0054297 0.0060947 0.8817928 
OK042108          0.0521420 0.0522059 0.0170241 0.0515930 0.0082711 0.0115462 0.0170241 0.0546781 0.0093749 0.0503437 0.0081989 0.0603113 0.0606165 0.0101795 0.0106362 0.0105800 0.0520115 0.0082151 0.0488683 2.0984238 0.0519340 0.0519340 2.0985012 0.0088960 0.0519315 0.0463880 0.0064487 0.0516712 0.0519498 0.0515231 0.0518279 0.0489365 0.0517355 0.0517355 0.0087816 0.0521647 0.0520808 0.0521714 0.0519414 0.0517950 0.0517255 0.0515930 0.0000000 0.0113246 0.0066422 0.0063937 0.0065064 2.0980070 0.0083291 0.0521135 0.0008739 0.0044976 0.0497101 0.0518206 0.0098935 0.0544563 0.0517511 0.0522195 0.0522610 0.0501705 0.0500019 0.9006722 
OK042109          0.0529383 0.0530024 0.0243439 0.0523835 0.0039156 0.0065217 0.0243439 0.0529795 0.0044873 0.0509982 0.0036554 0.0591559 0.0595912 0.0173834 0.0178555 0.0177979 0.0528038 0.0038603 0.0492266 2.1010339 0.0527259 0.0527259 2.1011115 0.0035527 0.0527233 0.0465253 0.0171022 0.0524622 0.0527419 0.0523133 0.0526196 0.0492950 0.0525267 0.0525267 0.0052067 0.0529578 0.0528734 0.0529646 0.0527334 0.0525863 0.0525166 0.0523835 0.0113246 0.0000000 0.0167797 0.0170459 0.0170564 2.1006172 0.0034162 0.0529058 0.0110499 0.0100816 0.0500708 0.0526123 0.0170026 0.0549724 0.0525424 0.0530127 0.0529216 0.0507382 0.0505002 0.9020929 
OL774653          0.0519398 0.0520053 0.0140221 0.0513774 0.0138436 0.0178050 0.0140221 0.0521100 0.0148998 0.0500954 0.0137332 0.0580611 0.0583739 0.0071197 0.0075844 0.0075269 0.0517402 0.0137852 0.0480497 2.0827624 0.0517273 0.0517273 2.0828410 0.0147421 0.0516528 0.0469075 0.0001122 0.0514576 0.0517356 0.0513056 0.0516105 0.0481198 0.0515236 0.0515236 0.0134823 0.0519639 0.0518779 0.0519707 0.0517348 0.0515846 0.0515134 0.0513774 0.0066422 0.0167797 0.0000000 0.0000551 0.0001122 2.0823311 0.0137875 0.0519116 0.0067607 0.0108201 0.0489143 0.0516108 0.0066930 0.0539715 0.0515395 0.0520202 0.0519977 0.0490706 0.0491746 0.8915607 
OL774654          0.0525596 0.0526236 0.0135404 0.0520079 0.0142996 0.0181875 0.0135404 0.0536410 0.0153285 0.0507569 0.0140831 0.0597483 0.0600533 0.0068565 0.0073072 0.0072515 0.0524271 0.0142428 0.0492774 2.1013793 0.0523494 0.0523494 2.1014569 0.0152060 0.0523468 0.0480822 0.0001635 0.0520863 0.0523653 0.0519378 0.0522433 0.0493458 0.0521507 0.0521507 0.0143650 0.0525806 0.0524965 0.0525874 0.0523569 0.0522102 0.0521406 0.0520079 0.0063937 0.0170459 0.0000551 0.0000000 0.0002181 2.1009623 0.0142452 0.0525291 0.0065110 0.0104433 0.0501206 0.0522360 0.0067819 0.0546824 0.0521663 0.0526354 0.0526768 0.0505426 0.0503741 0.9006174 
OL774655          0.0524916 0.0525556 0.0135443 0.0519404 0.0142507 0.0181353 0.0135443 0.0537013 0.0152798 0.0506897 0.0140919 0.0598087 0.0601137 0.0068584 0.0073093 0.0072535 0.0523595 0.0141939 0.0492059 2.1007150 0.0522818 0.0522818 2.1007926 0.0151538 0.0522792 0.0480156 0.0000536 0.0520187 0.0522976 0.0518704 0.0521757 0.0492742 0.0520831 0.0520831 0.0143161 0.0525129 0.0524288 0.0525197 0.0522892 0.0521426 0.0520730 0.0519404 0.0065064 0.0170564 0.0001122 0.0002181 0.0000000 2.1002978 0.0141963 0.0524614 0.0066239 0.0105609 0.0500489 0.0521684 0.0067239 0.0546056 0.0520987 0.0525677 0.0526091 0.0504648 0.0503024 0.9002753 
OM037668          2.1044178 2.1046074 2.1289234 2.0932121 2.0984839 2.0053392 2.1289234 2.1265953 2.1064928 2.0922479 2.0970481 2.1091048 2.1061686 2.1019545 2.1025858 2.1025858 2.0942580 2.0987063 2.0151413 0.0002344 2.0944536 2.0944536 0.0002930 2.0173706 2.0934065 2.0996964 2.1002978 2.0937766 2.0944469 2.0936438 2.0951563 2.0150799 2.0944454 2.0944454 2.1009794 2.0941692 2.0959848 2.0941352 2.0954665 2.0944077 2.0939837 2.0932121 2.0980070 2.1006172 2.0823311 2.1009623 2.1002978 0.0000000 2.0988996 2.0933157 2.0990214 2.0762902 2.0152704 2.0940410 2.1007080 2.1507478 2.0938420 2.0945979 2.0945644 2.0145714 2.0137786 2.1937630 
ON075463          0.0520902 0.0521541 0.0218689 0.0515415 0.0004905 0.0028315 0.0218689 0.0572666 0.0010404 0.0501611 0.0004929 0.0617934 0.0622314 0.0150387 0.0155046 0.0154477 0.0519600 0.0004360 0.0485477 2.0993161 0.0518825 0.0518825 2.0993934 0.0000010 0.0518799 0.0455209 0.0143011 0.0516197 0.0518982 0.0514716 0.0517764 0.0486159 0.0516841 0.0516841 0.0018618 0.0521131 0.0520293 0.0521198 0.0518899 0.0517435 0.0516740 0.0515415 0.0083291 0.0034162 0.0137875 0.0142452 0.0141963 2.0988996 0.0000000 0.0520620 0.0077206 0.0071655 0.0493889 0.0517691 0.0144781 0.0541637 0.0516996 0.0521680 0.0522095 0.0500451 0.0498172 0.9026983 
ON212400          0.0009415 0.0009969 0.0595665 0.0005505 0.0521584 0.0527714 0.0595665 0.0628160 0.0534086 0.0017100 0.0521579 0.0654827 0.0653896 0.0517324 0.0522114 0.0521472 0.0008817 0.0520949 0.0092221 2.0937342 0.0008264 0.0008264 2.0938115 0.0493389 0.0008263 0.0148317 0.0524614 0.0006058 0.0008266 0.0006056 0.0008267 0.0092830 0.0006609 0.0006609 0.0507983 0.0010477 0.0010474 0.0010478 0.0008264 0.0007159 0.0006608 0.0005505 0.0521135 0.0529058 0.0519116 0.0525291 0.0524614 2.0933157 0.0520620 0.0000000 0.0527371 0.0526504 0.0089786 0.0007163 0.0512067 0.0012393 0.0006611 0.0011029 0.0012678 0.0057902 0.0064560 0.8811932 
ON740976          0.0527687 0.0528327 0.0175091 0.0522155 0.0077748 0.0109368 0.0175091 0.0550433 0.0087638 0.0509635 0.0077002 0.0604141 0.0607195 0.0108659 0.0113242 0.0112679 0.0526352 0.0077189 0.0492318 2.0994384 0.0525573 0.0525573 2.0995158 0.0083021 0.0525547 0.0467464 0.0065661 0.0522940 0.0525733 0.0521454 0.0524512 0.0493001 0.0523584 0.0523584 0.0083986 0.0527888 0.0527046 0.0527957 0.0525648 0.0524180 0.0523483 0.0522155 0.0008739 0.0110499 0.0067607 0.0065110 0.0066239 2.0990214 0.0077206 0.0527371 0.0000000 0.0044986 0.0500748 0.0524439 0.0104695 0.0550048 0.0523741 0.0528437 0.0528850 0.0505455 0.0503666 0.8998386 
ON743042          0.0526106 0.0526758 0.0149705 0.0521188 0.0069933 0.0101271 0.0149705 0.0568022 0.0082228 0.0508428 0.0069138 0.0613249 0.0616371 0.0082001 0.0086623 0.0086052 0.0525464 0.0069365 0.0490148 2.0767175 0.0524671 0.0524671 2.0767947 0.0075920 0.0524645 0.0457449 0.0104999 0.0521987 0.0524834 0.0520473 0.0522878 0.0490845 0.0521937 0.0521937 0.0075698 0.0527030 0.0526172 0.0527100 0.0524748 0.0523251 0.0522541 0.0521188 0.0044976 0.0100816 0.0108201 0.0104433 0.0105609 2.0762902 0.0071655 0.0526504 0.0044986 0.0000000 0.0497358 0.0521832 0.0080651 0.0548865 0.0521123 0.0527590 0.0527330 0.0502144 0.0499268 0.8992682 
OP009387          0.0089677 0.0090287 0.0576413 0.0086134 0.0495164 0.0527725 0.0576413 0.0585224 0.0508739 0.0097761 0.0493609 0.0618789 0.0614280 0.0492069 0.0496462 0.0496462 0.0089212 0.0494489 0.0009428 2.0157183 0.0089212 0.0089212 2.0157937 0.0493889 0.0086762 0.0083667 0.0500489 0.0086766 0.0088003 0.0086131 0.0088638 0.0010018 0.0087378 0.0087378 0.0482831 0.0090473 0.0091683 0.0090476 0.0087983 0.0087973 0.0087357 0.0086134 0.0497101 0.0500708 0.0489143 0.0501206 0.0500489 2.0152704 0.0493889 0.0089786 0.0500748 0.0497358 0.0000000 0.0086785 0.0484602 0.0091616 0.0086167 0.0091082 0.0092858 0.0035691 0.0030313 0.8305219 
OP896201          0.0004428 0.0004982 0.0592667 0.0002753 0.0518656 0.0524448 0.0592667 0.0625891 0.0531147 0.0014345 0.0518636 0.0653068 0.0652138 0.0514393 0.0519181 0.0518539 0.0006063 0.0518020 0.0089221 2.0944594 0.0005510 0.0005510 2.0945367 0.0490203 0.0005510 0.0146092 0.0521684 0.0003305 0.0004408 0.0003304 0.0005513 0.0089829 0.0003856 0.0003856 0.0505057 0.0007722 0.0007720 0.0007723 0.0004407 0.0004407 0.0003855 0.0002753 0.0518206 0.0526123 0.0516108 0.0522360 0.0521684 2.0940410 0.0517691 0.0007163 0.0524439 0.0521832 0.0086785 0.0000000 0.0509128 0.0009918 0.0000541 0.0006063 0.0009924 0.0054925 0.0060326 0.8823531 
OQ475017          0.0512307 0.0512947 0.0108319 0.0506852 0.0146474 0.0182432 0.0108319 0.0550255 0.0155675 0.0496959 0.0144323 0.0605209 0.0606893 0.0042623 0.0047107 0.0046550 0.0511041 0.0145903 0.0476179 2.1011265 0.0510266 0.0510266 2.1012044 0.0152510 0.0510241 0.0470295 0.0067256 0.0507634 0.0510421 0.0506153 0.0509200 0.0476861 0.0508279 0.0508279 0.0143678 0.0512571 0.0511734 0.0512637 0.0510338 0.0508874 0.0508179 0.0506852 0.0098935 0.0170026 0.0066930 0.0067819 0.0067239 2.1007080 0.0144781 0.0512067 0.0104695 0.0080651 0.0484602 0.0509128 0.0000000 0.0529643 0.0508432 0.0513123 0.0513541 0.0490325 0.0488628 0.9009017 
OQ513807          0.0011841 0.0011841 0.0628771 0.0008050 0.0542719 0.0551915 0.0628771 0.0654343 0.0542355 0.0017366 0.0542825 0.0683476 0.0682397 0.0539374 0.0544809 0.0544082 0.0011780 0.0542001 0.0093684 2.1517338 0.0011156 0.0011156 2.1518263 0.0512162 0.0011155 0.0164248 0.0546056 0.0008673 0.0011159 0.0008671 0.0010538 0.0094374 0.0009294 0.0009294 0.0528797 0.0012401 0.0013645 0.0013026 0.0011156 0.0009912 0.0009291 0.0008050 0.0544563 0.0549724 0.0539715 0.0546824 0.0546056 2.1507478 0.0541637 0.0012393 0.0550048 0.0548865 0.0091616 0.0009918 0.0529643 0.0000000 0.0009297 0.0014271 0.0000610 0.0062381 0.0069953 0.9171198 
OR356116          0.0003874 0.0004428 0.0591941 0.0002202 0.0517960 0.0523688 0.0591941 0.0625156 0.0530447 0.0013791 0.0517938 0.0652331 0.0651402 0.0513698 0.0518485 0.0517843 0.0005511 0.0517325 0.0088602 2.0942604 0.0004958 0.0004958 2.0943376 0.0489468 0.0004958 0.0145497 0.0520987 0.0002754 0.0003856 0.0002753 0.0004961 0.0089210 0.0003305 0.0003305 0.0504365 0.0007169 0.0007167 0.0007170 0.0003855 0.0003855 0.0003304 0.0002202 0.0517511 0.0525424 0.0515395 0.0521663 0.0520987 2.0938420 0.0516996 0.0006611 0.0523741 0.0521123 0.0086167 0.0000541 0.0508432 0.0009297 0.0000000 0.0005511 0.0009372 0.0054318 0.0059718 0.8821034 
OR536350          0.0008309 0.0008864 0.0596809 0.0006613 0.0522644 0.0528805 0.0596809 0.0630823 0.0535159 0.0018222 0.0522644 0.0658004 0.0657069 0.0518381 0.0523176 0.0522534 0.0009930 0.0522008 0.0093521 2.0950164 0.0009375 0.0009375 2.0950937 0.0494430 0.0009375 0.0150208 0.0525677 0.0007167 0.0007166 0.0007165 0.0009380 0.0094130 0.0007719 0.0007719 0.0509031 0.0011592 0.0008270 0.0011593 0.0007164 0.0008269 0.0007717 0.0006613 0.0522195 0.0530127 0.0520202 0.0526354 0.0525677 2.0945979 0.0521680 0.0011029 0.0528437 0.0527590 0.0091082 0.0006063 0.0513123 0.0014271 0.0005511 0.0000000 0.0013795 0.0059155 0.0065822 0.8828105 
OR670976          0.0012191 0.0012746 0.0595769 0.0008263 0.0523059 0.0529318 0.0595769 0.0628722 0.0535572 0.0019870 0.0523060 0.0655898 0.0654965 0.0517409 0.0522200 0.0521558 0.0011580 0.0522423 0.0095296 2.0949827 0.0011025 0.0011025 2.0950600 0.0494936 0.0011025 0.0151276 0.0526091 0.0008816 0.0011028 0.0008815 0.0011030 0.0095905 0.0009369 0.0009369 0.0509448 0.0013243 0.0013239 0.0013244 0.0011026 0.0009919 0.0009366 0.0008263 0.0522610 0.0529216 0.0519977 0.0526768 0.0526091 2.0945644 0.0522095 0.0012678 0.0528850 0.0527330 0.0092858 0.0009924 0.0513541 0.0000610 0.0009372 0.0013795 0.0000000 0.0060926 0.0067593 0.8820532 
PP151097          0.0057620 0.0058224 0.0581460 0.0054297 0.0501724 0.0534954 0.0581460 0.0584155 0.0514704 0.0066968 0.0501030 0.0621553 0.0617044 0.0497063 0.0501456 0.0501456 0.0057324 0.0501049 0.0039275 2.0150191 0.0057323 0.0057323 2.0150943 0.0500451 0.0057321 0.0076733 0.0504709 0.0054912 0.0056126 0.0054295 0.0056745 0.0039873 0.0055516 0.0055516 0.0489392 0.0058554 0.0059752 0.0058556 0.0056114 0.0056108 0.0055502 0.0054297 0.0501705 0.0507382 0.0490706 0.0505426 0.0504648 2.0145714 0.0500451 0.0057902 0.0505455 0.0502144 0.0035691 0.0054925 0.0490325 0.0062381 0.0054318 0.0059155 0.0060926 0.0000000 0.0008840 0.8297838 
PP974677          0.0064314 0.0064919 0.0579772 0.0060947 0.0499447 0.0531688 0.0579772 0.0585065 0.0512425 0.0073649 0.0498643 0.0621761 0.0617250 0.0495375 0.0499769 0.0499769 0.0063983 0.0498772 0.0033893 2.0142266 0.0063983 0.0063983 2.0143017 0.0498172 0.0063981 0.0070075 0.0503024 0.0061565 0.0062784 0.0060945 0.0063405 0.0034489 0.0062170 0.0062170 0.0487110 0.0065219 0.0066419 0.0065221 0.0062770 0.0062763 0.0062156 0.0060947 0.0500019 0.0505002 0.0491746 0.0503741 0.0503024 2.0137786 0.0498172 0.0064560 0.0503666 0.0499268 0.0030313 0.0060326 0.0488628 0.0069953 0.0059718 0.0065822 0.0067593 0.0008840 0.0000000 0.8298292 
PQ335173_PQ335174 0.8848039 0.8849853 0.9151968 0.8817928 0.9023720 0.8487819 0.9151968 0.8933060 0.9063312 0.8827523 0.9006746 0.8929423 0.8917316 0.9011459 0.9015666 0.9015120 0.8818973 0.9022839 0.8290709 2.1942319 0.8824837 0.8824837 2.1942527 0.8419368 0.8819594 0.8868111 0.9005112 0.8814691 0.8820725 0.8815917 0.8818500 0.8290862 0.8821288 0.8821288 0.9029187 0.8826019 0.8821054 0.8829328 0.8822795 0.8821680 0.8815884 0.8817928 0.9006722 0.9020929 0.8915607 0.9006174 0.9002753 2.1937630 0.9026983 0.8811932 0.8998386 0.8992682 0.8305219 0.8823531 0.9009017 0.9171198 0.8821034 0.8828105 0.8820532 0.8297838 0.8298292 0.0000000 
