27
Chlor_AMIV_KF938901_1_Chlor_AMIV_KF938901.1_00114             0.0000000 0.8278953 3.0175701 3.3846954 2.4569755 2.2711115 3.6814718 4.0168073 3.5471465 3.5471465 3.3710017 3.3488952 3.3927052 3.3488952 3.4136591 3.3805581 3.3805581 3.3927052 3.3853287 3.3853287 3.2640827 5.1421825 3.3432710 3.2999128 3.3046075 3.0339783 3.2169593 
Chlor_IIV22_HF920633_1_Chlor_IIV22_HF920633.1_00122           0.8278953 0.0000000 2.8563837 2.9778490 2.3040212 2.3389171 3.9939851 3.9110247 3.8458053 3.8458053 3.3746380 3.3545428 3.3727638 3.3545428 3.3936172 3.3633549 3.3633549 3.3727638 3.3653669 3.3653669 3.0902017 6.3366800 3.3443722 3.3124913 3.3062706 2.9408505 3.0916731 
Daphi_LS484712_1_Daphi_LS484712.1_00130                       3.0175701 2.8563837 0.0000000 3.6971001 3.4977940 3.0617144 4.0825759 4.3389144 3.8595202 3.8595202 3.7779546 3.8353034 3.8466169 3.8353034 3.8406908 3.8511077 3.8511077 3.8466169 3.8511634 3.8511634 3.1957520 8.9999989 3.7666877 3.7577371 3.7623194 3.7787066 3.5559854 
Decap_MF599468_1_Decap_MF599468.1_00075                       3.3846954 2.9778490 3.6971001 0.0000000 3.0511100 2.9818013 3.3820735 3.4099624 3.6625349 3.6625349 3.7175003 3.7370460 3.7724870 3.7370460 3.7781566 3.7607409 3.7607409 3.7724870 3.7781566 3.7781566 3.4347702 9.0000000 3.7687566 3.7463042 3.6984178 2.8982385 3.1656353 
Irido_IIV31_HF920637_1_Irido_IIV31_HF920637.1_00153           2.4569755 2.3040212 3.4977940 3.0511100 0.0000000 1.0768292 3.8880828 4.1882625 4.3481106 4.3481106 4.0343308 4.0531057 4.2075422 4.0531057 4.1940359 4.1354686 4.1354686 4.2075422 4.1986563 4.1986563 3.4487609 9.0000000 4.0766574 4.0496510 4.0188178 3.6026273 3.6699074 
Irido_IIV6_AF303741_1_Irido_IIV6_AF303741.1_00176             2.2711115 2.3389171 3.0617144 2.9818013 1.0768292 0.0000000 3.6192778 3.6058051 3.8431117 3.8431117 3.6454839 3.6343212 3.7491439 3.6343212 3.7440656 3.7055388 3.7055388 3.7491439 3.7476043 3.7476043 3.2311403 8.8433802 3.6412946 3.5559725 3.6036141 3.7847415 3.6595354 
Lymph_LCD4_MN803438_1_Lymph_LCD4_MN803438.1_00109             3.6814718 3.9939851 4.0825759 3.3820735 3.8880828 3.6192778 0.0000000 0.7132918 3.4585731 3.4585731 3.3737049 3.3847547 3.3701800 3.3847547 3.3825105 3.3759638 3.3759638 3.3701800 3.3725959 3.3725959 3.1383870 6.8559746 3.4333517 3.4106421 3.4324063 2.9323756 2.5502231 
Lymph_LDV1_L63545_1_Lymph_LDV1_L63545.1_00024                 4.0168073 3.9110247 4.3389144 3.4099624 4.1882625 3.6058051 0.7132918 0.0000000 3.5942836 3.5942836 3.4064404 3.3862190 3.3733156 3.3862190 3.3830724 3.3988255 3.3988255 3.3733156 3.3730058 3.3730058 3.2372345 5.9298146 3.5385447 3.4254917 3.4477548 2.8798618 2.5006321 
MCV_ML1_SDDV_MN562489_1_MCV_ML1_SDDV_MN562489.1_00059         3.5471465 3.8458053 3.8595202 3.6625349 4.3481106 3.8431117 3.4585731 3.5942836 0.0000000 0.0000010 1.4228722 1.4273305 1.4732310 1.4273305 1.4688005 1.4601936 1.4601936 1.4732310 1.4640189 1.4640189 1.2887777 2.5608776 1.4337514 1.4362468 1.4261022 3.6338844 3.2681262 
MCV_ML1_SDDV_MT521409_1_MCV_ML1_SDDV_MT521409.1_00060         3.5471465 3.8458053 3.8595202 3.6625349 4.3481106 3.8431117 3.4585731 3.5942836 0.0000010 0.0000000 1.4228722 1.4273305 1.4732310 1.4273305 1.4688005 1.4601936 1.4601936 1.4732310 1.4640189 1.4640189 1.2887777 2.5608776 1.4337514 1.4362468 1.4261022 3.6338844 3.2681262 
MCV_MP1_BCFI_MN432490_1_MCV_MP1_BCFI_MN432490.1_00114         3.3710017 3.3746380 3.7779546 3.7175003 4.0343308 3.6454839 3.3737049 3.4064404 1.4228722 1.4228722 0.0000000 0.0089181 0.0301127 0.0089181 0.0301225 0.0299786 0.0299786 0.0301127 0.0270662 0.0270662 0.0840157 0.0634162 0.0427221 0.0427345 0.0395602 3.4870623 3.4931386 
MCV_MP1_BCFI_MT926123_1_MCV_MP1_BCFI_MT926123.1_00113         3.3488952 3.3545428 3.8353034 3.7370460 4.0531057 3.6343212 3.3847547 3.3862190 1.4273305 1.4273305 0.0089181 0.0000000 0.0269567 0.0000010 0.0269654 0.0268375 0.0268375 0.0269567 0.0239305 0.0239305 0.0836894 0.0501225 0.0395063 0.0395177 0.0363661 3.4407453 3.4824122 
MCV_MP1_GSPI_KT804738_1_MCV_MP1_GSPI_KT804738.1_00111         3.3927052 3.3727638 3.8466169 3.7724870 4.2075422 3.7491439 3.3701800 3.3733156 1.4732310 1.4732310 0.0301127 0.0269567 0.0000000 0.0269567 0.0058883 0.0118041 0.0118041 0.0000010 0.0029394 0.0029394 0.0595291 0.0000010 0.0518414 0.0486820 0.0486567 3.4350003 3.5475902 
MCV_MP1_ISKNV_AF371960_1_MCV_MP1_ISKNV_AF371960.1_00113       3.3488952 3.3545428 3.8353034 3.7370460 4.0531057 3.6343212 3.3847547 3.3862190 1.4273305 1.4273305 0.0089181 0.0000010 0.0269567 0.0000000 0.0269654 0.0268375 0.0268375 0.0269567 0.0239305 0.0239305 0.0836894 0.0501225 0.0395063 0.0395177 0.0363661 3.4407453 3.4824122 
MCV_MP1_LYCI_AY779031_1_MCV_MP1_LYCI_AY779031.1_00122         3.4136591 3.3936172 3.8406908 3.7781566 4.1940359 3.7440656 3.3825105 3.3830724 1.4688005 1.4688005 0.0301225 0.0269654 0.0058883 0.0269654 0.0000000 0.0118079 0.0118079 0.0058883 0.0029404 0.0029404 0.0642287 0.0121037 0.0518580 0.0486976 0.0486723 3.4405055 3.5474255 
MCV_MP1_LYCI_MW139932_1_MCV_MP1_LYCI_MW139932.1_00115         3.3805581 3.3633549 3.8511077 3.7607409 4.1354686 3.7055388 3.3759638 3.3988255 1.4601936 1.4601936 0.0299786 0.0268375 0.0118041 0.0268375 0.0118079 0.0000000 0.0000010 0.0118041 0.0088417 0.0088417 0.0784166 0.0000010 0.0454732 0.0484609 0.0484358 3.4711146 3.5290337 
MCV_MP1_LYCI_OL774653_1_MCV_MP1_LYCI_OL774653.1_00008         3.3805581 3.3633549 3.8511077 3.7607409 4.1354686 3.7055388 3.3759638 3.3988255 1.4601936 1.4601936 0.0299786 0.0268375 0.0118041 0.0268375 0.0118079 0.0000010 0.0000000 0.0118041 0.0088417 0.0088417 0.0784166 0.0000010 0.0454732 0.0484609 0.0484358 3.4711146 3.5290337 
MCV_MP1_OSGI_AY894343_1_MCV_MP1_OSGI_AY894343.1_00115         3.3927052 3.3727638 3.8466169 3.7724870 4.2075422 3.7491439 3.3701800 3.3733156 1.4732310 1.4732310 0.0301127 0.0269567 0.0000010 0.0269567 0.0058883 0.0118041 0.0118041 0.0000000 0.0029394 0.0029394 0.0595291 0.0000010 0.0518414 0.0486820 0.0486567 3.4350003 3.5475902 
MCV_MP1_PI_MK098185_1_MCV_MP1_PI_MK098185.1_00114             3.3853287 3.3653669 3.8511634 3.7781566 4.1986563 3.7476043 3.3725959 3.3730058 1.4640189 1.4640189 0.0270662 0.0239305 0.0029394 0.0239305 0.0029404 0.0088417 0.0088417 0.0029394 0.0000000 0.0000010 0.0642287 0.0000010 0.0487294 0.0455808 0.0455572 3.4301005 3.5357121 
MCV_MP1_PI_MK098186_1_MCV_MP1_PI_MK098186.1_00111             3.3853287 3.3653669 3.8511634 3.7781566 4.1986563 3.7476043 3.3725959 3.3730058 1.4640189 1.4640189 0.0270662 0.0239305 0.0029394 0.0239305 0.0029404 0.0088417 0.0088417 0.0029394 0.0000010 0.0000000 0.0642287 0.0000010 0.0487294 0.0455808 0.0455572 3.4301005 3.5357121 
MCV_MP1_RBIV_AY532606_1_MCV_MP1_RBIV_AY532606.1_00119         3.2640827 3.0902017 3.1957520 3.4347702 3.4487609 3.2311403 3.1383870 3.2372345 1.2887777 1.2887777 0.0840157 0.0836894 0.0595291 0.0836894 0.0642287 0.0784166 0.0784166 0.0595291 0.0642287 0.0642287 0.0000000 0.0000010 0.1004059 0.1035512 0.1035512 2.9165757 3.3571943 
MCV_MP1_RBIV_AY532606_1_MCV_MP1_RBIV_AY532606.1_00120         5.1421825 6.3366800 8.9999989 9.0000000 9.0000000 8.8433802 6.8559746 5.9298146 2.5608776 2.5608776 0.0634162 0.0501225 0.0000010 0.0501225 0.0121037 0.0000010 0.0000010 0.0000010 0.0000010 0.0000010 0.0000010 0.0000000 0.0760521 0.0762207 0.0760521 8.9999983 6.6330789 
MCV_MP1_TRBIV_GQ273492_1_MCV_MP1_TRBIV_GQ273492.1_00110       3.3432710 3.3443722 3.7666877 3.7687566 4.0766574 3.6412946 3.4333517 3.5385447 1.4337514 1.4337514 0.0427221 0.0395063 0.0518414 0.0395063 0.0518580 0.0454732 0.0454732 0.0518414 0.0487294 0.0487294 0.1004059 0.0760521 0.0000000 0.0179462 0.0149094 3.4976792 3.4935572 
MCV_Unclassified_MG570131_1_MCV_Unclassified_MG570131.1_00110 3.2999128 3.3124913 3.7577371 3.7463042 4.0496510 3.5559725 3.4106421 3.4254917 1.4362468 1.4362468 0.0427345 0.0395177 0.0486820 0.0395177 0.0486976 0.0484609 0.0484609 0.0486820 0.0455808 0.0455808 0.1035512 0.0762207 0.0179462 0.0000000 0.0029549 3.4322142 3.4822114 
MCV_Unclassified_MG570132_1_MCV_Unclassified_MG570132.1_00110 3.3046075 3.3062706 3.7623194 3.6984178 4.0188178 3.6036141 3.4324063 3.4477548 1.4261022 1.4261022 0.0395602 0.0363661 0.0486567 0.0363661 0.0486723 0.0484358 0.0484358 0.0486567 0.0455572 0.0455572 0.1035512 0.0760521 0.0149094 0.0029549 0.0000000 3.4545845 3.4683603 
Rana_FV3_NC_005946_1_Rana_FV3_NC_005946.1_00092               3.0339783 2.9408505 3.7787066 2.8982385 3.6026273 3.7847415 2.9323756 2.8798618 3.6338844 3.6338844 3.4870623 3.4407453 3.4350003 3.4407453 3.4405055 3.4711146 3.4711146 3.4350003 3.4301005 3.4301005 2.9165757 8.9999983 3.4976792 3.4322142 3.4545845 0.0000000 1.0278387 
Rana_SGIV_AY521625_1_Rana_SGIV_AY521625.1_00142               3.2169593 3.0916731 3.5559854 3.1656353 3.6699074 3.6595354 2.5502231 2.5006321 3.2681262 3.2681262 3.4931386 3.4824122 3.5475902 3.4824122 3.5474255 3.5290337 3.5290337 3.5475902 3.5357121 3.5357121 3.3571943 6.6330789 3.4935572 3.4822114 3.4683603 1.0278387 0.0000000 
