27
AB104413_Megalocytivirus_pagrus1_RSIV                    0.0000000 0.0307531 0.0307531 0.0000010 0.0307913 0.0539414 0.0394817 0.0338429 0.0000010 0.0394817 2.1125116 0.0307913 0.0336251 2.1125116 0.0136174 2.0874945 0.0136174 0.6720250 0.0053293 0.0336892 0.0338429 0.0307923 0.0539414 0.0336892 0.0564935 0.0163892 0.0365695 
OP896201_Megalocytivirus_pagrus1_ISKNV                   0.0307531 0.0000000 0.0000010 0.0307531 0.0163921 0.0632630 0.0136601 0.0027173 0.0293827 0.0136601 2.0912987 0.0163921 0.0026987 2.0912987 0.0457358 2.0239101 0.0457358 0.6728845 0.0363981 0.0027040 0.0027173 0.0000010 0.0632630 0.0027040 0.0658111 0.0428535 0.0108997 
MT926123_Megalocytivirus_pagrus1_ISKNV                   0.0307531 0.0000010 0.0000000 0.0307531 0.0163921 0.0632630 0.0136601 0.0027173 0.0293827 0.0136601 2.0912987 0.0163921 0.0026987 2.0912987 0.0457358 2.0239101 0.0457358 0.6728845 0.0363981 0.0027040 0.0027173 0.0000010 0.0632630 0.0027040 0.0658111 0.0428535 0.0108997 
BD143114_Megalocytivirus_pagrus1_RSIV                    0.0000010 0.0307531 0.0307531 0.0000000 0.0307913 0.0539414 0.0394817 0.0338429 0.0000010 0.0394817 2.1125116 0.0307913 0.0336251 2.1125116 0.0136174 2.0874945 0.0136174 0.6720250 0.0053293 0.0336892 0.0338429 0.0307923 0.0539414 0.0336892 0.0564935 0.0163892 0.0365695 
MW883595_Megalocytivirus_pagrus1_ISKNV                   0.0307913 0.0163921 0.0163921 0.0307913 0.0000000 0.0569086 0.0080924 0.0192957 0.0324674 0.0080924 2.0507114 0.0000010 0.0191689 2.0507114 0.0457933 2.0468382 0.0457933 0.6781082 0.0364432 0.0192057 0.0192957 0.0164123 0.0569086 0.0192057 0.0594554 0.0429074 0.0053811 
MG570132_Megalocytivirus_pagrus1_TRBIV                   0.0539414 0.0632630 0.0632630 0.0539414 0.0569086 0.0000000 0.0659403 0.0666966 0.0569348 0.0659403 2.1335335 0.0569086 0.0662940 2.1335335 0.0696213 2.0429495 0.0696213 0.6496856 0.0597081 0.0664155 0.0666966 0.0633481 0.0000010 0.0664155 0.0106709 0.0727255 0.0629120 
PP974677_Megalocytivirus_pagrus1_ISKNV                   0.0394817 0.0136601 0.0136601 0.0394817 0.0080924 0.0659403 0.0000000 0.0165403 0.0416504 0.0000010 2.0666732 0.0080924 0.0164315 2.0666732 0.0547683 2.0393527 0.0547683 0.6834625 0.0451869 0.0164623 0.0165403 0.0136768 0.0659403 0.0164623 0.0655652 0.0518567 0.0026907 
MW883596_Megalocytivirus_pagrus1_ISKNV                   0.0338429 0.0027173 0.0027173 0.0338429 0.0192957 0.0666966 0.0165403 0.0000000 0.0326205 0.0165403 2.0969412 0.0192957 0.0054470 2.0969412 0.0490083 2.0293785 0.0490083 0.6731520 0.0395375 0.0054577 0.0000010 0.0027206 0.0666966 0.0054577 0.0692500 0.0461018 0.0137483 
OQ475017_Megalocytivirus_pagrus1_RSIV                    0.0000010 0.0293827 0.0293827 0.0000010 0.0324674 0.0569348 0.0416504 0.0326205 0.0000000 0.0416504 2.2120215 0.0324674 0.0323989 2.2120215 0.0143365 2.1416392 0.0143365 0.6817478 0.0056042 0.0324641 0.0326205 0.0294220 0.0569348 0.0324641 0.0596166 0.0172566 0.0385721 
PP151097_Megalocytivirus_pagrus1_ISKNV                   0.0394817 0.0136601 0.0136601 0.0394817 0.0080924 0.0659403 0.0000010 0.0165403 0.0416504 0.0000000 2.0666732 0.0080924 0.0164315 2.0666732 0.0547683 2.0393527 0.0547683 0.6834625 0.0451869 0.0164623 0.0165403 0.0136768 0.0659403 0.0164623 0.0655652 0.0518567 0.0026907 
OM037668_Megalocytivirus_lates1_SDDV                     2.1125116 2.0912987 2.0912987 2.1125116 2.0507114 2.1335335 2.0666732 2.0969412 2.2120215 2.0666732 0.0000000 2.0507114 2.0757611 0.0000010 2.1366972 0.7052856 2.1366972 2.0749729 2.1029566 2.0986858 2.0969412 2.0893620 2.1335335 2.0986858 2.0923354 2.1598244 2.0662116 
MN432490_Megalocytivirus_pagrus1_ISKNV                   0.0307913 0.0163921 0.0163921 0.0307913 0.0000010 0.0569086 0.0080924 0.0192957 0.0324674 0.0080924 2.0507114 0.0000000 0.0191689 2.0507114 0.0457933 2.0468382 0.0457933 0.6781082 0.0364432 0.0192057 0.0192957 0.0164123 0.0569086 0.0192057 0.0594554 0.0429074 0.0053811 
OR670976_Megalocytivirus_pagrus1_ISKNV                   0.0336251 0.0026987 0.0026987 0.0336251 0.0191689 0.0662940 0.0164315 0.0054470 0.0323989 0.0164315 2.0757611 0.0191689 0.0000000 2.0757611 0.0487003 2.0090443 0.0487003 0.6792157 0.0392868 0.0054206 0.0054470 0.0000010 0.0662940 0.0054206 0.0688365 0.0458098 0.0136565 
MN562489_Megalocytivirus_lates1_SDDV                     2.1125116 2.0912987 2.0912987 2.1125116 2.0507114 2.1335335 2.0666732 2.0969412 2.2120215 2.0666732 0.0000010 2.0507114 2.0757611 0.0000000 2.1366972 0.7052856 2.1366972 2.0749729 2.1029566 2.0986858 2.0969412 2.0893620 2.1335335 2.0986858 2.0923354 2.1598244 2.0662116 
OK042109_Megalocytivirus_pagrus1_RSIV                    0.0136174 0.0457358 0.0457358 0.0136174 0.0457933 0.0696213 0.0547683 0.0490083 0.0143365 0.0547683 2.1366972 0.0457933 0.0487003 2.1366972 0.0000000 2.1184542 0.0000010 0.6678647 0.0081266 0.0487922 0.0490083 0.0457960 0.0696213 0.0487922 0.0721601 0.0080256 0.0517605 
MK637631_European_chub_iridovirus_ECIV                   2.0874945 2.0239101 2.0239101 2.0874945 2.0468382 2.0429495 2.0393527 2.0293785 2.1416392 2.0393527 0.7052856 2.0468382 2.0090443 0.7052856 2.1184542 0.0000000 2.1184542 2.1360726 2.1023112 2.0405036 2.0293785 2.0217749 2.0429495 2.0405036 2.0076502 2.1008918 2.0440424 
ON075463_Megalocytivirus_pagrus1_RSIV                    0.0136174 0.0457358 0.0457358 0.0136174 0.0457933 0.0696213 0.0547683 0.0490083 0.0143365 0.0547683 2.1366972 0.0457933 0.0487003 2.1366972 0.0000010 2.1184542 0.0000000 0.6678647 0.0081266 0.0487922 0.0490083 0.0457960 0.0696213 0.0487922 0.0721601 0.0080256 0.0517605 
PQ335173_PQ335174_Threespine_stickleback_iridovirus_TSIV 0.6720250 0.6728845 0.6728845 0.6720250 0.6781082 0.6496856 0.6834625 0.6731520 0.6817478 0.6834625 2.0749729 0.6781082 0.6792157 2.0749729 0.6678647 2.1360726 0.6678647 0.0000000 0.6736366 0.6734698 0.6731520 0.6747987 0.6496856 0.6734698 0.6324640 0.6778634 0.6829189 
ON740976_Megalocytivirus_pagrus1_RSIV                    0.0053293 0.0363981 0.0363981 0.0053293 0.0364432 0.0597081 0.0451869 0.0395375 0.0056042 0.0451869 2.1029566 0.0364432 0.0392868 2.1029566 0.0081266 2.1023112 0.0081266 0.6736366 0.0000000 0.0393611 0.0395375 0.0364447 0.0597081 0.0393611 0.0622408 0.0163958 0.0422566 
23043610005_Megalocytivirus_pagrus1_ISKNV                0.0336892 0.0027040 0.0027040 0.0336892 0.0192057 0.0664155 0.0164623 0.0054577 0.0324641 0.0164623 2.0986858 0.0192057 0.0054206 2.0986858 0.0487922 2.0405036 0.0487922 0.6734698 0.0393611 0.0000000 0.0054577 0.0027073 0.0664155 0.0000010 0.0689616 0.0458967 0.0136831 
MW883597_Megalocytivirus_pagrus1_ISKNV                   0.0338429 0.0027173 0.0027173 0.0338429 0.0192957 0.0666966 0.0165403 0.0000010 0.0326205 0.0165403 2.0969412 0.0192957 0.0054470 2.0969412 0.0490083 2.0293785 0.0490083 0.6731520 0.0395375 0.0054577 0.0000000 0.0027206 0.0666966 0.0054577 0.0692500 0.0461018 0.0137483 
OQ513807_Megalocytivirus_pagrus1_ISKNV                   0.0307923 0.0000010 0.0000010 0.0307923 0.0164123 0.0633481 0.0136768 0.0027206 0.0294220 0.0136768 2.0893620 0.0164123 0.0000010 2.0893620 0.0457960 2.0217749 0.0457960 0.6747987 0.0364447 0.0027073 0.0027206 0.0000000 0.0633481 0.0027073 0.0658995 0.0429097 0.0109130 
MG570131_Megalocytivirus_pagrus1_TRBIV                   0.0539414 0.0632630 0.0632630 0.0539414 0.0569086 0.0000010 0.0659403 0.0666966 0.0569348 0.0659403 2.1335335 0.0569086 0.0662940 2.1335335 0.0696213 2.0429495 0.0696213 0.6496856 0.0597081 0.0664155 0.0666966 0.0633481 0.0000000 0.0664155 0.0106709 0.0727255 0.0629120 
MW883594_Megalocytivirus_pagrus1_ISKNV                   0.0336892 0.0027040 0.0027040 0.0336892 0.0192057 0.0664155 0.0164623 0.0054577 0.0324641 0.0164623 2.0986858 0.0192057 0.0054206 2.0986858 0.0487922 2.0405036 0.0487922 0.6734698 0.0393611 0.0000010 0.0054577 0.0027073 0.0664155 0.0000000 0.0689616 0.0458967 0.0136831 
GQ273492_Megalocytivirus_pagrus1_TRBIV                   0.0564935 0.0658111 0.0658111 0.0564935 0.0594554 0.0106709 0.0655652 0.0692500 0.0596166 0.0655652 2.0923354 0.0594554 0.0688365 2.0923354 0.0721601 2.0076502 0.0721601 0.6324640 0.0622408 0.0689616 0.0692500 0.0658995 0.0106709 0.0689616 0.0000000 0.0752594 0.0654474 
MW883598_Megalocytivirus_pagrus1_RSIV                    0.0163892 0.0428535 0.0428535 0.0163892 0.0429074 0.0727255 0.0518567 0.0461018 0.0172566 0.0518567 2.1598244 0.0429074 0.0458098 2.1598244 0.0080256 2.1008918 0.0080256 0.6778634 0.0163958 0.0458967 0.0461018 0.0429097 0.0727255 0.0458967 0.0752594 0.0000000 0.0488577 
OP009387_Megalocytivirus_pagrus1_ISKNV                   0.0365695 0.0108997 0.0108997 0.0365695 0.0053811 0.0629120 0.0026907 0.0137483 0.0385721 0.0026907 2.0662116 0.0053811 0.0136565 2.0662116 0.0517605 2.0440424 0.0517605 0.6829189 0.0422566 0.0136831 0.0137483 0.0109130 0.0629120 0.0136831 0.0654474 0.0488577 0.0000000 
