26
AB104413_Megalocytivirus_pagrus1_RSIV                    0.0000000 0.0309502 0.0309502 0.0000010 0.0310102 0.0539894 0.0396505 0.0338938 0.0000010 0.0396505 2.3789542 0.0310102 0.0338443 2.3789542 0.0135893 0.0135893 0.7067937 0.0052828 0.0339229 0.0338938 0.0310125 0.0539894 0.0339229 0.0567115 0.0163618 0.0367654 
OP896201_Megalocytivirus_pagrus1_ISKNV                   0.0309502 0.0000000 0.0000010 0.0309502 0.0162202 0.0626582 0.0135045 0.0026783 0.0295230 0.0135045 2.3594062 0.0162202 0.0026741 2.3594062 0.0462184 0.0462184 0.7096385 0.0366248 0.0026804 0.0026783 0.0000010 0.0626582 0.0026804 0.0653858 0.0432757 0.0107835 
MT926123_Megalocytivirus_pagrus1_ISKNV                   0.0309502 0.0000010 0.0000000 0.0309502 0.0162202 0.0626582 0.0135045 0.0026783 0.0295230 0.0135045 2.3594062 0.0162202 0.0026741 2.3594062 0.0462184 0.0462184 0.7096385 0.0366248 0.0026804 0.0026783 0.0000010 0.0626582 0.0026804 0.0653858 0.0432757 0.0107835 
BD143114_Megalocytivirus_pagrus1_RSIV                    0.0000010 0.0309502 0.0309502 0.0000000 0.0310102 0.0539894 0.0396505 0.0338938 0.0000010 0.0396505 2.3789542 0.0310102 0.0338443 2.3789542 0.0135893 0.0135893 0.7067937 0.0052828 0.0339229 0.0338938 0.0310125 0.0539894 0.0339229 0.0567115 0.0163618 0.0367654 
MW883595_Megalocytivirus_pagrus1_ISKNV                   0.0310102 0.0162202 0.0162202 0.0310102 0.0000000 0.0564592 0.0080119 0.0190043 0.0326125 0.0080119 2.3085211 0.0000010 0.0189761 2.3085211 0.0463106 0.0463106 0.7177571 0.0366960 0.0190198 0.0190043 0.0162514 0.0564592 0.0190198 0.0591734 0.0433618 0.0053314 
MG570132_Megalocytivirus_pagrus1_TRBIV                   0.0539894 0.0626582 0.0626582 0.0539894 0.0564592 0.0000000 0.0653061 0.0657800 0.0568115 0.0653061 2.4098223 0.0564592 0.0656933 2.4098223 0.0699519 0.0699519 0.6798614 0.0597695 0.0658399 0.0657800 0.0627891 0.0000010 0.0658399 0.0106163 0.0731086 0.0623529 
PP974677_Megalocytivirus_pagrus1_ISKNV                   0.0396505 0.0135045 0.0135045 0.0396505 0.0080119 0.0653061 0.0000000 0.0162748 0.0417099 0.0000010 2.3336209 0.0080119 0.0162504 2.3336209 0.0552178 0.0552178 0.7227758 0.0453763 0.0162880 0.0162748 0.0135304 0.0653061 0.0162880 0.0655051 0.0522424 0.0026633 
MW883596_Megalocytivirus_pagrus1_ISKNV                   0.0338938 0.0026783 0.0026783 0.0338938 0.0190043 0.0657800 0.0162748 0.0000000 0.0326062 0.0162748 2.3584249 0.0190043 0.0053713 2.3584249 0.0492860 0.0492860 0.7116169 0.0395938 0.0053838 0.0000010 0.0026834 0.0657800 0.0053838 0.0685133 0.0463283 0.0135373 
OQ475017_Megalocytivirus_pagrus1_RSIV                    0.0000010 0.0295230 0.0295230 0.0000010 0.0326125 0.0568115 0.0417099 0.0326062 0.0000000 0.0417099 2.4873171 0.0326125 0.0325560 2.4873171 0.0142659 0.0142659 0.7177496 0.0055382 0.0326356 0.0326062 0.0295852 0.0568115 0.0326356 0.0596711 0.0171795 0.0386718 
PP151097_Megalocytivirus_pagrus1_ISKNV                   0.0396505 0.0135045 0.0135045 0.0396505 0.0080119 0.0653061 0.0000010 0.0162748 0.0417099 0.0000000 2.3336209 0.0080119 0.0162504 2.3336209 0.0552178 0.0552178 0.7227758 0.0453763 0.0162880 0.0162748 0.0135304 0.0653061 0.0162880 0.0655051 0.0522424 0.0026633 
OM037668_Megalocytivirus_lates1_SDDV                     2.3789542 2.3594062 2.3594062 2.3789542 2.3085211 2.4098223 2.3336209 2.3584249 2.4873171 2.3336209 0.0000000 2.3085211 2.3460687 0.0000010 2.4140106 2.4140106 2.3669233 2.3765067 2.3668875 2.3584249 2.3592714 2.4098223 2.3668875 2.3715059 2.4294697 2.3289119 
MN432490_Megalocytivirus_pagrus1_ISKNV                   0.0310102 0.0162202 0.0162202 0.0310102 0.0000010 0.0564592 0.0080119 0.0190043 0.0326125 0.0080119 2.3085211 0.0000000 0.0189761 2.3085211 0.0463106 0.0463106 0.7177571 0.0366960 0.0190198 0.0190043 0.0162514 0.0564592 0.0190198 0.0591734 0.0433618 0.0053314 
OR670976_Megalocytivirus_pagrus1_ISKNV                   0.0338443 0.0026741 0.0026741 0.0338443 0.0189761 0.0656933 0.0162504 0.0053713 0.0325560 0.0162504 2.3460687 0.0189761 0.0000000 2.3460687 0.0492167 0.0492167 0.7167491 0.0395372 0.0053755 0.0053713 0.0000010 0.0656933 0.0053755 0.0684240 0.0462624 0.0135168 
MN562489_Megalocytivirus_lates1_SDDV                     2.3789542 2.3594062 2.3594062 2.3789542 2.3085211 2.4098223 2.3336209 2.3584249 2.4873171 2.3336209 0.0000010 2.3085211 2.3460687 0.0000000 2.4140106 2.4140106 2.3669233 2.3765067 2.3668875 2.3584249 2.3592714 2.4098223 2.3668875 2.3715059 2.4294697 2.3289119 
OK042109_Megalocytivirus_pagrus1_RSIV                    0.0135893 0.0462184 0.0462184 0.0135893 0.0463106 0.0699519 0.0552178 0.0492860 0.0142659 0.0552178 2.4140106 0.0463106 0.0492167 2.4140106 0.0000000 0.0000010 0.7046874 0.0081144 0.0493302 0.0492860 0.0463143 0.0699519 0.0493302 0.0727022 0.0079598 0.0522459 
ON075463_Megalocytivirus_pagrus1_RSIV                    0.0135893 0.0462184 0.0462184 0.0135893 0.0463106 0.0699519 0.0552178 0.0492860 0.0142659 0.0552178 2.4140106 0.0463106 0.0492167 2.4140106 0.0000010 0.0000000 0.7046874 0.0081144 0.0493302 0.0492860 0.0463143 0.0699519 0.0493302 0.0727022 0.0079598 0.0522459 
PQ335173_PQ335174_Threespine_stickleback_iridovirus_TSIV 0.7067937 0.7096385 0.7096385 0.7067937 0.7177571 0.6798614 0.7227758 0.7116169 0.7177496 0.7227758 2.3669233 0.7177571 0.7167491 2.3669233 0.7046874 0.7046874 0.0000000 0.7103602 0.7096334 0.7116169 0.7126080 0.6798614 0.7096334 0.6649142 0.7147987 0.7200515 
ON740976_Megalocytivirus_pagrus1_RSIV                    0.0052828 0.0366248 0.0366248 0.0052828 0.0366960 0.0597695 0.0453763 0.0395938 0.0055382 0.0453763 2.3765067 0.0366960 0.0395372 2.3765067 0.0081144 0.0081144 0.7103602 0.0000000 0.0396282 0.0395938 0.0366989 0.0597695 0.0396282 0.0624861 0.0163685 0.0424784 
23043610005_Megalocytivirus_pagrus1_ISKNV                0.0339229 0.0026804 0.0026804 0.0339229 0.0190198 0.0658399 0.0162880 0.0053838 0.0326356 0.0162880 2.3668875 0.0190198 0.0053755 2.3668875 0.0493302 0.0493302 0.7096334 0.0396282 0.0000000 0.0053838 0.0026854 0.0658399 0.0000010 0.0685757 0.0463696 0.0135482 
MW883597_Megalocytivirus_pagrus1_ISKNV                   0.0338938 0.0026783 0.0026783 0.0338938 0.0190043 0.0657800 0.0162748 0.0000010 0.0326062 0.0162748 2.3584249 0.0190043 0.0053713 2.3584249 0.0492860 0.0492860 0.7116169 0.0395938 0.0053838 0.0000000 0.0026834 0.0657800 0.0053838 0.0685133 0.0463283 0.0135373 
OQ513807_Megalocytivirus_pagrus1_ISKNV                   0.0310125 0.0000010 0.0000010 0.0310125 0.0162514 0.0627891 0.0135304 0.0026834 0.0295852 0.0135304 2.3592714 0.0162514 0.0000010 2.3592714 0.0463143 0.0463143 0.7126080 0.0366989 0.0026854 0.0026834 0.0000000 0.0627891 0.0026854 0.0655225 0.0433653 0.0108042 
MG570131_Megalocytivirus_pagrus1_TRBIV                   0.0539894 0.0626582 0.0626582 0.0539894 0.0564592 0.0000010 0.0653061 0.0657800 0.0568115 0.0653061 2.4098223 0.0564592 0.0656933 2.4098223 0.0699519 0.0699519 0.6798614 0.0597695 0.0658399 0.0657800 0.0627891 0.0000000 0.0658399 0.0106163 0.0731086 0.0623529 
MW883594_Megalocytivirus_pagrus1_ISKNV                   0.0339229 0.0026804 0.0026804 0.0339229 0.0190198 0.0658399 0.0162880 0.0053838 0.0326356 0.0162880 2.3668875 0.0190198 0.0053755 2.3668875 0.0493302 0.0493302 0.7096334 0.0396282 0.0000010 0.0053838 0.0026854 0.0658399 0.0000000 0.0685757 0.0463696 0.0135482 
GQ273492_Megalocytivirus_pagrus1_TRBIV                   0.0567115 0.0653858 0.0653858 0.0567115 0.0591734 0.0106163 0.0655051 0.0685133 0.0596711 0.0655051 2.3715059 0.0591734 0.0684240 2.3715059 0.0727022 0.0727022 0.6649142 0.0624861 0.0685757 0.0685133 0.0655225 0.0106163 0.0685757 0.0000000 0.0758626 0.0650680 
MW883598_Megalocytivirus_pagrus1_RSIV                    0.0163618 0.0432757 0.0432757 0.0163618 0.0433618 0.0731086 0.0522424 0.0463283 0.0171795 0.0522424 2.4294697 0.0433618 0.0462624 2.4294697 0.0079598 0.0079598 0.7147987 0.0163685 0.0463696 0.0463283 0.0433653 0.0731086 0.0463696 0.0758626 0.0000000 0.0492792 
OP009387_Megalocytivirus_pagrus1_ISKNV                   0.0367654 0.0107835 0.0107835 0.0367654 0.0053314 0.0623529 0.0026633 0.0135373 0.0386718 0.0026633 2.3289119 0.0053314 0.0135168 2.3289119 0.0522459 0.0522459 0.7200515 0.0424784 0.0135482 0.0135373 0.0108042 0.0623529 0.0135482 0.0650680 0.0492792 0.0000000 
