23
OL774654_Megalocytivirus_pagrus1_RSIV                    0.0000000 0.0610971 0.0673142 0.0000010 0.0694305 0.0673142 0.3398398 0.0250537 0.0250537 0.0610971 0.0694005 1.0607756 2.1568480 0.0834092 0.0694005 0.3398398 0.0231191 2.1568480 0.0834092 0.0231191 0.0645790 0.0172701 0.0172730 
PP974677_Megalocytivirus_pagrus1_ISKNV                   0.0610971 0.0000000 0.0096648 0.0610971 0.0116123 0.0096648 0.4144175 0.0696092 0.0696092 0.0000010 0.0116083 1.0705848 2.1301527 0.0931967 0.0116083 0.4144175 0.0675561 2.1301527 0.0931967 0.0675561 0.0748170 0.0530811 0.0653854 
MW883594_Megalocytivirus_pagrus1_ISKNV                   0.0673142 0.0096648 0.0000000 0.0673142 0.0019223 0.0000010 0.4169964 0.0758780 0.0758780 0.0096648 0.0019217 1.0773545 2.1155009 0.0995996 0.0019217 0.4169964 0.0738193 2.1155009 0.0995996 0.0738193 0.0810828 0.0592972 0.0716317 
OL774655_Megalocytivirus_pagrus1_RSIV                    0.0000010 0.0610971 0.0673142 0.0000000 0.0694305 0.0673142 0.3398398 0.0250537 0.0250537 0.0610971 0.0694005 1.0607756 2.1568480 0.0834092 0.0694005 0.3398398 0.0231191 2.1568480 0.0834092 0.0231191 0.0645790 0.0172701 0.0172730 
MW883602_Megalocytivirus_pagrus1_ISKNV                   0.0694305 0.0116123 0.0019223 0.0694305 0.0000000 0.0019223 0.4209550 0.0780175 0.0780175 0.0116123 0.0038481 1.0817826 2.1252362 0.1018018 0.0038481 0.4209550 0.0759556 2.1252362 0.1018018 0.0759556 0.0832260 0.0614080 0.0737607 
KT781098_Megalocytivirus_pagrus1_ISKNV                   0.0673142 0.0096648 0.0000010 0.0673142 0.0019223 0.0000000 0.4169964 0.0758780 0.0758780 0.0096648 0.0019217 1.0773545 2.1155009 0.0995996 0.0019217 0.4169964 0.0738193 2.1155009 0.0995996 0.0738193 0.0810828 0.0592972 0.0716317 
AB104413_Megalocytivirus_pagrus1_RSIV                    0.3398398 0.4144175 0.4169964 0.3398398 0.4209550 0.4169964 0.0000000 0.3696949 0.3696949 0.4144175 0.4204871 1.7906685 3.4224294 0.4573038 0.4204871 0.0000010 0.3666073 3.4224294 0.4573038 0.3666073 0.4230415 0.3620785 0.3720076 
MK689686_Megalocytivirus_pagrus1_RSIV                    0.0250537 0.0696092 0.0758780 0.0250537 0.0780175 0.0758780 0.3696949 0.0000000 0.0000010 0.0696092 0.0779828 1.0569955 2.1044392 0.0771977 0.0779828 0.3696949 0.0018949 2.1044392 0.0771977 0.0018949 0.0584499 0.0329959 0.0076048 
AP017456_Megalocytivirus_pagrus1_RSIV                    0.0250537 0.0696092 0.0758780 0.0250537 0.0780175 0.0758780 0.3696949 0.0000010 0.0000000 0.0696092 0.0779828 1.0569955 2.1044392 0.0771977 0.0779828 0.3696949 0.0018949 2.1044392 0.0771977 0.0018949 0.0584499 0.0329959 0.0076048 
MN432490_Megalocytivirus_pagrus1_ISKNV                   0.0610971 0.0000010 0.0096648 0.0610971 0.0116123 0.0096648 0.4144175 0.0696092 0.0696092 0.0000000 0.0116083 1.0705848 2.1301527 0.0931967 0.0116083 0.4144175 0.0675561 2.1301527 0.0931967 0.0675561 0.0748170 0.0530811 0.0653854 
MT128666_Megalocytivirus_pagrus1_ISKNV                   0.0694005 0.0116083 0.0019217 0.0694005 0.0038481 0.0019217 0.4204871 0.0779828 0.0779828 0.0116083 0.0000000 1.0751947 2.1077209 0.1017532 0.0000010 0.4204871 0.0759220 2.1077209 0.1017532 0.0759220 0.0831886 0.0613820 0.0737284 
PQ335173_PQ335174_Threespine_stickleback_iridovirus_TSIV 1.0607756 1.0705848 1.0773545 1.0607756 1.0817826 1.0773545 1.7906685 1.0569955 1.0569955 1.0705848 1.0751947 0.0000000 2.3456249 1.0586899 1.0751947 1.7906685 1.0631966 2.3456249 1.0586899 1.0631966 1.0877377 1.0857255 1.0686954 
MT521409_Megalocytivirus_lates1_SDDV                     2.1568480 2.1301527 2.1155009 2.1568480 2.1252362 2.1155009 3.4224294 2.1044392 2.1044392 2.1301527 2.1077209 2.3456249 0.0000000 2.0904359 2.1077209 3.4224294 2.1158636 0.0000010 2.0904359 2.1158636 2.1204318 2.1338952 2.1033089 
MG570132_Megalocytivirus_pagrus1_TRBIV                   0.0834092 0.0931967 0.0995996 0.0834092 0.1018018 0.0995996 0.4573038 0.0771977 0.0771977 0.0931967 0.1017532 1.0586899 2.0904359 0.0000000 0.1017532 0.4573038 0.0751480 2.0904359 0.0000010 0.0751480 0.0452280 0.0729709 0.0771560 
MT128667_Megalocytivirus_pagrus1_ISKNV                   0.0694005 0.0116083 0.0019217 0.0694005 0.0038481 0.0019217 0.4204871 0.0779828 0.0779828 0.0116083 0.0000010 1.0751947 2.1077209 0.1017532 0.0000000 0.4204871 0.0759220 2.1077209 0.1017532 0.0759220 0.0831886 0.0613820 0.0737284 
BD143114_Megalocytivirus_pagrus1_RSIV                    0.3398398 0.4144175 0.4169964 0.3398398 0.4209550 0.4169964 0.0000010 0.3696949 0.3696949 0.4144175 0.4204871 1.7906685 3.4224294 0.4573038 0.4204871 0.0000000 0.3666073 3.4224294 0.4573038 0.3666073 0.4230415 0.3620785 0.3720076 
OK042109_Megalocytivirus_pagrus1_RSIV                    0.0231191 0.0675561 0.0738193 0.0231191 0.0759556 0.0738193 0.3666073 0.0018949 0.0018949 0.0675561 0.0759220 1.0631966 2.1158636 0.0751480 0.0759220 0.3666073 0.0000000 2.1158636 0.0751480 0.0000010 0.0564224 0.0310447 0.0095223 
MN562489_Megalocytivirus_lates1_SDDV                     2.1568480 2.1301527 2.1155009 2.1568480 2.1252362 2.1155009 3.4224294 2.1044392 2.1044392 2.1301527 2.1077209 2.3456249 0.0000010 2.0904359 2.1077209 3.4224294 2.1158636 0.0000000 2.0904359 2.1158636 2.1204318 2.1338952 2.1033089 
MG570131_Megalocytivirus_pagrus1_TRBIV                   0.0834092 0.0931967 0.0995996 0.0834092 0.1018018 0.0995996 0.4573038 0.0771977 0.0771977 0.0931967 0.1017532 1.0586899 2.0904359 0.0000010 0.1017532 0.4573038 0.0751480 2.0904359 0.0000000 0.0751480 0.0452280 0.0729709 0.0771560 
MW883598_Megalocytivirus_pagrus1_RSIV                    0.0231191 0.0675561 0.0738193 0.0231191 0.0759556 0.0738193 0.3666073 0.0018949 0.0018949 0.0675561 0.0759220 1.0631966 2.1158636 0.0751480 0.0759220 0.3666073 0.0000010 2.1158636 0.0751480 0.0000000 0.0564224 0.0310447 0.0095223 
GQ273492_Megalocytivirus_pagrus1_TRBIV                   0.0645790 0.0748170 0.0810828 0.0645790 0.0832260 0.0810828 0.4230415 0.0584499 0.0584499 0.0748170 0.0831886 1.0877377 2.1204318 0.0452280 0.0831886 0.4230415 0.0564224 2.1204318 0.0452280 0.0564224 0.0000000 0.0459772 0.0584189 
OQ475017_Megalocytivirus_pagrus1_RSIV                    0.0172701 0.0530811 0.0592972 0.0172701 0.0614080 0.0592972 0.3620785 0.0329959 0.0329959 0.0530811 0.0613820 1.0857255 2.1338952 0.0729709 0.0613820 0.3620785 0.0310447 2.1338952 0.0729709 0.0310447 0.0459772 0.0000000 0.0251263 
OK042108_Megalocytivirus_pagrus1_RSIV                    0.0172730 0.0653854 0.0716317 0.0172730 0.0737607 0.0716317 0.3720076 0.0076048 0.0076048 0.0653854 0.0737284 1.0686954 2.1033089 0.0771560 0.0737284 0.3720076 0.0095223 2.1033089 0.0771560 0.0095223 0.0584189 0.0251263 0.0000000 
