24
OL774654_Megalocytivirus_pagrus1_RSIV                    0.0000000 0.0610049 0.0672115 0.0000010 0.0693232 0.0672115 0.3355840 0.0250400 0.0250400 0.0610049 0.0692929 1.0405936 1.9453572 2.0932622 0.0832502 0.0692929 0.3355840 0.0231072 2.0932622 0.0832502 0.0231072 0.0644733 0.0172637 0.0172655 
PP974677_Megalocytivirus_pagrus1_ISKNV                   0.0610049 0.0000000 0.0096633 0.0610049 0.0116102 0.0096633 0.4088129 0.0694930 0.0694930 0.0000010 0.0116061 1.0500249 1.9177151 2.0678035 0.0930276 0.0116061 0.4088129 0.0674452 2.0678035 0.0930276 0.0674452 0.0747216 0.0529978 0.0652803 
MW883594_Megalocytivirus_pagrus1_ISKNV                   0.0672115 0.0096633 0.0000000 0.0672115 0.0019223 0.0000010 0.4113782 0.0757499 0.0757499 0.0096633 0.0019216 1.0566202 1.9093240 2.0539481 0.0994161 0.0019216 0.4113782 0.0736968 2.0539481 0.0994161 0.0736968 0.0809757 0.0592031 0.0715153 
OL774655_Megalocytivirus_pagrus1_RSIV                    0.0000010 0.0610049 0.0672115 0.0000000 0.0693232 0.0672115 0.3355840 0.0250400 0.0250400 0.0610049 0.0692929 1.0405936 1.9453572 2.0932622 0.0832502 0.0692929 0.3355840 0.0231072 2.0932622 0.0832502 0.0231072 0.0644733 0.0172637 0.0172655 
MW883602_Megalocytivirus_pagrus1_ISKNV                   0.0693232 0.0116102 0.0019223 0.0693232 0.0000000 0.0019223 0.4152588 0.0778841 0.0778841 0.0116102 0.0038479 1.0609756 1.9181251 2.0633662 0.1016115 0.0038479 0.4152588 0.0758279 2.0633662 0.1016115 0.0758279 0.0831134 0.0613095 0.0736393 
KT781098_Megalocytivirus_pagrus1_ISKNV                   0.0672115 0.0096633 0.0000010 0.0672115 0.0019223 0.0000000 0.4113782 0.0757499 0.0757499 0.0096633 0.0019216 1.0566202 1.9093240 2.0539481 0.0994161 0.0019216 0.4113782 0.0736968 2.0539481 0.0994161 0.0736968 0.0809757 0.0592031 0.0715153 
AB104413_Megalocytivirus_pagrus1_RSIV                    0.3355840 0.4088129 0.4113782 0.3355840 0.4152588 0.4113782 0.0000000 0.3650278 0.3650278 0.4088129 0.4148106 1.7400767 2.9640357 3.2941699 0.4508511 0.4148106 0.0000010 0.3619942 3.2941699 0.4508511 0.3619942 0.4173009 0.3574605 0.3671735 
MK689686_Megalocytivirus_pagrus1_RSIV                    0.0250400 0.0694930 0.0757499 0.0250400 0.0778841 0.0757499 0.3650278 0.0000000 0.0000010 0.0694930 0.0778492 1.0369962 1.9279974 2.0428860 0.0770476 0.0778492 0.3650278 0.0018949 2.0428860 0.0770476 0.0018949 0.0583517 0.0329717 0.0076040 
AP017456_Megalocytivirus_pagrus1_RSIV                    0.0250400 0.0694930 0.0757499 0.0250400 0.0778841 0.0757499 0.3650278 0.0000010 0.0000000 0.0694930 0.0778492 1.0369962 1.9279974 2.0428860 0.0770476 0.0778492 0.3650278 0.0018949 2.0428860 0.0770476 0.0018949 0.0583517 0.0329717 0.0076040 
MN432490_Megalocytivirus_pagrus1_ISKNV                   0.0610049 0.0000010 0.0096633 0.0610049 0.0116102 0.0096633 0.4088129 0.0694930 0.0694930 0.0000000 0.0116061 1.0500249 1.9177151 2.0678035 0.0930276 0.0116061 0.4088129 0.0674452 2.0678035 0.0930276 0.0674452 0.0747216 0.0529978 0.0652803 
MT128666_Megalocytivirus_pagrus1_ISKNV                   0.0692929 0.0116061 0.0019216 0.0692929 0.0038479 0.0019216 0.4148106 0.0778492 0.0778492 0.0116061 0.0000000 1.0545527 1.9021865 2.0463534 0.1015627 0.0000010 0.4148106 0.0757940 2.0463534 0.1015627 0.0757940 0.0830757 0.0612831 0.0736066 
PQ335173_PQ335174_Threespine_stickleback_iridovirus_TSIV 1.0405936 1.0500249 1.0566202 1.0405936 1.0609756 1.0566202 1.7400767 1.0369962 1.0369962 1.0500249 1.0545527 0.0000000 2.0520223 2.2738667 1.0382859 1.0545527 1.7400767 1.0430704 2.2738667 1.0382859 1.0430704 1.0664249 1.0646273 1.0483498 
MK637631_European_chub_iridovirus_ECIV                   1.9453572 1.9177151 1.9093240 1.9453572 1.9181251 1.9093240 2.9640357 1.9279974 1.9279974 1.9177151 1.9021865 2.0520223 0.0000000 0.8462096 1.9270851 1.9021865 2.9640357 1.9302693 0.8462096 1.9270851 1.9302693 1.9343299 1.9539229 1.9297875 
MT521409_Megalocytivirus_lates1_SDDV                     2.0932622 2.0678035 2.0539481 2.0932622 2.0633662 2.0539481 3.2941699 2.0428860 2.0428860 2.0678035 2.0463534 2.2738667 0.8462096 0.0000000 2.0299838 2.0463534 3.2941699 2.0537885 0.0000010 2.0299838 2.0537885 2.0579503 2.0714563 2.0419164 
MG570132_Megalocytivirus_pagrus1_TRBIV                   0.0832502 0.0930276 0.0994161 0.0832502 0.1016115 0.0994161 0.4508511 0.0770476 0.0770476 0.0930276 0.1015627 1.0382859 1.9270851 2.0299838 0.0000000 0.1015627 0.4508511 0.0750043 2.0299838 0.0000010 0.0750043 0.0451871 0.0728436 0.0770091 
MT128667_Megalocytivirus_pagrus1_ISKNV                   0.0692929 0.0116061 0.0019216 0.0692929 0.0038479 0.0019216 0.4148106 0.0778492 0.0778492 0.0116061 0.0000010 1.0545527 1.9021865 2.0463534 0.1015627 0.0000000 0.4148106 0.0757940 2.0463534 0.1015627 0.0757940 0.0830757 0.0612831 0.0736066 
BD143114_Megalocytivirus_pagrus1_RSIV                    0.3355840 0.4088129 0.4113782 0.3355840 0.4152588 0.4113782 0.0000010 0.3650278 0.3650278 0.4088129 0.4148106 1.7400767 2.9640357 3.2941699 0.4508511 0.4148106 0.0000000 0.3619942 3.2941699 0.4508511 0.3619942 0.4173009 0.3574605 0.3671735 
OK042109_Megalocytivirus_pagrus1_RSIV                    0.0231072 0.0674452 0.0736968 0.0231072 0.0758279 0.0736968 0.3619942 0.0018949 0.0018949 0.0674452 0.0757940 1.0430704 1.9302693 2.0537885 0.0750043 0.0757940 0.3619942 0.0000000 2.0537885 0.0750043 0.0000010 0.0563293 0.0310230 0.0095209 
MN562489_Megalocytivirus_lates1_SDDV                     2.0932622 2.0678035 2.0539481 2.0932622 2.0633662 2.0539481 3.2941699 2.0428860 2.0428860 2.0678035 2.0463534 2.2738667 0.8462096 0.0000010 2.0299838 2.0463534 3.2941699 2.0537885 0.0000000 2.0299838 2.0537885 2.0579503 2.0714563 2.0419164 
MG570131_Megalocytivirus_pagrus1_TRBIV                   0.0832502 0.0930276 0.0994161 0.0832502 0.1016115 0.0994161 0.4508511 0.0770476 0.0770476 0.0930276 0.1015627 1.0382859 1.9270851 2.0299838 0.0000010 0.1015627 0.4508511 0.0750043 2.0299838 0.0000000 0.0750043 0.0451871 0.0728436 0.0770091 
MW883598_Megalocytivirus_pagrus1_RSIV                    0.0231072 0.0674452 0.0736968 0.0231072 0.0758279 0.0736968 0.3619942 0.0018949 0.0018949 0.0674452 0.0757940 1.0430704 1.9302693 2.0537885 0.0750043 0.0757940 0.3619942 0.0000010 2.0537885 0.0750043 0.0000000 0.0563293 0.0310230 0.0095209 
GQ273492_Megalocytivirus_pagrus1_TRBIV                   0.0644733 0.0747216 0.0809757 0.0644733 0.0831134 0.0809757 0.4173009 0.0583517 0.0583517 0.0747216 0.0830757 1.0664249 1.9343299 2.0579503 0.0451871 0.0830757 0.4173009 0.0563293 2.0579503 0.0451871 0.0563293 0.0000000 0.0459179 0.0583231 
OQ475017_Megalocytivirus_pagrus1_RSIV                    0.0172637 0.0529978 0.0592031 0.0172637 0.0613095 0.0592031 0.3574605 0.0329717 0.0329717 0.0529978 0.0612831 1.0646273 1.9539229 2.0714563 0.0728436 0.0612831 0.3574605 0.0310230 2.0714563 0.0728436 0.0310230 0.0459179 0.0000000 0.0251109 
OK042108_Megalocytivirus_pagrus1_RSIV                    0.0172655 0.0652803 0.0715153 0.0172655 0.0736393 0.0715153 0.3671735 0.0076040 0.0076040 0.0652803 0.0736066 1.0483498 1.9297875 2.0419164 0.0770091 0.0736066 0.3671735 0.0095209 2.0419164 0.0770091 0.0095209 0.0583231 0.0251109 0.0000000 
