15
MK098186_Megalocytivirus_pagrus1_RSIV  0.0000000 0.0526662 0.0126650 0.0526662 0.0063127 0.0063127 0.0593689 0.0000010 0.0591477 0.1093678 0.0591477 0.0126650 0.0531038 0.0905400 0.0905400 
MW883600_Megalocytivirus_pagrus1_ISKNV 0.0526662 0.0000000 0.0523550 0.0000010 0.0456597 0.0456597 0.0063555 0.0526662 0.0192117 0.0881775 0.0192117 0.0523550 0.0000010 0.0896449 0.0896449 
AY894343_Megalocytivirus_pagrus1_RSIV  0.0126650 0.0523550 0.0000000 0.0523550 0.0062546 0.0062546 0.0590186 0.0126650 0.0587998 0.1087186 0.0587998 0.0000010 0.0527875 0.1024709 0.1024709 
OR536350_Megalocytivirus_pagrus1_ISKNV 0.0526662 0.0000010 0.0523550 0.0000000 0.0456597 0.0456597 0.0063555 0.0526662 0.0192117 0.0881775 0.0192117 0.0523550 0.0000010 0.0896449 0.0896449 
OL774654_Megalocytivirus_pagrus1_RSIV  0.0063127 0.0456597 0.0062546 0.0456597 0.0000000 0.0000010 0.0522878 0.0063127 0.0520925 0.1015832 0.0520925 0.0062546 0.0460357 0.0905400 0.0905400 
ON740976_Megalocytivirus_pagrus1_RSIV  0.0063127 0.0456597 0.0062546 0.0456597 0.0000010 0.0000000 0.0522878 0.0063127 0.0520925 0.1015832 0.0520925 0.0062546 0.0460357 0.0905400 0.0905400 
MW273354_Megalocytivirus_pagrus1_ISKNV 0.0593689 0.0063555 0.0590186 0.0063555 0.0522878 0.0522878 0.0000000 0.0593689 0.0256672 0.0951527 0.0256672 0.0590186 0.0064063 0.1012290 0.1012290 
OQ475017_Megalocytivirus_pagrus1_RSIV  0.0000010 0.0526662 0.0126650 0.0526662 0.0063127 0.0063127 0.0593689 0.0000000 0.0591477 0.1093678 0.0591477 0.0126650 0.0531038 0.0905400 0.0905400 
PP974677_Megalocytivirus_pagrus1_ISKNV 0.0591477 0.0192117 0.0587998 0.0192117 0.0520925 0.0520925 0.0256672 0.0591477 0.0000000 0.0740662 0.0000010 0.0587998 0.0193671 0.0782423 0.0782423 
GQ273492_Megalocytivirus_pagrus1_TRBIV 0.1093678 0.0881775 0.1087186 0.0881775 0.1015832 0.1015832 0.0951527 0.1093678 0.0740662 0.0000000 0.0740662 0.1087186 0.0889341 0.0673576 0.0673576 
MT986830_Megalocytivirus_pagrus1_ISKNV 0.0591477 0.0192117 0.0587998 0.0192117 0.0520925 0.0520925 0.0256672 0.0591477 0.0000010 0.0740662 0.0000000 0.0587998 0.0193671 0.0782423 0.0782423 
KT781098_Megalocytivirus_pagrus1_ISKNV 0.0126650 0.0523550 0.0000010 0.0523550 0.0062546 0.0062546 0.0590186 0.0126650 0.0587998 0.1087186 0.0587998 0.0000000 0.0527875 0.1024709 0.1024709 
MK689685_Megalocytivirus_pagrus1_ISKNV 0.0531038 0.0000010 0.0527875 0.0000010 0.0460357 0.0460357 0.0064063 0.0531038 0.0193671 0.0889341 0.0193671 0.0527875 0.0000000 0.0896449 0.0896449 
MG570132_Megalocytivirus_pagrus1_TRBIV 0.0905400 0.0896449 0.1024709 0.0896449 0.0905400 0.0905400 0.1012290 0.0905400 0.0782423 0.0673576 0.0782423 0.1024709 0.0896449 0.0000000 0.0000010 
MG570131_Megalocytivirus_pagrus1_TRBIV 0.0905400 0.0896449 0.1024709 0.0896449 0.0905400 0.0905400 0.1012290 0.0905400 0.0782423 0.0673576 0.0782423 0.1024709 0.0896449 0.0000010 0.0000000 
