HOG	OG	Gene Tree Parent Clade	AF303741.1	AF371960.1	AY521625.1	AY532606.1	AY779031.1	AY894343.1	BD143114.1	GQ273492.1	HF920633.1	HF920637.1	KC244182.1	KF938901.1	KT804738.1	L63545.1	LS484712.1	MF599468.1	MG570131.1	MG570132.1	MK098185.1	MK098186.1	MK098187.1	MK689685.1	MK689686.1	MN432490.1	MN562489.1	MN803438.1	MT521409.1	MT798582.1	MT926123.1	MT986830.1	MW139932.1	NC_005946.1	NC_027778.1	OK042108.1	OK042109.1	OL310752.1	OL774653.1	OL774654.1	OL774655.1	OM037668.1	ON075463.1	ON740976.1	ON743042.1	OP009387.1	OQ475017.1
N1.HOG0000000	OG0000000	n0	AF303741.1_00079, AF303741.1_00152	AF371960.1_00031	AY521625.1_00091		AY779031.1_00034	AY894343.1_00029	BD143114.1_00045	GQ273492.1_00030	HF920633.1_00044	HF920637.1_00129, HF920637.1_00164	KC244182.1_00029	KF938901.1_00126	KT804738.1_00029	L63545.1_00007	LS484712.1_00114	MF599468.1_00057, MF599468.1_00056	MG570131.1_00031	MG570132.1_00031	MK098185.1_00033	MK098186.1_00030	MK098187.1_00033	MK689685.1_00029	MK689686.1_00029	MN432490.1_00032	MN562489.1_00102	MN803438.1_00124	MT521409.1_00103	MT798582.1_00076	MT926123.1_00032	MT986830.1_00033	MW139932.1_00033	NC_005946.1_00010	NC_027778.1_00083	OK042108.1_00047	OK042109.1_00047	OL310752.1_00108, OL310752.1_00113	OL774653.1_00051	OL774654.1_00031	OL774655.1_00034	OM037668.1_00035	ON075463.1_00029	ON740976.1_00030	ON743042.1_00031	OP009387.1_00030	OQ475017.1_00030
N1.HOG0000001	OG0000001	n0	AF303741.1_00200, AF303741.1_00047	AF371960.1_00008	AY521625.1_00077		AY779031.1_00008	AY894343.1_00008	BD143114.1_00067	GQ273492.1_00008	HF920633.1_00069	HF920637.1_00059	KC244182.1_00008	KF938901.1_00080	KT804738.1_00008	L63545.1_00035	LS484712.1_00095	MF599468.1_00163	MG570131.1_00009	MG570132.1_00009	MK098185.1_00008	MK098186.1_00008	MK098187.1_00008	MK689685.1_00008	MK689686.1_00008	MN432490.1_00008	MN562489.1_00081	MN803438.1_00101, MN803438.1_00056	MT521409.1_00082	MT798582.1_00018	MT926123.1_00008	MT986830.1_00008	MW139932.1_00008	NC_005946.1_00053	NC_027778.1_00062	OK042108.1_00068	OK042109.1_00068	OL310752.1_00018	OL774653.1_00026	OL774654.1_00008	OL774655.1_00008	OM037668.1_00056	ON075463.1_00008	ON740976.1_00008	ON743042.1_00008	OP009387.1_00008	OQ475017.1_00008
N1.HOG0000002	OG0000002	n0	AF303741.1_00125	AF371960.1_00007	AY521625.1_00064		AY779031.1_00007	AY894343.1_00007	BD143114.1_00068	GQ273492.1_00007	HF920633.1_00073	HF920637.1_00143	KC244182.1_00007	KF938901.1_00044	KT804738.1_00007	L63545.1_00079	LS484712.1_00142	MF599468.1_00152	MG570131.1_00008, MG570131.1_00007	MG570132.1_00008, MG570132.1_00007	MK098185.1_00007	MK098186.1_00007	MK098187.1_00007	MK689685.1_00007	MK689686.1_00007	MN432490.1_00007	MN562489.1_00080	MN803438.1_00023	MT521409.1_00081	MT798582.1_00019	MT926123.1_00007	MT986830.1_00007	MW139932.1_00007	NC_005946.1_00091	NC_027778.1_00061	OK042108.1_00069	OK042109.1_00069	OL310752.1_00019	OL774653.1_00025	OL774654.1_00007	OL774655.1_00007	OM037668.1_00057	ON075463.1_00007	ON740976.1_00007	ON743042.1_00007	OP009387.1_00007	OQ475017.1_00007
N1.HOG0000003	OG0000003	n0	AF303741.1_00035	AF371960.1_00015	AY521625.1_00130		AY779031.1_00015, AY779031.1_00016	AY894343.1_00015	BD143114.1_00060	GQ273492.1_00015	HF920633.1_00127	HF920637.1_00159	KC244182.1_00014	KF938901.1_00005	KT804738.1_00015	L63545.1_00076	LS484712.1_00187	MF599468.1_00011	MG570131.1_00016	MG570132.1_00016	MK098185.1_00015	MK098186.1_00015	MK098187.1_00015	MK689685.1_00015	MK689686.1_00014	MN432490.1_00015	MN562489.1_00087	MN803438.1_00113	MT521409.1_00088	MT798582.1_00012	MT926123.1_00015	MT986830.1_00015	MW139932.1_00015	NC_005946.1_00057	NC_027778.1_00068	OK042108.1_00062	OK042109.1_00061	OL310752.1_00012	OL774653.1_00032	OL774654.1_00015	OL774655.1_00015	OM037668.1_00050	ON075463.1_00014	ON740976.1_00014	ON743042.1_00015	OP009387.1_00015	OQ475017.1_00015
N1.HOG0000004	OG0000004	n0	AF303741.1_00080	AF371960.1_00112	AY521625.1_00069, AY521625.1_00070		AY779031.1_00121	AY894343.1_00113	BD143114.1_00087	GQ273492.1_00108	HF920633.1_00079	HF920637.1_00025	KC244182.1_00112	KF938901.1_00043	KT804738.1_00109	L63545.1_00001		MF599468.1_00092	MG570131.1_00108	MG570132.1_00108	MK098185.1_00112	MK098186.1_00109	MK098187.1_00112	MK689685.1_00110	MK689686.1_00110	MN432490.1_00113	MN562489.1_00060	MN803438.1_00104	MT521409.1_00061	MT798582.1_00037	MT926123.1_00112	MT986830.1_00116	MW139932.1_00113	NC_005946.1_00028	NC_027778.1_00040	OK042108.1_00087	OK042109.1_00088	OL310752.1_00060	OL774653.1_00006	OL774654.1_00111	OL774655.1_00113	OM037668.1_00076	ON075463.1_00109	ON740976.1_00111	ON743042.1_00113	OP009387.1_00112	OQ475017.1_00110
N1.HOG0000005	OG0000005	n0	AF303741.1_00129	AF371960.1_00096	AY521625.1_00100		AY779031.1_00103	AY894343.1_00096	BD143114.1_00104	GQ273492.1_00092	HF920633.1_00085	HF920637.1_00221	KC244182.1_00095	KF938901.1_00125	KT804738.1_00092	L63545.1_00056	LS484712.1_00256	MF599468.1_00154	MG570131.1_00092	MG570132.1_00092	MK098185.1_00095	MK098186.1_00092	MK098187.1_00095	MK689685.1_00094	MK689686.1_00093	MN432490.1_00097	MN562489.1_00056	MN803438.1_00071	MT521409.1_00057	MT798582.1_00111	MT926123.1_00096	MT986830.1_00100	MW139932.1_00096	NC_005946.1_00014	NC_027778.1_00036	OK042108.1_00104	OK042109.1_00105	OL310752.1_00036	OL774653.1_00114	OL774654.1_00094	OL774655.1_00096	OM037668.1_00080	ON075463.1_00092	ON740976.1_00094	ON743042.1_00096	OP009387.1_00095	OQ475017.1_00093
N1.HOG0000006	OG0000006	n0	AF303741.1_00132	AF371960.1_00078	AY521625.1_00051		AY779031.1_00083, AY779031.1_00084	AY894343.1_00076	BD143114.1_00001	GQ273492.1_00073	HF920633.1_00025	HF920637.1_00121	KC244182.1_00076	KF938901.1_00072	KT804738.1_00072	L63545.1_00093	LS484712.1_00040	MF599468.1_00010	MG570131.1_00073	MG570132.1_00073	MK098185.1_00076	MK098186.1_00073	MK098187.1_00076	MK689685.1_00075	MK689686.1_00074	MN432490.1_00078	MN562489.1_00116	MN803438.1_00142	MT521409.1_00117	MT798582.1_00088	MT926123.1_00079	MT986830.1_00080	MW139932.1_00077	NC_005946.1_00042	NC_027778.1_00098	OK042108.1_00001	OK042109.1_00001	OL310752.1_00078	OL774653.1_00094	OL774654.1_00075	OL774655.1_00078	OM037668.1_00021	ON075463.1_00073	ON740976.1_00075	ON743042.1_00077	OP009387.1_00077	OQ475017.1_00073
N1.HOG0000007	OG0000007	n0	AF303741.1_00149	AF371960.1_00092	AY521625.1_00016		AY779031.1_00098	AY894343.1_00090	BD143114.1_00109	GQ273492.1_00087	HF920633.1_00091	HF920637.1_00172	KC244182.1_00090	KF938901.1_00053	KT804738.1_00086	L63545.1_00090	LS484712.1_00234, LS484712.1_00050	MF599468.1_00174	MG570131.1_00087	MG570132.1_00087	MK098185.1_00090	MK098186.1_00087	MK098187.1_00090	MK689685.1_00089	MK689686.1_00088	MN432490.1_00092	MN562489.1_00052	MN803438.1_00027	MT521409.1_00053	MT798582.1_00116	MT926123.1_00093	MT986830.1_00094	MW139932.1_00091	NC_005946.1_00002	NC_027778.1_00032	OK042108.1_00109	OK042109.1_00110	OL310752.1_00042	OL774653.1_00108	OL774654.1_00089	OL774655.1_00091	OM037668.1_00084	ON075463.1_00087	ON740976.1_00089	ON743042.1_00091	OP009387.1_00091	OQ475017.1_00087
N1.HOG0000008	OG0000008	n0	AF303741.1_00165	AF371960.1_00030	AY521625.1_00085		AY779031.1_00033	AY894343.1_00028	BD143114.1_00046	GQ273492.1_00029	HF920633.1_00043	HF920637.1_00176, HF920637.1_00175	KC244182.1_00028	KF938901.1_00067	KT804738.1_00028	L63545.1_00108	LS484712.1_00248	MF599468.1_00030	MG570131.1_00030	MG570132.1_00030	MK098185.1_00032	MK098186.1_00029	MK098187.1_00032	MK689685.1_00028	MK689686.1_00028	MN432490.1_00031	MN562489.1_00099	MN803438.1_00106	MT521409.1_00100	MT798582.1_00077	MT926123.1_00031	MT986830.1_00032	MW139932.1_00032	NC_005946.1_00095	NC_027778.1_00080	OK042108.1_00048	OK042109.1_00048	OL310752.1_00107	OL774653.1_00050	OL774654.1_00030	OL774655.1_00033	OM037668.1_00038	ON075463.1_00028	ON740976.1_00029	ON743042.1_00030	OP009387.1_00029	OQ475017.1_00029
N1.HOG0000009	OG0000009	n0	AF303741.1_00176	AF371960.1_00113	AY521625.1_00142		AY779031.1_00122	AY894343.1_00115	BD143114.1_00085	GQ273492.1_00110	HF920633.1_00122	HF920637.1_00153	KC244182.1_00114	KF938901.1_00114	KT804738.1_00111	L63545.1_00024	LS484712.1_00130	MF599468.1_00075	MG570131.1_00110	MG570132.1_00110	MK098185.1_00114	MK098186.1_00111	MK098187.1_00114	MK689685.1_00111	MK689686.1_00112	MN432490.1_00114	MN562489.1_00059	MN803438.1_00109	MT521409.1_00060	MT798582.1_00036	MT926123.1_00113	MT986830.1_00117	MW139932.1_00115	NC_005946.1_00092	NC_027778.1_00039	OK042108.1_00085	OK042109.1_00086	OL310752.1_00116	OL774653.1_00008	OL774654.1_00113	OL774655.1_00115	OM037668.1_00077	ON075463.1_00111	ON740976.1_00113	ON743042.1_00115	OP009387.1_00113	OQ475017.1_00112
N1.HOG0000010	OG0000010	n0		AF371960.1_00079			AY779031.1_00085	AY894343.1_00077	BD143114.1_00123	GQ273492.1_00074			KC244182.1_00077		KT804738.1_00073				MG570131.1_00074	MG570132.1_00074	MK098185.1_00077	MK098186.1_00074	MK098187.1_00077	MK689685.1_00076	MK689686.1_00075	MN432490.1_00079	MN562489.1_00002, MN562489.1_00010, MN562489.1_00131		MT521409.1_00002, MT521409.1_00010, MT521409.1_00132	MT798582.1_00087	MT926123.1_00080	MT986830.1_00081	MW139932.1_00078		NC_027778.1_00123, NC_027778.1_00122, NC_027778.1_00131, NC_027778.1_00114, NC_027778.1_00120	OK042108.1_00122	OK042109.1_00123	OL310752.1_00077, OL310752.1_00120	OL774653.1_00095	OL774654.1_00076	OL774655.1_00079	OM037668.1_00133, OM037668.1_00125, OM037668.1_00006	ON075463.1_00074	ON740976.1_00076	ON743042.1_00078	OP009387.1_00078	OQ475017.1_00074
N1.HOG0000011	OG0000011	n0	AF303741.1_00006	AF371960.1_00064	AY521625.1_00053		AY779031.1_00068	AY894343.1_00063	BD143114.1_00013	GQ273492.1_00063	HF920633.1_00118	HF920637.1_00217	KC244182.1_00063	KF938901.1_00092	KT804738.1_00060	L63545.1_00069	LS484712.1_00203	MF599468.1_00149	MG570131.1_00063	MG570132.1_00063	MK098185.1_00064	MK098186.1_00061	MK098187.1_00064	MK689685.1_00061	MK689686.1_00062	MN432490.1_00064	MN562489.1_00128	MN803438.1_00049	MT521409.1_00129	MT798582.1_00100	MT926123.1_00065	MT986830.1_00065	MW139932.1_00065	NC_005946.1_00011	NC_027778.1_00111	OK042108.1_00013	OK042109.1_00013	OL310752.1_00027	OL774653.1_00082	OL774654.1_00063	OL774655.1_00066	OM037668.1_00009	ON075463.1_00061	ON740976.1_00063	ON743042.1_00065	OP009387.1_00064	OQ475017.1_00062
N1.HOG0000012	OG0000012	n0	AF303741.1_00011	AF371960.1_00021	AY521625.1_00110		AY779031.1_00023	AY894343.1_00021	BD143114.1_00053	GQ273492.1_00022	HF920633.1_00001	HF920637.1_00001	KC244182.1_00022	KF938901.1_00054	KT804738.1_00021	L63545.1_00071	LS484712.1_00200	MF599468.1_00112	MG570131.1_00023	MG570132.1_00023	MK098185.1_00022	MK098186.1_00022	MK098187.1_00022	MK689685.1_00021	MK689686.1_00021	MN432490.1_00023	MN562489.1_00096	MN803438.1_00128	MT521409.1_00097	MT798582.1_00004	MT926123.1_00022	MT986830.1_00022	MW139932.1_00023	NC_005946.1_00060	NC_027778.1_00077	OK042108.1_00055	OK042109.1_00054	OL310752.1_00004	OL774653.1_00039	OL774654.1_00022	OL774655.1_00022	OM037668.1_00041	ON075463.1_00021	ON740976.1_00021	ON743042.1_00022	OP009387.1_00023	OQ475017.1_00022
N1.HOG0000013	OG0000013	n0	AF303741.1_00023	AF371960.1_00057	AY521625.1_00048		AY779031.1_00061	AY894343.1_00056	BD143114.1_00019	GQ273492.1_00056	HF920633.1_00067	HF920637.1_00017	KC244182.1_00056	KF938901.1_00060	KT804738.1_00055	L63545.1_00004	LS484712.1_00143	MF599468.1_00033	MG570131.1_00057	MG570132.1_00057	MK098185.1_00058	MK098186.1_00055	MK098187.1_00058	MK689685.1_00054	MK689686.1_00056	MN432490.1_00058	MN562489.1_00038	MN803438.1_00007	MT521409.1_00039	MT798582.1_00049	MT926123.1_00058	MT986830.1_00059	MW139932.1_00059	NC_005946.1_00022	NC_027778.1_00018	OK042108.1_00020	OK042109.1_00020	OL310752.1_00096	OL774653.1_00076	OL774654.1_00057	OL774655.1_00060	OM037668.1_00098	ON075463.1_00055	ON740976.1_00057	ON743042.1_00059	OP009387.1_00057	OQ475017.1_00056
N1.HOG0000014	OG0000014	n0	AF303741.1_00026	AF371960.1_00121	AY521625.1_00115		AY779031.1_00129	AY894343.1_00123	BD143114.1_00077	GQ273492.1_00118	HF920633.1_00138	HF920637.1_00108	KC244182.1_00121	KF938901.1_00074	KT804738.1_00119	L63545.1_00030	LS484712.1_00202	MF599468.1_00122	MG570131.1_00118	MG570132.1_00118	MK098185.1_00122	MK098186.1_00119	MK098187.1_00122	MK689685.1_00118	MK689686.1_00120	MN432490.1_00122	MN562489.1_00058	MN803438.1_00070	MT521409.1_00059	MT798582.1_00028	MT926123.1_00120	MT986830.1_00125	MW139932.1_00123	NC_005946.1_00016	NC_027778.1_00038	OK042108.1_00077	OK042109.1_00078	OL310752.1_00071	OL774653.1_00016	OL774654.1_00121	OL774655.1_00123	OM037668.1_00078	ON075463.1_00118	ON740976.1_00121	ON743042.1_00123	OP009387.1_00121	OQ475017.1_00120
N1.HOG0000015	OG0000015	n0	AF303741.1_00046	AF371960.1_00122	AY521625.1_00035		AY779031.1_00130	AY894343.1_00124	BD143114.1_00076	GQ273492.1_00119	HF920633.1_00058	HF920637.1_00152	KC244182.1_00122	KF938901.1_00095	KT804738.1_00120	L63545.1_00110	LS484712.1_00135	MF599468.1_00009	MG570131.1_00119	MG570132.1_00119	MK098185.1_00123	MK098186.1_00120	MK098187.1_00123	MK689685.1_00119	MK689686.1_00121	MN432490.1_00123	MN562489.1_00133	MN803438.1_00046	MT521409.1_00134	MT798582.1_00027	MT926123.1_00121	MT986830.1_00126	MW139932.1_00124	NC_005946.1_00021	NC_027778.1_00116	OK042108.1_00076	OK042109.1_00077	OL310752.1_00072	OL774653.1_00017	OL774654.1_00122	OL774655.1_00124	OM037668.1_00004	ON075463.1_00119	ON740976.1_00122	ON743042.1_00124	OP009387.1_00122	OQ475017.1_00121
N1.HOG0000016	OG0000016	n0	AF303741.1_00062	AF371960.1_00089	AY521625.1_00073		AY779031.1_00095	AY894343.1_00087	BD143114.1_00113	GQ273492.1_00084	HF920633.1_00094	HF920637.1_00079	KC244182.1_00087	KF938901.1_00046	KT804738.1_00083	L63545.1_00073	LS484712.1_00048	MF599468.1_00046	MG570131.1_00084	MG570132.1_00084	MK098185.1_00087	MK098186.1_00084	MK098187.1_00087	MK689685.1_00086	MK689686.1_00085	MN432490.1_00089	MN562489.1_00047	MN803438.1_00122	MT521409.1_00048	MT798582.1_00119	MT926123.1_00090	MT986830.1_00091	MW139932.1_00088	NC_005946.1_00082	NC_027778.1_00027	OK042108.1_00112	OK042109.1_00113	OL310752.1_00045	OL774653.1_00105	OL774654.1_00086	OL774655.1_00088	OM037668.1_00089	ON075463.1_00084	ON740976.1_00086	ON743042.1_00088	OP009387.1_00088	OQ475017.1_00084
N1.HOG0000017	OG0000017	n0	AF303741.1_00063	AF371960.1_00034	AY521625.1_00059		AY779031.1_00037	AY894343.1_00032	BD143114.1_00042	GQ273492.1_00033	HF920633.1_00158	HF920637.1_00073	KC244182.1_00032	KF938901.1_00123	KT804738.1_00032	L63545.1_00072	LS484712.1_00240	MF599468.1_00035	MG570131.1_00034	MG570132.1_00034	MK098185.1_00036	MK098186.1_00033	MK098187.1_00036	MK689685.1_00032	MK689686.1_00032	MN432490.1_00035	MN562489.1_00011	MN803438.1_00035	MT521409.1_00011	MT798582.1_00073	MT926123.1_00035	MT986830.1_00036	MW139932.1_00036	NC_005946.1_00087	NC_027778.1_00132	OK042108.1_00044	OK042109.1_00044	OL310752.1_00085	OL774653.1_00054	OL774654.1_00034	OL774655.1_00037	OM037668.1_00124	ON075463.1_00032	ON740976.1_00033	ON743042.1_00034	OP009387.1_00033	OQ475017.1_00033
N1.HOG0000018	OG0000018	n0	AF303741.1_00081	AF371960.1_00107	AY521625.1_00047		AY779031.1_00116	AY894343.1_00108	BD143114.1_00092	GQ273492.1_00103	HF920633.1_00003	HF920637.1_00111	KC244182.1_00107	KF938901.1_00025	KT804738.1_00104	L63545.1_00068	LS484712.1_00053	MF599468.1_00117	MG570131.1_00103	MG570132.1_00103	MK098185.1_00107	MK098186.1_00104	MK098187.1_00107	MK689685.1_00105	MK689686.1_00105	MN432490.1_00108	MN562489.1_00063	MN803438.1_00051	MT521409.1_00064	MT798582.1_00042	MT926123.1_00107	MT986830.1_00111	MW139932.1_00108	NC_005946.1_00023	NC_027778.1_00043	OK042108.1_00092	OK042109.1_00093	OL310752.1_00065	OL774653.1_00001	OL774654.1_00106	OL774655.1_00108	OM037668.1_00073	ON075463.1_00104	ON740976.1_00106	ON743042.1_00108	OP009387.1_00107	OQ475017.1_00105
N1.HOG0000019	OG0000019	n0	AF303741.1_00137	AF371960.1_00088	AY521625.1_00086		AY779031.1_00094	AY894343.1_00086	BD143114.1_00114	GQ273492.1_00083	HF920633.1_00163	HF920637.1_00197	KC244182.1_00086	KF938901.1_00012	KT804738.1_00082	L63545.1_00009	LS484712.1_00192	MF599468.1_00106	MG570131.1_00083	MG570132.1_00083	MK098185.1_00086	MK098186.1_00083	MK098187.1_00086	MK689685.1_00085	MK689686.1_00084	MN432490.1_00088	MN562489.1_00046	MN803438.1_00097	MT521409.1_00047	MT798582.1_00120	MT926123.1_00089	MT986830.1_00090	MW139932.1_00087	NC_005946.1_00094	NC_027778.1_00026	OK042108.1_00113	OK042109.1_00114	OL310752.1_00046	OL774653.1_00104	OL774654.1_00085	OL774655.1_00087	OM037668.1_00090	ON075463.1_00083	ON740976.1_00085	ON743042.1_00087	OP009387.1_00087	OQ475017.1_00083
N1.HOG0000020	OG0000020	n0	AF303741.1_00156	AF371960.1_00032	AY521625.1_00074		AY779031.1_00035	AY894343.1_00030	BD143114.1_00044	GQ273492.1_00031	HF920633.1_00080	HF920637.1_00031	KC244182.1_00030	KF938901.1_00047	KT804738.1_00030	L63545.1_00098	LS484712.1_00188	MF599468.1_00090	MG570131.1_00032	MG570132.1_00032	MK098185.1_00034	MK098186.1_00031	MK098187.1_00034	MK689685.1_00030	MK689686.1_00030	MN432490.1_00033	MN562489.1_00012	MN803438.1_00068	MT521409.1_00012	MT798582.1_00075	MT926123.1_00033	MT986830.1_00034	MW139932.1_00034	NC_005946.1_00083	NC_027778.1_00133	OK042108.1_00046	OK042109.1_00046	OL310752.1_00114	OL774653.1_00052	OL774654.1_00032	OL774655.1_00035	OM037668.1_00123	ON075463.1_00030	ON740976.1_00031	ON743042.1_00032	OP009387.1_00031	OQ475017.1_00031
N1.HOG0000021	OG0000021	n0	AF303741.1_00158	AF371960.1_00005	AY521625.1_00054		AY779031.1_00005	AY894343.1_00005	BD143114.1_00070	GQ273492.1_00005	HF920633.1_00097	HF920637.1_00041	KC244182.1_00005	KF938901.1_00124	KT804738.1_00005	L63545.1_00043	LS484712.1_00096	MF599468.1_00116	MG570131.1_00005	MG570132.1_00005	MK098185.1_00005	MK098186.1_00005	MK098187.1_00005	MK689685.1_00005	MK689686.1_00005	MN432490.1_00005	MN562489.1_00124	MN803438.1_00089	MT521409.1_00125	MT798582.1_00021	MT926123.1_00005	MT986830.1_00005	MW139932.1_00005	NC_005946.1_00038	NC_027778.1_00106	OK042108.1_00070	OK042109.1_00071	OL310752.1_00021	OL774653.1_00023	OL774654.1_00005	OL774655.1_00005	OM037668.1_00013	ON075463.1_00005	ON740976.1_00005	ON743042.1_00005	OP009387.1_00005	OQ475017.1_00005
N1.HOG0000022	OG0000022	n0	AF303741.1_00189	AF371960.1_00036	AY521625.1_00065		AY779031.1_00039	AY894343.1_00034	BD143114.1_00040	GQ273492.1_00035	HF920633.1_00175	HF920637.1_00213	KC244182.1_00034	KF938901.1_00023	KT804738.1_00034	L63545.1_00013	LS484712.1_00194	MF599468.1_00071	MG570131.1_00036	MG570132.1_00036	MK098185.1_00038	MK098186.1_00035	MK098187.1_00038	MK689685.1_00034	MK689686.1_00034	MN432490.1_00037	MN562489.1_00008	MN803438.1_00013	MT521409.1_00008	MT798582.1_00071	MT926123.1_00037	MT986830.1_00038	MW139932.1_00038	NC_005946.1_00061	NC_027778.1_00129	OK042108.1_00042	OK042109.1_00042	OL310752.1_00083	OL774653.1_00056	OL774654.1_00036	OL774655.1_00039	OM037668.1_00127	ON075463.1_00034	ON740976.1_00035	ON743042.1_00036	OP009387.1_00035	OQ475017.1_00035
N1.HOG0000023	OG0000023	n0	AF303741.1_00154	AF371960.1_00045	AY521625.1_00062		AY779031.1_00049	AY894343.1_00043	BD143114.1_00031	GQ273492.1_00044	HF920633.1_00017	HF920637.1_00033	KC244182.1_00043	KF938901.1_00031	KT804738.1_00043	L63545.1_00054	LS484712.1_00117	MF599468.1_00171	MG570131.1_00045	MG570132.1_00045	MK098185.1_00047	MK098186.1_00044	MK098187.1_00047	MK689685.1_00043	MK689686.1_00043	MN432490.1_00046	MN562489.1_00023	MN803438.1_00077	MT521409.1_00024	MT798582.1_00062	MT926123.1_00046	MT986830.1_00046	MW139932.1_00047	NC_005946.1_00089	NC_027778.1_00003	OK042108.1_00033	OK042109.1_00033	OL310752.1_00052	OL774653.1_00065	OL774654.1_00045	OL774655.1_00048	OM037668.1_00113	ON075463.1_00043	ON740976.1_00044	ON743042.1_00046	OP009387.1_00044	OQ475017.1_00044
N1.HOG0000024	OG0000024	n0	AF303741.1_00168	AF371960.1_00027	AY521625.1_00042			AY894343.1_00025	BD143114.1_00049	GQ273492.1_00027	HF920633.1_00062	HF920637.1_00061	KC244182.1_00025	KF938901.1_00094	KT804738.1_00025	L63545.1_00015	LS484712.1_00149		MG570131.1_00027	MG570132.1_00028	MK098185.1_00029	MK098186.1_00026	MK098187.1_00029		MK689686.1_00025	MN432490.1_00028	MN562489.1_00073	MN803438.1_00024	MT521409.1_00074	MT798582.1_00080	MT926123.1_00028	MT986830.1_00029	MW139932.1_00029	NC_005946.1_00067	NC_027778.1_00054	OK042108.1_00050	OK042109.1_00051	OL310752.1_00104	OL774653.1_00047	OL774654.1_00027	OL774655.1_00030	OM037668.1_00064	ON075463.1_00025	ON740976.1_00026	ON743042.1_00027	OP009387.1_00026	OQ475017.1_00027
N1.HOG0000025	OG0000025	n0	AF303741.1_00051	AF371960.1_00065			AY779031.1_00069	AY894343.1_00064	BD143114.1_00012	GQ273492.1_00064	HF920633.1_00047	HF920637.1_00156	KC244182.1_00064	KF938901.1_00093	KT804738.1_00061				MG570131.1_00064	MG570132.1_00064	MK098185.1_00065	MK098186.1_00062	MK098187.1_00065	MK689685.1_00062	MK689686.1_00063	MN432490.1_00065	MN562489.1_00113		MT521409.1_00114	MT798582.1_00099	MT926123.1_00066	MT986830.1_00066	MW139932.1_00066		NC_027778.1_00094, NC_027778.1_00095	OK042108.1_00012		OL310752.1_00028	OL774653.1_00083	OL774654.1_00064	OL774655.1_00067	OM037668.1_00024	ON075463.1_00062	ON740976.1_00064	ON743042.1_00066	OP009387.1_00065	OQ475017.1_00063
N1.HOG0000026	OG0000026	n0		AF371960.1_00110	AY521625.1_00060		AY779031.1_00119	AY894343.1_00111	BD143114.1_00089	GQ273492.1_00106			KC244182.1_00110		KT804738.1_00107	L63545.1_00002		MF599468.1_00039	MG570131.1_00106	MG570132.1_00106	MK098185.1_00110	MK098186.1_00107	MK098187.1_00110	MK689685.1_00108	MK689686.1_00108	MN432490.1_00111	MN562489.1_00062	MN803438.1_00126	MT521409.1_00063	MT798582.1_00039	MT926123.1_00110	MT986830.1_00114	MW139932.1_00111	NC_005946.1_00086	NC_027778.1_00042	OK042108.1_00089	OK042109.1_00090	OL310752.1_00062	OL774653.1_00004	OL774654.1_00109	OL774655.1_00111	OM037668.1_00074	ON075463.1_00107	ON740976.1_00109	ON743042.1_00111	OP009387.1_00110	OQ475017.1_00108
N1.HOG0000027	OG0000027	n0		AF371960.1_00090	AY521625.1_00022		AY779031.1_00096	AY894343.1_00088	BD143114.1_00112	GQ273492.1_00085			KC244182.1_00088		KT804738.1_00084	L63545.1_00058			MG570131.1_00085	MG570132.1_00085	MK098185.1_00088	MK098186.1_00085	MK098187.1_00088	MK689685.1_00087	MK689686.1_00086	MN432490.1_00090	MN562489.1_00049	MN803438.1_00037	MT521409.1_00050	MT798582.1_00118	MT926123.1_00091	MT986830.1_00092	MW139932.1_00089	NC_005946.1_00049	NC_027778.1_00029	OK042108.1_00111	OK042109.1_00112	OL310752.1_00044	OL774653.1_00106	OL774654.1_00087	OL774655.1_00089	OM037668.1_00087	ON075463.1_00085	ON740976.1_00087	ON743042.1_00089	OP009387.1_00089	OQ475017.1_00085
N1.HOG0000028	OG0000028	n0		AF371960.1_00048			AY779031.1_00052	AY894343.1_00046	BD143114.1_00028	GQ273492.1_00047			KC244182.1_00046		KT804738.1_00046	L63545.1_00003			MG570131.1_00048	MG570132.1_00048	MK098185.1_00050	MK098186.1_00047	MK098187.1_00050	MK689685.1_00046	MK689686.1_00046	MN432490.1_00049	MN562489.1_00026	MN803438.1_00054	MT521409.1_00027	MT798582.1_00059	MT926123.1_00049	MT986830.1_00049	MW139932.1_00050	NC_005946.1_00085	NC_027778.1_00006	OK042108.1_00030	OK042109.1_00030	OL310752.1_00087	OL774653.1_00068	OL774654.1_00048	OL774655.1_00051	OM037668.1_00110	ON075463.1_00046	ON740976.1_00047	ON743042.1_00049	OP009387.1_00047	OQ475017.1_00047
N1.HOG0000029	OG0000029	n0		AF371960.1_00062			AY779031.1_00066	AY894343.1_00060, AY894343.1_00061	BD143114.1_00015	GQ273492.1_00061			KC244182.1_00061		KT804738.1_00058				MG570131.1_00061	MG570132.1_00061	MK098185.1_00062	MK098186.1_00059	MK098187.1_00062	MK689685.1_00059	MK689686.1_00060	MN432490.1_00062	MN562489.1_00041		MT521409.1_00042	MT798582.1_00045, MT798582.1_00102	MT926123.1_00063	MT986830.1_00063	MW139932.1_00063		NC_027778.1_00021	OK042108.1_00015	OK042109.1_00015	OL310752.1_00025	OL774653.1_00080	OL774654.1_00061	OL774655.1_00064	OM037668.1_00095	ON075463.1_00059	ON740976.1_00061	ON743042.1_00063	OP009387.1_00062	OQ475017.1_00060
N1.HOG0000030	OG0000030	n0		AF371960.1_00001	AY521625.1_00004		AY779031.1_00001	AY894343.1_00001	BD143114.1_00073	GQ273492.1_00001			KC244182.1_00001		KT804738.1_00001				MG570131.1_00001	MG570132.1_00001	MK098185.1_00001	MK098186.1_00001	MK098187.1_00001	MK689685.1_00001	MK689686.1_00001	MN432490.1_00001	MN562489.1_00107		MT521409.1_00108	MT798582.1_00025	MT926123.1_00001	MT986830.1_00001	MW139932.1_00001		NC_027778.1_00088	OK042108.1_00074	OK042109.1_00075	OL310752.1_00074	OL774653.1_00019	OL774654.1_00001	OL774655.1_00001	OM037668.1_00030	ON075463.1_00001	ON740976.1_00001	ON743042.1_00001	OP009387.1_00001	OQ475017.1_00001
N1.HOG0000031	OG0000031	n0		AF371960.1_00006			AY779031.1_00006	AY894343.1_00006	BD143114.1_00069	GQ273492.1_00006		HF920637.1_00127	KC244182.1_00006		KT804738.1_00006				MG570131.1_00006	MG570132.1_00006	MK098185.1_00006	MK098186.1_00006	MK098187.1_00006	MK689685.1_00006	MK689686.1_00006	MN432490.1_00006	MN562489.1_00126	MN803438.1_00145	MT521409.1_00127	MT798582.1_00020	MT926123.1_00006	MT986830.1_00006	MW139932.1_00006		NC_027778.1_00108		OK042109.1_00070	OL310752.1_00020	OL774653.1_00024	OL774654.1_00006	OL774655.1_00006	OM037668.1_00011	ON075463.1_00006	ON740976.1_00006	ON743042.1_00006	OP009387.1_00006	OQ475017.1_00006
N1.HOG0000032	OG0000032	n0		AF371960.1_00082			AY779031.1_00089	AY894343.1_00081	BD143114.1_00119	GQ273492.1_00078			KC244182.1_00081		KT804738.1_00077				MG570131.1_00078	MG570132.1_00078	MK098185.1_00081	MK098186.1_00078	MK098187.1_00081	MK689685.1_00079	MK689686.1_00079	MN432490.1_00083	MN562489.1_00118		MT521409.1_00119	MT798582.1_00084, MT798582.1_00125	MT926123.1_00083	MT986830.1_00085	MW139932.1_00082		NC_027778.1_00100	OK042108.1_00118	OK042109.1_00119	OL310752.1_00124	OL774653.1_00099	OL774654.1_00080	OL774655.1_00082	OM037668.1_00019	ON075463.1_00078	ON740976.1_00080	ON743042.1_00082	OP009387.1_00082	OQ475017.1_00078
N1.HOG0000033	OG0000033	n0		AF371960.1_00091			AY779031.1_00097	AY894343.1_00089	BD143114.1_00111, BD143114.1_00110	GQ273492.1_00086			KC244182.1_00089		KT804738.1_00085				MG570131.1_00086	MG570132.1_00086	MK098185.1_00089	MK098186.1_00086	MK098187.1_00089	MK689685.1_00088	MK689686.1_00087	MN432490.1_00091	MN562489.1_00050		MT521409.1_00051	MT798582.1_00117	MT926123.1_00092	MT986830.1_00093	MW139932.1_00090		NC_027778.1_00030	OK042108.1_00110	OK042109.1_00111	OL310752.1_00043	OL774653.1_00107	OL774654.1_00088	OL774655.1_00090	OM037668.1_00086	ON075463.1_00086	ON740976.1_00088	ON743042.1_00090	OP009387.1_00090	OQ475017.1_00086
N1.HOG0000034	OG0000034	n0		AF371960.1_00123			AY779031.1_00131	AY894343.1_00125	BD143114.1_00074, BD143114.1_00075	GQ273492.1_00120			KC244182.1_00123		KT804738.1_00121				MG570131.1_00120	MG570132.1_00120	MK098185.1_00124	MK098186.1_00121	MK098187.1_00124	MK689685.1_00120	MK689686.1_00122	MN432490.1_00124	MN562489.1_00109		MT521409.1_00110	MT798582.1_00026	MT926123.1_00122	MT986830.1_00127	MW139932.1_00125		NC_027778.1_00090	OK042108.1_00075	OK042109.1_00076	OL310752.1_00073	OL774653.1_00018	OL774654.1_00123	OL774655.1_00125	OM037668.1_00028	ON075463.1_00120	ON740976.1_00123	ON743042.1_00125	OP009387.1_00123	OQ475017.1_00122
N1.HOG0000035	OG0000035	n0		AF371960.1_00013			AY779031.1_00013	AY894343.1_00013	BD143114.1_00062	GQ273492.1_00013			KC244182.1_00012		KT804738.1_00013				MG570131.1_00014	MG570132.1_00014	MK098185.1_00013	MK098186.1_00013	MK098187.1_00013	MK689685.1_00013	MK689686.1_00012	MN432490.1_00013	MN562489.1_00086		MT521409.1_00087	MT798582.1_00014	MT926123.1_00013	MT986830.1_00013	MW139932.1_00013		NC_027778.1_00067	OK042108.1_00064	OK042109.1_00063	OL310752.1_00014	OL774653.1_00030	OL774654.1_00013	OL774655.1_00013	OM037668.1_00051	ON075463.1_00012	ON740976.1_00012	ON743042.1_00013	OP009387.1_00013	OQ475017.1_00013
N1.HOG0000036	OG0000036	n0		AF371960.1_00014			AY779031.1_00014	AY894343.1_00014	BD143114.1_00061	GQ273492.1_00014			KC244182.1_00013		KT804738.1_00014				MG570131.1_00015	MG570132.1_00015	MK098185.1_00014	MK098186.1_00014	MK098187.1_00014	MK689685.1_00014	MK689686.1_00013	MN432490.1_00014	MN562489.1_00132		MT521409.1_00133	MT798582.1_00013	MT926123.1_00014	MT986830.1_00014	MW139932.1_00014		NC_027778.1_00115	OK042108.1_00063	OK042109.1_00062	OL310752.1_00013	OL774653.1_00031	OL774654.1_00014	OL774655.1_00014	OM037668.1_00005	ON075463.1_00013	ON740976.1_00013	ON743042.1_00014	OP009387.1_00014	OQ475017.1_00014
N1.HOG0000037	OG0000037	n0		AF371960.1_00019			AY779031.1_00019	AY894343.1_00019	BD143114.1_00056	GQ273492.1_00019			KC244182.1_00018		KT804738.1_00019				MG570131.1_00020	MG570132.1_00020	MK098185.1_00019	MK098186.1_00019	MK098187.1_00019	MK689685.1_00019	MK689686.1_00018	MN432490.1_00019	MN562489.1_00091		MT521409.1_00092	MT798582.1_00008	MT926123.1_00019	MT986830.1_00019	MW139932.1_00019		NC_027778.1_00072	OK042108.1_00058	OK042109.1_00057	OL310752.1_00007	OL774653.1_00036	OL774654.1_00019	OL774655.1_00019	OM037668.1_00046	ON075463.1_00018	ON740976.1_00018	ON743042.1_00019	OP009387.1_00019	OQ475017.1_00019
N1.HOG0000038	OG0000038	n0		AF371960.1_00020			AY779031.1_00020	AY894343.1_00020	BD143114.1_00055	GQ273492.1_00020			KC244182.1_00019		KT804738.1_00020				MG570131.1_00021	MG570132.1_00021	MK098185.1_00020	MK098186.1_00020	MK098187.1_00020	MK689685.1_00020	MK689686.1_00019	MN432490.1_00020	MN562489.1_00092		MT521409.1_00093	MT798582.1_00007	MT926123.1_00020	MT986830.1_00020	MW139932.1_00020		NC_027778.1_00073	OK042108.1_00057	OK042109.1_00056	OL310752.1_00006	OL774653.1_00037	OL774654.1_00020	OL774655.1_00020	OM037668.1_00045	ON075463.1_00019	ON740976.1_00019	ON743042.1_00020	OP009387.1_00020	OQ475017.1_00020
N1.HOG0000039	OG0000039	n0		AF371960.1_00022			AY779031.1_00024	AY894343.1_00022	BD143114.1_00052	GQ273492.1_00023			KC244182.1_00023		KT804738.1_00022				MG570131.1_00024	MG570132.1_00024	MK098185.1_00023	MK098186.1_00023	MK098187.1_00023	MK689685.1_00022	MK689686.1_00022	MN432490.1_00024	MN562489.1_00097		MT521409.1_00098	MT798582.1_00003	MT926123.1_00023	MT986830.1_00023	MW139932.1_00024		NC_027778.1_00078	OK042108.1_00054	OK042109.1_00053	OL310752.1_00003	OL774653.1_00040	OL774654.1_00023	OL774655.1_00023	OM037668.1_00040	ON075463.1_00022	ON740976.1_00022	ON743042.1_00023	OP009387.1_00024	OQ475017.1_00023
N1.HOG0000040	OG0000040	n0		AF371960.1_00023			AY779031.1_00025	AY894343.1_00023	BD143114.1_00051	GQ273492.1_00024			KC244182.1_00024		KT804738.1_00023				MG570131.1_00025	MG570132.1_00025	MK098185.1_00024	MK098186.1_00024	MK098187.1_00024	MK689685.1_00023	MK689686.1_00023	MN432490.1_00025	MN562489.1_00089		MT521409.1_00090	MT798582.1_00002	MT926123.1_00024	MT986830.1_00024	MW139932.1_00025		NC_027778.1_00070	OK042108.1_00053	OK042109.1_00052	OL310752.1_00002	OL774653.1_00041	OL774654.1_00024	OL774655.1_00024	OM037668.1_00048	ON075463.1_00023	ON740976.1_00023	ON743042.1_00024	OP009387.1_00025	OQ475017.1_00024
N1.HOG0000041	OG0000041	n0		AF371960.1_00033			AY779031.1_00036	AY894343.1_00031	BD143114.1_00043	GQ273492.1_00032			KC244182.1_00031		KT804738.1_00031				MG570131.1_00033	MG570132.1_00033	MK098185.1_00035	MK098186.1_00032	MK098187.1_00035	MK689685.1_00031	MK689686.1_00031	MN432490.1_00034	MN562489.1_00134		MT521409.1_00135	MT798582.1_00074	MT926123.1_00034	MT986830.1_00035	MW139932.1_00035		NC_027778.1_00117	OK042108.1_00045	OK042109.1_00045	OL310752.1_00115	OL774653.1_00053	OL774654.1_00033	OL774655.1_00036	OM037668.1_00003	ON075463.1_00031	ON740976.1_00032	ON743042.1_00033	OP009387.1_00032	OQ475017.1_00032
N1.HOG0000042	OG0000042	n0		AF371960.1_00037			AY779031.1_00040	AY894343.1_00035	BD143114.1_00039	GQ273492.1_00036			KC244182.1_00035		KT804738.1_00035				MG570131.1_00037	MG570132.1_00037	MK098185.1_00039	MK098186.1_00036	MK098187.1_00039	MK689685.1_00035	MK689686.1_00035	MN432490.1_00038	MN562489.1_00013		MT521409.1_00013	MT798582.1_00070	MT926123.1_00038	MT986830.1_00039	MW139932.1_00039		NC_027778.1_00134	OK042108.1_00041	OK042109.1_00041	OL310752.1_00082	OL774653.1_00057	OL774654.1_00037	OL774655.1_00040	OM037668.1_00122	ON075463.1_00035	ON740976.1_00036	ON743042.1_00037	OP009387.1_00036	OQ475017.1_00036
N1.HOG0000043	OG0000043	n0		AF371960.1_00049			AY779031.1_00053	AY894343.1_00048	BD143114.1_00027	GQ273492.1_00048			KC244182.1_00048		KT804738.1_00047				MG570131.1_00049	MG570132.1_00049	MK098185.1_00051	MK098186.1_00048	MK098187.1_00051	MK689685.1_00047	MK689686.1_00048	MN432490.1_00050	MN562489.1_00030		MT521409.1_00031	MT798582.1_00057	MT926123.1_00050	MT986830.1_00051	MW139932.1_00051		NC_027778.1_00010	OK042108.1_00028	OK042109.1_00028	OL310752.1_00088	OL774653.1_00069	OL774654.1_00049	OL774655.1_00052	OM037668.1_00106	ON075463.1_00047	ON740976.1_00049	ON743042.1_00051	OP009387.1_00049	OQ475017.1_00048
N1.HOG0000044	OG0000044	n0		AF371960.1_00050			AY779031.1_00054	AY894343.1_00049	BD143114.1_00026	GQ273492.1_00049			KC244182.1_00049		KT804738.1_00048				MG570131.1_00050	MG570132.1_00050	MK098185.1_00052	MK098186.1_00049	MK098187.1_00052	MK689685.1_00048	MK689686.1_00049	MN432490.1_00051	MN562489.1_00031		MT521409.1_00032	MT798582.1_00056	MT926123.1_00051	MT986830.1_00052	MW139932.1_00052		NC_027778.1_00011	OK042108.1_00027	OK042109.1_00027	OL310752.1_00089	OL774653.1_00070	OL774654.1_00050	OL774655.1_00053	OM037668.1_00105	ON075463.1_00048	ON740976.1_00050	ON743042.1_00052	OP009387.1_00050	OQ475017.1_00049
N1.HOG0000045	OG0000045	n0		AF371960.1_00055			AY779031.1_00059	AY894343.1_00054	BD143114.1_00021	GQ273492.1_00054			KC244182.1_00054		KT804738.1_00053				MG570131.1_00055	MG570132.1_00055	MK098185.1_00056	MK098186.1_00053	MK098187.1_00056	MK689685.1_00052	MK689686.1_00054	MN432490.1_00056	MN562489.1_00036		MT521409.1_00037	MT798582.1_00051	MT926123.1_00056	MT986830.1_00057	MW139932.1_00057		NC_027778.1_00016	OK042108.1_00022	OK042109.1_00022	OL310752.1_00094	OL774653.1_00074	OL774654.1_00055	OL774655.1_00058	OM037668.1_00100	ON075463.1_00053	ON740976.1_00055	ON743042.1_00057	OP009387.1_00055	OQ475017.1_00054
N1.HOG0000046	OG0000046	n0		AF371960.1_00056			AY779031.1_00060	AY894343.1_00055	BD143114.1_00020	GQ273492.1_00055			KC244182.1_00055		KT804738.1_00054				MG570131.1_00056	MG570132.1_00056	MK098185.1_00057	MK098186.1_00054	MK098187.1_00057	MK689685.1_00053	MK689686.1_00055	MN432490.1_00057	MN562489.1_00037		MT521409.1_00038	MT798582.1_00050	MT926123.1_00057	MT986830.1_00058	MW139932.1_00058		NC_027778.1_00017	OK042108.1_00021	OK042109.1_00021	OL310752.1_00095	OL774653.1_00075	OL774654.1_00056	OL774655.1_00059	OM037668.1_00099	ON075463.1_00054	ON740976.1_00056	ON743042.1_00058	OP009387.1_00056	OQ475017.1_00055
N1.HOG0000047	OG0000047	n0		AF371960.1_00058			AY779031.1_00062	AY894343.1_00057	BD143114.1_00018	GQ273492.1_00057			KC244182.1_00057					MF599468.1_00013	MG570131.1_00058	MG570132.1_00058	MK098185.1_00059	MK098186.1_00056	MK098187.1_00059	MK689685.1_00055	MK689686.1_00057	MN432490.1_00059	MN562489.1_00039		MT521409.1_00040	MT798582.1_00048	MT926123.1_00059	MT986830.1_00060	MW139932.1_00060		NC_027778.1_00019	OK042108.1_00019	OK042109.1_00019	OL310752.1_00022	OL774653.1_00077	OL774654.1_00058	OL774655.1_00061	OM037668.1_00097	ON075463.1_00056	ON740976.1_00058	ON743042.1_00060	OP009387.1_00058	OQ475017.1_00057
N1.HOG0000048	OG0000048	n0		AF371960.1_00060			AY779031.1_00063	AY894343.1_00058	BD143114.1_00017	GQ273492.1_00059			KC244182.1_00058		KT804738.1_00056				MG570131.1_00059	MG570132.1_00059	MK098185.1_00060	MK098186.1_00057	MK098187.1_00060	MK689685.1_00057	MK689686.1_00058	MN432490.1_00060	MN562489.1_00051		MT521409.1_00052	MT798582.1_00047	MT926123.1_00061	MT986830.1_00061	MW139932.1_00061		NC_027778.1_00031	OK042108.1_00018	OK042109.1_00017	OL310752.1_00023	OL774653.1_00078	OL774654.1_00059	OL774655.1_00062	OM037668.1_00085	ON075463.1_00057	ON740976.1_00059	ON743042.1_00061	OP009387.1_00060	OQ475017.1_00058
N1.HOG0000049	OG0000049	n0		AF371960.1_00061			AY779031.1_00065	AY894343.1_00059	BD143114.1_00016	GQ273492.1_00060			KC244182.1_00060		KT804738.1_00057				MG570131.1_00060	MG570132.1_00060	MK098185.1_00061	MK098186.1_00058	MK098187.1_00061	MK689685.1_00058	MK689686.1_00059	MN432490.1_00061	MN562489.1_00040		MT521409.1_00041	MT798582.1_00046	MT926123.1_00062	MT986830.1_00062	MW139932.1_00062		NC_027778.1_00020	OK042108.1_00016	OK042109.1_00016	OL310752.1_00024	OL774653.1_00079	OL774654.1_00060	OL774655.1_00063	OM037668.1_00096	ON075463.1_00058	ON740976.1_00060	ON743042.1_00062	OP009387.1_00061	OQ475017.1_00059
N1.HOG0000050	OG0000050	n0		AF371960.1_00080			AY779031.1_00086	AY894343.1_00078	BD143114.1_00122	GQ273492.1_00075			KC244182.1_00078		KT804738.1_00074				MG570131.1_00075	MG570132.1_00075	MK098185.1_00078	MK098186.1_00075	MK098187.1_00078	MK689685.1_00077	MK689686.1_00076	MN432490.1_00080	MN562489.1_00117		MT521409.1_00118	MT798582.1_00086	MT926123.1_00081	MT986830.1_00082	MW139932.1_00079		NC_027778.1_00099	OK042108.1_00121	OK042109.1_00122	OL310752.1_00121	OL774653.1_00096	OL774654.1_00077	OL774655.1_00080	OM037668.1_00020	ON075463.1_00075	ON740976.1_00077	ON743042.1_00079	OP009387.1_00079	OQ475017.1_00075
N1.HOG0000051	OG0000051	n0		AF371960.1_00083			AY779031.1_00090	AY894343.1_00082	BD143114.1_00118	GQ273492.1_00079			KC244182.1_00082		KT804738.1_00078				MG570131.1_00079	MG570132.1_00079	MK098185.1_00082	MK098186.1_00079	MK098187.1_00082	MK689685.1_00080	MK689686.1_00080	MN432490.1_00084	MN562489.1_00119		MT521409.1_00120	MT798582.1_00124	MT926123.1_00084	MT986830.1_00086	MW139932.1_00083		NC_027778.1_00101	OK042108.1_00117	OK042109.1_00118	OL310752.1_00123	OL774653.1_00100	OL774654.1_00081	OL774655.1_00083	OM037668.1_00018	ON075463.1_00079	ON740976.1_00081	ON743042.1_00083	OP009387.1_00083	OQ475017.1_00079
N1.HOG0000052	OG0000052	n0		AF371960.1_00084			AY779031.1_00091	AY894343.1_00083	BD143114.1_00117	GQ273492.1_00080			KC244182.1_00083		KT804738.1_00079				MG570131.1_00080	MG570132.1_00080	MK098185.1_00083	MK098186.1_00080	MK098187.1_00083	MK689685.1_00081	MK689686.1_00081	MN432490.1_00085	MN562489.1_00005		MT521409.1_00005	MT798582.1_00123	MT926123.1_00085	MT986830.1_00087	MW139932.1_00084		NC_027778.1_00126	OK042108.1_00116	OK042109.1_00117	OL310752.1_00049	OL774653.1_00101	OL774654.1_00082	OL774655.1_00084	OM037668.1_00130	ON075463.1_00080	ON740976.1_00082	ON743042.1_00084	OP009387.1_00084	OQ475017.1_00080
N1.HOG0000053	OG0000053	n0		AF371960.1_00095			AY779031.1_00102	AY894343.1_00095	BD143114.1_00105	GQ273492.1_00091			KC244182.1_00094		KT804738.1_00091				MG570131.1_00091	MG570132.1_00091	MK098185.1_00094	MK098186.1_00091	MK098187.1_00094	MK689685.1_00093	MK689686.1_00092	MN432490.1_00096	MN562489.1_00055		MT521409.1_00056	MT798582.1_00112	MT926123.1_00095	MT986830.1_00099	MW139932.1_00095		NC_027778.1_00035	OK042108.1_00105	OK042109.1_00106	OL310752.1_00037	OL774653.1_00113	OL774654.1_00093	OL774655.1_00095	OM037668.1_00081	ON075463.1_00091	ON740976.1_00093	ON743042.1_00095	OP009387.1_00094	OQ475017.1_00092
N1.HOG0000054	OG0000054	n0		AF371960.1_00097			AY779031.1_00104	AY894343.1_00097	BD143114.1_00103	GQ273492.1_00093			KC244182.1_00096		KT804738.1_00093				MG570131.1_00093	MG570132.1_00093	MK098185.1_00096	MK098186.1_00093	MK098187.1_00096	MK689685.1_00095	MK689686.1_00094	MN432490.1_00098	MN562489.1_00105		MT521409.1_00106	MT798582.1_00110	MT926123.1_00097	MT986830.1_00101	MW139932.1_00097		NC_027778.1_00086	OK042108.1_00103	OK042109.1_00104	OL310752.1_00035	OL774653.1_00115	OL774654.1_00095	OL774655.1_00097	OM037668.1_00032	ON075463.1_00093	ON740976.1_00095	ON743042.1_00097	OP009387.1_00096	OQ475017.1_00094
N1.HOG0000055	OG0000055	n0		AF371960.1_00100			AY779031.1_00107	AY894343.1_00100	BD143114.1_00100	GQ273492.1_00096			KC244182.1_00099		KT804738.1_00096				MG570131.1_00096	MG570132.1_00096	MK098185.1_00099	MK098186.1_00096	MK098187.1_00099	MK689685.1_00098	MK689686.1_00097	MN432490.1_00101	MN562489.1_00104		MT521409.1_00105	MT798582.1_00107	MT926123.1_00100	MT986830.1_00104	MW139932.1_00100		NC_027778.1_00085	OK042108.1_00100	OK042109.1_00101	OL310752.1_00112	OL774653.1_00118	OL774654.1_00098	OL774655.1_00100	OM037668.1_00033	ON075463.1_00096	ON740976.1_00098	ON743042.1_00100	OP009387.1_00099	OQ475017.1_00097
N1.HOG0000056	OG0000056	n0		AF371960.1_00111			AY779031.1_00120	AY894343.1_00112	BD143114.1_00088	GQ273492.1_00107			KC244182.1_00111		KT804738.1_00108				MG570131.1_00107	MG570132.1_00107	MK098185.1_00111	MK098186.1_00108	MK098187.1_00111	MK689685.1_00109	MK689686.1_00109	MN432490.1_00112	MN562489.1_00061		MT521409.1_00062	MT798582.1_00038	MT926123.1_00111	MT986830.1_00115	MW139932.1_00112		NC_027778.1_00041	OK042108.1_00088	OK042109.1_00089	OL310752.1_00061	OL774653.1_00005	OL774654.1_00110	OL774655.1_00112	OM037668.1_00075	ON075463.1_00108	ON740976.1_00110	ON743042.1_00112	OP009387.1_00111	OQ475017.1_00109
N1.HOG0000057	OG0000057	n0		AF371960.1_00115			AY779031.1_00125	AY894343.1_00117	BD143114.1_00083	GQ273492.1_00112			KC244182.1_00116		KT804738.1_00113				MG570131.1_00112	MG570132.1_00112	MK098185.1_00116	MK098186.1_00113	MK098187.1_00116	MK689685.1_00113	MK689686.1_00114	MN432490.1_00116	MN562489.1_00057		MT521409.1_00058	MT798582.1_00034	MT926123.1_00115	MT986830.1_00119	MW139932.1_00117		NC_027778.1_00037	OK042108.1_00083	OK042109.1_00084	OL310752.1_00119	OL774653.1_00010	OL774654.1_00115	OL774655.1_00117	OM037668.1_00079	ON075463.1_00113	ON740976.1_00115	ON743042.1_00117	OP009387.1_00115	OQ475017.1_00114
N1.HOG0000058	OG0000058	n0		AF371960.1_00117			AY779031.1_00127	AY894343.1_00119	BD143114.1_00081	GQ273492.1_00114			KC244182.1_00118		KT804738.1_00115				MG570131.1_00114	MG570132.1_00114	MK098185.1_00118	MK098186.1_00115	MK098187.1_00118	MK689685.1_00115	MK689686.1_00116	MN432490.1_00118	MN562489.1_00001		MT521409.1_00001	MT798582.1_00032	MT926123.1_00117	MT986830.1_00121	MW139932.1_00119		NC_027778.1_00121	OK042108.1_00081	OK042109.1_00082	OL310752.1_00067	OL774653.1_00012	OL774654.1_00117	OL774655.1_00119	OM037668.1_00134	ON075463.1_00115	ON740976.1_00117	ON743042.1_00119	OP009387.1_00117	OQ475017.1_00116
N1.HOG0000059	OG0000059	n0		AF371960.1_00002			AY779031.1_00002	AY894343.1_00002	BD143114.1_00072	GQ273492.1_00002			KC244182.1_00002		KT804738.1_00002				MG570131.1_00002	MG570132.1_00002	MK098185.1_00002	MK098186.1_00002	MK098187.1_00002	MK689685.1_00002	MK689686.1_00002	MN432490.1_00002	MN562489.1_00106		MT521409.1_00107	MT798582.1_00024	MT926123.1_00002	MT986830.1_00002	MW139932.1_00002		NC_027778.1_00087	OK042108.1_00073	OK042109.1_00074	OL310752.1_00075	OL774653.1_00020	OL774654.1_00002	OL774655.1_00002	OM037668.1_00031	ON075463.1_00002	ON740976.1_00002	ON743042.1_00002	OP009387.1_00002	OQ475017.1_00002
N1.HOG0000060	OG0000060	n0		AF371960.1_00010			AY779031.1_00010	AY894343.1_00010	BD143114.1_00065				KC244182.1_00010		KT804738.1_00010				MG570131.1_00011	MG570132.1_00011	MK098185.1_00010	MK098186.1_00010	MK098187.1_00010	MK689685.1_00010	MK689686.1_00010	MN432490.1_00010	MN562489.1_00083		MT521409.1_00084	MT798582.1_00016	MT926123.1_00010	MT986830.1_00010	MW139932.1_00010		NC_027778.1_00064	OK042108.1_00066	OK042109.1_00066	OL310752.1_00016	OL774653.1_00028	OL774654.1_00010	OL774655.1_00010	OM037668.1_00054	ON075463.1_00010	ON740976.1_00010	ON743042.1_00010	OP009387.1_00010	OQ475017.1_00010
N1.HOG0000061	OG0000061	n0		AF371960.1_00018				AY894343.1_00018	BD143114.1_00057	GQ273492.1_00018			KC244182.1_00017		KT804738.1_00018				MG570131.1_00019	MG570132.1_00019	MK098185.1_00018	MK098186.1_00018	MK098187.1_00018	MK689685.1_00018	MK689686.1_00017	MN432490.1_00018	MN562489.1_00090		MT521409.1_00091	MT798582.1_00009	MT926123.1_00018	MT986830.1_00018	MW139932.1_00018		NC_027778.1_00071	OK042108.1_00059	OK042109.1_00058	OL310752.1_00008	OL774653.1_00035	OL774654.1_00018	OL774655.1_00018	OM037668.1_00047	ON075463.1_00017	ON740976.1_00017	ON743042.1_00018	OP009387.1_00018	OQ475017.1_00018
N1.HOG0000062	OG0000062	n0		AF371960.1_00093			AY779031.1_00099	AY894343.1_00091	BD143114.1_00108	GQ273492.1_00088			KC244182.1_00091		KT804738.1_00087				MG570131.1_00088	MG570132.1_00088	MK098185.1_00091	MK098186.1_00088	MK098187.1_00091	MK689685.1_00090	MK689686.1_00089	MN432490.1_00093	MN562489.1_00053		MT521409.1_00054	MT798582.1_00115		MT986830.1_00095	MW139932.1_00092		NC_027778.1_00033	OK042108.1_00108	OK042109.1_00109	OL310752.1_00041	OL774653.1_00109	OL774654.1_00090	OL774655.1_00092	OM037668.1_00083	ON075463.1_00088	ON740976.1_00090	ON743042.1_00092	OP009387.1_00092	OQ475017.1_00088
N1.HOG0000063	OG0000063	n0		AF371960.1_00073			AY779031.1_00074, AY779031.1_00075	AY894343.1_00072	BD143114.1_00004	GQ273492.1_00070			KC244182.1_00072		KT804738.1_00069				MG570131.1_00070	MG570132.1_00070	MK098185.1_00073	MK098186.1_00070	MK098187.1_00073	MK689685.1_00070	MK689686.1_00071	MN432490.1_00073				MT798582.1_00091	MT926123.1_00074	MT986830.1_00075	MW139932.1_00074			OK042108.1_00004	OK042109.1_00005	OL310752.1_00081	OL774653.1_00091	OL774654.1_00072	OL774655.1_00075		ON075463.1_00070	ON740976.1_00072	ON743042.1_00074	OP009387.1_00072	OQ475017.1_00070
N1.HOG0000064	OG0000064	n0		AF371960.1_00017			AY779031.1_00123, AY779031.1_00018	AY894343.1_00017	BD143114.1_00058	GQ273492.1_00017			KC244182.1_00016		KT804738.1_00017				MG570131.1_00018	MG570132.1_00018	MK098185.1_00017	MK098186.1_00017	MK098187.1_00017	MK689685.1_00017	MK689686.1_00016	MN432490.1_00017				MT798582.1_00010	MT926123.1_00017	MT986830.1_00017	MW139932.1_00017			OK042108.1_00060	OK042109.1_00059	OL310752.1_00010	OL774653.1_00034	OL774654.1_00017	OL774655.1_00017		ON075463.1_00016	ON740976.1_00016	ON743042.1_00017	OP009387.1_00017	OQ475017.1_00017
N1.HOG0000065	OG0000065	n0		AF371960.1_00039			AY779031.1_00042	AY894343.1_00037	BD143114.1_00037	GQ273492.1_00038			KC244182.1_00037		KT804738.1_00037				MG570131.1_00039	MG570132.1_00039	MK098185.1_00041	MK098186.1_00038	MK098187.1_00041	MK689685.1_00037	MK689686.1_00037	MN432490.1_00040				MT798582.1_00068	MT926123.1_00040	MT986830.1_00041	MW139932.1_00041			OK042108.1_00039	OK042109.1_00039	OL310752.1_00058	OL774653.1_00059	OL774654.1_00039	OL774655.1_00042		ON075463.1_00037	ON740976.1_00038	ON743042.1_00040, ON743042.1_00039	OP009387.1_00038	OQ475017.1_00038
N1.HOG0000066	OG0000066	n0		AF371960.1_00043			AY779031.1_00047, AY779031.1_00046	AY894343.1_00041	BD143114.1_00033	GQ273492.1_00042			KC244182.1_00041		KT804738.1_00041				MG570131.1_00043	MG570132.1_00043	MK098185.1_00045	MK098186.1_00042	MK098187.1_00045	MK689685.1_00041	MK689686.1_00041	MN432490.1_00044				MT798582.1_00064	MT926123.1_00044	MT986830.1_00044	MW139932.1_00045			OK042108.1_00035	OK042109.1_00035	OL310752.1_00054	OL774653.1_00063	OL774654.1_00043	OL774655.1_00046		ON075463.1_00041	ON740976.1_00042	ON743042.1_00044	OP009387.1_00042	OQ475017.1_00042
N1.HOG0000067	OG0000067	n0		AF371960.1_00047			AY779031.1_00051	AY894343.1_00045	BD143114.1_00029	GQ273492.1_00046			KC244182.1_00045		KT804738.1_00045				MG570131.1_00047	MG570132.1_00047	MK098185.1_00049	MK098186.1_00046	MK098187.1_00049	MK689685.1_00045	MK689686.1_00045	MN432490.1_00048				MT798582.1_00060	MT926123.1_00048	MT986830.1_00048	MW139932.1_00049			OK042108.1_00031	OK042109.1_00031	OL310752.1_00050, OL310752.1_00086	OL774653.1_00067	OL774654.1_00047	OL774655.1_00050		ON075463.1_00045	ON740976.1_00046	ON743042.1_00048	OP009387.1_00046	OQ475017.1_00046
N1.HOG0000068	OG0000068	n0		AF371960.1_00068			AY779031.1_00072	AY894343.1_00067	BD143114.1_00009	GQ273492.1_00066			KC244182.1_00066		KT804738.1_00064		LS484712.1_00002		MG570131.1_00066	MG570132.1_00066	MK098185.1_00068	MK098186.1_00065	MK098187.1_00068	MK689685.1_00065	MK689686.1_00066	MN432490.1_00067				MT798582.1_00096	MT926123.1_00069	MT986830.1_00069	MW139932.1_00069			OK042108.1_00009	OK042109.1_00010	OL310752.1_00031	OL774653.1_00086	OL774654.1_00067	OL774655.1_00070		ON075463.1_00065	ON740976.1_00067	ON743042.1_00069	OP009387.1_00067	OQ475017.1_00065
N1.HOG0000069	OG0000069	n0		AF371960.1_00099			AY779031.1_00106	AY894343.1_00099	BD143114.1_00101	GQ273492.1_00095			KC244182.1_00098		KT804738.1_00095			MF599468.1_00131	MG570131.1_00095	MG570132.1_00095	MK098185.1_00098	MK098186.1_00095	MK098187.1_00098	MK689685.1_00097	MK689686.1_00096	MN432490.1_00100				MT798582.1_00108	MT926123.1_00099	MT986830.1_00103	MW139932.1_00099			OK042108.1_00101	OK042109.1_00102	OL310752.1_00033	OL774653.1_00117	OL774654.1_00097	OL774655.1_00099		ON075463.1_00095	ON740976.1_00097	ON743042.1_00099	OP009387.1_00098	OQ475017.1_00096
N1.HOG0000070	OG0000070	n0		AF371960.1_00101			AY779031.1_00110, AY779031.1_00111	AY894343.1_00101	BD143114.1_00099	GQ273492.1_00097			KC244182.1_00100		KT804738.1_00097				MG570131.1_00097	MG570132.1_00097	MK098185.1_00100	MK098186.1_00097	MK098187.1_00100	MK689685.1_00099	MK689686.1_00098	MN432490.1_00102				MT798582.1_00106	MT926123.1_00101	MT986830.1_00105	MW139932.1_00101			OK042108.1_00099	OK042109.1_00100	OL310752.1_00111	OL774653.1_00119	OL774654.1_00099	OL774655.1_00101		ON075463.1_00097	ON740976.1_00099	ON743042.1_00101	OP009387.1_00100	OQ475017.1_00098
N1.HOG0000071	OG0000071	n0		AF371960.1_00114			AY779031.1_00124	AY894343.1_00116	BD143114.1_00084	GQ273492.1_00111			KC244182.1_00115		KT804738.1_00112				MG570131.1_00111	MG570132.1_00111	MK098185.1_00115	MK098186.1_00112	MK098187.1_00115	MK689685.1_00112	MK689686.1_00113	MN432490.1_00115				MT798582.1_00035	MT926123.1_00114	MT986830.1_00118	MW139932.1_00116			OK042108.1_00084	OK042109.1_00085	OL310752.1_00117, OL310752.1_00118	OL774653.1_00009	OL774654.1_00114	OL774655.1_00116		ON075463.1_00112	ON740976.1_00114	ON743042.1_00116	OP009387.1_00114	OQ475017.1_00113
N1.HOG0000072	OG0000072	n0		AF371960.1_00009			AY779031.1_00009	AY894343.1_00009	BD143114.1_00066	GQ273492.1_00009			KC244182.1_00009		KT804738.1_00009				MG570131.1_00010	MG570132.1_00010	MK098185.1_00009	MK098186.1_00009	MK098187.1_00009	MK689685.1_00009	MK689686.1_00009	MN432490.1_00009				MT798582.1_00017	MT926123.1_00009	MT986830.1_00009	MW139932.1_00009			OK042108.1_00067	OK042109.1_00067	OL310752.1_00017	OL774653.1_00027	OL774654.1_00009	OL774655.1_00009		ON075463.1_00009	ON740976.1_00009	ON743042.1_00009	OP009387.1_00009	OQ475017.1_00009
N1.HOG0000073	OG0000073	n0		AF371960.1_00012			AY779031.1_00012	AY894343.1_00011	BD143114.1_00063	GQ273492.1_00012			KC244182.1_00011		KT804738.1_00011				MG570131.1_00013	MG570132.1_00013	MK098185.1_00012	MK098186.1_00012	MK098187.1_00012	MK689685.1_00012	MK689686.1_00011	MN432490.1_00012				MT798582.1_00015	MT926123.1_00012	MT986830.1_00012	MW139932.1_00012			OK042108.1_00065	OK042109.1_00064	OL310752.1_00015	OL774653.1_00029	OL774654.1_00012	OL774655.1_00012		ON075463.1_00011	ON740976.1_00011	ON743042.1_00012	OP009387.1_00012	OQ475017.1_00012
N1.HOG0000074	OG0000074	n0		AF371960.1_00016			AY779031.1_00017	AY894343.1_00016	BD143114.1_00059	GQ273492.1_00016			KC244182.1_00015		KT804738.1_00016				MG570131.1_00017	MG570132.1_00017	MK098185.1_00016	MK098186.1_00016	MK098187.1_00016	MK689685.1_00016	MK689686.1_00015	MN432490.1_00016				MT798582.1_00011	MT926123.1_00016	MT986830.1_00016	MW139932.1_00016			OK042108.1_00061	OK042109.1_00060	OL310752.1_00011	OL774653.1_00033	OL774654.1_00016	OL774655.1_00016		ON075463.1_00015	ON740976.1_00015	ON743042.1_00016	OP009387.1_00016	OQ475017.1_00016
N1.HOG0000075	OG0000075	n0		AF371960.1_00035			AY779031.1_00038	AY894343.1_00033	BD143114.1_00041	GQ273492.1_00034			KC244182.1_00033		KT804738.1_00033				MG570131.1_00035	MG570132.1_00035	MK098185.1_00037	MK098186.1_00034	MK098187.1_00037	MK689685.1_00033	MK689686.1_00033	MN432490.1_00036				MT798582.1_00072	MT926123.1_00036	MT986830.1_00037	MW139932.1_00037			OK042108.1_00043	OK042109.1_00043	OL310752.1_00084	OL774653.1_00055	OL774654.1_00035	OL774655.1_00038		ON075463.1_00033	ON740976.1_00034	ON743042.1_00035	OP009387.1_00034	OQ475017.1_00034
N1.HOG0000076	OG0000076	n0		AF371960.1_00038			AY779031.1_00041	AY894343.1_00036	BD143114.1_00038	GQ273492.1_00037			KC244182.1_00036		KT804738.1_00036				MG570131.1_00038	MG570132.1_00038	MK098185.1_00040	MK098186.1_00037	MK098187.1_00040	MK689685.1_00036	MK689686.1_00036	MN432490.1_00039				MT798582.1_00069	MT926123.1_00039	MT986830.1_00040	MW139932.1_00040			OK042108.1_00040	OK042109.1_00040	OL310752.1_00059	OL774653.1_00058	OL774654.1_00038	OL774655.1_00041		ON075463.1_00036	ON740976.1_00037	ON743042.1_00038	OP009387.1_00037	OQ475017.1_00037
N1.HOG0000077	OG0000077	n0		AF371960.1_00041			AY779031.1_00044	AY894343.1_00039	BD143114.1_00035	GQ273492.1_00040			KC244182.1_00039		KT804738.1_00039				MG570131.1_00041	MG570132.1_00041	MK098185.1_00043	MK098186.1_00040	MK098187.1_00043	MK689685.1_00039	MK689686.1_00039	MN432490.1_00042				MT798582.1_00066	MT926123.1_00042	MT986830.1_00042	MW139932.1_00043			OK042108.1_00037	OK042109.1_00037	OL310752.1_00056	OL774653.1_00061	OL774654.1_00041	OL774655.1_00044		ON075463.1_00039	ON740976.1_00040	ON743042.1_00042	OP009387.1_00040	OQ475017.1_00040
N1.HOG0000078	OG0000078	n0		AF371960.1_00042			AY779031.1_00045	AY894343.1_00040	BD143114.1_00034	GQ273492.1_00041			KC244182.1_00040		KT804738.1_00040				MG570131.1_00042	MG570132.1_00042	MK098185.1_00044	MK098186.1_00041	MK098187.1_00044	MK689685.1_00040	MK689686.1_00040	MN432490.1_00043				MT798582.1_00065	MT926123.1_00043	MT986830.1_00043	MW139932.1_00044			OK042108.1_00036	OK042109.1_00036	OL310752.1_00055	OL774653.1_00062	OL774654.1_00042	OL774655.1_00045		ON075463.1_00040	ON740976.1_00041	ON743042.1_00043	OP009387.1_00041	OQ475017.1_00041
N1.HOG0000079	OG0000079	n0		AF371960.1_00046			AY779031.1_00050	AY894343.1_00044	BD143114.1_00030	GQ273492.1_00045			KC244182.1_00044		KT804738.1_00044				MG570131.1_00046	MG570132.1_00046	MK098185.1_00048	MK098186.1_00045	MK098187.1_00048	MK689685.1_00044	MK689686.1_00044	MN432490.1_00047				MT798582.1_00061	MT926123.1_00047	MT986830.1_00047	MW139932.1_00048			OK042108.1_00032	OK042109.1_00032	OL310752.1_00051	OL774653.1_00066	OL774654.1_00046	OL774655.1_00049		ON075463.1_00044	ON740976.1_00045	ON743042.1_00047	OP009387.1_00045	OQ475017.1_00045
N1.HOG0000080	OG0000080	n0		AF371960.1_00051			AY779031.1_00055	AY894343.1_00050	BD143114.1_00025	GQ273492.1_00050			KC244182.1_00050		KT804738.1_00049				MG570131.1_00051	MG570132.1_00051	MK098185.1_00053	MK098186.1_00050	MK098187.1_00053	MK689685.1_00049	MK689686.1_00050	MN432490.1_00052				MT798582.1_00055	MT926123.1_00052	MT986830.1_00053	MW139932.1_00053			OK042108.1_00026	OK042109.1_00026	OL310752.1_00090	OL774653.1_00071	OL774654.1_00051	OL774655.1_00054		ON075463.1_00049	ON740976.1_00051	ON743042.1_00053	OP009387.1_00051	OQ475017.1_00050
N1.HOG0000081	OG0000081	n0		AF371960.1_00052			AY779031.1_00056	AY894343.1_00051	BD143114.1_00024	GQ273492.1_00051			KC244182.1_00051		KT804738.1_00050				MG570131.1_00052	MG570132.1_00052	MK098185.1_00054	MK098186.1_00051	MK098187.1_00054	MK689685.1_00050	MK689686.1_00051	MN432490.1_00053				MT798582.1_00054	MT926123.1_00053	MT986830.1_00054	MW139932.1_00054			OK042108.1_00025	OK042109.1_00025	OL310752.1_00091	OL774653.1_00072	OL774654.1_00052	OL774655.1_00055		ON075463.1_00050	ON740976.1_00052	ON743042.1_00054	OP009387.1_00052	OQ475017.1_00051
N1.HOG0000082	OG0000082	n0		AF371960.1_00053			AY779031.1_00057	AY894343.1_00052	BD143114.1_00023	GQ273492.1_00052			KC244182.1_00052		KT804738.1_00051				MG570131.1_00053	MG570132.1_00053	MK098185.1_00055	MK098186.1_00052	MK098187.1_00055	MK689685.1_00051	MK689686.1_00052	MN432490.1_00054				MT798582.1_00053	MT926123.1_00054	MT986830.1_00055	MW139932.1_00055			OK042108.1_00024	OK042109.1_00024	OL310752.1_00092	OL774653.1_00073	OL774654.1_00053	OL774655.1_00056		ON075463.1_00051	ON740976.1_00053	ON743042.1_00055	OP009387.1_00053	OQ475017.1_00052
N1.HOG0000083	OG0000083	n0		AF371960.1_00063			AY779031.1_00067	AY894343.1_00062	BD143114.1_00014	GQ273492.1_00062			KC244182.1_00062		KT804738.1_00059				MG570131.1_00062	MG570132.1_00062	MK098185.1_00063	MK098186.1_00060	MK098187.1_00063	MK689685.1_00060	MK689686.1_00061	MN432490.1_00063				MT798582.1_00101	MT926123.1_00064	MT986830.1_00064	MW139932.1_00064			OK042108.1_00014	OK042109.1_00014	OL310752.1_00026	OL774653.1_00081	OL774654.1_00062	OL774655.1_00065		ON075463.1_00060	ON740976.1_00062	ON743042.1_00064	OP009387.1_00063	OQ475017.1_00061
N1.HOG0000084	OG0000084	n0		AF371960.1_00066			AY779031.1_00070	AY894343.1_00065	BD143114.1_00011	GQ273492.1_00065			KC244182.1_00065		KT804738.1_00062				MG570131.1_00065	MG570132.1_00065	MK098185.1_00066	MK098186.1_00063	MK098187.1_00066	MK689685.1_00063	MK689686.1_00064	MN432490.1_00066				MT798582.1_00098	MT926123.1_00067	MT986830.1_00067	MW139932.1_00067			OK042108.1_00011	OK042109.1_00012	OL310752.1_00029	OL774653.1_00084	OL774654.1_00065	OL774655.1_00068		ON075463.1_00063	ON740976.1_00065	ON743042.1_00067	OP009387.1_00066	OQ475017.1_00064
N1.HOG0000085	OG0000085	n0		AF371960.1_00069			AY779031.1_00073	AY894343.1_00068	BD143114.1_00008	GQ273492.1_00067			KC244182.1_00067		KT804738.1_00065				MG570131.1_00067	MG570132.1_00067	MK098185.1_00069	MK098186.1_00066	MK098187.1_00069	MK689685.1_00066	MK689686.1_00067	MN432490.1_00069				MT798582.1_00095	MT926123.1_00070	MT986830.1_00071	MW139932.1_00070			OK042108.1_00008	OK042109.1_00009	OL310752.1_00099	OL774653.1_00087	OL774654.1_00068	OL774655.1_00071		ON075463.1_00066	ON740976.1_00068	ON743042.1_00070	OP009387.1_00068	OQ475017.1_00066
N1.HOG0000086	OG0000086	n0		AF371960.1_00070			AY779031.1_00076	AY894343.1_00069	BD143114.1_00007	GQ273492.1_00068			KC244182.1_00068		KT804738.1_00066				MG570131.1_00068	MG570132.1_00068	MK098185.1_00070	MK098186.1_00067	MK098187.1_00070	MK689685.1_00067	MK689686.1_00068	MN432490.1_00070				MT798582.1_00094	MT926123.1_00071	MT986830.1_00072	MW139932.1_00071			OK042108.1_00007	OK042109.1_00008	OL310752.1_00100	OL774653.1_00088	OL774654.1_00069	OL774655.1_00072		ON075463.1_00067	ON740976.1_00069	ON743042.1_00071	OP009387.1_00069	OQ475017.1_00067
N1.HOG0000087	OG0000087	n0		AF371960.1_00075			AY779031.1_00081	AY894343.1_00073	BD143114.1_00003	GQ273492.1_00071			KC244182.1_00073		KT804738.1_00070				MG570131.1_00071	MG570132.1_00071	MK098185.1_00074	MK098186.1_00071	MK098187.1_00074	MK689685.1_00072	MK689686.1_00072	MN432490.1_00075				MT798582.1_00090	MT926123.1_00076	MT986830.1_00077	MW139932.1_00075			OK042108.1_00003	OK042109.1_00004	OL310752.1_00080	OL774653.1_00092	OL774654.1_00073	OL774655.1_00076		ON075463.1_00071	ON740976.1_00073	ON743042.1_00075	OP009387.1_00074	OQ475017.1_00071
N1.HOG0000088	OG0000088	n0		AF371960.1_00076			AY779031.1_00082	AY894343.1_00074	BD143114.1_00002	GQ273492.1_00072			KC244182.1_00074		KT804738.1_00071				MG570131.1_00072	MG570132.1_00072	MK098185.1_00075	MK098186.1_00072	MK098187.1_00075	MK689685.1_00073	MK689686.1_00073	MN432490.1_00076				MT798582.1_00089	MT926123.1_00077	MT986830.1_00078	MW139932.1_00076			OK042108.1_00002	OK042109.1_00003	OL310752.1_00079	OL774653.1_00093	OL774654.1_00074	OL774655.1_00077		ON075463.1_00072	ON740976.1_00074	ON743042.1_00076	OP009387.1_00075	OQ475017.1_00072
N1.HOG0000089	OG0000089	n0		AF371960.1_00086			AY779031.1_00092	AY894343.1_00084	BD143114.1_00116	GQ273492.1_00081			KC244182.1_00084		KT804738.1_00080				MG570131.1_00081	MG570132.1_00081	MK098185.1_00084	MK098186.1_00081	MK098187.1_00084	MK689685.1_00083	MK689686.1_00082	MN432490.1_00086				MT798582.1_00122	MT926123.1_00087	MT986830.1_00088	MW139932.1_00085			OK042108.1_00115	OK042109.1_00116	OL310752.1_00048	OL774653.1_00102	OL774654.1_00083	OL774655.1_00085		ON075463.1_00081	ON740976.1_00083	ON743042.1_00085	OP009387.1_00085	OQ475017.1_00081
N1.HOG0000090	OG0000090	n0		AF371960.1_00087			AY779031.1_00093	AY894343.1_00085	BD143114.1_00115	GQ273492.1_00082			KC244182.1_00085		KT804738.1_00081				MG570131.1_00082	MG570132.1_00082	MK098185.1_00085	MK098186.1_00082	MK098187.1_00085	MK689685.1_00084	MK689686.1_00083	MN432490.1_00087				MT798582.1_00121	MT926123.1_00088	MT986830.1_00089	MW139932.1_00086			OK042108.1_00114	OK042109.1_00115	OL310752.1_00047	OL774653.1_00103	OL774654.1_00084	OL774655.1_00086		ON075463.1_00082	ON740976.1_00084	ON743042.1_00086	OP009387.1_00086	OQ475017.1_00082
N1.HOG0000091	OG0000091	n0		AF371960.1_00098			AY779031.1_00105	AY894343.1_00098	BD143114.1_00102	GQ273492.1_00094			KC244182.1_00097		KT804738.1_00094				MG570131.1_00094	MG570132.1_00094	MK098185.1_00097	MK098186.1_00094	MK098187.1_00097	MK689685.1_00096	MK689686.1_00095	MN432490.1_00099				MT798582.1_00109	MT926123.1_00098	MT986830.1_00102	MW139932.1_00098			OK042108.1_00102	OK042109.1_00103	OL310752.1_00034	OL774653.1_00116	OL774654.1_00096	OL774655.1_00098		ON075463.1_00094	ON740976.1_00096	ON743042.1_00098	OP009387.1_00097	OQ475017.1_00095
N1.HOG0000092	OG0000092	n0		AF371960.1_00102			AY779031.1_00112	AY894343.1_00102	BD143114.1_00098	GQ273492.1_00098			KC244182.1_00101		KT804738.1_00098				MG570131.1_00098	MG570132.1_00098	MK098185.1_00101	MK098186.1_00098	MK098187.1_00101	MK689685.1_00100	MK689686.1_00099	MN432490.1_00103				MT798582.1_00105	MT926123.1_00102	MT986830.1_00106	MW139932.1_00102			OK042108.1_00098	OK042109.1_00099	OL310752.1_00110	OL774653.1_00120	OL774654.1_00100	OL774655.1_00102		ON075463.1_00098	ON740976.1_00100	ON743042.1_00102	OP009387.1_00101	OQ475017.1_00099
N1.HOG0000093	OG0000093	n0		AF371960.1_00105			AY779031.1_00114	AY894343.1_00106	BD143114.1_00094	GQ273492.1_00101			KC244182.1_00105		KT804738.1_00102				MG570131.1_00101	MG570132.1_00101	MK098185.1_00105	MK098186.1_00102	MK098187.1_00105	MK689685.1_00103	MK689686.1_00103	MN432490.1_00106				MT798582.1_00044	MT926123.1_00105	MT986830.1_00109	MW139932.1_00106			OK042108.1_00094	OK042109.1_00095	OL310752.1_00098	OL774653.1_00124	OL774654.1_00104	OL774655.1_00106		ON075463.1_00102	ON740976.1_00104	ON743042.1_00106	OP009387.1_00105	OQ475017.1_00103
N1.HOG0000094	OG0000094	n0		AF371960.1_00108			AY779031.1_00117	AY894343.1_00109	BD143114.1_00091	GQ273492.1_00104			KC244182.1_00108		KT804738.1_00105				MG570131.1_00104	MG570132.1_00104	MK098185.1_00108	MK098186.1_00105	MK098187.1_00108	MK689685.1_00106	MK689686.1_00106	MN432490.1_00109				MT798582.1_00041	MT926123.1_00108	MT986830.1_00112	MW139932.1_00109			OK042108.1_00091	OK042109.1_00092	OL310752.1_00064	OL774653.1_00002	OL774654.1_00107	OL774655.1_00109		ON075463.1_00105	ON740976.1_00107	ON743042.1_00109	OP009387.1_00108	OQ475017.1_00106
N1.HOG0000095	OG0000095	n0		AF371960.1_00109			AY779031.1_00118	AY894343.1_00110	BD143114.1_00090	GQ273492.1_00105			KC244182.1_00109		KT804738.1_00106				MG570131.1_00105	MG570132.1_00105	MK098185.1_00109	MK098186.1_00106	MK098187.1_00109	MK689685.1_00107	MK689686.1_00107	MN432490.1_00110				MT798582.1_00040	MT926123.1_00109	MT986830.1_00113	MW139932.1_00110			OK042108.1_00090	OK042109.1_00091	OL310752.1_00063	OL774653.1_00003	OL774654.1_00108	OL774655.1_00110		ON075463.1_00106	ON740976.1_00108	ON743042.1_00110	OP009387.1_00109	OQ475017.1_00107
N1.HOG0000096	OG0000096	n0		AF371960.1_00119				AY894343.1_00121	BD143114.1_00079	GQ273492.1_00116					KT804738.1_00117				MG570131.1_00116	MG570132.1_00116	MK098185.1_00120	MK098186.1_00117	MK098187.1_00120	MK689685.1_00116	MK689686.1_00118	MN432490.1_00120	MN562489.1_00045		MT521409.1_00046	MT798582.1_00030	MT926123.1_00118	MT986830.1_00123	MW139932.1_00121		NC_027778.1_00025	OK042108.1_00079	OK042109.1_00080	OL310752.1_00069	OL774653.1_00014	OL774654.1_00119	OL774655.1_00121	OM037668.1_00091		ON740976.1_00119	ON743042.1_00121	OP009387.1_00119	OQ475017.1_00118
N1.HOG0000097	OG0000097	n0		AF371960.1_00003			AY779031.1_00003	AY894343.1_00003		GQ273492.1_00003			KC244182.1_00003		KT804738.1_00003				MG570131.1_00003	MG570132.1_00003	MK098185.1_00003	MK098186.1_00003	MK098187.1_00003	MK689685.1_00003	MK689686.1_00003	MN432490.1_00003				MT798582.1_00023	MT926123.1_00003	MT986830.1_00003	MW139932.1_00003			OK042108.1_00072	OK042109.1_00073	OL310752.1_00076	OL774653.1_00021	OL774654.1_00003	OL774655.1_00003		ON075463.1_00003	ON740976.1_00003	ON743042.1_00003	OP009387.1_00003	OQ475017.1_00003
N1.HOG0000098	OG0000098	n0		AF371960.1_00004			AY779031.1_00004	AY894343.1_00004	BD143114.1_00071	GQ273492.1_00004			KC244182.1_00004		KT804738.1_00004				MG570131.1_00004	MG570132.1_00004	MK098185.1_00004	MK098186.1_00004	MK098187.1_00004	MK689685.1_00004	MK689686.1_00004	MN432490.1_00004				MT798582.1_00022	MT926123.1_00004	MT986830.1_00004	MW139932.1_00004			OK042108.1_00071	OK042109.1_00072		OL774653.1_00022	OL774654.1_00004	OL774655.1_00004		ON075463.1_00004	ON740976.1_00004	ON743042.1_00004	OP009387.1_00004	OQ475017.1_00004
N1.HOG0000099	OG0000099	n0		AF371960.1_00040			AY779031.1_00043	AY894343.1_00038	BD143114.1_00036	GQ273492.1_00039			KC244182.1_00038		KT804738.1_00038				MG570131.1_00040	MG570132.1_00040	MK098185.1_00042	MK098186.1_00039	MK098187.1_00042	MK689685.1_00038	MK689686.1_00038	MN432490.1_00041				MT798582.1_00067	MT926123.1_00041		MW139932.1_00042			OK042108.1_00038	OK042109.1_00038	OL310752.1_00057	OL774653.1_00060	OL774654.1_00040	OL774655.1_00043		ON075463.1_00038	ON740976.1_00039	ON743042.1_00041	OP009387.1_00039	OQ475017.1_00039
N1.HOG0000100	OG0000100	n0		AF371960.1_00044			AY779031.1_00048	AY894343.1_00042	BD143114.1_00032	GQ273492.1_00043			KC244182.1_00042		KT804738.1_00042				MG570131.1_00044	MG570132.1_00044	MK098185.1_00046	MK098186.1_00043	MK098187.1_00046	MK689685.1_00042	MK689686.1_00042	MN432490.1_00045				MT798582.1_00063	MT926123.1_00045	MT986830.1_00045	MW139932.1_00046			OK042108.1_00034	OK042109.1_00034	OL310752.1_00053	OL774653.1_00064	OL774654.1_00044	OL774655.1_00047		ON075463.1_00042	ON740976.1_00043	ON743042.1_00045	OP009387.1_00043	OQ475017.1_00043
N1.HOG0000101	OG0000101	n0		AF371960.1_00071			AY779031.1_00077	AY894343.1_00070	BD143114.1_00006				KC244182.1_00070		KT804738.1_00067				MG570131.1_00069	MG570132.1_00069	MK098185.1_00071	MK098186.1_00068	MK098187.1_00071	MK689685.1_00068	MK689686.1_00069	MN432490.1_00071				MT798582.1_00093	MT926123.1_00072	MT986830.1_00073	MW139932.1_00072			OK042108.1_00006	OK042109.1_00007	OL310752.1_00101	OL774653.1_00089	OL774654.1_00070	OL774655.1_00073		ON075463.1_00068	ON740976.1_00070	ON743042.1_00072	OP009387.1_00070	OQ475017.1_00068
N1.HOG0000102	OG0000102	n0		AF371960.1_00081			AY779031.1_00087	AY894343.1_00079	BD143114.1_00121	GQ273492.1_00076			KC244182.1_00079		KT804738.1_00075				MG570131.1_00076	MG570132.1_00076	MK098185.1_00079	MK098186.1_00076	MK098187.1_00079	MK689685.1_00078	MK689686.1_00077	MN432490.1_00081				MT798582.1_00085	MT926123.1_00082	MT986830.1_00083	MW139932.1_00080			OK042108.1_00120	OK042109.1_00121	OL310752.1_00122	OL774653.1_00097	OL774654.1_00078			ON075463.1_00076	ON740976.1_00078	ON743042.1_00080	OP009387.1_00080	OQ475017.1_00076
N1.HOG0000103	OG0000103	n0		AF371960.1_00103				AY894343.1_00103	BD143114.1_00097	GQ273492.1_00099			KC244182.1_00102		KT804738.1_00099				MG570131.1_00099	MG570132.1_00099	MK098185.1_00102	MK098186.1_00099	MK098187.1_00102	MK689685.1_00101	MK689686.1_00100	MN432490.1_00104				MT798582.1_00104	MT926123.1_00103	MT986830.1_00107	MW139932.1_00103			OK042108.1_00097	OK042109.1_00098	OL310752.1_00109	OL774653.1_00121	OL774654.1_00101	OL774655.1_00103		ON075463.1_00099	ON740976.1_00101	ON743042.1_00103	OP009387.1_00102	OQ475017.1_00100
N1.HOG0000104	OG0000104	n0		AF371960.1_00106			AY779031.1_00115	AY894343.1_00107	BD143114.1_00093	GQ273492.1_00102			KC244182.1_00106		KT804738.1_00103				MG570131.1_00102	MG570132.1_00102	MK098185.1_00106	MK098186.1_00103	MK098187.1_00106	MK689685.1_00104	MK689686.1_00104	MN432490.1_00107				MT798582.1_00043	MT926123.1_00106	MT986830.1_00110	MW139932.1_00107			OK042108.1_00093	OK042109.1_00094	OL310752.1_00066		OL774654.1_00105	OL774655.1_00107		ON075463.1_00103	ON740976.1_00105	ON743042.1_00107	OP009387.1_00106	OQ475017.1_00104
N1.HOG0000105	OG0000105	n0		AF371960.1_00116			AY779031.1_00126	AY894343.1_00118	BD143114.1_00082	GQ273492.1_00113			KC244182.1_00117		KT804738.1_00114				MG570131.1_00113	MG570132.1_00113	MK098185.1_00117	MK098186.1_00114	MK098187.1_00117	MK689685.1_00114	MK689686.1_00115	MN432490.1_00117				MT798582.1_00033	MT926123.1_00116	MT986830.1_00120	MW139932.1_00118			OK042108.1_00082	OK042109.1_00083		OL774653.1_00011	OL774654.1_00116	OL774655.1_00118		ON075463.1_00114	ON740976.1_00116	ON743042.1_00118	OP009387.1_00116	OQ475017.1_00115
N1.HOG0000106	OG0000106	n0		AF371960.1_00029			AY779031.1_00032	AY894343.1_00027	BD143114.1_00047	GQ273492.1_00028			KC244182.1_00027		KT804738.1_00027				MG570131.1_00029	MG570132.1_00029	MK098185.1_00031	MK098186.1_00028	MK098187.1_00031	MK689685.1_00027	MK689686.1_00027	MN432490.1_00030				MT798582.1_00078	MT926123.1_00030	MT986830.1_00031	MW139932.1_00031				OK042109.1_00049	OL310752.1_00106	OL774653.1_00049	OL774654.1_00029	OL774655.1_00032		ON075463.1_00027	ON740976.1_00028	ON743042.1_00029	OP009387.1_00028	
N1.HOG0000107	OG0000107	n0		AF371960.1_00104				AY894343.1_00104	BD143114.1_00096	GQ273492.1_00100			KC244182.1_00103		KT804738.1_00100				MG570131.1_00100	MG570132.1_00100	MK098185.1_00103	MK098186.1_00100	MK098187.1_00103	MK689685.1_00102	MK689686.1_00101	MN432490.1_00105				MT798582.1_00103	MT926123.1_00104	MT986830.1_00108	MW139932.1_00104			OK042108.1_00096	OK042109.1_00097		OL774653.1_00122	OL774654.1_00102	OL774655.1_00104		ON075463.1_00100	ON740976.1_00102	ON743042.1_00104	OP009387.1_00103	OQ475017.1_00101
N1.HOG0000108	OG0000108	n0		AF371960.1_00120				AY894343.1_00122	BD143114.1_00078	GQ273492.1_00117			KC244182.1_00120		KT804738.1_00118				MG570131.1_00117	MG570132.1_00117	MK098185.1_00121	MK098186.1_00118	MK098187.1_00121	MK689685.1_00117	MK689686.1_00119	MN432490.1_00121				MT798582.1_00029	MT926123.1_00119	MT986830.1_00124	MW139932.1_00122			OK042108.1_00078	OK042109.1_00079	OL310752.1_00070	OL774653.1_00015	OL774654.1_00120	OL774655.1_00122		ON075463.1_00117	ON740976.1_00120	ON743042.1_00122	OP009387.1_00120	OQ475017.1_00119
N1.HOG0000109	OG0000109	n0		AF371960.1_00072			AY779031.1_00079	AY894343.1_00071	BD143114.1_00005				KC244182.1_00071		KT804738.1_00068						MK098185.1_00072	MK098186.1_00069	MK098187.1_00072	MK689685.1_00069	MK689686.1_00070	MN432490.1_00072				MT798582.1_00092	MT926123.1_00073	MT986830.1_00074	MW139932.1_00073			OK042108.1_00005	OK042109.1_00006	OL310752.1_00102	OL774653.1_00090	OL774654.1_00071	OL774655.1_00074		ON075463.1_00069	ON740976.1_00071	ON743042.1_00073	OP009387.1_00071	OQ475017.1_00069
N1.HOG0000110	OG0000110	n0		AF371960.1_00118			AY779031.1_00128	AY894343.1_00120	BD143114.1_00080	GQ273492.1_00115			KC244182.1_00119		KT804738.1_00116				MG570131.1_00115	MG570132.1_00115	MK098185.1_00119	MK098186.1_00116	MK098187.1_00119		MK689686.1_00117	MN432490.1_00119				MT798582.1_00031		MT986830.1_00122	MW139932.1_00120			OK042108.1_00080	OK042109.1_00081	OL310752.1_00068	OL774653.1_00013	OL774654.1_00118	OL774655.1_00120		ON075463.1_00116	ON740976.1_00118	ON743042.1_00120	OP009387.1_00118	OQ475017.1_00117
N1.HOG0000111	OG0000111	n0					AY779031.1_00101	AY894343.1_00094	BD143114.1_00106	GQ273492.1_00090			KC244182.1_00093		KT804738.1_00090				MG570131.1_00090	MG570132.1_00090	MK098185.1_00093	MK098186.1_00090	MK098187.1_00093	MK689685.1_00092	MK689686.1_00091	MN432490.1_00095				MT798582.1_00113		MT986830.1_00098	MW139932.1_00094			OK042108.1_00106	OK042109.1_00107	OL310752.1_00038	OL774653.1_00112	OL774654.1_00092	OL774655.1_00094		ON075463.1_00090	ON740976.1_00092	ON743042.1_00094		OQ475017.1_00091
N1.HOG0000112	OG0000112	n0					AY779031.1_00088	AY894343.1_00080	BD143114.1_00120	GQ273492.1_00077			KC244182.1_00080		KT804738.1_00076				MG570131.1_00077	MG570132.1_00077	MK098185.1_00080	MK098186.1_00077	MK098187.1_00080		MK689686.1_00078	MN432490.1_00082						MT986830.1_00084	MW139932.1_00081	NC_005946.1_00006		OK042108.1_00119	OK042109.1_00120		OL774653.1_00098	OL774654.1_00079	OL774655.1_00081		ON075463.1_00077	ON740976.1_00079	ON743042.1_00081	OP009387.1_00081	OQ475017.1_00077
N1.HOG0000113	OG0000113	n0	AF303741.1_00169, AF303741.1_00170		AY521625.1_00036						HF920633.1_00145, HF920633.1_00086	HF920637.1_00077, HF920637.1_00148, HF920637.1_00138		KF938901.1_00104		L63545.1_00088, L63545.1_00051, L63545.1_00047, L63545.1_00050, L63545.1_00042, L63545.1_00005		MF599468.1_00036, MF599468.1_00045, MF599468.1_00096										MN803438.1_00120, MN803438.1_00107, MN803438.1_00094, MN803438.1_00125, MN803438.1_00021, MN803438.1_00112, MN803438.1_00012						NC_005946.1_00020													
N1.HOG0000114	OG0000114	n0					AY779031.1_00022		BD143114.1_00054	GQ273492.1_00021			KC244182.1_00021								MK098185.1_00021	MK098186.1_00021	MK098187.1_00021			MN432490.1_00022	MN562489.1_00095		MT521409.1_00096	MT798582.1_00005	MT926123.1_00021	MT986830.1_00021	MW139932.1_00022		NC_027778.1_00076	OK042108.1_00056	OK042109.1_00055	OL310752.1_00005	OL774653.1_00038	OL774654.1_00021	OL774655.1_00021	OM037668.1_00042		ON740976.1_00020	ON743042.1_00021	OP009387.1_00022	OQ475017.1_00021
N1.HOG0000115	OG0000115	n0		AF371960.1_00011			AY779031.1_00011		BD143114.1_00064	GQ273492.1_00011									MG570131.1_00012	MG570132.1_00012	MK098185.1_00011	MK098186.1_00011	MK098187.1_00011	MK689685.1_00011		MN432490.1_00011	MN562489.1_00084		MT521409.1_00085		MT926123.1_00011	MT986830.1_00011	MW139932.1_00011		NC_027778.1_00065		OK042109.1_00065			OL774654.1_00011	OL774655.1_00011	OM037668.1_00053			ON743042.1_00011	OP009387.1_00011	OQ475017.1_00011
N1.HOG0000116	OG0000116	n0		AF371960.1_00054				AY894343.1_00053	BD143114.1_00022	GQ273492.1_00053			KC244182.1_00053		KT804738.1_00052				MG570131.1_00054	MG570132.1_00054					MK689686.1_00053	MN432490.1_00055	MN562489.1_00035		MT521409.1_00036	MT798582.1_00052	MT926123.1_00055	MT986830.1_00056			NC_027778.1_00015	OK042108.1_00023	OK042109.1_00023					OM037668.1_00101	ON075463.1_00052	ON740976.1_00054	ON743042.1_00056	OP009387.1_00054	OQ475017.1_00053
N1.HOG0000117	OG0000117	n0		AF371960.1_00067			AY779031.1_00071	AY894343.1_00066	BD143114.1_00010						KT804738.1_00063						MK098185.1_00067	MK098186.1_00064	MK098187.1_00067	MK689685.1_00064	MK689686.1_00065					MT798582.1_00097	MT926123.1_00068	MT986830.1_00068	MW139932.1_00068			OK042108.1_00010	OK042109.1_00011	OL310752.1_00030	OL774653.1_00085	OL774654.1_00066	OL774655.1_00069		ON075463.1_00064	ON740976.1_00066	ON743042.1_00068		
N1.HOG0000118	OG0000118	n0		AF371960.1_00094			AY779031.1_00100		BD143114.1_00107	GQ273492.1_00089			KC244182.1_00092						MG570131.1_00089	MG570132.1_00089	MK098185.1_00092	MK098186.1_00089	MK098187.1_00092	MK689685.1_00091		MN432490.1_00094	MN562489.1_00054		MT521409.1_00055		MT926123.1_00094		MW139932.1_00093		NC_027778.1_00034	OK042108.1_00107	OK042109.1_00108				OL774655.1_00093	OM037668.1_00082		ON740976.1_00091		OP009387.1_00093	
N1.HOG0000119	OG0000119	n0	AF303741.1_00109, AF303741.1_00094, AF303741.1_00173, AF303741.1_00095, AF303741.1_00007, AF303741.1_00066								HF920633.1_00040, HF920633.1_00117, HF920633.1_00143, HF920633.1_00057, HF920633.1_00107, HF920633.1_00172, HF920633.1_00170	HF920637.1_00158, HF920637.1_00208, HF920637.1_00130, HF920637.1_00102, HF920637.1_00096, HF920637.1_00206, HF920637.1_00184, HF920637.1_00034		KF938901.1_00085, KF938901.1_00140																																	
N1.HOG0000120	OG0000120	n0					AY779031.1_00113	AY894343.1_00105	BD143114.1_00095				KC244182.1_00104		KT804738.1_00101						MK098185.1_00104	MK098186.1_00101	MK098187.1_00104		MK689686.1_00102								MW139932.1_00105			OK042108.1_00095	OK042109.1_00096	OL310752.1_00097	OL774653.1_00123	OL774654.1_00103	OL774655.1_00105		ON075463.1_00101	ON740976.1_00103	ON743042.1_00105	OP009387.1_00104	OQ475017.1_00102
N1.HOG0000121	OG0000121	n0						AY894343.1_00114	BD143114.1_00086	GQ273492.1_00109			KC244182.1_00113		KT804738.1_00110				MG570131.1_00109	MG570132.1_00109	MK098185.1_00113	MK098186.1_00110	MK098187.1_00113		MK689686.1_00111								MW139932.1_00114			OK042108.1_00086	OK042109.1_00087		OL774653.1_00007	OL774654.1_00112	OL774655.1_00114		ON075463.1_00110	ON740976.1_00112	ON743042.1_00114		OQ475017.1_00111
N1.HOG0000122	OG0000122	n0	AF303741.1_00005, AF303741.1_00065								HF920633.1_00116	HF920637.1_00183						MF599468.1_00055, MF599468.1_00091, MF599468.1_00103, MF599468.1_00128, MF599468.1_00023, MF599468.1_00038, MF599468.1_00070, MF599468.1_00145, MF599468.1_00101, MF599468.1_00024, MF599468.1_00104, MF599468.1_00029, MF599468.1_00099, MF599468.1_00100, MF599468.1_00114, MF599468.1_00102, MF599468.1_00054																													
N1.HOG0000123	OG0000123	n0	AF303741.1_00195, AF303741.1_00178, AF303741.1_00121								HF920633.1_00130, HF920633.1_00174, HF920633.1_00007, HF920633.1_00147	HF920637.1_00029, HF920637.1_00198, HF920637.1_00147, HF920637.1_00218		KF938901.1_00049, KF938901.1_00020, KF938901.1_00115, KF938901.1_00091			LS484712.1_00198																														
N1.HOG0000124	OG0000124	n0		AF371960.1_00026			AY779031.1_00028			GQ273492.1_00026										MG570132.1_00027	MK098185.1_00028		MK098187.1_00028			MN432490.1_00027				MT798582.1_00083	MT926123.1_00027	MT986830.1_00028							OL774653.1_00045		OL774655.1_00028						OQ475017.1_00026
N1.HOG0000125	OG0000125	n0							BD143114.1_00048												MK098185.1_00030	MK098186.1_00027	MK098187.1_00030										MW139932.1_00030			OK042108.1_00049		OL310752.1_00105	OL774653.1_00048	OL774654.1_00028	OL774655.1_00031			ON740976.1_00027	ON743042.1_00028		OQ475017.1_00028
N1.HOG0000126	OG0000126	n0	AF303741.1_00088								HF920633.1_00059, HF920633.1_00119, HF920633.1_00081			KF938901.1_00030, KF938901.1_00084, KF938901.1_00158, KF938901.1_00119, KF938901.1_00001, KF938901.1_00151, KF938901.1_00127, KF938901.1_00135																																	
N1.HOG0000127	OG0000127	n0							BD143114.1_00050										MG570131.1_00026	MG570132.1_00026		MK098186.1_00025		MK689685.1_00024									MW139932.1_00027			OK042108.1_00051		OL310752.1_00001		OL774654.1_00025				ON740976.1_00025	ON743042.1_00026		
N1.HOG0000128	OG0000128	n0																									MN562489.1_00004, MN562489.1_00071, MN562489.1_00003		MT521409.1_00004, MT521409.1_00072, MT521409.1_00003						NC_027778.1_00125, NC_027778.1_00052, NC_027778.1_00124							OM037668.1_00131, OM037668.1_00066, OM037668.1_00132					
N1.HOG0000129	OG0000129	n0		AF371960.1_00074																				MK689685.1_00071		MN432490.1_00074	MN562489.1_00075	MN803438.1_00082	MT521409.1_00076		MT926123.1_00075	MT986830.1_00076			NC_027778.1_00056							OM037668.1_00062				OP009387.1_00073	
N1.HOG0000130	OG0000130	n0						AY894343.1_00047					KC244182.1_00047												MK689686.1_00047					MT798582.1_00058		MT986830.1_00050				OK042108.1_00029	OK042109.1_00029							ON740976.1_00048	ON743042.1_00050	OP009387.1_00048	
N1.HOG0000131	OG0000131	n0						AY894343.1_00092							KT804738.1_00088										MK689686.1_00090					MT798582.1_00114		MT986830.1_00096						OL310752.1_00040	OL774653.1_00110	OL774654.1_00091			ON075463.1_00089		ON743042.1_00093		OQ475017.1_00089
N1.HOG0000132	OG0000132	n0															LS484712.1_00025, LS484712.1_00026, LS484712.1_00027, LS484712.1_00028, LS484712.1_00030, LS484712.1_00034, LS484712.1_00252, LS484712.1_00253, LS484712.1_00254, LS484712.1_00031, LS484712.1_00032																														
N1.HOG0000133	OG0000133	n0	AF303741.1_00130, AF303741.1_00089								HF920633.1_00004	HF920637.1_00058, HF920637.1_00093, HF920637.1_00094, HF920637.1_00199, HF920637.1_00201, HF920637.1_00057, HF920637.1_00216																																			
N1.HOG0000134	OG0000134	n0	AF303741.1_00126		AY521625.1_00098						HF920633.1_00135	HF920637.1_00219		KF938901.1_00086		L63545.1_00092	LS484712.1_00057	MF599468.1_00002										MN803438.1_00115						NC_005946.1_00001													
N1.HOG0000135	OG0000135	n0	AF303741.1_00157		AY521625.1_00102						HF920633.1_00064	HF920637.1_00014		KF938901.1_00007		L63545.1_00016	LS484712.1_00197	MF599468.1_00027										MN803438.1_00006						NC_005946.1_00079													
N1.HOG0000136	OG0000136	n0															LS484712.1_00008, LS484712.1_00009, LS484712.1_00010, LS484712.1_00064, LS484712.1_00065, LS484712.1_00068, LS484712.1_00069, LS484712.1_00070, LS484712.1_00072, LS484712.1_00255																														
N1.HOG0000137	OG0000137	n0	AF303741.1_00031		AY521625.1_00056						HF920633.1_00132	HF920637.1_00105		KF938901.1_00048		L63545.1_00100	LS484712.1_00251											MN803438.1_00105						NC_005946.1_00039													
N1.HOG0000138	OG0000138	n0	AF303741.1_00100, AF303741.1_00162								HF920633.1_00053	HF920637.1_00181		KF938901.1_00065		L63545.1_00023	LS484712.1_00063	MF599468.1_00051										MN803438.1_00137																			
N1.HOG0000139	OG0000139	n0	AF303741.1_00101								HF920633.1_00156	HF920637.1_00123		KF938901.1_00108													MN562489.1_00069	MN803438.1_00005	MT521409.1_00070						NC_027778.1_00049							OM037668.1_00068					
N1.HOG0000140	OG0000140	n0		AF371960.1_00077				AY894343.1_00075					KC244182.1_00075											MK689685.1_00074		MN432490.1_00077					MT926123.1_00078	MT986830.1_00079					OK042109.1_00002									OP009387.1_00076	
N1.HOG0000141	OG0000141	n0			AY521625.1_00046																						MN562489.1_00009, MN562489.1_00070		MT521409.1_00009, MT521409.1_00071						NC_027778.1_00130, NC_027778.1_00050							OM037668.1_00126, OM037668.1_00067					
N1.HOG0000142	OG0000142	n0					AY779031.1_00029																	MK689685.1_00025						MT798582.1_00081			MW139932.1_00028					OL310752.1_00103	OL774653.1_00046	OL774654.1_00026	OL774655.1_00029						
N1.HOG0000143	OG0000143	n0					AY779031.1_00021						KC244182.1_00020							MG570132.1_00022					MK689686.1_00020	MN432490.1_00021				MT798582.1_00006			MW139932.1_00021										ON075463.1_00020			OP009387.1_00021	
N1.HOG0000144	OG0000144	n0					AY779031.1_00026														MK098185.1_00025		MK098187.1_00025										MW139932.1_00026			OK042108.1_00052			OL774653.1_00042		OL774655.1_00025			ON740976.1_00024	ON743042.1_00025		
N1.HOG0000145	OG0000145	n0																MF599468.1_00032, MF599468.1_00068, MF599468.1_00069, MF599468.1_00109, MF599468.1_00110, MF599468.1_00111, MF599468.1_00136, MF599468.1_00137, MF599468.1_00138																													
N1.HOG0000146	OG0000146	n0																									MN562489.1_00014, MN562489.1_00007		MT521409.1_00014, MT521409.1_00007						NC_027778.1_00136, NC_027778.1_00135, NC_027778.1_00128							OM037668.1_00121, OM037668.1_00128					
N1.HOG0000147	OG0000147	n0																									MN562489.1_00122, MN562489.1_00066	MN803438.1_00022	MT521409.1_00123, MT521409.1_00067						NC_027778.1_00104, NC_027778.1_00046							OM037668.1_00015, OM037668.1_00071					
N1.HOG0000148	OG0000148	n0	AF303741.1_00072		AY521625.1_00133						HF920633.1_00026	HF920637.1_00060		KF938901.1_00069			LS484712.1_00133	MF599468.1_00161																NC_005946.1_00054													
N1.HOG0000149	OG0000149	n0	AF303741.1_00185								HF920633.1_00014, HF920633.1_00027, HF920633.1_00153, HF920633.1_00092, HF920633.1_00104	HF920637.1_00084, HF920637.1_00169																																			
N1.HOG0000150	OG0000150	n0		AF371960.1_00025			AY779031.1_00027														MK098185.1_00027		MK098187.1_00027								MT926123.1_00026	MT986830.1_00027							OL774653.1_00044		OL774655.1_00027						
N1.HOG0000151	OG0000151	n0			AY521625.1_00002											L63545.1_00085											MN562489.1_00136	MN803438.1_00010	MT521409.1_00137					NC_005946.1_00052	NC_027778.1_00119							OM037668.1_00001					
N1.HOG0000152	OG0000152	n0	AF303741.1_00099, AF303741.1_00070								HF920633.1_00019, HF920633.1_00100, HF920633.1_00099, HF920633.1_00129	HF920637.1_00151																																			
N1.HOG0000153	OG0000153	n0	AF303741.1_00145, AF303741.1_00090								HF920633.1_00088	HF920637.1_00011, HF920637.1_00180		KF938901.1_00112			LS484712.1_00211																														
N1.HOG0000154	OG0000154	n0	AF303741.1_00182								HF920633.1_00096, HF920633.1_00114	HF920637.1_00162, HF920637.1_00071		KF938901.1_00153, KF938901.1_00066																																	
N1.HOG0000155	OG0000155	n0	AF303741.1_00183								HF920633.1_00036	HF920637.1_00168		KF938901.1_00106		L63545.1_00012		MF599468.1_00074										MN803438.1_00135																			
N1.HOG0000156	OG0000156	n0	AF303741.1_00192		AY521625.1_00044						HF920633.1_00106	HF920637.1_00150		KF938901.1_00118				MF599468.1_00142																NC_005946.1_00063													
N1.HOG0000157	OG0000157	n0			AY521625.1_00003, AY521625.1_00078, AY521625.1_00079, AY521625.1_00127, AY521625.1_00080, AY521625.1_00081, AY521625.1_00082																																										
N1.HOG0000158	OG0000158	n0			AY521625.1_00018						HF920633.1_00024			KF938901.1_00027		L63545.1_00018		MF599468.1_00060										MN803438.1_00003						NC_005946.1_00044													
N1.HOG0000159	OG0000159	n0			AY521625.1_00025, AY521625.1_00026, AY521625.1_00029, AY521625.1_00033, AY521625.1_00027, AY521625.1_00030, AY521625.1_00032																																										
N1.HOG0000160	OG0000160	n0			AY521625.1_00126							HF920637.1_00072				L63545.1_00055		MF599468.1_00156, MF599468.1_00066										MN803438.1_00078						NC_005946.1_00075													
N1.HOG0000161	OG0000161	n0														L63545.1_00087											MN562489.1_00101	MN803438.1_00011, MN803438.1_00096	MT521409.1_00102						NC_027778.1_00082							OM037668.1_00036					
N1.HOG0000162	OG0000162	n0															LS484712.1_00082, LS484712.1_00083, LS484712.1_00084, LS484712.1_00088, LS484712.1_00085, LS484712.1_00086, LS484712.1_00087																														
N1.HOG0000163	OG0000163	n0																MF599468.1_00047, MF599468.1_00049, MF599468.1_00158, MF599468.1_00118, MF599468.1_00159, MF599468.1_00119, MF599468.1_00157																													
N1.HOG0000164	OG0000164	n0	AF303741.1_00009									HF920637.1_00013															MN562489.1_00115		MT521409.1_00116						NC_027778.1_00097							OM037668.1_00022					
N1.HOG0000165	OG0000165	n0	AF303741.1_00147, AF303741.1_00049, AF303741.1_00078, AF303741.1_00083								HF920633.1_00030	HF920637.1_00116																																			
N1.HOG0000166	OG0000166	n0	AF303741.1_00056								HF920633.1_00134	HF920637.1_00056		KF938901.1_00102			LS484712.1_00116	MF599468.1_00141																													
N1.HOG0000167	OG0000167	n0	AF303741.1_00068, AF303741.1_00067								HF920633.1_00039	HF920637.1_00140		KF938901.1_00075			LS484712.1_00113																														
N1.HOG0000168	OG0000168	n0	AF303741.1_00076								HF920633.1_00105	HF920637.1_00095		KF938901.1_00117			LS484712.1_00140	MF599468.1_00004																													
N1.HOG0000169	OG0000169	n0	AF303741.1_00087								HF920633.1_00082	HF920637.1_00049		KF938901.1_00103			LS484712.1_00195	MF599468.1_00162																													
N1.HOG0000170	OG0000170	n0	AF303741.1_00091								HF920633.1_00169	HF920637.1_00120		KF938901.1_00128			LS484712.1_00212	MF599468.1_00067																													
N1.HOG0000171	OG0000171	n0	AF303741.1_00096								HF920633.1_00177	HF920637.1_00045		KF938901.1_00121			LS484712.1_00112	MF599468.1_00105																													
N1.HOG0000172	OG0000172	n0	AF303741.1_00105		AY521625.1_00014						HF920633.1_00144			KF938901.1_00101				MF599468.1_00081																NC_005946.1_00004													
N1.HOG0000173	OG0000173	n0	AF303741.1_00117															MF599468.1_00098									MN562489.1_00114		MT521409.1_00115						NC_027778.1_00096							OM037668.1_00023					
N1.HOG0000174	OG0000174	n0	AF303741.1_00179								HF920633.1_00046	HF920637.1_00067		KF938901.1_00150			LS484712.1_00184	MF599468.1_00155																													
N1.HOG0000175	OG0000175	n0	AF303741.1_00181								HF920633.1_00031, HF920633.1_00161	HF920637.1_00069		KF938901.1_00105, KF938901.1_00006																																	
N1.HOG0000176	OG0000176	n0			AY521625.1_00005						HF920633.1_00171			KF938901.1_00017		L63545.1_00066												MN803438.1_00028						NC_005946.1_00026													
N1.HOG0000177	OG0000177	n0			AY521625.1_00011											L63545.1_00091		MF599468.1_00089, MF599468.1_00108										MN803438.1_00030						NC_005946.1_00033													
N1.HOG0000178	OG0000178	n0			AY521625.1_00140						HF920633.1_00034			KF938901.1_00009		L63545.1_00048												MN803438.1_00092						NC_005946.1_00029													
N1.HOG0000179	OG0000179	n0						AY894343.1_00026					KC244182.1_00026		KT804738.1_00026										MK689686.1_00026																		ON075463.1_00026				
N1.HOG0000180	OG0000180	n0						AY894343.1_00093							KT804738.1_00089																	MT986830.1_00097						OL310752.1_00039	OL774653.1_00111								OQ475017.1_00090
N1.HOG0000181	OG0000181	n0								GQ273492.1_00025											MK098185.1_00026		MK098187.1_00026																OL774653.1_00043		OL774655.1_00026						OQ475017.1_00025
N1.HOG0000182	OG0000182	n0														L63545.1_00057, L63545.1_00059, L63545.1_00008												MN803438.1_00067, MN803438.1_00038, MN803438.1_00047																			
N1.HOG0000183	OG0000183	n0															LS484712.1_00089, LS484712.1_00090, LS484712.1_00225, LS484712.1_00268, LS484712.1_00269, LS484712.1_00270																														
N1.HOG0000184	OG0000184	n0	AF303741.1_00141, AF303741.1_00142, AF303741.1_00001									HF920637.1_00122, HF920637.1_00062																																			
N1.HOG0000185	OG0000185	n0	AF303741.1_00003								HF920633.1_00128	HF920637.1_00020		KF938901.1_00116				MF599468.1_00129																													
N1.HOG0000186	OG0000186	n0	AF303741.1_00004								HF920633.1_00110	HF920637.1_00139		KF938901.1_00133				MF599468.1_00022																													
N1.HOG0000187	OG0000187	n0	AF303741.1_00015								HF920633.1_00149	HF920637.1_00100		KF938901.1_00141				MF599468.1_00079																													
N1.HOG0000188	OG0000188	n0	AF303741.1_00017								HF920633.1_00165	HF920637.1_00212		KF938901.1_00014				MF599468.1_00037																													
N1.HOG0000189	OG0000189	n0	AF303741.1_00085								HF920633.1_00103	HF920637.1_00047		KF938901.1_00100				MF599468.1_00025																													
N1.HOG0000190	OG0000190	n0	AF303741.1_00086								HF920633.1_00020, HF920633.1_00021	HF920637.1_00048		KF938901.1_00099																																	
N1.HOG0000191	OG0000191	n0	AF303741.1_00104								HF920633.1_00032			KF938901.1_00073				MF599468.1_00052, MF599468.1_00061																													
N1.HOG0000192	OG0000192	n0	AF303741.1_00112								HF920633.1_00022	HF920637.1_00085		KF938901.1_00152				MF599468.1_00043																													
N1.HOG0000193	OG0000193	n0	AF303741.1_00122								HF920633.1_00131	HF920637.1_00019		KF938901.1_00063			LS484712.1_00196																														
N1.HOG0000194	OG0000194	n0	AF303741.1_00136								HF920633.1_00120	HF920637.1_00193		KF938901.1_00134				MF599468.1_00015																													
N1.HOG0000195	OG0000195	n0	AF303741.1_00146								HF920633.1_00146	HF920637.1_00043		KF938901.1_00139			LS484712.1_00224																														
N1.HOG0000196	OG0000196	n0	AF303741.1_00148								HF920633.1_00056	HF920637.1_00160		KF938901.1_00070				MF599468.1_00172																													
N1.HOG0000197	OG0000197	n0	AF303741.1_00150								HF920633.1_00123	HF920637.1_00192		KF938901.1_00146				MF599468.1_00044																													
N1.HOG0000198	OG0000198	n0	AF303741.1_00151								HF920633.1_00050	HF920637.1_00070		KF938901.1_00077			LS484712.1_00060																														
N1.HOG0000199	OG0000199	n0	AF303741.1_00161								HF920633.1_00098	HF920637.1_00194		KF938901.1_00079				MF599468.1_00065																													
N1.HOG0000200	OG0000200	n0	AF303741.1_00174									HF920637.1_00133, HF920637.1_00142, HF920637.1_00136						MF599468.1_00016																													
N1.HOG0000201	OG0000201	n0	AF303741.1_00177								HF920633.1_00035	HF920637.1_00035		KF938901.1_00010			LS484712.1_00163																														
N1.HOG0000202	OG0000202	n0	AF303741.1_00184								HF920633.1_00029	HF920637.1_00009		KF938901.1_00008			LS484712.1_00120																														
N1.HOG0000203	OG0000203	n0	AF303741.1_00193								HF920633.1_00121	HF920637.1_00149		KF938901.1_00113			LS484712.1_00106																														
N1.HOG0000204	OG0000204	n0	AF303741.1_00197								HF920633.1_00125	HF920637.1_00005		KF938901.1_00148				MF599468.1_00125																													
N1.HOG0000205	OG0000205	n0		AF371960.1_00059						GQ273492.1_00058														MK689685.1_00056							MT926123.1_00060						OK042109.1_00018										
N1.HOG0000206	OG0000206	n0			AY521625.1_00066											L63545.1_00106		MF599468.1_00006										MN803438.1_00044						NC_005946.1_00062													
N1.HOG0000207	OG0000207	n0			AY521625.1_00076, AY521625.1_00106, AY521625.1_00107, AY521625.1_00108, AY521625.1_00109																																										
N1.HOG0000208	OG0000208	n0					AY779031.1_00058																										MW139932.1_00056					OL310752.1_00093		OL774654.1_00054	OL774655.1_00057						
N1.HOG0000209	OG0000209	n0						AY894343.1_00024							KT804738.1_00024										MK689686.1_00024					MT798582.1_00082													ON075463.1_00024				
N1.HOG0000210	OG0000210	n0									HF920633.1_00139	HF920637.1_00024		KF938901.1_00137		L63545.1_00105												MN803438.1_00045																			
N1.HOG0000211	OG0000211	n0															LS484712.1_00024										MN562489.1_00120		MT521409.1_00121						NC_027778.1_00102							OM037668.1_00017					
N1.HOG0000212	OG0000212	n0																									MN562489.1_00048	MN803438.1_00130	MT521409.1_00049						NC_027778.1_00028							OM037668.1_00088					
N1.HOG0000213	OG0000213	n0																									MN562489.1_00074		MT521409.1_00075					NC_005946.1_00007	NC_027778.1_00055							OM037668.1_00063					
N1.HOG0000214	OG0000214	n0	AF303741.1_00008								HF920633.1_00101	HF920637.1_00215					LS484712.1_00052																														
N1.HOG0000215	OG0000215	n0	AF303741.1_00012									HF920637.1_00065, HF920637.1_00115, HF920637.1_00177																																			
N1.HOG0000216	OG0000216	n0	AF303741.1_00018								HF920633.1_00008	HF920637.1_00211		KF938901.1_00130																																	
N1.HOG0000217	OG0000217	n0	AF303741.1_00024									HF920637.1_00008, HF920637.1_00200, HF920637.1_00083																																			
N1.HOG0000218	OG0000218	n0	AF303741.1_00042								HF920633.1_00063	HF920637.1_00188		KF938901.1_00057																																	
N1.HOG0000219	OG0000219	n0	AF303741.1_00044								HF920633.1_00160	HF920637.1_00187		KF938901.1_00082																																	
N1.HOG0000220	OG0000220	n0	AF303741.1_00064								HF920633.1_00061	HF920637.1_00074		KF938901.1_00109																																	
N1.HOG0000221	OG0000221	n0	AF303741.1_00074								HF920633.1_00018			KF938901.1_00029			LS484712.1_00233																														
N1.HOG0000222	OG0000222	n0	AF303741.1_00107								HF920633.1_00023	HF920637.1_00204		KF938901.1_00098																																	
N1.HOG0000223	OG0000223	n0	AF303741.1_00120								HF920633.1_00102	HF920637.1_00124		KF938901.1_00136																																	
N1.HOG0000224	OG0000224	n0	AF303741.1_00124								HF920633.1_00074	HF920637.1_00144		KF938901.1_00045																																	
N1.HOG0000225	OG0000225	n0	AF303741.1_00135								HF920633.1_00087	HF920637.1_00167		KF938901.1_00090																																	
N1.HOG0000226	OG0000226	n0	AF303741.1_00159								HF920633.1_00041	HF920637.1_00040		KF938901.1_00155																																	
N1.HOG0000227	OG0000227	n0	AF303741.1_00160								HF920633.1_00013	HF920637.1_00195		KF938901.1_00035																																	
N1.HOG0000228	OG0000228	n0	AF303741.1_00175								HF920633.1_00113	HF920637.1_00012		KF938901.1_00062																																	
N1.HOG0000229	OG0000229	n0	AF303741.1_00203								HF920633.1_00037	HF920637.1_00022		KF938901.1_00107																																	
N1.HOG0000230	OG0000230	n0	AF303741.1_00204								HF920633.1_00155	HF920637.1_00021		KF938901.1_00154																																	
N1.HOG0000231	OG0000231	n0		AF371960.1_00024																						MN432490.1_00026					MT926123.1_00025	MT986830.1_00025															
N1.HOG0000232	OG0000232	n0			AY521625.1_00023											L63545.1_00025												MN803438.1_00110						NC_005946.1_00051													
N1.HOG0000233	OG0000233	n0			AY521625.1_00057											L63545.1_00082		MF599468.1_00062										MN803438.1_00140																			
N1.HOG0000234	OG0000234	n0			AY521625.1_00061											L63545.1_00021												MN803438.1_00008						NC_005946.1_00088													
N1.HOG0000235	OG0000235	n0			AY521625.1_00094											L63545.1_00109												MN803438.1_00026						NC_005946.1_00096													
N1.HOG0000236	OG0000236	n0			AY521625.1_00116											L63545.1_00022												MN803438.1_00136						NC_005946.1_00015													
N1.HOG0000237	OG0000237	n0			AY521625.1_00128											L63545.1_00032												MN803438.1_00099						NC_005946.1_00073													
N1.HOG0000238	OG0000238	n0					AY779031.1_00064						KC244182.1_00059																							OK042108.1_00017											
N1.HOG0000239	OG0000239	n0														L63545.1_00102												MN803438.1_00053, MN803438.1_00103, MN803438.1_00064																			
N1.HOG0000240	OG0000240	n0															LS484712.1_00154, LS484712.1_00156, LS484712.1_00161, LS484712.1_00158																														
N1.HOG0000241	OG0000241	n0															LS484712.1_00228, LS484712.1_00230, LS484712.1_00232, LS484712.1_00249																														
N1.HOG0000242	OG0000242	n0																									MN562489.1_00006		MT521409.1_00006						NC_027778.1_00127							OM037668.1_00129					
N1.HOG0000243	OG0000243	n0																									MN562489.1_00021		MT521409.1_00022						NC_027778.1_00001							OM037668.1_00114					
N1.HOG0000244	OG0000244	n0																									MN562489.1_00024		MT521409.1_00025						NC_027778.1_00004							OM037668.1_00112					
N1.HOG0000245	OG0000245	n0																									MN562489.1_00025		MT521409.1_00026						NC_027778.1_00005							OM037668.1_00111					
N1.HOG0000246	OG0000246	n0																									MN562489.1_00027		MT521409.1_00028						NC_027778.1_00007							OM037668.1_00109					
N1.HOG0000247	OG0000247	n0																									MN562489.1_00028		MT521409.1_00029						NC_027778.1_00008							OM037668.1_00108					
N1.HOG0000248	OG0000248	n0																									MN562489.1_00029		MT521409.1_00030						NC_027778.1_00009							OM037668.1_00107					
N1.HOG0000249	OG0000249	n0																									MN562489.1_00032		MT521409.1_00033						NC_027778.1_00012							OM037668.1_00104					
N1.HOG0000250	OG0000250	n0																									MN562489.1_00033		MT521409.1_00034						NC_027778.1_00013							OM037668.1_00103					
N1.HOG0000251	OG0000251	n0																									MN562489.1_00034		MT521409.1_00035						NC_027778.1_00014							OM037668.1_00102					
N1.HOG0000252	OG0000252	n0																									MN562489.1_00042		MT521409.1_00043						NC_027778.1_00022							OM037668.1_00094					
N1.HOG0000253	OG0000253	n0																									MN562489.1_00043		MT521409.1_00044						NC_027778.1_00023							OM037668.1_00093					
N1.HOG0000254	OG0000254	n0																									MN562489.1_00044		MT521409.1_00045						NC_027778.1_00024							OM037668.1_00092					
N1.HOG0000255	OG0000255	n0																									MN562489.1_00065		MT521409.1_00066						NC_027778.1_00045							OM037668.1_00072					
N1.HOG0000256	OG0000256	n0																									MN562489.1_00067		MT521409.1_00068						NC_027778.1_00047							OM037668.1_00070					
N1.HOG0000257	OG0000257	n0																									MN562489.1_00068		MT521409.1_00069						NC_027778.1_00048							OM037668.1_00069					
N1.HOG0000258	OG0000258	n0																									MN562489.1_00072		MT521409.1_00073						NC_027778.1_00053							OM037668.1_00065					
N1.HOG0000259	OG0000259	n0																									MN562489.1_00076		MT521409.1_00077						NC_027778.1_00057							OM037668.1_00061					
N1.HOG0000260	OG0000260	n0																									MN562489.1_00077		MT521409.1_00078						NC_027778.1_00058							OM037668.1_00060					
N1.HOG0000261	OG0000261	n0																									MN562489.1_00078		MT521409.1_00079						NC_027778.1_00059							OM037668.1_00059					
N1.HOG0000262	OG0000262	n0																									MN562489.1_00079		MT521409.1_00080						NC_027778.1_00060							OM037668.1_00058					
N1.HOG0000263	OG0000263	n0																									MN562489.1_00082		MT521409.1_00083						NC_027778.1_00063							OM037668.1_00055					
N1.HOG0000264	OG0000264	n0																									MN562489.1_00085		MT521409.1_00086						NC_027778.1_00066							OM037668.1_00052					
N1.HOG0000265	OG0000265	n0																									MN562489.1_00088		MT521409.1_00089						NC_027778.1_00069							OM037668.1_00049					
N1.HOG0000266	OG0000266	n0																									MN562489.1_00093		MT521409.1_00094						NC_027778.1_00074							OM037668.1_00044					
N1.HOG0000267	OG0000267	n0																									MN562489.1_00098		MT521409.1_00099						NC_027778.1_00079							OM037668.1_00039					
N1.HOG0000268	OG0000268	n0																									MN562489.1_00100		MT521409.1_00101						NC_027778.1_00081							OM037668.1_00037					
N1.HOG0000269	OG0000269	n0																									MN562489.1_00103		MT521409.1_00104						NC_027778.1_00084							OM037668.1_00034					
N1.HOG0000270	OG0000270	n0																									MN562489.1_00108		MT521409.1_00109						NC_027778.1_00089							OM037668.1_00029					
N1.HOG0000271	OG0000271	n0																									MN562489.1_00110		MT521409.1_00111						NC_027778.1_00091							OM037668.1_00027					
N1.HOG0000272	OG0000272	n0																									MN562489.1_00111		MT521409.1_00112						NC_027778.1_00092							OM037668.1_00026					
N1.HOG0000273	OG0000273	n0																									MN562489.1_00112		MT521409.1_00113						NC_027778.1_00093							OM037668.1_00025					
N1.HOG0000274	OG0000274	n0																									MN562489.1_00121		MT521409.1_00122						NC_027778.1_00103							OM037668.1_00016					
N1.HOG0000275	OG0000275	n0																									MN562489.1_00123		MT521409.1_00124						NC_027778.1_00105							OM037668.1_00014					
N1.HOG0000276	OG0000276	n0																									MN562489.1_00125		MT521409.1_00126						NC_027778.1_00107							OM037668.1_00012					
N1.HOG0000277	OG0000277	n0																									MN562489.1_00127		MT521409.1_00128						NC_027778.1_00109							OM037668.1_00010					
N1.HOG0000278	OG0000278	n0																									MN562489.1_00129		MT521409.1_00130						NC_027778.1_00112							OM037668.1_00008					
N1.HOG0000279	OG0000279	n0																									MN562489.1_00130		MT521409.1_00131						NC_027778.1_00113							OM037668.1_00007					
N1.HOG0000280	OG0000280	n0																									MN562489.1_00135		MT521409.1_00136						NC_027778.1_00118							OM037668.1_00002					
N1.HOG0000281	OG0000281	-	AF303741.1_00028								HF920633.1_00016			KF938901.1_00038																																	
N1.HOG0000282	OG0000282	-	AF303741.1_00053									HF920637.1_00053		KF938901.1_00015																																	
N1.HOG0000283	OG0000283	-	AF303741.1_00077									HF920637.1_00090						MF599468.1_00072																													
N1.HOG0000284	OG0000284	-	AF303741.1_00093									HF920637.1_00174		KF938901.1_00016																																	
N1.HOG0000285	OG0000285	-	AF303741.1_00115								HF920633.1_00070			KF938901.1_00018																																	
N1.HOG0000286	OG0000286	-	AF303741.1_00116								HF920633.1_00167			KF938901.1_00040																																	
N1.HOG0000287	OG0000287	-	AF303741.1_00201									HF920637.1_00063		KF938901.1_00122																																	
N1.HOG0000288	OG0000288	-	AF303741.1_00202									HF920637.1_00064						MF599468.1_00107																													
N1.HOG0000289	OG0000289	-		AF371960.1_00085																				MK689685.1_00082							MT926123.1_00086																
N1.HOG0000290	OG0000290	-			AY521625.1_00010											L63545.1_00061																		NC_005946.1_00034													
N1.HOG0000291	OG0000291	-			AY521625.1_00055											L63545.1_00067												MN803438.1_00004																			
N1.HOG0000292	OG0000292	-									HF920633.1_00012			KF938901.1_00034, KF938901.1_00032																																	
N1.HOG0000293	OG0000293	-									HF920633.1_00060			KF938901.1_00050			LS484712.1_00207																														
N1.HOG0000294	OG0000294	-									HF920633.1_00159			KF938901.1_00083			LS484712.1_00206																														
N1.HOG0000295	OG0000295	-									HF920633.1_00164			KF938901.1_00013			LS484712.1_00201																														
N1.HOG0000296	OG0000296	-														L63545.1_00095												MN803438.1_00133, MN803438.1_00072																			
N1.HOG0000297	OG0000297	-															LS484712.1_00155, LS484712.1_00157, LS484712.1_00160																														
N1.HOG0000298	OG0000298	-															LS484712.1_00227, LS484712.1_00229, LS484712.1_00231																														
N1.HOG0000299	OG0000299	-															LS484712.1_00263, LS484712.1_00264, LS484712.1_00265																														
N1.HOG0000300	OG0000300	-															LS484712.1_00272, LS484712.1_00273, LS484712.1_00271																														
N1.HOG0000301	OG0000301	-																								MN432490.1_00029						MT986830.1_00030														OP009387.1_00027	
N1.HOG0000302	OG0000302	-																									MN562489.1_00015		MT521409.1_00015													OM037668.1_00120					
N1.HOG0000303	OG0000303	-																									MN562489.1_00016		MT521409.1_00016													OM037668.1_00119					
N1.HOG0000304	OG0000304	-																									MN562489.1_00017		MT521409.1_00017													OM037668.1_00118					
N1.HOG0000305	OG0000305	-																									MN562489.1_00018		MT521409.1_00018													OM037668.1_00117					
N1.HOG0000306	OG0000306	-																									MN562489.1_00019		MT521409.1_00019													OM037668.1_00116					
N1.HOG0000307	OG0000307	-																									MN562489.1_00020		MT521409.1_00020													OM037668.1_00115					
N1.HOG0000308	OG0000308	-																									MN562489.1_00022		MT521409.1_00023						NC_027778.1_00002												
N1.HOG0000309	OG0000309	-																									MN562489.1_00064		MT521409.1_00065						NC_027778.1_00044												
N1.HOG0000310	OG0000310	-	AF303741.1_00002								HF920633.1_00075																																				
N1.HOG0000311	OG0000311	-	AF303741.1_00010									HF920637.1_00214																																			
N1.HOG0000312	OG0000312	-	AF303741.1_00014									HF920637.1_00154																																			
N1.HOG0000313	OG0000313	-	AF303741.1_00016								HF920633.1_00002																																				
N1.HOG0000314	OG0000314	-	AF303741.1_00020									HF920637.1_00155																																			
N1.HOG0000315	OG0000315	-	AF303741.1_00025									HF920637.1_00131																																			
N1.HOG0000316	OG0000316	-	AF303741.1_00027									HF920637.1_00107																																			
N1.HOG0000317	OG0000317	-	AF303741.1_00034									HF920637.1_00103																																			
N1.HOG0000318	OG0000318	-	AF303741.1_00040									HF920637.1_00191																																			
N1.HOG0000319	OG0000319	-	AF303741.1_00043								HF920633.1_00178																																				
N1.HOG0000320	OG0000320	-	AF303741.1_00045									HF920637.1_00186																																			
N1.HOG0000321	OG0000321	-	AF303741.1_00048								HF920633.1_00166																																				
N1.HOG0000322	OG0000322	-	AF303741.1_00050									HF920637.1_00179																																			
N1.HOG0000323	OG0000323	-	AF303741.1_00052									HF920637.1_00055																																			
N1.HOG0000324	OG0000324	-	AF303741.1_00055									HF920637.1_00050																																			
N1.HOG0000325	OG0000325	-	AF303741.1_00060									HF920637.1_00082																																			
N1.HOG0000326	OG0000326	-	AF303741.1_00061									HF920637.1_00081																																			
N1.HOG0000327	OG0000327	-	AF303741.1_00069								HF920633.1_00065																																				
N1.HOG0000328	OG0000328	-	AF303741.1_00092									HF920637.1_00104																																			
N1.HOG0000329	OG0000329	-	AF303741.1_00097									HF920637.1_00046																																			
N1.HOG0000330	OG0000330	-	AF303741.1_00098									HF920637.1_00171																																			
N1.HOG0000331	OG0000331	-	AF303741.1_00102									HF920637.1_00088																																			
N1.HOG0000332	OG0000332	-	AF303741.1_00106									HF920637.1_00018																																			
N1.HOG0000333	OG0000333	-	AF303741.1_00111								HF920633.1_00140																																				
N1.HOG0000334	OG0000334	-	AF303741.1_00113									HF920637.1_00006																																			
N1.HOG0000335	OG0000335	-	AF303741.1_00118									HF920637.1_00126																																			
N1.HOG0000336	OG0000336	-	AF303741.1_00119									HF920637.1_00125																																			
N1.HOG0000337	OG0000337	-	AF303741.1_00131									HF920637.1_00135																																			
N1.HOG0000338	OG0000338	-	AF303741.1_00139									HF920637.1_00207																																			
N1.HOG0000339	OG0000339	-	AF303741.1_00140									HF920637.1_00202																																			
N1.HOG0000340	OG0000340	-	AF303741.1_00143									HF920637.1_00209																																			
N1.HOG0000341	OG0000341	-	AF303741.1_00155									HF920637.1_00032																																			
N1.HOG0000342	OG0000342	-	AF303741.1_00163									HF920637.1_00023																																			
N1.HOG0000343	OG0000343	-	AF303741.1_00166									HF920637.1_00002																																			
N1.HOG0000344	OG0000344	-	AF303741.1_00167									HF920637.1_00185																																			
N1.HOG0000345	OG0000345	-	AF303741.1_00172									HF920637.1_00134																																			
N1.HOG0000346	OG0000346	-	AF303741.1_00180								HF920633.1_00176																																				
N1.HOG0000347	OG0000347	-	AF303741.1_00186								HF920633.1_00055																																				
N1.HOG0000348	OG0000348	-	AF303741.1_00187									HF920637.1_00173																																			
N1.HOG0000349	OG0000349	-	AF303741.1_00190									HF920637.1_00203																																			
N1.HOG0000350	OG0000350	-	AF303741.1_00196									HF920637.1_00030																																			
N1.HOG0000351	OG0000351	-	AF303741.1_00198									HF920637.1_00007																																			
N1.HOG0000352	OG0000352	-	AF303741.1_00199									HF920637.1_00076																																			
N1.HOG0000353	OG0000353	-		AF371960.1_00028																											MT926123.1_00029																
N1.HOG0000354	OG0000354	-			AY521625.1_00008																													NC_005946.1_00035													
N1.HOG0000355	OG0000355	-			AY521625.1_00013																													NC_005946.1_00005													
N1.HOG0000356	OG0000356	-			AY521625.1_00015																													NC_005946.1_00003													
N1.HOG0000357	OG0000357	-			AY521625.1_00020																													NC_005946.1_00047													
N1.HOG0000358	OG0000358	-			AY521625.1_00039																													NC_005946.1_00018													
N1.HOG0000359	OG0000359	-			AY521625.1_00043																													NC_005946.1_00064													
N1.HOG0000360	OG0000360	-			AY521625.1_00052																													NC_005946.1_00012													
N1.HOG0000361	OG0000361	-			AY521625.1_00063																													NC_005946.1_00090													
N1.HOG0000362	OG0000362	-			AY521625.1_00068, AY521625.1_00088																																										
N1.HOG0000363	OG0000363	-			AY521625.1_00072																													NC_005946.1_00081													
N1.HOG0000364	OG0000364	-			AY521625.1_00075																													NC_005946.1_00084													
N1.HOG0000365	OG0000365	-			AY521625.1_00089													MF599468.1_00076																													
N1.HOG0000366	OG0000366	-			AY521625.1_00090																													NC_005946.1_00013													
N1.HOG0000367	OG0000367	-			AY521625.1_00097																							MN803438.1_00121																			
N1.HOG0000368	OG0000368	-			AY521625.1_00104																													NC_005946.1_00080													
N1.HOG0000369	OG0000369	-			AY521625.1_00105																													NC_005946.1_00059													
N1.HOG0000370	OG0000370	-			AY521625.1_00113																													NC_005946.1_00017													
N1.HOG0000371	OG0000371	-			AY521625.1_00117																													NC_005946.1_00077													
N1.HOG0000372	OG0000372	-			AY521625.1_00118																													NC_005946.1_00076													
N1.HOG0000373	OG0000373	-			AY521625.1_00119																													NC_005946.1_00072													
N1.HOG0000374	OG0000374	-			AY521625.1_00123																													NC_005946.1_00069													
N1.HOG0000375	OG0000375	-			AY521625.1_00125, AY521625.1_00124																																										
N1.HOG0000376	OG0000376	-			AY521625.1_00131																													NC_005946.1_00056													
N1.HOG0000377	OG0000377	-			AY521625.1_00137																													NC_005946.1_00058													
N1.HOG0000378	OG0000379	-					AY779031.1_00031																	MK689685.1_00026																							
N1.HOG0000379	OG0000380	-						AY894343.1_00012							KT804738.1_00012																																
N1.HOG0000380	OG0000381	-									HF920633.1_00005			KF938901.1_00026																																	
N1.HOG0000381	OG0000382	-									HF920633.1_00006			KF938901.1_00028																																	
N1.HOG0000382	OG0000383	-									HF920633.1_00015			KF938901.1_00037																																	
N1.HOG0000383	OG0000384	-									HF920633.1_00033			KF938901.1_00149																																	
N1.HOG0000384	OG0000385	-									HF920633.1_00042			KF938901.1_00110																																	
N1.HOG0000385	OG0000386	-									HF920633.1_00045			KF938901.1_00041																																	
N1.HOG0000386	OG0000387	-									HF920633.1_00048			KF938901.1_00068																																	
N1.HOG0000387	OG0000388	-									HF920633.1_00049			KF938901.1_00004																																	
N1.HOG0000388	OG0000389	-									HF920633.1_00051			KF938901.1_00078																																	
N1.HOG0000389	OG0000390	-									HF920633.1_00052			KF938901.1_00011																																	
N1.HOG0000390	OG0000391	-									HF920633.1_00066			KF938901.1_00059																																	
N1.HOG0000391	OG0000392	-									HF920633.1_00078			KF938901.1_00042																																	
N1.HOG0000392	OG0000393	-									HF920633.1_00089			KF938901.1_00096																																	
N1.HOG0000393	OG0000394	-									HF920633.1_00090			KF938901.1_00051																																	
N1.HOG0000394	OG0000395	-									HF920633.1_00095			KF938901.1_00002																																	
N1.HOG0000395	OG0000396	-									HF920633.1_00111			KF938901.1_00132																																	
N1.HOG0000396	OG0000397	-									HF920633.1_00112	HF920637.1_00170																																			
N1.HOG0000397	OG0000398	-									HF920633.1_00115			KF938901.1_00144																																	
N1.HOG0000398	OG0000399	-									HF920633.1_00136			KF938901.1_00087																																	
N1.HOG0000399	OG0000400	-									HF920633.1_00137	HF920637.1_00027																																			
N1.HOG0000400	OG0000401	-									HF920633.1_00141			KF938901.1_00061																																	
N1.HOG0000401	OG0000402	-									HF920633.1_00142			KF938901.1_00071																																	
N1.HOG0000402	OG0000403	-									HF920633.1_00151			KF938901.1_00003																																	
N1.HOG0000403	OG0000404	-									HF920633.1_00157			KF938901.1_00129																																	
N1.HOG0000404	OG0000405	-									HF920633.1_00162			KF938901.1_00088																																	
N1.HOG0000405	OG0000406	-										HF920637.1_00038, HF920637.1_00036																																			
N1.HOG0000406	OG0000407	-										HF920637.1_00039, HF920637.1_00037																																			
N1.HOG0000407	OG0000408	-										HF920637.1_00157, HF920637.1_00051																																			
N1.HOG0000408	OG0000409	-										HF920637.1_00066, HF920637.1_00178																																			
N1.HOG0000409	OG0000410	-										HF920637.1_00078		KF938901.1_00157																																	
N1.HOG0000410	OG0000411	-										HF920637.1_00113					LS484712.1_00006																														
N1.HOG0000411	OG0000412	-														L63545.1_00006												MN803438.1_00083																			
N1.HOG0000412	OG0000413	-														L63545.1_00010												MN803438.1_00001																			
N1.HOG0000413	OG0000414	-														L63545.1_00014												MN803438.1_00015																			
N1.HOG0000414	OG0000415	-														L63545.1_00017												MN803438.1_00002																			
N1.HOG0000415	OG0000416	-														L63545.1_00019												MN803438.1_00095																			
N1.HOG0000416	OG0000417	-														L63545.1_00020												MN803438.1_00079																			
N1.HOG0000417	OG0000418	-														L63545.1_00026												MN803438.1_00040																			
N1.HOG0000418	OG0000419	-														L63545.1_00028												MN803438.1_00025																			
N1.HOG0000419	OG0000420	-														L63545.1_00031												MN803438.1_00075																			
N1.HOG0000420	OG0000421	-														L63545.1_00034												MN803438.1_00102																			
N1.HOG0000421	OG0000422	-														L63545.1_00036												MN803438.1_00062																			
N1.HOG0000422	OG0000423	-														L63545.1_00037												MN803438.1_00063																			
N1.HOG0000423	OG0000424	-														L63545.1_00038												MN803438.1_00074																			
N1.HOG0000424	OG0000425	-														L63545.1_00039												MN803438.1_00019																			
N1.HOG0000425	OG0000426	-														L63545.1_00041												MN803438.1_00085																			
N1.HOG0000426	OG0000427	-														L63545.1_00044												MN803438.1_00088																			
N1.HOG0000427	OG0000428	-														L63545.1_00045												MN803438.1_00132																			
N1.HOG0000428	OG0000429	-														L63545.1_00046												MN803438.1_00131																			
N1.HOG0000429	OG0000430	-														L63545.1_00049												MN803438.1_00091																			
N1.HOG0000430	OG0000431	-														L63545.1_00052												MN803438.1_00114																			
N1.HOG0000431	OG0000432	-														L63545.1_00053												MN803438.1_00076																			
N1.HOG0000432	OG0000433	-														L63545.1_00060												MN803438.1_00032																			
N1.HOG0000433	OG0000434	-														L63545.1_00062												MN803438.1_00086																			
N1.HOG0000434	OG0000435	-														L63545.1_00065												MN803438.1_00031																			
N1.HOG0000435	OG0000436	-														L63545.1_00070												MN803438.1_00129																			
N1.HOG0000436	OG0000437	-														L63545.1_00074												MN803438.1_00033																			
N1.HOG0000437	OG0000438	-														L63545.1_00075												MN803438.1_00090																			
N1.HOG0000438	OG0000439	-														L63545.1_00077												MN803438.1_00043																			
N1.HOG0000439	OG0000440	-														L63545.1_00078												MN803438.1_00042																			
N1.HOG0000440	OG0000441	-														L63545.1_00080												MN803438.1_00017																			
N1.HOG0000441	OG0000442	-														L63545.1_00084												MN803438.1_00139																			
N1.HOG0000442	OG0000443	-														L63545.1_00086												MN803438.1_00057																			
N1.HOG0000443	OG0000444	-														L63545.1_00089												MN803438.1_00119																			
N1.HOG0000444	OG0000445	-														L63545.1_00094												MN803438.1_00073																			
N1.HOG0000445	OG0000446	-														L63545.1_00096												MN803438.1_00134																			
N1.HOG0000446	OG0000447	-														L63545.1_00097												MN803438.1_00034																			
N1.HOG0000447	OG0000448	-														L63545.1_00099												MN803438.1_00016																			
N1.HOG0000448	OG0000449	-														L63545.1_00101												MN803438.1_00141																			
N1.HOG0000449	OG0000450	-														L63545.1_00103												MN803438.1_00060																			
N1.HOG0000450	OG0000451	-														L63545.1_00104												MN803438.1_00059																			
N1.HOG0000451	OG0000452	-														L63545.1_00107												MN803438.1_00144																			
N1.HOG0000452	OG0000453	-															LS484712.1_00042, LS484712.1_00056																														
N1.HOG0000453	OG0000454	-															LS484712.1_00099, LS484712.1_00100																														
N1.HOG0000454	OG0000455	-															LS484712.1_00125, LS484712.1_00127																														
N1.HOG0000455	OG0000456	-															LS484712.1_00171, LS484712.1_00170																														
N1.HOG0000456	OG0000457	-															LS484712.1_00213, LS484712.1_00214																														
N1.HOG0000457	OG0000458	-															LS484712.1_00216, LS484712.1_00215																														
N1.HOG0000458	OG0000459	-															LS484712.1_00245, LS484712.1_00238																														
N1.HOG0000459	OG0000460	-															LS484712.1_00279, LS484712.1_00277																														
N1.HOG0000460	OG0000461	-																MF599468.1_00094, MF599468.1_00031																													
N1.HOG0000461	OG0000462	-																MF599468.1_00078, MF599468.1_00077																													
N1.HOG0000462	OG0000463	-																MF599468.1_00144, MF599468.1_00134																													
N1.HOG0000463	OG0000464	-																MF599468.1_00169, MF599468.1_00143																													
N1.HOG0000464	OG0000465	-																								MN432490.1_00068						MT986830.1_00070															
N1.HOG0000465	OG0000466	-																										MN803438.1_00081, MN803438.1_00039																			
N1.HOG0000466	OG0000467	-																										MN803438.1_00050, MN803438.1_00061																			
N1.HOG0000467	OG0000468	-																										MN803438.1_00087, MN803438.1_00058																			
N1.HOG0000468	OG0000469	-																												MT798582.1_00079							OK042109.1_00050										
N1.HOG0000469	OG0000470	-																																NC_005946.1_00024, NC_005946.1_00025													
