37
MK637631_European_chub_iridovirus_ECIV                   0.0000000 0.6725623 0.6829049 0.6830157 0.6887336 0.6890633 0.6725623 0.6869578 2.5201693 2.6568549 0.6829049 2.4260279 0.6691391 0.6678129 0.2664614 0.6678129 0.6701168 0.6869578 0.6682920 0.6758923 1.3746703 1.7389220 0.7143748 0.6887336 0.6784557 2.4157889 0.6768526 0.6691391 0.6869551 0.6758923 1.3734514 1.4774994 0.6735166 1.4033963 0.2664614 3.1490310 0.6777269 
OP896201_Megalocytivirus_pagrus1_ISKNV                   0.6725623 0.0000000 0.0283852 0.0282814 0.0272428 0.0302092 0.0000010 0.0292144 2.3544858 2.5477237 0.0283852 2.3972649 0.0106367 0.0283701 0.6741565 0.0283701 0.0057336 0.0292144 0.0096572 0.0009530 1.4726170 1.7131391 0.0409542 0.0272428 0.0304108 2.4874763 0.0019104 0.0106367 0.2877674 0.0009530 1.4251327 1.5326570 0.0009532 1.4475050 0.6741565 2.7518832 0.0019067 
MK689686_Megalocytivirus_pagrus1_RSIV                    0.6829049 0.0283852 0.0000000 0.0009426 0.0133695 0.0085369 0.0283852 0.0075831 2.3485432 2.5373329 0.0000010 2.4021234 0.0264453 0.0244702 0.6821955 0.0244702 0.0224137 0.0075831 0.0254319 0.0294244 1.5041785 1.7414116 0.0125806 0.0133695 0.0273097 2.5087193 0.0304748 0.0264453 0.2940342 0.0294244 1.4393496 1.5532038 0.0294311 1.4661794 0.6821955 2.7836557 0.0304154 
MW883598_Megalocytivirus_pagrus1_RSIV                    0.6830157 0.0282814 0.0009426 0.0000000 0.0124041 0.0075820 0.0282814 0.0066297 2.3561640 2.5454532 0.0009426 2.4039957 0.0263480 0.0243797 0.6823053 0.0243797 0.0223307 0.0066297 0.0253382 0.0293169 1.4994212 1.7372584 0.0135586 0.0124041 0.0272099 2.5106501 0.0303635 0.0263480 0.2931861 0.0293169 1.4346672 1.5483260 0.0293235 1.4614250 0.6823053 2.7839656 0.0303045 
OL774655_Megalocytivirus_pagrus1_RSIV                    0.6887336 0.0272428 0.0133695 0.0124041 0.0000000 0.0085581 0.0272428 0.0076019 2.3542890 2.5196426 0.0133695 2.4101247 0.0263705 0.0193596 0.6909320 0.0193596 0.0232877 0.0076019 0.0253600 0.0282739 1.4992157 1.7412546 0.0254525 0.0000010 0.0212319 2.5165507 0.0293158 0.0263705 0.2898465 0.0282739 1.4377030 1.5436435 0.0282803 1.4659404 0.6909320 2.7588833 0.0292590 
OQ475017_Megalocytivirus_pagrus1_RSIV                    0.6890633 0.0302092 0.0085369 0.0075820 0.0085581 0.0000000 0.0302092 0.0009424 2.3353304 2.5128268 0.0085369 2.4065528 0.0282786 0.0263104 0.6901987 0.0263104 0.0262400 0.0009424 0.0272668 0.0312479 1.5114994 1.7265951 0.0204234 0.0085581 0.0291588 2.5066237 0.0322981 0.0282786 0.2854488 0.0312479 1.4356383 1.5578655 0.0312549 1.4624176 0.6901987 2.7729019 0.0322354 
MW883602_Megalocytivirus_pagrus1_ISKNV                   0.6725623 0.0000010 0.0283852 0.0282814 0.0272428 0.0302092 0.0000000 0.0292144 2.3544858 2.5477237 0.0283852 2.3972649 0.0106367 0.0283701 0.6741565 0.0283701 0.0057336 0.0292144 0.0096572 0.0009530 1.4726170 1.7131391 0.0409542 0.0272428 0.0304108 2.4874763 0.0019104 0.0106367 0.2877674 0.0009530 1.4251327 1.5326570 0.0009532 1.4475050 0.6741565 2.7518832 0.0019067 
MK098187_Megalocytivirus_pagrus1_RSIV                    0.6869578 0.0292144 0.0075831 0.0066297 0.0076019 0.0009424 0.0292144 0.0000000 2.3374122 2.5149813 0.0075831 2.4086679 0.0272845 0.0253183 0.6881103 0.0253183 0.0252507 0.0000010 0.0262748 0.0302504 1.5075706 1.7281950 0.0194384 0.0076019 0.0281673 2.5075476 0.0312977 0.0272845 0.2869206 0.0302504 1.4318021 1.5538408 0.0302572 1.4585211 0.6881103 2.7739934 0.0312369 
KF938901_Chloriridovirus_anopheles1_n/a                  2.5201693 2.3544858 2.3485432 2.3561640 2.3542890 2.3353304 2.3544858 2.3374122 0.0000000 0.2765971 2.3485432 1.4209821 2.3763669 2.3461719 2.4944467 2.3461719 2.3648153 2.3374122 2.3639686 2.3554928 2.3112260 1.8927359 2.4359028 2.3542890 2.3618510 1.3582263 2.3554928 2.3763669 2.4379319 2.3554928 2.3805394 2.4415052 2.3544858 2.4074608 2.4944467 1.8145426 2.3496406 
HF920633_Chloriridovirus_simulium1_n/a                   2.6568549 2.5477237 2.5373329 2.5454532 2.5196426 2.5128268 2.5477237 2.5149813 0.2765971 0.0000000 2.5373329 1.4181638 2.5860043 2.5285676 2.6745595 2.5285676 2.5630328 2.5149813 2.5726636 2.5463640 2.4646873 1.9833079 2.6271137 2.5196426 2.5397065 1.3866155 2.5481133 2.5860043 2.6591172 2.5463640 2.5064310 2.5716351 2.5494737 2.4996621 2.6745595 1.9709649 2.5439353 
AP017456_Megalocytivirus_pagrus1_RSIV                    0.6829049 0.0283852 0.0000010 0.0009426 0.0133695 0.0085369 0.0283852 0.0075831 2.3485432 2.5373329 0.0000000 2.4021234 0.0264453 0.0244702 0.6821955 0.0244702 0.0224137 0.0075831 0.0254319 0.0294244 1.5041785 1.7414116 0.0125806 0.0133695 0.0273097 2.5087193 0.0304748 0.0264453 0.2940342 0.0294244 1.4393496 1.5532038 0.0294311 1.4661794 0.6821955 2.7836557 0.0304154 
HF920637_Iridovirus_armadillidium1_n/a                   2.4260279 2.3972649 2.4021234 2.4039957 2.4101247 2.4065528 2.3972649 2.4086679 1.4209821 1.4181638 2.4021234 0.0000000 2.3984035 2.3790123 2.3566320 2.3790123 2.4072195 2.4086679 2.3914347 2.3984657 2.2640517 2.0314507 2.5079037 2.4101247 2.4107270 0.5177368 2.4024744 2.3984035 2.5622480 2.3984657 2.4464608 2.2428035 2.4012716 2.4597934 2.3566320 2.2180208 2.3961281 
MN432490_Megalocytivirus_pagrus1_ISKNV                   0.6691391 0.0106367 0.0264453 0.0263480 0.0263705 0.0282786 0.0106367 0.0272845 2.3763669 2.5860043 0.0264453 2.3984035 0.0000000 0.0274971 0.6741354 0.0274971 0.0165086 0.0272845 0.0009532 0.0116275 1.4897479 1.7407605 0.0401945 0.0263705 0.0295428 2.5048188 0.0126251 0.0000010 0.2871477 0.0116275 1.4318921 1.5286012 0.0116300 1.4537624 0.6741354 2.8064149 0.0126007 
MG570132_Megalocytivirus_pagrus1_TRBIV                   0.6678129 0.0283701 0.0244702 0.0243797 0.0193596 0.0263104 0.0283701 0.0253183 2.3461719 2.5285676 0.0244702 2.3790123 0.0274971 0.0000000 0.6727148 0.0000010 0.0273563 0.0253183 0.0264795 0.0294091 1.4768084 1.7273133 0.0381627 0.0193596 0.0125558 2.4906422 0.0294428 0.0274971 0.2847418 0.0294091 1.4329081 1.5320811 0.0284026 1.4436793 0.6727148 2.7296890 0.0303999 
MT521409_Megalocytivirus_lates1_SDDV                     0.2664614 0.6741565 0.6821955 0.6823053 0.6909320 0.6901987 0.6741565 0.6881103 2.4944467 2.6745595 0.6821955 2.3566320 0.6741354 0.6727148 0.0000000 0.6727148 0.6756557 0.6881103 0.6732850 0.6774662 1.3885874 1.6978216 0.7147387 0.6909320 0.6906587 2.3826631 0.6768371 0.6741354 0.6788680 0.6774662 1.3443553 1.4432835 0.6735305 1.3512259 0.0000010 2.9898512 0.6792883 
MG570131_Megalocytivirus_pagrus1_TRBIV                   0.6678129 0.0283701 0.0244702 0.0243797 0.0193596 0.0263104 0.0283701 0.0253183 2.3461719 2.5285676 0.0244702 2.3790123 0.0274971 0.0000010 0.6727148 0.0000000 0.0273563 0.0253183 0.0264795 0.0294091 1.4768084 1.7273133 0.0381627 0.0193596 0.0125558 2.4906422 0.0294428 0.0274971 0.2847418 0.0294091 1.4329081 1.5320811 0.0284026 1.4436793 0.6727148 2.7296890 0.0303999 
KT781098_Megalocytivirus_pagrus1_ISKNV                   0.6701168 0.0057336 0.0224137 0.0223307 0.0232877 0.0262400 0.0057336 0.0252507 2.3648153 2.5630328 0.0224137 2.4072195 0.0165086 0.0273563 0.6756557 0.0273563 0.0000000 0.0252507 0.0155172 0.0067030 1.4815503 1.7190034 0.0348081 0.0232877 0.0284020 2.4986875 0.0076779 0.0165086 0.2907900 0.0067030 1.4306231 1.5424071 0.0067044 1.4530410 0.6756557 2.7525304 0.0076632 
BD143114_Megalocytivirus_pagrus1_RSIV                    0.6869578 0.0292144 0.0075831 0.0066297 0.0076019 0.0009424 0.0292144 0.0000010 2.3374122 2.5149813 0.0075831 2.4086679 0.0272845 0.0253183 0.6881103 0.0253183 0.0252507 0.0000000 0.0262748 0.0302504 1.5075706 1.7281950 0.0194384 0.0076019 0.0281673 2.5075476 0.0312977 0.0272845 0.2869206 0.0302504 1.4318021 1.5538408 0.0302572 1.4585211 0.6881103 2.7739934 0.0312369 
OP009387_Megalocytivirus_pagrus1_ISKNV                   0.6682920 0.0096572 0.0254319 0.0253382 0.0253600 0.0272668 0.0096572 0.0262748 2.3639686 2.5726636 0.0254319 2.3914347 0.0009532 0.0264795 0.6732850 0.0264795 0.0155172 0.0262748 0.0000000 0.0106448 1.4825760 1.7322383 0.0391371 0.0253600 0.0285196 2.4974631 0.0116388 0.0009532 0.2869482 0.0106448 1.4248091 1.5212769 0.0106470 1.4465874 0.6732850 2.7912490 0.0116164 
23043610003_Megalocytivirus_pagrus1_ISKNV                0.6758923 0.0009530 0.0294244 0.0293169 0.0282739 0.0312479 0.0009530 0.0302504 2.3554928 2.5463640 0.0294244 2.3984657 0.0116275 0.0294091 0.6774662 0.0294091 0.0067030 0.0302504 0.0106448 0.0000000 1.4721179 1.7123526 0.0420400 0.0282739 0.0314568 2.4884727 0.0009527 0.0116275 0.2896558 0.0000010 1.4262627 1.5319308 0.0019104 1.4486288 0.6774662 2.7528903 0.0009508 
AY521625_Ranavirus_epinephelus1_n/a                      1.3746703 1.4726170 1.5041785 1.4994212 1.4992157 1.5114994 1.4726170 1.5075706 2.3112260 2.4646873 1.5041785 2.2640517 1.4897479 1.4768084 1.3885874 1.4768084 1.4815503 1.5075706 1.4825760 1.4721179 0.0000000 1.4593679 1.5268850 1.4992157 1.5025832 2.3737464 1.4715795 1.4897479 1.4511573 1.4721179 1.0194088 0.4199118 1.4720785 1.0214850 1.3885874 3.0985631 1.4721179 
MF599468_Decapodiridovirus_litopenaeus1_n/a              1.7389220 1.7131391 1.7414116 1.7372584 1.7412546 1.7265951 1.7131391 1.7281950 1.8927359 1.9833079 1.7414116 2.0314507 1.7407605 1.7273133 1.6978216 1.7273133 1.7190034 1.7281950 1.7322383 1.7123526 1.4593679 0.0000000 1.7930364 1.7412546 1.7429434 1.9524261 1.7123526 1.7407605 1.7972928 1.7123526 1.5181130 1.6133400 1.7131391 1.5259168 1.6978216 2.6719707 1.7145722 
KC244182_Megalocytivirus_pagrus1_RSIV                    0.7143748 0.0409542 0.0125806 0.0135586 0.0254525 0.0204234 0.0409542 0.0194384 2.4359028 2.6271137 0.0125806 2.5079037 0.0401945 0.0381627 0.7147387 0.0381627 0.0348081 0.0194384 0.0391371 0.0420400 1.5268850 1.7930364 0.0000000 0.0254525 0.0410198 2.6005562 0.0431406 0.0401945 0.3143383 0.0420400 1.4817224 1.5769598 0.0420500 1.5120121 0.7147387 2.8650838 0.0430550 
ON740976_Megalocytivirus_pagrus1_RSIV                    0.6887336 0.0272428 0.0133695 0.0124041 0.0000010 0.0085581 0.0272428 0.0076019 2.3542890 2.5196426 0.0133695 2.4101247 0.0263705 0.0193596 0.6909320 0.0193596 0.0232877 0.0076019 0.0253600 0.0282739 1.4992157 1.7412546 0.0254525 0.0000000 0.0212319 2.5165507 0.0293158 0.0263705 0.2898465 0.0282739 1.4377030 1.5436435 0.0282803 1.4659404 0.6909320 2.7588833 0.0292590 
GQ273492_Megalocytivirus_pagrus1_TRBIV                   0.6784557 0.0304108 0.0273097 0.0272099 0.0212319 0.0291588 0.0304108 0.0281673 2.3618510 2.5397065 0.0273097 2.4107270 0.0295428 0.0125558 0.6906587 0.0125558 0.0284020 0.0281673 0.0285196 0.0314568 1.5025832 1.7429434 0.0410198 0.0212319 0.0000000 2.5108427 0.0325145 0.0295428 0.2858685 0.0314568 1.4354269 1.5473263 0.0314640 1.4571351 0.6906587 2.7457679 0.0324510 
AF303741_Iridovirus_chilo1_n/a                           2.4157889 2.4874763 2.5087193 2.5106501 2.5165507 2.5066237 2.4874763 2.5075476 1.3582263 1.3866155 2.5087193 0.5177368 2.5048188 2.4906422 2.3826631 2.4906422 2.4986875 2.5075476 2.4974631 2.4884727 2.3737464 1.9524261 2.6005562 2.5165507 2.5108427 0.0000000 2.4905188 2.5048188 2.5995824 2.4884727 2.3762477 2.4135511 2.4895230 2.3735111 2.3826631 2.1718030 2.4919695 
MW883599_Megalocytivirus_pagrus1_ISKNV                   0.6768526 0.0019104 0.0304748 0.0303635 0.0293158 0.0322981 0.0019104 0.0312977 2.3554928 2.5481133 0.0304748 2.4024744 0.0126251 0.0294428 0.6768371 0.0294428 0.0076779 0.0312977 0.0116388 0.0009527 1.4715795 1.7123526 0.0431406 0.0293158 0.0325145 2.4905188 0.0000000 0.0126251 0.2916549 0.0009527 1.4285631 1.5305816 0.0009533 1.4480800 0.6768371 2.7528903 0.0019060 
MW883595_Megalocytivirus_pagrus1_ISKNV                   0.6691391 0.0106367 0.0264453 0.0263480 0.0263705 0.0282786 0.0106367 0.0272845 2.3763669 2.5860043 0.0264453 2.3984035 0.0000010 0.0274971 0.6741354 0.0274971 0.0165086 0.0272845 0.0009532 0.0116275 1.4897479 1.7407605 0.0401945 0.0263705 0.0295428 2.5048188 0.0126251 0.0000000 0.2871477 0.0116275 1.4318921 1.5286012 0.0116300 1.4537624 0.6741354 2.8064149 0.0126007 
PQ335173_PQ335174_Threespine_stickleback_iridovirus_TSIV 0.6869551 0.2877674 0.2940342 0.2931861 0.2898465 0.2854488 0.2877674 0.2869206 2.4379319 2.6591172 0.2940342 2.5622480 0.2871477 0.2847418 0.6788680 0.2847418 0.2907900 0.2869206 0.2869482 0.2896558 1.4511573 1.7972928 0.3143383 0.2898465 0.2858685 2.5995824 0.2916549 0.2871477 0.0000000 0.2896558 1.4777515 1.5610676 0.2897585 1.4738598 0.6788680 2.9507582 0.2909837 
MW883594_Megalocytivirus_pagrus1_ISKNV                   0.6758923 0.0009530 0.0294244 0.0293169 0.0282739 0.0312479 0.0009530 0.0302504 2.3554928 2.5463640 0.0294244 2.3984657 0.0116275 0.0294091 0.6774662 0.0294091 0.0067030 0.0302504 0.0106448 0.0000010 1.4721179 1.7123526 0.0420400 0.0282739 0.0314568 2.4884727 0.0009527 0.0116275 0.2896558 0.0000000 1.4262627 1.5319308 0.0019104 1.4486288 0.6774662 2.7528903 0.0009508 
KX643370_Lymphocystivirus_sparus1_n/a                    1.3734514 1.4251327 1.4393496 1.4346672 1.4377030 1.4356383 1.4251327 1.4318021 2.3805394 2.5064310 1.4393496 2.4464608 1.4318921 1.4329081 1.3443553 1.4329081 1.4306231 1.4318021 1.4248091 1.4262627 1.0194088 1.5181130 1.4817224 1.4377030 1.4354269 2.3762477 1.4285631 1.4318921 1.4777515 1.4262627 0.0000000 1.1344161 1.4274334 0.1178657 1.3443553 3.2803036 1.4262627 
NC_005946_Ranavirus_rana1_n/a                            1.4774994 1.5326570 1.5532038 1.5483260 1.5436435 1.5578655 1.5326570 1.5538408 2.4415052 2.5716351 1.5532038 2.2428035 1.5286012 1.5320811 1.4432835 1.5320811 1.5424071 1.5538408 1.5212769 1.5319308 0.4199118 1.6133400 1.5769598 1.5436435 1.5473263 2.4135511 1.5305816 1.5286012 1.5610676 1.5319308 1.1344161 0.0000000 1.5313075 1.1381494 1.4432835 2.9824162 1.5319308 
MW883601_Megalocytivirus_pagrus1_ISKNV                   0.6735166 0.0009532 0.0294311 0.0293235 0.0282803 0.0312549 0.0009532 0.0302572 2.3544858 2.5494737 0.0294311 2.4012716 0.0116300 0.0284026 0.6735305 0.0284026 0.0067044 0.0302572 0.0106470 0.0019104 1.4720785 1.7131391 0.0420500 0.0282803 0.0314640 2.4895230 0.0009533 0.0116300 0.2897585 0.0019104 1.4274334 1.5313075 0.0000000 1.4469558 0.6735305 2.7518832 0.0028679 
MN803438_Lymphocystivirus_micropogonias1_n/a             1.4033963 1.4475050 1.4661794 1.4614250 1.4659404 1.4624176 1.4475050 1.4585211 2.4074608 2.4996621 1.4661794 2.4597934 1.4537624 1.4436793 1.3512259 1.4436793 1.4530410 1.4585211 1.4465874 1.4486288 1.0214850 1.5259168 1.5120121 1.4659404 1.4571351 2.3735111 1.4480800 1.4537624 1.4738598 1.4486288 0.1178657 1.1381494 1.4469558 0.0000000 1.3512259 3.2005271 1.4486288 
MN562489_Megalocytivirus_lates1_SDDV                     0.2664614 0.6741565 0.6821955 0.6823053 0.6909320 0.6901987 0.6741565 0.6881103 2.4944467 2.6745595 0.6821955 2.3566320 0.6741354 0.6727148 0.0000010 0.6727148 0.6756557 0.6881103 0.6732850 0.6774662 1.3885874 1.6978216 0.7147387 0.6909320 0.6906587 2.3826631 0.6768371 0.6741354 0.6788680 0.6774662 1.3443553 1.4432835 0.6735305 1.3512259 0.0000000 2.9898512 0.6792883 
LS484712_Daphniairidovirus_daphnia1_n/a                  3.1490310 2.7518832 2.7836557 2.7839656 2.7588833 2.7729019 2.7518832 2.7739934 1.8145426 1.9709649 2.7836557 2.2180208 2.8064149 2.7296890 2.9898512 2.7296890 2.7525304 2.7739934 2.7912490 2.7528903 3.0985631 2.6719707 2.8650838 2.7588833 2.7457679 2.1718030 2.7528903 2.8064149 2.9507582 2.7528903 3.2803036 2.9824162 2.7518832 3.2005271 2.9898512 0.0000000 2.7510134 
23043610005_Megalocytivirus_pagrus1_ISKNV                0.6777269 0.0019067 0.0304154 0.0303045 0.0292590 0.0322354 0.0019067 0.0312369 2.3496406 2.5439353 0.0304154 2.3961281 0.0126007 0.0303999 0.6792883 0.0303999 0.0076632 0.0312369 0.0116164 0.0009508 1.4721179 1.7145722 0.0430550 0.0292590 0.0324510 2.4919695 0.0019060 0.0126007 0.2909837 0.0009508 1.4262627 1.5319308 0.0028679 1.4486288 0.6792883 2.7510134 0.0000000 
