26
ON740976_Megalocytivirus_pagrus1_RSIV  0.0000000 0.1144626 0.0312831 0.1173059 0.1144626 0.1173777 0.1172477 0.0000010 0.1399518 0.0312831 0.1173059 0.0339477 0.1201617 0.1201617 0.0339477 0.1174682 0.1172477 0.1173777 0.1105294 0.1173496 0.1172477 0.1173496 0.1174682 0.1399518 0.1172218 0.1170865 
MK689685_Megalocytivirus_pagrus1_ISKNV 0.1144626 0.0000000 0.1070498 0.0025794 0.0000010 0.0129487 0.0025789 0.1144626 0.1458833 0.1070498 0.0025794 0.1069149 0.0155477 0.0155477 0.1069149 0.0025829 0.0025789 0.0129487 0.2489786 0.0025806 0.0025789 0.0025806 0.0025829 0.1458833 0.0025782 0.1225823 
OQ475017_Megalocytivirus_pagrus1_RSIV  0.0312831 0.1070498 0.0000000 0.1099026 0.1070498 0.1099707 0.1098498 0.0312831 0.1416320 0.0000010 0.1099026 0.0051781 0.1127691 0.1127691 0.0051781 0.1100561 0.1098498 0.1099707 0.1476065 0.1099446 0.1098498 0.1099446 0.1100561 0.1416320 0.1098250 0.1185084 
OR670976_Megalocytivirus_pagrus1_ISKNV 0.1173059 0.0025794 0.1099026 0.0000000 0.0025794 0.0155522 0.0051622 0.1173059 0.1488177 0.1099026 0.0000010 0.1097641 0.0181550 0.0181550 0.1097641 0.0051704 0.0051622 0.0155522 0.2524490 0.0051657 0.0051622 0.0051657 0.0051704 0.1488177 0.0051609 0.1254677 
AF371960_Megalocytivirus_pagrus1_ISKNV 0.1144626 0.0000010 0.1070498 0.0025794 0.0000000 0.0129487 0.0025789 0.1144626 0.1458833 0.1070498 0.0025794 0.1069149 0.0155477 0.0155477 0.1069149 0.0025829 0.0025789 0.0129487 0.2489786 0.0025806 0.0025789 0.0025806 0.0025829 0.1458833 0.0025782 0.1225823 
MW883595_Megalocytivirus_pagrus1_ISKNV 0.1173777 0.0129487 0.1099707 0.0155522 0.0129487 0.0000000 0.0155485 0.1173777 0.1456020 0.1099707 0.0155522 0.1098320 0.0025747 0.0025747 0.1098320 0.0155734 0.0103528 0.0000010 0.2503931 0.0155592 0.0155485 0.0155592 0.0155734 0.1456020 0.0155446 0.1223493 
MW883600_Megalocytivirus_pagrus1_ISKNV 0.1172477 0.0025789 0.1098498 0.0051622 0.0025789 0.0155485 0.0000000 0.1172477 0.1487301 0.1098498 0.0051622 0.1097114 0.0181506 0.0181506 0.1097114 0.0051692 0.0051611 0.0155485 0.2521998 0.0051646 0.0000010 0.0051646 0.0051692 0.1487301 0.0051598 0.1254021 
OK042109_Megalocytivirus_pagrus1_RSIV  0.0000010 0.1144626 0.0312831 0.1173059 0.1144626 0.1173777 0.1172477 0.0000000 0.1399518 0.0312831 0.1173059 0.0339477 0.1201617 0.1201617 0.0339477 0.1174682 0.1172477 0.1173777 0.1105294 0.1173496 0.1172477 0.1173496 0.1174682 0.1399518 0.1172218 0.1170865 
MG570131_Megalocytivirus_pagrus1_TRBIV 0.1399518 0.1458833 0.1416320 0.1488177 0.1458833 0.1456020 0.1487301 0.1399518 0.0000000 0.1416320 0.1488177 0.1357352 0.1484341 0.1484341 0.1357352 0.1490248 0.1487301 0.1456020 0.2753157 0.1488691 0.1487301 0.1488691 0.1490248 0.0000010 0.1486990 0.0500560 
MK098187_Megalocytivirus_pagrus1_RSIV  0.0312831 0.1070498 0.0000010 0.1099026 0.1070498 0.1099707 0.1098498 0.0312831 0.1416320 0.0000000 0.1099026 0.0051781 0.1127691 0.1127691 0.0051781 0.1100561 0.1098498 0.1099707 0.1476065 0.1099446 0.1098498 0.1099446 0.1100561 0.1416320 0.1098250 0.1185084 
OQ513807_Megalocytivirus_pagrus1_ISKNV 0.1173059 0.0025794 0.1099026 0.0000010 0.0025794 0.0155522 0.0051622 0.1173059 0.1488177 0.1099026 0.0000000 0.1097641 0.0181550 0.0181550 0.1097641 0.0051704 0.0051622 0.0155522 0.2524490 0.0051657 0.0051622 0.0051657 0.0051704 0.1488177 0.0051609 0.1254677 
OL774654_Megalocytivirus_pagrus1_RSIV  0.0339477 0.1069149 0.0051781 0.1097641 0.1069149 0.1098320 0.1097114 0.0339477 0.1357352 0.0051781 0.1097641 0.0000000 0.1126269 0.1126269 0.0000010 0.1099172 0.1097114 0.1098320 0.1508817 0.1098059 0.1097114 0.1098059 0.1099172 0.1357352 0.1096866 0.1127082 
PP974677_Megalocytivirus_pagrus1_ISKNV 0.1201617 0.0155477 0.1127691 0.0181550 0.0155477 0.0025747 0.0181506 0.1201617 0.1484341 0.1127691 0.0181550 0.1126269 0.0000000 0.0000010 0.1126269 0.0181797 0.0129487 0.0025747 0.2520252 0.0181631 0.0181506 0.0181631 0.0181797 0.1484341 0.0181460 0.1251561 
MT986830_Megalocytivirus_pagrus1_ISKNV 0.1201617 0.0155477 0.1127691 0.0181550 0.0155477 0.0025747 0.0181506 0.1201617 0.1484341 0.1127691 0.0181550 0.1126269 0.0000010 0.0000000 0.1126269 0.0181797 0.0129487 0.0025747 0.2520252 0.0181631 0.0181506 0.0181631 0.0181797 0.1484341 0.0181460 0.1251561 
MW139932_Megalocytivirus_pagrus1_RSIV  0.0339477 0.1069149 0.0051781 0.1097641 0.1069149 0.1098320 0.1097114 0.0339477 0.1357352 0.0051781 0.1097641 0.0000010 0.1126269 0.1126269 0.0000000 0.1099172 0.1097114 0.1098320 0.1508817 0.1098059 0.1097114 0.1098059 0.1099172 0.1357352 0.1096866 0.1127082 
MT128666_Megalocytivirus_pagrus1_ISKNV 0.1174682 0.0025829 0.1100561 0.0051704 0.0025829 0.0155734 0.0051692 0.1174682 0.1490248 0.1100561 0.0051704 0.1099172 0.0181797 0.0181797 0.1099172 0.0000000 0.0051692 0.0155734 0.2489786 0.0051727 0.0051692 0.0051727 0.0000010 0.1490248 0.0051679 0.1256427 
PP151097_Megalocytivirus_pagrus1_ISKNV 0.1172477 0.0025789 0.1098498 0.0051622 0.0025789 0.0103528 0.0051611 0.1172477 0.1487301 0.1098498 0.0051622 0.1097114 0.0129487 0.0129487 0.1097114 0.0051692 0.0000000 0.0103528 0.2521998 0.0051646 0.0051611 0.0051646 0.0051692 0.1487301 0.0051598 0.1254021 
MN432490_Megalocytivirus_pagrus1_ISKNV 0.1173777 0.0129487 0.1099707 0.0155522 0.0129487 0.0000010 0.0155485 0.1173777 0.1456020 0.1099707 0.0155522 0.1098320 0.0025747 0.0025747 0.1098320 0.0155734 0.0103528 0.0000000 0.2503931 0.0155592 0.0155485 0.0155592 0.0155734 0.1456020 0.0155446 0.1223493 
AY894343_Megalocytivirus_pagrus1_RSIV  0.1105294 0.2489786 0.1476065 0.2524490 0.2489786 0.2503931 0.2521998 0.1105294 0.2753157 0.1476065 0.2524490 0.1508817 0.2520252 0.2520252 0.1508817 0.2489786 0.2521998 0.2503931 0.0000000 0.2525132 0.2521998 0.2525132 0.2489786 0.2753157 0.2521553 0.2482360 
MW883597_Megalocytivirus_pagrus1_ISKNV 0.1173496 0.0025806 0.1099446 0.0051657 0.0025806 0.0155592 0.0051646 0.1173496 0.1488691 0.1099446 0.0051657 0.1098059 0.0181631 0.0181631 0.1098059 0.0051727 0.0051646 0.0155592 0.2525132 0.0000000 0.0051646 0.0000010 0.0051727 0.1488691 0.0051632 0.1255139 
OR536350_Megalocytivirus_pagrus1_ISKNV 0.1172477 0.0025789 0.1098498 0.0051622 0.0025789 0.0155485 0.0000010 0.1172477 0.1487301 0.1098498 0.0051622 0.1097114 0.0181506 0.0181506 0.1097114 0.0051692 0.0051611 0.0155485 0.2521998 0.0051646 0.0000000 0.0051646 0.0051692 0.1487301 0.0051598 0.1254021 
MW883596_Megalocytivirus_pagrus1_ISKNV 0.1173496 0.0025806 0.1099446 0.0051657 0.0025806 0.0155592 0.0051646 0.1173496 0.1488691 0.1099446 0.0051657 0.1098059 0.0181631 0.0181631 0.1098059 0.0051727 0.0051646 0.0155592 0.2525132 0.0000010 0.0051646 0.0000000 0.0051727 0.1488691 0.0051632 0.1255139 
MT128667_Megalocytivirus_pagrus1_ISKNV 0.1174682 0.0025829 0.1100561 0.0051704 0.0025829 0.0155734 0.0051692 0.1174682 0.1490248 0.1100561 0.0051704 0.1099172 0.0181797 0.0181797 0.1099172 0.0000010 0.0051692 0.0155734 0.2489786 0.0051727 0.0051692 0.0051727 0.0000000 0.1490248 0.0051679 0.1256427 
MG570132_Megalocytivirus_pagrus1_TRBIV 0.1399518 0.1458833 0.1416320 0.1488177 0.1458833 0.1456020 0.1487301 0.1399518 0.0000010 0.1416320 0.1488177 0.1357352 0.1484341 0.1484341 0.1357352 0.1490248 0.1487301 0.1456020 0.2753157 0.1488691 0.1487301 0.1488691 0.1490248 0.0000000 0.1486990 0.0500560 
ON212400_Megalocytivirus_pagrus1_ISKNV 0.1172218 0.0025782 0.1098250 0.0051609 0.0025782 0.0155446 0.0051598 0.1172218 0.1486990 0.1098250 0.0051609 0.1096866 0.0181460 0.0181460 0.1096866 0.0051679 0.0051598 0.0155446 0.2521553 0.0051632 0.0051598 0.0051632 0.0051679 0.1486990 0.0000000 0.1253746 
GQ273492_Megalocytivirus_pagrus1_TRBIV 0.1170865 0.1225823 0.1185084 0.1254677 0.1225823 0.1223493 0.1254021 0.1170865 0.0500560 0.1185084 0.1254677 0.1127082 0.1251561 0.1251561 0.1127082 0.1256427 0.1254021 0.1223493 0.2482360 0.1255139 0.1254021 0.1255139 0.1256427 0.0500560 0.1253746 0.0000000 
