21
AF303741_AF303741.1_00156          0.0000000 2.4916805 1.9306389 2.4992994 2.4992994 2.5590350 1.0906004 0.5204127 0.8776334 2.4222822 2.2971587 1.4822113 2.4664949 2.4664949 2.4702894 2.4916805 3.1574545 2.7738715 3.1574545 1.6914381 2.4992994 
AF371960_AF371960.1_00032          2.4916805 0.0000000 2.7711677 0.0314057 0.0314057 0.0478261 3.2234831 1.9874076 2.5621639 4.1966376 4.3206323 2.9729688 0.0755839 0.0476813 0.0137576 0.0000010 1.6228886 4.5375374 1.6228886 2.7068837 0.0429872 
AY521625_AY521625.1_00074          1.9306389 2.7711677 0.0000000 2.6806001 2.6806001 2.7552904 1.6691476 1.7666067 1.5620429 2.2598591 1.5736124 2.4041881 2.6408277 2.6408277 2.7711677 2.7711677 2.4224893 2.6666495 2.4224893 0.7072465 2.6806001 
AY894343_MK689686.1_00030          2.4992994 0.0314057 2.6806001 0.0000000 0.0000010 0.0151755 3.2422435 2.0058416 2.5439071 4.1625077 4.0330955 2.9688492 0.0151350 0.0151350 0.0477713 0.0314057 1.6889745 4.5000108 1.6889745 2.7540257 0.0000010 
BD143114_MK689686.1_00030          2.4992994 0.0314057 2.6806001 0.0000010 0.0000000 0.0151755 3.2422435 2.0058416 2.5439071 4.1625077 4.0330955 2.9688492 0.0151350 0.0151350 0.0477713 0.0314057 1.6889745 4.5000108 1.6889745 2.7540257 0.0000010 
GQ273492_GQ273492.1_00031          2.5590350 0.0478261 2.7552904 0.0151755 0.0151755 0.0000000 3.3294413 2.0514801 2.6047083 3.9795614 4.1144023 3.0460450 0.0307237 0.0307237 0.0646796 0.0478261 1.7030030 4.3058059 1.7030030 2.8296885 0.0151755 
HF920633_HF920633.1_00080          1.0906004 3.2234831 1.6691476 3.2422435 3.2422435 3.3294413 0.0000000 1.2696526 0.3890065 2.5032786 2.4233690 1.3909654 3.1988938 3.1988938 3.1464996 3.2234831 4.7174562 2.9438447 4.7174562 1.8491287 3.2422435 
HF920637_HF920637.1_00031          0.5204127 1.9874076 1.7666067 2.0058416 2.0058416 2.0514801 1.2696526 0.0000000 1.0553787 3.1588076 2.0959724 1.4418764 1.9785327 1.9785327 1.9451989 1.9874076 2.9926781 3.5065212 2.9926781 2.0782415 2.0058416 
KF938901_KF938901.1_00047          0.8776334 2.5621639 1.5620429 2.5439071 2.5439071 2.6047083 0.3890065 1.0553787 0.0000000 2.2018634 2.4559221 1.5870538 2.5107229 2.5107229 2.5403256 2.5621639 3.4512672 2.5609455 3.4512672 1.8598119 2.5439071 
KX643370_Lymph_LDV3_KX643370_00057 2.4222822 4.1966376 2.2598591 4.1625077 4.1625077 3.9795614 2.5032786 3.1588076 2.2018634 0.0000000 3.5019540 1.9561664 4.1004484 4.1004484 4.3403443 4.1966376 4.4810887 0.0995603 4.4810887 1.9618888 4.1625077 
LS484712_LS484712.1_00188          2.2971587 4.3206323 1.5736124 4.0330955 4.0330955 4.1144023 2.4233690 2.0959724 2.4559221 3.5019540 0.0000000 2.8708445 3.9716335 3.9716335 4.1922531 4.3206323 2.6051751 3.7336876 2.6051751 2.1231521 4.0330955 
MF599468_MF599468.1_00090          1.4822113 2.9729688 2.4041881 2.9688492 2.9688492 3.0460450 1.3909654 1.4418764 1.5870538 1.9561664 2.8708445 0.0000000 2.9292324 2.9292324 2.9035116 2.9729688 3.4236549 2.1463957 3.4236549 2.0812474 2.9688492 
MG570131_MG570131.1_00032          2.4664949 0.0755839 2.6408277 0.0151350 0.0151350 0.0307237 3.1988938 1.9785327 2.5107229 4.1004484 3.9716335 2.9292324 0.0000000 0.0000010 0.0918912 0.0755839 1.6636308 4.4346118 1.6636308 2.8248160 0.0283875 
MG570132_MG570132.1_00032          2.4664949 0.0476813 2.6408277 0.0151350 0.0151350 0.0307237 3.1988938 1.9785327 2.5107229 4.1004484 3.9716335 2.9292324 0.0000010 0.0000000 0.0644736 0.0476813 1.6636308 4.4346118 1.6636308 2.8248160 0.0151350 
MK689685_AF371960.1_00032          2.4702894 0.0137576 2.7711677 0.0477713 0.0477713 0.0646796 3.1464996 1.9451989 2.5403256 4.3403443 4.1922531 2.9035116 0.0918912 0.0644736 0.0000000 0.0137576 1.5931533 4.7013970 1.5931533 2.7068837 0.0580549 
MN432490_AF371960.1_00032          2.4916805 0.0000010 2.7711677 0.0314057 0.0314057 0.0478261 3.2234831 1.9874076 2.5621639 4.1966376 4.3206323 2.9729688 0.0755839 0.0476813 0.0137576 0.0000000 1.6228886 4.5375374 1.6228886 2.7068837 0.0429872 
MN562489_OM037668.1_00123          3.1574545 1.6228886 2.4224893 1.6889745 1.6889745 1.7030030 4.7174562 2.9926781 3.4512672 4.4810887 2.6051751 3.4236549 1.6636308 1.6636308 1.5931533 1.6228886 0.0000000 4.5560319 0.0000010 2.7808534 1.6889745 
MN803438_MN803438.1_00068          2.7738715 4.5375374 2.6666495 4.5000108 4.5000108 4.3058059 2.9438447 3.5065212 2.5609455 0.0995603 3.7336876 2.1463957 4.4346118 4.4346118 4.7013970 4.5375374 4.5560319 0.0000000 4.5560319 1.9132503 4.5000108 
MT521409_OM037668.1_00123          3.1574545 1.6228886 2.4224893 1.6889745 1.6889745 1.7030030 4.7174562 2.9926781 3.4512672 4.4810887 2.6051751 3.4236549 1.6636308 1.6636308 1.5931533 1.6228886 0.0000010 4.5560319 0.0000000 2.7808534 1.6889745 
NC_005946_NC_005946.1_00083        1.6914381 2.7068837 0.7072465 2.7540257 2.7540257 2.8296885 1.8491287 2.0782415 1.8598119 1.9618888 2.1231521 2.0812474 2.8248160 2.8248160 2.7068837 2.7068837 2.7808534 1.9132503 2.7808534 0.0000000 2.7540257 
OQ475017_OQ475017.1_00031          2.4992994 0.0429872 2.6806001 0.0000010 0.0000010 0.0151755 3.2422435 2.0058416 2.5439071 4.1625077 4.0330955 2.9688492 0.0283875 0.0151350 0.0580549 0.0429872 1.6889745 4.5000108 1.6889745 2.7540257 0.0000000 
