21
MCV_ML1_SDDV_MN562489_1_MCV_ML1_SDDV_MN562489.1_00091         0.0000000 0.0000010 0.0047667 1.6555454 1.6909119 1.6582853 1.6916483 1.6916483 1.6555454 1.6947246 1.6361053 1.6361053 1.6582853 1.6156778 1.6156778 1.6523552 1.6523552 1.5793901 1.5793901 1.5979210 1.5880078 
MCV_ML1_SDDV_MT521409_1_MCV_ML1_SDDV_MT521409.1_00092         0.0000010 0.0000000 0.0047667 1.6555454 1.6909119 1.6582853 1.6916483 1.6916483 1.6555454 1.6947246 1.6361053 1.6361053 1.6582853 1.6156778 1.6156778 1.6523552 1.6523552 1.5793901 1.5793901 1.5979210 1.5880078 
MCV_ML1_SDDV_OM037668_1_MCV_ML1_SDDV_OM037668.1_00046         0.0047667 0.0047667 0.0000000 1.6488615 1.6840248 1.6516463 1.6847572 1.6847572 1.6488615 1.6877872 1.6295787 1.6295787 1.6516463 1.6092431 1.6092431 1.6457538 1.6457538 1.5730503 1.5730503 1.5915073 1.5816439 
MCV_MP1_BCFI_MN432490_1_MCV_MP1_BCFI_MN432490.1_00019         1.6555454 1.6555454 1.6488615 0.0000000 0.0304443 0.0783938 0.0252096 0.0252096 0.0000010 0.0632473 0.0728329 0.0728329 0.0783938 0.0622805 0.0622805 0.0730141 0.0730141 0.0795447 0.0795447 0.0884536 0.0884619 
MCV_MP1_BCFI_MT926123_1_MCV_MP1_BCFI_MT926123.1_00019         1.6909119 1.6909119 1.6840248 0.0304443 0.0000000 0.0952535 0.0049508 0.0049508 0.0304443 0.0524510 0.0895361 0.0895361 0.0952535 0.0787930 0.0787930 0.0897590 0.0897590 0.0914346 0.0914346 0.1119336 0.1119487 
MCV_MP1_GSPI_KT804738_1_MCV_MP1_GSPI_KT804738.1_00019         1.6582853 1.6582853 1.6516463 0.0783938 0.0952535 0.0000000 0.0893819 0.0893819 0.0783938 0.1035101 0.0149369 0.0149369 0.0000010 0.0250867 0.0250867 0.0049637 0.0049637 0.0968245 0.0968245 0.1062828 0.1062960 
MCV_MP1_ISKNV_AF371960_1_MCV_MP1_ISKNV_AF371960.1_00019       1.6916483 1.6916483 1.6847572 0.0252096 0.0049508 0.0893819 0.0000000 0.0000010 0.0252096 0.0469021 0.0837270 0.0837270 0.0893819 0.0730667 0.0730667 0.0839351 0.0839351 0.0855387 0.0855387 0.1059175 0.1059306 
MCV_MP1_ISKNV_MK689685_1_MCV_MP1_ISKNV_MK689685.1_00019       1.6916483 1.6916483 1.6847572 0.0252096 0.0049508 0.0893819 0.0000010 0.0000000 0.0252096 0.0469021 0.0837270 0.0837270 0.0893819 0.0730667 0.0730667 0.0839351 0.0839351 0.0855387 0.0855387 0.1059175 0.1059306 
MCV_MP1_LBUSV_OP009387_1_MCV_MP1_LBUSV_OP009387.1_00019       1.6555454 1.6555454 1.6488615 0.0000010 0.0304443 0.0783938 0.0252096 0.0252096 0.0000000 0.0632473 0.0728329 0.0728329 0.0783938 0.0622805 0.0622805 0.0730141 0.0730141 0.0795447 0.0795447 0.0884536 0.0884619 
MCV_MP1_LYCI_AY779031_1_MCV_MP1_LYCI_AY779031.1_00019         1.6947246 1.6947246 1.6877872 0.0632473 0.0524510 0.1035101 0.0469021 0.0469021 0.0632473 0.0000000 0.0975885 0.0975885 0.1035101 0.0865122 0.0865122 0.0978368 0.0978368 0.0987652 0.0987652 0.1196809 0.1196988 
MCV_MP1_LYCI_MW139932_1_MCV_MP1_LYCI_MW139932.1_00019         1.6361053 1.6361053 1.6295787 0.0728329 0.0895361 0.0149369 0.0837270 0.0837270 0.0728329 0.0975885 0.0000000 0.0000010 0.0149369 0.0099470 0.0099470 0.0099373 0.0099373 0.0910495 0.0910495 0.1005003 0.1005118 
MCV_MP1_LYCI_OL774653_1_MCV_MP1_LYCI_OL774653.1_00036         1.6361053 1.6361053 1.6295787 0.0728329 0.0895361 0.0149369 0.0837270 0.0837270 0.0728329 0.0975885 0.0000010 0.0000000 0.0149369 0.0099470 0.0099470 0.0099373 0.0099373 0.0910495 0.0910495 0.1005003 0.1005118 
MCV_MP1_OSGI_AY894343_1_MCV_MP1_OSGI_AY894343.1_00019         1.6582853 1.6582853 1.6516463 0.0783938 0.0952535 0.0000010 0.0893819 0.0893819 0.0783938 0.1035101 0.0149369 0.0149369 0.0000000 0.0250867 0.0250867 0.0049637 0.0049637 0.0968245 0.0968245 0.1062828 0.1062960 
MCV_MP1_PI_MK098185_1_MCV_MP1_PI_MK098185.1_00019             1.6156778 1.6156778 1.6092431 0.0622805 0.0787930 0.0250867 0.0730667 0.0730667 0.0622805 0.0865122 0.0099470 0.0099470 0.0250867 0.0000000 0.0000010 0.0200262 0.0200262 0.0801988 0.0801988 0.0896980 0.0897067 
MCV_MP1_PI_MK098186_1_MCV_MP1_PI_MK098186.1_00019             1.6156778 1.6156778 1.6092431 0.0622805 0.0787930 0.0250867 0.0730667 0.0730667 0.0622805 0.0865122 0.0099470 0.0099470 0.0250867 0.0000010 0.0000000 0.0200262 0.0200262 0.0801988 0.0801988 0.0896980 0.0897067 
MCV_MP1_RBIV_AY532606_1_MCV_MP1_RBIV_AY532606.1_00018         1.6523552 1.6523552 1.6457538 0.0730141 0.0897590 0.0049637 0.0839351 0.0839351 0.0730141 0.0978368 0.0099373 0.0099373 0.0049637 0.0200262 0.0200262 0.0000000 0.0000010 0.0912779 0.0912779 0.1007489 0.1007605 
MCV_MP1_RBIV_KC244182_1_MCV_MP1_RBIV_KC244182.1_00018         1.6523552 1.6523552 1.6457538 0.0730141 0.0897590 0.0049637 0.0839351 0.0839351 0.0730141 0.0978368 0.0099373 0.0099373 0.0049637 0.0200262 0.0200262 0.0000010 0.0000000 0.0912779 0.0912779 0.1007489 0.1007605 
MCV_MP1_RSIV_OK042109_1_MCV_MP1_RSIV_OK042109.1_00057         1.5793901 1.5793901 1.5730503 0.0795447 0.0914346 0.0968245 0.0855387 0.0855387 0.0795447 0.0987652 0.0910495 0.0910495 0.0968245 0.0801988 0.0801988 0.0912779 0.0912779 0.0000000 0.0000010 0.0564050 0.0564074 
MCV_MP1_TRBIV_GQ273492_1_MCV_MP1_TRBIV_GQ273492.1_00019       1.5793901 1.5793901 1.5730503 0.0795447 0.0914346 0.0968245 0.0855387 0.0855387 0.0795447 0.0987652 0.0910495 0.0910495 0.0968245 0.0801988 0.0801988 0.0912779 0.0912779 0.0000010 0.0000000 0.0564050 0.0564074 
MCV_Unclassified_MG570131_1_MCV_Unclassified_MG570131.1_00020 1.5979210 1.5979210 1.5915073 0.0884536 0.1119336 0.1062828 0.1059175 0.1059175 0.0884536 0.1196809 0.1005003 0.1005003 0.1062828 0.0896980 0.0896980 0.1007489 0.1007489 0.0564050 0.0564050 0.0000000 0.0099373 
MCV_Unclassified_MG570132_1_MCV_Unclassified_MG570132.1_00020 1.5880078 1.5880078 1.5816439 0.0884619 0.1119487 0.1062960 0.1059306 0.1059306 0.0884619 0.1196988 0.1005118 0.1005118 0.1062960 0.0897067 0.0897067 0.1007605 0.1007605 0.0564074 0.0564074 0.0099373 0.0000000 
