17
AF371960_AF371960.1_00090          0.0000000 2.3885204 0.0368228 0.0443761 0.0677981 0.0368228 2.5797606 0.0846906 0.0846906 0.0443761 0.0000010 0.0219235 1.4001697 2.5599905 1.4001697 0.0219235 2.2747307 
AY521625_AY521625.1_00022          2.3885204 0.0000000 2.4100758 2.3781539 2.5353783 2.4100758 1.9477295 2.4982502 2.4982502 2.3781539 2.3885204 2.4211744 2.5509413 1.9641451 2.5509413 2.4211744 0.7757422 
AY894343_MK689686.1_00086          0.0368228 2.4100758 0.0000000 0.0072024 0.0293391 0.0000010 2.5825864 0.0449746 0.0449746 0.0072024 0.0368228 0.0443519 1.3999460 2.5056847 1.3999460 0.0443519 2.3454654 
BD143114_MK689686.1_00086          0.0443761 2.3781539 0.0072024 0.0000000 0.0368333 0.0072024 2.5479479 0.0526997 0.0526997 0.0000010 0.0443761 0.0519657 1.3801002 2.4715522 1.3801002 0.0519657 2.3150155 
GQ273492_GQ273492.1_00085          0.0677981 2.5353783 0.0293391 0.0368333 0.0000000 0.0293391 2.6748934 0.0296689 0.0296689 0.0368333 0.0677981 0.0533671 1.3947686 2.6027471 1.3947686 0.0533671 2.4213045 
KC244182_MK689686.1_00086          0.0368228 2.4100758 0.0000010 0.0072024 0.0293391 0.0000000 2.5825864 0.0449746 0.0449746 0.0072024 0.0368228 0.0443519 1.3999460 2.5056847 1.3999460 0.0443519 2.3454654 
KX643370_Lymph_LDV3_KX643370_00015 2.5797606 1.9477295 2.5825864 2.5479479 2.6748934 2.5825864 0.0000000 2.6180767 2.6180767 2.5479479 2.5797606 2.6015894 2.8834829 0.1247497 2.8834829 2.6015894 2.1920994 
MG570131_MG570131.1_00085          0.0846906 2.4982502 0.0449746 0.0526997 0.0296689 0.0449746 2.6180767 0.0000000 0.0000010 0.0526997 0.0846906 0.0864393 1.4589038 2.5468432 1.4589038 0.0864393 2.3634739 
MG570132_MG570132.1_00085          0.0846906 2.4982502 0.0449746 0.0526997 0.0296689 0.0449746 2.6180767 0.0000010 0.0000000 0.0526997 0.0846906 0.0864393 1.4589038 2.5468432 1.4589038 0.0864393 2.3634739 
MK098185_MK689686.1_00086          0.0443761 2.3781539 0.0072024 0.0000010 0.0368333 0.0072024 2.5479479 0.0526997 0.0526997 0.0000000 0.0443761 0.0519657 1.3801002 2.4715522 1.3801002 0.0519657 2.3150155 
MK689685_AF371960.1_00090          0.0000010 2.3885204 0.0368228 0.0443761 0.0677981 0.0368228 2.5797606 0.0846906 0.0846906 0.0443761 0.0000000 0.0219235 1.4001697 2.5599905 1.4001697 0.0219235 2.2747307 
MN432490_AF371960.1_00090          0.0219235 2.4211744 0.0443519 0.0519657 0.0533671 0.0443519 2.6015894 0.0864393 0.0864393 0.0519657 0.0219235 0.0000000 1.4185238 2.5965933 1.4185238 0.0000010 2.2698385 
MN562489_OM037668.1_00087          1.4001697 2.5509413 1.3999460 1.3801002 1.3947686 1.3999460 2.8834829 1.4589038 1.4589038 1.3801002 1.4001697 1.4185238 0.0000000 2.8648134 0.0000010 1.4185238 2.5995216 
MN803438_MN803438.1_00037          2.5599905 1.9641451 2.5056847 2.4715522 2.6027471 2.5056847 0.1247497 2.5468432 2.5468432 2.4715522 2.5599905 2.5965933 2.8648134 0.0000000 2.8648134 2.5965933 2.1399779 
MT521409_OM037668.1_00087          1.4001697 2.5509413 1.3999460 1.3801002 1.3947686 1.3999460 2.8834829 1.4589038 1.4589038 1.3801002 1.4001697 1.4185238 0.0000010 2.8648134 0.0000000 1.4185238 2.5995216 
MT986830_AF371960.1_00090          0.0219235 2.4211744 0.0443519 0.0519657 0.0533671 0.0443519 2.6015894 0.0864393 0.0864393 0.0519657 0.0219235 0.0000010 1.4185238 2.5965933 1.4185238 0.0000000 2.2698385 
NC_005946_NC_005946.1_00049        2.2747307 0.7757422 2.3454654 2.3150155 2.4213045 2.3454654 2.1920994 2.3634739 2.3634739 2.3150155 2.2747307 2.2698385 2.5995216 2.1399779 2.5995216 2.2698385 0.0000000 
