23
KT804738_Megalocytivirus_pagrus1_RSIV                    0.0000000 0.0706659 0.0075397 0.0735631 0.0706988 0.0170625 0.0000010 0.0706988 0.0686325 0.0075397 1.0721103 0.0647039 0.0686325 0.0716583 0.0416343 0.0716583 0.0666095 0.0666095 0.0730605 0.0737543 0.0706659 0.0037556 0.0737229 
MW883596_Megalocytivirus_pagrus1_ISKNV                   0.0706659 0.0000000 0.0707267 0.0718482 0.0037564 0.0686130 0.0706659 0.0037564 0.0018765 0.0707267 1.0671554 0.0691251 0.0018765 0.0310441 0.0268716 0.0310441 0.0037562 0.0037562 0.0056607 0.0720367 0.0000010 0.0664611 0.0330052 
OL774655_Megalocytivirus_pagrus1_RSIV                    0.0075397 0.0707267 0.0000000 0.0798365 0.0707596 0.0132340 0.0075397 0.0707596 0.0686905 0.0000010 1.0535011 0.0708691 0.0686905 0.0717205 0.0457103 0.0717205 0.0666667 0.0666667 0.0731242 0.0800416 0.0707267 0.0037585 0.0737871 
MG570131_Megalocytivirus_pagrus1_TRBIV                   0.0735631 0.0718482 0.0798365 0.0000000 0.0718816 0.0695348 0.0735631 0.0718816 0.0698199 0.0798365 1.0621981 0.0406208 0.0698199 0.0622243 0.0736583 0.0622243 0.0678029 0.0678029 0.0742442 0.0018813 0.0718482 0.0755578 0.0642638 
23043610005_Megalocytivirus_pagrus1_ISKNV                0.0706988 0.0037564 0.0707596 0.0718816 0.0000000 0.0686448 0.0706988 0.0000010 0.0018773 0.0707596 1.0675097 0.0691568 0.0018773 0.0310578 0.0268832 0.0310578 0.0037578 0.0037578 0.0056631 0.0720703 0.0037564 0.0664918 0.0330197 
OQ475017_Megalocytivirus_pagrus1_RSIV                    0.0170625 0.0686130 0.0132340 0.0695348 0.0686448 0.0000000 0.0170625 0.0686448 0.0665807 0.0132340 1.0628011 0.0566730 0.0665807 0.0613045 0.0436688 0.0613045 0.0645596 0.0645596 0.0709960 0.0697173 0.0686130 0.0132308 0.0633598 
ON743042_Megalocytivirus_pagrus1_RSIV                    0.0000010 0.0706659 0.0075397 0.0735631 0.0706988 0.0170625 0.0000000 0.0706988 0.0686325 0.0075397 1.0721103 0.0647039 0.0686325 0.0716583 0.0416343 0.0716583 0.0666095 0.0666095 0.0730605 0.0737543 0.0706659 0.0037556 0.0737229 
MW883594_Megalocytivirus_pagrus1_ISKNV                   0.0706988 0.0037564 0.0707596 0.0718816 0.0000010 0.0686448 0.0706988 0.0000000 0.0018773 0.0707596 1.0675097 0.0691568 0.0018773 0.0310578 0.0268832 0.0310578 0.0037578 0.0037578 0.0056631 0.0720703 0.0037564 0.0664918 0.0330197 
ON212400_Megalocytivirus_pagrus1_ISKNV                   0.0686325 0.0018765 0.0686905 0.0698199 0.0018773 0.0665807 0.0686325 0.0018773 0.0000000 0.0686905 1.0624879 0.0671178 0.0000010 0.0290908 0.0249398 0.0290908 0.0018772 0.0018772 0.0037719 0.0700039 0.0018765 0.0644341 0.0310487 
OL774654_Megalocytivirus_pagrus1_RSIV                    0.0075397 0.0707267 0.0000010 0.0798365 0.0707596 0.0132340 0.0075397 0.0707596 0.0686905 0.0000000 1.0535011 0.0708691 0.0686905 0.0717205 0.0457103 0.0717205 0.0666667 0.0666667 0.0731242 0.0800416 0.0707267 0.0037585 0.0737871 
PQ335173_PQ335174_Threespine_stickleback_iridovirus_TSIV 1.0721103 1.0671554 1.0535011 1.0621981 1.0675097 1.0628011 1.0721103 1.0675097 1.0624879 1.0535011 0.0000000 1.0690767 1.0624879 1.0476764 1.0846451 1.0476764 1.0613762 1.0613762 1.0737075 1.0611541 1.0671554 1.0653334 1.0476764 
GQ273492_Megalocytivirus_pagrus1_TRBIV                   0.0647039 0.0691251 0.0708691 0.0406208 0.0691568 0.0566730 0.0647039 0.0691568 0.0671178 0.0708691 1.0690767 0.0000000 0.0671178 0.0619125 0.0751873 0.0619125 0.0651213 0.0651213 0.0714827 0.0425821 0.0691251 0.0666732 0.0639412 
AF371960_Megalocytivirus_pagrus1_ISKNV                   0.0686325 0.0018765 0.0686905 0.0698199 0.0018773 0.0665807 0.0686325 0.0018773 0.0000010 0.0686905 1.0624879 0.0671178 0.0000000 0.0290908 0.0249398 0.0290908 0.0018772 0.0018772 0.0037719 0.0700039 0.0018765 0.0644341 0.0310487 
PP974677_Megalocytivirus_pagrus1_ISKNV                   0.0716583 0.0310441 0.0717205 0.0622243 0.0310578 0.0613045 0.0716583 0.0310578 0.0290908 0.0717205 1.0476764 0.0619125 0.0290908 0.0000000 0.0498941 0.0000010 0.0310549 0.0310549 0.0331559 0.0623926 0.0310441 0.0674126 0.0018768 
KT781098_Megalocytivirus_pagrus1_ISKNV                   0.0416343 0.0268716 0.0457103 0.0736583 0.0268832 0.0436688 0.0416343 0.0268832 0.0249398 0.0457103 1.0846451 0.0751873 0.0249398 0.0498941 0.0000000 0.0498941 0.0230122 0.0230122 0.0289396 0.0738503 0.0268716 0.0416071 0.0519148 
MW883595_Megalocytivirus_pagrus1_ISKNV                   0.0716583 0.0310441 0.0717205 0.0622243 0.0310578 0.0613045 0.0716583 0.0310578 0.0290908 0.0717205 1.0476764 0.0619125 0.0290908 0.0000010 0.0498941 0.0000000 0.0310549 0.0310549 0.0331559 0.0623926 0.0310441 0.0674126 0.0018768 
OR670976_Megalocytivirus_pagrus1_ISKNV                   0.0666095 0.0037562 0.0666667 0.0678029 0.0037578 0.0645596 0.0666095 0.0037578 0.0018772 0.0666667 1.0613762 0.0651213 0.0018772 0.0310549 0.0230122 0.0310549 0.0000000 0.0000010 0.0056628 0.0679826 0.0037562 0.0624182 0.0330165 
OQ513807_Megalocytivirus_pagrus1_ISKNV                   0.0666095 0.0037562 0.0666667 0.0678029 0.0037578 0.0645596 0.0666095 0.0037578 0.0018772 0.0666667 1.0613762 0.0651213 0.0018772 0.0310549 0.0230122 0.0310549 0.0000010 0.0000000 0.0056628 0.0679826 0.0037562 0.0624182 0.0330165 
MT926123_Megalocytivirus_pagrus1_ISKNV                   0.0730605 0.0056607 0.0731242 0.0742442 0.0056631 0.0709960 0.0730605 0.0056631 0.0037719 0.0731242 1.0737075 0.0714827 0.0037719 0.0331559 0.0289396 0.0331559 0.0056628 0.0056628 0.0000000 0.0744389 0.0056607 0.0688272 0.0351276 
MG570132_Megalocytivirus_pagrus1_TRBIV                   0.0737543 0.0720367 0.0800416 0.0018813 0.0720703 0.0697173 0.0737543 0.0720703 0.0700039 0.0800416 1.0611541 0.0425821 0.0700039 0.0623926 0.0738503 0.0623926 0.0679826 0.0679826 0.0744389 0.0000000 0.0720367 0.0757532 0.0644357 
MW883597_Megalocytivirus_pagrus1_ISKNV                   0.0706659 0.0000010 0.0707267 0.0718482 0.0037564 0.0686130 0.0706659 0.0037564 0.0018765 0.0707267 1.0671554 0.0691251 0.0018765 0.0310441 0.0268716 0.0310441 0.0037562 0.0037562 0.0056607 0.0720367 0.0000000 0.0664611 0.0330052 
MW883598_Megalocytivirus_pagrus1_RSIV                    0.0037556 0.0664611 0.0037585 0.0755578 0.0664918 0.0132308 0.0037556 0.0664918 0.0644341 0.0037585 1.0653334 0.0666732 0.0644341 0.0674126 0.0416071 0.0674126 0.0624182 0.0624182 0.0688272 0.0757532 0.0664611 0.0000000 0.0694704 
MN432490_Megalocytivirus_pagrus1_ISKNV                   0.0737229 0.0330052 0.0737871 0.0642638 0.0330197 0.0633598 0.0737229 0.0330197 0.0310487 0.0737871 1.0476764 0.0639412 0.0310487 0.0018768 0.0519148 0.0018768 0.0330165 0.0330165 0.0351276 0.0644357 0.0330052 0.0694704 0.0000000 
