13
OK042109_Megalocytivirus_pagrus1_RSIV                    0.0000000 0.0513323 0.0513323 0.0111623 0.0111623 1.4649235 1.3703221 0.0000010 0.7873817 1.4649235 0.0571126 0.0167032 0.0167032 
MT128667_Megalocytivirus_pagrus1_ISKNV                   0.0513323 0.0000000 0.0000010 0.0515350 0.0515350 1.4734254 1.3398479 0.0513323 0.7739626 1.4734254 0.0054916 0.0454607 0.0454607 
MW883601_Megalocytivirus_pagrus1_ISKNV                   0.0513323 0.0000010 0.0000000 0.0515350 0.0515350 1.4734254 1.3398479 0.0513323 0.7739626 1.4734254 0.0054916 0.0454607 0.0454607 
OK042108_Megalocytivirus_pagrus1_RSIV                    0.0111623 0.0515350 0.0515350 0.0000000 0.0000010 1.4649235 1.3809375 0.0111623 0.7913029 1.4649235 0.0573385 0.0167675 0.0167675 
AB104413_Megalocytivirus_pagrus1_RSIV                    0.0111623 0.0515350 0.0515350 0.0000010 0.0000000 1.4649235 1.3809375 0.0111623 0.7913029 1.4649235 0.0573385 0.0167675 0.0167675 
MN562489_Megalocytivirus_lates1_SDDV                     1.4649235 1.4734254 1.4734254 1.4649235 1.4649235 0.0000000 0.5255713 1.4649235 1.5033370 0.0000010 1.4626790 1.4620178 1.4620178 
MK637631_European_chub_iridovirus_ECIV                   1.3703221 1.3398479 1.3398479 1.3809375 1.3809375 0.5255713 0.0000000 1.3703221 1.4716430 0.5255713 1.3294934 1.3932927 1.3932927 
MT798582_Megalocytivirus_pagrus1_RSIV                    0.0000010 0.0513323 0.0513323 0.0111623 0.0111623 1.4649235 1.3703221 0.0000000 0.7873817 1.4649235 0.0571126 0.0167032 0.0167032 
PQ335173_PQ335174_Threespine_stickleback_iridovirus_TSIV 0.7873817 0.7739626 0.7739626 0.7913029 0.7913029 1.5033370 1.4716430 0.7873817 0.0000000 1.5033370 0.7644750 0.7684612 0.7684612 
MT521409_Megalocytivirus_lates1_SDDV                     1.4649235 1.4734254 1.4734254 1.4649235 1.4649235 0.0000010 0.5255713 1.4649235 1.5033370 0.0000000 1.4626790 1.4620178 1.4620178 
ON212400_Megalocytivirus_pagrus1_ISKNV                   0.0571126 0.0054916 0.0054916 0.0573385 0.0573385 1.4626790 1.3294934 0.0571126 0.7644750 1.4626790 0.0000000 0.0512119 0.0512119 
MG570132_Megalocytivirus_pagrus1_TRBIV                   0.0167032 0.0454607 0.0454607 0.0167675 0.0167675 1.4620178 1.3932927 0.0167032 0.7684612 1.4620178 0.0512119 0.0000000 0.0000010 
GQ273492_Megalocytivirus_pagrus1_TRBIV                   0.0167032 0.0454607 0.0454607 0.0167675 0.0167675 1.4620178 1.3932927 0.0167032 0.7684612 1.4620178 0.0512119 0.0000010 0.0000000 
