15
OL774655_Megalocytivirus_pagrus1_RSIV     0.0000000 0.0369166 0.0685924 0.0306762 0.0306762 0.0369460 0.0000010 0.0431517 0.0306630 0.0307519 0.0369166 0.0369460 0.0685924 0.0307519 0.0369441 
MT798582_Megalocytivirus_pagrus1_RSIV     0.0369166 0.0000000 0.0814212 0.0306609 0.0306609 0.0369274 0.0369166 0.0060735 0.0557692 0.0060799 0.0000010 0.0369274 0.0814212 0.0060799 0.0369255 
MG570132_Megalocytivirus_pagrus1_TRBIV    0.0685924 0.0814212 0.0000000 0.0749343 0.0749343 0.0814850 0.0685924 0.0878563 0.0490460 0.0879545 0.0814212 0.0814850 0.0000010 0.0879545 0.0814798 
23043610005_Megalocytivirus_pagrus1_ISKNV 0.0306762 0.0306609 0.0749343 0.0000000 0.0000010 0.0060730 0.0306762 0.0368623 0.0494282 0.0369018 0.0306609 0.0060730 0.0749343 0.0369018 0.0060728 
MT128666_Megalocytivirus_pagrus1_ISKNV    0.0306762 0.0306609 0.0749343 0.0000010 0.0000000 0.0060730 0.0306762 0.0368623 0.0494282 0.0369018 0.0306609 0.0060730 0.0749343 0.0369018 0.0060728 
OP009387_Megalocytivirus_pagrus1_ISKNV    0.0369460 0.0369274 0.0814850 0.0060730 0.0060730 0.0000000 0.0369460 0.0431640 0.0558132 0.0432106 0.0369274 0.0000010 0.0814850 0.0432106 0.0121886 
OL774653_Megalocytivirus_pagrus1_RSIV     0.0000010 0.0369166 0.0685924 0.0306762 0.0306762 0.0369460 0.0000000 0.0431517 0.0306630 0.0307519 0.0369166 0.0369460 0.0685924 0.0307519 0.0369441 
OQ475017_Megalocytivirus_pagrus1_RSIV     0.0431517 0.0060735 0.0878563 0.0368623 0.0368623 0.0431640 0.0431517 0.0000000 0.0620853 0.0121818 0.0060735 0.0431640 0.0878563 0.0121818 0.0431617 
GQ273492_Megalocytivirus_pagrus1_TRBIV    0.0306630 0.0557692 0.0490460 0.0494282 0.0494282 0.0558132 0.0306630 0.0620853 0.0000000 0.0621533 0.0557692 0.0558132 0.0490460 0.0621533 0.0558101 
BD143114_Megalocytivirus_pagrus1_RSIV     0.0307519 0.0060799 0.0879545 0.0369018 0.0369018 0.0432106 0.0307519 0.0121818 0.0621533 0.0000000 0.0060799 0.0432106 0.0879545 0.0000010 0.0432083 
ON743042_Megalocytivirus_pagrus1_RSIV     0.0369166 0.0000010 0.0814212 0.0306609 0.0306609 0.0369274 0.0369166 0.0060735 0.0557692 0.0060799 0.0000000 0.0369274 0.0814212 0.0060799 0.0369255 
MT986830_Megalocytivirus_pagrus1_ISKNV    0.0369460 0.0369274 0.0814850 0.0060730 0.0060730 0.0000010 0.0369460 0.0431640 0.0558132 0.0432106 0.0369274 0.0000000 0.0814850 0.0432106 0.0121886 
MG570131_Megalocytivirus_pagrus1_TRBIV    0.0685924 0.0814212 0.0000010 0.0749343 0.0749343 0.0814850 0.0685924 0.0878563 0.0490460 0.0879545 0.0814212 0.0814850 0.0000000 0.0879545 0.0814798 
AB104413_Megalocytivirus_pagrus1_RSIV     0.0307519 0.0060799 0.0879545 0.0369018 0.0369018 0.0432106 0.0307519 0.0121818 0.0621533 0.0000010 0.0060799 0.0432106 0.0879545 0.0000000 0.0432083 
MW883601_Megalocytivirus_pagrus1_ISKNV    0.0369441 0.0369255 0.0814798 0.0060728 0.0060728 0.0121886 0.0369441 0.0431617 0.0558101 0.0432083 0.0369255 0.0121886 0.0814798 0.0432083 0.0000000 
