20
MW883594_Megalocytivirus_pagrus1_ISKNV                   0.0000000 0.0000010 0.2821347 0.0809094 0.2821347 0.4286557 0.4286557 0.4624374 0.0804323 0.4022368 0.0047626 0.0047020 0.0047020 0.4249697 0.2637272 0.0047626 0.4624374 0.0047031 2.9582772 0.0047218 
MW883603_Megalocytivirus_pagrus1_ISKNV                   0.0000010 0.0000000 0.2821347 0.0809094 0.2821347 0.4286557 0.4286557 0.4624374 0.0804323 0.4022368 0.0047626 0.0047020 0.0047020 0.4249697 0.2637272 0.0047626 0.4624374 0.0047031 2.9582772 0.0047218 
MK098185_Megalocytivirus_pagrus1_RSIV                    0.2821347 0.2821347 0.0000000 0.3167643 0.0000010 0.2740802 0.2740802 0.4451148 0.3167643 0.1971638 0.2924163 0.2885800 0.2885800 0.3793386 0.0000010 0.2924163 0.4451148 0.2878600 3.0068639 0.2738369 
MW883595_Megalocytivirus_pagrus1_ISKNV                   0.0809094 0.0809094 0.3167643 0.0000000 0.3167643 0.4491215 0.4491215 0.4865665 0.0000010 0.4193265 0.0871901 0.0860818 0.0860818 0.4432915 0.2771870 0.0871901 0.4865665 0.0755032 3.0998366 0.0753528 
MW139932_Megalocytivirus_pagrus1_RSIV                    0.2821347 0.2821347 0.0000010 0.3167643 0.0000000 0.2740802 0.2740802 0.4451148 0.3167643 0.1971638 0.2924163 0.2885800 0.2885800 0.3793386 0.0000010 0.2924163 0.4451148 0.2878600 3.0068639 0.2738369 
ON075463_Megalocytivirus_pagrus1_RSIV                    0.4286557 0.4286557 0.2740802 0.4491215 0.2740802 0.0000000 0.0000010 0.6401850 0.4491215 0.0500135 0.4422980 0.4362490 0.4362490 0.5841001 0.1139587 0.4422980 0.6401850 0.4364204 2.7266794 0.4177721 
MW883598_Megalocytivirus_pagrus1_RSIV                    0.4286557 0.4286557 0.2740802 0.4491215 0.2740802 0.0000010 0.0000000 0.6401850 0.4491215 0.0500135 0.4422980 0.4362490 0.4362490 0.5841001 0.1139587 0.4422980 0.6401850 0.4364204 2.7266794 0.4177721 
MG570132_Megalocytivirus_pagrus1_TRBIV                   0.4624374 0.4624374 0.4451148 0.4865665 0.4451148 0.6401850 0.6401850 0.0000000 0.4865665 0.6393533 0.4502773 0.4701799 0.4701799 0.1172056 0.4176701 0.4502773 0.0000010 0.4703524 3.2215518 0.4511098 
MN432490_Megalocytivirus_pagrus1_ISKNV                   0.0804323 0.0804323 0.3167643 0.0000010 0.3167643 0.4491215 0.4491215 0.4865665 0.0000000 0.4193265 0.0866690 0.0855734 0.0855734 0.4432915 0.2771870 0.0866690 0.4865665 0.0750600 3.1836801 0.0749115 
OK042108_Megalocytivirus_pagrus1_RSIV                    0.4022368 0.4022368 0.1971638 0.4193265 0.1971638 0.0500135 0.0500135 0.6393533 0.4193265 0.0000000 0.4153280 0.4096557 0.4096557 0.5827578 0.0510201 0.4153280 0.6393533 0.4098226 2.8761198 0.3917887 
OR670976_Megalocytivirus_pagrus1_ISKNV                   0.0047626 0.0047626 0.2924163 0.0871901 0.2924163 0.4422980 0.4422980 0.4502773 0.0866690 0.4153280 0.0000000 0.0095375 0.0095375 0.4134662 0.2749023 0.0000010 0.4502773 0.0095398 2.9582772 0.0095784 
MW883601_Megalocytivirus_pagrus1_ISKNV                   0.0047020 0.0047020 0.2885800 0.0860818 0.2885800 0.4362490 0.4362490 0.4701799 0.0855734 0.4096557 0.0095375 0.0000000 0.0000010 0.4324421 0.2708540 0.0095375 0.4701799 0.0094188 2.8735676 0.0094565 
MT986830_Megalocytivirus_pagrus1_ISKNV                   0.0047020 0.0047020 0.2885800 0.0860818 0.2885800 0.4362490 0.4362490 0.4701799 0.0855734 0.4096557 0.0095375 0.0000010 0.0000000 0.4324421 0.2708540 0.0095375 0.4701799 0.0094188 2.8735676 0.0094565 
GQ273492_Megalocytivirus_pagrus1_TRBIV                   0.4249697 0.4249697 0.3793386 0.4432915 0.3793386 0.5841001 0.5841001 0.1172056 0.4432915 0.5827578 0.4134662 0.4324421 0.4324421 0.0000000 0.3596067 0.4134662 0.1172056 0.4326108 3.1929397 0.4142897 
OQ475017_Megalocytivirus_pagrus1_RSIV                    0.2637272 0.2637272 0.0000010 0.2771870 0.0000010 0.1139587 0.1139587 0.4176701 0.2771870 0.0510201 0.2749023 0.2708540 0.2708540 0.3596067 0.0000000 0.2749023 0.4176701 0.2699408 3.0068639 0.2547023 
OQ513807_Megalocytivirus_pagrus1_ISKNV                   0.0047626 0.0047626 0.2924163 0.0871901 0.2924163 0.4422980 0.4422980 0.4502773 0.0866690 0.4153280 0.0000010 0.0095375 0.0095375 0.4134662 0.2749023 0.0000000 0.4502773 0.0095398 2.9582772 0.0095784 
MG570131_Megalocytivirus_pagrus1_TRBIV                   0.4624374 0.4624374 0.4451148 0.4865665 0.4451148 0.6401850 0.6401850 0.0000010 0.4865665 0.6393533 0.4502773 0.4701799 0.4701799 0.1172056 0.4176701 0.4502773 0.0000000 0.4703524 3.2215518 0.4511098 
MW883602_Megalocytivirus_pagrus1_ISKNV                   0.0047031 0.0047031 0.2878600 0.0755032 0.2878600 0.4364204 0.4364204 0.4703524 0.0750600 0.4098226 0.0095398 0.0094188 0.0094188 0.4326108 0.2699408 0.0095398 0.4703524 0.0000000 2.9582772 0.0094587 
PQ335173_PQ335174_Threespine_stickleback_iridovirus_TSIV 2.9582772 2.9582772 3.0068639 3.0998366 3.0068639 2.7266794 2.7266794 3.2215518 3.1836801 2.8761198 2.9582772 2.8735676 2.8735676 3.1929397 3.0068639 2.9582772 3.2215518 2.9582772 0.0000000 3.0048962 
MW883600_Megalocytivirus_pagrus1_ISKNV                   0.0047218 0.0047218 0.2738369 0.0753528 0.2738369 0.4177721 0.4177721 0.4511098 0.0749115 0.3917887 0.0095784 0.0094565 0.0094565 0.4142897 0.2547023 0.0095784 0.4511098 0.0094587 3.0048962 0.0000000 
