16
AF371960_AF371960.1_00035 0.0000000 0.2958789 0.3464825 0.4927778 0.2958789 0.5163566 0.5163566 0.3464825 0.3496282 0.3496282 0.0000010 0.0355506 0.0088164 0.4063494 0.4063494 0.0355506 
AY894343_MK689686.1_00033 0.2958789 0.0000000 0.0831173 0.4340615 0.0000010 0.4220197 0.4220197 0.0831173 0.0925205 0.0925205 0.2958789 0.3104465 0.3078887 0.1362062 0.1362062 0.3104465 
BD143114_MK689686.1_00033 0.3464825 0.0831173 0.0000000 0.4766954 0.0831173 0.4874326 0.4874326 0.0000010 0.0088390 0.0088390 0.3464825 0.3615474 0.3588689 0.1047501 0.1047501 0.3615474 
GQ273492_GQ273492.1_00034 0.4927778 0.4340615 0.4766954 0.0000000 0.4340615 0.1800707 0.1800707 0.4766954 0.4810223 0.4810223 0.4927778 0.5049290 0.5076623 0.3385863 0.3385863 0.5049290 
KC244182_MK689686.1_00033 0.2958789 0.0000010 0.0831173 0.4340615 0.0000000 0.4220197 0.4220197 0.0831173 0.0925205 0.0925205 0.2958789 0.3104465 0.3078887 0.1362062 0.1362062 0.3104465 
MG570131_MG570131.1_00035 0.5163566 0.4220197 0.4874326 0.1800707 0.4220197 0.0000000 0.0000010 0.4874326 0.4919780 0.4919780 0.5163566 0.5289957 0.5315042 0.3705231 0.3705231 0.5289957 
MG570132_MG570132.1_00035 0.5163566 0.4220197 0.4874326 0.1800707 0.4220197 0.0000010 0.0000000 0.4874326 0.4919780 0.4919780 0.5163566 0.5289957 0.5315042 0.3705231 0.3705231 0.5289957 
MK098185_MK689686.1_00033 0.3464825 0.0831173 0.0000010 0.4766954 0.0831173 0.4874326 0.4874326 0.0000000 0.0088390 0.0088390 0.3464825 0.3615474 0.3588689 0.1047501 0.1047501 0.3615474 
MK098186_MK689686.1_00033 0.3496282 0.0925205 0.0088390 0.4810223 0.0925205 0.4919780 0.4919780 0.0088390 0.0000000 0.0000010 0.3496282 0.3648765 0.3621651 0.1145032 0.1145032 0.3648765 
MK098187_MK689686.1_00033 0.3496282 0.0925205 0.0088390 0.4810223 0.0925205 0.4919780 0.4919780 0.0088390 0.0000010 0.0000000 0.3496282 0.3648765 0.3621651 0.1145032 0.1145032 0.3648765 
MK689685_AF371960.1_00035 0.0000010 0.2958789 0.3464825 0.4927778 0.2958789 0.5163566 0.5163566 0.3464825 0.3496282 0.3496282 0.0000000 0.0355506 0.0088164 0.4063494 0.4063494 0.0355506 
MN432490_AF371960.1_00035 0.0355506 0.3104465 0.3615474 0.5049290 0.3104465 0.5289957 0.5289957 0.3615474 0.3648765 0.3648765 0.0355506 0.0000000 0.0447130 0.4227492 0.4227492 0.0000010 
MT926123_AF371960.1_00035 0.0088164 0.3078887 0.3588689 0.5076623 0.3078887 0.5315042 0.5315042 0.3588689 0.3621651 0.3621651 0.0088164 0.0447130 0.0000000 0.4198732 0.4198732 0.0447130 
MW139932_MK689686.1_00033 0.4063494 0.1362062 0.1047501 0.3385863 0.1362062 0.3705231 0.3705231 0.1047501 0.1145032 0.1145032 0.4063494 0.4227492 0.4198732 0.0000000 0.0000010 0.4227492 
OK042108_MK689686.1_00033 0.4063494 0.1362062 0.1047501 0.3385863 0.1362062 0.3705231 0.3705231 0.1047501 0.1145032 0.1145032 0.4063494 0.4227492 0.4198732 0.0000010 0.0000000 0.4227492 
OP009387_AF371960.1_00035 0.0355506 0.3104465 0.3615474 0.5049290 0.3104465 0.5289957 0.5289957 0.3615474 0.3648765 0.3648765 0.0355506 0.0000010 0.0447130 0.4227492 0.4227492 0.0000000 
