23
Chlor_AMIV_KF938901_1_Chlor_AMIV_KF938901.1_00124             0.0000000 0.5892979 2.4385257 2.3794110 1.6099310 1.5689065 3.2932014 3.4389461 3.4732872 3.4732872 4.0743839 4.1243204 4.0305681 4.1243204 4.0743839 4.0303081 4.0303081 4.0305681 3.9447672 4.0511946 4.0511946 4.0729990 4.8125469 
Chlor_IIV22_HF920633_1_Chlor_IIV22_HF920633.1_00097           0.5892979 0.0000000 2.3022181 2.1527416 1.6248978 1.7608620 2.6210527 3.2698435 3.1486534 3.1486534 3.8360160 3.9845330 3.7158380 3.9845330 3.8360160 3.8022000 3.8022000 3.7158380 3.8770092 3.8920728 3.8920728 4.1785103 4.3727231 
Daphi_LS484712_1_Daphi_LS484712.1_00096                       2.4385257 2.3022181 0.0000000 2.4782935 2.7469926 3.1113166 3.2555852 2.9355900 3.6178857 3.6178857 3.7545117 3.8370302 3.6662785 3.8370302 3.7545117 3.6838867 3.6838867 3.6662785 3.6412060 3.5343684 3.5343684 3.8892988 4.7054615 
Decap_MF599468_1_Decap_MF599468.1_00116                       2.3794110 2.1527416 2.4782935 0.0000000 1.6397236 1.6777328 2.3520072 2.5734638 3.0155517 3.0155517 3.3951141 3.3093046 3.3500515 3.3093046 3.3951141 3.3388819 3.3388819 3.3500515 3.1691837 3.1961734 3.1961734 3.4566748 3.8353675 
Irido_IIV31_HF920637_1_Irido_IIV31_HF920637.1_00041           1.6099310 1.6248978 2.7469926 1.6397236 0.0000000 0.4414962 2.3214575 2.5916963 2.7762130 2.7762130 2.9854396 2.9697425 2.9164332 2.9697425 2.9854396 2.9242934 2.9242934 2.9164332 3.0553887 2.9339500 2.9339500 3.3610812 3.5669786 
Irido_IIV6_AF303741_1_Irido_IIV6_AF303741.1_00158             1.5689065 1.7608620 3.1113166 1.6777328 0.4414962 0.0000000 2.5241375 2.5337143 2.8603166 2.8603166 3.1157858 3.1186813 3.0691440 3.1186813 3.1157858 3.0772257 3.0772257 3.0691440 3.1576777 3.1012105 3.1012105 3.5698078 3.8847011 
Lymph_LCD4_MN803438_1_Lymph_LCD4_MN803438.1_00089             3.2932014 2.6210527 3.2555852 2.3520072 2.3214575 2.5241375 0.0000000 0.6114206 2.3001719 2.3001719 2.6534715 2.6387664 2.5734774 2.6387664 2.6534715 2.5992843 2.5992843 2.5734774 2.6440434 2.5479817 2.5479817 2.3206592 2.8459750 
Lymph_LDV1_L63545_1_Lymph_LDV1_L63545.1_00043                 3.4389461 3.2698435 2.9355900 2.5734638 2.5916963 2.5337143 0.6114206 0.0000000 2.1504247 2.1504247 2.4392463 2.3714845 2.4129909 2.3714845 2.4392463 2.3840565 2.3840565 2.4129909 2.3912436 2.3461213 2.3461213 1.8252010 2.5620950 
MCV_ML1_SDDV_MN562489_1_MCV_ML1_SDDV_MN562489.1_00124         3.4732872 3.1486534 3.6178857 3.0155517 2.7762130 2.8603166 2.3001719 2.1504247 0.0000000 0.0000010 1.2010262 1.2069177 1.1986763 1.2069177 1.2010262 1.1846595 1.1846595 1.1986763 1.1443892 1.0981842 1.0981842 3.1731783 2.6467566 
MCV_ML1_SDDV_MT521409_1_MCV_ML1_SDDV_MT521409.1_00125         3.4732872 3.1486534 3.6178857 3.0155517 2.7762130 2.8603166 2.3001719 2.1504247 0.0000010 0.0000000 1.2010262 1.2069177 1.1986763 1.2069177 1.2010262 1.1846595 1.1846595 1.1986763 1.1443892 1.0981842 1.0981842 3.1731783 2.6467566 
MCV_MP1_BCFI_MN432490_1_MCV_MP1_BCFI_MN432490.1_00005         4.0743839 3.8360160 3.7545117 3.3951141 2.9854396 3.1157858 2.6534715 2.4392463 1.2010262 1.2010262 0.0000000 0.0213966 0.0269927 0.0213966 0.0000010 0.0331778 0.0331778 0.0269927 0.0466447 0.0394980 0.0394980 3.1022627 2.6749329 
MCV_MP1_BCFI_MT926123_1_MCV_MP1_BCFI_MT926123.1_00005         4.1243204 3.9845330 3.8370302 3.3093046 2.9697425 3.1186813 2.6387664 2.3714845 1.2069177 1.2069177 0.0213966 0.0000000 0.0376795 0.0000010 0.0213966 0.0329995 0.0329995 0.0376795 0.0636061 0.0561336 0.0561336 3.0660950 2.6495344 
MCV_MP1_GSPI_KT804738_1_MCV_MP1_GSPI_KT804738.1_00005         4.0305681 3.7158380 3.6662785 3.3500515 2.9164332 3.0691440 2.5734774 2.4129909 1.1986763 1.1986763 0.0269927 0.0376795 0.0000000 0.0376795 0.0269927 0.0103716 0.0103716 0.0000010 0.0512036 0.0441151 0.0441151 3.0664041 2.6427044 
MCV_MP1_ISKNV_AF371960_1_MCV_MP1_ISKNV_AF371960.1_00005       4.1243204 3.9845330 3.8370302 3.3093046 2.9697425 3.1186813 2.6387664 2.3714845 1.2069177 1.2069177 0.0213966 0.0000010 0.0376795 0.0000000 0.0213966 0.0329995 0.0329995 0.0376795 0.0636061 0.0561336 0.0561336 3.0660950 2.6495344 
MCV_MP1_LBUSV_OP009387_1_MCV_MP1_LBUSV_OP009387.1_00005       4.0743839 3.8360160 3.7545117 3.3951141 2.9854396 3.1157858 2.6534715 2.4392463 1.2010262 1.2010262 0.0000010 0.0213966 0.0269927 0.0213966 0.0000000 0.0331778 0.0331778 0.0269927 0.0466447 0.0394980 0.0394980 3.1022627 2.6749329 
MCV_MP1_LYCI_AY779031_1_MCV_MP1_LYCI_AY779031.1_00005         4.0303081 3.8022000 3.6838867 3.3388819 2.9242934 3.0772257 2.5992843 2.3840565 1.1846595 1.1846595 0.0331778 0.0329995 0.0103716 0.0329995 0.0331778 0.0000000 0.0000010 0.0103716 0.0568667 0.0496558 0.0496558 3.0540661 2.6293788 
MCV_MP1_LYCI_MW139932_1_MCV_MP1_LYCI_MW139932.1_00005         4.0303081 3.8022000 3.6838867 3.3388819 2.9242934 3.0772257 2.5992843 2.3840565 1.1846595 1.1846595 0.0331778 0.0329995 0.0103716 0.0329995 0.0331778 0.0000010 0.0000000 0.0103716 0.0568667 0.0496558 0.0496558 3.0540661 2.6293788 
MCV_MP1_OSGI_AY894343_1_MCV_MP1_OSGI_AY894343.1_00005         4.0305681 3.7158380 3.6662785 3.3500515 2.9164332 3.0691440 2.5734774 2.4129909 1.1986763 1.1986763 0.0269927 0.0376795 0.0000010 0.0376795 0.0269927 0.0103716 0.0103716 0.0000000 0.0512036 0.0441151 0.0441151 3.0664041 2.6427044 
MCV_MP1_TRBIV_GQ273492_1_MCV_MP1_TRBIV_GQ273492.1_00005       3.9447672 3.8770092 3.6412060 3.1691837 3.0553887 3.1576777 2.6440434 2.3912436 1.1443892 1.1443892 0.0466447 0.0636061 0.0512036 0.0636061 0.0466447 0.0568667 0.0568667 0.0512036 0.0000000 0.0217230 0.0217230 3.0609512 2.7009914 
MCV_Unclassified_MG570131_1_MCV_Unclassified_MG570131.1_00005 4.0511946 3.8920728 3.5343684 3.1961734 2.9339500 3.1012105 2.5479817 2.3461213 1.0981842 1.0981842 0.0394980 0.0561336 0.0441151 0.0561336 0.0394980 0.0496558 0.0496558 0.0441151 0.0217230 0.0000000 0.0000010 3.1207189 2.7399482 
MCV_Unclassified_MG570132_1_MCV_Unclassified_MG570132.1_00005 4.0511946 3.8920728 3.5343684 3.1961734 2.9339500 3.1012105 2.5479817 2.3461213 1.0981842 1.0981842 0.0394980 0.0561336 0.0441151 0.0561336 0.0394980 0.0496558 0.0496558 0.0441151 0.0217230 0.0000010 0.0000000 3.1207189 2.7399482 
Rana_FV3_NC_005946_1_Rana_FV3_NC_005946.1_00038               4.0729990 4.1785103 3.8892988 3.4566748 3.3610812 3.5698078 2.3206592 1.8252010 3.1731783 3.1731783 3.1022627 3.0660950 3.0664041 3.0660950 3.1022627 3.0540661 3.0540661 3.0664041 3.0609512 3.1207189 3.1207189 0.0000000 1.3898905 
Rana_SGIV_AY521625_1_Rana_SGIV_AY521625.1_00054               4.8125469 4.3727231 4.7054615 3.8353675 3.5669786 3.8847011 2.8459750 2.5620950 2.6467566 2.6467566 2.6749329 2.6495344 2.6427044 2.6495344 2.6749329 2.6293788 2.6293788 2.6427044 2.7009914 2.7399482 2.7399482 1.3898905 0.0000000 
