7
OQ475017_Megalocytivirus_pagrus1_RSIV                    0.0000000 0.0140476 0.0140476 0.0000010 0.2781518 0.4021809 0.4021809 
MT128667_Megalocytivirus_pagrus1_ISKNV                   0.0140476 0.0000000 0.0000010 0.0140476 0.2706613 0.4021809 0.4021809 
MW883593_Megalocytivirus_pagrus1_ISKNV                   0.0140476 0.0000010 0.0000000 0.0140476 0.2706613 0.4021809 0.4021809 
MK689686_Megalocytivirus_pagrus1_RSIV                    0.0000010 0.0140476 0.0140476 0.0000000 0.2781518 0.4021809 0.4021809 
PQ335173_PQ335174_Threespine_stickleback_iridovirus_TSIV 0.2781518 0.2706613 0.2706613 0.2781518 0.0000000 0.4531505 0.4531505 
MT521409_Megalocytivirus_lates1_SDDV                     0.4021809 0.4021809 0.4021809 0.4021809 0.4531505 0.0000000 0.0000010 
OM037668_Megalocytivirus_lates1_SDDV                     0.4021809 0.4021809 0.4021809 0.4021809 0.4531505 0.0000010 0.0000000 
